time_stamp,max_are,compl,dim_penalty,age,minus_spearman,valid,max_ae,q75_are,n_params,eqs_orig,minus_r2,mse,mare,ms_processed_e,recursive_compl,mae,eqs_orig_rounded
866.3703110218048,0.998533031115817,1.0,5.0,1828.0,-0.5586206896551724,true,53776.00394001633,0.991007306072893,0.0,v1,0.2705707410147318,1.7372046613110146e8,0.980952816458107,1.7372046613110146e8,2.0,6106.510327816403,v1
1614.6879909038544,6.617057512609683,1.0,5.0,364.0,-0.19688542825361513,true,53550.96572912947,0.9261797182022504,0.0,v2,0.2466358518168572,1.7044793672834638e8,1.0041317626885122,1.7044793672834638e8,2.0,5818.907408639832,v2
298.09583592414856,6.617057512609683,1.0,5.0,2947.0,-0.19688542825361513,true,53550.96572912947,0.9261797182022504,0.0,v2,0.2466358518168572,1.7044793672834638e8,1.0041317626885122,1.7044793672834638e8,2.0,5818.907408639832,v2
298.09583592414856,6.617057512609683,1.0,5.0,2947.0,-0.19688542825361513,true,53550.96572912947,0.9261797182022504,0.0,v2,0.2466358518168572,1.7044793672834638e8,1.0041317626885122,1.7044793672834638e8,2.0,5818.907408639832,v2
866.3703110218048,0.998533031115817,1.0,5.0,1828.0,-0.5586206896551724,true,53776.00394001633,0.991007306072893,0.0,v1,0.2705707410147318,1.7372046613110146e8,0.980952816458107,1.7372046613110146e8,2.0,6106.510327816403,v1
22.56121301651001,0.999821391266742,2.0,4.5,3464.0,-0.5586206896551724,true,53858.95384123341,0.9987639703173476,0.0,sqrt_abs(v1),0.27601317084569477,1.7446458955264792e8,0.9959958557708274,1.7446458955264792e8,4.0,6144.890907437179,sqrt_abs(v1)
30.090423107147217,1.877015788866796,2.0,6.0,3458.0,-0.5586206896551724,true,45299.12980309314,0.8298326555615202,0.0,pow2(v1),-0.09918412541553401,1.2316524265790157e8,0.6148112068725003,1.2316524265790157e8,4.0,4597.039148980268,pow2(v1)
28.805275917053223,0.99966916514379,2.0,4.5,3460.0,-0.19688542825361513,true,53850.7536368758,0.9954300080322307,0.0,sqrt_abs(v2),0.2750719734646552,1.743359030950761e8,0.9750942011664185,1.743359030950761e8,4.0,6132.367624690412,sqrt_abs(v2)
1386.3492529392242,159.6166651019355,2.0,0.0,815.0,-0.43228960753537937,true,47016.77933073639,4.563539375940998,1.0,6851.79590848291,0.0035896723851192025,1.3721712618052557e8,8.502995502060113,1.3721712618052557e8,1.0,6911.420849658146,6850.0
1080.8239500522614,0.9999639260398182,2.0,5.5,1410.0,-0.7704115684093437,true,53866.63198638107,0.9990454472123365,0.0,sqrt_abs(v3),0.27639797088202744,1.7451720184688792e8,0.987527868768862,1.7451720184688792e8,4.0,6144.275261252342,sqrt_abs(v3)
34.964070081710815,0.999821391266742,2.0,4.5,3452.0,-0.5586206896551724,true,53858.95384123341,0.9987639703173476,0.0,sqrt_abs(v1),0.27601317084569477,1.7446458955264792e8,0.9959958557708274,1.7446458955264792e8,4.0,6144.890907437179,sqrt_abs(v1)
59.24404311180115,159.61681017640205,2.0,0.0,3405.0,100.0,true,47016.77314195993,4.563544401120089,1.0,6851.80209725937,0.0035897358068446295,1.372171348519449e8,8.503003784412673,1.372171348519449e8,1.0,6911.4249755091205,6850.0
24.79512095451355,0.99966916514379,2.0,4.5,3464.0,-0.19688542825361513,true,53850.7536368758,0.9954300080322307,0.0,sqrt_abs(v2),0.2750719734646552,1.743359030950761e8,0.9750942011664185,1.743359030950761e8,4.0,6132.367624690412,sqrt_abs(v2)
30.090423107147217,1.877015788866796,2.0,6.0,3458.0,-0.5586206896551724,true,45299.12980309314,0.8298326555615202,0.0,pow2(v1),-0.09918412541553401,1.2316524265790157e8,0.6148112068725003,1.2316524265790157e8,4.0,4597.039148980268,pow2(v1)
25.526158094406128,0.999821391266742,2.0,4.5,3463.0,-0.5586206896551724,true,53858.95384123341,0.9987639703173476,0.0,sqrt_abs(v1),0.27601317084569477,1.7446458955264792e8,0.9959958557708274,1.7446458955264792e8,4.0,6144.890907437179,sqrt_abs(v1)
46.33361005783081,159.6223650208315,2.0,0.0,3433.0,-0.43228960753537937,true,47016.5361761363,4.5637368132567175,1.0,6852.039063083,0.0035921646212382363,1.3721746693480733e8,8.503320912444098,1.3721746693480733e8,1.0,6911.582952724872,6850.0
29.279292106628418,0.99966916514379,2.0,4.5,3459.0,-0.19688542825361513,true,53850.7536368758,0.9954300080322307,0.0,sqrt_abs(v2),0.2750719734646552,1.743359030950761e8,0.9750942011664185,1.743359030950761e8,4.0,6132.367624690412,sqrt_abs(v2)
28.585793018341064,1.877015788866796,2.0,6.0,3461.0,-0.5586206896551724,true,45299.12980309314,0.8298326555615202,0.0,pow2(v1),-0.09918412541553401,1.2316524265790157e8,0.6148112068725003,1.2316524265790157e8,4.0,4597.039148980268,pow2(v1)
1343.3254470825195,0.9999639260398182,2.0,5.5,899.0,-0.7704115684093437,true,53866.63198638107,0.9990454472123365,0.0,sqrt_abs(v3),0.27639797088202744,1.7451720184688792e8,0.987527868768862,1.7451720184688792e8,4.0,6144.275261252342,sqrt_abs(v3)
28.02362298965454,0.999821391266742,2.0,4.5,3462.0,-0.5586206896551724,true,53858.95384123341,0.9987639703173476,0.0,sqrt_abs(v1),0.27601317084569477,1.7446458955264792e8,0.9959958557708274,1.7446458955264792e8,4.0,6144.890907437179,sqrt_abs(v1)
1386.3492529392242,159.6166651019355,2.0,0.0,815.0,-0.43228960753537937,true,47016.77933073639,4.563539375940998,1.0,6851.79590848291,0.0035896723851192025,1.3721712618052557e8,8.502995502060113,1.3721712618052557e8,1.0,6911.420849658146,6850.0
25.590909957885742,0.99966916514379,2.0,4.5,3463.0,-0.19688542825361513,true,53850.7536368758,0.9954300080322307,0.0,sqrt_abs(v2),0.2750719734646552,1.743359030950761e8,0.9750942011664185,1.743359030950761e8,4.0,6132.367624690412,sqrt_abs(v2)
28.585793018341064,1.877015788866796,2.0,6.0,3461.0,-0.5586206896551724,true,45299.12980309314,0.8298326555615202,0.0,pow2(v1),-0.09918412541553401,1.2316524265790157e8,0.6148112068725003,1.2316524265790157e8,4.0,4597.039148980268,pow2(v1)
1669.8031520843506,0.9999639260398182,2.0,5.5,256.0,-0.7704115684093437,true,53866.63198638107,0.9990454472123365,0.0,sqrt_abs(v3),0.27639797088202744,1.7451720184688792e8,0.987527868768862,1.7451720184688792e8,4.0,6144.275261252342,sqrt_abs(v3)
96.06172299385071,14.234115025219364,3.0,5.0,3331.0,-0.19688542825361513,true,53233.35621903965,0.867080670605181,0.0,(v2+v2),0.21839449109222264,1.665865993065969e8,1.1415968587103573,1.665865993065969e8,4.0,5506.230271079376,(v2+v2)
29.81669306755066,0.9937603286609515,3.0,5.5,3458.0,-0.5586206896551724,true,52977.9099275162,0.9523508460496908,0.0,pow3(sqrt_abs(v1)),0.2236916825327595,1.673108648169933e8,0.8827506044521357,1.673108648169933e8,16.0,5811.138440404002,pow3(sqrt_abs(v1))
84.43017196655273,0.9999814363013025,3.0,4.0,3354.0,100.0,true,53867.5752392193,0.9997522227412131,0.0,(v3/v3),0.2766492895346937,1.7455156372228712e8,0.9986388916803846,1.7455156372228712e8,5.0,6150.222780473148,(v3/v3)
67.88159203529358,136.30544471501622,3.0,5.5,3387.0,-0.19688542825361513,true,48208.26484988467,4.500222769630072,0.0,pow3(sqrt_abs(v2)),0.03365583122557525,1.413279615397314e8,7.529172008308733,1.413279615397314e8,16.0,6827.7422029641775,pow3(sqrt_abs(v2))
51.71892690658569,0.9970660622316341,3.0,5.0,3421.0,-0.5586206896551724,true,53683.43264081336,0.982014612145786,0.0,(v1+v1),0.26444217359723643,1.7288252963995188e8,0.961905632916214,1.7288252963995188e8,4.0,6061.797875159658,(v1+v1)
29.132097005844116,136.30544471501622,3.0,5.5,3459.0,-0.19688542825361513,true,48208.26484988467,4.500222769630073,0.0,sqrt_abs(pow3(v2)),0.03365583122557525,1.413279615397314e8,7.529172008308733,1.413279615397314e8,16.0,6827.742202964178,sqrt_abs(pow3(v2))
29.132097005844116,136.30544471501622,3.0,5.5,3459.0,-0.19688542825361513,true,48208.26484988467,4.500222769630073,0.0,sqrt_abs(pow3(v2)),0.03365583122557525,1.413279615397314e8,7.529172008308733,1.413279615397314e8,16.0,6827.742202964178,sqrt_abs(pow3(v2))
36.2942590713501,0.9970660622316341,3.0,5.0,3449.0,-0.5586206896551724,true,53683.43264081336,0.982014612145786,0.0,(v1+v1),0.26444217359723643,1.7288252963995188e8,0.961905632916214,1.7288252963995188e8,4.0,6061.797875159658,(v1+v1)
33.725691080093384,136.30544471501622,3.0,5.5,3455.0,-0.19688542825361513,true,48208.26484988467,4.500222769630072,0.0,pow3(sqrt_abs(v2)),0.03365583122557525,1.413279615397314e8,7.529172008308733,1.413279615397314e8,16.0,6827.7422029641775,pow3(sqrt_abs(v2))
84.43017196655273,0.9999814363013025,3.0,4.0,3354.0,100.0,true,53867.5752392193,0.9997522227412131,0.0,(v3/v3),0.2766492895346937,1.7455156372228712e8,0.9986388916803846,1.7455156372228712e8,5.0,6150.222780473148,(v3/v3)
25.145445108413696,0.9937603286609515,3.0,5.5,3464.0,-0.5586206896551724,true,52977.9099275162,0.9523508460496908,0.0,sqrt_abs(pow3(v1)),0.2236916825327595,1.673108648169933e8,0.8827506044521357,1.673108648169933e8,16.0,5811.138440404002,sqrt_abs(pow3(v1))
1799.6960520744324,20.445630025970615,3.0,8.5,0.0,-0.7704115684093437,true,53861.23706645778,0.9872410321905631,0.0,sqrt_abs(pow3(v3)),0.26612978374033336,1.7311327037027302e8,1.4512764854851052,1.7311327037027302e8,16.0,5798.078841749521,sqrt_abs(pow3(v3))
27.94423007965088,136.30544471501622,3.0,5.5,3462.0,-0.19688542825361513,true,48208.26484988467,4.500222769630072,0.0,pow3(sqrt_abs(v2)),0.03365583122557525,1.413279615397314e8,7.529172008308733,1.413279615397314e8,16.0,6827.7422029641775,pow3(sqrt_abs(v2))
25.145445108413696,0.9937603286609515,3.0,5.5,3464.0,-0.5586206896551724,true,52977.9099275162,0.9523508460496908,0.0,sqrt_abs(pow3(v1)),0.2236916825327595,1.673108648169933e8,0.8827506044521357,1.673108648169933e8,16.0,5811.138440404002,sqrt_abs(pow3(v1))
49.25534510612488,0.9999814363013025,3.0,4.0,3427.0,100.0,true,53867.5752392193,0.9997522227412131,0.0,(v3/v3),0.2766492895346937,1.7455156372228712e8,0.9986388916803846,1.7455156372228712e8,5.0,6150.222780473148,(v3/v3)
1792.086597919464,2.385641736587863,3.0,8.0,15.0,-0.1692992213570634,true,53519.00457453583,1.3839681598728162,0.0,(v1*v3),0.24041430247632256,1.6959728716071022e8,1.025423315974548,1.6959728716071022e8,5.0,5732.61558393567,(v1*v3)
36.38530993461609,136.30544471501622,3.0,5.5,3449.0,-0.19688542825361513,true,48208.26484988467,4.500222769630073,0.0,sqrt_abs(pow3(v2)),0.03365583122557525,1.413279615397314e8,7.529172008308733,1.413279615397314e8,16.0,6827.742202964178,sqrt_abs(pow3(v2))
725.250636100769,0.9970660622316341,3.0,5.0,2103.0,-0.5586206896551724,true,53683.43264081336,0.982014612145786,0.0,(v1+v1),0.26444217359723643,1.7288252963995188e8,0.961905632916214,1.7288252963995188e8,4.0,6061.797875159658,(v1+v1)
35.92362904548645,14.234115025219364,3.0,5.0,3450.0,-0.19688542825361513,true,53233.35621903965,0.867080670605181,0.0,(v2+v2),0.21839449109222264,1.665865993065969e8,1.1415968587103573,1.665865993065969e8,4.0,5506.230271079376,(v2+v2)
25.145445108413696,0.9937603286609515,3.0,5.5,3464.0,-0.5586206896551724,true,52977.9099275162,0.9523508460496908,0.0,sqrt_abs(pow3(v1)),0.2236916825327595,1.673108648169933e8,0.8827506044521357,1.673108648169933e8,16.0,5811.138440404002,sqrt_abs(pow3(v1))
120.26887392997742,0.9970660622316341,3.0,5.0,3289.0,-0.5586206896551724,true,53683.43264081336,0.982014612145786,0.0,(v1+v1),0.26444217359723643,1.7288252963995188e8,0.961905632916214,1.7288252963995188e8,4.0,6061.797875159658,(v1+v1)
41.64387011528015,0.9999814363013025,3.0,4.0,3443.0,100.0,true,53867.5752392193,0.9997522227412131,0.0,(v3/v3),0.2766492895346937,1.7455156372228712e8,0.9986388916803846,1.7455156372228712e8,5.0,6150.222780473148,(v3/v3)
67.88159203529358,136.30544471501622,3.0,5.5,3387.0,-0.19688542825361513,true,48208.26484988467,4.500222769630072,0.0,pow3(sqrt_abs(v2)),0.03365583122557525,1.413279615397314e8,7.529172008308733,1.413279615397314e8,16.0,6827.7422029641775,pow3(sqrt_abs(v2))
29.451852083206177,14.234115025219364,3.0,5.0,3459.0,-0.19688542825361513,true,53233.35621903965,0.867080670605181,0.0,(v2+v2),0.21839449109222264,1.665865993065969e8,1.1415968587103573,1.665865993065969e8,4.0,5506.230271079376,(v2+v2)
29.132097005844116,136.30544471501622,3.0,5.5,3459.0,-0.19688542825361513,true,48208.26484988467,4.500222769630073,0.0,sqrt_abs(pow3(v2)),0.03365583122557525,1.413279615397314e8,7.529172008308733,1.413279615397314e8,16.0,6827.742202964178,sqrt_abs(pow3(v2))
511.1250329017639,25.26353625107693,4.0,7.0,2523.0,-0.7939933259176863,true,27155.22400346088,1.0094401519255811,0.0,(pow2(v2)/v3),-0.5889190341181421,5.620558911468886e7,1.5320402182624278,5.620558911468886e7,9.0,3676.0816775404924,(pow2(v2)/v3)
1799.0133039951324,0.995298763719561,4.0,10.0,1.0,-0.7935483870967742,true,46794.49872253386,0.9864214914462596,0.0,pow2((v2/v3)),-0.05428926165801873,1.2930355232228051e8,0.9197877976828539,1.2930355232228051e8,32.0,5291.898485146762,pow2((v2/v3))
89.01666712760925,32.667727691780534,4.0,0.0,3345.0,-0.7704115684093437,true,22290.627365814882,1.001824360614688,1.0,(135351.384379716/v3),-0.7127054063425116,3.928073354441082e7,1.8580478539795877,3.928073354441082e7,3.0,3303.613933110859,(135000.0/v3)
289.60583901405334,5.698742001059358,4.0,0.0,2963.0,-0.5586206896551724,true,36607.665052566575,4.181994396883707,1.0,(186.460710125786*v1),-0.18264753760335461,1.1175359716496296e8,2.72788040773889,1.1175359716496296e8,3.0,7244.135126569774,(186.0*v1)
787.2682681083679,5.0386046011314995,4.0,0.0,1982.0,-0.5586206896551724,true,38308.666877865006,3.671327124273632,1.0,(v1/0.00594934732603495),-0.1990747242658596,1.0950756832759663e8,2.3933597650157594,1.0950756832759663e8,3.0,6690.765699516372,(v1/0.00595)
41.923054933547974,32.679609293837515,4.0,0.0,3442.0,-0.7704115684093437,true,22302.846232018495,1.0025308199474512,1.0,(135399.150932356/v3),-0.7127097140865715,3.928014456240303e7,1.8587976822023327,3.928014456240303e7,3.0,3303.700989549357,(135000.0/v3)
250.0829300880432,5.697732754037256,4.0,0.0,3040.0,-0.5586206896551724,true,36610.26561879258,4.1812136663506045,1.0,(v1/0.00536386826050483),-0.18268294820504105,1.1174875560358241e8,2.727368977902409,1.1174875560358241e8,3.0,7243.2891111092995,(v1/0.00536)
1223.363821029663,5.6951475396313525,4.0,0.0,1133.0,-0.5586206896551724,true,36616.92704173834,4.179213803307064,1.0,(186.360657633798*v1),-0.18277350962519923,1.1173637347355571e8,2.7260589361069667,1.1173637347355571e8,3.0,7241.122018902799,(186.0*v1)
44.35108995437622,25.26353625107693,4.0,7.0,3437.0,-0.7939933259176863,true,27155.22400346088,1.0094401519255811,0.0,(pow2(v2)/v3),-0.5889190341181421,5.620558911468886e7,1.5320402182624278,5.620558911468886e7,9.0,3676.0816775404924,(pow2(v2)/v3)
1388.2347989082336,5.69553483234658,4.0,0.0,811.0,-0.5586206896551724,true,36615.92908947021,4.179513404139571,1.0,(186.371437997439*v1),-0.18275995573277581,1.117382266474355e8,2.726255194352651,1.117382266474355e8,3.0,7241.446672449093,(186.0*v1)
44.35108995437622,25.26353625107693,4.0,7.0,3437.0,-0.7939933259176863,true,27155.22400346088,1.0094401519255811,0.0,(pow2(v2)/v3),-0.5889190341181421,5.620558911468886e7,1.5320402182624278,5.620558911468886e7,9.0,3676.0816775404924,(pow2(v2)/v3)
1100.1035380363464,6.672116174090518,4.0,7.0,1373.0,-0.5626251390433815,true,44981.52029300331,0.8304047299015787,0.0,(v2+pow2(v1)),-0.11500894724288035,1.2100157294983582e8,0.7838050765850062,1.2100157294983582e8,6.0,4559.697436649018,(v2+pow2(v1))
50.57190012931824,176.94291282529426,4.0,0.0,3424.0,-0.19688542825361513,true,46102.49165843436,4.575696930044338,1.0,(2.46658200140977e6/v2),-0.013909927777346898,1.348244701880669e8,9.230770062246632,1.348244701880669e8,3.0,6984.1467509067415,(2.47e6/v2)
1121.0169041156769,1.9063320268088422,4.0,6.0,1332.0,-0.5586206896551724,true,45206.55850389017,0.8264083269245315,0.0,(v1+pow2(v1)),-0.10247451252538076,1.2271536012556982e8,0.6151115372313114,1.2271536012556982e8,6.0,4598.392265583337,(v1+pow2(v1))
44.5816330909729,32.71115086448027,4.0,0.0,3437.0,-0.7704115684093437,true,22335.28312307809,1.0044062267186697,1.0,(135525.954715821/v3),-0.7127199692796644,3.927874240755493e7,1.860788218473808,3.927874240755493e7,3.0,3303.932094478781,(136000.0/v3)
48.340917110443115,0.9999998991815227,4.0,14.0,3429.0,-0.9915461624026697,true,39136.8634871037,0.9999299287829335,0.0,pow3((v1/v3)),-0.17060314790912123,1.134003822863296e8,0.9856239868337495,1.134003822863296e8,32.0,5460.676530909473,pow3((v1/v3))
44.5816330909729,32.71115086448027,4.0,0.0,3437.0,-0.7704115684093437,true,22335.28312307809,1.0044062267186697,1.0,(135525.954715821/v3),-0.7127199692796644,3.927874240755493e7,1.860788218473808,3.927874240755493e7,3.0,3303.932094478781,(136000.0/v3)
641.9354410171509,5.697732603309986,4.0,0.0,2266.0,-0.5586206896551724,true,36610.26600717742,4.181213549751417,1.0,(v1/0.00536386838121452),-0.18268295349112762,1.1174875488083524e8,2.727368901522275,1.1174875488083524e8,3.0,7243.2889847600545,(v1/0.00536)
1705.9477441310883,0.9999998991815227,4.0,14.0,185.0,-0.9915461624026697,true,39136.8634871037,0.9999299287829335,0.0,pow3((v1/v3)),-0.17060314790912123,1.134003822863296e8,0.9856239868337495,1.134003822863296e8,32.0,5460.676530909473,pow3((v1/v3))
372.32400012016296,5.696118890376511,4.0,0.0,2800.0,-0.5586206896551724,true,36614.424124329475,4.179965218142569,1.0,(186.387695359642*v1),-0.18273950696075347,1.1174102253285365e8,2.726551162233854,1.1174102253285365e8,3.0,7241.9362672780235,(186.0*v1)
99.5618109703064,25.26353625107693,4.0,7.0,3325.0,-0.7939933259176863,true,27155.22400346088,1.0094401519255811,0.0,(pow2(v2)/v3),-0.5889190341181421,5.620558911468886e7,1.5320402182624278,5.620558911468886e7,9.0,3676.0816775404924,(pow2(v2)/v3)
1665.953633069992,2.0375739394784844,5.0,0.0,263.0,-0.7704115684093437,true,25128.936015646515,0.94283463042028,1.0,pow2((756.635615898434/v3)),-0.695159040125368,4.167978368758882e7,0.8527392741636068,4.167978368758882e7,8.0,3870.0841153231563,pow2((757.0/v3))
738.0795600414276,2.026198456055864,5.0,0.0,2078.0,-0.7704115684093437,true,24988.644765579174,0.9430487103824335,1.0,(570353.495809492/pow2(v3)),-0.6951473775624446,4.168137826693962e7,0.8525417695922212,4.168137826693962e7,5.0,3874.608585386142,(570000.0/pow2(v3))
71.73266911506653,2.0261984559810684,5.0,0.0,3379.0,-0.7704115684093437,true,24988.644764656736,0.9430487103838411,1.0,(570353.495795395/pow2(v3)),-0.6951473775622783,4.168137826696234e7,0.8525417695909225,4.168137826696234e7,5.0,3874.6085854158905,(570000.0/pow2(v3))
714.1402099132538,2.033136885763054,5.0,0.0,2124.0,-0.7704115684093437,true,25074.21484123771,0.9429181331828602,1.0,pow2((-756.082796472371/v3)),-0.6951577356759981,4.167996204015533e7,0.8526622366998153,4.167996204015533e7,8.0,3871.848903328861,pow2((-756.0/v3))
1092.3727791309357,2.0386014735822675,5.0,0.0,1388.0,-0.7704115684093437,true,25141.608360069255,0.9428152928278564,1.0,pow2((756.763580382029/v3)),-0.6951587504354266,4.167982329582945e7,0.8527571145203823,4.167982329582945e7,8.0,3869.675425237773,pow2((757.0/v3))
30.38133406639099,2.0261984560558632,5.0,0.0,3457.0,-0.7704115684093437,true,24988.644765579167,0.9430487103824335,1.0,(570353.495809492/pow2(v3)),-0.6951473775624446,4.168137826693962e7,0.852541769592221,4.168137826693962e7,5.0,3874.6085853861423,(570000.0/pow2(v3))
1572.5357661247253,2.0369814265203616,5.0,0.0,448.0,-0.7704115684093437,true,25121.628688081797,0.9428457811685109,1.0,pow2((756.561817156354/v3)),-0.6951591060064453,4.1679774679911345e7,0.8527289867750636,4.1679774679911345e7,8.0,3870.31978066074,pow2((757.0/v3))
1798.364627122879,2.026198456055864,5.0,0.0,3.0,-0.7704115684093437,true,24988.644765579174,0.9430487103824335,1.0,(570353.495809492/pow2(v3)),-0.6951473775624446,4.168137826693962e7,0.8525417695922212,4.168137826693962e7,5.0,3874.608585386142,(570000.0/pow2(v3))
1799.9447360038757,6.753179546256589,5.0,0.0,0.0,-0.5586206896551724,true,30775.045709336217,2.281079672222502,1.0,(pow2(v1)/0.371075604750555),-0.21728310079451763,1.0701800394842415e8,1.5731023052127522,1.0701800394842415e8,5.0,6389.68970292618,(pow2(v1)/0.371)
45.0761239528656,0.3938866880612329,6.0,0.0,3436.0,-0.9915461624026697,true,2571.287867277081,0.2501416512594387,1.0,((2289.69425804834*v1)/v3),-0.9920165944771256,1.0915416859353515e6,0.19178809015646578,1.0915416859353515e6,7.0,745.09660661939,((2290.0*v1)/v3)
109.94370698928833,0.3939435683910602,6.0,0.0,3304.0,-0.9915461624026697,true,2572.0311042475987,0.25021202125356345,1.0,(2289.47938310329*(v1/v3)),-0.9920157701102319,1.0916543985899135e6,0.1918576800123276,1.0916543985899135e6,6.0,745.266923647622,(2290.0*(v1/v3))
78.33150506019592,0.39394356839038436,6.0,0.0,3366.0,-0.9915461624026697,true,2572.0311042387684,0.25021202125272735,1.0,(2289.47938310584/(v3/v1)),-0.9920157701102419,1.0916543985885573e6,0.1918576800115008,1.0916543985885573e6,6.0,745.2669236455985,(2290.0/(v3/v1))
54.995551109313965,0.3939435683942705,6.0,0.0,3414.0,-0.9915461624026697,true,2572.0311042895473,0.25021202125753517,1.0,(2289.47938309116/(v3/v1)),-0.9920157701101848,1.091654398596361e6,0.19185768001625536,1.091654398596361e6,6.0,745.2669236572348,(2290.0/(v3/v1))
347.2251811027527,0.3939435683918569,6.0,0.0,2849.0,-0.9915461624026697,true,2572.0311042580097,0.25021202125454906,1.0,(v1/(v3/2289.47938310028)),-0.9920157701102202,1.0916543985915128e6,0.1918576800133023,1.0916543985915128e6,7.0,745.2669236500074,(v1/(v3/2290.0))
54.67917799949646,0.3939002485516892,6.0,0.0,3415.0,-0.9915461624026697,true,2571.465057843242,0.25015842773799707,1.0,(2289.64303103101*(v1/v3)),-0.9920163999597841,1.0915682815763073e6,0.19180468064704737,1.0915682815763073e6,6.0,745.1372108571447,(2290.0*(v1/v3))
54.67917799949646,0.3939002485516892,6.0,0.0,3415.0,-0.9915461624026697,true,2571.465057843242,0.25015842773799707,1.0,(2289.64303103101*(v1/v3)),-0.9920163999597841,1.0915682815763073e6,0.19180468064704737,1.0915682815763073e6,6.0,745.1372108571447,(2290.0*(v1/v3))
45.0761239528656,0.3938866880612329,6.0,0.0,3436.0,-0.9915461624026697,true,2571.287867277081,0.2501416512594387,1.0,((2289.69425804834*v1)/v3),-0.9920165944771256,1.0915416859353515e6,0.19178809015646578,1.0915416859353515e6,7.0,745.09660661939,((2290.0*v1)/v3)
1779.9608290195465,0.39405857246577763,6.0,0.0,39.0,-0.9915461624026697,true,2573.533825493233,0.2503542995435587,1.0,(v1*(2289.04493600512/v3)),-0.9920140355534656,1.0918915581594345e6,0.19199838097182298,1.0918915581594345e6,7.0,745.6112808674183,(v1*(2290.0/v3))
347.2251811027527,0.3939435683918569,6.0,0.0,2849.0,-0.9915461624026697,true,2572.0311042580097,0.25021202125454906,1.0,(v1/(v3/2289.47938310028)),-0.9920157701102202,1.0916543985915128e6,0.1918576800133023,1.0916543985915128e6,7.0,745.2669236500074,(v1/(v3/2290.0))
54.67917799949646,0.3939002485516892,6.0,0.0,3415.0,-0.9915461624026697,true,2571.465057843242,0.25015842773799707,1.0,(2289.64303103101*(v1/v3)),-0.9920163999597841,1.0915682815763073e6,0.19180468064704737,1.0915682815763073e6,6.0,745.1372108571447,(2290.0*(v1/v3))
45.0761239528656,0.3938866880612329,6.0,0.0,3436.0,-0.9915461624026697,true,2571.287867277081,0.2501416512594387,1.0,((2289.69425804834*v1)/v3),-0.9920165944771256,1.0915416859353515e6,0.19178809015646578,1.0915416859353515e6,7.0,745.09660661939,((2290.0*v1)/v3)
1799.99791097641,0.39468388318156905,6.0,0.0,0.0,-0.9915461624026697,true,2581.7045594437604,0.25112790812722985,1.0,(v1*(2286.68272034801/v3)),-0.992003016424409,1.0933981631632138e6,0.1927634131492543,1.0933981631632138e6,7.0,747.4836515649608,(v1*(2290.0/v3))
1045.6499650478363,0.2744984405212839,8.0,0.0,1477.0,-0.9955506117908788,true,1688.7803610011706,0.1573054879698349,1.0,(v2*(7.01628473108066*(v1/v3))),-0.997781786384613,303288.19230925466,0.12134477655168632,303288.19230925466,13.0,384.3278927382032,(v2*(7.02*(v1/v3)))
1682.6289439201355,0.2745580223735898,8.0,0.0,230.0,-0.9955506117908788,true,1689.5032581491068,0.15737469429930293,1.0,((v2*(7.01570851834187*v1))/v3),-0.9977812192382317,303365.73614883126,0.12140598614964929,303365.73614883126,15.0,384.49125640781114,((v2*(7.02*v1))/v3)
1028.034080028534,0.2746023529048851,8.0,0.0,1511.0,-0.9955506117908788,true,1690.0411134422811,0.15742618570542039,1.0,((v2*v1)/(v3/7.01527980026982)),-0.9977807861710509,303424.94783228944,0.12145152776833117,303424.94783228944,16.0,384.6128034559102,((v2*v1)/(v3/7.02))
1417.36283493042,0.2745099335465814,8.0,0.0,754.0,-0.9955506117908788,true,1688.9198040511455,0.15731883750605333,1.0,((v2*v1)/(v3/7.01617358268014)),-0.9977816783162088,303302.9681048497,0.12135658356054234,303302.9681048497,16.0,384.35940472910016,((v2*v1)/(v3/7.02))
1486.4931681156158,0.2746023529038438,8.0,0.0,618.0,-0.9955506117908788,true,1690.0411134296464,0.1574261857042108,1.0,(v2*(7.01527980027989*(v1/v3))),-0.9977807861710611,303424.94783088344,0.12145152776726133,303424.94783088344,13.0,384.61280345305505,(v2*(7.02*(v1/v3)))
142.3410050868988,0.27457460053239013,8.0,0.0,3246.0,-0.9955506117908788,true,1689.7043983159692,0.15739395038946302,1.0,(v1*((v2/0.14254053605595)/v3)),-0.9977810583934777,303387.7278606893,0.12142301721524837,303387.7278606893,15.0,384.53671100098256,(v1*((v2/0.143)/v3))
1417.36283493042,0.2745099335465814,8.0,0.0,754.0,-0.9955506117908788,true,1688.9198040511455,0.15731883750605333,1.0,((v2*v1)/(v3/7.01617358268014)),-0.9977816783162088,303302.9681048497,0.12135658356054234,303302.9681048497,16.0,384.35940472910016,((v2*v1)/(v3/7.02))
1799.3477101325989,0.2750456543800858,8.0,0.0,1.0,-0.9955506117908788,true,1695.4196198111767,0.1579410953089158,1.0,(v1*((7.01099265666402*v2)/v3)),-0.9977759348964451,304088.2447732954,0.12190694001255116,304088.2447732954,15.0,385.8282634144142,(v1*((7.01*v2)/v3))
127.3933699131012,0.27448718579643844,8.0,0.0,3275.0,-0.9955506117908788,true,1688.643809212721,0.15729241522762272,1.0,((v1*v2)*(7.01639357489092/v3)),-0.9977818915956657,303273.80718882923,0.12133321435352845,303273.80718882923,16.0,384.2970341280723,((v1*v2)*(7.02/v3))
222.89614391326904,0.2744816428323869,8.0,0.0,3092.0,-0.9955506117908788,true,1688.5765573105255,0.15728597688806917,1.0,((7.01644718058416*v1)*(v2/v3)),-0.9977819431879691,303266.7531628677,0.12132751995854106,303266.7531628677,16.0,384.28183622950274,((7.02*v1)*(v2/v3))
1284.088227033615,0.274590393114753,8.0,0.0,1015.0,-0.9955506117908788,true,1689.8960072087248,0.15741229400611567,1.0,((v2*(7.01539546272677*v1))/v3),-0.9977809039392834,303408.8458148312,0.12143924124286438,303408.8458148312,15.0,384.58001167237006,((v2*(7.02*v1))/v3)
607.0855159759521,0.2745610696206372,8.0,0.0,2334.0,-0.9955506117908788,true,1689.5402299133984,0.15737823377944601,1.0,((v1*(7.01567904858725*v2))/v3),-0.9977811897725127,303369.76488826587,0.12140911664592369,303369.76488826587,15.0,384.49961145956945,((v1*(7.02*v2))/v3)
219.93890404701233,0.2745080639148855,8.0,0.0,3098.0,-0.9955506117908788,true,1688.897120106818,0.15731666586582865,1.0,((v1*v2)*(7.016191663783/v3)),-0.9977816959396064,303300.5585224837,0.12135466285146711,303300.5585224837,16.0,384.35427850554663,((v1*v2)*(7.02/v3))
1551.5346491336823,0.22523457681917097,9.0,0.0,490.0,-0.9946607341490545,true,1156.7248479127848,0.13326956540860577,1.0,((v1*pow2((0.146184507998628*v2)))/v3),-0.9983748005817081,222207.54137324163,0.09246079423218985,222207.54137324163,35.0,336.5401183264344,((v1*pow2((0.146*v2)))/v3)
1762.5846819877625,0.22523457794703255,9.0,0.0,73.0,-0.9946607341490545,true,1156.7248282755045,0.13326956594247222,1.0,((pow2(v2)*(0.0213699103476919*v1))/v3),-0.9983748005756546,222207.5422009169,0.0924607944857894,222207.5422009169,27.0,336.540118858288,((pow2(v2)*(0.0214*v1))/v3)
1289.9339299201965,0.2685553397932082,9.0,0.0,1003.0,-0.9915461624026697,true,1217.6860388318892,0.1155418676286834,2.0,(2994.61868806908/(0.0147788762549759+(v3/v1))),-0.99893451194603,145680.26432354414,0.0804432265127445,145680.26432354414,7.0,245.67124718813378,(2990.0/(0.0148+(v3/v1)))
1570.8749470710754,0.22523457794703322,9.0,0.0,451.0,-0.9946607341490545,true,1156.7248282754917,0.13326956594247247,1.0,(pow2(v2)*(0.0213699103476919*(v1/v3))),-0.9983748005756546,222207.54220091781,0.09246079448578956,222207.54220091781,25.0,336.5401188582885,(pow2(v2)*(0.0214*(v1/v3)))
738.0802810192108,0.25091429190618875,9.0,0.0,2078.0,-0.9915461624026697,true,1277.2203702363095,0.1168097570151185,2.0,(2948.3935805266/(0.0138158931781697+(v3/v1))),-0.9989033514708586,149940.72153138884,0.07831852322064606,149940.72153138884,7.0,254.4238472965429,(2950.0/(0.0138+(v3/v1)))
576.1660630702972,0.22523457782107326,9.0,0.0,2395.0,-0.9946607341490545,true,1156.7248304685927,0.13326956588285005,1.0,((v1*pow2(v2))/(v3/0.0213699103511662)),-0.9983748005763307,222207.54210848216,0.09246079445746745,222207.54210848216,28.0,336.5401187988907,((v1*pow2(v2))/(v3/0.0214))
1662.0650610923767,0.22523457581878253,9.0,0.0,271.0,-0.9946607341490545,true,1156.724865330625,0.1332695649350782,1.0,((v1*pow2(v2))*(0.0213699104063942/v3)),-0.9983748005870774,222207.54063911352,0.09246079400725273,222207.54063911352,28.0,336.5401178546928,((v1*pow2(v2))*(0.0214/v3))
1697.5644490718842,0.225234577947032,9.0,0.0,201.0,-0.9946607341490545,true,1156.7248282755172,0.13326956594247194,1.0,((v1*pow2(v2))/(v3/0.0213699103476919)),-0.9983748005756546,222207.5422009168,0.09246079448578928,222207.5422009168,28.0,336.5401188582878,((v1*pow2(v2))/(v3/0.0214))
1318.8994090557098,0.22503906687712305,9.0,0.0,947.0,-0.9946607341490545,true,1160.1288858086045,0.1331770219833716,1.0,((0.0213753030174175*v1)*(pow2(v2)/v3)),-0.9983757689986364,222075.13328704657,0.09241683385527447,222075.13328704657,28.0,336.4479238662664,((0.0214*v1)*(pow2(v2)/v3))
1551.5346491336823,0.22523457681917097,9.0,0.0,490.0,-0.9946607341490545,true,1156.7248479127848,0.13326956540860577,1.0,((v1*pow2((0.146184507998628*v2)))/v3),-0.9983748005817081,222207.54137324163,0.09246079423218985,222207.54137324163,35.0,336.5401183264344,((v1*pow2((0.146*v2)))/v3)
1129.4236989021301,0.2252345773720527,9.0,0.0,1316.0,-0.9946607341490545,true,1156.7248382865164,0.13326956567030906,1.0,((v1*(0.0213699103635513*pow2(v2)))/v3),-0.9983748005787406,222207.54177897135,0.09246079435650537,222207.54177897135,23.0,336.5401185871514,((v1*(0.0214*pow2(v2)))/v3)
1038.7436909675598,0.2252345302076285,9.0,0.0,1491.0,-0.9946607341490545,true,1156.725659469761,0.1332695433453196,1.0,(v1*(pow2((-0.146184512396015*v2))/v3)),-0.9983748008318792,222207.50716826768,0.09246078375159258,222207.50716826768,35.0,336.54009634634554,(v1*(pow2((-0.146*v2))/v3))
1237.2072620391846,0.2285731035050866,10.0,0.0,1106.0,-0.9982202447163515,true,1235.4101891303017,0.13395873762337773,1.0,(pow3(sqrt_abs(v2))*(0.387384833703944*(v1/v3))),-0.9988097671651869,162736.1595806495,0.09277995832186121,162736.1595806495,97.0,270.74256937219883,(pow3(sqrt_abs(v2))*(0.387*(v1/v3)))
279.5119559764862,0.21431054316118153,10.0,1.0,2983.0,-0.9946607341490545,true,1351.1458327311084,0.11261058223887674,1.0,((v1*(v2+v3))/(v3/6.90730890997674)),-0.998752876454573,170514.6172826462,0.07088941854018613,170514.6172826462,28.0,257.7723789858344,((v1*(v2+v3))/(v3/6.91))
1058.1885221004486,0.22523457684043155,10.0,0.0,1453.0,-0.9946607341490545,true,1156.7248475426113,0.1332695654186693,1.0,(v2*(0.0213699103782147*((v2*v1)/v3))),-0.998374800581594,222207.54138884365,0.09246079423697036,222207.54138884365,25.0,336.54011833646024,(v2*(0.0214*((v2*v1)/v3)))
1614.7550270557404,0.2144167706165044,10.0,1.0,364.0,-0.9946607341490545,true,1352.3815908115648,0.11246015411503259,1.0,((v1*(v2+v3))/(v3/6.90637502211272)),-0.9987521118169242,170619.1633771477,0.07086180704169687,170619.1633771477,28.0,257.8323466614122,((v1*(v2+v3))/(v3/6.91))
188.39193892478943,0.22523429515298773,10.0,0.0,3158.0,-0.9946607341490545,true,1156.729752023295,0.133269432083655,1.0,((v1*(v2*(0.0213699181478379*v2)))/v3),-0.9983748020933123,222207.3346971547,0.09246073089959692,222207.3346971547,31.0,336.5399855042289,((v1*(v2*(0.0214*v2)))/v3)
1725.0996329784393,0.2144160064069778,10.0,1.0,147.0,-0.9946607341490545,true,1352.3727006607587,0.11246123630800194,1.0,(v1*(((v2+v3)/0.144793618071217)/v3)),-0.9987521174836067,170618.38859248869,0.07086200568121172,170618.38859248869,23.0,257.83191524875315,(v1*(((v2+v3)/0.145)/v3))
1406.624233007431,0.22523457686353374,10.0,0.0,775.0,-0.9946607341490545,true,1156.72484714038,0.13326956542960458,1.0,(v1*((v2*(0.0213699103775774*v2))/v3)),-0.99837480058147,222207.54140579695,0.09246079424216486,222207.54140579695,31.0,336.54011834735417,(v1*((v2*(0.0214*v2))/v3))
1341.3304109573364,0.2252339314654712,10.0,0.0,903.0,-0.9946607341490545,true,1156.7360842132402,0.13326925993441224,1.0,((v1*(v2*(0.0213699281792221*v2)))/v3),-0.9983748040445994,222207.0679048348,0.09246064912452126,222207.0679048348,31.0,336.53981400413096,((v1*(v2*(0.0214*v2)))/v3)
612.0583109855652,0.21411382001099177,10.0,1.0,2324.0,-0.9946607341490545,true,1348.8573262266364,0.11288916082583288,1.0,((6.90903838153357*v1)*((v3+v2)/v3)),-0.9987541698790873,170337.77210411063,0.07094055241087682,170337.77210411063,28.0,257.6613245506753,((6.91*v1)*((v3+v2)/v3))
140.83455991744995,0.22522067687637676,10.0,0.0,3249.0,-0.9946607341490545,true,1156.9668608330794,0.13326298595641395,1.0,(v1*((v2/(46.7939285544904/v2))/v3)),-0.998374874777058,222197.39691584004,0.0924576688324382,222197.39691584004,31.0,336.5335636842059,(v1*((v2/(46.8/v2))/v3))
351.9506471157074,0.2144160064069778,10.0,1.0,2840.0,-0.9946607341490545,true,1352.3727006607587,0.11246123630800194,1.0,(v1*(((v3+v2)/0.144793618071217)/v3)),-0.9987521174836067,170618.38859248869,0.07086200568121172,170618.38859248869,23.0,257.83191524875315,(v1*(((v3+v2)/0.145)/v3))
120.71138596534729,0.21410141481565212,10.0,1.0,3288.0,-0.9946607341490545,true,1348.7130149435125,0.11290672775573045,1.0,((6.90914744054608*v1)*((v2+v3)/v3)),-0.9987542461040471,170327.35014561313,0.07094377686948154,170327.35014561313,28.0,257.6543215519936,((6.91*v1)*((v2+v3)/v3))
188.39193892478943,0.22523429515298773,10.0,0.0,3158.0,-0.9946607341490545,true,1156.729752023295,0.133269432083655,1.0,((v1*(v2*(0.0213699181478379*v2)))/v3),-0.9983748020933123,222207.3346971547,0.09246073089959692,222207.3346971547,31.0,336.5399855042289,((v1*(v2*(0.0214*v2)))/v3)
443.02536392211914,0.22523457624211352,10.0,0.0,2658.0,-0.9946607341490545,true,1156.7248579599745,0.13326956513545926,1.0,((v2*(v1*(0.0213699103947177*v2)))/v3),-0.9983748005848053,222207.54094977112,0.09246079410243863,222207.54094977112,31.0,336.5401180543177,((v2*(v1*(0.0214*v2)))/v3)
135.9695529937744,0.2144187192965072,10.0,1.0,3258.0,-0.9946607341490545,true,1352.404260064559,0.11245739459984047,1.0,(6.90635789049076*((v1*(v2+v3))/v3)),-0.9987520973564104,170621.14051005003,0.07086130052504551,170621.14051005003,20.0,257.8334467330447,(6.91*((v1*(v2+v3))/v3))
869.3451380729675,7.476820486267041,10.0,5.0,1823.0,-0.996440489432703,true,1420.8308116397566,0.17165703841259614,1.0,(v2+((v2*(6.94075722591462*v1))/v3)),-0.9987455750852741,171512.9066632044,0.3842011993768261,171512.9066632044,17.0,290.5343411395418,(v2+((v2*(6.94*v1))/v3))
177.95224809646606,0.22523457624211363,10.0,0.0,3178.0,-0.9946607341490545,true,1156.7248579599727,0.13326956513545926,1.0,(v2*((v1*(0.0213699103947177*v2))/v3)),-0.9983748005848053,222207.54094977098,0.09246079410243864,222207.54094977098,31.0,336.54011805431765,(v2*((v1*(0.0214*v2))/v3))
887.3571929931641,0.21441695662356244,10.0,1.0,1788.0,-0.9946607341490545,true,1352.3837546563445,0.1124598907114459,1.0,((v1*(6.90637338685059*(v2+v3)))/v3),-0.9987521104373015,170619.35200788864,0.07086175869323949,170619.35200788864,23.0,257.83245166638324,((v1*(6.91*(v2+v3)))/v3)
643.1437830924988,0.1621658225362132,11.0,0.0,2263.0,-0.9955506117908788,true,875.3987183746949,0.07232901777216985,2.0,(v2*(8.26805042864949*(v1/(0.73733466992118+v3)))),-0.9994383590247866,76791.1056526187,0.05995973993461593,76791.1056526187,17.0,191.5113797006774,(v2*(8.27*(v1/(0.737+v3))))
664.5631449222565,0.1637868323966564,11.0,0.0,2221.0,-0.9955506117908788,true,869.1678009882389,0.0736604084035091,2.0,((8.28089525052194*(v2*v1))/(0.744839766227874+v3)),-0.9994388950617273,76717.81529248085,0.06041713666088399,76717.81529248085,19.0,192.48810054432724,((8.28*(v2*v1))/(0.745+v3))
1633.0286400318146,0.16578405065886834,11.0,0.0,328.0,-0.9955506117908788,true,861.4900329727079,0.07530177853977202,2.0,((v1*(8.29671450654977*v2))/(0.754020132613329+v3)),-0.9994391534490121,76682.48694899226,0.06097989336302397,76682.48694899226,22.0,193.67620423179687,((v1*(8.3*v2))/(0.754+v3))
809.4862899780273,0.1639527813663368,11.0,0.0,1939.0,-0.9955506117908788,true,892.0390936077047,0.07048669679893704,2.0,((v1*v2)/((-0.717350957974862-v3)/-8.2337800282942)),-0.9994354108457232,77194.19933690198,0.0589052153977941,77194.19933690198,21.0,189.36191932282836,((v1*v2)/((-0.717-v3)/-8.23))
1633.0286400318146,0.16578405065886834,11.0,0.0,328.0,-0.9955506117908788,true,861.4900329727079,0.07530177853977202,2.0,((v1*(8.29671450654977*v2))/(0.754020132613329+v3)),-0.9994391534490121,76682.48694899226,0.06097989336302397,76682.48694899226,22.0,193.67620423179687,((v1*(8.3*v2))/(0.754+v3))
643.1437830924988,0.1621658225362132,11.0,0.0,2263.0,-0.9955506117908788,true,875.3987183746949,0.07232901777216985,2.0,(v2*(8.26805042864949*(v1/(0.73733466992118+v3)))),-0.9994383590247866,76791.1056526187,0.05995973993461593,76791.1056526187,17.0,191.5113797006774,(v2*(8.27*(v1/(0.737+v3))))
1785.1600461006165,0.16866275717251192,11.0,0.0,29.0,-0.9955506117908788,true,850.4271085973487,0.07689446598224266,2.0,((v1*v2)/((0.767395010391215+v3)/8.31955046737366)),-0.9994386688678478,76748.7419500101,0.0617929120989962,76748.7419500101,21.0,195.4149919208305,((v1*v2)/((0.767+v3)/8.32))
970.8269810676575,0.1640026366969946,11.0,0.0,1622.0,-0.9955506117908788,true,868.3377427404594,0.07383830612867864,2.0,((v1*(8.28260014880795*v2))/(0.745808025835732+v3)),-0.9994389517287344,76710.06742093629,0.06047764244919385,76710.06742093629,22.0,192.61166871964505,((v1*(8.28*v2))/(0.746+v3))
839.2901759147644,0.1629457805052479,11.0,0.0,1881.0,-0.9955506117908788,true,886.560173836403,0.07023893887704316,2.0,((v2*(8.2450583264434*v1))/(0.723920800128414+v3)),-0.9994366252166362,77028.1628666353,0.059215217213070034,77028.1628666353,22.0,189.82532578176233,((v2*(8.25*v1))/(0.724+v3))
143.98348307609558,0.16449041741004267,11.0,0.0,3243.0,-0.9955506117908788,true,866.4632416077993,0.07423840488754782,2.0,((v1*(8.28646977399373*v2))/(0.748087023539557+v3)),-0.9994390352088525,76698.6534913142,0.06061554628550284,76698.6534913142,22.0,192.90955838013664,((v1*(8.29*v2))/(0.748+v3))
316.61487102508545,0.16153857175801184,11.0,0.0,2910.0,-0.9955506117908788,true,878.9037912795466,0.07158114827864202,2.0,((v2*(8.26081263032302*v1))/(0.733044972471173+v3)),-0.9994379388015251,76848.56123420973,0.05970153535858936,76848.56123420973,22.0,190.94747580776965,((v2*(8.26*v1))/(0.733+v3))
948.1313841342926,0.16225979667941517,11.0,0.0,1667.0,-0.9955506117908788,true,875.035414198951,0.07240869711787648,2.0,((v1*v2)/((0.737656105022179+v3)/8.26877512800852)),-0.9994384271461789,76781.79166510093,0.059984820210043484,76781.79166510093,21.0,191.5445272567881,((v1*v2)/((0.738+v3)/8.27))
1799.925530910492,0.3214249312177839,11.0,0.0,0.0,-0.9959955506117909,true,1676.876733281637,0.15660522113741884,2.0,(((v2*(6.95147475959079*v1))--1850.64146151526)/v3),-0.9979410755046049,281509.1765635436,0.11572770109674152,281509.1765635436,17.0,352.50945154714356,(((v2*(6.95*v1))--1850.0)/v3)
1799.6170279979706,0.8936697747401862,12.0,0.0,0.0,-0.9951056729699667,true,909.9327470723583,0.14521149887321805,2.0,((pow2(v2)*(0.0217707949998054*(-1.34660376705491+v1)))/v3),-0.9985678684708301,195810.07871292657,0.12442819421881667,195810.07871292657,35.0,325.0522826457151,((pow2(v2)*(0.0218*(-1.35+v1)))/v3)
1698.3722870349884,0.16635003866903647,13.0,0.0,199.0,-0.9955506117908788,true,905.0821613350308,0.0743757378132137,2.0,((8.18003697491958*(v2*v1))/(v3+(223.15463112327/v2))),-0.9994448175982413,75908.04864927482,0.057211232321598623,75908.04864927482,31.0,191.2394807524985,((8.18*(v2*v1))/(v3+(223.0/v2)))
1467.5854949951172,0.16736562298743485,13.0,0.0,655.0,-0.9955506117908788,true,910.6077822321968,0.07497537954885436,2.0,((v2*(8.16896453347039*v1))/(v3+(221.055615761874/v2))),-0.9994436158370845,76072.36103394695,0.05694841901998046,76072.36103394695,36.0,190.45305995049867,((v2*(8.17*v1))/(v3+(221.0/v2)))
1353.76083111763,0.6462848686945974,13.0,1.0,878.0,-0.996440489432703,true,883.3829899478305,0.07896407895143076,2.0,((8.10249750637267*(v2+(v2*v1)))/(0.702890603608923+v3)),-0.999512762605133,66618.17765864305,0.0773581780722276,66618.17765864305,25.0,171.41804451151228,((8.1*(v2+(v2*v1)))/(0.703+v3))
802.2256031036377,0.6505434025189687,13.0,1.0,1953.0,-0.9955506117908788,true,872.466104376821,0.07953797381811321,2.0,((v2+(v1*v2))/((0.715964479314958+v3)/8.12457529448382)),-0.9995133182828596,66542.20188604992,0.07852607760714742,66542.20188604992,29.0,173.49317495427937,((v2+(v1*v2))/((0.716+v3)/8.12))
1535.4385409355164,0.6509407130632998,13.0,1.0,521.0,-0.9955506117908788,true,871.447096166281,0.07965798277589745,2.0,((8.12663450533195*(v2+(v1*v2)))/(0.71717388772145+v3)),-0.999513325521486,66541.212175279,0.07863508904873613,66541.212175279,25.0,173.68622462256846,((8.13*(v2+(v1*v2)))/(0.717+v3))
1676.9847919940948,0.1667765063902831,13.0,0.0,241.0,-0.9955506117908788,true,907.4024994003166,0.0746275438605052,2.0,(v2*(8.17538732556491*(v1/(v3+(222.273693956523/v2))))),-0.9994443436586968,75972.84866074509,0.0570812228757076,75972.84866074509,25.0,190.89002966805802,(v2*(8.18*(v1/(v3+(222.0/v2)))))
1462.600513935089,0.6487124196561694,13.0,1.0,665.0,-0.996440489432703,true,877.1579888325605,0.07898592548461224,2.0,((v2+(v1*v2))/((0.710322027248379+v3)/8.1150802891449)),-0.999513201870757,66558.11848484866,0.07802404910215918,66558.11848484866,29.0,172.60038581222173,((v2+(v1*v2))/((0.71+v3)/8.12))
1392.8113479614258,0.6494627677290455,13.0,1.0,802.0,-0.996440489432703,true,875.2343167672088,0.07921237763757186,2.0,((v2+(v1*v2))/((-0.712622024138592-v3)/-8.11897021839601)),-0.9995132747442141,66548.15476497005,0.07822984792517992,66548.15476497005,29.0,172.9658032000536,((v2+(v1*v2))/((-0.713-v3)/-8.12))
1714.4707670211792,0.1663178575842249,13.0,0.0,168.0,-0.9955506117908788,true,904.9070695464843,0.07435681461076135,2.0,((v1*(8.18038677345939*v2))/(v3+(223.219058647936/v2))),-0.9994448530861307,75903.19652063094,0.05722096735498952,75903.19652063094,36.0,191.26448357805748,((v1*(8.18*v2))/(v3+(223.0/v2)))
1605.723874092102,0.1648140707666844,13.0,0.0,382.0,-0.9955506117908788,true,896.7252221967847,0.07346812583036832,2.0,((v1*v2)/((v3+(226.339058165144/v2))/8.19679327457048)),-0.9994461428223433,75726.85563003628,0.0576799442148769,75726.85563003628,31.0,192.50429642825506,((v1*v2)/((v3+(226.0/v2))/8.2))
1466.6707179546356,0.16165159109047253,13.0,0.0,657.0,-0.9955506117908788,true,869.2342917287979,0.07506255086098987,2.0,((v2*v1)/((v3+(236.773503376034/v2))/8.25193657208684)),-0.9994464387716936,75686.3915634353,0.05923336907582546,75686.3915634353,31.0,196.63075999164772,((v2*v1)/((v3+(237.0/v2))/8.25))
1713.4390051364899,0.6553498134382194,13.0,1.0,170.0,-0.9955506117908788,true,860.145623843825,0.0819112967274874,2.0,((8.1494955177316*(v2+(v1*v2)))/(0.730663340199349+v3)),-0.9995128344175905,66608.35900535253,0.07984443970132503,66608.35900535253,25.0,175.82994867602514,((8.15*(v2+(v1*v2)))/(0.731+v3))
1799.7152121067047,0.6130676838623089,13.0,1.0,0.0,-0.996440489432703,true,968.7006017586864,0.08420092813137181,2.0,((v2+(v2*v1))/((0.601356958808078+v3)/7.93052281859056)),-0.9994757038548853,71685.08433252548,0.07133625881128872,71685.08433252548,29.0,162.05974137636414,((v2+(v2*v1))/((0.601+v3)/7.93))
1799.7592420578003,0.6151546339476697,13.0,1.0,0.0,-0.996440489432703,true,963.3323877075054,0.08301873219647499,2.0,((7.94131612653929*(v2+(v2*v1)))/(0.607722630194234+v3)),-0.9994797490821699,71131.9952782802,0.07158181338815485,71131.9952782802,25.0,162.46163253812045,((7.94*(v2+(v2*v1)))/(0.608+v3))
1462.1861040592194,0.6251163281083798,13.0,1.0,666.0,-0.996440489432703,true,937.7231545563263,0.07737582644396555,2.0,((7.99285762772192*(v2+(v2*v1)))/(0.638138209432318+v3)),-0.9994958715203583,68927.63357935024,0.07313860041449188,68927.63357935024,25.0,164.7586446609812,((7.99*(v2+(v2*v1)))/(0.638+v3))
1396.9867780208588,0.6506468167052163,13.0,1.0,794.0,-0.9955506117908788,true,872.197336264574,0.07957006471735606,2.0,((v2+(v1*v2))/((0.716226310953917+v3)/8.125106740866)),-0.9995133385939943,66539.42481928985,0.07855472223482224,66539.42481928985,29.0,173.54123774076405,((v2+(v1*v2))/((0.716+v3)/8.13))
1639.3450410366058,0.6536820564707385,13.0,1.0,316.0,-0.9955506117908788,true,864.4212471864093,0.08098472403050684,2.0,((v2+(v2*v1))/((0.725580327801426+v3)/8.14084920282395)),-0.9995131316313993,66567.7220539958,0.07938690852768487,66567.7220539958,29.0,175.02018491021244,((v2+(v2*v1))/((0.726+v3)/8.14))
802.2256031036377,0.6505434025189687,13.0,1.0,1953.0,-0.9955506117908788,true,872.466104376821,0.07953797381811321,2.0,((v2+(v1*v2))/((0.715964479314958+v3)/8.12457529448382)),-0.9995133182828596,66542.20188604992,0.07852607760714742,66542.20188604992,29.0,173.49317495427937,((v2+(v1*v2))/((0.716+v3)/8.12))
717.6932790279388,0.6561947773666692,13.0,1.0,2117.0,-0.9955506117908788,true,857.9815730990676,0.082379704934301,2.0,((8.15387898938193*(v2+(v1*v2)))/(0.733267837989035+v3)),-0.9995126185166804,66637.87834303477,0.08007609346138146,66637.87834303477,25.0,176.2412666250339,((8.15*(v2+(v1*v2)))/(0.733+v3))
984.069785118103,0.6456569648469733,13.0,1.0,1596.0,-0.996440489432703,true,884.9941033490368,0.07862778692628658,2.0,((8.09924416126811*(v2+(v2*v1)))/(0.700979892401139+v3)),-0.9995125955827876,66641.01400987507,0.07718588323512177,66641.01400987507,25.0,171.11256973388262,((8.1*(v2+(v2*v1)))/(0.701+v3))
162.76321506500244,0.16919952609403907,13.0,0.0,3207.0,-0.9955506117908788,true,920.5857359536667,0.07648982240452168,2.0,((v1*(-8.14849363156163*v2))/((-216.346559102197/v2)-v3)),-0.9994410156697101,76427.87235945971,0.05651181974210924,76427.87235945971,36.0,188.48859194472936,((v1*(-8.15*v2))/((-216.0/v2)-v3))
1799.9686160087585,0.17472255354092675,13.0,0.0,0.0,-0.9955506117908788,true,950.6355854080884,0.08089524041539192,2.0,((v1*v2)/((v3+(1.29439960924266+v3))/16.2267750991724)),-0.9994075228433673,81007.2233680205,0.056525062001699836,81007.2233680205,31.0,186.0467751922603,((v1*v2)/((v3+(1.29+v3))/16.2))
1207.5502429008484,0.6157961870655274,14.0,0.0,1164.0,-0.9955506117908788,true,882.1955209892785,0.07612758504304196,3.0,(((v2*(8.13858455521307*v1))--2492.47010014513)/(0.719046392119905+v3)),-0.9995132893028684,66546.16421370782,0.07656037015568277,66546.16421370782,25.0,171.80798212595562,(((v2*(8.14*v1))--2490.0)/(0.719+v3))
849.2055299282074,0.6537927465942814,14.0,0.0,1862.0,-0.9955506117908788,true,884.4397166472272,0.07622316708827034,3.0,(((v1*(8.12665458039334*v2))--2652.12451438513)/(0.716122110080933+v3)),-0.9995139193263012,66460.02342603658,0.07782001616644618,66460.02342603658,25.0,170.42033761713282,(((v1*(8.13*v2))--2650.0)/(0.716+v3))
353.7023091316223,0.6432456273456386,14.0,0.0,2836.0,-0.9955506117908788,true,886.5453293235141,0.0756221476024153,3.0,(((8.12422037143692*(v1*v2))--2610.43722990121)/(0.713616533364256+v3)),-0.9995135805099361,66506.348541964,0.07725349857008669,66506.348541964,22.0,170.33251804124419,(((8.12*(v1*v2))--2610.0)/(0.714+v3))
1493.6762490272522,0.6146172713889475,14.0,0.0,604.0,-0.9955506117908788,true,878.5577979574218,0.07687569151742349,3.0,(((v1*(8.14647170620878*v2))--2484.07218906966)/(0.723481234064876+v3)),-0.9995134134184398,66529.19434794188,0.0768049105424264,66529.19434794188,25.0,172.46976610784444,(((v1*(8.15*v2))--2480.0)/(0.723+v3))
994.2656950950623,0.7094648330295773,14.0,0.0,1576.0,-0.9955506117908788,true,880.9825859226639,0.07794622450925755,3.0,(((v2*(8.12338018114601*v1))--2879.55503541746)/(0.720038500532437+v3)),-0.9995143763599634,66397.53489369554,0.080367977436629,66397.53489369554,25.0,170.80847088526232,(((v2*(8.12*v1))--2880.0)/(0.72+v3))
1771.167993068695,0.5666475331083013,14.0,0.0,56.0,-0.9955506117908788,true,879.5099668630173,0.07771259121415522,3.0,((v2*(v1--0.869691077962806))/((-0.710718719313496-v3)/-8.1294712169176)),-0.9995129039205786,66598.85611732848,0.07471965868261317,66598.85611732848,29.0,171.15720017603962,((v2*(v1--0.87))/((-0.711-v3)/-8.13))
994.2656950950623,0.7094648330295773,14.0,0.0,1576.0,-0.9955506117908788,true,880.9825859226639,0.07794622450925755,3.0,(((v2*(8.12338018114601*v1))--2879.55503541746)/(0.720038500532437+v3)),-0.9995143763599634,66397.53489369554,0.080367977436629,66397.53489369554,25.0,170.80847088526232,(((v2*(8.12*v1))--2880.0)/(0.72+v3))
1569.9895219802856,0.7093935077483434,14.0,0.0,453.0,-0.9955506117908788,true,878.538842036226,0.0783264362374126,3.0,(((v1*(8.12854148432994*v2))--2876.91278864455)/(0.723013822845462+v3)),-0.9995144507606001,66387.36236818494,0.08059893113196427,66387.36236818494,25.0,171.30315794723998,(((v1*(8.13*v2))--2880.0)/(0.723+v3))
1722.775022983551,0.6514068353174167,14.0,0.0,152.0,-0.9955506117908788,true,881.9351567502654,0.07671488116759383,3.0,((2639.82344972872-(v1*(-8.13238011521784*v2)))/(0.719173318743927+v3)),-0.9995140424993922,66443.18242214614,0.07792872993725272,66443.18242214614,25.0,170.91602064818818,((2640.0-(v1*(-8.13*v2)))/(0.719+v3))
1566.1571640968323,0.7003172585305153,14.0,0.0,461.0,-0.9955506117908788,true,877.2445523333199,0.07839587736270759,3.0,(((v2*(8.13298924823128*v1))--2838.04719824909)/(0.724636979057047+v3)),-0.9995145019584556,66380.36227363563,0.08027223022523004,66380.36227363563,25.0,171.15620981501996,(((v2*(8.13*v1))--2840.0)/(0.725+v3))
1539.4005250930786,0.692435435112839,14.0,0.0,514.0,-0.9955506117908788,true,878.8541394647091,0.07838567829414791,3.0,(((v1*(8.13109264279172*v2))--2806.92289694312)/(0.722717975328748+v3)),-0.999514477787928,66383.66702099415,0.07975326730634683,66383.66702099415,25.0,170.57219417761033,(((v1*(8.13*v2))--2810.0)/(0.723+v3))
1798.9050431251526,0.7535098626815816,14.0,0.0,2.0,-0.996440489432703,true,974.8530250984595,0.08435620776168641,3.0,((3151.76890257574-(v1*(-7.91792276851966*v2)))/(0.606071375959678+v3)),-0.9994753320290949,71735.9227058053,0.07572364141514501,71735.9227058053,25.0,160.74537637914202,((3150.0-(v1*(-7.92*v2)))/(0.606+v3))
1798.965511083603,0.7535098158092159,14.0,0.0,2.0,-0.996440489432703,true,974.8531896471977,0.08435624405486086,3.0,(((v1*(v2/0.126295756040309))--3151.76886514949)/(0.606071180203137+v3)),-0.9994753319003444,71735.94030938487,0.07572362934682479,71735.94030938487,25.0,160.7453611560441,(((v1*(v2/0.126))--3150.0)/(0.606+v3))
1611.4608809947968,0.5641030370799683,14.0,0.0,371.0,-0.9955506117908788,true,867.45728501943,0.08021142371056002,3.0,((v2*(0.858482714178218+v1))/((0.725530232253171+v3)/8.15558567908956)),-0.9995130617440153,66577.27749905559,0.07548313923556023,66577.27749905559,29.0,173.36590986395234,((v2*(0.858+v1))/((0.726+v3)/8.16))
1770.1634509563446,0.4574654841002204,15.0,2.0,58.0,-0.996440489432703,true,892.1155087789039,0.07563185116342129,2.0,((8.10071154011936*(v2+((v1*v2)-v3)))/(0.700882280257706+v3)),-0.9995130319893011,66581.34575173732,0.06999950434953431,66581.34575173732,31.0,168.95239198130014,((8.1*(v2+((v1*v2)-v3)))/(0.701+v3))
1798.6549129486084,0.17414991089128512,15.0,0.0,2.0,-0.9955506117908788,true,947.5199345122,0.0805416900574278,2.0,(((v1*v2)/((0.651964725406077+v3)/8.12179818963558))-(v1/v1)),-0.9994094938863672,80737.72990524363,0.057423295029229306,80737.72990524363,26.0,186.0972443018989,(((v1*v2)/((0.652+v3)/8.12))-(v1/v1))
1799.3602590560913,0.6130676838622033,15.0,1.0,1.0,-0.996440489432703,true,968.7006017589565,0.08420092813143129,2.0,((v2+(v1*v2))/((v3+(1.20271391761549+v3))/15.86104563718)),-0.999475703854885,71685.08433255395,0.07133625881127634,71685.08433255395,43.0,162.05974137634323,((v2+(v1*v2))/((v3+(1.2+v3))/15.9))
1799.9414999485016,0.6130676834006902,15.0,1.0,0.0,-0.996440489432703,true,968.700602945949,0.08420092839286412,2.0,((v2+(v1*v2))/((v3+(1.20271391479232+v3))/15.861045632406)),-0.9994757038539653,71685.08445829872,0.07133625875698693,71685.08445829872,43.0,162.0597412872129,((v2+(v1*v2))/((v3+(1.2+v3))/15.9))
1800.018863916397,0.6130676838622093,15.0,1.0,0.0,-0.996440489432703,true,968.700601758942,0.08420092813142817,2.0,((15.8610456371801*(v2+(v2*v1)))/(v3+(1.20271391761553+v3))),-0.999475703854885,71685.08433255243,0.071336258811277,71685.08433255243,41.0,162.0597413763444,((15.9*(v2+(v2*v1)))/(v3+(1.2+v3)))
1799.0663750171661,0.7535098126799437,16.0,0.0,1.0,-0.996440489432703,true,974.8531909270714,0.08435624433534572,3.0,(((v1*(15.8358448627266*v2))--6303.53770682399)/(v3+(1.21214235743614+v3))),-0.9994753318993778,71735.94044156071,0.07572362913794982,71735.94044156071,41.0,160.74536098973752,(((v1*(15.8*v2))--6300.0)/(v3+(1.21+v3)))
859.5658390522003,0.7262818933660762,16.0,4.0,1842.0,-0.9955506117908788,true,879.6392168213306,0.07843934718808641,3.0,(((v3+(v1*(8.12539866737928*v2)))--2852.48172487232)/(0.720678573812669+v3)),-0.9995142435678992,66415.69106441857,0.08123137761218671,66415.69106441857,31.0,171.05087957737456,(((v3+(v1*(8.13*v2)))--2850.0)/(0.721+v3))
1799.5631880760193,0.7535098158484387,16.0,0.0,0.0,-0.996440489432703,true,974.8531896334598,0.08435624405185488,3.0,(((v2*(15.8358448669251*v1))--6303.53773059761)/(v3+(1.21214236043787+v3))),-0.9994753319003548,71735.94030797512,0.0757236293493011,71735.94030797512,41.0,160.74536115792338,(((v2*(15.8*v1))--6300.0)/(v3+(1.21+v3)))
1381.4685389995575,0.5067582414707388,16.0,1.0,824.0,-0.9955506117908788,true,889.9465285113729,0.07487615905167422,3.0,(((347.591214207638-v3)+(v1*v2))/((-0.717524826739781-v3)/-8.12361325875308)),-0.9995151403473422,66293.0777082061,0.07166006569042237,66293.0777082061,33.0,167.64966639363618,(((348.0-v3)+(v1*v2))/((-0.718-v3)/-8.12))
1799.2318680286407,0.16723001631544032,16.0,0.0,1.0,-0.9955506117908788,true,909.86996948047,0.07278676566699403,3.0,(((v1*(8.19692000998277*v2))-(-12907.8367174634/v3))/(0.768002651763668+v3)),-0.9994951414986598,69027.44676224611,0.0565769904828732,69027.44676224611,31.0,171.8092147932475,(((v1*(8.2*v2))-(-12900.0/v3))/(0.768+v3))
859.5658390522003,0.7262818933660762,16.0,4.0,1842.0,-0.9955506117908788,true,879.6392168213306,0.07843934718808641,3.0,(((v3+(v1*(8.12539866737928*v2)))--2852.48172487232)/(0.720678573812669+v3)),-0.9995142435678992,66415.69106441857,0.08123137761218671,66415.69106441857,31.0,171.05087957737456,(((v3+(v1*(8.13*v2)))--2850.0)/(0.721+v3))
1799.9615681171417,0.7351153783026795,16.0,0.0,0.0,-0.9959955506117909,true,986.9170654263407,0.08592727580821055,3.0,(((v1*(v2/0.127166265773038))-(-9.54667911544049*v2))/(0.575633546557541+v3)),-0.9994563371138279,74333.02763494295,0.07452091017599874,74333.02763494295,31.0,163.13031859069318,(((v1*(v2/0.127))-(-9.55*v2))/(0.576+v3))
1799.9752011299133,1.0031761001787722,16.0,1.0,0.0,-0.996440489432703,true,969.6417445862417,0.08037931164542038,3.0,(((v2+(v2*v1))/((0.582683888602575+v3)/7.89510464336075))--16.9355848998455),-0.9994707885875878,72357.13075899758,0.0875404695913809,72357.13075899758,30.0,164.65962667351783,(((v2+(v2*v1))/((0.583+v3)/7.9))--16.9)
1556.756669998169,0.649901771839955,17.0,1.0,479.0,-0.9955506117908788,true,874.1101055435865,0.07934456153272762,2.0,((8.12124772398528*(v2+(v2*v1)))/(v3+(-0.286014173689393+(v1/v1)))),-0.9995132978337489,66544.9978177785,0.07835016037249311,66544.9978177785,65.0,173.180311667722,((8.12*(v2+(v2*v1)))/(v3+(-0.286+(v1/v1))))
649.3984899520874,0.6368575451086635,17.0,0.0,2251.0,-0.9955506117908788,true,879.0709126306338,0.0770889013088945,4.0,(((v1*(v2*(7.5716787322392+0.569636219046157)))--2576.73271973878)/(0.723416904612451+v3)),-0.9995137007651225,66489.90649245495,0.07761569065301248,66489.90649245495,37.0,171.9384077669923,(((v1*(v2*(7.57+0.57)))--2580.0)/(0.723+v3))
1799.6094229221344,0.17472519422240118,17.0,1.0,0.0,-0.9955506117908788,true,950.6499529051771,0.08096670549573473,2.0,(((v1*v2)/((-0.647759660251499-v3)/-8.11454239529023))-(v1/(v1+v3))),-0.99940737041218,81028.06472385692,0.0565425989709231,81028.06472385692,30.0,186.08708036425725,(((v1*v2)/((-0.648-v3)/-8.11))-(v1/(v1+v3)))
649.3984899520874,0.6368575451086635,17.0,0.0,2251.0,-0.9955506117908788,true,879.0709126306338,0.0770889013088945,4.0,(((v1*(v2*(7.5716787322392+0.569636219046157)))--2576.73271973878)/(0.723416904612451+v3)),-0.9995137007651225,66489.90649245495,0.07761569065301248,66489.90649245495,37.0,171.9384077669923,(((v1*(v2*(7.57+0.57)))--2580.0)/(0.723+v3))
1092.54758810997,0.6326021833953394,17.0,0.0,1388.0,-0.9955506117908788,true,887.7867639479955,0.07519235903783081,4.0,((2541.46890743544-(v1*(-8.04137340304003*v2)))/(0.989860979810317*(0.712717573105096+v3))),-0.9995131017530201,66571.80721493436,0.07676011610218499,66571.80721493436,33.0,170.51411917321104,((2540.0-(v1*(-8.04*v2)))/(0.99*(0.713+v3)))
1050.509134054184,0.13832972967613388,18.0,0.0,1468.0,-0.9955506117908788,true,624.801627355062,0.06964136983977973,3.0,(((v1*v2)/((0.652501074295812+v3)/8.11828846217349))-(v1/(56.2260745462003-v1))),-0.9996274062935075,50943.36763782624,0.05117208194410364,50943.36763782624,28.0,153.89868176157646,(((v1*v2)/((0.653+v3)/8.12))-(v1/(56.2-v1)))
1413.0573539733887,0.15232292818166632,18.0,0.0,762.0,-0.9955506117908788,true,602.7934717127664,0.06167095675603057,3.0,(((v1*v2)/((-0.672545543703183-v3)/-8.15349760834096))-(v1/(-56.3460360570002+v1))),-0.9996300286512302,50584.82230758902,0.050744537701395795,50584.82230758902,28.0,153.138049568989,(((v1*v2)/((-0.673-v3)/-8.15))-(v1/(-56.3+v1)))
836.5190000534058,0.14522371314337243,18.0,0.0,1886.0,-0.9955506117908788,true,655.1614146217125,0.06703924790263725,3.0,(((v1*v2)/((0.639940477901042+v3)/8.09745844351862))-(v1/(-56.3443152214911+v1))),-0.9996247684825975,51304.02582558118,0.05027480022833139,51304.02582558118,28.0,152.32859867489498,(((v1*v2)/((0.64+v3)/8.1))-(v1/(-56.3+v1)))
1625.89994597435,0.13837004314393198,18.0,6.0,342.0,-0.9955506117908788,true,643.6830819938277,0.0711059642278724,3.0,(((v1*v2)/((-0.642166205870955-v3)/-8.10026952949145))-(v1/(-39.139073513272+v3))),-0.9996253445812691,51225.25797225239,0.051826988534440205,51225.25797225239,28.0,155.50532300868161,(((v1*v2)/((-0.642-v3)/-8.1))-(v1/(-39.1+v3)))
314.8429501056671,0.14406833962568236,18.0,6.0,2913.0,-0.9955506117908788,true,601.6534594503573,0.06811331037692028,3.0,(((v1*v2)/((0.668328838633988+v3)/8.1452384383793))-(v1/(-39.1405065822275+v3))),-0.9996292970862064,50684.84650367035,0.052236600767169857,50684.84650367035,28.0,156.46780935234315,(((v1*v2)/((0.668+v3)/8.15))-(v1/(-39.1+v3)))
1798.651076078415,0.650407615764644,18.0,0.0,2.0,-0.996440489432703,true,969.874473386114,0.08456438343888914,3.0,((v2*(v1--1.0622292455392))/((v3+(v3+(1.79551445539575+v3)))/23.7578058017773)),-0.9994743472228796,71870.57163894689,0.0724586120664226,71870.57163894689,57.0,162.66819995695562,((v2*(v1--1.06))/((v3+(v3+(1.8+v3)))/23.8))
1050.509134054184,0.13832972967613388,18.0,0.0,1468.0,-0.9955506117908788,true,624.801627355062,0.06964136983977973,3.0,(((v1*v2)/((0.652501074295812+v3)/8.11828846217349))-(v1/(56.2260745462003-v1))),-0.9996274062935075,50943.36763782624,0.05117208194410364,50943.36763782624,28.0,153.89868176157646,(((v1*v2)/((0.653+v3)/8.12))-(v1/(56.2-v1)))
635.9643449783325,0.14409842427818342,18.0,6.0,2277.0,-0.9955506117908788,true,601.4312469130382,0.06810878094504672,3.0,(((v2*v1)/((0.668465472622762+v3)/8.14547575790575))-(v1/(-39.1405312390106+v3))),-0.9996293088121455,50683.24325912237,0.05224168049156739,50683.24325912237,28.0,156.48223715669718,(((v2*v1)/((0.668+v3)/8.15))-(v1/(-39.1+v3)))
963.1791911125183,0.14721525012538422,18.0,6.0,1637.0,-0.9955506117908788,true,578.4645415609575,0.06764829775439841,3.0,(((v1*v2)/((0.682776333303495+v3)/8.17009195764388))-(v1/(-39.1413774535403+v3))),-0.9996299487756461,50595.74340251927,0.05272119909608361,50595.74340251927,28.0,157.4338170838216,(((v1*v2)/((0.683+v3)/8.17))-(v1/(-39.1+v3)))
965.1781249046326,0.1467264934276924,18.0,0.0,1633.0,-0.9955506117908788,true,604.889886549754,0.0680563105326125,3.0,(((v1*(8.14550993292353*v2))-(v1/(-56.2870850423797+v1)))/(0.667778846466586+v3)),-0.9996299371545092,50597.33231784513,0.05119846426603462,50597.33231784513,43.0,154.97039597164542,(((v1*(8.15*v2))-(v1/(-56.3+v1)))/(0.668+v3))
860.2632639408112,0.15041820587285143,18.0,0.0,1840.0,-0.9955506117908788,true,616.8352438002494,0.06263526796429791,3.0,(((v1*v2)/((0.663794180656265+v3)/8.13845450950437))-(v1/(-56.3455321424272+v1))),-0.9996291650153809,50702.90406207913,0.05051247815869186,50702.90406207913,28.0,152.7965209616648,(((v1*v2)/((0.664+v3)/8.14))-(v1/(-56.3+v1)))
1797.3018300533295,0.6184579288257064,18.0,1.0,5.0,-0.996440489432703,true,960.8744535317619,0.08148954630801089,3.0,((v2+(v2*v1))/((v3+(0.350047205192078+(0.000821545793482818*v2)))/7.95833588146945)),-0.9994814826489161,70894.97107057102,0.07194295919885235,70894.97107057102,50.0,162.53745799200917,((v2+(v2*v1))/((v3+(0.35+(0.000822*v2)))/7.96))
1758.2703659534454,0.14887979103617036,18.0,0.0,82.0,-0.9955506117908788,true,807.4323733123001,0.0814851499125988,3.0,(((v1*v2)/((0.545891006132085+v3)/7.93558604979718))-(v1/(-56.3397310572916+v1))),-0.999577809641578,57724.535512704795,0.050255003537981506,57724.535512704795,28.0,152.18284163404695,(((v1*v2)/((0.546+v3)/7.94))-(v1/(-56.3+v1)))
1788.6646490097046,0.13891271711092282,18.0,0.0,22.0,-0.9955506117908788,true,666.9470934021265,0.07286863199128231,3.0,(((v2*v1)/((0.626324552989842+v3)/8.07327160849509))-(v1/(56.2274827263756-v1))),-0.9996205398162711,51882.19582558797,0.051156215206794114,51882.19582558797,28.0,153.60388409962445,(((v2*v1)/((0.626+v3)/8.07))-(v1/(56.2-v1)))
1777.4718179702759,0.13823819857823122,18.0,0.0,44.0,-0.9955506117908788,true,625.4774990241731,0.06969314740757633,3.0,(((v1*v2)/((0.652082432110089+v3)/8.11756629403722))-(v1/(56.2261024299219-v1))),-0.9996273243218396,50954.575322603654,0.05117135233889415,50954.575322603654,28.0,153.89062885392318,(((v1*v2)/((0.652+v3)/8.12))-(v1/(56.2-v1)))
963.1791911125183,0.14721525012538422,18.0,6.0,1637.0,-0.9955506117908788,true,578.4645415609575,0.06764829775439841,3.0,(((v1*v2)/((0.682776333303495+v3)/8.17009195764388))-(v1/(-39.1413774535403+v3))),-0.9996299487756461,50595.74340251927,0.05272119909608361,50595.74340251927,28.0,157.4338170838216,(((v1*v2)/((0.683+v3)/8.17))-(v1/(-39.1+v3)))
1787.1121060848236,0.1400837529165564,18.0,6.0,25.0,-0.9955506117908788,true,631.035636566452,0.0701377683816504,3.0,(((v2*v1)/((0.650027677676619+v3)/8.1137876936745))-(v1/(-39.139522695587+v3))),-0.9996269115088213,51011.01772888173,0.05192829214861982,51011.01772888173,28.0,155.80835741218797,(((v2*v1)/((0.65+v3)/8.11))-(v1/(-39.1+v3)))
1798.378816127777,0.647947927658324,18.0,1.0,3.0,-0.996440489432703,true,880.0533460288007,0.07875670615022629,3.0,(((v2+(v1*v2))/((0.706854044312512+v3)/8.10919105466888))-(v2/-20485.5026995531)),-0.9995130299182908,66581.62891336299,0.07773078611663606,66581.62891336299,32.0,172.05441575310675,(((v2+(v1*v2))/((0.707+v3)/8.11))-(v2/-20500.0))
1798.9841079711914,0.6268092502470198,18.0,1.0,2.0,-0.9955506117908788,true,902.9506994374187,0.07395155362742963,3.0,((v2+(v1*v2))/((v3+(0.664346237365786+(1.09869232111969/v1)))/8.06385086132049)),-0.9995083017123677,67228.09912584997,0.0753765057840841,67228.09912584997,50.0,168.81533668002254,((v2+(v1*v2))/((v3+(0.664+(1.1/v1)))/8.06))
1570.5811040401459,0.14047396463821668,18.0,0.0,452.0,-0.9955506117908788,true,690.2563567720026,0.07106383973770067,3.0,(((v1*v2)/((0.618170991260233+v3)/8.0600118720832))-(v1/(-56.3431703559224+v1))),-0.99961812107018,52212.90208603024,0.05026260123171359,52212.90208603024,28.0,152.08755313644915,(((v1*v2)/((0.618+v3)/8.06))-(v1/(-56.3+v1)))
314.8429501056671,0.14406833962568236,18.0,6.0,2913.0,-0.9955506117908788,true,601.6534594503573,0.06811331037692028,3.0,(((v1*v2)/((0.668328838633988+v3)/8.1452384383793))-(v1/(-39.1405065822275+v3))),-0.9996292970862064,50684.84650367035,0.052236600767169857,50684.84650367035,28.0,156.46780935234315,(((v1*v2)/((0.668+v3)/8.15))-(v1/(-39.1+v3)))
1601.3935050964355,0.6518610616555397,18.0,1.0,391.0,-0.9955506117908788,true,869.062952324859,0.07998679168710043,3.0,(((v2+(v1*v2))/((0.719548433285258+v3)/8.13134894462434))-(v1/-9191.07530006938)),-0.9995134433776206,66525.09813930135,0.07888976847574354,66525.09813930135,32.0,174.1157685929131,(((v2+(v1*v2))/((0.72+v3)/8.13))-(v1/-9190.0))
1605.0665519237518,0.15633516602408234,19.0,0.0,383.0,-0.9955506117908788,true,650.9341519358713,0.0665768322243757,4.0,((v2*(8.13767429990155*v1))/(v3+(0.611968503898178+(1.61074025794522/(-56.5233669770478+v1))))),-0.9996463191807986,48357.47809226761,0.0504471372569293,48357.47809226761,50.0,152.447427068607,((v2*(8.14*v1))/(v3+(0.612+(1.61/(-56.5+v1)))))
1713.7503669261932,0.15763971205463978,19.0,0.0,169.0,-0.9955506117908788,true,642.4972770190834,0.06719699649080149,4.0,(v2*(8.14714072826994*(v1/(v3+(0.616961383196988+(1.62609486165591/(-56.5269190463818+v1))))))),-0.9996471754069753,48240.40943505919,0.05058728335056158,48240.40943505919,33.0,152.5042111126386,(v2*(8.15*(v1/(v3+(0.617+(1.63/(-56.5+v1)))))))
1624.794322013855,0.15747459544404355,19.0,0.0,344.0,-0.9955506117908788,true,645.7527280369777,0.06710305557719534,4.0,(v2*(8.14440057696486*(v1/(v3+(0.614418936889194-(-1.65497251604365/(-56.5310044904575+v1))))))),-0.9996467172339029,48303.05375477845,0.0505433189032966,48303.05375477845,33.0,152.55757339179175,(v2*(8.14*(v1/(v3+(0.614-(-1.65/(-56.5+v1)))))))
1799.552927017212,0.9809090857733729,19.0,0.0,0.0,-0.9959955506117909,true,972.4042565674181,0.07896501260334873,4.0,(((v2*(7.8862667449931*v1))--4095.27707515149)/(v3+(0.698453344776831+(-0.00104360075175794*v1)))),-0.9994778229776513,71395.34446773276,0.08592953015488924,71395.34446773276,49.0,163.17086961428396,(((v2*(7.89*v1))--4100.0)/(v3+(0.698+(-0.00104*v1))))
1266.09699010849,0.15553831366251694,19.0,0.0,1050.0,-0.9955506117908788,true,641.5191648098298,0.06630465504874065,4.0,((v1*v2)/((v3+(0.621605509467118+(-1.39692086667887/(56.4913910712653-v1))))/8.14219309287922)),-0.9996476389092598,48177.03647178149,0.050538705529034625,48177.03647178149,41.0,152.02251119605262,((v1*v2)/((v3+(0.622+(-1.4/(56.5-v1))))/8.14))
1798.6292459964752,0.17110599164781842,19.0,0.0,2.0,-0.9955506117908788,true,930.9584895624494,0.0770361252743334,4.0,((v2*v1)/((v3+(0.691107622742703+(32.6370046761837/(-1283.59572011071+v1))))/8.15249413886807)),-0.999417695352142,79616.37364277345,0.056890068808822,79616.37364277345,41.0,189.97404373545118,((v2*v1)/((v3+(0.691+(32.6/(-1280.0+v1))))/8.15))
1588.4387290477753,0.1539414287208824,19.0,0.0,416.0,-0.9955506117908788,true,652.1856230289486,0.06554372824025247,4.0,((v1*(8.1303667104685*v2))/(v3+(0.615174247551798+(1.38286106475574/(-56.4879394443102+v1))))),-0.9996464159814772,48344.24289137729,0.0503610971027841,48344.24289137729,50.0,151.95274317507202,((v1*(8.13*v2))/(v3+(0.615+(1.38/(-56.5+v1)))))
1560.874480009079,0.1520713115522206,19.0,0.0,471.0,-0.9955506117908788,true,664.4706091491698,0.0650214973928146,4.0,((v1*v2)/((v3+(0.607866215336158+(1.36331538773495/(-56.4835840580395+v1))))/8.11668343210174)),-0.9996446872791357,48580.60200691203,0.05020904395193873,48580.60200691203,41.0,151.88163453968554,((v1*v2)/((v3+(0.608+(1.36/(-56.5+v1))))/8.12))
1312.1333620548248,0.1422444402583928,19.0,0.0,960.0,-0.9955506117908788,true,694.8522027439285,0.07017662890382284,4.0,((v2*v1)/((v3+(0.598830202149318+(0.785375872049517/(-56.3959827956171+v1))))/8.06920814485736)),-0.9996340652114375,50032.918270966555,0.05038122581386198,50032.918270966555,41.0,151.8686300167539,((v2*v1)/((v3+(0.599+(0.785/(-56.4+v1))))/8.07))
1088.7364430427551,0.16046279411169426,19.0,0.0,1395.0,-0.9955506117908788,true,602.7081857835237,0.0660913360859759,4.0,((v2*(8.18287620481239*v1))/(v3+(0.646520983787304+(1.35747837952222/(-56.4897713475123+v1))))),-0.999650057792593,47846.311446725376,0.05155258033706635,47846.311446725376,50.0,153.1641084165257,((v2*(8.18*v1))/(v3+(0.647+(1.36/(-56.5+v1)))))
1724.2099719047546,0.16029904948563242,19.0,0.0,149.0,-0.9955506117908788,true,609.3706436474477,0.06608634281676479,4.0,((v1*(8.17770825355164*v2))/(v3+(0.641018108173202+(1.43381164458089/(-56.5009840507782+v1))))),-0.9996498648697031,47872.68908417438,0.051391098017204005,47872.68908417438,50.0,153.11845152794734,((v1*(8.18*v2))/(v3+(0.641+(1.43/(-56.5+v1)))))
1799.898020029068,1.2678105708399792,19.0,0.0,0.0,-0.9959955506117909,true,891.6386476128637,0.08982809094560706,4.0,((5502.25376257501-(v1*(-7.98513751074193*v2)))/(v3+(0.637209522480205+(4.75327489061876/v1)))),-0.9995079692760449,67273.55192205493,0.10593503550403446,67273.55192205493,49.0,178.19544530470975,((5500.0-(v1*(-7.99*v2)))/(v3+(0.637+(4.75/v1))))
1727.420089006424,0.14577173577936292,19.0,0.0,143.0,-0.9955506117908788,true,605.5179958774806,0.06831565241219768,4.0,((v2*(8.1428588194549*v1))/(v3+(0.668888697587727+(-0.0734646688845449/(-56.2747493053072+v1))))),-0.9996280349933252,50857.40782319021,0.05097010544237968,50857.40782319021,50.0,154.03809716859053,((v2*(8.14*v1))/(v3+(0.669+(-0.0735/(-56.3+v1)))))
1066.3120260238647,0.14526913476952527,19.0,0.0,1438.0,-0.9955506117908788,true,608.7951212770677,0.06855680213801817,4.0,((v1*v2)/((v3+(0.666937628019646+(-0.0791794441761592/(-56.2739329390195+v1))))/8.13920265340353)),-0.9996276287551021,50912.95128188838,0.050917660110656855,50912.95128188838,41.0,154.00293909806243,((v1*v2)/((v3+(0.667+(-0.0792/(-56.3+v1))))/8.14))
1609.9181020259857,0.1465219836043249,19.0,0.0,374.0,-0.9955506117908788,true,599.7966154495134,0.06820825172324614,4.0,((v1*(8.14892139753866*v2))/(v3+(0.6724895811542+(-0.0759681633622937/(-56.2743479586558+v1))))),-0.9996283240920688,50817.88041485255,0.05108130425099952,50817.88041485255,50.0,154.25593488791498,((v1*(8.15*v2))/(v3+(0.672+(-0.076/(-56.3+v1)))))
1798.9362471103668,0.6319863866332932,19.0,1.0,2.0,-0.996440489432703,true,919.9294407841953,0.07526788676924681,3.0,((8.02837516187086*(v2+(v1*v2)))/(v3+(0.655464008349718+(327.698385424394/pow2(v2))))),-0.9995039480257717,67823.36268768294,0.07424042563748544,67823.36268768294,65.0,166.5065538089435,((8.03*(v2+(v1*v2)))/(v3+(0.655+(328.0/pow2(v2)))))
1659.7839760780334,0.6214843306163994,20.0,7.0,275.0,-0.996440489432703,true,646.497733581944,0.06878365169939729,3.0,(((v2+(v1*v2))/((-0.631727438129036-v3)/-7.97766199140815))-(v1/(-39.1399378408797+v3))),-0.9997065178770882,40126.731670729154,0.06806057857151801,40126.731670729154,36.0,135.6632646746183,(((v2+(v1*v2))/((-0.632-v3)/-7.98))-(v1/(-39.1+v3)))
554.8194351196289,0.6254075154813897,20.0,1.0,2437.0,-0.996440489432703,true,642.5463366484291,0.06668190117686243,3.0,(((v2+(v1*v2))/((0.639116174191392+v3)/7.99114856013574))-(v1/(-56.3455603726157+v1))),-0.999708103188914,39909.97781323587,0.06715009194145852,39909.97781323587,36.0,133.13694215109712,(((v2+(v1*v2))/((0.639+v3)/7.99))-(v1/(-56.3+v1)))
1313.9798119068146,0.309273784068225,20.0,0.0,956.0,-0.9955506117908788,true,655.3726426532121,0.062067080973918096,4.0,(((v1*(7.96646937085179*v2))-(-9847.62221534097/sqrt_abs((-56.3430813168238+v1))))/(0.605386390158876+v3)),-0.999680343181951,43705.50150487436,0.05723487256150544,43705.50150487436,49.0,139.88379384787112,(((v1*(7.97*v2))-(-9850.0/sqrt_abs((-56.3+v1))))/(0.605+v3))
1363.8063719272614,0.6176012367637546,20.0,1.0,858.0,-0.996440489432703,true,680.9403300324757,0.06691396476119843,3.0,(((v2+(v1*v2))/((0.615285965545442+v3)/7.95075679920544))-(v1/(v1-56.3443974958468))),-0.9997052513799785,40299.89516424046,0.06579587489721686,40299.89516424046,36.0,130.7009396106908,(((v2+(v1*v2))/((0.615+v3)/7.95))-(v1/(v1-56.3)))
1694.8289289474487,0.6308926073674234,20.0,1.0,206.0,-0.996440489432703,true,615.6012543683901,0.0685360272857243,3.0,(((v2+(v1*v2))/((-0.655842790438457-v3)/-8.01953992990465))-(v1/(-56.3464839238029+v1))),-0.9997083138487982,39881.1750617681,0.06810912731867136,39881.1750617681,36.0,134.88305849834427,(((v2+(v1*v2))/((-0.656-v3)/-8.02))-(v1/(-56.3+v1)))
1101.0118761062622,0.34648118967832914,20.0,0.0,1371.0,-0.9955506117908788,true,654.2198927141035,0.062188482329174656,4.0,(((v2*(7.95287035908378*v1))-(-11012.4709301744/sqrt_abs((-56.3572924051021+v1))))/(0.602460401472061+v3)),-0.9996837579575076,43238.61179752234,0.058063230292770475,43238.61179752234,49.0,138.60781078367754,(((v2*(7.95*v1))-(-11000.0/sqrt_abs((-56.4+v1))))/(0.602+v3))
1799.6111600399017,0.6152351145525274,20.0,1.0,0.0,-0.996440489432703,true,964.3988211314663,0.08297544262093032,3.0,((7.94355472899104*(v2+(v1*v2)))/(v3+(0.629747914357405+(-0.000958138165858742/(v3/v1))))),-0.9994786859331768,71277.35573140999,0.07149175845634022,71277.35573140999,73.0,159.3049320594434,((7.94*(v2+(v1*v2)))/(v3+(0.63+(-0.000958/(v3/v1)))))
1588.0071320533752,0.6286893771119371,20.0,1.0,417.0,-0.996440489432703,true,626.4170290657548,0.06782369170545358,3.0,(((v2+(v2*v1))/((0.649114715648156+v3)/8.00813385955024))-(v1/(-56.3461088224966+v1))),-0.9997084110098713,39867.89058545185,0.06772385252375673,39867.89058545185,36.0,134.18127714255883,(((v2+(v2*v1))/((0.649+v3)/8.01))-(v1/(-56.3+v1)))
825.8902740478516,0.40453859692281813,20.0,0.0,1907.0,-0.9955506117908788,true,663.351301665427,0.06286848147020867,4.0,(((v1*(7.91945058950309*v2))-(-12872.7145849611/sqrt_abs((-56.381313504246+v1))))/(0.591065076927136+v3)),-0.9996863413429686,42885.395001331126,0.05927503267190974,42885.395001331126,49.0,136.35191998174935,(((v1*(7.92*v2))-(-12900.0/sqrt_abs((-56.4+v1))))/(0.591+v3))
1109.103833913803,0.6170367182848762,20.0,1.0,1355.0,-0.996440489432703,true,666.352699341378,0.06890562308650457,3.0,(((v2+(v2*v1))/((0.618047482859696+v3)/7.95466526452251))-(v1/(56.2266210359881-v1))),-0.999707290016101,40021.159942291895,0.06635688397419179,40021.159942291895,36.0,131.81337708826695,(((v2+(v2*v1))/((0.618+v3)/7.95))-(v1/(56.2-v1)))
440.882611989975,0.41407556508110754,20.0,0.0,2662.0,-0.9955506117908788,true,666.8581486236963,0.0631546528381185,4.0,(((v1*(v2/0.126364538387392))-(-13155.4950784524/sqrt_abs((-56.1862178356321+v1))))/(0.588776033437661+v3)),-0.9996857282738717,42969.217684982534,0.059378198357142246,42969.217684982534,49.0,135.71756970714515,(((v1*(v2/0.126))-(-13200.0/sqrt_abs((-56.2+v1))))/(0.589+v3))
1288.4675040245056,0.39075281335172707,20.0,0.0,1006.0,-0.9955506117908788,true,653.8079435610198,0.062483325920280566,4.0,(((v2*(7.93562001617679*v1))-(-12402.6720359109/sqrt_abs((-56.3757365753452+v1))))/(0.598462389535491+v3)),-0.9996867432171156,42830.44822671725,0.05914727725133383,42830.44822671725,49.0,137.39256269287583,(((v2*(7.94*v1))-(-12400.0/sqrt_abs((-56.4+v1))))/(0.598+v3))
1799.7548220157623,0.630373785114748,20.0,1.0,0.0,-0.996440489432703,true,922.6004116083686,0.07553454412879118,3.0,((v2+(v1*v2))/((v3+(0.655389880112409+(18.7488984104649/(v1*v2))))/8.0233555291343)),-0.9995030260685164,67949.41851359683,0.07405365904445921,67949.41851359683,71.0,165.96929078278401,((v2+(v1*v2))/((v3+(0.655+(18.7/(v1*v2))))/8.02))
825.8902740478516,0.40453859692281813,20.0,0.0,1907.0,-0.9955506117908788,true,663.351301665427,0.06286848147020867,4.0,(((v1*(7.91945058950309*v2))-(-12872.7145849611/sqrt_abs((-56.381313504246+v1))))/(0.591065076927136+v3)),-0.9996863413429686,42885.395001331126,0.05927503267190974,42885.395001331126,49.0,136.35191998174935,(((v1*(7.92*v2))-(-12900.0/sqrt_abs((-56.4+v1))))/(0.591+v3))
1109.103833913803,0.6170367182848762,20.0,1.0,1355.0,-0.996440489432703,true,666.352699341378,0.06890562308650457,3.0,(((v2+(v2*v1))/((0.618047482859696+v3)/7.95466526452251))-(v1/(56.2266210359881-v1))),-0.999707290016101,40021.159942291895,0.06635688397419179,40021.159942291895,36.0,131.81337708826695,(((v2+(v2*v1))/((0.618+v3)/7.95))-(v1/(56.2-v1)))
1381.6893820762634,0.6187406097581248,20.0,7.0,824.0,-0.996440489432703,true,660.0019542701248,0.06958859961187008,3.0,(((v2+(v2*v1))/((0.623376916864419+v3)/7.96346735415014))-(v1/(-39.1394784846159+v3))),-0.9997056516376239,40245.16940793726,0.0675829395315741,40245.16940793726,36.0,134.78978908422567,(((v2+(v2*v1))/((0.623+v3)/7.96))-(v1/(-39.1+v3)))
440.882611989975,0.41407556508110754,20.0,0.0,2662.0,-0.9955506117908788,true,666.8581486236963,0.0631546528381185,4.0,(((v1*(v2/0.126364538387392))-(-13155.4950784524/sqrt_abs((-56.1862178356321+v1))))/(0.588776033437661+v3)),-0.9996857282738717,42969.217684982534,0.059378198357142246,42969.217684982534,49.0,135.71756970714515,(((v1*(v2/0.126))-(-13200.0/sqrt_abs((-56.2+v1))))/(0.589+v3))
1672.7131509780884,0.6095049261409908,20.0,1.0,250.0,-0.996440489432703,true,720.8522348077968,0.07127663626960723,3.0,(((v2+(v2*v1))/((0.590629344732821+v3)/7.90888962032324))-(v1/(-56.3430487089985+v1))),-0.9996990832027669,41143.24735690973,0.0645468942546052,41143.24735690973,36.0,128.3894181663634,(((v2+(v2*v1))/((0.591+v3)/7.91))-(v1/(-56.3+v1)))
1748.1170899868011,0.38671890169281564,20.0,0.0,102.0,-0.9955506117908788,true,710.809913087418,0.06499848089095724,4.0,(((v1*(v2/0.126979199022127))-(-12468.8855692481/sqrt_abs((56.2001449900222-v1))))/(0.563420232195769+v3)),-0.9996767858408028,44191.88368139696,0.05822785332495371,44191.88368139696,49.0,134.13915898771788,(((v1*(v2/0.127))-(-12500.0/sqrt_abs((56.2-v1))))/(0.563+v3))
1750.5980610847473,0.6255096491720068,20.0,1.0,97.0,-0.996440489432703,true,624.6888762263479,0.0663881336464604,3.0,(((v2+(v1*v2))/((0.643909298713277+v3)/7.99850927505348))-(v1/(56.2253971254867-v1))),-0.9997101839543785,39625.482401271256,0.06780116077107962,39625.482401271256,36.0,134.4781803687633,(((v2+(v1*v2))/((0.644+v3)/8.0))-(v1/(56.2-v1)))
440.882611989975,0.41407556508110754,20.0,0.0,2662.0,-0.9955506117908788,true,666.8581486236963,0.0631546528381185,4.0,(((v1*(v2/0.126364538387392))-(-13155.4950784524/sqrt_abs((-56.1862178356321+v1))))/(0.588776033437661+v3)),-0.9996857282738717,42969.217684982534,0.059378198357142246,42969.217684982534,49.0,135.71756970714515,(((v1*(v2/0.126))-(-13200.0/sqrt_abs((-56.2+v1))))/(0.589+v3))
1799.4131240844727,0.1733297840568746,20.0,6.0,1.0,-0.9955506117908788,true,943.0577644171635,0.08012035040291231,3.0,(((v1*v2)/((0.654183701808962+v3)/8.12540685326028))-(v1/(v3+(-2808.82027160577/v3)))),-0.9994115053168937,80462.71440443193,0.05542468569159282,80462.71440443193,32.0,184.7463465850833,(((v1*v2)/((0.654+v3)/8.13))-(v1/(v3+(-2810.0/v3))))
1313.9798119068146,0.309273784068225,20.0,0.0,956.0,-0.9955506117908788,true,655.3726426532121,0.062067080973918096,4.0,(((v1*(7.96646937085179*v2))-(-9847.62221534097/sqrt_abs((-56.3430813168238+v1))))/(0.605386390158876+v3)),-0.999680343181951,43705.50150487436,0.05723487256150544,43705.50150487436,49.0,139.88379384787112,(((v1*(7.97*v2))-(-9850.0/sqrt_abs((-56.3+v1))))/(0.605+v3))
1427.1409831047058,0.6280868300149844,20.0,7.0,735.0,-0.996440489432703,true,614.056750699132,0.07021206988631137,3.0,(((v2+(v2*v1))/((0.651881869565569+v3)/8.01183479460647))-(v1/(-39.1410744666349+v3))),-0.9997070600387209,40052.60390396102,0.06920987044887818,40052.60390396102,36.0,137.76485711612384,(((v2+(v2*v1))/((0.652+v3)/8.01))-(v1/(-39.1+v3)))
1718.7793970108032,0.38764456100960243,20.0,0.0,160.0,-0.9955506117908788,true,710.6282642073602,0.06499502108941788,4.0,(((v1*(v2/0.126981751417872))-(-12497.1138460296/sqrt_abs((56.1997385186067-v1))))/(0.563449183720478+v3)),-0.9996768776774477,44179.3271945744,0.058247043730977416,44179.3271945744,49.0,134.10759134446548,(((v1*(v2/0.127))-(-12500.0/sqrt_abs((56.2-v1))))/(0.563+v3))
1785.7624280452728,0.6307239288525057,20.0,1.0,28.0,-0.996440489432703,true,599.0863407552606,0.06931172286651997,3.0,(((v2+(v1*v2))/((0.659822529378393+v3)/8.0255021958753))-(v1/(56.2243455375655-v1))),-0.999710205741024,39622.50359333294,0.06871430087089078,39622.50359333294,36.0,136.14525421464342,(((v2+(v1*v2))/((0.66+v3)/8.03))-(v1/(56.2-v1)))
1596.4234039783478,0.6093094094059928,20.0,1.0,401.0,-0.996440489432703,true,721.8185008094679,0.07138180533351415,3.0,(((v2+(v2*v1))/((0.590038115835329+v3)/7.90787917988928))-(v1/(-56.3429874063129+v1))),-0.9996988928800422,41169.269483329015,0.06451801513821113,41169.269483329015,36.0,128.34062871529758,(((v2+(v2*v1))/((0.59+v3)/7.91))-(v1/(-56.3+v1)))
1109.103833913803,0.6170367182848762,20.0,1.0,1355.0,-0.996440489432703,true,666.352699341378,0.06890562308650457,3.0,(((v2+(v2*v1))/((0.618047482859696+v3)/7.95466526452251))-(v1/(56.2266210359881-v1))),-0.999707290016101,40021.159942291895,0.06635688397419179,40021.159942291895,36.0,131.81337708826695,(((v2+(v2*v1))/((0.618+v3)/7.95))-(v1/(56.2-v1)))
1799.0461959838867,2.3177951623976476,21.0,1.0,1.0,-0.9959955506117909,true,977.3038090142045,0.0845313874640283,3.0,(((v2*(7.99305321954937*v1))-(-211077.028166122/sqrt_abs((v1+(v1*v2)))))/(0.6103365941088+v3)),-0.9994760783018595,71633.88757440195,0.1285627030163665,71633.88757440195,409.0,161.21232476805503,(((v2*(7.99*v1))-(-211000.0/sqrt_abs((v1+(v1*v2)))))/(0.61+v3))
1672.5031309127808,0.13381718110773375,21.0,0.0,250.0,-0.9973303670745273,true,474.7106227130689,0.0753287002122802,4.0,((8.20528313583341*(v2*v1))/(v3+(0.741120850395063+(19.8948592256045/(v1+(-2316.3842756123/v3)))))),-0.9997356460990352,36144.13697461991,0.04462858436963794,36144.13697461991,55.0,127.50577723207213,((8.21*(v2*v1))/(v3+(0.741+(19.9/(v1+(-2320.0/v3))))))
1799.0614790916443,0.6154177180428916,21.0,8.0,1.0,-0.996440489432703,true,962.5811216191923,0.08287793692343824,2.0,(((v2+(v1*v2))/((-0.608995554366848-v3)/-7.94364586696889))-(v1/(v3+(v1+v3)))),-0.9994803389870963,71051.3397464939,0.07161195772922561,71051.3397464939,42.0,162.51234882999867,(((v2+(v1*v2))/((-0.609-v3)/-7.94))-(v1/(v3+(v1+v3))))
1142.5534620285034,0.1309699940896784,21.0,0.0,1290.0,-0.9973303670745273,true,496.0112515254623,0.0749975961863574,4.0,((v2*v1)/((v3+(0.760728915090637+(20.4127408254728/(v1+(-2321.04751041626/v3)))))/8.23737678777982)),-0.9997370382869294,35953.78824227066,0.04532302398590013,35953.78824227066,51.0,129.16902559648165,((v2*v1)/((v3+(0.761+(20.4/(v1+(-2320.0/v3)))))/8.24))
1251.044186115265,0.1336744374328611,21.0,0.0,1079.0,-0.9973303670745273,true,475.02606458738774,0.07529320067780772,4.0,((v2*(8.20623527637583*v1))/(v3+(0.741501197833128+(19.8163904552906/(v1+(-2316.0224474289/v3)))))),-0.9997356209402118,36147.576848035926,0.04460102563617605,36147.576848035926,64.0,127.47633232100326,((v2*(8.21*v1))/(v3+(0.742+(19.8/(v1+(-2320.0/v3))))))
1142.5534620285034,0.1309699940896784,21.0,0.0,1290.0,-0.9973303670745273,true,496.0112515254623,0.0749975961863574,4.0,((v2*v1)/((v3+(0.760728915090637+(20.4127408254728/(v1+(-2321.04751041626/v3)))))/8.23737678777982)),-0.9997370382869294,35953.78824227066,0.04532302398590013,35953.78824227066,51.0,129.16902559648165,((v2*v1)/((v3+(0.761+(20.4/(v1+(-2320.0/v3)))))/8.24))
1251.1745450496674,0.1357297294347479,21.0,0.0,1079.0,-0.9973303670745273,true,468.4787991243488,0.07213077624392503,4.0,(v2*(8.1812643394233*(v1/(v3+(0.725779334605335+(19.1474248407547/(v1+(-2310.78757297267/v3)))))))),-0.9997329440394228,36513.579651232576,0.04430138554548878,36513.579651232576,41.0,127.28609177112614,(v2*(8.18*(v1/(v3+(0.726+(19.1/(v1+(-2310.0/v3))))))))
1246.5800399780273,0.13426885685144735,21.0,0.0,1088.0,-0.9973303670745273,true,473.00175741425664,0.07548827138257484,4.0,((v1*v2)/((v3+(0.739344941588062+(20.0445144709297/(v1+(-2316.97704012688/v3)))))/8.20165160970843)),-0.999735563162654,36155.476561100615,0.04466453945528286,36155.476561100615,51.0,127.52257361242117,((v1*v2)/((v3+(0.739+(20.0/(v1+(-2320.0/v3)))))/8.2))
1798.6607620716095,0.6221511782715557,21.0,7.0,2.0,-0.996440489432703,true,945.1609741014981,0.07901595729643712,2.0,(((v2+(v2*v1))/((0.629299187278357+v3)/7.97788446676894))-(v1/(v1+(v1*v2)))),-0.9994917299756324,69493.89176322384,0.07267635218896627,69493.89176322384,44.0,164.08438643336632,(((v2+(v2*v1))/((0.629+v3)/7.98))-(v1/(v1+(v1*v2))))
1799.692785024643,0.6284224919577244,21.0,1.0,0.0,-0.996440489432703,true,928.9395480744324,0.0763267702326802,4.0,((8.00862717368562*(v2+(v1*v2)))/(v3+(0.651534303282374+((v3--63.7925285758369)/-8224.15267304998)))),-0.9995000248028522,68359.7705336315,0.07367710642697574,68359.7705336315,57.0,165.31061731027546,((8.01*(v2+(v1*v2)))/(v3+(0.652+((v3--63.8)/-8220.0))))
1799.708853006363,0.6345085406366286,21.0,1.0,0.0,-0.996440489432703,true,913.8263921601447,0.07458552910971074,4.0,((v2+(v1*v2))/((v3+(0.67064354756668+(8.26480470341974/(-22279.3398822491+v1))))/8.04177437777742)),-0.9995048419699691,67701.13698417762,0.0746209566337295,67701.13698417762,57.0,167.10657429662248,((v2+(v1*v2))/((v3+(0.671+(8.26/(-22300.0+v1))))/8.04))
1198.0291199684143,0.13299499096616307,21.0,0.0,1183.0,-0.9973303670745273,true,479.92154027112974,0.07489848156227222,4.0,((v1*(8.21372490964076*v2))/(v3+(0.74602763198039+(19.9139568379924/(v1+(-2316.98843109006/v3)))))),-0.9997360785214455,36085.01344826598,0.044721275018608925,36085.01344826598,64.0,127.72409453306139,((v1*(8.21*v2))/(v3+(0.746+(19.9/(v1+(-2320.0/v3))))))
1202.6266551017761,0.1323177754838508,21.0,0.0,1174.0,-0.9973303670745273,true,483.2352736086241,0.07460895639401692,4.0,((v2*(8.21982973836267*v1))/(v3+(0.749299086410136+(19.7945124210181/(v1+(-2316.71324559645/v3)))))),-0.9997361782241718,36071.381461060526,0.044725099330023874,36071.381461060526,64.0,127.79319463561711,((v2*(8.22*v1))/(v3+(0.749+(19.8/(v1+(-2320.0/v3))))))
1294.2604789733887,0.1391967556149744,21.0,0.0,995.0,-0.9973303670745273,true,478.2589762205753,0.06895133899490367,4.0,((v2*v1)/((v3+(0.70665588679053+(19.3461802986035/(v1+(-2310.14148208376/v3)))))/8.14746731251098)),-0.9997291282883575,37035.29326567543,0.04383539530560796,37035.29326567543,51.0,126.79441719784482,((v2*v1)/((v3+(0.707+(19.3/(v1+(-2310.0/v3)))))/8.15))
1653.5681359767914,0.1344671417796491,21.0,0.0,288.0,-0.9973303670745273,true,469.7392711872644,0.07479874237991979,4.0,((v1*(8.19787142026231*v2))/(v3+(0.736566436078481+(19.7617367564892/(v1+(-2315.23320349675/v3)))))),-0.9997350553346901,36224.910011565335,0.04449267931635519,36224.910011565335,64.0,127.23615503060319,((v1*(8.2*v2))/(v3+(0.737+(19.8/(v1+(-2320.0/v3))))))
997.5325720310211,0.13444715328997978,21.0,0.0,1570.0,-0.9973303670745273,true,467.39156556843955,0.07418147439689986,4.0,((v1*v2)/((v3+(0.734771696700975+(19.4202748599194/(v1+(-2313.20037868955/v3)))))/8.19593617086415)),-0.9997345138631127,36298.94342960418,0.04439790418753179,36298.94342960418,51.0,127.1926886328585,((v1*v2)/((v3+(0.735+(19.4/(v1+(-2310.0/v3)))))/8.2))
1362.7274351119995,0.13313460300694827,21.0,0.0,861.0,-0.9973303670745273,true,478.94328564256375,0.07497776999593461,4.0,((v2*(8.21220968325225*v1))/(v3+(0.745118954627689+(19.8977251855364/(v1+(-2316.81190109132/v3)))))),-0.9997359970865926,36096.147736315106,0.04469858092594604,36096.147736315106,64.0,127.67631435566061,((v2*(8.21*v1))/(v3+(0.745+(19.9/(v1+(-2320.0/v3))))))
1799.4559390544891,0.17268671264197716,21.0,0.0,1.0,-0.9959955506117909,true,939.5589226330258,0.06463087835463752,4.0,((v2*(8.13858843560668*v1))/(v3+(0.661720369533771+(0.77775998233938/(v1+(-40.6348934485354+v1)))))),-0.9994763149383177,71601.53314147165,0.05199884827310186,71601.53314147165,64.0,164.6582187202997,((v2*(8.14*v1))/(v3+(0.662+(0.778/(v1+(-40.6+v1))))))
1799.0628409385681,0.5844484814287897,22.0,0.0,1.0,-0.996440489432703,true,961.4517621475734,0.0808200482215281,5.0,(((v1*(7.98513988930786*v2))--2433.26362115217)/(v3+(0.613845865193783+(0.80989099072171/(-37.4572478383427+v1))))),-0.9994920662007082,69447.92094476365,0.06882298622807458,69447.92094476365,57.0,158.81937127574994,(((v1*(7.99*v2))--2430.0)/(v3+(0.614+(0.81/(-37.5+v1)))))
1794.4238290786743,0.6127863330770735,22.0,1.0,10.0,-0.996440489432703,true,702.431457710416,0.07340640963884833,3.0,(((v2+(v1*v2))/((-0.597813592187462-v3)/-7.92075349094487))-(v1/(v1+(-2201.89984665735/v3)))),-0.9997052230471112,40303.76901301936,0.06484605470629451,40303.76901301936,40.0,128.5505701173033,(((v2+(v1*v2))/((-0.598-v3)/-7.92))-(v1/(v1+(-2200.0/v3))))
1797.1564359664917,0.6251088655443701,22.0,1.0,5.0,-0.996440489432703,true,937.7421592760329,0.07738004744043306,3.0,(((v2+(v2*v1))/((0.638111995575454+v3)/7.9928185342741))-(v1/(v1+(-2991.69004511587*v2)))),-0.9994958620230565,68928.93211051579,0.07313742440974907,68928.93211051579,40.0,164.7567413410538,(((v2+(v2*v1))/((0.638+v3)/7.99))-(v1/(v1+(-2990.0*v2))))
1799.1411299705505,0.1733270016083542,22.0,0.0,1.0,-0.9951056729699667,true,943.0426255897801,0.07018963229558339,3.0,(((v1*v2)/((0.645693495850717+v3)/8.11066312070636))-(v1/(v1+(v1+(-0.304320070304015*v2))))),-0.9994142003030615,80094.23885390868,0.05388535394781821,80094.23885390868,36.0,180.75508502191684,(((v1*v2)/((0.646+v3)/8.11))-(v1/(v1+(v1+(-0.304*v2)))))
1799.1484429836273,0.13677296168187883,22.0,6.0,1.0,-0.9955506117908788,true,677.9848495778515,0.07314240494442822,3.0,(((v1*v2)/((0.61680915972335+v3)/8.06877504949621))-(v1/(v3+(v1/(54.8473764772604-v1))))),-0.9996229408756837,51553.90779965552,0.050625421273548944,51553.90779965552,40.0,152.02398724492207,(((v1*v2)/((0.617+v3)/8.07))-(v1/(v3+(v1/(54.8-v1)))))
1799.2363951206207,0.525531196579606,22.0,0.0,1.0,-0.996440489432703,true,858.3759747105032,0.07535142125047856,4.0,(((v2*(15.310040617208*v1))-(-34829.9154058502/sqrt_abs((-56.4241781740102+v1))))/(v3+(0.913261662388992+v3))),-0.999626371867298,51084.800930371224,0.06188745230962132,51084.800930371224,81.0,132.8473817762873,(((v2*(15.3*v1))-(-34800.0/sqrt_abs((-56.4+v1))))/(v3+(0.913+v3)))
1799.6609280109406,0.6130687693412946,22.0,2.0,0.0,-0.996440489432703,true,968.7010921015244,0.08420146195148051,2.0,((v2+(v1*v2))/((v3+(0.601349928391431+(v1/(v1+(pow3(v2)/v3)))))/7.93052791939792)),-0.9994757021238552,71685.32100989878,0.07133631409310019,71685.32100989878,190.0,162.06109681574642,((v2+(v1*v2))/((v3+(0.601+(v1/(v1+(pow3(v2)/v3)))))/7.93))
1799.6646361351013,0.625878795876726,22.0,1.0,0.0,-0.996440489432703,true,635.7487494695924,0.06717844028114785,3.0,(((v2+(v2*v1))/((0.64134077441083+v3)/7.99526492164007))-(v1/(v1+(-112.633662811272+v1)))),-0.9997088259559099,39811.15653914936,0.0676019332431269,39811.15653914936,40.0,134.7968486168492,(((v2+(v2*v1))/((0.641+v3)/8.0))-(v1/(v1+(-113.0+v1))))
1799.7496280670166,2.39888243936767,22.0,1.0,0.0,-0.9906562847608453,true,1150.3520853330147,0.18650417893248739,3.0,(((v2+(98.8907607474468*v1))/((1.27123822825062+v3)/29.0639665463007))-(v1/(v1+(v1*v2)))),-0.9986139466162234,189509.98330086155,0.18611951441617045,189509.98330086155,36.0,312.86504255799446,(((v2+(98.9*v1))/((1.27+v3)/29.1))-(v1/(v1+(v1*v2))))
1798.8033990859985,0.683233707020861,22.0,2.0,2.0,-0.989321468298109,true,714.0415464459752,0.11662309808300515,3.0,((v2+(v2*v1))/((v3+(0.606481810016308+(v3/(v1+(-2353.18011791791/v3)))))/7.92508743996782)),-0.999503495550358,67885.2279874611,0.09585009979736583,67885.2279874611,106.0,185.85516426500328,((v2+(v2*v1))/((v3+(0.606+(v3/(v1+(-2350.0/v3)))))/7.93))
1799.8129150867462,0.618314105380534,22.0,2.0,0.0,-0.996440489432703,true,957.4726645800765,0.08124850530175248,3.0,((v2+(v1*v2))/((v3+(0.656434879684866+((-60.812277251081/v3)/(v1+v2))))/7.96077116175912)),-0.9994819527795672,70830.69183510423,0.07207936878138518,70830.69183510423,120.0,162.0137266957317,((v2+(v1*v2))/((v3+(0.656+((-60.8/v3)/(v1+v2))))/7.96))
1799.8144891262054,0.5140306885497901,22.0,0.0,0.0,-0.9955506117908788,true,946.1877921697178,0.07783161617172374,5.0,(((v2*(8.02130910154288*v1))--2133.63292474198)/(v3+(0.641301094764885+(-0.018415263419064/(-54.2674130581056+v1))))),-0.9994883707692542,69953.18370110699,0.0693858323464575,69953.18370110699,57.0,165.5527687194084,(((v2*(8.02*v1))--2130.0)/(v3+(0.641+(-0.0184/(-54.3+v1)))))
1799.4142799377441,0.7622141884311188,22.0,0.0,1.0,-0.996440489432703,true,927.5193705724123,0.0752577458116134,5.0,((3142.08402750231-(v1*(-8.015935419797*v2)))/(v3+(0.659871631791515+(0.0747659389921188/(-42.1904141741104+v1))))),-0.9995452888343129,62170.985926440815,0.07696744323599436,62170.985926440815,57.0,152.381422575087,((3140.0-(v1*(-8.02*v2)))/(v3+(0.66+(0.0748/(-42.2+v1)))))
1798.9523470401764,0.7154731281610109,22.0,0.0,2.0,-0.996440489432703,true,922.7013412142887,0.07437153604589501,5.0,(((v2*(8.03461212796529*v1))--2944.43338535887)/(v3+(0.662816937854732+(479.844408057144/(67387.3517924368+v1))))),-0.9995056426579526,67591.66185994605,0.07735292878355525,67591.66185994605,57.0,164.69940193467622,(((v2*(8.03*v1))--2940.0)/(v3+(0.663+(480.0/(67400.0+v1)))))
1800.0039949417114,0.6108144226105778,22.0,1.0,0.0,-0.996440489432703,true,932.7092580034505,0.0766670719742072,4.0,((8.00299881546535*(v2+(v1*v2)))/(v3+(0.643591051204289+(218.241165936404/pow2((9.84641140758895*v1)))))),-0.9994985641671262,68559.47788637615,0.07292496374711205,68559.47788637615,97.0,164.78563236639826,((8.0*(v2+(v1*v2)))/(v3+(0.644+(218.0/pow2((9.85*v1))))))
1701.3797340393066,0.6529894210688343,23.0,1.0,193.0,-0.9973303670745273,true,519.6211588209753,0.07413484161001799,4.0,((8.06389976355124*(v2+(v2*v1)))/(v3+(0.720038258525581+(19.6489626121378/(v1+(-2316.07121139331/v3)))))),-0.9998055758583416,26582.8980833073,0.06266230662671574,26582.8980833073,73.0,108.93272345395755,((8.06*(v2+(v2*v1)))/(v3+(0.72+(19.6/(v1+(-2320.0/v3))))))
1796.4702401161194,0.6307313150850008,23.0,1.0,6.0,-0.996440489432703,true,922.1134811507181,0.07546441006839012,4.0,((8.02363472903792*(v2+(v2*v1)))/(v3+(0.654969041190678+((-1.28329010084112/(-42.2611887644788+v1))/v1)))),-0.9995467677689578,61968.776629796834,0.07175866822773205,61968.776629796834,97.0,151.85041452059426,((8.02*(v2+(v2*v1)))/(v3+(0.655+((-1.28/(-42.3+v1))/v1))))
1065.9520070552826,0.6517852606135262,23.0,1.0,1438.0,-0.9973303670745273,true,515.6496992949869,0.07466878534603039,4.0,((v2+(v1*v2))/((v3+(0.716415749952543+(19.5694953342308/(v1+(-2315.27097209776/v3)))))/8.05798371736086)),-0.9998054670521629,26597.774752097077,0.06248942392126639,26597.774752097077,71.0,108.7056904107591,((v2+(v1*v2))/((v3+(0.716+(19.6/(v1+(-2320.0/v3)))))/8.06))
1191.517646074295,0.6528214566393844,23.0,1.0,1195.0,-0.9973303670745273,true,518.9816126418809,0.07422526431700588,4.0,((8.06332966529957*(v2+(v1*v2)))/(v3+(0.719526088728668+(19.5656448046442/(v1+(-2315.5755212528/v3)))))),-0.9998055063936032,26592.395741602322,0.06265109106576,26592.395741602322,73.0,108.98809972541198,((8.06*(v2+(v1*v2)))/(v3+(0.72+(19.6/(v1+(-2320.0/v3))))))
1797.505998134613,0.1567030224866016,23.0,1.0,4.0,-0.996440489432703,true,495.46550417994786,0.06944459768807988,4.0,((8.12246979932838*(v2*v1))/(v3+(0.769986767279446+((62.4112962936497-v3)/(v1+(-2329.85064842357/v3)))))),-0.9997477124136533,34494.3541390186,0.04813588459329417,34494.3541390186,115.0,124.7718884263851,((8.12*(v2*v1))/(v3+(0.77+((62.4-v3)/(v1+(-2330.0/v3))))))
1470.6974129676819,0.6503703760216079,23.0,1.0,649.0,-0.9973303670745273,true,511.1289829801235,0.07526915615920722,4.0,((v2+(v1*v2))/((v3+(0.712159711505524+(19.5984030779442/(v1+(-2315.00523443323/v3)))))/8.05060102841835)),-0.9998053525402739,26613.431541670096,0.06227942026230602,26613.431541670096,71.0,108.33582239302442,((v2+(v1*v2))/((v3+(0.712+(19.6/(v1+(-2320.0/v3)))))/8.05))
1474.2499289512634,0.6581525076380098,23.0,1.0,642.0,-0.9973303670745273,true,536.4384889910498,0.07188451057450572,4.0,((v2+(v2*v1))/((v3+(0.735566969141756+(19.8249700170822/(v1+(-2318.65452116414/v3)))))/8.08985334812448)),-0.9998052159489936,26632.107165246995,0.06346126642298017,26632.107165246995,71.0,110.17874577086761,((v2+(v2*v1))/((v3+(0.736+(19.8/(v1+(-2320.0/v3)))))/8.09))
1791.9703419208527,0.6395819509345778,23.0,1.0,15.0,-0.996440489432703,true,903.1784822925283,0.07481848357382384,4.0,((v2+(v1*v2))/((v3+(0.672256134963852+(0.713153754177625/(v1+(-84.0109174373247+v1)))))/8.06615530976602)),-0.9995572522798651,60535.268000021766,0.07326780739803498,60535.268000021766,71.0,154.70618660366338,((v2+(v1*v2))/((v3+(0.672+(0.713/(v1+(-84.0+v1)))))/8.07))
1799.1680600643158,0.6222218126741608,23.0,8.0,1.0,-0.996440489432703,true,945.1602708543069,0.07901528564109184,2.0,(((v2+(v2*v1))/((0.629298844600637+v3)/7.97788379177248))-(v1/(v1+(v2*(v1+v3))))),-0.9994917300473699,69493.8819548232,0.07267868384543642,69493.8819548232,52.0,164.08474123021242,(((v2+(v2*v1))/((0.629+v3)/7.98))-(v1/(v1+(v2*(v1+v3)))))
1795.5945830345154,1.0020327090921262,23.0,0.0,8.0,-0.9959955506117909,true,968.334815312106,0.07801240944593466,4.0,(((v2*(7.8808697752683*v1))--4291.70693932594)/(v3+(0.0833789049462026+((4.23077975954085+v1)/(v1+v1))))),-0.9994816631938565,70870.28582466725,0.08709130731269446,70870.28582466725,129.0,160.796128491888,(((v2*(7.88*v1))--4290.0)/(v3+(0.0834+((4.23+v1)/(v1+v1)))))
1080.5614430904388,0.6495239272240841,23.0,1.0,1411.0,-0.9977753058954394,true,508.2224811522592,0.07566568176168556,4.0,((8.04677123265576*(v2+(v2*v1)))/(v3+(0.709618772718664+(19.4496417105172/(v1+(-2313.93023114902/v3)))))),-0.9998051202370621,26645.193505744555,0.06218681167219774,26645.193505744555,73.0,108.31878210062331,((8.05*(v2+(v2*v1)))/(v3+(0.71+(19.4/(v1+(-2310.0/v3))))))
1799.6873230934143,0.5828931372301317,23.0,1.0,0.0,-0.9959955506117909,true,990.6370307252118,0.0897226128151721,4.0,((v2+(v2*v1))/((v3+(-0.726643750422967+((43.2257681603029-v3)/(29.8676772641819+v3))))/7.63947493820438)),-0.9994739903036547,71919.37189235479,0.06868047392800655,71919.37189235479,99.0,162.1992365389664,((v2+(v2*v1))/((v3+(-0.727+((43.2-v3)/(29.9+v3))))/7.64))
1646.8108520507812,0.13891787029053684,23.0,0.0,301.0,-0.9973303670745273,true,477.63639438523205,0.0690666750294865,4.0,((v2*(v1+v1))/((v3+(0.707864856388223+(19.2728249433173/(v1+(-2309.85909427925/v3)))))/4.07491473215361)),-0.9997293897729836,36999.54143409366,0.04385843459970263,36999.54143409366,91.0,126.85211451216713,((v2*(v1+v1))/((v3+(0.708+(19.3/(v1+(-2310.0/v3)))))/4.07))
1080.5614430904388,0.6495239272240841,23.0,1.0,1411.0,-0.9977753058954394,true,508.2224811522592,0.07566568176168556,4.0,((8.04677123265576*(v2+(v2*v1)))/(v3+(0.709618772718664+(19.4496417105172/(v1+(-2313.93023114902/v3)))))),-0.9998051202370621,26645.193505744555,0.06218681167219774,26645.193505744555,73.0,108.31878210062331,((8.05*(v2+(v2*v1)))/(v3+(0.71+(19.4/(v1+(-2310.0/v3))))))
1797.799185037613,0.6250955914944109,23.0,1.0,4.0,-0.996440489432703,true,937.6416957613428,0.07693567345574222,4.0,((v2+(v1*v2))/((v3+(0.751340813246445+((65.9462882764423+v1)/(-1473.86892025631+v1))))/7.99843116983577)),-0.9994942588235891,69148.13167948977,0.07339837078314046,69148.13167948977,99.0,163.48541119376887,((v2+(v1*v2))/((v3+(0.751+((65.9+v1)/(-1470.0+v1))))/8.0))
1796.234297990799,0.18752425821276558,23.0,0.0,7.0,-0.996440489432703,true,952.3877898045184,0.08509768866086435,4.0,((v2*(8.04538868614823*v1))/(v3+(0.665808756416152+(-30.2699651491039/(v1+((23.4357131052492*v1)/v3)))))),-0.9994935796774637,69240.98883232185,0.05836167250409186,69240.98883232185,92.0,162.8607936980079,((v2*(8.05*v1))/(v3+(0.666+(-30.3/(v1+((23.4*v1)/v3))))))
1415.469852924347,0.6493183848123807,23.0,1.0,758.0,-0.9977753058954394,true,507.28977872149426,0.07580414180809193,4.0,((v2+(v2*v1))/((v3+(0.708998020626759+(19.2252888981471/(v1+(-2312.64062312022/v3)))))/8.04650623294025)),-0.9998048929405101,26676.27092764943,0.06224159797746745,26676.27092764943,71.0,108.65852684459888,((v2+(v2*v1))/((v3+(0.709+(19.2/(v1+(-2310.0/v3)))))/8.05))
1050.7607810497284,0.6504579132023656,23.0,1.0,1468.0,-0.9973303670745273,true,511.32265289003954,0.07524792377584727,4.0,((v2+(v1*v2))/((v3+(0.712424843443246+(19.525495106426/(v1+(-2314.62858555935/v3)))))/8.05130896228111)),-0.9998053101670618,26619.22507519177,0.06230174403071561,26619.22507519177,71.0,108.43287602872859,((v2+(v1*v2))/((v3+(0.712+(19.5/(v1+(-2310.0/v3)))))/8.05))
1795.2190051078796,0.13215527915607495,23.0,0.0,9.0,-0.9973303670745273,true,762.3766084121853,0.06969426829635016,4.0,((v1*(8.30750554269787*v2))/(v3+(0.8590389940125+((-34.9448412963005+v1)/(v1+(-2333.27917898833/v3)))))),-0.9996602515170253,46452.5609825996,0.04625602576980034,46452.5609825996,134.0,135.4053968336158,((v1*(8.31*v2))/(v3+(0.859+((-34.9+v1)/(v1+(-2330.0/v3))))))
1799.7992720603943,0.6206278392600822,23.0,1.0,0.0,-0.996440489432703,true,953.0428321699583,0.0799437016106972,4.0,((7.974983981755*(v2+(v2*v1)))/(v3+(0.690660491575222+(78.9173220467746/(v1+(-334.678282863764*v3)))))),-0.9994837585158397,70583.80015339196,0.072457182635147,70583.80015339196,73.0,161.9299535730303,((7.97*(v2+(v2*v1)))/(v3+(0.691+(78.9/(v1+(-335.0*v3))))))
1799.402781009674,0.8611158490052803,23.0,1.0,1.0,-0.996440489432703,true,616.2482900337509,0.07248202451437089,4.0,(((v2+(v1*v2))/((0.648992421851584+v3)/8.00766437906594))-(217.888145334817/(v1+(-2208.72739513111/v3)))),-0.9997211924439287,38120.33209807869,0.07603987803881804,38120.33209807869,35.0,131.9853671088648,(((v2+(v1*v2))/((0.649+v3)/8.01))-(218.0/(v1+(-2210.0/v3))))
1794.8748331069946,0.1321552792454167,23.0,0.0,10.0,-0.9973303670745273,true,762.3766084578983,0.06969426832128643,4.0,((v1*v2)/((v3+(0.859038993678482+((-34.9448413163222+v1)/(v1+(-2333.2791786969/v3)))))/8.30750554215304)),-0.9996602515169596,46452.56099158501,0.0462560257820169,46452.56099158501,101.0,135.40539687499398,((v1*v2)/((v3+(0.859+((-34.9+v1)/(v1+(-2330.0/v3)))))/8.31))
1249.8130929470062,0.6506337450422572,23.0,1.0,1082.0,-0.9973303670745273,true,511.89593741248973,0.0751711909108764,4.0,((v2+(v1*v2))/((v3+(0.712953481343308+(19.5313218650679/(v1+(-2314.71340439613/v3)))))/8.05219312943323)),-0.9998053352748741,26615.792176304567,0.062326630424529836,26615.792176304567,71.0,108.4691004379318,((v2+(v1*v2))/((v3+(0.713+(19.5/(v1+(-2310.0/v3)))))/8.05))
1507.4219760894775,0.6537495485739415,23.0,1.0,577.0,-0.9973303670745273,true,521.99773045661,0.07382196173111123,4.0,((8.06801569337789*(v2+(v1*v2)))/(v3+(0.722324729639018+(19.5913386587411/(v1+(-2315.99244453746/v3)))))),-0.9998055233616693,26590.075760321986,0.06278369731805117,26590.075760321986,73.0,109.18503244046902,((8.07*(v2+(v1*v2)))/(v3+(0.722+(19.6/(v1+(-2320.0/v3))))))
1080.5614430904388,0.6495239272240841,23.0,1.0,1411.0,-0.9977753058954394,true,508.2224811522592,0.07566568176168556,4.0,((8.04677123265576*(v2+(v2*v1)))/(v3+(0.709618772718664+(19.4496417105172/(v1+(-2313.93023114902/v3)))))),-0.9998051202370621,26645.193505744555,0.06218681167219774,26645.193505744555,73.0,108.31878210062331,((8.05*(v2+(v2*v1)))/(v3+(0.71+(19.4/(v1+(-2310.0/v3))))))
1798.5915710926056,0.6297443050802458,24.0,0.0,2.0,-0.9977753058954394,true,610.1475416157245,0.07044144167483174,5.0,((v2*(v1--1.03089921111225))/((v3+(0.593332432870027+(16.0762174508999/(v1+(-2285.79273725725/v3)))))/7.85621033625216)),-0.9997650341857104,32126.011929613116,0.06006948025787858,32126.011929613116,71.0,109.8924391289404,((v2*(v1--1.03))/((v3+(0.593+(16.1/(v1+(-2290.0/v3)))))/7.86))
1691.7520320415497,0.6812463799573841,24.0,0.0,212.0,-0.9973303670745273,true,525.8725372550607,0.07254935949749294,5.0,(((v2*(8.10609538300309*v1))--2712.96463479963)/(v3+(0.74683179825362+(20.2183712852539/(v1+(-2320.16443695355/v3)))))),-0.9998098817065758,25994.17528482452,0.06416934373811563,25994.17528482452,73.0,108.54251850747845,(((v2*(8.11*v1))--2710.0)/(v3+(0.747+(20.2/(v1+(-2320.0/v3))))))
1173.4191589355469,0.6588379592901805,24.0,0.0,1230.0,-0.9977753058954394,true,490.5027021394635,0.07779805101477959,5.0,(((8.05609116873711*(v2*v1))--2647.5683920792)/(v3+(0.714643247046451+(19.5228593005926/(v1+(-2313.33246362977/v3)))))),-0.9998090694111242,26105.23745548922,0.06199335656064063,26105.23745548922,64.0,106.03282273221531,(((8.06*(v2*v1))--2650.0)/(v3+(0.715+(19.5/(v1+(-2310.0/v3))))))
1550.7225880622864,0.6525610854358608,24.0,0.0,491.0,-0.9977753058954394,true,496.9309131054415,0.077287642538414,5.0,(((v1*(8.06807548654449*v2))--2616.54626745291)/(v3+(0.721064664391796+(19.6345129390071/(v1+(-2314.55364151075/v3)))))),-0.9998094720545999,26050.185493381297,0.061957338563422594,26050.185493381297,73.0,106.62270591993416,(((v1*(8.07*v2))--2620.0)/(v3+(0.721+(19.6/(v1+(-2310.0/v3))))))
1799.545674085617,0.614617500459739,24.0,1.0,0.0,-0.996440489432703,true,965.0597929755959,0.08324260898689577,5.0,((v2+(v1*v2))/((v3+(0.620647754757741+(1.1258932915366/(145.147952505126+(-19819.7580821245/v1)))))/7.9397496269895)),-0.9994789656012596,71239.11774265846,0.07143878510032013,71239.11774265846,64.0,159.59039526801587,((v2+(v1*v2))/((v3+(0.621+(1.13/(145.0+(-19800.0/v1)))))/7.94))
1799.5621531009674,0.7398421452300145,24.0,0.0,0.0,-0.996440489432703,true,919.48427392948,0.07418251498871728,5.0,(((8.03746453440983*(v2*v1))--3041.98001456093)/(v3+(0.682612934620852+((v1+(-0.303485848123384*v2))/11280.9828020166)))),-0.9995002002635095,68335.78044303166,0.07863874198840354,68335.78044303166,64.0,167.7997899931103,(((8.04*(v2*v1))--3040.0)/(v3+(0.683+((v1+(-0.303*v2))/11300.0))))
1799.5760049819946,0.6851175642705827,24.0,2.0,0.0,-0.996440489432703,true,963.9397017325218,0.08329753456784633,3.0,((7.93097086006463*(v2+(v2*v1)))/(v3+(0.606058928457364+(-27.6400225063959/(v1+((v1*v2)/v3)))))),-0.9994792842319598,71195.5525384712,0.07374882721613708,71195.5525384712,137.0,163.00449605400573,((7.93*(v2+(v2*v1)))/(v3+(0.606+(-27.6/(v1+((v1*v2)/v3))))))
1799.5788419246674,0.16660260604308358,24.0,0.0,0.0,-0.9955506117908788,true,906.4563372992461,0.07228602018122264,5.0,((2.89068674299598*(v1*(2.83799664634934*v2)))/(v3+(0.698356021205653+((-0.0252744186898185/(-42.2408864211749+v1))/v1)))),-0.999470375601169,72413.59687367601,0.05590339180989797,72413.59687367601,97.0,175.80719109130388,((2.89*(v1*(2.84*v2)))/(v3+(0.698+((-0.0253/(-42.2+v1))/v1))))
1799.6270389556885,0.1482763071380066,24.0,0.0,0.0,-0.9973303670745273,true,535.1446807887514,0.06988566504335592,5.0,((2.81670169480769*(v1*v2))/((v3+(0.643368792793727+(17.4446228833483/(v1+(-2294.56628180034/v3)))))/2.85593350476844)),-0.9997022000289738,40717.095168726955,0.04348361604244196,40717.095168726955,61.0,129.15348873592447,((2.82*(v1*v2))/((v3+(0.643+(17.4/(v1+(-2290.0/v3)))))/2.86))
1506.1571600437164,0.6405412919608109,24.0,0.0,579.0,-0.9977753058954394,true,499.98457583428444,0.07743361427556548,5.0,(((v1*(8.07636767894536*v2))--2564.3333801738)/(v3+(0.724638352218371+(19.6652243602394/(v1+(-2315.07728604218/v3)))))),-0.9998094476256321,26053.525576346306,0.061621493221975306,26053.525576346306,73.0,107.1862710038934,(((v1*(8.08*v2))--2560.0)/(v3+(0.725+(19.7/(v1+(-2320.0/v3))))))
1796.1383140087128,0.601749384241072,24.0,1.0,7.0,-0.9955506117908788,true,910.5417676261413,0.07396204168727316,4.0,((v2*(0.9439034498583+v1))/((v3+(0.673495030099883+(-32202.6295879827/(v1+(pow3(v2)/v3)))))/8.05187196468232)),-0.9995075005416821,67337.64024816899,0.07380188279056007,67337.64024816899,113.0,166.52834959976383,((v2*(0.944+v1))/((v3+(0.673+(-32200.0/(v1+(pow3(v2)/v3)))))/8.05))
1607.682769060135,0.7234307868247724,24.0,0.0,378.0,-0.9973303670745273,true,495.35090135032806,0.0744252332133147,5.0,(((v2*(8.04474282205122*v1))--2911.55051260182)/(v3+(0.715371198552543+(19.8624789624804/(v1+(-2315.16463813668/v3)))))),-0.9998094652085953,26051.121522432357,0.06473653047948744,26051.121522432357,73.0,105.89283323822582,(((v2*(8.04*v1))--2910.0)/(v3+(0.715+(19.9/(v1+(-2320.0/v3))))))
1305.435210943222,0.5529162171171998,24.0,0.0,973.0,-0.9982202447163515,true,498.8934408869036,0.08029918189144675,5.0,((v2*(0.846563982722083+v1))/((v3+(0.710258004239985+(19.4790690170871/(v1+(-2313.73765219758/v3)))))/8.06399677001158)),-0.9998051541357261,26640.55866604876,0.0582908037986957,26640.55866604876,71.0,107.74606878044602,((v2*(0.847+v1))/((v3+(0.71+(19.5/(v1+(-2310.0/v3)))))/8.06))
1798.8187720775604,0.17571813670669786,24.0,6.0,2.0,-0.9959955506117909,true,956.0523834483802,0.0702951213280271,4.0,(((v2*v1)/((v3+(0.660670452964552+(11774.2734710393/(-141817.17326278+pow3(v1)))))/8.17241346281223))-(v1/v2)),-0.9994871080763923,70125.8270537962,0.05192659170708539,70125.8270537962,56.0,165.17541246190115,(((v2*v1)/((v3+(0.661+(11800.0/(-142000.0+pow3(v1)))))/8.17))-(v1/v2))
1313.24245595932,0.6599667486350695,24.0,0.0,958.0,-0.9977753058954394,true,498.7121081262949,0.07675199626616014,5.0,(((v2*(8.06869071179406*v1))--2645.86331529832)/(v3+(0.722297152673289+(19.7021369094451/(v1+(-2315.03151866169/v3)))))),-0.9998096760271161,26022.29708115052,0.0622915374677236,26022.29708115052,73.0,106.55007176742393,(((v2*(8.07*v1))--2650.0)/(v3+(0.722+(19.7/(v1+(-2320.0/v3))))))
1705.8501720428467,0.7063827288188612,24.0,0.0,185.0,-0.9973303670745273,true,496.9160778661508,0.0749771178966652,5.0,(((v1*(8.05270516314967*v2))--2839.69905262168)/(v3+(0.717967204513064+(19.7470024284084/(v1+(-2314.80788678521/v3)))))),-0.9998096757035817,26022.34131682388,0.0639631335686282,26022.34131682388,73.0,105.30273919501848,(((v1*(8.05*v2))--2840.0)/(v3+(0.718+(19.7/(v1+(-2310.0/v3))))))
1779.5019400119781,0.6302187563708488,24.0,0.0,40.0,-0.9977753058954394,true,612.0143454304016,0.0702276806748734,5.0,((v2*(1.03220505063575+v1))/((v3+(0.592364590303913+(16.0221869606065/(v1+(-2285.44541399093/v3)))))/7.85460444260483)),-0.9997644207323465,32209.887152679024,0.06008911372917033,32209.887152679024,71.0,109.97778536349225,((v2*(1.03+v1))/((v3+(0.592+(16.0/(v1+(-2290.0/v3)))))/7.85))
660.3008360862732,0.6620876132510097,24.0,0.0,2230.0,-0.9977753058954394,true,478.08715563569694,0.07721371330216317,5.0,((2670.69540041013-(v1*(-8.03577375805749*v2)))/(v3+(0.702829191114294+(19.2393530452933/(v1+(-2310.68644792312/v3)))))),-0.9998076741957218,26296.000127911382,0.06183770560051918,26296.000127911382,73.0,105.44103776932634,((2670.0-(v1*(-8.04*v2)))/(v3+(0.703+(19.2/(v1+(-2310.0/v3))))))
1617.6213910579681,0.6371337758203297,24.0,0.0,359.0,-0.9977753058954394,true,483.42686188144853,0.07789750481101854,5.0,((2563.11232560213-(v1*(-8.0523260982143*v2)))/(v3+(0.709527264981003+(19.1174132939222/(v1+(-2310.62882952613/v3)))))),-0.999807899140391,26265.24427030161,0.06117013033294287,26265.24427030161,73.0,106.82115599072877,((2560.0-(v1*(-8.05*v2)))/(v3+(0.71+(19.1/(v1+(-2310.0/v3))))))
771.5261609554291,0.6498224986486941,24.0,0.0,2014.0,-0.9973303670745273,true,503.6455397658192,0.07658375177528426,5.0,(((v2*(8.07903733319942*v1))--2599.95261577041)/(v3+(0.727446136016857+(19.8434320788697/(v1+(-2316.30707790551/v3)))))),-0.9998098114741074,26003.77791201586,0.06214346055023972,26003.77791201586,73.0,107.31230878437523,(((v2*(8.08*v1))--2600.0)/(v3+(0.727+(19.8/(v1+(-2320.0/v3))))))
1798.3633511066437,0.655031732222531,24.0,1.0,3.0,-0.996440489432703,true,886.6499319082059,0.0782567297281582,5.0,(((v2+(v1*v2))/((0.698924172596563+v3)/8.09584642698876))-(-11861.736894665/(11949.6301887769-(-10292.7007565261*v1)))),-0.9995124112160099,66666.22180156488,0.07738626275961846,66666.22180156488,34.0,170.87987185581252,(((v2+(v1*v2))/((0.699+v3)/8.1))-(-11900.0/(11900.0-(-10300.0*v1))))
1799.4170439243317,0.14827696511396057,24.0,0.0,1.0,-0.9973303670745273,true,535.1639351951653,0.06988612346648351,5.0,((v1*v2)/(((v3-0.236406150411258)+(0.879766215849048+(17.4437004370824/(v1+(-2294.55992069747/v3)))))/8.04430054380438)),-0.9997021944270489,40717.86109933268,0.04348383559558604,40717.86109933268,56.0,129.15426429200247,((v1*v2)/(((v3-0.236)+(0.88+(17.4/(v1+(-2290.0/v3)))))/8.04))
1799.4529650211334,0.6531673123612672,24.0,0.0,1.0,-0.996440489432703,true,961.1954431475488,0.08262265540722843,5.0,((v2*(1.06112471963148+v1))/((v3+(0.766689727804657+((2614.32337797282+v1)/(-17162.3290983071+v1))))/7.93720687949054)),-0.9994813750350957,70909.68471259622,0.07286581099552827,70909.68471259622,99.0,162.67759602054943,((v2*(1.06+v1))/((v3+(0.767+((2610.0+v1)/(-17200.0+v1))))/7.94))
978.5085020065308,0.6817433354759288,24.0,0.0,1607.0,-0.9977753058954394,true,493.30741833134016,0.0764766823614084,5.0,(((v1*(8.05422473234409*v2))--2740.36464922662)/(v3+(0.716025122646578+(19.5866932462696/(v1+(-2313.78580772281/v3)))))),-0.9998094196190824,26057.35480891685,0.0629016274667463,26057.35480891685,73.0,105.57044826994752,(((v1*(8.05*v2))--2740.0)/(v3+(0.716+(19.6/(v1+(-2310.0/v3))))))
1799.0237329006195,2.206946860908286,25.0,7.0,1.0,-0.9959955506117909,true,519.6343003903585,0.10008457524784524,4.0,(((v1*v2)/((v3+(0.92266855611415+((491.674589252564/v3)/(v1+(-2267.66645530436/v3)))))/8.14982783726452))-v3),-0.99965136117746,47668.10442578486,0.1400448696733815,47668.10442578486,103.0,152.91494251918635,(((v1*v2)/((v3+(0.923+((492.0/v3)/(v1+(-2270.0/v3)))))/8.15))-v3)
1679.5464811325073,0.5973505161896351,25.0,2.0,236.0,-0.9968854282536151,true,538.8988991027554,0.07299355570960783,4.0,((v2+(v1*v2))/((v3+(0.747657302201782+((62.0913198531026-v3)/(v1+(-2328.76617509434/v3)))))/7.98021455452393)),-0.9998198675734984,24628.844413813036,0.06323496205613499,24628.844413813036,141.0,108.20624322991871,((v2+(v1*v2))/((v3+(0.748+((62.1-v3)/(v1+(-2330.0/v3)))))/7.98))
1274.6327629089355,0.6240954909077933,25.0,1.0,1033.0,-0.9968854282536151,true,483.4816835223128,0.06941748411494704,4.0,((8.12741942650436*(v2+(v2*v1)))/(v3+(0.814632183829467+((-35.8170818984662+v1)/(v1+(-2325.39085017965/v3)))))),-0.999812493015305,25637.140642828315,0.06318722972762167,25637.140642828315,153.0,113.64451147771237,((8.13*(v2+(v2*v1)))/(v3+(0.815+((-35.8+v1)/(v1+(-2330.0/v3))))))
1691.7633609771729,0.5928383637226298,25.0,2.0,212.0,-0.9968854282536151,true,523.9238031064742,0.07424431482521673,4.0,((7.95710118191245*(v2+(v1*v2)))/(v3+(0.733976434053116+((61.9648717349119-v3)/(v1+(-2326.71441991272/v3)))))),-0.999819338197977,24701.22398257974,0.0627963035692262,24701.22398257974,153.0,108.24780206687355,((7.96*(v2+(v1*v2)))/(v3+(0.734+((62.0-v3)/(v1+(-2330.0/v3))))))
1657.3278970718384,0.59862767550696,25.0,2.0,280.0,-0.9968854282536151,true,543.143527042268,0.07262966155532734,4.0,((7.98669784928847*(v2+(v2*v1)))/(v3+(0.751522501292964+((62.1422926289673-v3)/(v1+(-2329.43906257241/v3)))))),-0.9998198611443125,24629.723452754606,0.06334536381676442,24629.723452754606,153.0,108.16722128515177,((7.99*(v2+(v2*v1)))/(v3+(0.752+((62.1-v3)/(v1+(-2330.0/v3))))))
1161.0708301067352,0.733015619880032,25.0,1.0,1254.0,-0.9982202447163515,true,448.58682269935343,0.07600576641311052,4.0,(((8.01841199419799*(v1*v2))--3025.13524313286)/(v3+((v1+(-1631.79405701003/v3))/(v1+(-2294.74993671617/v3))))),-0.9998137924208835,25459.477695371395,0.06429072766498757,25459.477695371395,197.0,105.38675371108977,(((8.02*(v1*v2))--3030.0)/(v3+((v1+(-1630.0/v3))/(v1+(-2290.0/v3)))))
1248.9990050792694,0.6260010735389864,25.0,1.0,1083.0,-0.9968854282536151,true,489.7737929567511,0.0705944503600894,4.0,((8.1370817702834*(v2+(v1*v2)))/(v3+(0.820398168205449+((-35.7363057999136+v1)/(v1+(-2326.53861802586/v3)))))),-0.9998134672942603,25503.931063219035,0.06334375617809322,25503.931063219035,153.0,113.18268855715101,((8.14*(v2+(v1*v2)))/(v3+(0.82+((-35.7+v1)/(v1+(-2330.0/v3))))))
1798.0351810455322,0.621750081431105,25.0,1.0,3.0,-0.996440489432703,true,945.2962306400732,0.078798852798817,4.0,((7.98084090338216*(v2+(v2*v1)))/(v3+(0.733060461679446+((v1+(0.1884499165843*v2))/(-1535.28702596344+v1))))),-0.9994906274992886,69644.62930042858,0.07280721796950425,69644.62930042858,153.0,162.2024588039097,((7.98*(v2+(v2*v1)))/(v3+(0.733+((v1+(0.188*v2))/(-1540.0+v1)))))
1796.4724750518799,0.6049890843308432,25.0,1.0,6.0,-0.9982202447163515,true,564.0486957211815,0.061775828825400975,4.0,((7.89126113273873*(v2+(v2*v1)))/(v3+(0.886948159458663+((598.195292429292/v3)/(v1+(-2280.01008829365/v3)))))),-0.9997768726882473,30507.37700232714,0.059123344409690796,30507.37700232714,153.0,108.70362279931742,((7.89*(v2+(v2*v1)))/(v3+(0.887+((598.0/v3)/(v1+(-2280.0/v3))))))
1799.5422720909119,0.16690759741009342,25.0,0.0,0.0,-0.9955506117908788,true,908.1157432594155,0.0724349635851532,6.0,((v2*(8.22797436708509*v1))/(v3+(-0.247677713164156+(0.923835107796412/(1.01831425484648+(-3.03470588058999/(-37.476292674028+v1))))))),-0.9995318640407316,64006.50859619857,0.05527092716640659,64006.50859619857,64.0,159.0199519324036,((v2*(8.23*v1))/(v3+(-0.248+(0.924/(1.02+(-3.03/(-37.5+v1)))))))
1799.6350910663605,0.9678477377706758,25.0,1.0,0.0,-0.9959955506117909,true,900.5049535040362,0.07974949280966748,5.0,(((8.0356239875545*(v2*v1))--3968.30690304119)/(v3+(0.713487172260907+((-445507.129111159-v3)/(-2346.93542269011+pow3(v2)))))),-0.9994983082937339,68594.4625145859,0.0913319382951814,68594.4625145859,134.0,178.88262545091342,(((8.04*(v2*v1))--3970.0)/(v3+(0.713+((-446000.0-v3)/(-2350.0+pow3(v2))))))
1189.0846791267395,0.6198588951252493,25.0,1.0,1200.0,-0.9968854282536151,true,469.41993241765704,0.0669578319304842,4.0,((v2+(v2*v1))/((v3+(0.801842140816356+((-36.0513463371608+v1)/(v1+(-2322.53545754512/v3)))))/8.10615854814053)),-0.9998097878828447,26007.003458634987,0.06287588648997493,26007.003458634987,141.0,114.73960386190227,((v2+(v2*v1))/((v3+(0.802+((-36.1+v1)/(v1+(-2320.0/v3)))))/8.11))
1731.7188761234283,0.6259511811865281,25.0,1.0,134.0,-0.9968854282536151,true,489.6511358704738,0.07053221161205353,4.0,((8.13667287236446*(v2+(v1*v2)))/(v3+(0.820222414797416+((-35.7001442989875+v1)/(v1+(-2326.76273063291/v3)))))),-0.9998134449833797,25506.981547918967,0.06330803982300807,25506.981547918967,153.0,113.13484345258698,((8.14*(v2+(v1*v2)))/(v3+(0.82+((-35.7+v1)/(v1+(-2330.0/v3))))))
1785.5194849967957,0.5977477477643944,25.0,2.0,28.0,-0.9968854282536151,true,540.0706813207153,0.0730174527565829,4.0,((v2+(v2*v1))/((v3+(0.748974092802326+((61.8912431723766-v3)/(v1+(-2327.77844930113/v3)))))/7.98307538613494)),-0.9998197363150961,24646.790892569876,0.06344812268534615,24646.790892569876,141.0,108.53500561473074,((v2+(v2*v1))/((v3+(0.749+((61.9-v3)/(v1+(-2330.0/v3)))))/7.98))
1795.5998930931091,0.1745394338274557,25.0,0.0,8.0,-0.9968854282536151,true,948.2672468526598,0.0903419923055122,4.0,((v1*v2)/(((-0.401976654277957+((v1+(-0.185275212524929*v2))/(v1+(-2277.11850247491/v3))))-v3)/-7.77281557332299)),-0.9995693297837499,58883.95529713109,0.052033199716497454,58883.95529713109,151.0,145.52837806736255,((v1*v2)/(((-0.402+((v1+(-0.185*v2))/(v1+(-2280.0/v3))))-v3)/-7.77))
1799.22341299057,0.14394510417788492,25.0,0.0,1.0,-0.9973303670745273,true,557.1530708193295,0.07134337297131028,4.0,((v1*(16.098031451455*v2))/(v3+(v3+(1.71954795250669+((959.226064140902/v3)/(v1+(-2264.988065352/v3))))))),-0.999670737107536,45018.904742640676,0.04568656028165685,45018.904742640676,148.0,136.97432623229597,((v1*(16.1*v2))/(v3+(v3+(1.72+((959.0/v3)/(v1+(-2260.0/v3)))))))
1211.222482919693,0.5865476423970335,25.0,2.0,1157.0,-0.9968854282536151,true,502.3921681021766,0.07443401873674294,4.0,((v2+(v1*v2))/((v3+(0.715374632027997+((60.9060618377696-v3)/(v1+(-2319.01843211315/v3)))))/7.92832518467515)),-0.999816696011756,25062.48039050859,0.06296924819790459,25062.48039050859,141.0,109.83925541588677,((v2+(v1*v2))/((v3+(0.715+((60.9-v3)/(v1+(-2320.0/v3)))))/7.93))
1798.155620098114,0.6307808296526478,25.0,2.0,3.0,-0.996440489432703,true,920.5261825271145,0.07526423184744262,4.0,((v2+(v1*v2))/((v3+(0.658339423165751+(-0.291797673593914/(-44.5185615529013+(v1+(v1/v3))))))/8.02299933674828)),-0.9995482885454289,61760.84645407558,0.07145054761435164,61760.84645407558,92.0,150.6707262673538,((v2+(v1*v2))/((v3+(0.658+(-0.292/(-44.5+(v1+(v1/v3))))))/8.02))
1162.753837108612,0.6353302738268162,25.0,1.0,1251.0,-0.9968854282536151,true,520.3696237344084,0.0731169651373402,4.0,((v2+(v1*v2))/((v3+(0.848664589157565+((-35.4881944688686+v1)/(v1+(-2331.51400482902/v3)))))/8.18497342471607)),-0.9998160132387234,25155.83343702068,0.06421775258610914,25155.83343702068,141.0,111.55256781201147,((v2+(v1*v2))/((v3+(0.849+((-35.5+v1)/(v1+(-2330.0/v3)))))/8.18))
1177.7016580104828,0.5835476422336867,25.0,2.0,1222.0,-0.9968854282536151,true,492.42198795712466,0.07338075577218181,4.0,((7.91281613749887*(v2+(v1*v2)))/(v3+(0.706233612647986+((60.8567766454861-v3)/(v1+(-2317.96328437041/v3)))))),-0.9998151386172288,25275.417218406663,0.06274425640898636,25275.417218406663,153.0,110.08298178242138,((7.91*(v2+(v1*v2)))/(v3+(0.706+((60.9-v3)/(v1+(-2320.0/v3))))))
1799.7349529266357,0.6222265413132987,25.0,2.0,0.0,-0.996440489432703,true,947.3136528748646,0.07835385489937534,4.0,((8.07808443026178*(v2+(v1*v2)))/(v3+(-2.82638447955011+((-171.915185009338+((v2+v3)/0.249227961604876))/v2)))),-0.9994618031830211,73585.67209029692,0.07333575224348131,73585.67209029692,129.0,177.931335986288,((8.08*(v2+(v1*v2)))/(v3+(-2.83+((-172.0+((v2+v3)/0.249))/v2))))
1327.0438721179962,0.6364746003988946,25.0,1.0,931.0,-0.9982202447163515,true,485.1192409274581,0.07970468220547808,4.0,((v2+(v1*v2))/((v3+(1.07079722303163+((782.922985873801/v3)/(v1+(-2312.3766612667/v3)))))/8.05478884683928)),-0.9998205974847449,24529.04633259774,0.05977794732876677,24529.04633259774,141.0,102.73096030402586,((v2+(v1*v2))/((v3+(1.07+((783.0/v3)/(v1+(-2310.0/v3)))))/8.05))
1410.7693960666656,0.5940556662305122,25.0,2.0,767.0,-0.9968854282536151,true,527.9705233532786,0.07390298909072776,4.0,((v2+(v2*v1))/((v3+(0.737664929731424+((62.0051587434264-v3)/(v1+(-2327.29569196536/v3)))))/7.96331267564172)),-0.999819572829666,24669.143654374722,0.06291011414133774,24669.143654374722,141.0,108.22821235429014,((v2+(v2*v1))/((v3+(0.738+((62.0-v3)/(v1+(-2330.0/v3)))))/7.96))
1556.977087020874,0.597598433850505,25.0,2.0,479.0,-0.9968854282536151,true,539.7533071704365,0.0728946785536938,4.0,((v2+(v1*v2))/((v3+(0.74838684575394+((62.1450926514522-v3)/(v1+(-2329.13491663197/v3)))))/7.98130206043069)),-0.9998198938709544,24625.24885933141,0.06321981543691636,24625.24885933141,141.0,108.12818724233857,((v2+(v1*v2))/((v3+(0.748+((62.1-v3)/(v1+(-2330.0/v3)))))/7.98))
1604.7817931175232,0.7814310029448706,25.0,1.0,384.0,-0.9977753058954394,true,446.76946944819156,0.07644619686391294,4.0,(((v1*(8.00110273112443*v2))--3229.47725303644)/(v3+((v1+(-1622.84735665289/v3))/(v1+(-2295.99879506311/v3))))),-0.9998144779085582,25365.753485830635,0.06585668334410892,25365.753485830635,225.0,104.17000947100487,(((v1*(8.0*v2))--3230.0)/(v3+((v1+(-1620.0/v3))/(v1+(-2300.0/v3)))))
1488.6630690097809,0.6307467260736835,25.0,1.0,614.0,-0.9968854282536151,true,505.2344486874499,0.07042161506568516,4.0,((v2+(v1*v2))/((v3+(0.834825854434171+((-35.7149345454403+v1)/(v1+(-2328.38644071382/v3)))))/8.16186672333743)),-0.999815190730942,25268.291901994962,0.06387843472865555,25268.291901994962,141.0,112.34647716217776,((v2+(v1*v2))/((v3+(0.835+((-35.7+v1)/(v1+(-2330.0/v3)))))/8.16))
1798.763850927353,0.17809160399430002,25.0,1.0,2.0,-0.9955506117908788,true,968.9660137649616,0.0871578246100706,4.0,(((v1*(8.05046154682596*v2))-((-57225.3411128671+v1)/(v1+v3)))/(v3+(0.635164192823769+(-0.0174399810697619/v3)))),-0.999480797645075,70988.62912733195,0.05611908758327539,70988.62912733195,121.0,158.97900695189816,(((v1*(8.05*v2))-((-57200.0+v1)/(v1+v3)))/(v3+(0.635+(-0.0174/v3))))
1799.314003944397,0.7374801159187926,25.0,0.0,1.0,-0.996440489432703,true,942.5636719178947,0.07698572227969183,4.0,(((v1*(7.99223948522934*v2))--3054.1867373915)/(v3+(0.663885961617733+((v1+v1)/(v1+(v3/-0.000396462559277416)))))),-0.9994971926326625,68747.00275112086,0.07702667518416222,68747.00275112086,193.0,160.68772777099485,(((v1*(7.99*v2))--3050.0)/(v3+(0.664+((v1+v1)/(v1+(v3/-0.000396))))))
1799.328190088272,0.6167180797065305,25.0,1.0,1.0,-0.996440489432703,true,954.2483390151538,0.08100191800818302,4.0,((v2+(v2*v1))/((v3+((v3+(4.59604528237594+(2.74796070022801/(v1+v1))))/6.45825034769144))/9.19229049720376)),-0.9994862997589612,70236.34532435256,0.07204647804139645,70236.34532435256,85.0,162.61435225724364,((v2+(v2*v1))/((v3+((v3+(4.6+(2.75/(v1+v1))))/6.46))/9.19))
1799.790549993515,0.1800109086302027,25.0,2.0,0.0,-0.9955506117908788,true,979.4086226277059,0.083115713110458,4.0,(((v1*(8.03588827175998*v2))-(-12788.2216705498/(v1+v3)))/(v3+(0.728779595174048+((-125.516281365847+v1)/v2)))),-0.9994411222452632,76413.30067591443,0.05465738793268218,76413.30067591443,121.0,177.3915151938266,(((v1*(8.04*v2))-(-12800.0/(v1+v3)))/(v3+(0.729+((-126.0+v1)/v2))))
1797.961266040802,0.628153725530165,25.0,1.0,4.0,-0.9968854282536151,true,496.9902739484987,0.07123497044076245,4.0,((v2+(v1*v2))/((v3+(0.826849790921178+((-35.5415854855047+v1)/(v1+(-2328.52577465278/v3)))))/8.14757636540364)),-0.9998143908729222,25377.653548340215,0.06343098794387991,25377.653548340215,141.0,112.48396787505355,((v2+(v1*v2))/((v3+(0.827+((-35.5+v1)/(v1+(-2330.0/v3)))))/8.15))
1634.305265903473,0.62087440729609,25.0,1.0,326.0,-0.9968854282536151,true,472.8049879167793,0.06745144220163145,4.0,((8.11120328761394*(v2+(v1*v2)))/(v3+(0.804885898741184+((-35.9836019760277+v1)/(v1+(-2323.34601981484/v3)))))),-0.9998105008738079,25909.51882556459,0.06294305849758387,25909.51882556459,153.0,114.4783966854984,((8.11*(v2+(v1*v2)))/(v3+(0.805+((-36.0+v1)/(v1+(-2320.0/v3))))))
1799.9945669174194,0.6436938267284399,25.0,1.0,0.0,-0.9946607341490545,true,657.9152783892278,0.07971979442217095,4.0,((v2+(v1*v2))/((v3+(v2/(468.010407652693+(-4241.7661653518/(v1+(-1982.43240914392/v3))))))/8.07024375511144)),-0.9996329686007331,50182.85382084664,0.07352829553122987,50182.85382084664,127.0,155.65598520772087,((v2+(v1*v2))/((v3+(v2/(468.0+(-4240.0/(v1+(-1980.0/v3))))))/8.07))
1093.6229720115662,0.9559282537875201,26.0,0.0,1385.0,-0.996440489432703,true,501.79380245712855,0.07435839367157841,5.0,((v2*(1.54930567358372+v1))/((v3+(0.798679034176484+((-36.0213657133629+v1)/(v1+(-2323.39292581394/v3)))))/8.04293206482663)),-0.9998299957035276,23244.062431258728,0.07611637370367053,23244.062431258728,141.0,107.48308229518119,((v2*(1.55+v1))/((v3+(0.799+((-36.0+v1)/(v1+(-2320.0/v3)))))/8.04))
1795.9341969490051,0.7371221630137125,26.0,1.0,7.0,-0.996440489432703,true,947.7798572714673,0.07838638766777965,5.0,(((v1*(7.97680376568976*v2))--3057.48496055446)/(v3+(0.65131471534944+(-2.60859019815018/(v1+(9069.47077043949/(v1+v3))))))),-0.9994942779585403,69145.51542796646,0.07669501711778699,69145.51542796646,89.0,162.1846432482019,(((v1*(7.98*v2))--3060.0)/(v3+(0.651+(-2.61/(v1+(9070.0/(v1+v3)))))))
1365.3197090625763,1.0194956377862487,26.0,0.0,855.0,-0.996440489432703,true,511.9626956614147,0.07584548056150685,5.0,(((v2*(8.10484398704908*v1))--4281.48475729434)/(v3+(0.838034530743088+((-35.5926466400097+v1)/(v1+(-2328.32255558733/v3)))))),-0.9998346733830522,22604.500507480476,0.0799531997187597,22604.500507480476,153.0,109.76481684303644,(((v2*(8.1*v1))--4280.0)/(v3+(0.838+((-35.6+v1)/(v1+(-2330.0/v3))))))
1134.7225580215454,1.0374664908550502,26.0,0.0,1305.0,-0.996440489432703,true,499.1195444357527,0.07429528961379657,5.0,(((v1*(8.07909284187919*v2))--4368.15275534427)/(v3+(0.824892187420971+((-35.8065619123634+v1)/(v1+(-2325.46709087924/v3)))))),-0.999834141155928,22677.269965423096,0.08025111486028644,22677.269965423096,153.0,109.57908475376057,(((v1*(8.08*v2))--4370.0)/(v3+(0.825+((-35.8+v1)/(v1+(-2330.0/v3))))))
1799.6294260025024,0.6894001432398991,26.0,0.0,0.0,-0.996440489432703,true,954.9902937716761,0.08006722990295943,5.0,(((v1*(7.96983180443792*v2))--2869.38445245459)/(v3+(0.650119335098926+(-1.86416139439114/(v1+(210571.006946744/(v1*v2))))))),-0.9994879546742063,70010.07484722674,0.07438264401146251,70010.07484722674,97.0,163.7729128990768,(((v1*(7.97*v2))--2870.0)/(v3+(0.65+(-1.86/(v1+(211000.0/(v1*v2)))))))
1797.7104361057281,0.6508309546111102,26.0,1.0,4.0,-0.9955506117908788,true,907.4996366958794,0.07760434977932112,3.0,((v2+(v1*v2))/((v3+(0.279311439176113+(v1/(v1+((18.0980972337998*(v1/v3))/v3)))))/8.17402593000027)),-0.9994442239400012,75989.21735784602,0.07935193969670344,75989.21735784602,246.0,187.9469104608627,((v2+(v1*v2))/((v3+(0.279+(v1/(v1+((18.1*(v1/v3))/v3)))))/8.17))
1798.1536180973053,0.9014290193584273,26.0,0.0,3.0,-0.996440489432703,true,954.6195673730481,0.0774923376292441,5.0,(((v2*(8.03441218534027*v1))--3836.16333150398)/(v3+(0.666259239351193+((v1+(-0.326420239948978*v2))/(-5747.38829875162/v3))))),-0.999494638315953,69096.24508379582,0.08307115075038977,69096.24508379582,153.0,164.7095337229791,(((v2*(8.03*v1))--3840.0)/(v3+(0.666+((v1+(-0.326*v2))/(-5750.0/v3)))))
1798.6936690807343,1.028967573573424,26.0,0.0,2.0,-0.996440489432703,true,495.71860534303687,0.07379413757420025,5.0,(((v1*(8.07639947293685*v2))--4334.79143605839)/(v3+(0.822275481910783+((-35.9314233915327+v1)/(v1+(-2324.44413061392/v3)))))),-0.9998338028050346,22723.531439105536,0.07979768066027994,22723.531439105536,153.0,109.5591274064928,(((v1*(8.08*v2))--4330.0)/(v3+(0.822+((-35.9+v1)/(v1+(-2320.0/v3))))))
1373.2070240974426,1.0549076558904702,26.0,0.0,840.0,-0.996440489432703,true,491.8730854946125,0.07377936299269228,5.0,(((v2*(8.06207453140682*v1))--4448.00092249024)/(v3+(0.816935176946268+((-35.8509751694075+v1)/(v1+(-2324.29762812575/v3)))))),-0.9998334806148816,22767.583314190386,0.08067399558753863,22767.583314190386,153.0,109.38335575036179,(((v2*(8.06*v1))--4450.0)/(v3+(0.817+((-35.9+v1)/(v1+(-2320.0/v3))))))
1142.5851891040802,0.8960922904191334,26.0,0.0,1290.0,-0.996440489432703,true,525.3658837492949,0.07663661213978028,5.0,((v2*(v1--1.43343203719524))/((v3+(0.82653457275861+((-35.6214459087862+v1)/(v1+(-2329.08547453027/v3)))))/8.10204879727003)),-0.9998324108257381,22913.85165067371,0.07443437194718228,22913.85165067371,141.0,107.82551847993636,((v2*(v1--1.43))/((v3+(0.827+((-35.6+v1)/(v1+(-2330.0/v3)))))/8.1))
1491.2297010421753,1.0395761981170804,26.0,0.0,609.0,-0.996440489432703,true,506.541535948365,0.07529372397450677,5.0,(((v2*(8.08990101413156*v1))--4371.09796753795)/(v3+(0.831616117670328+((-35.5876202332517+v1)/(v1+(-2327.5702916389/v3)))))),-0.9998346361038771,22609.59755202672,0.0805520984272255,22609.59755202672,153.0,109.60539779376735,(((v2*(8.09*v1))--4370.0)/(v3+(0.832+((-35.6+v1)/(v1+(-2330.0/v3))))))
1142.5851891040802,0.8960922904191334,26.0,0.0,1290.0,-0.996440489432703,true,525.3658837492949,0.07663661213978028,5.0,((v2*(v1--1.43343203719524))/((v3+(0.82653457275861+((-35.6214459087862+v1)/(v1+(-2329.08547453027/v3)))))/8.10204879727003)),-0.9998324108257381,22913.85165067371,0.07443437194718228,22913.85165067371,141.0,107.82551847993636,((v2*(v1--1.43))/((v3+(0.827+((-35.6+v1)/(v1+(-2330.0/v3)))))/8.1))
1797.725107908249,0.1404288097883723,26.0,0.0,4.0,-0.9955506117908788,true,718.1744210274301,0.07173400339097488,5.0,(((v2*v1)/((v3+(0.580086058328882+(0.87729257907086/(-56.5123526238886+v1))))/8.04132549977335))-(v1/(56.1748839976059-v1))),-0.9996277306272541,50899.022677094144,0.050858721435006644,50899.022677094144,48.0,153.1715766590979,(((v2*v1)/((v3+(0.58+(0.877/(-56.5+v1))))/8.04))-(v1/(56.2-v1)))
1106.7554240226746,1.0356623598631844,26.0,0.0,1360.0,-0.996440489432703,true,516.5120222327332,0.07666430610741055,5.0,(((v1*(8.10568347201236*v2))--4346.21541301442)/(v3+(0.840804103068602+((-35.1884458548819+v1)/(v1+(-2331.13768373348/v3)))))),-0.999834937136309,22568.438494367343,0.08054989232851022,22568.438494367343,153.0,109.38063725046005,(((v1*(8.11*v2))--4350.0)/(v3+(0.841+((-35.2+v1)/(v1+(-2330.0/v3))))))
1798.7830109596252,0.6106046209857686,26.0,0.0,2.0,-0.9955506117908788,true,879.432301060353,0.07688578253818261,5.0,(((v1*(8.14670426287289*v2))--2419.25370820129)/(v3+(0.737548275702759+((-18748.3197860044+v1)/(v1+(17007.3858262062*v1)))))),-0.9995126036287766,66639.91391138422,0.07630649357123463,66639.91391138422,153.0,172.75960511141778,(((v1*(8.15*v2))--2420.0)/(v3+(0.738+((-18700.0+v1)/(v1+(17000.0*v1))))))
1799.870726108551,2.7835228094199356,26.0,0.0,0.0,-0.9906562847608453,true,1145.935110814582,0.20438814315851941,5.0,((v2+(78.5839146326064*v1))/((v3+(1.01090493758755+((182.259039264334+v1)/(v1+(1715.04498357764/v3)))))/37.8943567225676)),-0.9984581660350739,210809.28942989645,0.2070562111040789,210809.28942989645,101.0,330.40314582247663,((v2+(78.6*v1))/((v3+(1.01+((182.0+v1)/(v1+(1720.0/v3)))))/37.9))
1799.8785989284515,0.36321651297082386,26.0,9.0,0.0,-0.996440489432703,true,971.7092918723611,0.08612197292820917,5.0,(((v1*(7.97810083923086*v2))-((-270965.127034767+v1)/(80.9453754052823+v3)))/(v3+(0.677716013364624+(-0.144578969085758/v3)))),-0.999480783042921,70990.62562616247,0.06279956841989225,70990.62562616247,103.0,159.06089857043062,(((v1*(7.98*v2))-((-271000.0+v1)/(80.9+v3)))/(v3+(0.678+(-0.145/v3))))
1093.6229720115662,0.9559282537875201,26.0,0.0,1385.0,-0.996440489432703,true,501.79380245712855,0.07435839367157841,5.0,((v2*(1.54930567358372+v1))/((v3+(0.798679034176484+((-36.0213657133629+v1)/(v1+(-2323.39292581394/v3)))))/8.04293206482663)),-0.9998299957035276,23244.062431258728,0.07611637370367053,23244.062431258728,141.0,107.48308229518119,((v2*(1.55+v1))/((v3+(0.799+((-36.0+v1)/(v1+(-2320.0/v3)))))/8.04))
1795.3494100570679,1.1050116079144985,26.0,0.0,9.0,-0.996440489432703,true,427.4853885562916,0.07030530900065811,5.0,((4713.19396282245-(v1*(-7.94919686746576*v2)))/(v3+(0.754963495732619+((-37.6735098208645+v1)/(v1+(-2306.95937305346/v3)))))),-0.9998180861410823,24872.41311858643,0.0811450177311939,24872.41311858643,153.0,111.0831144160614,((4710.0-(v1*(-7.95*v2)))/(v3+(0.755+((-37.7+v1)/(v1+(-2310.0/v3))))))
1773.9700350761414,1.0354557645037197,26.0,0.0,51.0,-0.996440489432703,true,516.6559502522514,0.07668146112328939,5.0,(((v1*(8.10597594401468*v2))--4345.22258308932)/(v3+(0.840952695407402+((-35.1864020380006+v1)/(v1+(-2331.16695069068/v3)))))),-0.9998349377551113,22568.353887798545,0.08054643560957839,22568.353887798545,153.0,109.3825768732964,(((v1*(8.11*v2))--4350.0)/(v3+(0.841+((-35.2+v1)/(v1+(-2330.0/v3))))))
1794.3198909759521,0.217969457679572,26.0,5.5,11.0,-0.9982202447163515,true,470.9462223650007,0.07553128420009907,4.0,(((v2+(v1*v2))/((v3+(0.680279589115571+(18.2205807290643/(v1+(-2302.73201404907/v3)))))/8.00458211341827))-sqrt_abs(v2)),-0.9997965712786625,27814.061157257478,0.04749475259017373,27814.061157257478,75.0,105.97162138641544,(((v2+(v1*v2))/((v3+(0.68+(18.2/(v1+(-2300.0/v3)))))/8.0))-sqrt_abs(v2))
1795.3147270679474,0.6463512396734797,26.0,1.0,9.0,-0.996440489432703,true,884.7228854933637,0.07869296110814232,5.0,(((v2+(v1*v2))/((0.701167005267729+v3)/8.09976340150344))-(-27650.1762337166/(4865.34751208083-(v1*(-2188.74816291781*v2))))),-0.9995126612450974,66632.03624365562,0.07723516907376206,66632.03624365562,38.0,171.15845186755365,(((v2+(v1*v2))/((0.701+v3)/8.1))-(-27700.0/(4870.0-(v1*(-2190.0*v2)))))
1799.4478619098663,0.6825691419164396,26.0,1.0,1.0,-0.9977753058954394,true,468.11381202159464,0.07664628321306415,5.0,(((v1*(8.01708633542741*v2))--2764.20582328827)/(v3+(0.694102533271395+(18.8425187837008/(v1+((-2363.80956247742+v1)/v3)))))),-0.9998065440479286,26450.52108067135,0.06245764362825437,26450.52108067135,105.0,104.87518511196662,(((v1*(8.02*v2))--2760.0)/(v3+(0.694+(18.8/(v1+((-2360.0+v1)/v3))))))
1365.3197090625763,1.0194956377862487,26.0,0.0,855.0,-0.996440489432703,true,511.9626956614147,0.07584548056150685,5.0,(((v2*(8.10484398704908*v1))--4281.48475729434)/(v3+(0.838034530743088+((-35.5926466400097+v1)/(v1+(-2328.32255558733/v3)))))),-0.9998346733830522,22604.500507480476,0.0799531997187597,22604.500507480476,153.0,109.76481684303644,(((v2*(8.1*v1))--4280.0)/(v3+(0.838+((-35.6+v1)/(v1+(-2330.0/v3))))))
1799.1227869987488,0.6113007201206009,27.0,1.0,1.0,-0.996440489432703,true,973.264091294096,0.08521752307935679,5.0,((v2+(v1*v2))/((v3+(0.594046352689952+(3.73917812364298/(-91.6224587555549+((pow2(v2)--15250.983368265)/v1)))))/7.9212290085571)),-0.9994717527640639,72225.30245422974,0.07113791652205023,72225.30245422974,120.0,162.21775858272278,((v2+(v1*v2))/((v3+(0.594+(3.74/(-91.6+((pow2(v2)--15300.0)/v1)))))/7.92))
1797.5489420890808,0.870062053894312,27.0,2.0,4.0,-0.9977753058954394,true,495.79270890746557,0.07132813114982293,4.0,(((7.89768787031549*(v1*v2))--3639.582587577)/(v3+((v1+((-1522.14039293643-v3)/v3))/(v1+(-2298.68481838155/v3))))),-0.999801348678924,27160.86478373494,0.0677263456698645,27160.86478373494,337.0,104.15344091996499,(((7.9*(v1*v2))--3640.0)/(v3+((v1+((-1520.0-v3)/v3))/(v1+(-2300.0/v3)))))
1799.5382659435272,0.8225926033976065,27.0,0.0,0.0,-0.9959955506117909,true,973.7453929433805,0.08241096216589389,5.0,(((v2*(7.90899132879091*v1))--3436.50286861586)/(v3+(0.61601171253608+((-2.03735015277503+v1)/(v1+pow2((22.8257004366237*v2))))))),-0.999469617466305,72517.25386631978,0.0789432018737986,72517.25386631978,273.0,167.2081164679547,(((v2*(7.91*v1))--3440.0)/(v3+(0.616+((-2.04+v1)/(v1+pow2((22.8*v2)))))))
1792.163015127182,0.7949231707441786,27.0,1.0,15.0,-0.996440489432703,true,933.9596270050624,0.07682981592237928,4.0,((v2+(v2*v1))/((v3+((v3+(4.79322528150788+(-1.65568377265582/(v1*(v1/v3)))))/6.46010545190106))/9.23821716191069)),-0.999497779446743,68666.76981932206,0.07889059474088511,68666.76981932206,134.0,165.37397356110657,((v2+(v2*v1))/((v3+((v3+(4.79+(-1.66/(v1*(v1/v3)))))/6.46))/9.24))
1799.326425075531,0.14359867339838694,27.0,0.0,1.0,-0.9959955506117909,true,773.4678762130534,0.07212279327165678,5.0,(((v2*v1)/((v3+(0.551066494817504+(14799.2435028847/(-140904.508837704+pow3(v1)))))/7.9878786073886))-(v1/(56.2320779375209-v1))),-0.9996604289086005,46428.306884715035,0.04605623116699231,46428.306884715035,58.0,135.79449213944181,(((v2*v1)/((v3+(0.551+(14800.0/(-141000.0+pow3(v1)))))/7.99))-(v1/(56.2-v1)))
1787.258717060089,0.7724738977896854,27.0,0.0,25.0,-0.9959955506117909,true,885.5068654444276,0.09431688579700516,5.0,(((v2*(23.1156764257936*v1))--9978.33324495746)/(v3+(v3+(v3+(1.5531657826377+(-0.478069003393634/sqrt_abs((56.2850942367428-v1)))))))),-0.9996419656172456,48952.72483086653,0.06716284070542385,48952.72483086653,129.0,127.03793909363921,(((v2*(23.1*v1))--9980.0)/(v3+(v3+(v3+(1.55+(-0.478/sqrt_abs((56.3-v1))))))))
1796.9338071346283,0.6168776444881058,27.0,2.0,6.0,-0.9968854282536151,true,456.7641664988714,0.06587043038066506,4.0,((8.08831663997524*(v2+(v1*v2)))/(v3+(0.792789186385299+((-36.2670928928117+v1)/(v1+((-2376.24025801836+v1)/v3)))))),-0.9998094061322473,26059.19881429544,0.06242009148477388,26059.19881429544,249.0,114.64885319649518,((8.09*(v2+(v1*v2)))/(v3+(0.793+((-36.3+v1)/(v1+((-2380.0+v1)/v3))))))
1778.2054870128632,0.6431578921927618,28.0,6.0,42.0,-0.9968854282536151,true,512.079936131976,0.07347089058065388,5.0,(((v3+(v1*(7.96913693583734*v2)))--2692.4292643552)/(v3+(0.742451170532754+((62.0826300475619-v3)/(v1+(-2326.82711249/v3)))))),-0.999823319631184,24156.857258045155,0.06394943644081526,24156.857258045155,191.0,107.58524430580798,(((v3+(v1*(7.97*v2)))--2690.0)/(v3+(0.742+((62.1-v3)/(v1+(-2330.0/v3))))))
1542.070058107376,1.103404127010376,28.0,0.0,508.0,-0.9968854282536151,true,462.4329202487379,0.07285018244279097,5.0,(((8.02445111060015*(v2*v1))--4652.88832871545)/(v3+(0.807922502840696+((v1+(-0.0993313583496132*v2))/(v1+(-2304.37150620372/v3)))))),-0.9998363444413876,22376.02284497515,0.08198600623631262,22376.02284497515,204.0,107.23846509934738,(((8.02*(v2*v1))--4650.0)/(v3+(0.808+((v1+(-0.0993*v2))/(v1+(-2300.0/v3))))))
1799.0800421237946,0.8613281464519681,28.0,0.0,1.0,-0.9977753058954394,true,525.9636215403189,0.0688604772243792,5.0,(((v1*(7.87738363823576*v2))--3609.79151788735)/(v3+(-0.046918483867618+((v1+(-1591.21340960988/v3))/(v1+(-2293.95096033177/v3)))))),-0.9997934681011147,28238.347214450838,0.06739967770299324,28238.347214450838,233.0,105.3576118639963,(((v1*(7.88*v2))--3610.0)/(v3+(-0.0469+((v1+(-1590.0/v3))/(v1+(-2290.0/v3))))))
1797.4918429851532,1.1423795332739912,28.0,0.0,4.0,-0.9959955506117909,true,412.7430290739421,0.07191760199602831,5.0,(((v1*(7.94031634007744*v2))--4857.67732401553)/(v3+(0.761760164729632+((v1+(-0.103937771419955*v2))/(v1+(-2289.71839930963/v3)))))),-0.9998229008894731,24214.110272652684,0.08280640617121511,24214.110272652684,233.0,112.05110495207829,(((v1*(7.94*v2))--4860.0)/(v3+(0.762+((v1+(-0.104*v2))/(v1+(-2290.0/v3))))))
1354.7127749919891,1.2116003162136295,28.0,0.0,876.0,-0.996440489432703,true,501.30533804785046,0.07837369182501608,5.0,(((v1*(8.097570198018*v2))-(-1.64923115045955e6/v2))/(v3+(0.851253363002768+((-35.1174290642716+v1)/(v1+(-2330.14805750729/v3)))))),-0.9998352315855773,22528.17952846077,0.0883300604681687,22528.17952846077,191.0,111.64559504280578,(((v1*(8.1*v2))-(-1.65e6/v2))/(v3+(0.851+((-35.1+v1)/(v1+(-2330.0/v3))))))
1781.2497129440308,0.5700677428673224,28.0,2.0,36.0,-0.9986651835372636,true,434.693242105368,0.08680786428073428,5.0,((v2+(v1*v2))/((v3+(0.722130968026926+((46.610722476288-v3)/(-26.9188879074189+(v1+(-1185.50948587799/v3))))))/7.83105209776633)),-0.9998419808033767,21605.383792429748,0.0661018240197003,21605.383792429748,162.0,105.01431537956176,((v2+(v1*v2))/((v3+(0.722+((46.6-v3)/(-26.9+(v1+(-1190.0/v3))))))/7.83))
1188.6094889640808,0.927826726771731,28.0,0.0,1201.0,-0.9968854282536151,true,484.6974760482717,0.07473701089689166,5.0,((v2*(v1--1.49815865945106))/((v3+(0.806959172104203+((v1+(-0.0996088099956903*v2))/(v1+(-2305.53961005107/v3)))))/8.04957179536033)),-0.9998354760394038,22494.75625549997,0.07486203371478686,22494.75625549997,211.0,106.20589551028648,((v2*(v1--1.5))/((v3+(0.807+((v1+(-0.0996*v2))/(v1+(-2310.0/v3)))))/8.05))
811.0816369056702,1.0463979150700653,28.0,0.0,1936.0,-0.9968854282536151,true,489.1469459831278,0.07164690962151173,5.0,(((v2*(8.08394114178364*v1))--4390.00966257694)/(v3+(0.836379989011841+((v1+(-0.098460729291782*v2))/(v1+(-2309.15070287289/v3)))))),-0.9998393714401833,21962.152428476955,0.08064587881948793,21962.152428476955,233.0,107.78713691952287,(((v2*(8.08*v1))--4390.0)/(v3+(0.836+((v1+(-0.0985*v2))/(v1+(-2310.0/v3))))))
1643.2231230735779,1.073725779103717,28.0,0.0,308.0,-0.9968854282536151,true,501.3121419558747,0.07401398991162565,5.0,(((v1*(8.09114798936792*v2))--4496.13779383)/(v3+(0.844422024922806+((v1+(-0.0960493982225944*v2))/(v1+(-2316.02088043249/v3)))))),-0.9998403814297852,21824.06026346662,0.08181141387428455,21824.06026346662,233.0,107.359882399176,(((v1*(8.09*v2))--4500.0)/(v3+(0.844+((v1+(-0.096*v2))/(v1+(-2320.0/v3))))))
1799.1764810085297,2.227374682846028,28.0,0.0,1.0,-0.996440489432703,true,899.2333060856154,0.07754242837564247,5.0,((v1*(8.27163213131938*v2))/(v3+(0.69223816160292+((265.712603092683+((-22099.1382868364+v1)/(v1+v1)))/(10065.1615529924/v3))))),-0.9995090592799055,67124.5197016291,0.12959858063491528,67124.5197016291,323.0,169.976728948565,((v1*(8.27*v2))/(v3+(0.692+((266.0+((-22100.0+v1)/(v1+v1)))/(10100.0/v3)))))
1373.2060871124268,0.9436637770742293,28.0,0.0,840.0,-0.9968854282536151,true,490.75565097449635,0.0741214974661047,5.0,((v2*(v1--1.52187096573094))/((v3+(0.810217322518002+((v1+(-0.098300536949444*v2))/(v1+(-2309.14273177956/v3)))))/8.05123393692434)),-0.9998362050297926,22395.08407979278,0.07555808425780698,22395.08407979278,211.0,106.13059356907142,((v2*(v1--1.52))/((v3+(0.81+((v1+(-0.0983*v2))/(v1+(-2310.0/v3)))))/8.05))
1799.6633150577545,1.2074583375163315,28.0,0.0,0.0,-0.9959955506117909,true,976.1302134400194,0.08163163228759399,5.0,((v2*(v1--2.10845446972724))/((v3+(0.535527632990961+((v1+(-0.622251962355745*v2))/(v1+(-47.4033413348025*v1)))))/7.76817026707162)),-0.9994669927640052,72876.11976199574,0.09573722083974591,72876.11976199574,211.0,161.32498088293917,((v2*(v1--2.11))/((v3+(0.536+((v1+(-0.622*v2))/(v1+(-47.4*v1)))))/7.77))
1791.097913980484,1.1014653412967572,28.0,1.0,17.0,-0.996440489432703,true,440.65648834176864,0.072749343481118,5.0,(((v1*(7.96937668321975*v2))--4682.98436191857)/(v3+(0.768876680687761+((-36.8962916932005+v1)/(v1+((-2369.02591881198+v1)/v3)))))),-0.9998258695151407,23808.220999342087,0.0808870220565764,23808.220999342087,249.0,108.89045768041014,(((v1*(7.97*v2))--4680.0)/(v3+(0.769+((-36.9+v1)/(v1+((-2370.0+v1)/v3))))))
1799.2874059677124,0.6063319471011206,28.0,1.0,1.0,-0.9977753058954394,true,636.4818984612775,0.06631412615715042,5.0,((v2+(v2*v1))/((v3+((v3+(3.72018154092596+(98.0785897755734/(v1+(-2280.71949666294/v3)))))/5.41224663904611))/9.2879233389074)),-0.999755891767367,33376.02117736184,0.05940247897930847,33376.02117736184,92.0,110.39708045651425,((v2+(v2*v1))/((v3+((v3+(3.72+(98.1/(v1+(-2280.0/v3)))))/5.41))/9.29))
1798.3426260948181,0.7783469009652586,28.0,1.0,3.0,-0.996440489432703,true,929.7879694355479,0.075594201479014,5.0,(((v1*(8.0071802926423*v2))--3211.73983797978)/(v3+(0.657924023840979+((0.0077338501840226/(-42.2403272844763+v1))/(v1+(v3/v3)))))),-0.9995437556396852,62380.613991059334,0.07747633874699979,62380.613991059334,257.0,152.1159478493508,(((v1*(8.01*v2))--3210.0)/(v3+(0.658+((0.00773/(-42.2+v1))/(v1+(v3/v3))))))
1798.8737349510193,0.8343893277608323,28.0,1.0,2.0,-0.9959955506117909,true,733.2508858003166,0.08104323515979976,5.0,(((v1*(7.82989536006649*v2))--3523.37928402926)/(v3+(0.640944639677383+(((56.6467168374257+v1)/v3)/(v1+(-2214.77793675022/v3)))))),-0.9997129886188257,39242.01094282195,0.06981124317561785,39242.01094282195,313.0,120.53617596399006,(((v1*(7.83*v2))--3520.0)/(v3+(0.641+(((56.6+v1)/v3)/(v1+(-2210.0/v3))))))
1527.9465260505676,1.0503533370099467,28.0,0.0,536.0,-0.9968854282536151,true,499.23603218509015,0.07318776248994809,5.0,(((v1*(8.09632441312407*v2))--4398.69174093896)/(v3+(0.844542324705192+((v1+(-0.0969365964945702*v2))/(v1+(-2313.82415326515/v3)))))),-0.9998400809240294,21865.14731063633,0.08092857688037691,21865.14731063633,233.0,107.58102269509513,(((v1*(8.1*v2))--4400.0)/(v3+(0.845+((v1+(-0.0969*v2))/(v1+(-2310.0/v3))))))
1468.3635411262512,1.0692829466701754,28.0,0.0,654.0,-0.9968854282536151,true,498.576627101952,0.07352981723494811,5.0,(((v1*(8.08878479307364*v2))--4479.48511523584)/(v3+(0.842414752545287+((v1+(v2/-10.3641547517295))/(v1+(-2314.71084959649/v3)))))),-0.9998402571187948,21841.05684814971,0.08159794810458901,21841.05684814971,233.0,107.4222469496245,(((v1*(8.09*v2))--4480.0)/(v3+(0.842+((v1+(v2/-10.4))/(v1+(-2310.0/v3))))))
1797.3113770484924,0.7157734453668297,28.0,0.0,5.0,-0.996440489432703,true,900.4576245543003,0.0742461190851771,5.0,(((v2*(8.080549200303*v1))--2939.40920567472)/(v3+(0.694628580247728+(-8514.15964621643/(v1+((v1*(-7953.1186862995*v2))/v3)))))),-0.9995124250761145,66664.32676041692,0.07904934335017696,66664.32676041692,169.0,167.71581922019809,(((v2*(8.08*v1))--2940.0)/(v3+(0.695+(-8510.0/(v1+((v1*(-7950.0*v2))/v3))))))
1795.2175450325012,0.15022437268117952,28.0,1.0,9.0,-0.9977753058954394,true,557.4638628086759,0.0734197612541971,5.0,(((v1*(7.99931760559096*v2))-(-56868.7903995203/(v1+v3)))/(v3+(0.636959886633103+(17.2447490958923/(v1+(-2292.56751980615/v3)))))),-0.999783686112824,29575.802509696772,0.043695707542189724,29575.802509696772,109.0,103.05186155282303,(((v1*(8.0*v2))-(-56900.0/(v1+v3)))/(v3+(0.637+(17.2/(v1+(-2290.0/v3))))))
1090.3312239646912,1.062564097140048,28.0,0.0,1392.0,-0.9968854282536151,true,506.18322430246735,0.07431516151535258,5.0,(((v2*(8.10255865769002*v1))--4444.9750194509)/(v3+(0.84979015670993+((v1+(-0.0960226651085347*v2))/(v1+(-2316.63260605366/v3)))))),-0.9998404098437798,21820.17532244228,0.08157088279369114,21820.17532244228,233.0,107.52666992920643,(((v2*(8.1*v1))--4440.0)/(v3+(0.85+((v1+(-0.096*v2))/(v1+(-2320.0/v3))))))
1799.3059520721436,1.0298744801663269,28.0,0.0,1.0,-0.9955506117908788,true,894.1292152974138,0.08211627796372267,5.0,((v2*(v1--1.74875300736995))/((v3+(0.69738912107845+((-65.5796152557739+v1)/(v1+(v1+(-2410.05411497034/v3))))))/7.94137613869879)),-0.999487580927576,70061.17584989592,0.09654244097811988,70061.17584989592,183.0,175.72451353376027,((v2*(v1--1.75))/((v3+(0.697+((-65.6+v1)/(v1+(v1+(-2410.0/v3))))))/7.94))
1799.7957661151886,0.5987667182340851,28.0,1.0,0.0,-0.9955506117908788,true,890.955574693955,0.0826743748187806,5.0,((v2+(v2*v1))/((v3+(0.375343792466139+(v3+(0.733161443662292+(-26.3067173826495/(v1+(-1233.14910145364/v3)))))))/15.9013405736507)),-0.9995715411997789,58581.59651382382,0.07713073090679537,58581.59651382382,92.0,160.75919378868036,((v2+(v2*v1))/((v3+(0.375+(v3+(0.733+(-26.3/(v1+(-1230.0/v3)))))))/15.9))
1799.8090879917145,0.7351085219712331,28.0,0.0,0.0,-0.9968854282536151,true,958.5581778201695,0.070183378105955,5.0,(((v1*(7.94563095189119*v2))--3191.99648561784)/(v3+(0.621200824240506+((-49.186941176313/(v1+v1))/(v1+(-1023.34118750131/v3)))))),-0.9994955916039038,68965.90552707193,0.07303887016639377,68965.90552707193,233.0,159.0269829916707,(((v1*(7.95*v2))--3190.0)/(v3+(0.621+((-49.2/(v1+v1))/(v1+(-1020.0/v3))))))
1685.967082977295,1.034982041344687,28.0,1.0,224.0,-0.996440489432703,true,513.2464653445895,0.07659788808650599,5.0,(((v2*(8.10348809914446*v1))--4342.53721060446)/(v3+(0.840722749226771+((-35.4597070541658+v1)/(v1+((-2385.20221626686+v1)/v3)))))),-0.9998374057925105,22230.908208022047,0.08039511906339696,22230.908208022047,249.0,108.33217300044227,(((v2*(8.1*v1))--4340.0)/(v3+(0.841+((-35.5+v1)/(v1+((-2390.0+v1)/v3))))))
1797.8684620857239,0.6555313203458799,28.0,1.0,4.0,-0.9973303670745273,true,526.9112236222045,0.0731556756099122,5.0,(((v2+(v1*v2))/((v3+(0.726776830148195+(19.7098355719412/(v1+(-2317.09612225328/v3)))))/8.07520682026558))-(v2/-25116.9427928711)),-0.9998055432864054,26587.35152440369,0.06301292905405288,26587.35152440369,74.0,109.46158152355544,(((v2+(v1*v2))/((v3+(0.727+(19.7/(v1+(-2320.0/v3)))))/8.08))-(v2/-25100.0))
1597.3709480762482,0.1345449137654613,28.0,0.0,399.0,-0.9959955506117909,true,450.57229271625783,0.05975636778492032,5.0,(((v1*(8.26754177950291*v2))-(-20942.2975288393/v3))/(v3+(0.951649093923982+((-35.4951183979546+v1)/(v1+(-2325.20602749293/v3)))))),-0.9998329104175068,22845.5443049128,0.043837515062538905,22845.5443049128,191.0,102.78554262239189,(((v1*(8.27*v2))-(-20900.0/v3))/(v3+(0.952+((-35.5+v1)/(v1+(-2330.0/v3))))))
1362.7301049232483,1.062832568527133,28.0,0.0,861.0,-0.9968854282536151,true,504.27645212442803,0.07407804630806783,5.0,(((v2*(8.09962810053484*v1))--4447.62593330934)/(v3+(0.848069651584535+((v1+(-0.0961900884659124*v2))/(v1+(-2316.03084030117/v3)))))),-0.9998403796916877,21824.297907139717,0.08153079194300017,21824.297907139717,233.0,107.52022109838587,(((v2*(8.1*v1))--4450.0)/(v3+(0.848+((v1+(-0.0962*v2))/(v1+(-2320.0/v3))))))
1468.8971180915833,1.0594108316752027,28.0,0.0,653.0,-0.9968854282536151,true,496.3563184579607,0.07299888068221466,5.0,(((v1*(8.08886320883999*v2))--4439.38093293045)/(v3+(0.84122239242974+((v1+(-0.0969402000693463*v2))/(v1+(-2313.47430963476/v3)))))),-0.9998400738176207,21866.118943763315,0.08117488921714126,21866.118943763315,233.0,107.48594710268074,(((v1*(8.09*v2))--4440.0)/(v3+(0.841+((v1+(-0.0969*v2))/(v1+(-2310.0/v3))))))
1799.9526329040527,0.699934367698768,28.0,1.0,0.0,-0.9959955506117909,true,895.044577063185,0.09826162184242575,5.0,(((v2*(23.0660727944679*v1))--9115.1073246939)/(v3+(v3+(v3+(1.58533301332162+(-0.424636991289516/log(sqrt_abs((55.1508381176384-v1))))))))),-0.9994186380679995,79487.47956949963,0.07137955697828212,79487.47956949963,2113.0,176.1959879765937,(((v2*(23.1*v1))--9120.0)/(v3+(v3+(v3+(1.59+(-0.425/log(sqrt_abs((55.2-v1)))))))))
1799.9656829833984,1.2244889486070996,28.0,2.0,0.0,-0.996440489432703,true,771.5509920810437,0.07519448588681697,4.0,(((v2+(v1*v2))/((0.64842364935959+v3)/8.00771800252628))-(-93809.5728182828/(v1+(v2*(v1*sqrt_abs((56.2849168246201-v1))))))),-0.9995643418828304,59565.93265169566,0.09311015742064772,59565.93265169566,67.0,161.42798225786962,(((v2+(v1*v2))/((0.648+v3)/8.01))-(-93800.0/(v1+(v2*(v1*sqrt_abs((56.3-v1)))))))
1768.107871055603,1.630082352239944,29.0,0.0,62.0,-0.996440489432703,true,350.84429886110865,0.07588912081293722,6.0,(((v1*(7.86343492644586*v2))--6894.89314545578)/(v3+(0.811900040399377+((-52.3673508058376+v1)/(-28.9725013507413+(v1+(-1089.88018964031/v3))))))),-0.9998615605244614,18928.320513894843,0.09775326133925627,18928.320513894843,177.0,106.22581997524031,(((v1*(7.86*v2))--6890.0)/(v3+(0.812+((-52.4+v1)/(-29.0+(v1+(-1090.0/v3)))))))
1723.9896030426025,1.6297829000655504,29.0,0.0,149.0,-0.996440489432703,true,350.606582057314,0.0759553064478325,6.0,(((7.86292417084845*(v2*v1))--6893.87209150015)/(v3+(0.811557604556216+((-52.3565547918189+v1)/(-28.9607666097795+(v1+(-1090.35894762552/v3))))))),-0.9998615032404112,18936.152751474303,0.09771780518872628,18936.152751474303,155.0,106.17956320818982,(((7.86*(v2*v1))--6890.0)/(v3+(0.812+((-52.4+v1)/(-29.0+(v1+(-1090.0/v3)))))))
1768.562413930893,0.760969059172099,29.0,1.0,61.0,-0.9982202447163515,true,448.5534303919658,0.07932265886072483,6.0,(((v1*(7.84099589971318*v2))--3324.91228048777)/(v3+(0.74467612658204+((46.610726434805-v3)/(-26.9188883961102+(v1+(-1185.50950992352/v3))))))),-0.9998493974813096,20591.32868628381,0.070046802545231,20591.32868628381,177.0,100.60228009052204,(((v1*(7.84*v2))--3320.0)/(v3+(0.745+((46.6-v3)/(-26.9+(v1+(-1190.0/v3)))))))
1798.531121969223,0.6092616781207278,29.0,1.0,2.0,-0.9986651835372636,true,479.62290973122253,0.0828840618862721,6.0,(((7.9349894990597*(v2*v1))--2657.88843064482)/(v3+(0.782812792849866+((46.6107310887165-v3)/(-26.9188891888379+(v1+(-1185.50954700936/v3))))))),-0.999840689043639,21782.001352182135,0.06551686157001353,21782.001352182135,155.0,103.35135894690156,(((7.93*(v2*v1))--2660.0)/(v3+(0.783+((46.6-v3)/(-26.9+(v1+(-1190.0/v3)))))))
1799.612116098404,0.14237402064948435,29.0,1.0,0.0,-0.9973303670745273,true,765.0294201826127,0.06528730220462572,5.0,(((v1*(8.20154778903544*v2))-(-1.64923106664078e6/exp(v2)))/(v3+(0.799402313426635+((-34.6282280257005+v1)/(v1+(-2326.83753241997/v3)))))),-0.9996393512698906,49310.17493300467,0.045461682903822305,49310.17493300467,229.0,139.03032458961727,(((v1*(8.2*v2))-(-1.65e6/exp(v2)))/(v3+(0.799+((-34.6+v1)/(v1+(-2330.0/v3))))))
1799.2017979621887,0.6307538770363633,29.0,3.0,1.0,-0.996440489432703,true,920.545260220335,0.07526866951338218,4.0,((8.02283091875733*(v2+(v1*v2)))/(v3+(0.657897673166895+(-0.293275744208841/(-44.6219535739561+(v1+((v1+(v1/v3))/v3))))))),-0.9995482656467611,61763.97730473506,0.07147119847127928,61763.97730473506,177.0,150.64067906269435,((8.02*(v2+(v1*v2)))/(v3+(0.658+(-0.293/(-44.6+(v1+((v1+(v1/v3))/v3)))))))
1798.6436131000519,0.7517407115859879,29.0,0.0,2.0,-0.9977753058954394,true,642.8483285278671,0.06667471183928136,6.0,(((v1*(8.68945917748349*v2))--3486.66516537972)/(v3+((v3+(5.85915868651022+(153.214296869201/(v1+(-2279.9723939897/v3)))))/9.04004294061046))),-0.999757676772724,33131.96395752782,0.0638324265468848,33131.96395752782,97.0,109.7798177046138,(((v1*(8.69*v2))--3490.0)/(v3+((v3+(5.86+(153.0/(v1+(-2280.0/v3)))))/9.04)))
1798.8760869503021,0.7677287176836428,29.0,0.0,2.0,-0.996440489432703,true,931.4895795720186,0.07569043820296929,6.0,(((v1*(8.00595853423867*v2))--3169.33433367805)/(v3+(0.657505877862965+((-0.106908838331134/(-42.2320241239845+v1))/(v1+(-6986.37905768612/v3)))))),-0.9995043018580171,67774.98450563263,0.07904739766853772,67774.98450563263,193.0,164.83771853397022,(((v1*(8.01*v2))--3170.0)/(v3+(0.658+((-0.107/(-42.2+v1))/(v1+(-6990.0/v3))))))
1792.1095659732819,1.0987254916029907,29.0,0.0,15.0,-0.9968854282536151,true,456.81424104994585,0.07230454215252424,5.0,(((v1*(8.00496566540723*v2))--4649.61447005958)/(v3+(0.792204012943812+((v1+(sqrt_abs(v2)/-0.525040368402881))/(v1+(-2310.52203591868/v3)))))),-0.9998312861810765,23067.62018047363,0.0813382745555168,23067.62018047363,313.0,107.76994460232568,(((v1*(8.0*v2))--4650.0)/(v3+(0.792+((v1+(sqrt_abs(v2)/-0.525))/(v1+(-2310.0/v3))))))
1777.4586999416351,0.5503188202789787,29.0,2.0,44.0,-0.996440489432703,true,458.6971473410158,0.07361316097484036,4.0,(((v2+(v2*v1))/((v3+(0.676475502930466+((60.4566483575661-v3)/(v1+(-2313.16449075253/v3)))))/7.8631622050845))-(v1/v1)),-0.9998068021161003,26415.236368345584,0.061433541313469106,26415.236368345584,146.0,111.04118441743351,(((v2+(v2*v1))/((v3+(0.676+((60.5-v3)/(v1+(-2310.0/v3)))))/7.86))-(v1/v1))
1799.8774309158325,0.8458559501656789,29.0,0.0,0.0,-0.9982202447163515,true,867.4020582694666,0.07274370026053809,6.0,(((v1*(8.05175922498985*v2))--3517.89932127145)/(v3+(0.389191979378344*(1.84044024479783+((-46.0038272186534+v1)/(v1+(-2689.61110928974/v3))))))),-0.9995738645888915,58263.92806245066,0.07875960106995653,58263.92806245066,161.0,144.72797287465443,(((v1*(8.05*v2))--3520.0)/(v3+(0.389*(1.84+((-46.0+v1)/(v1+(-2690.0/v3)))))))
1796.8772540092468,0.6537350492934498,29.0,1.0,6.0,-0.9973303670745273,true,522.0252292482273,0.07381131403561325,5.0,(((v2+(v1*v2))/((v3+(0.722227807159603+(19.6993990700517/(v1+(-2316.57914730697/v3)))))/8.0674685778306))-(sqrt_abs(v2)/-24012.7159543019)),-0.999805613667347,26577.7285970082,0.0627883368021571,26577.7285970082,76.0,109.12752080746688,(((v2+(v1*v2))/((v3+(0.722+(19.7/(v1+(-2320.0/v3)))))/8.07))-(sqrt_abs(v2)/-24000.0))
1493.9170191287994,1.5918158789492471,29.0,0.0,604.0,-0.996440489432703,true,383.1152109036093,0.07230118866516842,6.0,(((v2*(7.93013376938286*v1))--6708.19994169951)/(v3+(0.84644322747602+((-52.3761854337459+v1)/(-28.9875037061803+(v1+(-1089.2303365697/v3))))))),-0.9998658019837514,18348.40137902424,0.09757856120009131,18348.40137902424,177.0,104.94347367830916,(((v2*(7.93*v1))--6710.0)/(v3+(0.846+((-52.4+v1)/(-29.0+(v1+(-1090.0/v3)))))))
1798.9197449684143,0.6517978200197333,29.0,1.0,2.0,-0.9955506117908788,true,860.5564071894851,0.08081829557413703,6.0,(((v2+(v1*v2))/((v3+(0.809678764505132+((8.39651657983704+v1)/-1212.52186746046)))/8.1542681346))-((22570.6482658807+v3)/161631.717737435)),-0.9995146046954742,66366.31541879279,0.07990056640850117,66366.31541879279,61.0,174.0943658983915,(((v2+(v1*v2))/((v3+(0.81+((8.4+v1)/-1210.0)))/8.15))-((22600.0+v3)/162000.0))
1476.9663970470428,1.382750918153573,29.0,0.0,637.0,-0.9977753058954394,true,409.1525079480771,0.07392542160193562,6.0,((v2*(2.26434130592168+v1))/((v3+(0.835124957887686+((-52.3808689372461+v1)/(-28.9875409859446+(v1+(-1089.25762075597/v3))))))/7.94037639163395)),-0.9998684481614482,17986.599231283355,0.08887701213606519,17986.599231283355,162.0,100.44373279673596,((v2*(2.26+v1))/((v3+(0.835+((-52.4+v1)/(-29.0+(v1+(-1090.0/v3))))))/7.94))
1767.4223079681396,1.6267855206839987,29.0,0.0,64.0,-0.996440489432703,true,355.33627796227574,0.07521168831827865,6.0,((6877.41893266779-(v1*(-7.87249078792086*v2)))/(v3+(0.816665106036967+((-52.3990030541629+v1)/(-28.9883718540758+(v1+(-1089.33895027648/v3))))))),-0.9998624787902662,18802.76940642986,0.09782203207805354,18802.76940642986,177.0,106.19129771382974,((6880.0-(v1*(-7.87*v2)))/(v3+(0.817+((-52.4+v1)/(-29.0+(v1+(-1090.0/v3)))))))
1551.5058739185333,1.6011747567562962,29.0,0.0,490.0,-0.996440489432703,true,375.8478337700799,0.07365510278861487,6.0,(((v1*(7.91497316861106*v2))--6753.37854775233)/(v3+(0.838636776085352+((-52.381042177665+v1)/(-28.9877801615442+(v1+(-1089.24796676603/v3))))))),-0.9998654432322838,18397.45214823344,0.09758281030361511,18397.45214823344,177.0,104.96565427791846,(((v1*(7.91*v2))--6750.0)/(v3+(0.839+((-52.4+v1)/(-29.0+(v1+(-1090.0/v3)))))))
1798.9389879703522,0.6418692715725458,29.0,1.0,2.0,-0.996440489432703,true,894.5444124953647,0.07635561902050486,4.0,(((v2+(v1*v2))/((0.70505222854307+v3)/8.07993523956862))-((v1+(((v1*(82.6977320849188*v2))/v3)/v3))/-701.948069782453)),-0.9995114803793591,66793.49167457024,0.07631506702693107,66793.49167457024,63.0,169.18636540069582,(((v2+(v1*v2))/((0.705+v3)/8.08))-((v1+(((v1*(82.7*v2))/v3)/v3))/-702.0))
1799.953381061554,0.645312376336854,29.0,1.0,0.0,-0.9955506117908788,true,884.3501410325471,0.07838911524059533,6.0,((8.10318283762537*(v2+(v1*v2)))/(v3+(0.641216901243138+(9.67205450797202/(v1+(74.1087630420355+(-92372.875264066/(-75301.6711738366+v1)))))))),-0.999513700319954,66489.96735870399,0.07740528036261757,66489.96735870399,89.0,170.23223595612055,((8.1*(v2+(v1*v2)))/(v3+(0.641+(9.67/(v1+(74.1+(-92400.0/(-75300.0+v1))))))))
1799.962613105774,0.6233943755176212,29.0,1.0,0.0,-0.9959955506117909,true,965.4705852073284,0.07179703098783526,5.0,(((v2+(v1*v2))/((0.603257833071428+v3)/7.9321048753383))-((v1+(v1+(53324.3803978702/sqrt_abs((54.7801785632356-v1)))))/-17073.787322684)),-0.9994839280867144,70560.61535114088,0.06950098855534276,70560.61535114088,43.0,157.86964767817807,(((v2+(v1*v2))/((0.603+v3)/7.93))-((v1+(v1+(53300.0/sqrt_abs((54.8-v1)))))/-17100.0))
1751.8589420318604,1.2146231902837856,30.0,0.0,94.0,-0.9959955506117909,true,481.57265558332256,0.07592952050362964,5.0,(((v1*(8.0840609093438*v2))-(-1.65030060100529e6/v2))/(v3+(0.85193249698223+((v1+(-0.0954413340237158*v2))/(v1+(-2316.20078341684/v3)))))),-0.9998400921914873,21863.606752537937,0.08765468778072488,21863.606752537937,291.0,109.05674985553397,(((v1*(8.08*v2))-(-1.65e6/v2))/(v3+(0.852+((v1+(-0.0954*v2))/(v1+(-2320.0/v3))))))
1799.0866351127625,0.7018569691857661,30.0,0.0,1.0,-0.996440489432703,true,941.7559308657328,0.07699446250788831,7.0,(((5.25212910927461*(v2*v1))--1910.46180667147)/(v3+(-11.4884715663377+((34.7330948112138-v3)/(2.91571965847961+(0.0106725881693458/(-56.8488102621228+v1))))))),-0.9994974499729905,68711.8175541838,0.07548992740796032,68711.8175541838,134.0,162.5086596463845,(((5.25*(v2*v1))--1910.0)/(v3+(-11.5+((34.7-v3)/(2.92+(0.0107/(-56.8+v1)))))))
1798.5679800510406,0.6424476876040742,30.0,1.0,2.0,-0.996440489432703,true,891.2364336980481,0.07712890633525378,5.0,((8.08701975191027*(v2+(v1*v2)))/(v3+(0.694986703134045+(5752.95386617967/(v1+(((22707.6171784261*(v1*v2))--3836.25154703269)/v3)))))),-0.9995113029042654,66817.75719164495,0.0765761507854902,66817.75719164495,169.0,170.23289502929617,((8.09*(v2+(v1*v2)))/(v3+(0.695+(5750.0/(v1+(((22700.0*(v1*v2))--3840.0)/v3))))))
1779.2967901229858,0.8553968828574364,30.0,0.0,40.0,-0.9977753058954394,true,561.9214045044955,0.06543382042487536,5.0,(((7.85591755983514*(v2*v1))--3595.24699506489)/(v3+(-1.0905143660131+((v1+(v1+(-3929.90066463951/v3)))/(v1+(-2284.81485914518/v3)))))),-0.9997832800223346,29631.325769307954,0.06722113455980631,29631.325769307954,274.0,106.99499181281608,(((7.86*(v2*v1))--3600.0)/(v3+(-1.09+((v1+(v1+(-3930.0/v3)))/(v1+(-2280.0/v3))))))
1799.5511870384216,0.17194855028355177,30.0,7.0,0.0,-0.996440489432703,true,492.887081927066,0.06926820575424718,5.0,(((v1*v2)/((v3+(0.699672385790494+((59.997095744505-v3)/(v1+(-2322.59025241211/v3)))))/8.00809545267388))-(v1/(-39.5561388430268+v3))),-0.9997288671442051,37070.998545529525,0.04918749444173073,37070.998545529525,108.0,130.90210602690135,(((v1*v2)/((v3+(0.7+((60.0-v3)/(v1+(-2320.0/v3)))))/8.01))-(v1/(-39.6+v3)))
1799.5584399700165,0.5414399263268047,30.0,0.0,0.0,-0.996440489432703,true,859.0178139197214,0.07512331526823982,6.0,(((v1*(15.2890656143897*v2))-(-35849.385402345/sqrt_abs((-56.3820524661015+v1))))/(v3+(v3+(0.914992537425059+(-0.305897203639249/(-56.3630547934559+v1)))))),-0.9996256529957134,51183.08959917536,0.06234812930474769,51183.08959917536,145.0,133.68994306206707,(((v1*(15.3*v2))-(-35800.0/sqrt_abs((-56.4+v1))))/(v3+(v3+(0.915+(-0.306/(-56.4+v1))))))
1799.5899250507355,0.17060807009169085,30.0,7.0,0.0,-0.996440489432703,true,492.5291202316221,0.0693956722806336,5.0,(((v1*v2)/((v3+(0.701042904153622+((60.8656284059236-v3)/(v1+(-2315.23072667828/v3)))))/8.00731742084143))-(v1/(4041.32600123461+v2))),-0.9997294152457712,36996.05863350799,0.048586750856036504,36996.05863350799,108.0,130.39837628626233,(((v1*v2)/((v3+(0.701+((60.9-v3)/(v1+(-2320.0/v3)))))/8.01))-(v1/(4040.0+v2)))
1798.169214963913,1.57883988680821,30.0,2.0,3.0,-0.9955506117908788,true,769.4213458214144,0.08210942534437617,5.0,((v2*(v1--2.79440797412611))/((v3+(0.561245288449827+((v1+(-0.661248392505001*v2))/(v1+(v1*(-55.4728957856372+v1))))))/7.62338569040369)),-0.9995555956814205,60761.76861482006,0.10537297718458806,60761.76861482006,351.0,164.38632160249017,((v2*(v1--2.79))/((v3+(0.561+((v1+(-0.661*v2))/(v1+(v1*(-55.5+v1))))))/7.62))
1631.0784659385681,0.9260566751654358,30.0,0.0,332.0,-0.9982202447163515,true,517.254651889657,0.07703205005317401,5.0,(((v1*(8.09827702426156*v2))-(-11.9565546804745*v2))/(v3+(0.83606425483211+((v1+(-0.0963610473336576*v2))/(v1+(-2316.52347925758/v3)))))),-0.9998380392029984,22144.304320755462,0.07548574335624043,22144.304320755462,291.0,105.78025615254282,(((v1*(8.1*v2))-(-12.0*v2))/(v3+(0.836+((v1+(-0.0964*v2))/(v1+(-2320.0/v3))))))
1550.2705509662628,0.12228455677001578,30.0,0.0,492.0,-0.9973303670745273,true,488.3141695084987,0.06726940756825532,5.0,(((v1*(8.34256796990847*v2))-(-21746.289160984/v3))/(v3+(1.00958828605377+((v1+(-0.0937043478024022*v2))/(v1+(-2323.26935460903/v3)))))),-0.9998432532448996,21431.40754117587,0.04333425029598696,21431.40754117587,291.0,97.19032608734237,(((v1*(8.34*v2))-(-21700.0/v3))/(v3+(1.01+((v1+(-0.0937*v2))/(v1+(-2320.0/v3))))))
1797.1355409622192,0.62645440940393,30.0,1.0,5.0,-0.9968854282536151,true,934.64558423998,0.0671888447149006,5.0,((7.99974216373508*(v2+(v1*v2)))/(v3+(0.641513418130032+((0.131802663257/(v1+(-2433.28439776889/v3)))/(v1+(-2433.37877680421/v3)))))),-0.9995389460901593,63038.20601530796,0.0689802221200371,63038.20601530796,273.0,152.84483997780504,((8.0*(v2+(v1*v2)))/(v3+(0.642+((0.132/(v1+(-2430.0/v3)))/(v1+(-2430.0/v3))))))
1781.881268978119,0.5848375299978384,30.0,2.0,35.0,-0.9955506117908788,true,453.8644375621907,0.04060637962126769,5.0,((7.79772814485462*(v2+(v1*v2)))/(v3+(0.490116910460997+(-9.59231772465142/(-53.0276696162697+(v1+((v1+(-5218.83725213945/v3))/v3))))))),-0.9998551948806645,19798.67158678667,0.05492703935534009,19798.67158678667,145.0,92.52222014034145,((7.8*(v2+(v1*v2)))/(v3+(0.49+(-9.59/(-53.0+(v1+((v1+(-5220.0/v3))/v3)))))))
1759.158863067627,1.0741157987017402,30.0,6.0,80.0,-0.9968854282536151,true,501.49535958905835,0.07404480621401247,5.0,(((v1*(8.08890159558624*v2))-(-4497.33797164061-v1))/(v3+(0.844934613796827+((v1+(-0.0960248692806816*v2))/(v1+(-2316.09951079364/v3)))))),-0.99984039600648,21822.067245578586,0.08184698952130237,21822.067245578586,291.0,107.37166119369856,(((v1*(8.09*v2))-(-4500.0-v1))/(v3+(0.845+((v1+(-0.096*v2))/(v1+(-2320.0/v3))))))
1798.6362969875336,0.6384540131363075,30.0,2.0,2.0,-0.9959955506117909,true,940.5638984377583,0.07324984894609538,5.0,((8.0249713425005*(v2+(v1*v2)))/(v3+(0.611496527748801+((v3-54.5244931567653)/(-58.3010659350667+(v1+(v1+(-4976.06134539102/v3)))))))),-0.9994994846844146,68433.61894183572,0.07237934110695105,68433.61894183572,225.0,155.60712435871076,((8.02*(v2+(v1*v2)))/(v3+(0.611+((v3-54.5)/(-58.3+(v1+(v1+(-4980.0/v3))))))))
1798.1734149456024,0.4958792535877374,30.0,0.0,3.0,-0.996440489432703,true,514.0178313134893,0.08362565782791656,5.0,((v2*(v1--2.26587336034072))/((v3+(0.809736826003622+((v1+(-686415.854670084/(v1*v2)))/(v1+(-2345.83041310663/v3)))))/7.9615757800761)),-0.9997895943310935,28767.993547427624,0.06550902053169827,28767.993547427624,316.0,117.77389706952313,((v2*(v1--2.27))/((v3+(0.81+((v1+(-686000.0/(v1*v2)))/(v1+(-2350.0/v3)))))/7.96))
1569.3093910217285,0.5848374030644413,30.0,2.0,454.0,-0.9955506117908788,true,453.86484263842067,0.040603239713859256,5.0,((v2+(v1*v2))/((v3+(0.490114832158562+(-9.59228687069492/(-53.0278154554518+(v1+((v1+(-5218.62198365879/v3))/v3))))))/7.79772726553894)),-0.9998551965152486,19798.44809611339,0.054926752947989974,19798.44809611339,134.0,92.52007849427886,((v2+(v1*v2))/((v3+(0.49+(-9.59/(-53.0+(v1+((v1+(-5220.0/v3))/v3))))))/7.8))
1755.1194341182709,1.187262633103198,30.0,5.0,88.0,-0.996440489432703,true,467.0582133841808,0.07381308853727801,5.0,(((v1*(8.04974855627264*v2))-((-1.62462285895029e6-v3)/v2))/(v3+(0.820274143350787+((-35.9455758799294+v1)/(v1+(-2321.78298498819/v3)))))),-0.9998321936225197,22943.54904816377,0.08612650219325552,22943.54904816377,267.0,111.45860412763119,(((v1*(8.05*v2))-((-1.62e6-v3)/v2))/(v3+(0.82+((-35.9+v1)/(v1+(-2320.0/v3))))))
1776.811024904251,1.0529138463536947,30.0,4.0,45.0,-0.9968854282536151,true,501.2829995629272,0.07364973621189849,5.0,(((v1*(8.09218158583499*v2))-(-4504.41272017945+v3))/(v3+(0.845082958459034+((v1+(-0.0960870477856458*v2))/(v1+(-2315.88972028705/v3)))))),-0.99984056843398,21798.491867442757,0.08086177595969125,21798.491867442757,291.0,107.13443691426647,(((v1*(8.09*v2))-(-4500.0+v3))/(v3+(0.845+((v1+(-0.0961*v2))/(v1+(-2320.0/v3))))))
1799.2176949977875,0.6377802656124819,30.0,2.0,1.0,-0.996440489432703,true,905.0035613210293,0.07389230668168274,5.0,((v2+(v1*v2))/((v3+(0.669749472504062+(0.583062633243362/(v1+((-36356.7906334723-v3)/(v1+(-14651.4761839631/v3)))))))/8.05803454810236)),-0.9995098503520584,67016.35931455408,0.07524539247338285,67016.35931455408,162.0,166.57890759101647,((v2+(v1*v2))/((v3+(0.67+(0.583/(v1+((-36400.0-v3)/(v1+(-14700.0/v3)))))))/8.06))
1641.674369096756,0.21530257970536468,30.0,1.0,311.0,-0.9951056729699667,true,450.3641570071195,0.0707372600809059,5.0,(((v1*(8.19779341909492*v2))-(-88497.5859176892/(v1+v3)))/(v3+(0.824208959066431+((-36.2363045103409+v1)/(v1+(-2319.42137831/v3)))))),-0.999844600010213,21247.26927128596,0.048153168475329355,21247.26927128596,229.0,98.32039044229855,(((v1*(8.2*v2))-(-88500.0/(v1+v3)))/(v3+(0.824+((-36.2+v1)/(v1+(-2320.0/v3))))))
1799.7023119926453,0.6320201909684359,30.0,1.0,0.0,-0.9977753058954394,true,932.2332904963423,0.07731603857618653,5.0,((7.99554531955556*(v2+(v1*v2)))/(v3+(0.640113242382971+((25.4906934005891/(v1+(-2667.71243969127/v3)))/(v1+(v2/315.581132150769)))))),-0.9995011554031529,68205.1877111927,0.07166170889411042,68205.1877111927,273.0,161.5332589025697,((8.0*(v2+(v1*v2)))/(v3+(0.64+((25.5/(v1+(-2670.0/v3)))/(v1+(v2/316.0))))))
1797.2975249290466,0.15280452163132782,30.0,1.0,5.0,-0.9977753058954394,true,595.5280008241389,0.07498854632076343,5.0,(((v1*(7.96756936075694*v2))-((-57297.854098009+v1)/(v1+v3)))/(v3+(0.616901950378951+(16.2928600849529/(v1+(-2286.2529253169/v3)))))),-0.999771637400982,31223.178582430915,0.04381457390850239,31223.178582430915,181.0,104.7110632663183,(((v1*(7.97*v2))-((-57300.0+v1)/(v1+v3)))/(v3+(0.617+(16.3/(v1+(-2290.0/v3))))))
944.972953081131,0.21454320819094494,30.0,1.0,1673.0,-0.9951056729699667,true,446.1594361773259,0.07087320130469367,5.0,(((v1*(8.19235305582182*v2))-(-88500.4981467082/(v1+v3)))/(v3+(0.820624362129233+((-36.4885064603731+v1)/(v1+(-2317.51201480599/v3)))))),-0.9998437630962093,21361.69744609124,0.04824955378691214,21361.69744609124,229.0,98.66873644423622,(((v1*(8.19*v2))-(-88500.0/(v1+v3)))/(v3+(0.821+((-36.5+v1)/(v1+(-2320.0/v3))))))
1468.854031085968,1.0850013187556207,30.0,1.0,653.0,-0.9968854282536151,true,472.0296407116339,0.07433101507210335,5.0,(((v1*(8.05682133784688*v2))--4564.69610831879)/(v3+(0.824716169355044+((v1+(v2/-9.70224949848259))/(v1+((-2352.3070308565+v1)/v3)))))),-0.999839043691318,22006.964325838275,0.08259144797169161,22006.964325838275,393.0,108.13110113791961,(((v1*(8.06*v2))--4560.0)/(v3+(0.825+((v1+(v2/-9.7))/(v1+((-2350.0+v1)/v3))))))
1127.1682529449463,1.0828610739790903,30.0,1.0,1320.0,-0.9968854282536151,true,491.4953445840147,0.07353218165776851,5.0,(((v2*(8.07500803400457*v1))--4539.33008415345)/(v3+(0.837629297257135+((v1+(-0.0967597843732893*v2))/(v1+((-2369.38795959708+v1)/v3)))))),-0.9998423200930496,21558.993962861317,0.08175538519523844,21558.993962861317,393.0,106.0565954129447,(((v2*(8.08*v1))--4540.0)/(v3+(0.838+((v1+(-0.0968*v2))/(v1+((-2370.0+v1)/v3))))))
1573.4201109409332,1.0836590858449808,30.0,1.0,446.0,-0.9968854282536151,true,487.8988823216969,0.07314433665142472,5.0,(((v1*(8.06899735472676*v2))--4545.52140223686)/(v3+(0.834207145026739+((v1+(-0.0969127758473199*v2))/(v1+((-2368.69660163873+v1)/v3)))))),-0.99984209604318,21589.627477814134,0.08164336794586659,21589.627477814134,393.0,105.96129266214524,(((v1*(8.07*v2))--4550.0)/(v3+(0.834+((v1+(-0.0969*v2))/(v1+((-2370.0+v1)/v3))))))
1799.7888250350952,0.1498264443966806,30.0,1.0,0.0,-0.9973303670745273,true,553.8816093185342,0.05806559833154465,5.0,(((v1*(8.02864515022657*v2))-((-216955.412940321/v3)/(v1+v3)))/(v3+(0.652433867034811+(17.3202105770401/(v1+(-2293.00301334445/v3)))))),-0.9997644213115782,32209.807956465163,0.041213443724339105,32209.807956465163,181.0,109.28602821120116,(((v1*(8.03*v2))-((-217000.0/v3)/(v1+v3)))/(v3+(0.652+(17.3/(v1+(-2290.0/v3))))))
1799.8606369495392,1.2303958392267742,30.0,0.0,0.0,-0.9942157953281424,true,888.5843780887681,0.081229120596664,5.0,(((v1*(7.94746820661114*v2))--5314.20810159471)/(v3+(0.733898146089864+((v1+(v2/-5.62149500157141))/(v1+(v1+(-2431.5490689998/v3))))))),-0.9994787716232225,71265.63964649782,0.10522053152650729,71265.63964649782,313.0,179.3367865573656,(((v1*(7.95*v2))--5310.0)/(v3+(0.734+((v1+(v2/-5.62))/(v1+(v1+(-2430.0/v3)))))))
1799.861473083496,0.7394474657311064,30.0,0.0,0.0,-0.996440489432703,true,869.2549174515689,0.08118265283172976,5.0,(((v2*(8.14246317298829*v1))--2989.50793793507)/(v3+(0.734150204344265+((-16982.905426074+v1)/(v1+((v1*(78219.2739055422*v2))/v3)))))),-0.9995139944754677,66449.74855679023,0.08297800459504985,66449.74855679023,441.0,174.53704167421287,(((v2*(8.14*v1))--2990.0)/(v3+(0.734+((-17000.0+v1)/(v1+((v1*(78200.0*v2))/v3))))))
1798.9611999988556,0.13895589903713834,30.0,0.0,2.0,-0.9959955506117909,true,456.2065888108759,0.058618488640575596,5.0,(((v1*(8.23224161148946*v2))-((-54.122033104207*v2)/v3))/(v3+(0.913428396856451+((-35.8917963026799+v1)/(v1+(-2320.96142769631/v3)))))),-0.9998245522078038,23988.331588415345,0.04372621846423196,23988.331588415345,267.0,105.68126760737667,(((v1*(8.23*v2))-((-54.1*v2)/v3))/(v3+(0.913+((-35.9+v1)/(v1+(-2320.0/v3))))))
1797.407930135727,0.6310596798032141,30.0,1.0,5.0,-0.9968854282536151,true,507.00283840624706,0.0711585794059883,5.0,(((v2+(v1*v2))/((v3+(0.835703374683642+((-34.9941970012441+v1)/(v1+(-2332.20469622168/v3)))))/8.16064564494088))-(v1/-9493.16108957786)),-0.9998152625038363,25258.47865803882,0.06329030929777704,25258.47865803882,144.0,110.81101661767725,(((v2+(v1*v2))/((v3+(0.836+((-35.0+v1)/(v1+(-2330.0/v3)))))/8.16))-(v1/-9490.0))
1798.418219089508,0.6093643208065178,30.0,1.0,3.0,-0.996440489432703,true,978.2215266801641,0.08630031135271016,5.0,(((v2+(v2*v1))/((0.590091929851493+v3)/7.91141336775302))-(v1/(v1+(v1+(4686.28070289581+(-76474.2043121741/(-90860.0718910603+v1))))))),-0.9994679620525744,72743.59249954385,0.07090065514613907,72743.59249954385,48.0,161.34637668911193,(((v2+(v2*v1))/((0.59+v3)/7.91))-(v1/(v1+(v1+(4690.0+(-76500.0/(-90900.0+v1)))))))
1797.9568889141083,0.7541152008169585,30.0,0.0,4.0,-0.996440489432703,true,961.9901131698916,0.0787601419397266,5.0,(((v2*(8.02179560882832*v1))--3098.18479884319)/(v3+(0.601542992929566+((v1+(-0.00512023662003198*v2))/(v1+((57.9395742107323*v1)/v3)))))),-0.9994807237126729,70998.73763285646,0.07710547770648328,70998.73763285646,393.0,162.01255102108766,(((v2*(8.02*v1))--3100.0)/(v3+(0.602+((v1+(-0.00512*v2))/(v1+((57.9*v1)/v3))))))
1799.9713900089264,1.1005234964232662,30.0,4.0,0.0,-0.9968854282536151,true,492.64104713340294,0.07339916265123789,5.0,((v3+((v2*(8.07525604580062*v1))--4520.15416325794))/(v3+(0.835584937342048+((v1+(-0.0967083019822203*v2))/(v1+(-2313.56737679249/v3)))))),-0.9998398010674777,21903.41106804722,0.08276427138767407,21903.41106804722,291.0,107.53502479418019,((v3+((v2*(8.08*v1))--4520.0))/(v3+(0.836+((v1+(-0.0967*v2))/(v1+(-2310.0/v3))))))
