time_stamp,max_are,compl,dim_penalty,age,minus_spearman,valid,max_ae,q75_are,n_params,eqs_orig,minus_r2,mse,mare,ms_processed_e,recursive_compl,mae,eqs_orig_rounded
105.71668100357056,1.2091299738063466,1.0,7.0,5064.0,-0.7704115684093437,true,53864.799007625996,0.9964032597926259,0.0,v3,0.274903133884431,1.7431281828001538e8,0.9641126034627677,1.7431281828001538e8,2.0,6099.982261385594,v3
71.69587993621826,6.617057512609683,1.0,5.0,5167.0,-0.19688542825361513,true,53550.96572912947,0.9261797182022504,0.0,v2,0.2466358518168572,1.7044793672834638e8,1.0041317626885122,1.7044793672834638e8,2.0,5818.907408639832,v2
52.79402208328247,0.998533031115817,1.0,5.0,5224.0,-0.5586206896551724,true,53776.00394001633,0.991007306072893,0.0,v1,0.2705707410147318,1.7372046613110146e8,0.980952816458107,1.7372046613110146e8,2.0,6106.510327816403,v1
225.88580513000488,6.617057512609683,1.0,5.0,4707.0,-0.19688542825361513,true,53550.96572912947,0.9261797182022504,0.0,v2,0.2466358518168572,1.7044793672834638e8,1.0041317626885122,1.7044793672834638e8,2.0,5818.907408639832,v2
29.18558406829834,1.2091299738063466,1.0,7.0,5293.0,-0.7704115684093437,true,53864.799007625996,0.9964032597926259,0.0,v3,0.274903133884431,1.7431281828001538e8,0.9641126034627677,1.7431281828001538e8,2.0,6099.982261385594,v3
52.79402208328247,0.998533031115817,1.0,5.0,5224.0,-0.5586206896551724,true,53776.00394001633,0.991007306072893,0.0,v1,0.2705707410147318,1.7372046613110146e8,0.980952816458107,1.7372046613110146e8,2.0,6106.510327816403,v1
1611.2596681118011,6.617057512609683,1.0,5.0,551.0,-0.19688542825361513,true,53550.96572912947,0.9261797182022504,0.0,v2,0.2466358518168572,1.7044793672834638e8,1.0041317626885122,1.7044793672834638e8,2.0,5818.907408639832,v2
104.9777410030365,0.998533031115817,1.0,5.0,5066.0,-0.5586206896551724,true,53776.00394001633,0.991007306072893,0.0,v1,0.2705707410147318,1.7372046613110146e8,0.980952816458107,1.7372046613110146e8,2.0,6106.510327816403,v1
29.18558406829834,1.2091299738063466,1.0,7.0,5293.0,-0.7704115684093437,true,53864.799007625996,0.9964032597926259,0.0,v3,0.274903133884431,1.7431281828001538e8,0.9641126034627677,1.7431281828001538e8,2.0,6099.982261385594,v3
1611.2596681118011,6.617057512609683,1.0,5.0,551.0,-0.19688542825361513,true,53550.96572912947,0.9261797182022504,0.0,v2,0.2466358518168572,1.7044793672834638e8,1.0041317626885122,1.7044793672834638e8,2.0,5818.907408639832,v2
105.71668100357056,1.2091299738063466,1.0,7.0,5064.0,-0.7704115684093437,true,53864.799007625996,0.9964032597926259,0.0,v3,0.274903133884431,1.7431281828001538e8,0.9641126034627677,1.7431281828001538e8,2.0,6099.982261385594,v3
52.79402208328247,0.998533031115817,1.0,5.0,5224.0,-0.5586206896551724,true,53776.00394001633,0.991007306072893,0.0,v1,0.2705707410147318,1.7372046613110146e8,0.980952816458107,1.7372046613110146e8,2.0,6106.510327816403,v1
16.57949709892273,1.877015788866796,2.0,6.0,5330.0,-0.5586206896551724,true,45299.12980309314,0.8298326555615202,0.0,pow2(v1),-0.09918412541553401,1.2316524265790157e8,0.6148112068725003,1.2316524265790157e8,4.0,4597.039148980268,pow2(v1)
1799.5941700935364,0.9999639260398182,2.0,5.5,1.0,-0.7704115684093437,true,53866.63198638107,0.9990454472123365,0.0,sqrt_abs(v3),0.27639797088202744,1.7451720184688792e8,0.987527868768862,1.7451720184688792e8,4.0,6144.275261252342,sqrt_abs(v3)
1794.7004480361938,165.96105764802476,2.0,0.0,15.0,-0.43228960753537937,true,46746.13193022216,4.783300368514171,1.0,7122.44330899714,0.006898959110926528,1.3766959278786266e8,8.865199114471721,1.3766959278786266e8,1.0,7091.852450000972,7120.0
19.078644037246704,1.877015788866796,2.0,6.0,5326.0,-0.5586206896551724,true,45299.12980309314,0.8298326555615202,0.0,pow2(v1),-0.09918412541553401,1.2316524265790157e8,0.6148112068725003,1.2316524265790157e8,4.0,4597.039148980268,pow2(v1)
19.078644037246704,1.877015788866796,2.0,6.0,5326.0,-0.5586206896551724,true,45299.12980309314,0.8298326555615202,0.0,pow2(v1),-0.09918412541553401,1.2316524265790157e8,0.6148112068725003,1.2316524265790157e8,4.0,4597.039148980268,pow2(v1)
17.086153030395508,1.877015788866796,2.0,6.0,5329.0,-0.5586206896551724,true,45299.12980309314,0.8298326555615202,0.0,pow2(v1),-0.09918412541553401,1.2316524265790157e8,0.6148112068725003,1.2316524265790157e8,4.0,4597.039148980268,pow2(v1)
20.75297212600708,20.445630025970623,3.0,8.5,5321.0,-0.7704115684093437,true,53861.23706645778,0.9872410321905631,0.0,pow3(sqrt_abs(v3)),0.26612978374033336,1.7311327037027302e8,1.4512764854851055,1.7311327037027302e8,16.0,5798.078841749522,pow3(sqrt_abs(v3))
24.17734694480896,0.9988149323174909,3.0,6.0,5309.0,-0.7935483870967742,true,53784.46770973064,0.9981429404054831,0.0,(v2/v3),0.27190377161427404,1.7390272650405365e8,0.9934491433436963,1.7390272650405365e8,5.0,6134.643412977875,(v2/v3)
27.141193151474,20.445630025970615,3.0,8.5,5299.0,-0.7704115684093437,true,53861.23706645778,0.9872410321905631,0.0,sqrt_abs(pow3(v3)),0.26612978374033336,1.7311327037027302e8,1.4512764854851052,1.7311327037027302e8,16.0,5798.078841749521,sqrt_abs(pow3(v3))
48.53598403930664,0.9997352863554563,3.0,6.0,5237.0,-0.9915461624026697,true,53844.06103851002,0.9996725072152735,0.0,(v1/v3),0.2756350543618511,1.744128910759675e8,0.9996457995947269,1.744128910759675e8,5.0,6148.7958671656825,(v1/v3)
22.548352003097534,0.9997352863554563,3.0,6.0,5315.0,-0.9915461624026697,true,53844.06103851002,0.9996725072152735,0.0,(v1/v3),0.2756350543618511,1.744128910759675e8,0.9996457995947269,1.744128910759675e8,5.0,6148.7958671656825,(v1/v3)
29.36370611190796,20.445630025970623,3.0,8.5,5292.0,-0.7704115684093437,true,53861.23706645778,0.9872410321905631,0.0,pow3(sqrt_abs(v3)),0.26612978374033336,1.7311327037027302e8,1.4512764854851055,1.7311327037027302e8,16.0,5798.078841749522,pow3(sqrt_abs(v3))
24.17734694480896,0.9988149323174909,3.0,6.0,5309.0,-0.7935483870967742,true,53784.46770973064,0.9981429404054831,0.0,(v2/v3),0.27190377161427404,1.7390272650405365e8,0.9934491433436963,1.7390272650405365e8,5.0,6134.643412977875,(v2/v3)
16.795362949371338,20.445630025970615,3.0,8.5,5330.0,-0.7704115684093437,true,53861.23706645778,0.9872410321905631,0.0,sqrt_abs(pow3(v3)),0.26612978374033336,1.7311327037027302e8,1.4512764854851052,1.7311327037027302e8,16.0,5798.078841749521,sqrt_abs(pow3(v3))
24.17734694480896,0.9988149323174909,3.0,6.0,5309.0,-0.7935483870967742,true,53784.46770973064,0.9981429404054831,0.0,(v2/v3),0.27190377161427404,1.7390272650405365e8,0.9934491433436963,1.7390272650405365e8,5.0,6134.643412977875,(v2/v3)
16.795362949371338,20.445630025970615,3.0,8.5,5330.0,-0.7704115684093437,true,53861.23706645778,0.9872410321905631,0.0,sqrt_abs(pow3(v3)),0.26612978374033336,1.7311327037027302e8,1.4512764854851052,1.7311327037027302e8,16.0,5798.078841749521,sqrt_abs(pow3(v3))
22.548352003097534,0.9997352863554563,3.0,6.0,5315.0,-0.9915461624026697,true,53844.06103851002,0.9996725072152735,0.0,(v1/v3),0.2756350543618511,1.744128910759675e8,0.9996457995947269,1.744128910759675e8,5.0,6148.7958671656825,(v1/v3)
20.983957052230835,20.445630025970623,3.0,8.5,5320.0,-0.7704115684093437,true,53861.23706645778,0.9872410321905631,0.0,pow3(sqrt_abs(v3)),0.26612978374033336,1.7311327037027302e8,1.4512764854851055,1.7311327037027302e8,16.0,5798.078841749522,pow3(sqrt_abs(v3))
20.75297212600708,20.445630025970623,3.0,8.5,5321.0,-0.7704115684093437,true,53861.23706645778,0.9872410321905631,0.0,pow3(sqrt_abs(v3)),0.26612978374033336,1.7311327037027302e8,1.4512764854851055,1.7311327037027302e8,16.0,5798.078841749522,pow3(sqrt_abs(v3))
78.67678213119507,20.445630025970615,3.0,8.5,5146.0,-0.7704115684093437,true,53861.23706645778,0.9872410321905631,0.0,sqrt_abs(pow3(v3)),0.26612978374033336,1.7311327037027302e8,1.4512764854851052,1.7311327037027302e8,16.0,5798.078841749521,sqrt_abs(pow3(v3))
48.53598403930664,0.9997352863554563,3.0,6.0,5237.0,-0.9915461624026697,true,53844.06103851002,0.9996725072152735,0.0,(v1/v3),0.2756350543618511,1.744128910759675e8,0.9996457995947269,1.744128910759675e8,5.0,6148.7958671656825,(v1/v3)
105.0239200592041,0.9988149323174909,3.0,6.0,5066.0,-0.7935483870967742,true,53784.46770973064,0.9981429404054831,0.0,(v2/v3),0.27190377161427404,1.7390272650405365e8,0.9934491433436963,1.7390272650405365e8,5.0,6134.643412977875,(v2/v3)
1377.6421620845795,32.99679964561121,4.0,0.0,1236.0,-0.7704115684093437,true,22629.040161996523,1.0213904049763374,1.0,(136674.323216553/v3),-0.712734757234079,3.927672050491616e7,1.8788150398450052,3.927672050491616e7,3.0,3306.025041661116,(137000.0/v3)
34.83902096748352,25.26353625107693,4.0,7.0,5275.0,-0.7939933259176863,true,27155.22400346088,1.0094401519255811,0.0,(pow2(v2)/v3),-0.5889190341181421,5.620558911468886e7,1.5320402182624278,5.620558911468886e7,9.0,3676.0816775404924,(pow2(v2)/v3)
22.967985153198242,0.9999998991815227,4.0,14.0,5313.0,-0.9915461624026697,true,39136.8634871037,0.9999299287829335,0.0,pow3((v1/v3)),-0.17060314790912123,1.134003822863296e8,0.9856239868337495,1.134003822863296e8,32.0,5460.676530909473,pow3((v1/v3))
1799.9437191486359,67.3702169303842,4.0,14.0,0.0,-0.7935483870967742,true,830861.5642371032,0.9636608034560907,0.0,pow3((v2/v3)),282.05882128313533,3.87015919605977e10,4.074273465029424,3.87015919605977e10,32.0,63314.476959129555,pow3((v2/v3))
406.3708369731903,32.99511436059274,4.0,0.0,4167.0,-0.7704115684093437,true,22627.307039471725,1.0212902008688478,1.0,(136667.548014424/v3),-0.712735082422327,3.927667604312256e7,1.8787086842993332,3.927667604312256e7,3.0,3306.0126935862627,(137000.0/v3)
34.83902096748352,25.26353625107693,4.0,7.0,5275.0,-0.7939933259176863,true,27155.22400346088,1.0094401519255811,0.0,(pow2(v2)/v3),-0.5889190341181421,5.620558911468886e7,1.5320402182624278,5.620558911468886e7,9.0,3676.0816775404924,(pow2(v2)/v3)
23.063761949539185,0.9999998991815227,4.0,14.0,5313.0,-0.9915461624026697,true,39136.8634871037,0.9999299287829335,0.0,pow3((v1/v3)),-0.17060314790912123,1.134003822863296e8,0.9856239868337495,1.134003822863296e8,32.0,5460.676530909473,pow3((v1/v3))
34.83902096748352,25.26353625107693,4.0,7.0,5275.0,-0.7939933259176863,true,27155.22400346088,1.0094401519255811,0.0,(pow2(v2)/v3),-0.5889190341181421,5.620558911468886e7,1.5320402182624278,5.620558911468886e7,9.0,3676.0816775404924,(pow2(v2)/v3)
441.0116910934448,32.990325830802774,4.0,0.0,4065.0,-0.7704115684093437,true,22622.382585300056,1.0210054832403572,1.0,(136648.297112131/v3),-0.7127359796880239,3.927655336328264e7,1.8784064881169706,3.927655336328264e7,3.0,3305.977608052581,(137000.0/v3)
24.27104902267456,0.9999998991815227,4.0,14.0,5309.0,-0.9915461624026697,true,39136.8634871037,0.9999299287829335,0.0,pow3((v1/v3)),-0.17060314790912123,1.134003822863296e8,0.9856239868337495,1.134003822863296e8,32.0,5460.676530909473,pow3((v1/v3))
19.444931983947754,0.9999998991815227,4.0,14.0,5325.0,-0.9915461624026697,true,39136.8634871037,0.9999299287829335,0.0,pow3((v1/v3)),-0.17060314790912123,1.134003822863296e8,0.9856239868337495,1.134003822863296e8,32.0,5460.676530909473,pow3((v1/v3))
34.83902096748352,25.26353625107693,4.0,7.0,5275.0,-0.7939933259176863,true,27155.22400346088,1.0094401519255811,0.0,(pow2(v2)/v3),-0.5889190341181421,5.620558911468886e7,1.5320402182624278,5.620558911468886e7,9.0,3676.0816775404924,(pow2(v2)/v3)
1035.4508769512177,32.99523292399334,4.0,0.0,2253.0,-0.7704115684093437,true,22627.428968343065,1.0212972504418327,1.0,(136668.024664365/v3),-0.7127350597047284,3.9276679149216294e7,1.878716166639133,3.9276679149216294e7,3.0,3306.0135622997022,(137000.0/v3)
1259.9784240722656,0.9999998991815227,5.0,14.0,1583.0,-0.9915461624026697,true,39136.86348710369,0.9999299287829335,0.0,(pow3(v1)/pow3(v3)),-0.17060314790912134,1.1340038228632958e8,0.9856239868337495,1.1340038228632958e8,17.0,5460.676530909473,(pow3(v1)/pow3(v3))
22.762037992477417,0.8965974746912853,5.0,7.0,5314.0,-0.9955506117908788,true,46082.63196170197,0.8798944820045277,0.0,(v2*(v1/v3)),-0.05984313191113155,1.2854419206152725e8,0.8746178708497518,1.2854419206152725e8,11.0,5322.024906655647,(v2*(v1/v3))
21.4082190990448,0.9999904988709666,5.0,11.0,5319.0,-0.971523915461624,true,17406.25938794038,0.9947158207224057,0.0,(pow3(v1)/pow2(v3)),-0.8105611976310043,2.5901270971009992e7,0.9309915703609487,2.5901270971009992e7,17.0,3474.938693034193,(pow3(v1)/pow2(v3))
26.107898950576782,0.8965974746912853,5.0,7.0,5303.0,-0.9955506117908788,true,46082.63196170197,0.8798944820045277,0.0,(v1*(v2/v3)),-0.05984313191113155,1.2854419206152725e8,0.8746178708497518,1.2854419206152725e8,11.0,5322.024906655647,(v1*(v2/v3))
196.80718302726746,0.9999904988709666,5.0,11.0,4793.0,-0.971523915461624,true,17406.25938794038,0.9947158207224057,0.0,(pow3(v1)/pow2(v3)),-0.8105611976310043,2.5901270971009992e7,0.9309915703609487,2.5901270971009992e7,17.0,3474.938693034193,(pow3(v1)/pow2(v3))
393.3920021057129,0.9999998991815227,5.0,14.0,4206.0,-0.9915461624026697,true,39136.86348710369,0.9999299287829335,0.0,(pow3(v1)/pow3(v3)),-0.17060314790912134,1.1340038228632958e8,0.9856239868337495,1.1340038228632958e8,17.0,5460.676530909473,(pow3(v1)/pow3(v3))
1799.9702939987183,103.25615594239322,5.0,6.0,0.0,-0.5586206896551724,true,40853.98302112213,3.5367240922485133,1.0,(4445.14678197102+pow2(v1)),-0.17704059906180825,1.1252021325768675e8,6.01641572612044,1.1252021325768675e8,5.0,6480.749729041998,(4450.0+pow2(v1))
26.107898950576782,0.8965974746912853,5.0,7.0,5303.0,-0.9955506117908788,true,46082.63196170197,0.8798944820045277,0.0,(v1*(v2/v3)),-0.05984313191113155,1.2854419206152725e8,0.8746178708497518,1.2854419206152725e8,11.0,5322.024906655647,(v1*(v2/v3))
196.80718302726746,0.9999904988709666,5.0,11.0,4793.0,-0.971523915461624,true,17406.25938794038,0.9947158207224057,0.0,(pow3(v1)/pow2(v3)),-0.8105611976310043,2.5901270971009992e7,0.9309915703609487,2.5901270971009992e7,17.0,3474.938693034193,(pow3(v1)/pow2(v3))
393.3920021057129,0.9999998991815227,5.0,14.0,4206.0,-0.9915461624026697,true,39136.86348710369,0.9999299287829335,0.0,(pow3(v1)/pow3(v3)),-0.17060314790912134,1.1340038228632958e8,0.9856239868337495,1.1340038228632958e8,17.0,5460.676530909473,(pow3(v1)/pow3(v3))
1259.9784240722656,0.9999998991815227,5.0,14.0,1583.0,-0.9915461624026697,true,39136.86348710369,0.9999299287829335,0.0,(pow3(v1)/pow3(v3)),-0.17060314790912134,1.1340038228632958e8,0.9856239868337495,1.1340038228632958e8,17.0,5460.676530909473,(pow3(v1)/pow3(v3))
22.762037992477417,0.8965974746912853,5.0,7.0,5314.0,-0.9955506117908788,true,46082.63196170197,0.8798944820045277,0.0,(v2*(v1/v3)),-0.05984313191113155,1.2854419206152725e8,0.8746178708497518,1.2854419206152725e8,11.0,5322.024906655647,(v2*(v1/v3))
21.4082190990448,0.9999904988709666,5.0,11.0,5319.0,-0.971523915461624,true,17406.25938794038,0.9947158207224057,0.0,(pow3(v1)/pow2(v3)),-0.8105611976310043,2.5901270971009992e7,0.9309915703609487,2.5901270971009992e7,17.0,3474.938693034193,(pow3(v1)/pow2(v3))
1027.3472700119019,0.39207072454013614,6.0,0.0,2277.0,-0.9915461624026697,true,2547.5592561721787,0.2478950162153295,1.0,(2296.55436351902*(v1/v3)),-0.9920312477680008,1.0895381953472088e6,0.18956636183549463,1.0895381953472088e6,6.0,739.6590588549891,(2300.0*(v1/v3))
1799.935359954834,185.05696318514453,6.0,8.5,0.0,-0.7704115684093437,true,48478.0491530951,4.766844805292758,1.0,sqrt_abs(pow3((-303.659329796255-v3))),0.09412192950485432,1.4959526885220444e8,9.665216296800471,1.4959526885220444e8,256.0,7278.565810696636,sqrt_abs(pow3((-304.0-v3)))
239.59084510803223,0.39199759335661005,6.0,0.0,4666.0,-0.9915461624026697,true,2546.6036745245447,0.2478045413363915,1.0,(2296.83062877785*(v1/v3)),-0.9920313640147359,1.0895223013585028e6,0.1894768899822891,1.0895223013585028e6,6.0,739.4400818222072,(2300.0*(v1/v3))
1369.616683959961,0.3919743437204557,6.0,0.0,1260.0,-0.9915461624026697,true,2546.299879008706,0.2477757778470701,1.0,(2296.91845816116*(v1/v3)),-0.992031393285529,1.0895182992705787e6,0.1894484453717579,1.0895182992705787e6,6.0,739.3704653317733,(2300.0*(v1/v3))
1027.3472700119019,0.39207072454013614,6.0,0.0,2277.0,-0.9915461624026697,true,2547.5592561721787,0.2478950162153295,1.0,(2296.55436351902*(v1/v3)),-0.9920312477680008,1.0895381953472088e6,0.18956636183549463,1.0895381953472088e6,6.0,739.6590588549891,(2300.0*(v1/v3))
893.8493931293488,1.692270351017422,7.0,7.5,2685.0,-0.9982202447163515,true,84889.40972173813,1.5545610275903612,0.0,(sqrt_abs(pow3(v2))*(v1/v3)),2.16421317205445,4.326312336993259e8,1.363354470520808,4.326312336993259e8,81.0,9206.756511600697,(sqrt_abs(pow3(v2))*(v1/v3))
442.816712141037,0.7931949493825706,7.0,7.0,4059.0,-0.9955506117908788,true,38296.68868418464,0.7597889640090555,0.0,((v2+v2)*(v1/v3)),-0.3449217952280663,8.956643452565226e7,0.7492357416995039,8.956643452565226e7,21.0,4492.827032838145,((v2+v2)*(v1/v3))
442.816712141037,0.7931949493825706,7.0,7.0,4059.0,-0.9955506117908788,true,38296.68868418464,0.7597889640090555,0.0,((v2+v2)*(v1/v3)),-0.3449217952280663,8.956643452565226e7,0.7492357416995039,8.956643452565226e7,21.0,4492.827032838145,((v2+v2)*(v1/v3))
1213.784695148468,1.692270351017422,7.0,7.5,1720.0,-0.9982202447163515,true,84889.40972173813,1.5545610275903612,0.0,(sqrt_abs(pow3(v2))*(v1/v3)),2.16421317205445,4.326312336993259e8,1.363354470520808,4.326312336993259e8,81.0,9206.756511600697,(sqrt_abs(pow3(v2))*(v1/v3))
723.7246689796448,1.692270351017422,7.0,7.5,3207.0,-0.9982202447163515,true,84889.40972173813,1.554561027590361,0.0,((v1*sqrt_abs(pow3(v2)))/v3),2.1642131720544504,4.32631233699326e8,1.363354470520808,4.32631233699326e8,67.0,9206.756511600697,((v1*sqrt_abs(pow3(v2)))/v3)
708.0174930095673,0.7931949493825706,7.0,7.0,3255.0,-0.9955506117908788,true,38296.68868418464,0.7597889640090555,0.0,((v2*(v1+v1))/v3),-0.34492179522806643,8.956643452565224e7,0.7492357416995039,8.956643452565224e7,19.0,4492.827032838145,((v2*(v1+v1))/v3)
1276.400757074356,1.692270351017422,7.0,7.5,1535.0,-0.9982202447163515,true,84889.40972173813,1.5545610275903612,0.0,(sqrt_abs(pow3(v2))*(v1/v3)),2.16421317205445,4.326312336993259e8,1.363354470520808,4.326312336993259e8,81.0,9206.756511600697,(sqrt_abs(pow3(v2))*(v1/v3))
1180.8703179359436,0.7931949493825706,7.0,7.0,1817.0,-0.9955506117908788,true,38296.68868418464,0.7597889640090555,0.0,((v1*(v2+v2))/v3),-0.34492179522806643,8.956643452565224e7,0.7492357416995039,8.956643452565224e7,19.0,4492.827032838145,((v1*(v2+v2))/v3)
464.7487850189209,0.27268366590040793,8.0,0.0,3993.0,-0.9955506117908788,true,1666.76198884919,0.15519756608654828,1.0,(7.03383531425508*(v2*(v1/v3))),-0.9977908682289215,302046.46512660605,0.11948042321861317,302046.46512660605,12.0,379.3520782896167,(7.03*(v2*(v1/v3)))
464.7487850189209,0.27268366590040793,8.0,0.0,3993.0,-0.9955506117908788,true,1666.76198884919,0.15519756608654828,1.0,(7.03383531425508*(v2*(v1/v3))),-0.9977908682289215,302046.46512660605,0.11948042321861317,302046.46512660605,12.0,379.3520782896167,(7.03*(v2*(v1/v3)))
1799.9705729484558,0.38320864283193196,8.0,5.0,0.0,-0.9915461624026697,true,2498.26246518484,0.24122147620201892,1.0,((2290.95230353905+v3)*(v1/v3)),-0.9924260026873116,1.0355648065570235e6,0.17326324847048488,1.0355648065570235e6,16.0,708.6583740463882,((2290.0+v3)*(v1/v3))
56.240395069122314,0.2726984309452875,8.0,0.0,5214.0,-0.9955506117908788,true,1666.9411307929113,0.15521471618378427,1.0,(7.03369252233742*((v2*v1)/v3)),-0.9977908583500446,302047.81582911866,0.11949559163694874,302047.81582911866,12.0,379.392561621707,(7.03*((v2*v1)/v3))
838.0521581172943,1.692270351017422,8.0,7.5,2855.0,-0.9982202447163515,true,84889.40972173813,1.5545610275903612,0.0,((v2*(v1*sqrt_abs(v2)))/v3),2.16421317205445,4.326312336993259e8,1.363354470520808,4.326312336993259e8,39.0,9206.756511600695,((v2*(v1*sqrt_abs(v2)))/v3)
464.7487850189209,0.27268366590040793,8.0,0.0,3993.0,-0.9955506117908788,true,1666.76198884919,0.15519756608654828,1.0,(7.03383531425508*(v2*(v1/v3))),-0.9977908682289215,302046.46512660605,0.11948042321861317,302046.46512660605,12.0,379.3520782896167,(7.03*(v2*(v1/v3)))
1006.4245300292969,0.2242116367440561,9.0,0.0,2341.0,-0.9946607341490545,true,1174.5353323534673,0.13278536303317257,1.0,(pow2((0.146280981498924*v2))*(v1/v3)),-0.9983780753597442,221759.7930121721,0.09223078633186059,221759.7930121721,41.0,336.05774179344525,(pow2((0.146*v2))*(v1/v3))
1259.3138210773468,0.22431756118753893,9.0,0.0,1585.0,-0.9946607341490545,true,1172.6910741232623,0.13283550171519154,1.0,(pow2((0.146270994715652*v2))*(v1/v3)),-0.9983779419258648,221778.0369359322,0.09225460342479863,221778.0369359322,41.0,336.10769141126644,(pow2((0.146*v2))*(v1/v3))
1050.0534830093384,0.9993607282527062,9.0,11.0,2208.0,-0.9977753058954394,true,9173.672046580066,0.9776588911713521,1.0,(pow2((v1/v3))*(-221.82146597456+v2)),-0.8980378937545902,1.39409039204816e7,0.890442708129159,1.39409039204816e7,97.0,2941.089636461384,(pow2((v1/v3))*(-222.0+v2))
1691.9166259765625,0.3461351755087109,9.0,7.5,315.0,-0.9982202447163515,true,15510.417241259413,0.27728051379518054,0.0,(sqrt_abs(pow3(v2))*(v1/(v3+v3))),-0.8934903608319371,1.4562671377867643e7,0.1819648709327503,1.4562671377867643e7,145.0,1528.006251254942,(sqrt_abs(pow3(v2))*(v1/(v3+v3)))
261.26109409332275,0.2242943398719442,9.0,0.0,4601.0,-0.9946607341490545,true,1173.095382146921,0.13282451004867543,1.0,(0.0213958443953381*(pow2(v2)*(v1/v3))),-0.9983779752442375,221773.4814373261,0.09224938211597247,221773.4814373261,22.0,336.0967411924021,(0.0214*(pow2(v2)*(v1/v3)))
1580.0285470485687,0.3461351755087109,9.0,7.5,642.0,-0.9982202447163515,true,15510.417241259413,0.2772805137951805,0.0,((v1*sqrt_abs(pow3(v2)))/(v3+v3)),-0.893490360831937,1.4562671377867645e7,0.18196487093275027,1.4562671377867645e7,133.0,1528.006251254942,((v1*sqrt_abs(pow3(v2)))/(v3+v3))
1279.7734761238098,0.3461351755087109,9.0,7.5,1525.0,-0.9982202447163515,true,15510.417241259413,0.27728051379518054,0.0,(sqrt_abs(pow3(v2))*(v1/(v3+v3))),-0.8934903608319371,1.4562671377867643e7,0.1819648709327503,1.4562671377867643e7,145.0,1528.006251254942,(sqrt_abs(pow3(v2))*(v1/(v3+v3)))
261.26109409332275,0.2242943398719442,9.0,0.0,4601.0,-0.9946607341490545,true,1173.095382146921,0.13282451004867543,1.0,(0.0213958443953381*(pow2(v2)*(v1/v3))),-0.9983779752442375,221773.4814373261,0.09224938211597247,221773.4814373261,22.0,336.0967411924021,(0.0214*(pow2(v2)*(v1/v3)))
1522.179055929184,0.22669924882760675,10.0,0.0,811.0,-0.9982202447163515,true,1212.927230299656,0.13185505744607473,1.0,((v1/v3)*(0.388325820965238*sqrt_abs(pow3(v2)))),-0.9988183177352523,161567.0715719986,0.09140417729985871,161567.0715719986,86.0,267.95750392500247,((v1/v3)*(0.388*sqrt_abs(pow3(v2))))
1522.5912520885468,0.226785257823385,10.0,0.0,810.0,-0.9982202447163515,true,1213.9591869046108,0.13195161531775126,1.0,(0.388282630118927*(sqrt_abs(pow3(v2))*(v1/v3))),-0.9988182531579833,161575.90098457472,0.09146074496244169,161575.90098457472,82.0,267.73088178110265,(0.388*(sqrt_abs(pow3(v2))*(v1/v3)))
1359.6788020133972,0.226692044376011,10.0,0.0,1289.0,-0.9982202447163515,true,1212.8407895577056,0.13184696937916482,1.0,(v1*(sqrt_abs(pow3((-0.532271905118486*v2)))/v3)),-0.9988183217125304,161566.527773397,0.09139943897006794,161566.527773397,1027.0,267.9764866866494,(v1*(sqrt_abs(pow3((-0.532*v2)))/v3))
1359.6788020133972,0.226692044376011,10.0,0.0,1289.0,-0.9982202447163515,true,1212.8407895577056,0.13184696937916482,1.0,(v1*(sqrt_abs(pow3((-0.532271905118486*v2)))/v3)),-0.9988183217125304,161566.527773397,0.09139943897006794,161566.527773397,1027.0,267.9764866866494,(v1*(sqrt_abs(pow3((-0.532*v2)))/v3))
1610.614002943039,0.1661049862487571,11.0,0.0,552.0,-0.9955506117908788,true,860.1803184464798,0.07565658170283582,2.0,(8.29852858806672*(v2*(v1/(0.751337893929605+v3)))),-0.9994396003823292,76621.37939971326,0.06104407286107905,76621.37939971326,16.0,194.41941193002256,(8.3*(v2*(v1/(0.751+v3))))
110.64611315727234,0.22288214301996015,11.0,0.0,5048.0,-0.9977753058954394,true,1125.7881847464614,0.13172053887146024,2.0,((v1/v3)*((11.5202591631389*v2)-1470.84380459206)),-0.9988238471801716,160811.0508973486,0.08944664870658976,160811.0508973486,21.0,277.9552459260897,((v1/v3)*((11.5*v2)-1470.0))
303.55645513534546,0.23122400813094512,11.0,0.0,4475.0,-0.9968854282536151,true,1166.1807107010864,0.13553018879590467,2.0,(v1*((-537057.216761291/(-561.914897753059+v2))/v3)),-0.9988840509419848,152579.6118853883,0.09250793178389503,152579.6118853883,19.0,272.37120052302384,(v1*((-537000.0/(-562.0+v2))/v3))
1003.5242760181427,0.2228943653536517,11.0,0.0,2350.0,-0.9977753058954394,true,1126.140889836688,0.1317207590732109,2.0,(((v1*(v2-127.624639861279))/0.0868253027939622)/v3),-0.9988238455170171,160811.27829435558,0.08945248958623614,160811.27829435558,17.0,277.9126115036443,(((v1*(v2-128.0))/0.0868)/v3)
244.55365109443665,0.16610079447712073,11.0,0.0,4651.0,-0.9955506117908788,true,860.1970121509776,0.07565244208726313,2.0,(8.29850093993187*(v2*(v1/(0.751350349491376+v3)))),-0.9994396025898205,76621.07757754713,0.061042886030667466,76621.07757754713,16.0,194.40160385073878,(8.3*(v2*(v1/(0.751+v3))))
303.55645513534546,0.23122400813094512,11.0,0.0,4475.0,-0.9968854282536151,true,1166.1807107010864,0.13553018879590467,2.0,(v1*((-537057.216761291/(-561.914897753059+v2))/v3)),-0.9988840509419848,152579.6118853883,0.09250793178389503,152579.6118853883,19.0,272.37120052302384,(v1*((-537000.0/(-562.0+v2))/v3))
633.0409159660339,0.166342921222624,11.0,0.0,3484.0,-0.9955506117908788,true,859.2661341825869,0.07585153537997694,2.0,(-8.30041793155495*(v2*(v1/(-0.752456806645105-v3)))),-0.9994395999222949,76621.44229850077,0.06111014876411573,76621.44229850077,16.0,194.49637572404296,(-8.3*(v2*(v1/(-0.752-v3))))
1345.4780371189117,0.22288938782036638,11.0,0.0,1331.0,-0.9977753058954394,true,1125.9958718138223,0.13172075961225502,2.0,((11.5185706122399*v1)*((-127.645300271387+v2)/v3)),-0.9988238461592537,160811.190483693,0.08945011855152453,160811.190483693,22.0,277.930358288887,((11.5*v1)*((-128.0+v2)/v3))
1345.4780371189117,0.22288938782036638,11.0,0.0,1331.0,-0.9977753058954394,true,1125.9958718138223,0.13172075961225502,2.0,((11.5185706122399*v1)*((-127.645300271387+v2)/v3)),-0.9988238461592537,160811.190483693,0.08945011855152453,160811.190483693,22.0,277.930358288887,((11.5*v1)*((-128.0+v2)/v3))
1761.493842124939,0.2311425748627704,11.0,0.0,113.0,-0.9959955506117909,true,1162.4495193046369,0.13556652604365652,2.0,(v1*((-535688.268077231/(-561.327637538307+v2))/v3)),-0.9988841129678044,152571.1313231082,0.0925030309519003,152571.1313231082,19.0,272.42248512344185,(v1*((-536000.0/(-561.0+v2))/v3))
1266.6125221252441,0.16608497097715896,11.0,0.0,1564.0,-0.9955506117908788,true,860.2573051593081,0.07564008042196814,2.0,(8.29837046848208*(v2*(v1/(0.751248391856891+v3)))),-0.9994396004456845,76621.37073738278,0.06103851132079166,76621.37073738278,16.0,194.41057570045132,(8.3*(v2*(v1/(0.751+v3))))
1776.6408121585846,7.47426364504538,12.0,5.0,68.0,-0.9968854282536151,true,956.0802236031541,0.1761873523483265,1.0,(v2+((v1/v3)*(0.383895358140269*sqrt_abs(pow3(v2))))),-0.999042695375658,130888.74172981885,0.396862737467599,130888.74172981885,88.0,298.54973609574944,(v2+((v1/v3)*(0.384*sqrt_abs(pow3(v2)))))
1692.9440729618073,2.07563916414585,12.0,7.0,312.0,-0.9973303670745273,true,1199.3841192113796,0.11568721234775113,1.0,(v3+(0.388061684780553*(v1*(sqrt_abs(pow3(v2))/v3)))),-0.9989346118197278,145666.6089600377,0.13697519721140133,145666.6089600377,70.0,240.33185148030597,(v3+(0.388*(v1*(sqrt_abs(pow3(v2))/v3))))
1705.355131149292,0.20312719698411527,12.0,5.0,276.0,-0.9968854282536151,true,1167.8313758746644,0.1108472821593453,1.0,((v3+(0.387339000093642*sqrt_abs(pow3(v2))))*(v1/v3)),-0.9989464072027657,144053.86960330213,0.0783203705742118,144053.86960330213,96.0,244.51875880688777,((v3+(0.387*sqrt_abs(pow3(v2))))*(v1/v3))
1674.756581068039,2.0756391691510196,12.0,7.0,365.0,-0.9973303670745273,true,1199.3840656543944,0.11568720743731858,1.0,(v3+(0.388061687022092*(sqrt_abs(pow3(v2))*(v1/v3)))),-0.9989346118223444,145666.60860226725,0.1369751960418227,145666.60860226725,84.0,240.33184721158557,(v3+(0.388*(sqrt_abs(pow3(v2))*(v1/v3))))
1669.0564620494843,0.2231407122386444,12.0,6.0,382.0,-0.9982202447163515,true,1212.8685143515904,0.11965337904269002,1.0,((v2-(-0.387563682217768*(v1*sqrt_abs(pow3(v2)))))/v3),-0.9988204409605279,161276.7707861756,0.08743405883146964,161276.7707861756,73.0,267.1822605811131,((v2-(-0.388*(v1*sqrt_abs(pow3(v2)))))/v3)
1193.1636519432068,7.474263453528096,12.0,5.0,1781.0,-0.9968854282536151,true,956.0822729019546,0.17618715523527562,1.0,(v2+(v1*(sqrt_abs(pow3((-0.528212299063501*v2)))/v3))),-0.9990426954895877,130888.72615263407,0.39686265028606316,130888.72615263407,1029.0,298.5496789455848,(v2+(v1*(sqrt_abs(pow3((-0.528*v2)))/v3)))
1442.5581929683685,7.474263644919774,12.0,5.0,1046.0,-0.9968854282536151,true,956.0802249471708,0.17618735221905135,1.0,(v2+(0.383895358084017*(sqrt_abs(pow3(v2))*(v1/v3)))),-0.9990426953757329,130888.74171959705,0.39686273741042183,130888.74171959705,84.0,298.5497360582679,(v2+(0.384*(sqrt_abs(pow3(v2))*(v1/v3))))
982.6811511516571,2.0756391641479355,12.0,7.0,2414.0,-0.9973303670745273,true,1199.384119189066,0.11568721234570535,1.0,(v3+((v1*sqrt_abs(pow3(v2)))*(0.388061684781486/v3))),-0.9989346118197289,145666.60895988852,0.13697519721091406,145666.60895988852,102.0,240.3318514785275,(v3+((v1*sqrt_abs(pow3(v2)))*(0.388/v3)))
196.64665007591248,0.16665771281276326,13.0,7.0,4793.0,-0.9955506117908788,true,854.9620039145029,0.075183801882744,2.0,((v1/(0.680483311093293+v3))*((8.43729620882984*v2)-v1)),-0.9994862830596628,70238.62855801935,0.060564806812078556,70238.62855801935,36.0,186.47715070640547,((v1/(0.68+v3))*((8.44*v2)-v1))
1120.9994060993195,5.532527342761425,13.0,0.0,1994.0,-0.9982202447163515,true,1046.4377156247392,0.12293786481413244,2.0,(((v1/v3)*(0.385166113645228*sqrt_abs(pow3(v2))))--241.984234438741),-0.9991368857269237,118010.44129464941,0.29060007447460023,118010.44129464941,87.0,258.06143997414677,(((v1/v3)*(0.385*sqrt_abs(pow3(v2))))--242.0)
1714.850711107254,0.16570242665109547,13.0,0.0,248.0,-0.9968854282536151,true,803.7544756703846,0.09355400318160743,2.0,((v1*sqrt_abs(pow3(v2)))*(0.420781109922908/(0.351232002449049+v3))),-0.999245609912445,103144.98313573963,0.06696455248634418,103144.98313573963,133.0,231.4341454928439,((v1*sqrt_abs(pow3(v2)))*(0.421/(0.351+v3)))
1753.4227080345154,0.16629450406362353,13.0,0.0,136.0,-0.9968854282536151,true,806.8429431220902,0.09385189938541946,2.0,(0.420465076266053*(sqrt_abs(pow3(v2))*(v1/(0.347877067913571+v3)))),-0.9992454008710144,103173.56460200869,0.06701993367485966,103173.56460200869,114.0,231.4552431825852,(0.42*(sqrt_abs(pow3(v2))*(v1/(0.348+v3))))
1567.3005690574646,5.532446542165911,13.0,0.0,679.0,-0.9982202447163515,true,1046.438996267434,0.12293728317304356,2.0,(241.980778870354+(0.385166204673165*(sqrt_abs(pow3(v2))*(v1/v3)))),-0.9991368860554619,118010.39637483438,0.29059611929671153,118010.39637483438,83.0,258.06051363927946,(242.0+(0.385*(sqrt_abs(pow3(v2))*(v1/v3))))
506.95595812797546,0.16660425132854612,13.0,7.0,3866.0,-0.9955506117908788,true,855.1670642698718,0.07513279531922702,2.0,(v1*((v1+(-8.43686865113823*v2))/(-0.680211357892786-v3))),-0.9994862845748825,70238.42138759735,0.06054934923297375,70238.42138759735,33.0,186.43943068942724,(v1*((v1+(-8.44*v2))/(-0.68-v3)))
973.5871241092682,0.16602817102587472,13.0,0.0,2442.0,-0.9968854282536151,true,805.4536081373508,0.09371789997175417,2.0,((v1*sqrt_abs(pow3(v2)))*(0.420607231918259/(0.34938580812764+v3))),-0.9992455038954996,103159.47844290928,0.06699502146329128,103159.47844290928,133.0,231.4457543562229,((v1*sqrt_abs(pow3(v2)))*(0.421/(0.349+v3)))
506.95595812797546,0.16660425132854612,13.0,7.0,3866.0,-0.9955506117908788,true,855.1670642698718,0.07513279531922702,2.0,(v1*((v1+(-8.43686865113823*v2))/(-0.680211357892786-v3))),-0.9994862845748825,70238.42138759735,0.06054934923297375,70238.42138759735,33.0,186.43943068942724,(v1*((v1+(-8.44*v2))/(-0.68-v3)))
1603.618245124817,5.5324743627034865,13.0,0.0,573.0,-0.9982202447163515,true,1046.4385310709586,0.1229374849340167,2.0,(241.981968563627+(v1*(sqrt_abs(pow3((-0.529377436626004*v2)))/v3))),-0.9991368859425779,118010.41180904792,0.29059748172488487,118010.41180904792,1028.0,258.06083250640717,(242.0+(v1*(sqrt_abs(pow3((-0.529*v2)))/v3)))
585.2764890193939,0.16676163171148817,13.0,7.0,3629.0,-0.9955506117908788,true,854.5628791571271,0.07528274922976434,2.0,((v1/(v3--0.68098325933292))*((8.4381222842501*v2)-v1)),-0.9994862774305073,70239.39821174867,0.06059448095189681,70239.39821174867,36.0,186.5444307217011,((v1/(v3--0.681))*((8.44*v2)-v1))
1247.0812799930573,0.16600383786227252,13.0,0.0,1622.0,-0.9968854282536151,true,805.3266803258875,0.0937056569649274,2.0,((v1*sqrt_abs(pow3(v2)))*(0.420620220406757/(0.349523724762018+v3))),-0.9992455125747247,103158.2917643824,0.06699274531033671,103158.2917643824,133.0,231.444889223605,((v1*sqrt_abs(pow3(v2)))*(0.421/(0.35+v3)))
415.397803068161,5.1234353289686965,13.0,5.0,4141.0,-0.9982202447163515,true,1101.1673032782946,0.12688029766580847,2.0,((v3+(10.0624475607598*v1))*((-100.451780839281+v2)/v3)),-0.999141012304574,117446.22950399766,0.27506500313707305,117446.22950399766,36.0,248.7355631936904,((v3+(10.1*v1))*((-100.0+v2)/v3))
1578.1671500205994,0.6149672732173385,14.0,0.0,647.0,-0.9955506117908788,true,870.1524808791701,0.08005421186133635,3.0,(-8.13680764911494*(v2*((0.941665870552164+v1)/(-0.71514176163695-v3)))),-0.999514155450796,66427.73899197408,0.07718211487158728,66427.73899197408,22.0,172.73659907266787,(-8.14*(v2*((0.942+v1)/(-0.715-v3))))
718.8209300041199,0.1655967451534722,14.0,0.0,3222.0,-0.9968854282536151,true,803.2032391249531,0.09350082932014515,2.0,(0.420837522721915*(v2*((v1*sqrt_abs(v2))/(0.351830929149726+v3)))),-0.9992456395859183,103140.92599083664,0.0669546681286778,103140.92599083664,58.0,231.43036643676487,(0.421*(v2*((v1*sqrt_abs(v2))/(0.352+v3))))
1742.7657001018524,0.6479635293938338,14.0,0.0,167.0,-0.9955506117908788,true,869.9001593603925,0.07989471377059904,3.0,(-8.12964780162469*(v2*((0.994427044342207+v1)/(-0.714585107951122-v3)))),-0.9995139352990373,66457.8395325484,0.0786409958090098,66457.8395325484,22.0,173.6610354232285,(-8.13*(v2*((0.994+v1)/(-0.715-v3))))
494.3014190196991,0.6262338815326022,14.0,0.0,3904.0,-0.9955506117908788,true,866.0248309939725,0.08048371249977034,3.0,(-8.14292563596242*(v2*((0.9571803404933+v1)/(-0.719917863728279-v3)))),-0.9995141054185517,66434.57971680457,0.07804414770306561,66434.57971680457,22.0,173.7830827419411,(-8.14*(v2*((0.957+v1)/(-0.72-v3))))
748.4400470256805,0.6157089715355857,14.0,0.0,3131.0,-0.9955506117908788,true,867.8650655559222,0.08032377309539829,3.0,(-8.14148311555436*(v2*((0.941453651159338+v1)/(-0.717943615618568-v3)))),-0.999514158534501,66427.31736832972,0.07742036430488584,66427.31736832972,22.0,173.17070432184312,(-8.14*(v2*((0.941+v1)/(-0.718-v3))))
1800.1828119754791,64.2564820944487,14.0,0.0,0.0,-0.8233592880978865,true,49157.37037689721,1.7991166585460923,3.0,(-1.31144645091148*(v2*((v1+1521.86757143891)/(-138.959819005812-v3)))),-0.021228622520659823,1.3382381196319376e8,3.3980767832383396,1.3382381196319376e8,22.0,4758.320419459806,(-1.31*(v2*((v1+1520.0)/(-139.0-v3))))
1761.6273880004883,2.1358876903793025,15.0,7.0,112.0,-0.9973303670745273,true,807.7990507597033,0.11270002614071886,2.0,(v3+(0.416392528668505*(v1*(sqrt_abs(pow3(v2))/(0.30627062028965+v3))))),-0.9992551766154412,101836.96300733108,0.14032830562831702,101836.96300733108,102.0,236.25829890672762,(v3+(0.416*(v1*(sqrt_abs(pow3(v2))/(0.306+v3)))))
1780.4019451141357,0.18250576714967412,15.0,0.0,57.0,-0.9977753058954394,true,878.3961805644412,0.09275001743784747,2.0,((v1*sqrt_abs(pow3(v2)))*(0.410579167367424/(v3+(0.964047640437443/v3)))),-0.9991557802770026,115427.05892868714,0.0695200928178465,115427.05892868714,199.0,241.99679242142813,((v1*sqrt_abs(pow3(v2)))*(0.411/(v3+(0.964/v3))))
1799.5673160552979,0.17688893654769564,15.0,7.0,1.0,-0.9955506117908788,true,826.1875360609747,0.08488532533305217,2.0,((v1/(v3+(0.00225755610481786*v2)))*((8.53159649489667*v2)-v1)),-0.9994718564851708,72211.12104862486,0.06414351376948936,72211.12104862486,56.0,191.02338922560733,((v1/(v3+(0.00226*v2)))*((8.53*v2)-v1))
1676.5851650238037,4.419609917751241,15.0,7.0,360.0,-0.9968854282536151,true,859.1255670354903,0.16892288098835878,2.0,((v3+v3)+(8.14056745224685*(v1*(v2/(0.662127861072938+v3))))),-0.9993414858831848,90036.21414710555,0.25628330491134454,90036.21414710555,20.0,237.45713062954528,((v3+v3)+(8.14*(v1*(v2/(0.662+v3)))))
1594.3284029960632,2.135889126235067,15.0,7.0,600.0,-0.9973303670745273,true,807.7924243068383,0.11270090182688164,2.0,(v3+(0.416393205583144*(sqrt_abs(pow3(v2))*(v1/(0.306277837209657+v3))))),-0.999255176780521,101836.94043656765,0.14032865681946335,101836.94043656765,116.0,236.2585752097498,(v3+(0.416*(sqrt_abs(pow3(v2))*(v1/(0.306+v3)))))
1551.5807390213013,0.15763000754885634,15.0,0.0,725.0,-0.9968854282536151,true,770.0701500592368,0.09795413594065032,2.0,(347.865038102767*(sqrt_abs(pow3(v2))*(v1/(v2+(818.131649670889*v3))))),-0.9993208840030164,92853.03347914682,0.06547287635738189,92853.03347914682,178.0,217.46856824433866,(348.0*(sqrt_abs(pow3(v2))*(v1/(v2+(818.0*v3)))))
1793.7622239589691,0.17043357760762745,15.0,7.0,18.0,-0.996440489432703,true,927.2999995634245,0.08528434693149295,2.0,(v1*((v1+(-8.17781695548032*v2))/((-2.10053469076998/v3)-v3))),-0.9993905572139723,83326.87150060704,0.0547899127907063,83326.87150060704,53.0,193.83739594864363,(v1*((v1+(-8.18*v2))/((-2.1/v3)-v3)))
1799.9836010932922,0.16075015880015958,15.0,7.0,0.0,-0.9955506117908788,true,870.4228604605896,0.07118196453919076,2.0,(v1*((v1+(-8.37986619767156*v2))/((-210.432975999423/v2)-v3))),-0.999439917645366,76578.00119112204,0.05886693595898765,76578.00119112204,53.0,193.93921900724592,(v1*((v1+(-8.38*v2))/((-210.0/v2)-v3)))
1065.2720680236816,0.15720547421770995,15.0,0.0,2162.0,-0.9968854282536151,true,767.9175130633439,0.09828975004813215,2.0,(v1*(sqrt_abs(pow3((49.2759841844002*v2)))/(v2+(813.078896254245*v3)))),-0.9993209706776132,92841.18278020894,0.06542883548121432,92841.18278020894,2563.0,217.37781561676118,(v1*(sqrt_abs(pow3((49.3*v2)))/(v2+(813.0*v3))))
1611.1331090927124,5.867190326300743,15.0,0.0,551.0,-0.9977753058954394,true,1083.4716247989181,0.12290943225236661,3.0,(256.275326139337+((v1/v3)*(667.122131161412+(0.0150403499264041*pow2(v2))))),-0.9991498405354221,116239.17795736864,0.3059212058916598,116239.17795736864,32.0,251.517915290346,(256.0+((v1/v3)*(667.0+(0.015*pow2(v2)))))
1782.6263270378113,0.18263117357045983,15.0,5.0,51.0,-0.9959955506117909,true,828.4058979464417,0.09866903575327865,2.0,((v1+v1)-(8.13678500229432*(v2*(v1/(-0.676247402299583-v3))))),-0.9994006224734294,81950.6855802434,0.07014395191131155,81950.6855802434,20.0,207.89081165364436,((v1+v1)-(8.14*(v2*(v1/(-0.676-v3)))))
1676.5851650238037,4.419609917751241,15.0,7.0,360.0,-0.9968854282536151,true,859.1255670354903,0.16892288098835878,2.0,((v3+v3)+(8.14056745224685*(v1*(v2/(0.662127861072938+v3))))),-0.9993414858831848,90036.21414710555,0.25628330491134454,90036.21414710555,20.0,237.45713062954528,((v3+v3)+(8.14*(v1*(v2/(0.662+v3)))))
1442.8988931179047,0.1820630809016839,15.0,0.0,1045.0,-0.9977753058954394,true,875.9470053326704,0.0923072345617984,2.0,((v1*sqrt_abs(pow3(v2)))*(0.41080209556063/(v3+(0.973436400537842/v3)))),-0.999156099158321,115383.4594583987,0.06940287011267558,115383.4594583987,199.0,241.94124991705567,((v1*sqrt_abs(pow3(v2)))*(0.411/(v3+(0.973/v3))))
1724.0219161510468,0.17043372146287206,15.0,7.0,222.0,-0.996440489432703,true,927.3007822552518,0.08528442195009307,2.0,(v1*((v1+(-8.17781554485424*v2))/((-2.10053135999027/v3)-v3))),-0.9993905572666552,83326.86429746967,0.05478989380147275,83326.86429746967,53.0,193.83731316404874,(v1*((v1+(-8.18*v2))/((-2.1/v3)-v3)))
