time,generation,mean age hall_of_fame,mean compl,mean recursive_compl,mean n_params,min mae,min mse,min max_ae,min minus_r2,min mare,min q75_are,min max_are,min ms_processed_e,min minus_spearman,max penalty
12.740158081054688,1.0,0.0,5.333333333333333,34186.666666666664,0.6666666666666666,1819.9657963686489,1.0412736633805754e7,13421.750757638112,-0.9468334241813885,0.4554297886941907,0.6158845401028819,0.9961805396360058,1.0412736633805754e7,-0.9265850945494994,2.0
17.837099075317383,15.0,5.25,6.0,10.0,1.75,275.74533549347615,152550.19511628302,1020.5048201216341,-0.9992210912654352,0.08631461770133891,0.08546396366560695,0.1689527275094233,152550.19511628302,-0.9977753058954394,0.0
23.48132610321045,27.0,9.25,5.75,41.125,1.125,4.309678539963594e-12,4.948920361444374e-23,2.1827872842550278e-11,-1.0,1.022219439213137e-15,1.7309354078300798e-15,2.8848394892546667e-15,4.948920361444374e-23,-1.0,2.0
28.636444091796875,44.0,15.6,7.2,37.1,1.4,3.757113139120823e-12,3.7887229802402193e-23,2.3646862246096134e-11,-1.0,1.0405302573662348e-15,1.6669325596343562e-15,3.072897587930809e-15,3.7887229802402193e-23,-1.0,2.0
33.865700006484985,60.0,20.666666666666668,10.533333333333333,127.8,1.8666666666666667,3.0823343877273147e-12,3.051303547394634e-23,2.1827872842550278e-11,-1.0,9.806519607188295e-16,1.4947036225671302e-15,2.4185665731271847e-15,3.051303547394634e-23,-1.0,2.0
39.15920114517212,72.0,20.266666666666666,11.333333333333334,180.66666666666666,2.0,3.0823343877273147e-12,3.051303547394634e-23,2.1827872842550278e-11,-1.0,9.806519607188295e-16,1.4947036225671302e-15,2.4185665731271847e-15,3.051303547394634e-23,-1.0,2.0
44.45379114151001,88.0,24.0,12.894736842105264,198.78947368421052,2.210526315789474,3.0823343877273147e-12,3.051303547394634e-23,2.000888343900442e-11,-1.0,9.806519607188295e-16,1.4947036225671302e-15,2.4185665731271847e-15,3.051303547394634e-23,-1.0,2.0
49.5563850402832,103.0,30.9,13.55,295.55,2.3,3.0823343877273147e-12,2.8851215621572144e-23,2.000888343900442e-11,-1.0,9.806519607188295e-16,1.4947036225671302e-15,2.4185665731271847e-15,2.8851215621572144e-23,-1.0,2.0
54.684508085250854,118.0,29.5,12.555555555555555,207.94444444444446,2.388888888888889,2.6171657433830355e-12,1.8526052101768797e-23,1.8189894035458565e-11,-1.0,1.005629096816614e-15,1.608419589610383e-15,2.8848394892546667e-15,1.8526052101768797e-23,-1.0,2.0
59.74539804458618,133.0,39.733333333333334,11.133333333333333,94.8,2.3333333333333335,2.7066941280888083e-12,1.786141974972454e-23,1.2278178473934531e-11,-1.0,9.626043093461597e-16,1.2036267820544437e-15,2.945900900866384e-15,1.786141974972454e-23,-1.0,1.0
64.83144307136536,148.0,47.0,11.357142857142858,102.92857142857143,2.4285714285714284,2.7066941280888083e-12,1.786141974972454e-23,1.1823431123048067e-11,-1.0,9.626043093461597e-16,1.2036267820544437e-15,2.8813236438349627e-15,1.786141974972454e-23,-1.0,1.0
69.96850419044495,163.0,55.266666666666666,12.466666666666667,189.6,2.6666666666666665,2.7066941280888083e-12,1.6279194490146794e-23,1.1823431123048067e-11,-1.0,9.626043093461597e-16,1.2036267820544437e-15,2.7655692333375e-15,1.6279194490146794e-23,-1.0,0.0
75.02560615539551,177.0,60.625,12.875,181.3125,2.75,2.468425464030588e-12,1.2223808251167029e-23,8.640199666842818e-12,-1.0,9.007364125332554e-16,1.3040869847532782e-15,2.669382610780702e-15,1.2223808251167029e-23,-1.0,0.0
80.1498031616211,191.0,70.53333333333333,12.2,169.4,2.6666666666666665,2.3815024026892693e-12,1.0989494632163264e-23,8.640199666842818e-12,-1.0,9.700009876406697e-16,1.1870516013028033e-15,2.764639879062131e-15,1.0989494632163264e-23,-1.0,0.0
85.26494598388672,205.0,69.46666666666667,12.333333333333334,218.33333333333334,2.533333333333333,2.3815024026892693e-12,1.0989494632163264e-23,8.640199666842818e-12,-1.0,9.265720867103676e-16,1.1870516013028033e-15,2.5211581883555923e-15,1.0989494632163264e-23,-1.0,0.0
90.4541220664978,219.0,80.85714285714286,11.142857142857142,178.92857142857142,2.2142857142857144,2.253131015095278e-12,1.0502341258390172e-23,8.640199666842818e-12,-1.0,9.43393740896407e-16,1.222157869291328e-15,2.5877032319417342e-15,1.0502341258390172e-23,-1.0,0.0
95.60334300994873,233.0,86.53333333333333,12.066666666666666,201.53333333333333,2.466666666666667,2.0105990946224966e-12,8.737689284943713e-24,8.640199666842818e-12,-1.0,9.43393740896407e-16,1.222157869291328e-15,2.5877032319417342e-15,8.737689284943713e-24,-1.0,0.0
100.70186710357666,247.0,107.46153846153847,11.461538461538462,223.6153846153846,2.3076923076923075,2.0105990946224966e-12,8.737689284943713e-24,8.640199666842818e-12,-1.0,9.43393740896407e-16,1.222157869291328e-15,2.5877032319417342e-15,8.737689284943713e-24,-1.0,0.0
105.89656710624695,261.0,111.42857142857143,12.142857142857142,219.0,2.4285714285714284,2.0631792570687443e-12,8.27703154016646e-24,7.275957614183426e-12,-1.0,9.049560814984763e-16,1.222157869291328e-15,2.4259717799453757e-15,8.27703154016646e-24,-1.0,0.0
111.18524098396301,275.0,125.42857142857143,12.142857142857142,219.0,2.4285714285714284,2.0631792570687443e-12,8.27703154016646e-24,7.275957614183426e-12,-1.0,9.049560814984763e-16,1.222157869291328e-15,2.4259717799453757e-15,8.27703154016646e-24,-1.0,0.0
116.52974510192871,289.0,134.64285714285714,12.142857142857142,218.78571428571428,2.4285714285714284,2.0631792570687443e-12,8.27703154016646e-24,7.275957614183426e-12,-1.0,9.049560814984763e-16,1.222157869291328e-15,2.4259717799453757e-15,8.27703154016646e-24,-1.0,0.0
121.82882809638977,303.0,140.14285714285714,12.142857142857142,216.35714285714286,2.4285714285714284,2.0631792570687443e-12,8.27703154016646e-24,7.275957614183426e-12,-1.0,9.049560814984763e-16,1.222157869291328e-15,2.4259717799453757e-15,8.27703154016646e-24,-1.0,0.0
127.05453515052795,317.0,144.73333333333332,12.333333333333334,205.0,2.533333333333333,2.0631792570687443e-12,8.27703154016646e-24,7.275957614183426e-12,-1.0,9.049560814984763e-16,1.222157869291328e-15,2.4259717799453757e-15,8.27703154016646e-24,-1.0,0.0
132.16089010238647,331.0,154.13333333333333,12.333333333333334,209.93333333333334,2.6,2.0631792570687443e-12,8.27703154016646e-24,7.275957614183426e-12,-1.0,9.049560814984763e-16,1.222157869291328e-15,2.4259717799453757e-15,8.27703154016646e-24,-1.0,0.0
137.37282013893127,345.0,168.13333333333333,12.333333333333334,209.93333333333334,2.6,2.0631792570687443e-12,8.27703154016646e-24,7.275957614183426e-12,-1.0,9.049560814984763e-16,1.222157869291328e-15,2.4259717799453757e-15,8.27703154016646e-24,-1.0,0.0
142.5062291622162,359.0,182.13333333333333,12.333333333333334,209.93333333333334,2.6,2.0631792570687443e-12,8.27703154016646e-24,7.275957614183426e-12,-1.0,9.049560814984763e-16,1.222157869291328e-15,2.4259717799453757e-15,8.27703154016646e-24,-1.0,0.0
147.63473320007324,373.0,196.13333333333333,12.333333333333334,209.93333333333334,2.6,2.0631792570687443e-12,8.27703154016646e-24,7.275957614183426e-12,-1.0,9.049560814984763e-16,1.222157869291328e-15,2.4259717799453757e-15,8.27703154016646e-24,-1.0,0.0
152.87262511253357,387.0,200.2,12.333333333333334,209.86666666666667,2.6,2.0631792570687443e-12,8.27703154016646e-24,7.275957614183426e-12,-1.0,9.049560814984763e-16,1.222157869291328e-15,2.4259717799453757e-15,8.27703154016646e-24,-1.0,0.0
158.1506381034851,401.0,203.06666666666666,12.333333333333334,221.66666666666666,2.6,2.0631792570687443e-12,8.27703154016646e-24,7.275957614183426e-12,-1.0,9.049560814984763e-16,1.1828939719397248e-15,2.4259717799453757e-15,8.27703154016646e-24,-1.0,0.0
163.49707913398743,415.0,187.86666666666667,12.333333333333334,178.2,2.7333333333333334,2.0631792570687443e-12,8.27703154016646e-24,7.275957614183426e-12,-1.0,9.049560814984763e-16,1.269844796054939e-15,2.4259717799453757e-15,8.27703154016646e-24,-1.0,0.0
168.7813491821289,429.0,188.375,12.3125,163.75,2.6875,2.0631792570687443e-12,8.27703154016646e-24,7.275957614183426e-12,-1.0,9.049560814984763e-16,1.269844796054939e-15,2.247901145920591e-15,8.27703154016646e-24,-1.0,1.0
174.12196016311646,443.0,190.3125,12.3125,163.75,2.6875,2.018415064715858e-12,8.17633165753028e-24,7.275957614183426e-12,-1.0,8.281297218094566e-16,1.3754959129791704e-15,2.1074073243005543e-15,8.17633165753028e-24,-1.0,1.0
179.45977115631104,457.0,189.2941176470588,12.588235294117647,147.23529411764707,2.764705882352941,1.7820411812863313e-12,6.546278287176251e-24,8.185452315956354e-12,-1.0,8.176779002363749e-16,9.71020586640313e-16,2.247901145920591e-15,6.546278287176251e-24,-1.0,1.0
184.48217511177063,470.0,202.0,12.588235294117647,147.23529411764707,2.764705882352941,1.7214082011681361e-12,6.435987538835847e-24,8.185452315956354e-12,-1.0,8.118648344452989e-16,9.71020586640313e-16,2.247901145920591e-15,6.435987538835847e-24,-1.0,1.0
189.8485381603241,484.0,214.2941176470588,12.588235294117647,147.23529411764707,2.764705882352941,1.7214082011681361e-12,6.435987538835847e-24,8.185452315956354e-12,-1.0,8.118648344452989e-16,9.71020586640313e-16,2.247901145920591e-15,6.435987538835847e-24,-1.0,1.0
195.0176260471344,497.0,208.66666666666666,13.5,230.22222222222223,2.9444444444444446,1.7214082011681361e-12,6.303859437735662e-24,7.275957614183426e-12,-1.0,8.062570257827227e-16,9.71020586640313e-16,2.247901145920591e-15,6.303859437735662e-24,-1.0,1.0
200.12240600585938,510.0,211.2941176470588,13.588235294117647,242.23529411764707,3.0,1.7214082011681361e-12,6.303859437735662e-24,7.275957614183426e-12,-1.0,8.062570257827227e-16,9.71020586640313e-16,2.247901145920591e-15,6.303859437735662e-24,-1.0,0.0
205.43566703796387,524.0,225.2941176470588,13.588235294117647,242.23529411764707,3.0,1.7214082011681361e-12,6.303859437735662e-24,7.275957614183426e-12,-1.0,8.062570257827227e-16,9.71020586640313e-16,2.247901145920591e-15,6.303859437735662e-24,-1.0,0.0
210.54181909561157,537.0,238.2941176470588,13.588235294117647,242.23529411764707,3.0,1.7214082011681361e-12,6.303859437735662e-24,7.275957614183426e-12,-1.0,8.062570257827227e-16,9.71020586640313e-16,2.247901145920591e-15,6.303859437735662e-24,-1.0,0.0
215.92461800575256,551.0,252.2941176470588,13.588235294117647,242.23529411764707,3.0,1.7214082011681361e-12,6.303859437735662e-24,7.275957614183426e-12,-1.0,8.062570257827227e-16,9.71020586640313e-16,2.247901145920591e-15,6.303859437735662e-24,-1.0,0.0
221.2156310081482,565.0,266.29411764705884,13.588235294117647,242.23529411764707,3.0,1.7214082011681361e-12,6.303859437735662e-24,7.275957614183426e-12,-1.0,8.062570257827227e-16,9.71020586640313e-16,2.247901145920591e-15,6.303859437735662e-24,-1.0,0.0
226.5975000858307,579.0,280.29411764705884,13.588235294117647,242.23529411764707,3.0,1.7214082011681361e-12,6.303859437735662e-24,7.275957614183426e-12,-1.0,8.062570257827227e-16,9.71020586640313e-16,2.247901145920591e-15,6.303859437735662e-24,-1.0,0.0
231.9012839794159,593.0,281.88235294117646,13.588235294117647,242.23529411764707,3.0,1.7214082011681361e-12,6.303859437735662e-24,7.275957614183426e-12,-1.0,8.062570257827227e-16,9.71020586640313e-16,2.247901145920591e-15,6.303859437735662e-24,-1.0,0.0
236.99913001060486,603.0,291.88235294117646,13.588235294117647,242.23529411764707,3.0,1.7214082011681361e-12,6.303859437735662e-24,7.275957614183426e-12,-1.0,8.062570257827227e-16,9.71020586640313e-16,2.247901145920591e-15,6.303859437735662e-24,-1.0,0.0
242.1259801387787,616.0,304.88235294117646,13.588235294117647,242.23529411764707,3.0,1.7214082011681361e-12,6.303859437735662e-24,7.275957614183426e-12,-1.0,8.062570257827227e-16,9.71020586640313e-16,2.247901145920591e-15,6.303859437735662e-24,-1.0,0.0
247.19216799736023,629.0,317.88235294117646,13.588235294117647,242.23529411764707,3.0,1.7214082011681361e-12,6.303859437735662e-24,7.275957614183426e-12,-1.0,8.062570257827227e-16,9.71020586640313e-16,2.247901145920591e-15,6.303859437735662e-24,-1.0,0.0
252.2625789642334,642.0,330.88235294117646,13.588235294117647,242.23529411764707,3.0,1.7214082011681361e-12,6.303859437735662e-24,7.275957614183426e-12,-1.0,8.062570257827227e-16,9.71020586640313e-16,2.247901145920591e-15,6.303859437735662e-24,-1.0,0.0
257.4232110977173,655.0,332.88235294117646,13.588235294117647,242.23529411764707,3.0,1.7659355459424356e-12,6.303859437735662e-24,7.275957614183426e-12,-1.0,8.062570257827227e-16,9.71020586640313e-16,2.247901145920591e-15,6.303859437735662e-24,-1.0,0.0
262.46807312965393,668.0,345.88235294117646,13.588235294117647,242.23529411764707,3.0,1.7659355459424356e-12,6.303859437735662e-24,7.275957614183426e-12,-1.0,8.062570257827227e-16,9.71020586640313e-16,2.247901145920591e-15,6.303859437735662e-24,-1.0,0.0
267.746285200119,682.0,359.88235294117646,13.588235294117647,242.23529411764707,3.0,1.7659355459424356e-12,6.303859437735662e-24,7.275957614183426e-12,-1.0,8.062570257827227e-16,9.71020586640313e-16,2.247901145920591e-15,6.303859437735662e-24,-1.0,0.0
273.14873909950256,696.0,362.29411764705884,13.588235294117647,242.23529411764707,3.0,1.7659355459424356e-12,6.303859437735662e-24,7.275957614183426e-12,-1.0,8.062570257827227e-16,9.71020586640313e-16,2.247901145920591e-15,6.303859437735662e-24,-1.0,0.0
278.32485818862915,709.0,375.29411764705884,13.588235294117647,242.23529411764707,3.0,1.7659355459424356e-12,6.303859437735662e-24,7.275957614183426e-12,-1.0,8.062570257827227e-16,9.71020586640313e-16,2.247901145920591e-15,6.303859437735662e-24,-1.0,0.0
283.4549629688263,722.0,388.29411764705884,13.588235294117647,242.23529411764707,3.0,1.7659355459424356e-12,6.303859437735662e-24,7.275957614183426e-12,-1.0,8.062570257827227e-16,9.71020586640313e-16,2.247901145920591e-15,6.303859437735662e-24,-1.0,0.0
288.54803705215454,735.0,401.29411764705884,13.588235294117647,242.23529411764707,3.0,1.7659355459424356e-12,6.303859437735662e-24,7.275957614183426e-12,-1.0,8.062570257827227e-16,9.71020586640313e-16,2.247901145920591e-15,6.303859437735662e-24,-1.0,0.0
293.66392707824707,748.0,414.29411764705884,13.588235294117647,242.23529411764707,3.0,1.7659355459424356e-12,6.303859437735662e-24,7.275957614183426e-12,-1.0,8.062570257827227e-16,9.71020586640313e-16,2.247901145920591e-15,6.303859437735662e-24,-1.0,0.0
298.72000908851624,761.0,424.0,13.375,253.0625,2.9375,1.7659355459424356e-12,6.303859437735662e-24,7.275957614183426e-12,-1.0,8.062570257827227e-16,9.71020586640313e-16,2.247901145920591e-15,6.303859437735662e-24,-1.0,0.0
303.854994058609,774.0,437.0,13.375,253.0625,2.9375,1.7659355459424356e-12,6.303859437735662e-24,7.275957614183426e-12,-1.0,8.062570257827227e-16,9.71020586640313e-16,2.247901145920591e-15,6.303859437735662e-24,-1.0,0.0
308.99940299987793,787.0,450.0,13.375,253.0625,2.9375,1.7659355459424356e-12,6.303859437735662e-24,7.275957614183426e-12,-1.0,8.062570257827227e-16,9.71020586640313e-16,2.247901145920591e-15,6.303859437735662e-24,-1.0,0.0
314.0831801891327,800.0,436.2352941176471,13.588235294117647,241.76470588235293,3.0,1.7659355459424356e-12,6.303859437735662e-24,7.275957614183426e-12,-1.0,8.062570257827227e-16,9.71020586640313e-16,2.247901145920591e-15,6.303859437735662e-24,-1.0,0.0
319.2502911090851,813.0,425.6470588235294,13.588235294117647,230.47058823529412,3.0,1.7659355459424356e-12,6.303859437735662e-24,7.275957614183426e-12,-1.0,8.062570257827227e-16,9.71020586640313e-16,2.247901145920591e-15,6.303859437735662e-24,-1.0,0.0
324.3405251502991,826.0,411.05882352941177,13.588235294117647,230.47058823529412,3.0,1.7820411812863313e-12,6.262796598082557e-24,7.275957614183426e-12,-1.0,8.130955860845753e-16,9.71020586640313e-16,2.247901145920591e-15,6.262796598082557e-24,-1.0,0.0
329.46894001960754,839.0,424.05882352941177,13.588235294117647,230.47058823529412,3.0,1.7820411812863313e-12,6.262796598082557e-24,7.275957614183426e-12,-1.0,8.130955860845753e-16,9.71020586640313e-16,2.247901145920591e-15,6.262796598082557e-24,-1.0,0.0
334.5825710296631,852.0,412.29411764705884,13.588235294117647,227.88235294117646,3.0,1.7820411812863313e-12,6.262796598082557e-24,7.275957614183426e-12,-1.0,8.130955860845753e-16,9.71020586640313e-16,2.3038665658851094e-15,6.262796598082557e-24,-1.0,0.0
339.8227701187134,865.0,399.8333333333333,14.166666666666666,167.5,3.2222222222222223,1.7820411812863313e-12,6.0597324414816336e-24,5.4569682106375694e-12,-1.0,8.148947459118584e-16,9.71020586640313e-16,2.3038665658851094e-15,6.0597324414816336e-24,-1.0,0.0
345.01935601234436,878.0,431.1764705882353,13.588235294117647,163.52941176470588,3.176470588235294,1.7820411812863313e-12,6.0597324414816336e-24,5.4569682106375694e-12,-1.0,8.148947459118584e-16,9.71020586640313e-16,2.3038665658851094e-15,6.0597324414816336e-24,-1.0,0.0
350.16640615463257,891.0,444.1764705882353,13.588235294117647,163.52941176470588,3.176470588235294,1.7820411812863313e-12,6.0597324414816336e-24,5.4569682106375694e-12,-1.0,8.148947459118584e-16,9.71020586640313e-16,2.3038665658851094e-15,6.0597324414816336e-24,-1.0,0.0
355.3134939670563,904.0,457.1764705882353,13.588235294117647,163.52941176470588,3.176470588235294,1.7820411812863313e-12,6.0597324414816336e-24,5.4569682106375694e-12,-1.0,8.148947459118584e-16,9.71020586640313e-16,2.3038665658851094e-15,6.0597324414816336e-24,-1.0,0.0
360.463947057724,917.0,494.4375,13.0,161.5625,3.0,1.7820411812863313e-12,6.0597324414816336e-24,5.4569682106375694e-12,-1.0,8.148947459118584e-16,9.71020586640313e-16,2.281047884702679e-15,6.0597324414816336e-24,-1.0,0.0
365.52182817459106,930.0,507.4375,13.0,161.5625,3.0,1.7820411812863313e-12,6.0597324414816336e-24,5.4569682106375694e-12,-1.0,8.148947459118584e-16,9.71020586640313e-16,2.281047884702679e-15,6.0597324414816336e-24,-1.0,0.0
370.5312101840973,943.0,520.4375,13.0,161.5625,3.0,1.7820411812863313e-12,6.0597324414816336e-24,5.4569682106375694e-12,-1.0,8.148947459118584e-16,9.71020586640313e-16,2.281047884702679e-15,6.0597324414816336e-24,-1.0,0.0
375.5961661338806,956.0,533.4375,13.0,161.5625,3.0,1.7820411812863313e-12,6.0597324414816336e-24,5.4569682106375694e-12,-1.0,8.148947459118584e-16,9.71020586640313e-16,2.281047884702679e-15,6.0597324414816336e-24,-1.0,0.0
380.6976821422577,969.0,546.4375,13.0,161.5625,3.0,1.7820411812863313e-12,6.0597324414816336e-24,5.4569682106375694e-12,-1.0,8.148947459118584e-16,9.71020586640313e-16,2.281047884702679e-15,6.0597324414816336e-24,-1.0,0.0
385.80827498435974,982.0,559.4375,13.0,161.5625,3.0,1.7820411812863313e-12,6.0597324414816336e-24,5.4569682106375694e-12,-1.0,8.148947459118584e-16,9.71020586640313e-16,2.281047884702679e-15,6.0597324414816336e-24,-1.0,0.0
390.8514301776886,995.0,572.4375,13.0,161.5625,3.0,1.7820411812863313e-12,6.0597324414816336e-24,5.4569682106375694e-12,-1.0,8.148947459118584e-16,9.71020586640313e-16,2.281047884702679e-15,6.0597324414816336e-24,-1.0,0.0
395.88937401771545,1008.0,585.4375,13.0,161.5625,3.0,1.7820411812863313e-12,6.0597324414816336e-24,5.4569682106375694e-12,-1.0,8.148947459118584e-16,9.71020586640313e-16,2.281047884702679e-15,6.0597324414816336e-24,-1.0,0.0
401.2020671367645,1022.0,542.5882352941177,13.588235294117647,99.05882352941177,3.235294117647059,1.7363295986190982e-12,6.0597324414816336e-24,5.4569682106375694e-12,-1.0,8.046503942409883e-16,1.2824248181567874e-15,2.247901145920591e-15,6.0597324414816336e-24,-1.0,0.0
406.2143909931183,1035.0,555.5882352941177,13.588235294117647,99.05882352941177,3.235294117647059,1.7363295986190982e-12,6.0597324414816336e-24,5.4569682106375694e-12,-1.0,8.046503942409883e-16,1.2824248181567874e-15,2.247901145920591e-15,6.0597324414816336e-24,-1.0,0.0
411.243036031723,1048.0,537.3333333333334,13.5,96.05555555555556,3.1666666666666665,1.7363295986190982e-12,6.0597324414816336e-24,5.4569682106375694e-12,-1.0,8.046503942409883e-16,1.2824248181567874e-15,2.247901145920591e-15,6.0597324414816336e-24,-1.0,0.0
416.55470299720764,1062.0,551.3333333333334,13.5,96.05555555555556,3.1666666666666665,1.7363295986190982e-12,6.0597324414816336e-24,5.4569682106375694e-12,-1.0,8.046503942409883e-16,1.2824248181567874e-15,2.247901145920591e-15,6.0597324414816336e-24,-1.0,0.0
421.9125859737396,1076.0,550.0555555555555,13.5,94.83333333333333,3.1666666666666665,1.7363295986190982e-12,6.0597324414816336e-24,5.4569682106375694e-12,-1.0,8.046503942409883e-16,1.2824248181567874e-15,2.247901145920591e-15,6.0597324414816336e-24,-1.0,0.0
427.27832317352295,1090.0,554.1111111111111,13.5,97.27777777777777,3.1666666666666665,1.7363295986190982e-12,6.0597324414816336e-24,5.4569682106375694e-12,-1.0,8.046503942409883e-16,1.2824248181567874e-15,2.247901145920591e-15,6.0597324414816336e-24,-1.0,0.0
432.3757870197296,1103.0,567.1111111111111,13.5,97.27777777777777,3.1666666666666665,1.7363295986190982e-12,6.0597324414816336e-24,5.4569682106375694e-12,-1.0,8.046503942409883e-16,1.2824248181567874e-15,2.247901145920591e-15,6.0597324414816336e-24,-1.0,0.0
437.4142761230469,1116.0,564.0555555555555,13.5,97.27777777777777,3.1666666666666665,1.7363295986190982e-12,6.0597324414816336e-24,5.4569682106375694e-12,-1.0,8.046503942409883e-16,1.2824248181567874e-15,2.247901145920591e-15,6.0597324414816336e-24,-1.0,0.0
442.4919521808624,1129.0,577.0555555555555,13.5,97.27777777777777,3.1666666666666665,1.7363295986190982e-12,6.0597324414816336e-24,5.4569682106375694e-12,-1.0,8.046503942409883e-16,1.2824248181567874e-15,2.247901145920591e-15,6.0597324414816336e-24,-1.0,0.0
447.60516810417175,1142.0,590.0555555555555,13.5,97.27777777777777,3.1666666666666665,1.7363295986190982e-12,6.0597324414816336e-24,5.4569682106375694e-12,-1.0,8.046503942409883e-16,1.2824248181567874e-15,2.247901145920591e-15,6.0597324414816336e-24,-1.0,0.0
452.66244411468506,1155.0,603.0555555555555,13.5,97.27777777777777,3.1666666666666665,1.7363295986190982e-12,6.0597324414816336e-24,5.4569682106375694e-12,-1.0,8.046503942409883e-16,1.2824248181567874e-15,2.247901145920591e-15,6.0597324414816336e-24,-1.0,0.0
457.77400612831116,1168.0,616.0555555555555,13.5,97.27777777777777,3.1666666666666665,1.7363295986190982e-12,6.0597324414816336e-24,5.4569682106375694e-12,-1.0,8.046503942409883e-16,1.2824248181567874e-15,2.247901145920591e-15,6.0597324414816336e-24,-1.0,0.0
462.8958761692047,1181.0,611.3888888888889,13.5,97.38888888888889,3.0555555555555554,1.7363295986190982e-12,5.8190099585316314e-24,6.366462912410498e-12,-1.0,7.884108168592741e-16,1.2113475763085377e-15,2.247901145920591e-15,5.8190099585316314e-24,-1.0,0.0
467.9244689941406,1194.0,624.3888888888889,13.5,97.38888888888889,3.0555555555555554,1.7363295986190982e-12,5.8190099585316314e-24,6.366462912410498e-12,-1.0,7.884108168592741e-16,1.2113475763085377e-15,2.247901145920591e-15,5.8190099585316314e-24,-1.0,0.0
473.028813123703,1207.0,637.3888888888889,13.5,97.38888888888889,3.0555555555555554,1.7363295986190982e-12,5.8190099585316314e-24,6.366462912410498e-12,-1.0,7.884108168592741e-16,1.2113475763085377e-15,2.247901145920591e-15,5.8190099585316314e-24,-1.0,0.0
478.13958501815796,1220.0,610.0,13.5,107.5,3.0,1.7363295986190982e-12,5.8190099585316314e-24,6.366462912410498e-12,-1.0,7.884108168592741e-16,1.2113475763085377e-15,2.247901145920591e-15,5.8190099585316314e-24,-1.0,0.0
483.50218510627747,1234.0,623.2222222222222,13.5,107.5,3.0,1.7363295986190982e-12,5.8190099585316314e-24,6.366462912410498e-12,-1.0,7.884108168592741e-16,1.2113475763085377e-15,2.247901145920591e-15,5.8190099585316314e-24,-1.0,0.0
488.540402173996,1247.0,636.2222222222222,13.5,107.5,3.0,1.7363295986190982e-12,5.8190099585316314e-24,6.366462912410498e-12,-1.0,7.884108168592741e-16,1.2113475763085377e-15,2.247901145920591e-15,5.8190099585316314e-24,-1.0,0.0
493.887197971344,1261.0,650.2222222222222,13.5,107.5,3.0,1.7363295986190982e-12,5.8190099585316314e-24,6.366462912410498e-12,-1.0,7.884108168592741e-16,1.2113475763085377e-15,2.247901145920591e-15,5.8190099585316314e-24,-1.0,0.0
499.23029112815857,1275.0,655.1666666666666,13.5,107.5,3.0,1.7363295986190982e-12,5.8190099585316314e-24,6.366462912410498e-12,-1.0,7.884108168592741e-16,1.2113475763085377e-15,2.247901145920591e-15,5.8190099585316314e-24,-1.0,0.0
504.57632207870483,1289.0,666.0,13.5,107.5,3.0,1.7299347139972573e-12,5.8190099585316314e-24,6.366462912410498e-12,-1.0,7.884108168592741e-16,1.0683293668430519e-15,2.247901145920591e-15,5.8190099585316314e-24,-1.0,0.0
509.5764720439911,1302.0,611.7222222222222,13.5,107.5,3.0,1.7299347139972573e-12,5.8190099585316314e-24,6.366462912410498e-12,-1.0,7.884108168592741e-16,1.0683293668430519e-15,2.247901145920591e-15,5.8190099585316314e-24,-1.0,0.0
514.8567640781403,1316.0,609.7777777777778,13.5,107.5,2.9444444444444446,1.7299347139972573e-12,5.8190099585316314e-24,6.366462912410498e-12,-1.0,7.884108168592741e-16,1.0683293668430519e-15,2.247901145920591e-15,5.8190099585316314e-24,-1.0,0.0
520.1776130199432,1330.0,623.7777777777778,13.5,107.5,2.9444444444444446,1.7299347139972573e-12,5.8190099585316314e-24,6.366462912410498e-12,-1.0,7.884108168592741e-16,1.0683293668430519e-15,2.247901145920591e-15,5.8190099585316314e-24,-1.0,0.0
525.227087020874,1343.0,636.7777777777778,13.5,107.5,2.9444444444444446,1.7299347139972573e-12,5.8190099585316314e-24,6.366462912410498e-12,-1.0,7.884108168592741e-16,1.0683293668430519e-15,2.247901145920591e-15,5.8190099585316314e-24,-1.0,0.0
530.2308020591736,1356.0,649.7777777777778,13.5,107.5,2.9444444444444446,1.7299347139972573e-12,5.8190099585316314e-24,6.366462912410498e-12,-1.0,7.884108168592741e-16,1.0683293668430519e-15,2.247901145920591e-15,5.8190099585316314e-24,-1.0,0.0
535.5221490859985,1370.0,663.7777777777778,13.5,107.5,2.9444444444444446,1.7299347139972573e-12,5.8190099585316314e-24,6.366462912410498e-12,-1.0,7.884108168592741e-16,1.0683293668430519e-15,2.247901145920591e-15,5.8190099585316314e-24,-1.0,0.0
540.7991940975189,1384.0,677.7777777777778,13.5,107.5,2.9444444444444446,1.7299347139972573e-12,5.8190099585316314e-24,6.366462912410498e-12,-1.0,7.884108168592741e-16,1.0683293668430519e-15,2.247901145920591e-15,5.8190099585316314e-24,-1.0,0.0
546.0805160999298,1398.0,680.1111111111111,13.5,107.5,3.0,1.6856442168015442e-12,5.487127971551737e-24,6.366462912410498e-12,-1.0,7.769739532282965e-16,1.0683293668430519e-15,2.219107299426667e-15,5.487127971551737e-24,-1.0,0.0
551.4117760658264,1412.0,694.1111111111111,13.5,107.5,3.0,1.6856442168015442e-12,5.487127971551737e-24,6.366462912410498e-12,-1.0,7.769739532282965e-16,1.0683293668430519e-15,2.219107299426667e-15,5.487127971551737e-24,-1.0,0.0
556.6299550533295,1426.0,657.0,13.5,106.94444444444444,3.0,1.6856442168015442e-12,5.487127971551737e-24,6.366462912410498e-12,-1.0,7.769739532282965e-16,1.0683293668430519e-15,2.219107299426667e-15,5.487127971551737e-24,-1.0,0.0
561.9743461608887,1440.0,647.5,13.5,106.83333333333333,3.0555555555555554,1.6856442168015442e-12,5.487127971551737e-24,5.4569682106375694e-12,-1.0,7.769739532282965e-16,1.0683293668430519e-15,2.219107299426667e-15,5.487127971551737e-24,-1.0,0.0
567.3126120567322,1454.0,618.6842105263158,13.947368421052632,110.84210526315789,3.1578947368421053,1.6856442168015442e-12,5.487127971551737e-24,5.4569682106375694e-12,-1.0,7.769739532282965e-16,1.0683293668430519e-15,2.219107299426667e-15,5.487127971551737e-24,-1.0,0.0
572.6400721073151,1468.0,632.6842105263158,13.947368421052632,110.84210526315789,3.1578947368421053,1.6856442168015442e-12,5.487127971551737e-24,5.4569682106375694e-12,-1.0,7.769739532282965e-16,1.0683293668430519e-15,2.219107299426667e-15,5.487127971551737e-24,-1.0,0.0
578.00741314888,1482.0,637.8421052631579,13.947368421052632,110.84210526315789,3.1578947368421053,1.6856442168015442e-12,5.487127971551737e-24,5.4569682106375694e-12,-1.0,7.769739532282965e-16,1.0683293668430519e-15,2.219107299426667e-15,5.487127971551737e-24,-1.0,0.0
583.3407940864563,1496.0,651.8421052631579,13.947368421052632,110.84210526315789,3.1578947368421053,1.6856442168015442e-12,5.487127971551737e-24,5.4569682106375694e-12,-1.0,7.769739532282965e-16,1.0683293668430519e-15,2.219107299426667e-15,5.487127971551737e-24,-1.0,0.0
588.6065101623535,1510.0,665.8421052631579,13.947368421052632,110.84210526315789,3.1578947368421053,1.6856442168015442e-12,5.487127971551737e-24,5.4569682106375694e-12,-1.0,7.769739532282965e-16,1.0683293668430519e-15,2.219107299426667e-15,5.487127971551737e-24,-1.0,0.0
593.8875629901886,1524.0,679.8421052631579,13.947368421052632,110.84210526315789,3.1578947368421053,1.6856442168015442e-12,5.487127971551737e-24,5.4569682106375694e-12,-1.0,7.769739532282965e-16,1.0683293668430519e-15,2.219107299426667e-15,5.487127971551737e-24,-1.0,0.0
599.2442770004272,1538.0,689.421052631579,13.947368421052632,110.84210526315789,3.1578947368421053,1.6856442168015442e-12,5.487127971551737e-24,5.4569682106375694e-12,-1.0,7.769739532282965e-16,1.0683293668430519e-15,2.219107299426667e-15,5.487127971551737e-24,-1.0,0.0
604.5836510658264,1552.0,703.421052631579,13.947368421052632,110.84210526315789,3.1578947368421053,1.6856442168015442e-12,5.487127971551737e-24,5.4569682106375694e-12,-1.0,7.769739532282965e-16,1.0683293668430519e-15,2.219107299426667e-15,5.487127971551737e-24,-1.0,0.0
609.9366180896759,1566.0,717.421052631579,13.947368421052632,110.84210526315789,3.1578947368421053,1.6856442168015442e-12,5.487127971551737e-24,5.4569682106375694e-12,-1.0,7.769739532282965e-16,1.0683293668430519e-15,2.219107299426667e-15,5.487127971551737e-24,-1.0,0.0
614.9400479793549,1579.0,730.421052631579,13.947368421052632,110.84210526315789,3.1578947368421053,1.6856442168015442e-12,5.487127971551737e-24,5.4569682106375694e-12,-1.0,7.769739532282965e-16,1.0683293668430519e-15,2.219107299426667e-15,5.487127971551737e-24,-1.0,0.0
620.2730569839478,1593.0,744.421052631579,13.947368421052632,110.84210526315789,3.1578947368421053,1.6856442168015442e-12,5.487127971551737e-24,5.4569682106375694e-12,-1.0,7.769739532282965e-16,1.0683293668430519e-15,2.219107299426667e-15,5.487127971551737e-24,-1.0,0.0
625.6441819667816,1607.0,758.421052631579,13.947368421052632,110.84210526315789,3.1578947368421053,1.6856442168015442e-12,5.487127971551737e-24,5.4569682106375694e-12,-1.0,7.769739532282965e-16,1.0683293668430519e-15,2.219107299426667e-15,5.487127971551737e-24,-1.0,0.0
630.8937630653381,1621.0,763.3157894736842,13.947368421052632,120.63157894736842,3.1052631578947367,1.683512588594264e-12,5.487127971551737e-24,6.366462912410498e-12,-1.0,7.769739532282965e-16,1.0683293668430519e-15,2.219107299426667e-15,5.487127971551737e-24,-1.0,0.0
636.1462371349335,1635.0,777.3157894736842,13.947368421052632,120.63157894736842,3.1052631578947367,1.683512588594264e-12,5.487127971551737e-24,6.366462912410498e-12,-1.0,7.769739532282965e-16,1.0683293668430519e-15,2.219107299426667e-15,5.487127971551737e-24,-1.0,0.0
641.4376840591431,1649.0,791.3157894736842,13.947368421052632,120.63157894736842,3.1052631578947367,1.683512588594264e-12,5.487127971551737e-24,6.366462912410498e-12,-1.0,7.769739532282965e-16,1.0683293668430519e-15,2.219107299426667e-15,5.487127971551737e-24,-1.0,0.0
646.7363851070404,1663.0,805.3157894736842,13.947368421052632,120.63157894736842,3.1052631578947367,1.683512588594264e-12,5.487127971551737e-24,6.366462912410498e-12,-1.0,7.769739532282965e-16,1.0683293668430519e-15,2.219107299426667e-15,5.487127971551737e-24,-1.0,0.0
651.9437921047211,1677.0,767.5882352941177,14.117647058823529,130.64705882352942,3.235294117647059,1.683512588594264e-12,5.487127971551737e-24,6.366462912410498e-12,-1.0,7.769739532282965e-16,1.0683293668430519e-15,2.219107299426667e-15,5.487127971551737e-24,-1.0,0.0
657.3043830394745,1691.0,781.5882352941177,14.117647058823529,130.64705882352942,3.235294117647059,1.683512588594264e-12,5.487127971551737e-24,6.366462912410498e-12,-1.0,7.769739532282965e-16,1.0683293668430519e-15,2.219107299426667e-15,5.487127971551737e-24,-1.0,0.0
662.5993599891663,1705.0,795.5882352941177,14.117647058823529,130.64705882352942,3.235294117647059,1.683512588594264e-12,5.487127971551737e-24,6.366462912410498e-12,-1.0,7.769739532282965e-16,1.0683293668430519e-15,2.219107299426667e-15,5.487127971551737e-24,-1.0,0.0
667.8968160152435,1719.0,809.5882352941177,14.117647058823529,130.64705882352942,3.235294117647059,1.683512588594264e-12,5.487127971551737e-24,6.366462912410498e-12,-1.0,7.769739532282965e-16,1.0683293668430519e-15,2.219107299426667e-15,5.487127971551737e-24,-1.0,0.0
673.1424701213837,1733.0,823.5882352941177,14.117647058823529,130.64705882352942,3.235294117647059,1.683512588594264e-12,5.487127971551737e-24,6.366462912410498e-12,-1.0,7.769739532282965e-16,1.0683293668430519e-15,2.219107299426667e-15,5.487127971551737e-24,-1.0,0.0
678.4543740749359,1747.0,837.5882352941177,14.117647058823529,130.64705882352942,3.235294117647059,1.683512588594264e-12,5.487127971551737e-24,6.366462912410498e-12,-1.0,7.769739532282965e-16,1.0683293668430519e-15,2.219107299426667e-15,5.487127971551737e-24,-1.0,0.0
683.6427199840546,1761.0,842.7647058823529,14.117647058823529,119.70588235294117,3.2941176470588234,1.6856442168015442e-12,5.487127971551737e-24,5.4569682106375694e-12,-1.0,7.769739532282965e-16,1.0683293668430519e-15,2.219107299426667e-15,5.487127971551737e-24,-1.0,0.0
688.9110090732574,1775.0,856.7647058823529,14.117647058823529,119.70588235294117,3.2941176470588234,1.6856442168015442e-12,5.487127971551737e-24,5.4569682106375694e-12,-1.0,7.769739532282965e-16,1.0683293668430519e-15,2.219107299426667e-15,5.487127971551737e-24,-1.0,0.0
694.2380130290985,1789.0,870.7647058823529,14.117647058823529,119.70588235294117,3.2941176470588234,1.6856442168015442e-12,5.487127971551737e-24,5.4569682106375694e-12,-1.0,7.769739532282965e-16,1.0683293668430519e-15,2.219107299426667e-15,5.487127971551737e-24,-1.0,0.0
699.5087780952454,1803.0,860.4705882352941,14.117647058823529,119.70588235294117,3.235294117647059,1.7060131085600005e-12,5.481244541739145e-24,5.4569682106375694e-12,-1.0,7.822392561075077e-16,1.0683293668430519e-15,2.188673237590854e-15,5.481244541739145e-24,-1.0,0.0
704.7995250225067,1817.0,853.1176470588235,14.117647058823529,119.70588235294117,3.235294117647059,1.7060131085600005e-12,5.481244541739145e-24,5.4569682106375694e-12,-1.0,7.822392561075077e-16,1.0683293668430519e-15,2.188673237590854e-15,5.481244541739145e-24,-1.0,0.0
710.0104911327362,1831.0,867.1176470588235,14.117647058823529,119.70588235294117,3.235294117647059,1.7060131085600005e-12,5.481244541739145e-24,5.4569682106375694e-12,-1.0,7.822392561075077e-16,1.0683293668430519e-15,2.188673237590854e-15,5.481244541739145e-24,-1.0,0.0
715.2964479923248,1845.0,881.1176470588235,14.117647058823529,119.70588235294117,3.235294117647059,1.7060131085600005e-12,5.481244541739145e-24,5.4569682106375694e-12,-1.0,7.822392561075077e-16,1.0683293668430519e-15,2.188673237590854e-15,5.481244541739145e-24,-1.0,0.0
720.529639005661,1859.0,895.1176470588235,14.117647058823529,119.70588235294117,3.235294117647059,1.7060131085600005e-12,5.481244541739145e-24,5.4569682106375694e-12,-1.0,7.822392561075077e-16,1.0683293668430519e-15,2.188673237590854e-15,5.481244541739145e-24,-1.0,0.0
725.7564990520477,1873.0,862.1764705882352,14.117647058823529,120.11764705882354,3.2941176470588234,1.7060131085600005e-12,5.481244541739145e-24,5.4569682106375694e-12,-1.0,7.822392561075077e-16,1.0683293668430519e-15,2.188673237590854e-15,5.481244541739145e-24,-1.0,0.0
731.0347900390625,1887.0,876.1764705882352,14.117647058823529,120.11764705882354,3.2941176470588234,1.7060131085600005e-12,5.481244541739145e-24,5.4569682106375694e-12,-1.0,7.822392561075077e-16,1.0683293668430519e-15,2.188673237590854e-15,5.481244541739145e-24,-1.0,0.0
736.2395620346069,1901.0,890.1764705882352,14.117647058823529,120.11764705882354,3.2941176470588234,1.7060131085600005e-12,5.481244541739145e-24,5.4569682106375694e-12,-1.0,7.822392561075077e-16,1.0683293668430519e-15,2.188673237590854e-15,5.481244541739145e-24,-1.0,0.0
741.5234231948853,1915.0,881.8235294117648,14.117647058823529,120.11764705882354,3.2941176470588234,1.7060131085600005e-12,5.481244541739145e-24,5.4569682106375694e-12,-1.0,7.822392561075077e-16,1.0683293668430519e-15,2.188673237590854e-15,5.481244541739145e-24,-1.0,0.0
746.5337700843811,1928.0,894.8235294117648,14.117647058823529,120.11764705882354,3.2941176470588234,1.7060131085600005e-12,5.481244541739145e-24,5.4569682106375694e-12,-1.0,7.822392561075077e-16,1.0683293668430519e-15,2.188673237590854e-15,5.481244541739145e-24,-1.0,0.0
751.8476281166077,1942.0,818.7647058823529,14.117647058823529,120.29411764705883,3.2941176470588234,1.7060131085600005e-12,5.481244541739145e-24,5.4569682106375694e-12,-1.0,7.822392561075077e-16,1.0683293668430519e-15,2.188673237590854e-15,5.481244541739145e-24,-1.0,0.0
757.0579190254211,1956.0,832.7647058823529,14.117647058823529,120.29411764705883,3.2941176470588234,1.7060131085600005e-12,5.481244541739145e-24,5.4569682106375694e-12,-1.0,7.822392561075077e-16,1.0683293668430519e-15,2.188673237590854e-15,5.481244541739145e-24,-1.0,0.0
762.4211611747742,1970.0,846.7647058823529,14.117647058823529,120.29411764705883,3.2941176470588234,1.7060131085600005e-12,5.481244541739145e-24,5.4569682106375694e-12,-1.0,7.822392561075077e-16,1.0683293668430519e-15,2.188673237590854e-15,5.481244541739145e-24,-1.0,0.0
767.7406241893768,1984.0,860.7647058823529,14.117647058823529,120.29411764705883,3.2941176470588234,1.7060131085600005e-12,5.481244541739145e-24,5.4569682106375694e-12,-1.0,7.822392561075077e-16,1.0683293668430519e-15,2.188673237590854e-15,5.481244541739145e-24,-1.0,0.0
772.7638971805573,1997.0,873.7647058823529,14.117647058823529,120.29411764705883,3.2941176470588234,1.7060131085600005e-12,5.481244541739145e-24,5.4569682106375694e-12,-1.0,7.822392561075077e-16,1.0683293668430519e-15,2.188673237590854e-15,5.481244541739145e-24,-1.0,0.0
778.0894861221313,2011.0,887.7647058823529,14.117647058823529,120.29411764705883,3.2941176470588234,1.7060131085600005e-12,5.481244541739145e-24,5.4569682106375694e-12,-1.0,7.822392561075077e-16,1.0683293668430519e-15,2.188673237590854e-15,5.481244541739145e-24,-1.0,0.0
783.4269931316376,2025.0,901.7647058823529,14.117647058823529,120.29411764705883,3.2941176470588234,1.7060131085600005e-12,5.481244541739145e-24,5.4569682106375694e-12,-1.0,7.822392561075077e-16,1.0683293668430519e-15,2.188673237590854e-15,5.481244541739145e-24,-1.0,0.0
788.4769921302795,2038.0,914.7647058823529,14.117647058823529,120.29411764705883,3.2941176470588234,1.7060131085600005e-12,5.481244541739145e-24,5.4569682106375694e-12,-1.0,7.822392561075077e-16,1.0683293668430519e-15,2.188673237590854e-15,5.481244541739145e-24,-1.0,0.0
793.5806460380554,2051.0,927.7647058823529,14.117647058823529,120.29411764705883,3.2941176470588234,1.7060131085600005e-12,5.481244541739145e-24,5.4569682106375694e-12,-1.0,7.822392561075077e-16,1.0683293668430519e-15,2.188673237590854e-15,5.481244541739145e-24,-1.0,0.0
798.9222860336304,2065.0,932.6470588235294,14.117647058823529,120.29411764705883,3.2941176470588234,1.7060131085600005e-12,5.481244541739145e-24,5.4569682106375694e-12,-1.0,7.822392561075077e-16,1.0683293668430519e-15,2.188673237590854e-15,5.481244541739145e-24,-1.0,0.0
803.9801621437073,2078.0,945.6470588235294,14.117647058823529,120.29411764705883,3.2941176470588234,1.7060131085600005e-12,5.481244541739145e-24,5.4569682106375694e-12,-1.0,7.822392561075077e-16,1.0683293668430519e-15,2.188673237590854e-15,5.481244541739145e-24,-1.0,0.0
809.3086891174316,2092.0,959.6470588235294,14.117647058823529,120.29411764705883,3.2941176470588234,1.7060131085600005e-12,5.481244541739145e-24,5.4569682106375694e-12,-1.0,7.822392561075077e-16,1.0683293668430519e-15,2.188673237590854e-15,5.481244541739145e-24,-1.0,0.0
814.6750061511993,2106.0,973.6470588235294,14.117647058823529,120.29411764705883,3.2941176470588234,1.7060131085600005e-12,5.481244541739145e-24,5.4569682106375694e-12,-1.0,7.822392561075077e-16,1.0683293668430519e-15,2.188673237590854e-15,5.481244541739145e-24,-1.0,0.0
819.6835160255432,2119.0,986.6470588235294,14.117647058823529,120.29411764705883,3.2941176470588234,1.7060131085600005e-12,5.481244541739145e-24,5.4569682106375694e-12,-1.0,7.822392561075077e-16,1.0683293668430519e-15,2.188673237590854e-15,5.481244541739145e-24,-1.0,0.0
824.69868516922,2132.0,999.6470588235294,14.117647058823529,120.29411764705883,3.2941176470588234,1.7060131085600005e-12,5.481244541739145e-24,5.4569682106375694e-12,-1.0,7.822392561075077e-16,1.0683293668430519e-15,2.188673237590854e-15,5.481244541739145e-24,-1.0,0.0
830.0316381454468,2146.0,1013.6470588235294,14.117647058823529,120.29411764705883,3.2941176470588234,1.7060131085600005e-12,5.481244541739145e-24,5.4569682106375694e-12,-1.0,7.822392561075077e-16,1.0683293668430519e-15,2.188673237590854e-15,5.481244541739145e-24,-1.0,0.0
835.3396410942078,2160.0,1027.6470588235295,14.117647058823529,120.29411764705883,3.2941176470588234,1.7060131085600005e-12,5.481244541739145e-24,5.4569682106375694e-12,-1.0,7.822392561075077e-16,1.0683293668430519e-15,2.188673237590854e-15,5.481244541739145e-24,-1.0,0.0
840.7186851501465,2174.0,1041.6470588235295,14.117647058823529,120.29411764705883,3.2941176470588234,1.7060131085600005e-12,5.481244541739145e-24,5.4569682106375694e-12,-1.0,7.822392561075077e-16,1.0683293668430519e-15,2.188673237590854e-15,5.481244541739145e-24,-1.0,0.0
845.9591109752655,2188.0,1055.6470588235295,14.117647058823529,120.29411764705883,3.2941176470588234,1.7060131085600005e-12,5.481244541739145e-24,5.4569682106375694e-12,-1.0,7.822392561075077e-16,1.0683293668430519e-15,2.188673237590854e-15,5.481244541739145e-24,-1.0,0.0
851.1870210170746,2202.0,1069.6470588235295,14.117647058823529,120.29411764705883,3.2941176470588234,1.7060131085600005e-12,5.481244541739145e-24,5.4569682106375694e-12,-1.0,7.822392561075077e-16,1.0683293668430519e-15,2.188673237590854e-15,5.481244541739145e-24,-1.0,0.0
856.4756011962891,2216.0,1083.6470588235295,14.117647058823529,120.29411764705883,3.2941176470588234,1.7060131085600005e-12,5.481244541739145e-24,5.4569682106375694e-12,-1.0,7.822392561075077e-16,1.0683293668430519e-15,2.188673237590854e-15,5.481244541739145e-24,-1.0,0.0
861.7295980453491,2230.0,1097.6470588235295,14.117647058823529,120.29411764705883,3.2941176470588234,1.7060131085600005e-12,5.481244541739145e-24,5.4569682106375694e-12,-1.0,7.822392561075077e-16,1.0683293668430519e-15,2.188673237590854e-15,5.481244541739145e-24,-1.0,0.0
866.9731841087341,2244.0,1111.6470588235295,14.117647058823529,120.29411764705883,3.2941176470588234,1.7060131085600005e-12,5.481244541739145e-24,5.4569682106375694e-12,-1.0,7.822392561075077e-16,1.0683293668430519e-15,2.188673237590854e-15,5.481244541739145e-24,-1.0,0.0
872.181174993515,2258.0,1125.6470588235295,14.117647058823529,120.29411764705883,3.2941176470588234,1.7060131085600005e-12,5.481244541739145e-24,5.4569682106375694e-12,-1.0,7.822392561075077e-16,1.0683293668430519e-15,2.188673237590854e-15,5.481244541739145e-24,-1.0,0.0
877.4581050872803,2272.0,1139.6470588235295,14.117647058823529,120.29411764705883,3.2941176470588234,1.7060131085600005e-12,5.481244541739145e-24,5.4569682106375694e-12,-1.0,7.822392561075077e-16,1.0683293668430519e-15,2.188673237590854e-15,5.481244541739145e-24,-1.0,0.0
882.6986520290375,2282.0,1149.6470588235295,14.117647058823529,120.29411764705883,3.2941176470588234,1.7060131085600005e-12,5.481244541739145e-24,5.4569682106375694e-12,-1.0,7.822392561075077e-16,1.0683293668430519e-15,2.188673237590854e-15,5.481244541739145e-24,-1.0,0.0
887.7561872005463,2295.0,1162.6470588235295,14.117647058823529,120.29411764705883,3.2941176470588234,1.7060131085600005e-12,5.481244541739145e-24,5.4569682106375694e-12,-1.0,7.822392561075077e-16,1.0683293668430519e-15,2.188673237590854e-15,5.481244541739145e-24,-1.0,0.0
892.820338010788,2308.0,1175.6470588235295,14.117647058823529,120.29411764705883,3.2941176470588234,1.7060131085600005e-12,5.481244541739145e-24,5.4569682106375694e-12,-1.0,7.822392561075077e-16,1.0683293668430519e-15,2.188673237590854e-15,5.481244541739145e-24,-1.0,0.0
897.8929171562195,2321.0,1188.6470588235295,14.117647058823529,120.29411764705883,3.2941176470588234,1.7060131085600005e-12,5.481244541739145e-24,5.4569682106375694e-12,-1.0,7.822392561075077e-16,1.0683293668430519e-15,2.188673237590854e-15,5.481244541739145e-24,-1.0,0.0
903.0147171020508,2334.0,1201.6470588235295,14.117647058823529,120.29411764705883,3.2941176470588234,1.7060131085600005e-12,5.481244541739145e-24,5.4569682106375694e-12,-1.0,7.822392561075077e-16,1.0683293668430519e-15,2.188673237590854e-15,5.481244541739145e-24,-1.0,0.0
908.0386550426483,2347.0,1214.6470588235295,14.117647058823529,120.29411764705883,3.2941176470588234,1.7060131085600005e-12,5.481244541739145e-24,5.4569682106375694e-12,-1.0,7.822392561075077e-16,1.0683293668430519e-15,2.188673237590854e-15,5.481244541739145e-24,-1.0,0.0
913.192351102829,2360.0,1227.6470588235295,14.117647058823529,120.29411764705883,3.2941176470588234,1.7060131085600005e-12,5.481244541739145e-24,5.4569682106375694e-12,-1.0,7.822392561075077e-16,1.0683293668430519e-15,2.188673237590854e-15,5.481244541739145e-24,-1.0,0.0
918.3691370487213,2373.0,1240.6470588235295,14.117647058823529,120.29411764705883,3.2941176470588234,1.7060131085600005e-12,5.481244541739145e-24,5.4569682106375694e-12,-1.0,7.822392561075077e-16,1.0683293668430519e-15,2.188673237590854e-15,5.481244541739145e-24,-1.0,0.0
923.4818720817566,2386.0,1253.6470588235295,14.117647058823529,120.29411764705883,3.2941176470588234,1.7060131085600005e-12,5.481244541739145e-24,5.4569682106375694e-12,-1.0,7.822392561075077e-16,1.0683293668430519e-15,2.188673237590854e-15,5.481244541739145e-24,-1.0,0.0
928.6214010715485,2399.0,1266.6470588235295,14.117647058823529,120.29411764705883,3.2941176470588234,1.7060131085600005e-12,5.481244541739145e-24,5.4569682106375694e-12,-1.0,7.822392561075077e-16,1.0683293668430519e-15,2.188673237590854e-15,5.481244541739145e-24,-1.0,0.0
933.9171171188354,2412.0,1279.6470588235295,14.117647058823529,120.29411764705883,3.2941176470588234,1.7060131085600005e-12,5.481244541739145e-24,5.4569682106375694e-12,-1.0,7.822392561075077e-16,1.0683293668430519e-15,2.188673237590854e-15,5.481244541739145e-24,-1.0,0.0
939.0714581012726,2425.0,1292.6470588235295,14.117647058823529,120.29411764705883,3.2941176470588234,1.7060131085600005e-12,5.481244541739145e-24,5.4569682106375694e-12,-1.0,7.822392561075077e-16,1.0683293668430519e-15,2.188673237590854e-15,5.481244541739145e-24,-1.0,0.0
944.1678190231323,2438.0,1305.6470588235295,14.117647058823529,120.29411764705883,3.2941176470588234,1.7060131085600005e-12,5.481244541739145e-24,5.4569682106375694e-12,-1.0,7.822392561075077e-16,1.0683293668430519e-15,2.188673237590854e-15,5.481244541739145e-24,-1.0,0.0
949.3273901939392,2451.0,1318.6470588235295,14.117647058823529,120.29411764705883,3.2941176470588234,1.7060131085600005e-12,5.481244541739145e-24,5.4569682106375694e-12,-1.0,7.822392561075077e-16,1.0683293668430519e-15,2.188673237590854e-15,5.481244541739145e-24,-1.0,0.0
954.5847480297089,2464.0,1331.6470588235295,14.117647058823529,120.29411764705883,3.2941176470588234,1.7060131085600005e-12,5.481244541739145e-24,5.4569682106375694e-12,-1.0,7.822392561075077e-16,1.0683293668430519e-15,2.188673237590854e-15,5.481244541739145e-24,-1.0,0.0
959.7208681106567,2477.0,1270.4444444444443,14.777777777777779,154.66666666666666,3.388888888888889,1.7060131085600005e-12,5.481244541739145e-24,5.4569682106375694e-12,-1.0,7.822392561075077e-16,1.0683293668430519e-15,2.188673237590854e-15,5.481244541739145e-24,-1.0,0.0
964.8391070365906,2490.0,1283.4444444444443,14.777777777777779,154.66666666666666,3.388888888888889,1.7060131085600005e-12,5.481244541739145e-24,5.4569682106375694e-12,-1.0,7.822392561075077e-16,1.0683293668430519e-15,2.188673237590854e-15,5.481244541739145e-24,-1.0,0.0
969.9275050163269,2503.0,1265.5555555555557,14.777777777777779,154.66666666666666,3.388888888888889,1.7060131085600005e-12,5.481244541739145e-24,5.4569682106375694e-12,-1.0,7.822392561075077e-16,1.0683293668430519e-15,2.188673237590854e-15,5.481244541739145e-24,-1.0,0.0
975.0936641693115,2516.0,1231.888888888889,14.777777777777779,154.66666666666666,3.388888888888889,1.7060131085600005e-12,5.481244541739145e-24,5.4569682106375694e-12,-1.0,7.822392561075077e-16,1.0683293668430519e-15,2.188673237590854e-15,5.481244541739145e-24,-1.0,0.0
980.1917221546173,2529.0,1244.888888888889,14.777777777777779,154.66666666666666,3.388888888888889,1.7060131085600005e-12,5.481244541739145e-24,5.4569682106375694e-12,-1.0,7.822392561075077e-16,1.0683293668430519e-15,2.188673237590854e-15,5.481244541739145e-24,-1.0,0.0
985.3162941932678,2542.0,1257.888888888889,14.777777777777779,154.66666666666666,3.388888888888889,1.7060131085600005e-12,5.481244541739145e-24,5.4569682106375694e-12,-1.0,7.822392561075077e-16,1.0683293668430519e-15,2.188673237590854e-15,5.481244541739145e-24,-1.0,0.0
990.5022220611572,2555.0,1270.888888888889,14.777777777777779,154.66666666666666,3.388888888888889,1.7060131085600005e-12,5.481244541739145e-24,5.4569682106375694e-12,-1.0,7.822392561075077e-16,1.0683293668430519e-15,2.188673237590854e-15,5.481244541739145e-24,-1.0,0.0
995.6384971141815,2568.0,1283.888888888889,14.777777777777779,154.66666666666666,3.388888888888889,1.7060131085600005e-12,5.481244541739145e-24,5.4569682106375694e-12,-1.0,7.822392561075077e-16,1.0683293668430519e-15,2.188673237590854e-15,5.481244541739145e-24,-1.0,0.0
1000.7718870639801,2581.0,1296.888888888889,14.777777777777779,154.66666666666666,3.388888888888889,1.7060131085600005e-12,5.481244541739145e-24,5.4569682106375694e-12,-1.0,7.822392561075077e-16,1.0683293668430519e-15,2.188673237590854e-15,5.481244541739145e-24,-1.0,0.0
1005.874950170517,2594.0,1309.888888888889,14.777777777777779,154.66666666666666,3.388888888888889,1.7060131085600005e-12,5.481244541739145e-24,5.4569682106375694e-12,-1.0,7.822392561075077e-16,1.0683293668430519e-15,2.188673237590854e-15,5.481244541739145e-24,-1.0,0.0
1010.9476230144501,2607.0,1322.888888888889,14.777777777777779,154.66666666666666,3.388888888888889,1.7060131085600005e-12,5.481244541739145e-24,5.4569682106375694e-12,-1.0,7.822392561075077e-16,1.0683293668430519e-15,2.188673237590854e-15,5.481244541739145e-24,-1.0,0.0
1016.1851081848145,2620.0,1335.888888888889,14.777777777777779,154.66666666666666,3.388888888888889,1.7060131085600005e-12,5.481244541739145e-24,5.4569682106375694e-12,-1.0,7.822392561075077e-16,1.0683293668430519e-15,2.188673237590854e-15,5.481244541739145e-24,-1.0,0.0
1021.317253112793,2633.0,1348.888888888889,14.777777777777779,154.66666666666666,3.388888888888889,1.7060131085600005e-12,5.481244541739145e-24,5.4569682106375694e-12,-1.0,7.822392561075077e-16,1.0683293668430519e-15,2.188673237590854e-15,5.481244541739145e-24,-1.0,0.0
1026.3867931365967,2646.0,1361.888888888889,14.777777777777779,154.66666666666666,3.388888888888889,1.7060131085600005e-12,5.481244541739145e-24,5.4569682106375694e-12,-1.0,7.822392561075077e-16,1.0683293668430519e-15,2.188673237590854e-15,5.481244541739145e-24,-1.0,0.0
1031.47536611557,2659.0,1317.7222222222222,14.777777777777779,165.0,3.3333333333333335,1.7060131085600005e-12,5.481244541739145e-24,6.366462912410498e-12,-1.0,7.822392561075077e-16,1.0683293668430519e-15,2.188673237590854e-15,5.481244541739145e-24,-1.0,0.0
1036.5709760189056,2672.0,1330.7222222222222,14.777777777777779,165.0,3.3333333333333335,1.7060131085600005e-12,5.481244541739145e-24,6.366462912410498e-12,-1.0,7.822392561075077e-16,1.0683293668430519e-15,2.188673237590854e-15,5.481244541739145e-24,-1.0,0.0
1041.6597940921783,2685.0,1343.7222222222222,14.777777777777779,165.0,3.3333333333333335,1.7060131085600005e-12,5.481244541739145e-24,6.366462912410498e-12,-1.0,7.822392561075077e-16,1.0683293668430519e-15,2.188673237590854e-15,5.481244541739145e-24,-1.0,0.0
1046.8377990722656,2698.0,1356.7222222222222,14.777777777777779,165.0,3.3333333333333335,1.7060131085600005e-12,5.481244541739145e-24,6.366462912410498e-12,-1.0,7.822392561075077e-16,1.0683293668430519e-15,2.188673237590854e-15,5.481244541739145e-24,-1.0,0.0
1052.01096701622,2711.0,1369.7222222222222,14.777777777777779,165.0,3.3333333333333335,1.7060131085600005e-12,5.481244541739145e-24,6.366462912410498e-12,-1.0,7.822392561075077e-16,1.0683293668430519e-15,2.188673237590854e-15,5.481244541739145e-24,-1.0,0.0
1057.1644489765167,2724.0,1382.7222222222222,14.777777777777779,165.0,3.3333333333333335,1.7060131085600005e-12,5.481244541739145e-24,6.366462912410498e-12,-1.0,7.822392561075077e-16,1.0683293668430519e-15,2.188673237590854e-15,5.481244541739145e-24,-1.0,0.0
1062.268711090088,2737.0,1395.7222222222222,14.777777777777779,165.0,3.3333333333333335,1.7060131085600005e-12,5.481244541739145e-24,6.366462912410498e-12,-1.0,7.822392561075077e-16,1.0683293668430519e-15,2.188673237590854e-15,5.481244541739145e-24,-1.0,0.0
1067.4296131134033,2750.0,1408.7222222222222,14.777777777777779,165.0,3.3333333333333335,1.7060131085600005e-12,5.481244541739145e-24,6.366462912410498e-12,-1.0,7.822392561075077e-16,1.0683293668430519e-15,2.188673237590854e-15,5.481244541739145e-24,-1.0,0.0
1072.63246011734,2763.0,1415.888888888889,14.777777777777779,154.77777777777777,3.3333333333333335,1.6984339860452261e-12,5.481244541739145e-24,6.366462912410498e-12,-1.0,7.822392561075077e-16,1.0683293668430519e-15,2.188673237590854e-15,5.481244541739145e-24,-1.0,0.0
1077.6955721378326,2776.0,1428.888888888889,14.777777777777779,154.77777777777777,3.3333333333333335,1.6984339860452261e-12,5.481244541739145e-24,6.366462912410498e-12,-1.0,7.822392561075077e-16,1.0683293668430519e-15,2.188673237590854e-15,5.481244541739145e-24,-1.0,0.0
1082.8448750972748,2789.0,1441.888888888889,14.777777777777779,154.77777777777777,3.3333333333333335,1.6984339860452261e-12,5.481244541739145e-24,6.366462912410498e-12,-1.0,7.822392561075077e-16,1.0683293668430519e-15,2.188673237590854e-15,5.481244541739145e-24,-1.0,0.0
1088.0401310920715,2802.0,1454.888888888889,14.777777777777779,154.77777777777777,3.3333333333333335,1.6984339860452261e-12,5.481244541739145e-24,6.366462912410498e-12,-1.0,7.822392561075077e-16,1.0683293668430519e-15,2.188673237590854e-15,5.481244541739145e-24,-1.0,0.0
1093.2588801383972,2815.0,1467.888888888889,14.777777777777779,154.77777777777777,3.3333333333333335,1.6984339860452261e-12,5.481244541739145e-24,6.366462912410498e-12,-1.0,7.822392561075077e-16,1.0683293668430519e-15,2.188673237590854e-15,5.481244541739145e-24,-1.0,0.0
1098.504809141159,2828.0,1480.888888888889,14.777777777777779,154.77777777777777,3.3333333333333335,1.6984339860452261e-12,5.481244541739145e-24,6.366462912410498e-12,-1.0,7.822392561075077e-16,1.0683293668430519e-15,2.188673237590854e-15,5.481244541739145e-24,-1.0,0.0
1103.6347570419312,2841.0,1493.888888888889,14.777777777777779,154.77777777777777,3.3333333333333335,1.6984339860452261e-12,5.481244541739145e-24,6.366462912410498e-12,-1.0,7.822392561075077e-16,1.0683293668430519e-15,2.188673237590854e-15,5.481244541739145e-24,-1.0,0.0
1108.7266120910645,2854.0,1506.888888888889,14.777777777777779,154.77777777777777,3.3333333333333335,1.6984339860452261e-12,5.481244541739145e-24,6.366462912410498e-12,-1.0,7.822392561075077e-16,1.0683293668430519e-15,2.188673237590854e-15,5.481244541739145e-24,-1.0,0.0
1113.939460992813,2867.0,1519.888888888889,14.777777777777779,154.77777777777777,3.3333333333333335,1.6984339860452261e-12,5.481244541739145e-24,6.366462912410498e-12,-1.0,7.822392561075077e-16,1.0683293668430519e-15,2.188673237590854e-15,5.481244541739145e-24,-1.0,0.0
1119.0534660816193,2880.0,1532.888888888889,14.777777777777779,154.77777777777777,3.3333333333333335,1.6984339860452261e-12,5.481244541739145e-24,6.366462912410498e-12,-1.0,7.822392561075077e-16,1.0683293668430519e-15,2.188673237590854e-15,5.481244541739145e-24,-1.0,0.0
1124.1637961864471,2893.0,1538.388888888889,14.777777777777779,154.77777777777777,3.3333333333333335,1.6567488122139669e-12,5.481244541739145e-24,6.366462912410498e-12,-1.0,7.733238997586466e-16,1.0683293668430519e-15,2.188673237590854e-15,5.481244541739145e-24,-1.0,0.0
1129.254317998886,2906.0,1551.388888888889,14.777777777777779,154.77777777777777,3.3333333333333335,1.6567488122139669e-12,5.481244541739145e-24,6.366462912410498e-12,-1.0,7.733238997586466e-16,1.0683293668430519e-15,2.188673237590854e-15,5.481244541739145e-24,-1.0,0.0
1134.4529101848602,2919.0,1564.388888888889,14.777777777777779,154.77777777777777,3.3333333333333335,1.6567488122139669e-12,5.481244541739145e-24,6.366462912410498e-12,-1.0,7.733238997586466e-16,1.0683293668430519e-15,2.188673237590854e-15,5.481244541739145e-24,-1.0,0.0
1139.606350183487,2932.0,1577.388888888889,14.777777777777779,154.77777777777777,3.3333333333333335,1.6567488122139669e-12,5.481244541739145e-24,6.366462912410498e-12,-1.0,7.733238997586466e-16,1.0683293668430519e-15,2.188673237590854e-15,5.481244541739145e-24,-1.0,0.0
1144.7694871425629,2945.0,1590.388888888889,14.777777777777779,154.77777777777777,3.3333333333333335,1.6567488122139669e-12,5.481244541739145e-24,6.366462912410498e-12,-1.0,7.733238997586466e-16,1.0683293668430519e-15,2.188673237590854e-15,5.481244541739145e-24,-1.0,0.0
1149.9743161201477,2958.0,1603.388888888889,14.777777777777779,154.77777777777777,3.3333333333333335,1.6567488122139669e-12,5.481244541739145e-24,6.366462912410498e-12,-1.0,7.733238997586466e-16,1.0683293668430519e-15,2.188673237590854e-15,5.481244541739145e-24,-1.0,0.0
1155.113811969757,2971.0,1616.388888888889,14.777777777777779,154.77777777777777,3.3333333333333335,1.6567488122139669e-12,5.481244541739145e-24,6.366462912410498e-12,-1.0,7.733238997586466e-16,1.0683293668430519e-15,2.188673237590854e-15,5.481244541739145e-24,-1.0,0.0
1160.2080371379852,2984.0,1629.388888888889,14.777777777777779,154.77777777777777,3.3333333333333335,1.6567488122139669e-12,5.481244541739145e-24,6.366462912410498e-12,-1.0,7.733238997586466e-16,1.0683293668430519e-15,2.188673237590854e-15,5.481244541739145e-24,-1.0,0.0
1165.3072650432587,2997.0,1642.388888888889,14.777777777777779,154.77777777777777,3.3333333333333335,1.6567488122139669e-12,5.481244541739145e-24,6.366462912410498e-12,-1.0,7.733238997586466e-16,1.0683293668430519e-15,2.188673237590854e-15,5.481244541739145e-24,-1.0,0.0
1170.4879620075226,3010.0,1655.388888888889,14.777777777777779,154.77777777777777,3.3333333333333335,1.6567488122139669e-12,5.481244541739145e-24,6.366462912410498e-12,-1.0,7.733238997586466e-16,1.0683293668430519e-15,2.188673237590854e-15,5.481244541739145e-24,-1.0,0.0
1175.6541061401367,3023.0,1668.388888888889,14.777777777777779,154.77777777777777,3.3333333333333335,1.6567488122139669e-12,5.481244541739145e-24,6.366462912410498e-12,-1.0,7.733238997586466e-16,1.0683293668430519e-15,2.188673237590854e-15,5.481244541739145e-24,-1.0,0.0
1180.7406120300293,3036.0,1681.388888888889,14.777777777777779,154.77777777777777,3.3333333333333335,1.6567488122139669e-12,5.481244541739145e-24,6.366462912410498e-12,-1.0,7.733238997586466e-16,1.0683293668430519e-15,2.188673237590854e-15,5.481244541739145e-24,-1.0,0.0
1185.9374461174011,3049.0,1694.388888888889,14.777777777777779,154.77777777777777,3.3333333333333335,1.6567488122139669e-12,5.481244541739145e-24,6.366462912410498e-12,-1.0,7.733238997586466e-16,1.0683293668430519e-15,2.188673237590854e-15,5.481244541739145e-24,-1.0,0.0
1191.1467361450195,3062.0,1707.388888888889,14.777777777777779,154.77777777777777,3.3333333333333335,1.6567488122139669e-12,5.481244541739145e-24,6.366462912410498e-12,-1.0,7.733238997586466e-16,1.0683293668430519e-15,2.188673237590854e-15,5.481244541739145e-24,-1.0,0.0
1196.2858111858368,3075.0,1720.388888888889,14.777777777777779,154.77777777777777,3.3333333333333335,1.6567488122139669e-12,5.481244541739145e-24,6.366462912410498e-12,-1.0,7.733238997586466e-16,1.0683293668430519e-15,2.188673237590854e-15,5.481244541739145e-24,-1.0,0.0
1201.4678001403809,3088.0,1733.388888888889,14.777777777777779,154.77777777777777,3.3333333333333335,1.6567488122139669e-12,5.481244541739145e-24,6.366462912410498e-12,-1.0,7.733238997586466e-16,1.0683293668430519e-15,2.188673237590854e-15,5.481244541739145e-24,-1.0,0.0
1206.7780101299286,3101.0,1746.388888888889,14.777777777777779,154.77777777777777,3.3333333333333335,1.6567488122139669e-12,5.481244541739145e-24,6.366462912410498e-12,-1.0,7.733238997586466e-16,1.0683293668430519e-15,2.188673237590854e-15,5.481244541739145e-24,-1.0,0.0
1212.0032081604004,3114.0,1759.388888888889,14.777777777777779,154.77777777777777,3.3333333333333335,1.6567488122139669e-12,5.481244541739145e-24,6.366462912410498e-12,-1.0,7.733238997586466e-16,1.0683293668430519e-15,2.188673237590854e-15,5.481244541739145e-24,-1.0,0.0
1217.2009320259094,3127.0,1772.388888888889,14.777777777777779,154.77777777777777,3.3333333333333335,1.6567488122139669e-12,5.481244541739145e-24,6.366462912410498e-12,-1.0,7.733238997586466e-16,1.0683293668430519e-15,2.188673237590854e-15,5.481244541739145e-24,-1.0,0.0
1222.4266440868378,3140.0,1785.388888888889,14.777777777777779,154.77777777777777,3.3333333333333335,1.6567488122139669e-12,5.481244541739145e-24,6.366462912410498e-12,-1.0,7.733238997586466e-16,1.0683293668430519e-15,2.188673237590854e-15,5.481244541739145e-24,-1.0,0.0
1227.6559171676636,3153.0,1798.388888888889,14.777777777777779,154.77777777777777,3.3333333333333335,1.6567488122139669e-12,5.481244541739145e-24,6.366462912410498e-12,-1.0,7.733238997586466e-16,1.0683293668430519e-15,2.188673237590854e-15,5.481244541739145e-24,-1.0,0.0
1232.8536891937256,3166.0,1811.388888888889,14.777777777777779,154.77777777777777,3.3333333333333335,1.6567488122139669e-12,5.481244541739145e-24,6.366462912410498e-12,-1.0,7.733238997586466e-16,1.0683293668430519e-15,2.188673237590854e-15,5.481244541739145e-24,-1.0,0.0
1238.0458641052246,3179.0,1824.388888888889,14.777777777777779,154.77777777777777,3.3333333333333335,1.6567488122139669e-12,5.481244541739145e-24,6.366462912410498e-12,-1.0,7.733238997586466e-16,1.0683293668430519e-15,2.188673237590854e-15,5.481244541739145e-24,-1.0,0.0
1243.184154033661,3192.0,1837.388888888889,14.777777777777779,154.77777777777777,3.3333333333333335,1.6567488122139669e-12,5.481244541739145e-24,6.366462912410498e-12,-1.0,7.733238997586466e-16,1.0683293668430519e-15,2.188673237590854e-15,5.481244541739145e-24,-1.0,0.0
1248.33220911026,3205.0,1850.388888888889,14.777777777777779,154.77777777777777,3.3333333333333335,1.6567488122139669e-12,5.481244541739145e-24,6.366462912410498e-12,-1.0,7.733238997586466e-16,1.0683293668430519e-15,2.188673237590854e-15,5.481244541739145e-24,-1.0,0.0
1253.5634350776672,3218.0,1863.388888888889,14.777777777777779,154.77777777777777,3.3333333333333335,1.6567488122139669e-12,5.481244541739145e-24,6.366462912410498e-12,-1.0,7.733238997586466e-16,1.0683293668430519e-15,2.188673237590854e-15,5.481244541739145e-24,-1.0,0.0
1258.6983561515808,3231.0,1876.388888888889,14.777777777777779,154.77777777777777,3.3333333333333335,1.6567488122139669e-12,5.481244541739145e-24,6.366462912410498e-12,-1.0,7.733238997586466e-16,1.0683293668430519e-15,2.188673237590854e-15,5.481244541739145e-24,-1.0,0.0
1263.9529271125793,3244.0,1889.388888888889,14.777777777777779,154.77777777777777,3.3333333333333335,1.6567488122139669e-12,5.481244541739145e-24,6.366462912410498e-12,-1.0,7.733238997586466e-16,1.0683293668430519e-15,2.188673237590854e-15,5.481244541739145e-24,-1.0,0.0
1269.1143200397491,3257.0,1902.388888888889,14.777777777777779,154.77777777777777,3.3333333333333335,1.6567488122139669e-12,5.481244541739145e-24,6.366462912410498e-12,-1.0,7.733238997586466e-16,1.0683293668430519e-15,2.188673237590854e-15,5.481244541739145e-24,-1.0,0.0
1274.2905399799347,3270.0,1915.388888888889,14.777777777777779,154.77777777777777,3.3333333333333335,1.6567488122139669e-12,5.481244541739145e-24,6.366462912410498e-12,-1.0,7.733238997586466e-16,1.0683293668430519e-15,2.188673237590854e-15,5.481244541739145e-24,-1.0,0.0
1279.4519350528717,3283.0,1876.0,14.117647058823529,120.29411764705883,3.235294117647059,1.6567488122139669e-12,5.481244541739145e-24,6.366462912410498e-12,-1.0,7.733238997586466e-16,1.095961368071001e-15,2.188673237590854e-15,5.481244541739145e-24,-1.0,0.0
1284.6710619926453,3296.0,1889.0,14.117647058823529,120.29411764705883,3.235294117647059,1.6567488122139669e-12,5.481244541739145e-24,6.366462912410498e-12,-1.0,7.733238997586466e-16,1.095961368071001e-15,2.188673237590854e-15,5.481244541739145e-24,-1.0,0.0
1289.843080997467,3309.0,1828.6470588235295,14.117647058823529,120.29411764705883,3.235294117647059,1.6567488122139669e-12,5.481244541739145e-24,6.366462912410498e-12,-1.0,7.733238997586466e-16,1.095961368071001e-15,2.188673237590854e-15,5.481244541739145e-24,-1.0,0.0
1295.0741209983826,3322.0,1841.6470588235295,14.117647058823529,120.29411764705883,3.235294117647059,1.6567488122139669e-12,5.481244541739145e-24,6.366462912410498e-12,-1.0,7.733238997586466e-16,1.095961368071001e-15,2.188673237590854e-15,5.481244541739145e-24,-1.0,0.0
1300.2725820541382,3335.0,1854.6470588235295,14.117647058823529,120.29411764705883,3.235294117647059,1.6567488122139669e-12,5.481244541739145e-24,6.366462912410498e-12,-1.0,7.733238997586466e-16,1.095961368071001e-15,2.188673237590854e-15,5.481244541739145e-24,-1.0,0.0
1305.5562841892242,3348.0,1867.6470588235295,14.117647058823529,120.29411764705883,3.235294117647059,1.6567488122139669e-12,5.481244541739145e-24,6.366462912410498e-12,-1.0,7.733238997586466e-16,1.095961368071001e-15,2.188673237590854e-15,5.481244541739145e-24,-1.0,0.0
1310.7156100273132,3361.0,1727.6470588235295,14.117647058823529,120.29411764705883,3.235294117647059,1.6567488122139669e-12,5.481244541739145e-24,6.366462912410498e-12,-1.0,7.733238997586466e-16,1.095961368071001e-15,2.188673237590854e-15,5.481244541739145e-24,-1.0,0.0
1315.895434141159,3374.0,1740.6470588235295,14.117647058823529,120.29411764705883,3.235294117647059,1.6567488122139669e-12,5.481244541739145e-24,6.366462912410498e-12,-1.0,7.733238997586466e-16,1.095961368071001e-15,2.188673237590854e-15,5.481244541739145e-24,-1.0,0.0
1321.078117132187,3387.0,1753.6470588235295,14.117647058823529,120.29411764705883,3.235294117647059,1.6567488122139669e-12,5.481244541739145e-24,6.366462912410498e-12,-1.0,7.733238997586466e-16,1.095961368071001e-15,2.188673237590854e-15,5.481244541739145e-24,-1.0,0.0
1326.3278741836548,3400.0,1766.6470588235295,14.117647058823529,120.29411764705883,3.235294117647059,1.6567488122139669e-12,5.481244541739145e-24,6.366462912410498e-12,-1.0,7.733238997586466e-16,1.095961368071001e-15,2.188673237590854e-15,5.481244541739145e-24,-1.0,0.0
1331.5560879707336,3413.0,1779.6470588235295,14.117647058823529,120.29411764705883,3.235294117647059,1.6567488122139669e-12,5.481244541739145e-24,6.366462912410498e-12,-1.0,7.733238997586466e-16,1.095961368071001e-15,2.188673237590854e-15,5.481244541739145e-24,-1.0,0.0
1336.7344431877136,3426.0,1792.6470588235295,14.117647058823529,120.29411764705883,3.235294117647059,1.6567488122139669e-12,5.481244541739145e-24,6.366462912410498e-12,-1.0,7.733238997586466e-16,1.095961368071001e-15,2.188673237590854e-15,5.481244541739145e-24,-1.0,0.0
1341.897940158844,3439.0,1805.6470588235295,14.117647058823529,120.29411764705883,3.235294117647059,1.6567488122139669e-12,5.481244541739145e-24,6.366462912410498e-12,-1.0,7.733238997586466e-16,1.095961368071001e-15,2.188673237590854e-15,5.481244541739145e-24,-1.0,0.0
1347.1717159748077,3452.0,1818.6470588235295,14.117647058823529,120.29411764705883,3.235294117647059,1.6567488122139669e-12,5.481244541739145e-24,6.366462912410498e-12,-1.0,7.733238997586466e-16,1.095961368071001e-15,2.188673237590854e-15,5.481244541739145e-24,-1.0,0.0
1352.353077173233,3465.0,1831.6470588235295,14.117647058823529,120.29411764705883,3.235294117647059,1.6567488122139669e-12,5.481244541739145e-24,6.366462912410498e-12,-1.0,7.733238997586466e-16,1.095961368071001e-15,2.188673237590854e-15,5.481244541739145e-24,-1.0,0.0
1357.490441083908,3478.0,1844.6470588235295,14.117647058823529,120.29411764705883,3.235294117647059,1.6567488122139669e-12,5.481244541739145e-24,6.366462912410498e-12,-1.0,7.733238997586466e-16,1.095961368071001e-15,2.188673237590854e-15,5.481244541739145e-24,-1.0,0.0
1362.6864671707153,3491.0,1857.6470588235295,14.117647058823529,120.29411764705883,3.235294117647059,1.6567488122139669e-12,5.481244541739145e-24,6.366462912410498e-12,-1.0,7.733238997586466e-16,1.095961368071001e-15,2.188673237590854e-15,5.481244541739145e-24,-1.0,0.0
1367.8737301826477,3504.0,1870.6470588235295,14.117647058823529,120.29411764705883,3.235294117647059,1.6567488122139669e-12,5.481244541739145e-24,6.366462912410498e-12,-1.0,7.733238997586466e-16,1.095961368071001e-15,2.188673237590854e-15,5.481244541739145e-24,-1.0,0.0
1373.016517162323,3517.0,1883.6470588235295,14.117647058823529,120.29411764705883,3.235294117647059,1.6567488122139669e-12,5.481244541739145e-24,6.366462912410498e-12,-1.0,7.733238997586466e-16,1.095961368071001e-15,2.188673237590854e-15,5.481244541739145e-24,-1.0,0.0
1378.194951057434,3530.0,1896.6470588235295,14.117647058823529,120.29411764705883,3.235294117647059,1.6567488122139669e-12,5.481244541739145e-24,6.366462912410498e-12,-1.0,7.733238997586466e-16,1.095961368071001e-15,2.188673237590854e-15,5.481244541739145e-24,-1.0,0.0
1383.371532201767,3543.0,1909.6470588235295,14.117647058823529,120.29411764705883,3.235294117647059,1.6567488122139669e-12,5.481244541739145e-24,6.366462912410498e-12,-1.0,7.733238997586466e-16,1.095961368071001e-15,2.188673237590854e-15,5.481244541739145e-24,-1.0,0.0
1388.5580801963806,3556.0,1922.6470588235295,14.117647058823529,120.29411764705883,3.235294117647059,1.6567488122139669e-12,5.481244541739145e-24,6.366462912410498e-12,-1.0,7.733238997586466e-16,1.095961368071001e-15,2.188673237590854e-15,5.481244541739145e-24,-1.0,0.0
1393.7912311553955,3569.0,1935.6470588235295,14.117647058823529,120.29411764705883,3.235294117647059,1.6567488122139669e-12,5.481244541739145e-24,6.366462912410498e-12,-1.0,7.733238997586466e-16,1.095961368071001e-15,2.188673237590854e-15,5.481244541739145e-24,-1.0,0.0
1398.930037021637,3582.0,1948.6470588235295,14.117647058823529,120.29411764705883,3.235294117647059,1.6567488122139669e-12,5.481244541739145e-24,6.366462912410498e-12,-1.0,7.733238997586466e-16,1.095961368071001e-15,2.188673237590854e-15,5.481244541739145e-24,-1.0,0.0
1404.116660118103,3595.0,1961.6470588235295,14.117647058823529,120.29411764705883,3.235294117647059,1.6567488122139669e-12,5.481244541739145e-24,6.366462912410498e-12,-1.0,7.733238997586466e-16,1.095961368071001e-15,2.188673237590854e-15,5.481244541739145e-24,-1.0,0.0
1409.3771409988403,3608.0,1932.8235294117646,14.117647058823529,120.41176470588235,3.235294117647059,1.7060131085600005e-12,5.481244541739145e-24,6.366462912410498e-12,-1.0,7.822392561075077e-16,1.095961368071001e-15,2.1074073243005543e-15,5.481244541739145e-24,-1.0,0.0
1414.5904111862183,3621.0,1945.8235294117646,14.117647058823529,120.41176470588235,3.235294117647059,1.7060131085600005e-12,5.481244541739145e-24,6.366462912410498e-12,-1.0,7.822392561075077e-16,1.095961368071001e-15,2.1074073243005543e-15,5.481244541739145e-24,-1.0,0.0
1419.8514699935913,3634.0,1958.8235294117646,14.117647058823529,120.41176470588235,3.235294117647059,1.7060131085600005e-12,5.481244541739145e-24,6.366462912410498e-12,-1.0,7.822392561075077e-16,1.095961368071001e-15,2.1074073243005543e-15,5.481244541739145e-24,-1.0,0.0
1425.0593671798706,3647.0,1971.8235294117646,14.117647058823529,120.41176470588235,3.235294117647059,1.7060131085600005e-12,5.481244541739145e-24,6.366462912410498e-12,-1.0,7.822392561075077e-16,1.095961368071001e-15,2.1074073243005543e-15,5.481244541739145e-24,-1.0,0.0
1430.2223579883575,3660.0,1984.8235294117646,14.117647058823529,120.41176470588235,3.235294117647059,1.7060131085600005e-12,5.481244541739145e-24,6.366462912410498e-12,-1.0,7.822392561075077e-16,1.095961368071001e-15,2.1074073243005543e-15,5.481244541739145e-24,-1.0,0.0
1435.401288986206,3673.0,1997.8235294117646,14.117647058823529,120.41176470588235,3.235294117647059,1.7060131085600005e-12,5.481244541739145e-24,6.366462912410498e-12,-1.0,7.822392561075077e-16,1.095961368071001e-15,2.1074073243005543e-15,5.481244541739145e-24,-1.0,0.0
1440.592308998108,3686.0,2010.8235294117646,14.117647058823529,120.41176470588235,3.235294117647059,1.7060131085600005e-12,5.481244541739145e-24,6.366462912410498e-12,-1.0,7.822392561075077e-16,1.095961368071001e-15,2.1074073243005543e-15,5.481244541739145e-24,-1.0,0.0
1445.8135721683502,3699.0,2023.8235294117646,14.117647058823529,120.41176470588235,3.235294117647059,1.7060131085600005e-12,5.481244541739145e-24,6.366462912410498e-12,-1.0,7.822392561075077e-16,1.095961368071001e-15,2.1074073243005543e-15,5.481244541739145e-24,-1.0,0.0
1451.0285561084747,3712.0,2036.8235294117646,14.117647058823529,120.41176470588235,3.235294117647059,1.7060131085600005e-12,5.481244541739145e-24,6.366462912410498e-12,-1.0,7.822392561075077e-16,1.095961368071001e-15,2.1074073243005543e-15,5.481244541739145e-24,-1.0,0.0
1456.262510061264,3725.0,2049.823529411765,14.117647058823529,120.41176470588235,3.235294117647059,1.7060131085600005e-12,5.481244541739145e-24,6.366462912410498e-12,-1.0,7.822392561075077e-16,1.095961368071001e-15,2.1074073243005543e-15,5.481244541739145e-24,-1.0,0.0
1461.4996371269226,3738.0,2062.823529411765,14.117647058823529,120.41176470588235,3.235294117647059,1.7060131085600005e-12,5.481244541739145e-24,6.366462912410498e-12,-1.0,7.822392561075077e-16,1.095961368071001e-15,2.1074073243005543e-15,5.481244541739145e-24,-1.0,0.0
1466.8365271091461,3751.0,2075.823529411765,14.117647058823529,120.41176470588235,3.235294117647059,1.7060131085600005e-12,5.481244541739145e-24,6.366462912410498e-12,-1.0,7.822392561075077e-16,1.095961368071001e-15,2.1074073243005543e-15,5.481244541739145e-24,-1.0,0.0
1472.0413739681244,3764.0,2088.823529411765,14.117647058823529,120.41176470588235,3.235294117647059,1.7060131085600005e-12,5.481244541739145e-24,6.366462912410498e-12,-1.0,7.822392561075077e-16,1.095961368071001e-15,2.1074073243005543e-15,5.481244541739145e-24,-1.0,0.0
1477.3277690410614,3777.0,2101.823529411765,14.117647058823529,120.41176470588235,3.235294117647059,1.7060131085600005e-12,5.481244541739145e-24,6.366462912410498e-12,-1.0,7.822392561075077e-16,1.095961368071001e-15,2.1074073243005543e-15,5.481244541739145e-24,-1.0,0.0
1482.5172791481018,3790.0,2114.823529411765,14.117647058823529,120.41176470588235,3.235294117647059,1.7060131085600005e-12,5.481244541739145e-24,6.366462912410498e-12,-1.0,7.822392561075077e-16,1.095961368071001e-15,2.1074073243005543e-15,5.481244541739145e-24,-1.0,0.0
1487.711569070816,3803.0,2127.823529411765,14.117647058823529,120.41176470588235,3.235294117647059,1.7060131085600005e-12,5.481244541739145e-24,6.366462912410498e-12,-1.0,7.822392561075077e-16,1.095961368071001e-15,2.1074073243005543e-15,5.481244541739145e-24,-1.0,0.0
1492.934245109558,3816.0,2140.823529411765,14.117647058823529,120.41176470588235,3.235294117647059,1.7060131085600005e-12,5.481244541739145e-24,6.366462912410498e-12,-1.0,7.822392561075077e-16,1.095961368071001e-15,2.1074073243005543e-15,5.481244541739145e-24,-1.0,0.0
1498.239550113678,3829.0,2153.823529411765,14.117647058823529,120.41176470588235,3.235294117647059,1.7060131085600005e-12,5.481244541739145e-24,6.366462912410498e-12,-1.0,7.822392561075077e-16,1.095961368071001e-15,2.1074073243005543e-15,5.481244541739145e-24,-1.0,0.0
1503.4347109794617,3842.0,2166.823529411765,14.117647058823529,120.41176470588235,3.235294117647059,1.7060131085600005e-12,5.481244541739145e-24,6.366462912410498e-12,-1.0,7.822392561075077e-16,1.095961368071001e-15,2.1074073243005543e-15,5.481244541739145e-24,-1.0,0.0
1508.675770998001,3855.0,2059.277777777778,14.88888888888889,142.11111111111111,3.388888888888889,1.6832757410156774e-12,5.481244541739145e-24,6.366462912410498e-12,-1.0,7.822392561075077e-16,1.095961368071001e-15,2.1074073243005543e-15,5.481244541739145e-24,-1.0,1.0
1513.8863751888275,3868.0,2072.277777777778,14.88888888888889,142.11111111111111,3.388888888888889,1.6832757410156774e-12,5.481244541739145e-24,6.366462912410498e-12,-1.0,7.822392561075077e-16,1.095961368071001e-15,2.1074073243005543e-15,5.481244541739145e-24,-1.0,1.0
1519.1275901794434,3881.0,2085.277777777778,14.88888888888889,142.11111111111111,3.388888888888889,1.6832757410156774e-12,5.481244541739145e-24,6.366462912410498e-12,-1.0,7.822392561075077e-16,1.095961368071001e-15,2.1074073243005543e-15,5.481244541739145e-24,-1.0,1.0
1524.389904975891,3894.0,2098.277777777778,14.88888888888889,142.11111111111111,3.388888888888889,1.6832757410156774e-12,5.481244541739145e-24,6.366462912410498e-12,-1.0,7.822392561075077e-16,1.095961368071001e-15,2.1074073243005543e-15,5.481244541739145e-24,-1.0,1.0
1529.6291370391846,3907.0,2111.277777777778,14.88888888888889,142.11111111111111,3.388888888888889,1.6832757410156774e-12,5.481244541739145e-24,6.366462912410498e-12,-1.0,7.822392561075077e-16,1.095961368071001e-15,2.1074073243005543e-15,5.481244541739145e-24,-1.0,1.0
1534.9479570388794,3920.0,2124.277777777778,14.88888888888889,142.11111111111111,3.388888888888889,1.6832757410156774e-12,5.481244541739145e-24,6.366462912410498e-12,-1.0,7.822392561075077e-16,1.095961368071001e-15,2.1074073243005543e-15,5.481244541739145e-24,-1.0,1.0
1540.1955840587616,3933.0,2137.277777777778,14.88888888888889,142.11111111111111,3.388888888888889,1.6832757410156774e-12,5.481244541739145e-24,6.366462912410498e-12,-1.0,7.822392561075077e-16,1.095961368071001e-15,2.1074073243005543e-15,5.481244541739145e-24,-1.0,1.0
1545.4976229667664,3946.0,2150.277777777778,14.88888888888889,142.11111111111111,3.388888888888889,1.6832757410156774e-12,5.481244541739145e-24,6.366462912410498e-12,-1.0,7.822392561075077e-16,1.095961368071001e-15,2.1074073243005543e-15,5.481244541739145e-24,-1.0,1.0
1550.8321421146393,3959.0,2163.277777777778,14.88888888888889,142.11111111111111,3.388888888888889,1.6832757410156774e-12,5.481244541739145e-24,6.366462912410498e-12,-1.0,7.822392561075077e-16,1.095961368071001e-15,2.1074073243005543e-15,5.481244541739145e-24,-1.0,1.0
1556.0851881504059,3972.0,2176.277777777778,14.88888888888889,142.11111111111111,3.388888888888889,1.6832757410156774e-12,5.481244541739145e-24,6.366462912410498e-12,-1.0,7.822392561075077e-16,1.095961368071001e-15,2.1074073243005543e-15,5.481244541739145e-24,-1.0,1.0
1561.4069690704346,3985.0,2107.1111111111113,14.88888888888889,142.11111111111111,3.388888888888889,1.6832757410156774e-12,5.481244541739145e-24,6.366462912410498e-12,-1.0,7.822392561075077e-16,1.095961368071001e-15,2.1074073243005543e-15,5.481244541739145e-24,-1.0,1.0
1566.6127820014954,3998.0,2120.1111111111113,14.88888888888889,142.11111111111111,3.388888888888889,1.6832757410156774e-12,5.481244541739145e-24,6.366462912410498e-12,-1.0,7.822392561075077e-16,1.095961368071001e-15,2.1074073243005543e-15,5.481244541739145e-24,-1.0,1.0
1571.7730050086975,4011.0,2133.1111111111113,14.88888888888889,142.11111111111111,3.388888888888889,1.6832757410156774e-12,5.481244541739145e-24,6.366462912410498e-12,-1.0,7.822392561075077e-16,1.095961368071001e-15,2.1074073243005543e-15,5.481244541739145e-24,-1.0,1.0
1576.9808421134949,4024.0,2146.1111111111113,14.88888888888889,142.11111111111111,3.388888888888889,1.6832757410156774e-12,5.481244541739145e-24,6.366462912410498e-12,-1.0,7.822392561075077e-16,1.095961368071001e-15,2.1074073243005543e-15,5.481244541739145e-24,-1.0,1.0
1582.2489910125732,4037.0,2159.1111111111113,14.88888888888889,142.11111111111111,3.388888888888889,1.6832757410156774e-12,5.481244541739145e-24,6.366462912410498e-12,-1.0,7.822392561075077e-16,1.095961368071001e-15,2.1074073243005543e-15,5.481244541739145e-24,-1.0,1.0
1587.5255281925201,4050.0,2172.1111111111113,14.88888888888889,142.11111111111111,3.388888888888889,1.6832757410156774e-12,5.481244541739145e-24,6.366462912410498e-12,-1.0,7.822392561075077e-16,1.095961368071001e-15,2.1074073243005543e-15,5.481244541739145e-24,-1.0,1.0
1592.7305841445923,4063.0,2185.1111111111113,14.88888888888889,142.11111111111111,3.388888888888889,1.6832757410156774e-12,5.481244541739145e-24,6.366462912410498e-12,-1.0,7.822392561075077e-16,1.095961368071001e-15,2.1074073243005543e-15,5.481244541739145e-24,-1.0,1.0
1597.9781510829926,4076.0,2198.1111111111113,14.88888888888889,142.11111111111111,3.388888888888889,1.6832757410156774e-12,5.481244541739145e-24,6.366462912410498e-12,-1.0,7.822392561075077e-16,1.095961368071001e-15,2.1074073243005543e-15,5.481244541739145e-24,-1.0,1.0
1603.2364959716797,4089.0,2166.5555555555557,14.88888888888889,142.11111111111111,3.388888888888889,1.6645647823073281e-12,5.481244541739145e-24,6.366462912410498e-12,-1.0,7.822392561075077e-16,1.103626202946622e-15,2.1074073243005543e-15,5.481244541739145e-24,-1.0,1.0
1608.5523121356964,4102.0,2179.5555555555557,14.88888888888889,142.11111111111111,3.388888888888889,1.6645647823073281e-12,5.481244541739145e-24,6.366462912410498e-12,-1.0,7.822392561075077e-16,1.103626202946622e-15,2.1074073243005543e-15,5.481244541739145e-24,-1.0,1.0
1613.759297132492,4115.0,2192.5555555555557,14.88888888888889,142.11111111111111,3.388888888888889,1.6645647823073281e-12,5.481244541739145e-24,6.366462912410498e-12,-1.0,7.822392561075077e-16,1.103626202946622e-15,2.1074073243005543e-15,5.481244541739145e-24,-1.0,1.0
1618.9331231117249,4128.0,2205.5555555555557,14.88888888888889,142.11111111111111,3.388888888888889,1.6645647823073281e-12,5.481244541739145e-24,6.366462912410498e-12,-1.0,7.822392561075077e-16,1.103626202946622e-15,2.1074073243005543e-15,5.481244541739145e-24,-1.0,1.0
1624.2863030433655,4141.0,2218.5555555555557,14.88888888888889,142.11111111111111,3.388888888888889,1.6645647823073281e-12,5.481244541739145e-24,6.366462912410498e-12,-1.0,7.822392561075077e-16,1.103626202946622e-15,2.1074073243005543e-15,5.481244541739145e-24,-1.0,1.0
1629.480581998825,4154.0,2231.5555555555557,14.88888888888889,142.11111111111111,3.388888888888889,1.6645647823073281e-12,5.481244541739145e-24,6.366462912410498e-12,-1.0,7.822392561075077e-16,1.103626202946622e-15,2.1074073243005543e-15,5.481244541739145e-24,-1.0,1.0
1634.708034992218,4167.0,2244.5555555555557,14.88888888888889,142.11111111111111,3.388888888888889,1.6645647823073281e-12,5.481244541739145e-24,6.366462912410498e-12,-1.0,7.822392561075077e-16,1.103626202946622e-15,2.1074073243005543e-15,5.481244541739145e-24,-1.0,1.0
1639.974198102951,4180.0,2257.5555555555557,14.88888888888889,142.11111111111111,3.388888888888889,1.6645647823073281e-12,5.481244541739145e-24,6.366462912410498e-12,-1.0,7.822392561075077e-16,1.103626202946622e-15,2.1074073243005543e-15,5.481244541739145e-24,-1.0,1.0
1645.2570371627808,4193.0,2270.5555555555557,14.88888888888889,142.11111111111111,3.388888888888889,1.6645647823073281e-12,5.481244541739145e-24,6.366462912410498e-12,-1.0,7.822392561075077e-16,1.103626202946622e-15,2.1074073243005543e-15,5.481244541739145e-24,-1.0,1.0
1650.5450110435486,4206.0,2283.5555555555557,14.88888888888889,142.11111111111111,3.388888888888889,1.6645647823073281e-12,5.481244541739145e-24,6.366462912410498e-12,-1.0,7.822392561075077e-16,1.103626202946622e-15,2.1074073243005543e-15,5.481244541739145e-24,-1.0,1.0
1655.7923510074615,4219.0,2296.5555555555557,14.88888888888889,142.11111111111111,3.388888888888889,1.6645647823073281e-12,5.481244541739145e-24,6.366462912410498e-12,-1.0,7.822392561075077e-16,1.103626202946622e-15,2.1074073243005543e-15,5.481244541739145e-24,-1.0,1.0
1661.093003988266,4232.0,2309.5555555555557,14.88888888888889,142.11111111111111,3.388888888888889,1.6645647823073281e-12,5.481244541739145e-24,6.366462912410498e-12,-1.0,7.822392561075077e-16,1.103626202946622e-15,2.1074073243005543e-15,5.481244541739145e-24,-1.0,1.0
1666.4104001522064,4245.0,2322.5555555555557,14.88888888888889,142.11111111111111,3.388888888888889,1.6645647823073281e-12,5.481244541739145e-24,6.366462912410498e-12,-1.0,7.822392561075077e-16,1.103626202946622e-15,2.1074073243005543e-15,5.481244541739145e-24,-1.0,1.0
1671.7001671791077,4258.0,2335.5555555555557,14.88888888888889,142.11111111111111,3.388888888888889,1.6645647823073281e-12,5.481244541739145e-24,6.366462912410498e-12,-1.0,7.822392561075077e-16,1.103626202946622e-15,2.1074073243005543e-15,5.481244541739145e-24,-1.0,1.0
1677.006194114685,4271.0,2348.5555555555557,14.88888888888889,142.11111111111111,3.388888888888889,1.6645647823073281e-12,5.481244541739145e-24,6.366462912410498e-12,-1.0,7.822392561075077e-16,1.103626202946622e-15,2.1074073243005543e-15,5.481244541739145e-24,-1.0,1.0
1682.1971850395203,4284.0,2361.5555555555557,14.88888888888889,142.11111111111111,3.388888888888889,1.6645647823073281e-12,5.481244541739145e-24,6.366462912410498e-12,-1.0,7.822392561075077e-16,1.103626202946622e-15,2.1074073243005543e-15,5.481244541739145e-24,-1.0,1.0
1687.3901779651642,4297.0,2374.5555555555557,14.88888888888889,142.11111111111111,3.388888888888889,1.6645647823073281e-12,5.481244541739145e-24,6.366462912410498e-12,-1.0,7.822392561075077e-16,1.103626202946622e-15,2.1074073243005543e-15,5.481244541739145e-24,-1.0,1.0
1692.6472220420837,4310.0,2387.5555555555557,14.88888888888889,142.11111111111111,3.388888888888889,1.6645647823073281e-12,5.481244541739145e-24,6.366462912410498e-12,-1.0,7.822392561075077e-16,1.103626202946622e-15,2.1074073243005543e-15,5.481244541739145e-24,-1.0,1.0
1697.877179145813,4323.0,2400.5555555555557,14.88888888888889,142.11111111111111,3.388888888888889,1.6645647823073281e-12,5.481244541739145e-24,6.366462912410498e-12,-1.0,7.822392561075077e-16,1.103626202946622e-15,2.1074073243005543e-15,5.481244541739145e-24,-1.0,1.0
1703.168930053711,4336.0,2413.5555555555557,14.88888888888889,142.11111111111111,3.388888888888889,1.6645647823073281e-12,5.481244541739145e-24,6.366462912410498e-12,-1.0,7.822392561075077e-16,1.103626202946622e-15,2.1074073243005543e-15,5.481244541739145e-24,-1.0,1.0
1708.3889150619507,4349.0,2426.5555555555557,14.88888888888889,142.11111111111111,3.388888888888889,1.6645647823073281e-12,5.481244541739145e-24,6.366462912410498e-12,-1.0,7.822392561075077e-16,1.103626202946622e-15,2.1074073243005543e-15,5.481244541739145e-24,-1.0,1.0
1713.7096350193024,4362.0,2439.5555555555557,14.88888888888889,142.11111111111111,3.388888888888889,1.6645647823073281e-12,5.481244541739145e-24,6.366462912410498e-12,-1.0,7.822392561075077e-16,1.103626202946622e-15,2.1074073243005543e-15,5.481244541739145e-24,-1.0,1.0
1719.1301321983337,4375.0,2452.5555555555557,14.88888888888889,142.11111111111111,3.388888888888889,1.6645647823073281e-12,5.481244541739145e-24,6.366462912410498e-12,-1.0,7.822392561075077e-16,1.103626202946622e-15,2.1074073243005543e-15,5.481244541739145e-24,-1.0,1.0
1724.4103000164032,4388.0,2465.5555555555557,14.88888888888889,142.11111111111111,3.388888888888889,1.6645647823073281e-12,5.481244541739145e-24,6.366462912410498e-12,-1.0,7.822392561075077e-16,1.103626202946622e-15,2.1074073243005543e-15,5.481244541739145e-24,-1.0,1.0
1729.7365100383759,4401.0,2478.5555555555557,14.88888888888889,142.11111111111111,3.388888888888889,1.6645647823073281e-12,5.481244541739145e-24,6.366462912410498e-12,-1.0,7.822392561075077e-16,1.103626202946622e-15,2.1074073243005543e-15,5.481244541739145e-24,-1.0,1.0
1735.0109481811523,4414.0,2491.5555555555557,14.88888888888889,142.11111111111111,3.388888888888889,1.6645647823073281e-12,5.481244541739145e-24,6.366462912410498e-12,-1.0,7.822392561075077e-16,1.103626202946622e-15,2.1074073243005543e-15,5.481244541739145e-24,-1.0,1.0
1740.296931028366,4427.0,2504.5555555555557,14.88888888888889,142.11111111111111,3.388888888888889,1.6645647823073281e-12,5.481244541739145e-24,6.366462912410498e-12,-1.0,7.822392561075077e-16,1.103626202946622e-15,2.1074073243005543e-15,5.481244541739145e-24,-1.0,1.0
1745.6346170902252,4440.0,2517.5555555555557,14.88888888888889,142.11111111111111,3.388888888888889,1.6645647823073281e-12,5.481244541739145e-24,6.366462912410498e-12,-1.0,7.822392561075077e-16,1.103626202946622e-15,2.1074073243005543e-15,5.481244541739145e-24,-1.0,1.0
1750.8503620624542,4453.0,2530.5555555555557,14.88888888888889,142.11111111111111,3.388888888888889,1.6645647823073281e-12,5.481244541739145e-24,6.366462912410498e-12,-1.0,7.822392561075077e-16,1.103626202946622e-15,2.1074073243005543e-15,5.481244541739145e-24,-1.0,1.0
1756.1641490459442,4466.0,2543.5555555555557,14.88888888888889,142.11111111111111,3.388888888888889,1.6645647823073281e-12,5.481244541739145e-24,6.366462912410498e-12,-1.0,7.822392561075077e-16,1.103626202946622e-15,2.1074073243005543e-15,5.481244541739145e-24,-1.0,1.0
1761.3939480781555,4479.0,2556.5555555555557,14.88888888888889,142.11111111111111,3.388888888888889,1.6645647823073281e-12,5.481244541739145e-24,6.366462912410498e-12,-1.0,7.822392561075077e-16,1.103626202946622e-15,2.1074073243005543e-15,5.481244541739145e-24,-1.0,1.0
1766.706335067749,4492.0,2569.5555555555557,14.88888888888889,142.11111111111111,3.388888888888889,1.6645647823073281e-12,5.481244541739145e-24,6.366462912410498e-12,-1.0,7.822392561075077e-16,1.103626202946622e-15,2.1074073243005543e-15,5.481244541739145e-24,-1.0,1.0
1771.9831461906433,4505.0,2582.5555555555557,14.88888888888889,142.11111111111111,3.388888888888889,1.6645647823073281e-12,5.481244541739145e-24,6.366462912410498e-12,-1.0,7.822392561075077e-16,1.103626202946622e-15,2.1074073243005543e-15,5.481244541739145e-24,-1.0,1.0
1777.2966639995575,4518.0,2595.5555555555557,14.88888888888889,142.11111111111111,3.388888888888889,1.6645647823073281e-12,5.481244541739145e-24,6.366462912410498e-12,-1.0,7.822392561075077e-16,1.103626202946622e-15,2.1074073243005543e-15,5.481244541739145e-24,-1.0,1.0
1782.5413901805878,4531.0,2608.5555555555557,14.88888888888889,142.11111111111111,3.388888888888889,1.6645647823073281e-12,5.481244541739145e-24,6.366462912410498e-12,-1.0,7.822392561075077e-16,1.103626202946622e-15,2.1074073243005543e-15,5.481244541739145e-24,-1.0,1.0
1787.7406980991364,4544.0,2621.5555555555557,14.88888888888889,142.11111111111111,3.388888888888889,1.6645647823073281e-12,5.481244541739145e-24,6.366462912410498e-12,-1.0,7.822392561075077e-16,1.103626202946622e-15,2.1074073243005543e-15,5.481244541739145e-24,-1.0,1.0
1792.9905819892883,4557.0,2634.5555555555557,14.88888888888889,142.11111111111111,3.388888888888889,1.6645647823073281e-12,5.481244541739145e-24,6.366462912410498e-12,-1.0,7.822392561075077e-16,1.103626202946622e-15,2.1074073243005543e-15,5.481244541739145e-24,-1.0,1.0
1798.2627050876617,4570.0,2647.5555555555557,14.88888888888889,142.11111111111111,3.388888888888889,1.6645647823073281e-12,5.481244541739145e-24,6.366462912410498e-12,-1.0,7.822392561075077e-16,1.103626202946622e-15,2.1074073243005543e-15,5.481244541739145e-24,-1.0,1.0
