time_stamp,max_are,compl,dim_penalty,age,minus_spearman,valid,max_ae,q75_are,n_params,eqs_orig,minus_r2,mse,mare,ms_processed_e,recursive_compl,mae,eqs_orig_rounded
12.176581144332886,0.9834955549459308,2.0,0.0,5942.0,-0.48444444444444446,true,18.093151304133258,0.8821334730772138,0.0,log(v1),23.542678326343037,108.70515118320769,0.7514173331545594,108.70515118320769,4.0,9.93239796861349,log(v1)
67.8921411037445,0.5208988637819196,2.0,0.0,5782.0,100.0,true,5.3661249487520095,0.1889241688960665,1.0,13.0306549992041,0.0017539575193361578,4.436998030635967,0.1309270109164204,4.436998030635967,1.0,1.650608583805835,13.0
13.685441970825195,0.9367310963796854,2.0,0.0,5941.0,-0.48444444444444446,true,17.23283585050473,0.8391075570700861,0.0,sqrt_abs(v1),16.314234794386508,76.68871693294888,0.5517351197210997,76.68871693294888,4.0,7.470319229140939,sqrt_abs(v1)
12.15220308303833,2126.5231931214857,2.0,0.0,5942.0,-0.48444444444444446,true,22231.29503640848,333.34265902787484,0.0,pow2(v1),1.3490089737683319e7,5.975070583641395e7,370.71291062950564,5.975070583641395e7,4.0,4205.452986223963,pow2(v1)
12.176581144332886,0.9834955549459308,2.0,0.0,5942.0,-0.48444444444444446,true,18.093151304133258,0.8821334730772138,0.0,log(v1),23.542678326343037,108.70515118320769,0.7514173331545594,108.70515118320769,4.0,9.93239796861349,log(v1)
13.685441970825195,0.9367310963796854,2.0,0.0,5941.0,-0.48444444444444446,true,17.23283585050473,0.8391075570700861,0.0,sqrt_abs(v1),16.314234794386508,76.68871693294888,0.5517351197210997,76.68871693294888,4.0,7.470319229140939,sqrt_abs(v1)
1376.4871981143951,0.5208986369469967,2.0,0.0,1406.0,100.0,true,5.366126892213007,0.1889242152915658,1.0,13.0306530557431,0.001753880171799782,4.436997688045988,0.1309269913892716,4.436997688045988,1.0,1.6506085838058349,13.0
18.65265703201294,2126.5231931214857,2.0,0.0,5932.0,-0.48444444444444446,true,22231.29503640848,333.34265902787484,0.0,pow2(v1),1.3490089737683319e7,5.975070583641395e7,370.71291062950564,5.975070583641395e7,4.0,4205.452986223963,pow2(v1)
12.283712148666382,0.9834955549459308,2.0,0.0,5942.0,-0.48444444444444446,true,18.093151304133258,0.8821334730772138,0.0,log(v1),23.542678326343037,108.70515118320769,0.7514173331545594,108.70515118320769,4.0,9.93239796861349,log(v1)
18.65265703201294,2126.5231931214857,2.0,0.0,5932.0,-0.48444444444444446,true,22231.29503640848,333.34265902787484,0.0,pow2(v1),1.3490089737683319e7,5.975070583641395e7,370.71291062950564,5.975070583641395e7,4.0,4205.452986223963,pow2(v1)
1376.4871981143951,0.5208986369469967,2.0,0.0,1406.0,100.0,true,5.366126892213007,0.1889242152915658,1.0,13.0306530557431,0.001753880171799782,4.436997688045988,0.1309269913892716,4.436997688045988,1.0,1.6506085838058349,13.0
13.685441970825195,0.9367310963796854,2.0,0.0,5941.0,-0.48444444444444446,true,17.23283585050473,0.8391075570700861,0.0,sqrt_abs(v1),16.314234794386508,76.68871693294888,0.5517351197210997,76.68871693294888,4.0,7.470319229140939,sqrt_abs(v1)
15.19433307647705,0.9834955549459308,2.0,0.0,5940.0,-0.48444444444444446,true,18.093151304133258,0.8821334730772138,0.0,log(v1),23.542678326343037,108.70515118320769,0.7514173331545594,108.70515118320769,4.0,9.93239796861349,log(v1)
13.80204701423645,0.9367310963796854,2.0,0.0,5941.0,-0.48444444444444446,true,17.23283585050473,0.8391075570700861,0.0,sqrt_abs(v1),16.314234794386508,76.68871693294888,0.5517351197210997,76.68871693294888,4.0,7.470319229140939,sqrt_abs(v1)
67.8921411037445,0.5208988637819196,2.0,0.0,5782.0,100.0,true,5.3661249487520095,0.1889241688960665,1.0,13.0306549992041,0.0017539575193361578,4.436998030635967,0.1309270109164204,4.436998030635967,1.0,1.650608583805835,13.0
18.65265703201294,2126.5231931214857,2.0,0.0,5932.0,-0.48444444444444446,true,22231.29503640848,333.34265902787484,0.0,pow2(v1),1.3490089737683319e7,5.975070583641395e7,370.71291062950564,5.975070583641395e7,4.0,4205.452986223963,pow2(v1)
242.7331621646881,0.5212389197201923,3.0,0.0,5203.0,100.0,true,5.363211440354059,0.18885461582706295,1.0,pow2(3.61020338867522),0.0018718295979074373,4.43752011310598,0.1309562847285079,4.43752011310598,2.0,1.6506085838058344,pow2(3.61)
542.8912100791931,0.5166056243162127,3.0,0.0,4188.0,100.0,true,5.402908277110532,0.18980228319197834,1.0,exp(2.56447783637798),0.000595480493837286,4.431866870192733,0.1305574261769094,4.431866870192733,2.0,1.650608583805835,exp(2.56)
161.00417304039001,0.5196383599904415,3.0,0.0,5479.0,100.0,true,5.3769246083632325,0.1891819850295921,1.0,log(451285.447514543),0.0013504711062568564,4.435210896772623,0.1308185000893055,4.435210896772623,2.0,1.650608583805835,log(451000.0)
364.2826871871948,0.5212398924362257,3.0,0.0,4789.0,100.0,true,5.363203106383047,0.18885441687336807,1.0,pow3(2.35335731638082),0.0018721722638372906,4.4375216308519745,0.13095636846504405,4.4375216308519745,2.0,1.650608583805835,pow3(2.35)
52.63396906852722,0.5212402822047952,3.0,0.0,5832.0,100.0,true,5.36319976695011,0.18885433715236585,1.0,exp(2.56752911786299),0.0018723095793191646,4.437522239053736,0.13095640201838213,4.437522239053736,2.0,1.650608583805835,exp(2.57)
161.00417304039001,0.5196383599904415,3.0,0.0,5479.0,100.0,true,5.3769246083632325,0.1891819850295921,1.0,log(451285.447514543),0.0013504711062568564,4.435210896772623,0.1308185000893055,4.435210896772623,2.0,1.650608583805835,log(451000.0)
242.7331621646881,0.5212389197201923,3.0,0.0,5203.0,100.0,true,5.363211440354059,0.18885461582706295,1.0,pow2(3.61020338867522),0.0018718295979074373,4.43752011310598,0.1309562847285079,4.43752011310598,2.0,1.6506085838058344,pow2(3.61)
64.34839296340942,0.5212361911199075,3.0,0.0,5794.0,100.0,true,5.363234818272071,0.18885517391913703,1.0,sqrt_abs(169.87329864751),0.0018708685409181136,4.437515856364155,0.13095604983617692,4.437515856364155,2.0,1.6506085838058344,sqrt_abs(170.0)
1342.1974351406097,0.5212548886225545,3.0,0.0,1520.0,100.0,true,5.363074623066366,0.18885134964040687,1.0,pow2(3.61022233732076),0.001877459051016217,4.4375450472449165,0.13095765941600598,4.4375450472449165,2.0,1.6506085838058353,pow2(3.61)
161.00417304039001,0.5196383599904415,3.0,0.0,5479.0,100.0,true,5.3769246083632325,0.1891819850295921,1.0,log(451285.447514543),0.0013504711062568564,4.435210896772623,0.1308185000893055,4.435210896772623,2.0,1.650608583805835,log(451000.0)
19.19081997871399,0.9504866648377925,3.0,0.0,5930.0,-0.48444444444444446,true,17.485894016487574,0.6646239053579772,0.0,log(pow3(v1)),10.271838951245517,49.92555991709847,0.3948470128968285,49.92555991709847,16.0,5.3646529709038,log(pow3(v1))
64.34839296340942,0.5212361911199075,3.0,0.0,5794.0,100.0,true,5.363234818272071,0.18885517391913703,1.0,sqrt_abs(169.87329864751),0.0018708685409181136,4.437515856364155,0.13095604983617692,4.437515856364155,2.0,1.6506085838058344,sqrt_abs(170.0)
1778.0711929798126,0.9669911098918618,3.0,0.0,72.0,-0.48444444444444446,true,17.789522660310418,0.7642669461544276,0.0,log(pow2(v1)),14.360316394678124,68.0343642084555,0.5139944642029525,68.0343642084555,16.0,7.017895220310664,log(pow2(v1))
364.2826871871948,0.5212398924362257,3.0,0.0,4789.0,100.0,true,5.363203106383047,0.18885441687336807,1.0,pow3(2.35335731638082),0.0018721722638372906,4.4375216308519745,0.13095636846504405,4.4375216308519745,2.0,1.650608583805835,pow3(2.35)
161.00417304039001,0.5196383599904415,3.0,0.0,5479.0,100.0,true,5.3769246083632325,0.1891819850295921,1.0,log(451285.447514543),0.0013504711062568564,4.435210896772623,0.1308185000893055,4.435210896772623,2.0,1.650608583805835,log(451000.0)
1342.1974351406097,0.5212548886225545,3.0,0.0,1520.0,100.0,true,5.363074623066366,0.18885134964040687,1.0,pow2(3.61022233732076),0.001877459051016217,4.4375450472449165,0.13095765941600598,4.4375450472449165,2.0,1.6506085838058353,pow2(3.61)
1250.9966089725494,0.5212548886208523,3.0,0.0,1824.0,100.0,true,5.36307462308095,0.18885134964075503,1.0,exp(2.56753871946643),0.0018774590504158084,4.437545047242257,0.13095765941585943,4.437545047242257,2.0,1.6506085838058344,exp(2.57)
1001.4360930919647,0.5134288654795202,5.0,0.0,2652.0,-0.48444444444444446,true,5.429813594890076,0.19036650852704434,1.0,log((428038.968417449-v1)),8.550812434426902e-5,4.429608085605825,0.13028274010128063,4.429608085605825,8.0,1.6505674015025065,log((428000.0-v1))
1732.2349860668182,0.5135169245389757,5.0,0.0,224.0,-0.48444444444444446,true,5.429683596188836,0.19038830595589254,1.0,log((428091.906836583+v1)),0.00018589451142059232,4.430052719937854,0.13029274798093787,4.430052719937854,8.0,1.6506497474810293,log((428000.0+v1))
657.5939500331879,0.31004353554917213,5.0,0.0,3804.0,-0.48444444444444446,true,3.728377272295333,0.1614204384609239,1.0,(16.0524452139389-log(v1)),-0.26484397288485073,3.2561746525040474,0.12600607350773668,3.2561746525040474,5.0,1.5929739774791338,(16.1-log(v1))
1799.4903869628906,0.30082541099174864,5.0,0.0,1.0,-0.48444444444444446,true,3.6175262396098464,0.16823937349267754,1.0,log((8.38197547251239e6/v1)),-0.2670657790897485,3.2463337632501643,0.12450943037194946,3.2463337632501643,8.0,1.5844469749648658,log((8.38e6/v1))
1789.3542931079865,0.5136557963329175,5.0,0.0,35.0,-0.48444444444444446,true,5.428493408516461,0.19041343030189545,1.0,log((428601.721486544+v1)),0.00019942128859651298,4.43011263313634,0.1303047013556634,4.43011263313634,8.0,1.6506496985255557,log((429000.0+v1))
657.5939500331879,0.31004353554917213,5.0,0.0,3804.0,-0.48444444444444446,true,3.728377272295333,0.1614204384609239,1.0,(16.0524452139389-log(v1)),-0.26484397288485073,3.2561746525040474,0.12600607350773668,3.2561746525040474,5.0,1.5929739774791338,(16.1-log(v1))
1467.3302760124207,0.5135813173517912,5.0,0.0,1105.0,-0.48444444444444446,true,5.428507835581664,0.1904130485255245,1.0,log((428598.247578345-v1)),0.00010031397649634677,4.429673664120736,0.1302958655482565,4.429673664120736,8.0,1.6505674552502447,log((429000.0-v1))
1799.905755996704,0.3008241130724273,5.0,0.0,0.0,-0.48444444444444446,true,3.6175106316956533,0.16823856677652854,1.0,log((8.3818446483794e6/v1)),-0.26706570124507256,3.2463341080420878,0.12450921964339717,3.2463341080420878,8.0,1.5844457743560814,log((8.38e6/v1))
604.5237669944763,0.5135963010420275,5.0,0.0,3983.0,-0.48444444444444446,true,5.428379499359307,0.19040998485068905,1.0,log((428653.255614169-v1)),0.00010181072258852453,4.429680293552457,0.13029715557908236,4.429680293552457,8.0,1.6505674605290397,log((429000.0-v1))
657.5939500331879,0.31004353554917213,5.0,0.0,3804.0,-0.48444444444444446,true,3.728377272295333,0.1614204384609239,1.0,(16.0524452139389-log(v1)),-0.26484397288485073,3.2561746525040474,0.12600607350773668,3.2561746525040474,5.0,1.5929739774791338,(16.1-log(v1))
1545.182715177536,0.5136839037786093,5.0,0.0,847.0,-0.48444444444444446,true,5.428252516345701,0.19040767948800794,1.0,log((428704.981048687+v1)),0.0002022369122687273,4.430125104179349,0.1303071207012369,4.430125104179349,8.0,1.6506496886241284,log((429000.0+v1))
1799.9886980056763,0.30082613991965224,5.0,0.0,0.0,-0.48444444444444446,true,3.617535005211826,0.16823982655466801,1.0,log((8.38204894589521e6/v1)),-0.2670658227600672,3.2463335698243077,0.12450954871976917,3.2463335698243077,8.0,1.5844476492419413,log((8.38e6/v1))
107.5390510559082,0.3099536042715111,5.0,0.0,5657.0,-0.48444444444444446,true,3.7272958185855956,0.16148730098386221,1.0,(16.0513637602292-log(v1)),-0.26489245031084996,3.2559599348659742,0.12599147237834585,3.2559599348659742,5.0,1.5928907887322312,(16.1-log(v1))
650.3260481357574,0.5135963010682476,5.0,0.0,3829.0,-0.48444444444444446,true,5.428379499134731,0.19040998484532787,1.0,log((428653.255710434-v1)),0.00010181072521375789,4.429680293564085,0.13029715558133978,4.429680293564085,8.0,1.6505674605290488,log((429000.0-v1))
650.0292291641235,0.5136557212189106,5.0,0.0,3830.0,-0.48444444444444446,true,5.428494052273885,0.19041344567030344,1.0,log((428601.445570221+v1)),0.0001994137992586964,4.430112599964345,0.1303046948902329,4.430112599964345,8.0,1.6506496985520192,log((429000.0+v1))
1799.751228094101,0.3008254081557153,5.0,0.0,1.0,-0.48444444444444446,true,3.6175262055055963,0.16823937172995326,1.0,log((8.38197518665141e6/v1)),-0.267065778919773,3.246333764003025,0.12450942991149466,3.246333764003025,8.0,1.584446972341462,log((8.38e6/v1))
1474.2951130867004,0.4081898455978091,6.0,0.0,1082.0,-0.48444444444444446,true,4.030920790932898,0.17791472341066397,1.0,log((2.01811300922474e6/sqrt_abs(v1))),-0.2577517361286653,3.2875877957053214,0.11531039793220149,3.2875877957053214,32.0,1.4573590406071804,log((2.02e6/sqrt_abs(v1)))
1683.4884071350098,0.41091719580670677,6.0,0.0,386.0,-0.48444444444444446,true,4.007553583237193,0.1800463338171226,1.0,(14.5410406866303-log(sqrt_abs(v1))),-0.25688880600882746,3.2914099111195485,0.11570609463534437,3.2914099111195485,17.0,1.4596677164581,(14.5-log(sqrt_abs(v1)))
102.40673398971558,0.4063651149376145,6.0,0.0,5673.0,-0.48444444444444446,true,4.046554595563627,0.17648857181063657,1.0,log((1.986807573872e6/sqrt_abs(v1))),-0.258191417110742,3.2856403477946463,0.11507014601325304,3.2856403477946463,32.0,1.4561564402509708,log((1.99e6/sqrt_abs(v1)))
1557.7273361682892,0.4063446808013639,6.0,0.0,805.0,-0.48444444444444446,true,4.046729669781927,0.17647260113795332,1.0,log((1.98645976553611e6/sqrt_abs(v1))),-0.2581957159739,3.2856213071437725,0.115067455566628,3.2856213071437725,32.0,1.4561429730034092,log((1.99e6/sqrt_abs(v1)))
1541.8884069919586,0.41091661288902204,6.0,0.0,858.0,-0.48444444444444446,true,4.007558577520129,0.18004587822715148,1.0,(14.5410356923474-log(sqrt_abs(v1))),-0.2568890167858574,3.291408977539741,0.11570599037876397,3.291408977539741,17.0,1.45966694810688,(14.5-log(sqrt_abs(v1)))
484.9044740200043,0.4083000647005815,6.0,0.0,4383.0,-0.48444444444444446,true,4.029976463116794,0.1780008671650281,1.0,log((2.02001966958991e6/sqrt_abs(v1))),-0.25772164358502714,3.2877210824828356,0.1153249098552614,3.2877210824828356,32.0,1.457431681208419,log((2.02e6/sqrt_abs(v1)))
1800.0142521858215,0.41094675847528755,6.0,0.0,0.0,-0.48444444444444446,true,4.007300298193522,0.1800694390611004,1.0,(14.541293971674-log(sqrt_abs(v1))),-0.25687810168272895,3.2914573230348814,0.1157113820074975,3.2914573230348814,17.0,1.459706683387896,(14.5-log(sqrt_abs(v1)))
1138.3464081287384,0.29942027439584595,7.0,0.0,2195.0,-0.48444444444444446,true,3.6006290018095015,0.16736601690973815,1.0,log((1.64830662502473e7/(v1+v1))),-0.26691710151470405,3.2469922903293145,0.12428129415747326,3.2469922903293145,32.0,1.5831471874417624,log((1.65e7/(v1+v1)))
1799.8055860996246,0.3008255506599193,7.0,0.0,0.0,-0.48444444444444446,true,3.6175279191663385,0.16823955197440776,1.0,log(((8.38198820237554e6+v1)/v1)),-0.2670665719182934,3.2463302516307033,0.12450938042439066,3.2463302516307033,128.0,1.5844457007717527,log(((8.38e6+v1)/v1))
1799.841933965683,0.30082520986239036,7.0,0.0,0.0,-0.48444444444444446,true,3.6175238209620044,0.16824011307775402,1.0,log(((8.38195701699847e6/v1)-v1)),-0.2669909924777558,3.2466650103070283,0.12452192209761473,3.2466650103070283,32.0,1.5846490401601945,log(((8.38e6/v1)-v1))
1799.8515691757202,0.300824330506938,7.0,0.0,0.0,-0.48444444444444446,true,3.61751324641841,0.16823783930148628,1.0,log((v1+(8.38186474709956e6/v1))),-0.26714002331649966,3.2460049185419324,0.12449675761907351,3.2460049185419324,32.0,1.5842441321061982,log((v1+(8.38e6/v1)))
1798.936033964157,0.300824128397876,7.0,0.0,3.0,-0.48444444444444446,true,3.617510815989302,0.16823944090941254,1.0,log(((8.38184801060873e6/v1)-v1)),-0.26699092367903254,3.2466653150323523,0.12452174667545089,3.2466653150323523,32.0,1.5846480424106422,log(((8.38e6/v1)-v1))
1799.8690690994263,0.3008241945004181,7.0,0.0,0.0,-0.48444444444444446,true,3.6175116108944927,0.16823852571480008,1.0,log(((8.38185420402597e6-v1)/v1)),-0.2670649215873997,3.246337561324736,0.1245093054905049,3.246337561324736,128.0,1.5844472531153757,log(((8.38e6-v1)/v1))
1799.8739221096039,0.3008240622011399,7.0,0.0,0.0,-0.48444444444444446,true,3.617510019951398,0.16823767253439617,1.0,log((v1+(8.38183770332722e6/v1))),-0.26714000818522343,3.246004985561825,0.12449671401700226,3.246004985561825,32.0,1.5842438832658452,log((v1+(8.38e6/v1)))
1799.8887610435486,0.30082412637303174,7.0,0.0,0.0,-0.48444444444444446,true,3.617510791639873,0.16823866671661392,1.0,log(((8.3818446408571e6+v1)/v1)),-0.26706648655565424,3.2463306297214105,0.12450914917771502,3.2463306297214105,128.0,1.5844443832456807,log(((8.38e6+v1)/v1))
1799.3429789543152,0.3008246221304456,7.0,0.0,2.0,-0.48444444444444446,true,3.6175167532886814,0.1682387915068684,1.0,log(((8.38189730692822e6-v1)/v1)),-0.26706494726125174,3.2463374476093567,0.1245093749196061,3.2463374476093567,128.0,1.5844476486769423,log(((8.38e6-v1)/v1))
1799.3285920619965,0.3008249494569082,7.0,0.0,2.0,-0.48444444444444446,true,3.617520689498935,0.16823917829993537,1.0,log(((8.38192760359795e6+v1)/v1)),-0.26706653590218876,3.2463304111542914,0.12450928281329918,3.2463304111542914,128.0,1.5844451446333454,log(((8.38e6+v1)/v1))
1799.6773400306702,0.30082599755937806,7.0,0.0,1.0,-0.48444444444444446,true,3.6175332932818876,0.1682406026592158,1.0,log(((8.3820364139354e6/v1)-v1)),-0.2669910425399623,3.2466647885700337,0.12452204986834571,3.2466647885700337,32.0,1.5846497668824593,log(((8.38e6/v1)-v1))
1799.928495168686,0.3008260616739043,7.0,0.0,0.0,-0.48444444444444446,true,3.6175340642805214,0.1682389153187749,1.0,log((v1+(8.38203924145822e6/v1))),-0.26714012083388416,3.2460044866150706,0.1244970389490526,3.2460044866150706,32.0,1.5842457376778551,log((v1+(8.38e6/v1)))
1799.4027450084686,0.30082536280082184,7.0,0.0,2.0,-0.48444444444444446,true,3.617525660097824,0.1682384809299875,1.0,log((v1+(8.3819687975498e6/v1))),-0.26714008148958757,3.2460046608799837,0.12449692537598173,3.2460046608799837,32.0,1.5842450895076803,log((v1+(8.38e6/v1)))
1793.7088251113892,0.3066569128041256,7.0,0.0,21.0,-0.48444444444444446,true,3.687652000439222,0.1639384726896645,1.0,log(((8.99086924539946e6-v1)/v1)),-0.2663044427257537,3.2497058966191825,0.12545629339555628,3.2497058966191825,128.0,1.58984257263033,log(((8.99e6-v1)/v1))
516.2988381385803,0.2993839865658367,7.0,0.0,4278.0,-0.48444444444444446,true,3.600192628509772,0.16734346236570916,1.0,log((1.64758750493762e7/(v1+v1))),-0.2669115541681806,3.2470168607993535,0.12427540251092865,3.2470168607993535,32.0,1.5831136202648604,log((1.65e7/(v1+v1)))
1800.020024061203,0.30082533621572527,7.0,0.0,0.0,-0.48444444444444446,true,3.617525340403141,0.16824019161080844,1.0,log(((8.38196975289568e6/v1)-v1)),-0.26699100051089353,3.2466649747264187,0.12452194259313286,3.2466649747264187,32.0,1.584649156732661,log(((8.38e6/v1)-v1))
68.51652002334595,0.3502798121665283,8.0,0.0,5780.0,-0.48444444444444446,true,3.3584552850636697,0.16173041115347536,2.0,log((58419.6292240919-(-6.39018420753924e6/v1))),-0.2911016571300521,3.1398733467687308,0.11791490652999782,3.1398733467687308,16.0,1.4978291917764162,log((58400.0-(-6.39e6/v1)))
1788.0310580730438,0.3110551287562034,8.0,0.0,39.0,-0.48444444444444446,true,3.3809919721155204,0.16132592787783448,2.0,(16.1436099305557-log((0.742099215976951+v1))),-0.28201399909181235,3.1801246684791162,0.12478770995462421,3.1801246684791162,9.0,1.5776846266314162,(16.1-log((0.742+v1)))
1799.1809351444244,0.33870022490468643,8.0,0.0,2.0,-0.48444444444444446,true,3.2815957768359407,0.15845399934044604,2.0,log(((5.92038553628226e6/v1)--51911.3953240027)),-0.2900730703819576,3.1444291933829382,0.11694692101378629,3.1444291933829382,16.0,1.4936743392480685,log(((5.92e6/v1)--51900.0))
1799.789677143097,0.3521142139889543,8.0,0.0,0.0,-0.48444444444444446,true,3.2841920760025722,0.15922642855764546,2.0,log((63575.6276664753+(5.92023340103906e6/v1))),-0.29206044126552466,3.1356266719350905,0.11664469571491723,3.1356266719350905,16.0,1.485148121928287,log((63600.0+(5.92e6/v1)))
1798.9851100444794,0.35370378701191835,8.0,0.0,3.0,-0.48444444444444446,true,3.2842711162668294,0.15941725259606865,2.0,log(((5.91870701010034e6/v1)--65059.9736233862)),-0.2921800606652205,3.135096850179067,0.1166073794633288,3.135096850179067,16.0,1.4841210203963582,log(((5.92e6/v1)--65100.0))
68.51652002334595,0.3502798121665283,8.0,0.0,5780.0,-0.48444444444444446,true,3.3584552850636697,0.16173041115347536,2.0,log((58419.6292240919-(-6.39018420753924e6/v1))),-0.2911016571300521,3.1398733467687308,0.11791490652999782,3.1398733467687308,16.0,1.4978291917764162,log((58400.0-(-6.39e6/v1)))
520.3543910980225,0.3549287671371064,8.0,0.0,4264.0,-0.48444444444444446,true,3.2844846165913104,0.15957154089822884,2.0,log((66210.9091905997+(5.91843788531982e6/v1))),-0.2922542783606559,3.1347681229841173,0.11658145188565959,3.1347681229841173,16.0,1.48335568469766,log((66200.0+(5.92e6/v1)))
1794.191290140152,0.31105512163974497,8.0,0.0,19.0,-0.48444444444444446,true,3.38099220058373,0.16132592280748903,2.0,(16.1436098650575-log((0.742098601513918+v1))),-0.28201399060710164,3.180124706059846,0.1247877108067176,3.180124706059846,9.0,1.57768463732794,(16.1-log((0.742+v1)))
1675.498892068863,0.3197251779605051,8.0,0.0,413.0,-0.48444444444444446,true,3.3496520147187105,0.16198222910613957,1.0,(16.2949700256848-log((v1+sqrt_abs(v1)))),-0.28473584269973207,3.1680689988834154,0.1237702399288699,3.1680689988834154,65.0,1.5645658905907998,(16.3-log((v1+sqrt_abs(v1))))
131.4775230884552,0.3549288002554365,8.0,0.0,5579.0,-0.48444444444444446,true,3.2844840595041003,0.15957152387092738,2.0,log(((5.91843446222955e6/v1)--66210.9657705814)),-0.2922542832697519,3.134768101240605,0.11658144202009872,3.134768101240605,16.0,1.4833555780130392,log(((5.92e6/v1)--66200.0))
1004.8934149742126,0.35492905356542626,8.0,0.0,2641.0,-0.48444444444444446,true,3.284479798524396,0.1595713936347232,2.0,log((66211.3985310478-(-5.91840828018403e6/v1))),-0.29225432081596103,3.1347679349398336,0.11658136656171589,3.1347679349398336,16.0,1.483354762018363,log((66200.0-(-5.92e6/v1)))
546.8705580234528,0.33536888797063596,8.0,0.0,4175.0,-0.48444444444444446,true,3.1931600492879966,0.16651756823398098,2.0,(0.819995293539689*(18.8579796920933-log(v1))),-0.2923764177401603,3.1342271396595627,0.12053815981538765,3.1342271396595627,6.0,1.5277697383962447,(0.82*(18.9-log(v1)))
1606.9082610607147,0.3223485366076081,8.0,0.0,642.0,-0.48444444444444446,true,3.467162489569512,0.16187425456155616,2.0,(15.7624598945555+(-0.903691560834338*log(v1))),-0.282750560884668,3.1768622673677345,0.12342003929736531,3.1768622673677345,6.0,1.5600217214173038,(15.8+(-0.904*log(v1)))
1705.0884120464325,0.34721021725314266,8.0,0.0,315.0,-0.48444444444444446,true,3.2354175547313364,0.16825272889150597,2.0,(0.786405427953854*(19.5829492770401-log(v1))),-0.29239380356747835,3.134150133842923,0.12014687250897958,3.134150133842923,6.0,1.519186261586023,(0.786*(19.6-log(v1)))
131.4775230884552,0.3549288002554365,8.0,0.0,5579.0,-0.48444444444444446,true,3.2844840595041003,0.15957152387092738,2.0,log(((5.91843446222955e6/v1)--66210.9657705814)),-0.2922542832697519,3.134768101240605,0.11658144202009872,3.134768101240605,16.0,1.4833555780130392,log(((5.92e6/v1)--66200.0))
1004.8934149742126,0.35492905356542626,8.0,0.0,2641.0,-0.48444444444444446,true,3.284479798524396,0.1595713936347232,2.0,log((66211.3985310478-(-5.91840828018403e6/v1))),-0.29225432081596103,3.1347679349398336,0.11658136656171589,3.1347679349398336,16.0,1.483354762018363,log((66200.0-(-5.92e6/v1)))
1535.3782410621643,0.37773138336735357,9.0,0.0,879.0,-0.5528205128205128,true,4.9892689489683,0.13806213487636274,2.0,log((1.51637016606887e6/sqrt_abs((-6.55465849834946+v1)))),-0.36229689686350364,2.824533301324605,0.10372905836863425,2.824533301324605,512.0,1.2979010094863357,log((1.52e6/sqrt_abs((-6.55+v1))))
1796.489205121994,0.3781582179244662,9.0,0.0,11.0,-0.5528205128205128,true,4.985614061991619,0.1379560414832351,2.0,(14.2354869102813-log(sqrt_abs((6.55467966254652-v1)))),-0.3622410814047927,2.82478052079254,0.1037772850242416,2.82478052079254,257.0,1.2980979233417484,(14.2-log(sqrt_abs((6.55-v1))))
1753.0307431221008,0.3777314534539295,9.0,0.0,155.0,-0.5528205128205128,true,4.9892683380835,0.13806211748489328,2.0,log((1.51637107723738e6/sqrt_abs((6.55465839438208-v1)))),-0.3622968883086656,2.824533339215945,0.1037290915344103,2.824533339215945,512.0,1.2979014693151252,log((1.52e6/sqrt_abs((6.55-v1))))
1679.0276010036469,0.377731523475453,9.0,0.0,401.0,-0.5528205128205128,true,4.989267745173244,0.13806210006235986,2.0,log((1.51637198653376e6/sqrt_abs((v1-6.55465846450273)))),-0.36229687962409485,2.8245333776819006,0.10372908378783174,2.8245333776819006,512.0,1.2979012364868434,log((1.52e6/sqrt_abs((v1-6.55))))
1286.296688079834,0.37776789683846446,9.0,0.0,1706.0,-0.5528205128205128,true,4.988955602018944,0.13805306101199374,2.0,log((1.51684464803027e6/sqrt_abs((6.55465340793285-v1)))),-0.3622923795977018,2.8245533093308786,0.10373480569933714,2.8245533093308786,512.0,1.2979453155501643,log((1.52e6/sqrt_abs((6.55-v1))))
1648.58003115654,0.3777679626116533,9.0,0.0,502.0,-0.5528205128205128,true,4.988955240594473,0.1380530441163208,2.0,log((1.51684549088697e6/sqrt_abs((-6.5546554279841+v1)))),-0.36229237017469684,2.8245533510675287,0.10373433966864291,2.8245533510675287,512.0,1.2979373289591185,log((1.52e6/sqrt_abs((-6.55+v1))))
1343.637370109558,0.3740122779557449,9.0,0.0,1515.0,-0.5528205128205128,true,5.021022984869212,0.13898679940406278,2.0,(14.199969976431-log(sqrt_abs((6.55355648837116-v1)))),-0.36238218236867725,2.824155552261917,0.10349791149825244,2.824155552261917,257.0,1.2993866006404322,(14.2-log(sqrt_abs((6.55-v1))))
1799.8903529644012,0.37836241589892394,9.0,0.0,0.0,-0.5528205128205128,true,4.983857117130567,0.13790530922291744,2.0,(14.2372367130625-log(sqrt_abs((-6.55460538667781+v1)))),-0.3622128280126867,2.824905661546107,0.10382013445396109,2.824905661546107,257.0,1.2985270155573179,(14.2-log(sqrt_abs((-6.55+v1))))
1140.880686044693,0.3739646908560802,9.0,0.0,2187.0,-0.5528205128205128,true,5.021430115806362,0.13899862852556946,2.0,(14.1995622855406-log(sqrt_abs((6.55355066621553-v1)))),-0.36238031743459975,2.8241638124826696,0.10349308524951566,2.8241638124826696,257.0,1.2993739680519083,(14.2-log(sqrt_abs((6.55-v1))))
1476.5515160560608,0.3779342115771893,9.0,0.0,1075.0,-0.5528205128205128,true,4.987529329187524,0.13801172790720576,2.0,log((1.51900768042273e6/sqrt_abs((6.55464008839881-v1)))),-0.3622712603407384,2.8246468513636818,0.10375866092367002,2.8246468513636818,512.0,1.298107786607471,log((1.52e6/sqrt_abs((6.55-v1))))
1752.5971040725708,0.37793425671466935,9.0,0.0,157.0,-0.5528205128205128,true,4.987528426659267,0.1380117180872657,2.0,log((1.51900829834458e6/sqrt_abs((-6.55463493287959+v1)))),-0.3622712549109828,2.8246468754133147,0.10375987251924032,2.8246468754133147,512.0,1.2981282365140148,log((1.52e6/sqrt_abs((-6.55+v1))))
1632.793163061142,0.37527664455022636,9.0,0.0,555.0,-0.5528205128205128,true,5.010177284404124,0.13867258233985974,2.0,(14.210803235032-log(sqrt_abs((-6.55342712468776+v1)))),-0.3623514184718507,2.8242918126166776,0.10367984934249604,2.8242918126166776,257.0,1.3006316479952926,(14.2-log(sqrt_abs((-6.55+v1))))
1500.4686670303345,0.3780752775088749,9.0,0.0,996.0,-0.5528205128205128,true,4.986319016773937,0.13797667125922625,2.0,log((1.52084478651116e6/sqrt_abs((-6.55462312454602+v1)))),-0.36225265693321507,2.824729250122304,0.10378020990924725,2.824729250122304,512.0,1.2982678638811314,log((1.52e6/sqrt_abs((-6.55+v1))))
1781.2707240581512,0.37807742914718895,9.0,0.0,62.0,-0.5528205128205128,true,4.987212844191591,0.13797366018470114,2.0,(14.2347594313454-log(sqrt_abs((6.56374896610051-v1)))),-0.36181728942557456,2.8266575926654047,0.10380732311193898,2.8266575926654047,257.0,1.2987219014701497,(14.2-log(sqrt_abs((6.56-v1))))
806.4588370323181,0.37526683948695555,9.0,0.0,3305.0,-0.5528205128205128,true,5.01026152750506,0.13867501870093868,2.0,(14.2107192186933-log(sqrt_abs((-6.55342948240854+v1)))),-0.3623521023140762,2.824288783722621,0.10367818862415432,2.824288783722621,257.0,1.3006177628483069,(14.2-log(sqrt_abs((-6.55+v1))))
1392.3822779655457,0.378075252912635,9.0,0.0,1354.0,-0.5528205128205128,true,4.986319861108777,0.13797667565429755,2.0,log((1.52084442852864e6/sqrt_abs((6.5546294574645-v1)))),-0.36225265897261705,2.8247292410893245,0.10377872898367156,2.8247292410893245,512.0,1.2982428236972936,log((1.52e6/sqrt_abs((6.55-v1))))
755.689295053482,0.448971677092946,10.0,0.0,3474.0,-0.49333333333333335,true,5.16813307121687,0.11494968277907039,2.0,(exp((v1/(10.9930870547468-v1)))--12.0777283339659),-0.3807327231720036,2.74287679833806,0.09759243950684149,2.74287679833806,129.0,1.2209031277350881,(exp((v1/(11.0-v1)))--12.1)
331.39791798591614,0.4489820755614795,10.0,0.0,4900.0,-0.49333333333333335,true,5.168046660417149,0.11494565072969858,2.0,(12.0778179981183+exp((v1/(10.993280890752-v1)))),-0.3807335061115157,2.7428733305193935,0.097594064392548,2.7428733305193935,129.0,1.2209175343307253,(12.1+exp((v1/(11.0-v1))))
278.2605299949646,0.45080137859474007,10.0,0.0,5081.0,-0.49333333333333335,true,5.069016810699651,0.12318723910449231,3.0,(12.4735132499314+(-5.52444732565413/(v1-7.82178143626738))),-0.37026821639393304,2.7892264988981195,0.0970001634383646,2.7892264988981195,5.0,1.2113293450467124,(12.5+(-5.52/(v1-7.82)))
1688.3739750385284,0.4489696706850669,10.0,0.0,370.0,-0.49333333333333335,true,5.168149733127635,0.11495049215504637,2.0,(exp((v1/(10.9930488415261-v1)))--12.0777110306661),-0.38073257141341477,2.742877470511656,0.09759212265396236,2.742877470511656,129.0,1.220900287332503,(exp((v1/(11.0-v1)))--12.1)
347.8132040500641,0.45104200475763645,10.0,0.0,4845.0,-0.49333333333333335,true,5.080235113655821,0.12332194336061739,3.0,(12.4747947148384-(-5.42610670882016/(7.80098616343836-v1))),-0.37032567018195583,2.788972022893911,0.09706633029108666,2.788972022893911,5.0,1.2121500408295691,(12.5-(-5.43/(7.8-v1)))
1641.0963020324707,0.4489696711275113,10.0,0.0,527.0,-0.49333333333333335,true,5.1681497295125745,0.1149504918118322,2.0,(12.0777110344944+exp((v1/(10.9930488542301-v1)))),-0.38073257144817474,2.742877470357696,0.09759212274128497,2.742877470357696,129.0,1.220900288276807,(12.1+exp((v1/(11.0-v1))))
278.2605299949646,0.45080137859474007,10.0,0.0,5081.0,-0.49333333333333335,true,5.069016810699651,0.12318723910449231,3.0,(12.4735132499314+(-5.52444732565413/(v1-7.82178143626738))),-0.37026821639393304,2.7892264988981195,0.0970001634383646,2.7892264988981195,5.0,1.2113293450467124,(12.5+(-5.52/(v1-7.82)))
1799.893769979477,0.35613288934211207,10.0,0.0,0.0,-0.48444444444444446,true,3.557611644360991,0.1592542771471025,3.0,(11.3273141551562+(-41.8541029898119/(-8.48684079582869-v1))),-0.29666924997026045,3.1152132011491807,0.11821331070596114,3.1152132011491807,5.0,1.4962345513174842,(11.3+(-41.9/(-8.49-v1)))
452.14510917663574,0.45112940945613855,10.0,0.0,4492.0,-0.49333333333333335,true,5.118898199291758,0.12368815609831435,3.0,((5.12220596563136/(7.71970881879897-v1))--12.473128901641),-0.36981062653741137,2.791253269321122,0.097110150265051,2.791253269321122,5.0,1.2124314410005121,((5.12/(7.72-v1))--12.5)
307.6264500617981,0.4497770755023246,10.0,0.0,4981.0,-0.49333333333333335,true,5.05904490728857,0.12278564933022025,3.0,((-5.66950692347628/(-7.85765233991578+v1))--12.4658903694245),-0.369910669802064,2.7908101547570014,0.09687202115278856,2.7908101547570014,5.0,1.2106846493579917,((-5.67/(-7.86+v1))--12.5)
1799.7082731723785,0.4489697323741283,10.0,0.0,1.0,-0.49333333333333335,true,5.168149226767669,0.11495045076240121,2.0,(exp((v1/(10.9930504450479-v1)))--12.0777115639405),-0.38073257620968437,2.7428774492678776,0.09759213414470488,2.7428774492678776,129.0,1.2209004065245592,(exp((v1/(11.0-v1)))--12.1)
278.2605299949646,0.45080137859474007,10.0,0.0,5081.0,-0.49333333333333335,true,5.069016810699651,0.12318723910449231,3.0,(12.4735132499314+(-5.52444732565413/(v1-7.82178143626738))),-0.37026821639393304,2.7892264988981195,0.0970001634383646,2.7892264988981195,5.0,1.2113293450467124,(12.5+(-5.52/(v1-7.82)))
1323.9437191486359,0.44897867210840686,10.0,0.0,1581.0,-0.49333333333333335,true,5.168074941247289,0.11494697513578271,2.0,(12.0777886503765+exp((v1/(10.9932173228223-v1)))),-0.38073325024278004,2.742874463820707,0.09759353206666302,2.742874463820707,129.0,1.2209128099716648,(12.1+exp((v1/(11.0-v1))))
1135.5749101638794,0.4009279337269838,11.0,0.0,2205.0,-0.6132570216519592,true,4.0377195949397695,0.12426051098358226,3.0,(12.002776133155-(-3136.28281626868/(1334.90493289393-exp(v1)))),-0.4584549883765492,2.398627060105827,0.0945490189532639,2.398627060105827,7.0,1.1834606784407975,(12.0-(-3140.0/(1330.0-exp(v1))))
67.52796411514282,0.40095922958885566,11.0,0.0,5783.0,-0.6132570216519592,true,4.037142692245057,0.12427445657653782,3.0,(12.0030442677356+(3138.32866517936/(1335.59867575928-exp(v1)))),-0.4584678292662687,2.3985701848601946,0.09455010949356138,2.3985701848601946,7.0,1.1834327150228674,(12.0+(3140.0/(1340.0-exp(v1))))
1453.9738221168518,0.40023384312409677,11.0,0.0,1149.0,-0.6132570216519592,true,4.02067729941605,0.123951220731032,3.0,((3201.1400366804/(1349.30348420557-exp(v1)))--11.9968293503677),-0.45840990800954806,2.39882673139048,0.09457750403893685,2.39882673139048,7.0,1.1838192921178023,((3200.0/(1350.0-exp(v1)))--12.0)
1792.894721031189,0.4011399069595618,11.0,0.0,23.0,-0.6132570216519592,true,4.05029170598368,0.12435496731877144,3.0,(12.0045922631611-(3089.73756480816/(-1323.2075370798+exp(v1)))),-0.45838382979402925,2.398942237788065,0.09452883546077666,2.398942237788065,7.0,1.1834413927285088,(12.0-(3090.0/(-1320.0+exp(v1))))
1687.7626481056213,0.4012328899348771,11.0,0.0,372.0,-0.6132570216519592,true,4.0533819350580345,0.12439640099875286,3.0,(12.0053889164436-(-3078.43424452253/(1320.5663013161-exp(v1)))),-0.4583745286718397,2.39898343459146,0.09452368404384817,2.39898343459146,7.0,1.1834022282507413,(12.0-(-3080.0/(1320.0-exp(v1))))
1459.1454010009766,0.40054606762216316,11.0,0.0,1132.0,-0.6132570216519592,true,4.026106131187754,0.12409034953274414,3.0,(11.999504406424+(3180.24103509878/(1345.0879241798-exp(v1)))),-0.45845302093838913,2.3986357743406703,0.09456830131392632,2.3986357743406703,7.0,1.1836327541200502,(12.0+(3180.0/(1350.0-exp(v1))))
462.0812590122223,0.4001526864765557,11.0,0.0,4459.0,-0.6132570216519592,true,4.068248588002213,0.12391505692199944,3.0,(11.9961340219009+(-3081.28636662542/(-1324.95709297896+exp(v1)))),-0.45842699967116807,2.3987510285011835,0.09432429115246967,2.3987510285011835,7.0,1.1815393957896794,(12.0+(-3080.0/(-1320.0+exp(v1))))
1106.71568608284,0.40026259917948215,11.0,0.0,2301.0,-0.6132570216519592,true,4.017284310958004,0.12396403457348355,3.0,((3214.21551046879/(1353.01480812977-exp(v1)))--11.997075724565),-0.4584422038194961,2.39868368584116,0.09458279039786263,2.39868368584116,7.0,1.1837562551611442,((3210.0/(1350.0-exp(v1)))--12.0)
67.52796411514282,0.40095922958885566,11.0,0.0,5783.0,-0.6132570216519592,true,4.037142692245057,0.12427445657653782,3.0,(12.0030442677356+(3138.32866517936/(1335.59867575928-exp(v1)))),-0.4584678292662687,2.3985701848601946,0.09455010949356138,2.3985701848601946,7.0,1.1834327150228674,(12.0+(3140.0/(1340.0-exp(v1))))
462.0812590122223,0.4001526864765557,11.0,0.0,4459.0,-0.6132570216519592,true,4.068248588002213,0.12391505692199944,3.0,(11.9961340219009+(-3081.28636662542/(-1324.95709297896+exp(v1)))),-0.45842699967116807,2.3987510285011835,0.09432429115246967,2.3987510285011835,7.0,1.1815393957896794,(12.0+(-3080.0/(-1320.0+exp(v1))))
1135.5749101638794,0.4009279337269838,11.0,0.0,2205.0,-0.6132570216519592,true,4.0377195949397695,0.12426051098358226,3.0,(12.002776133155-(-3136.28281626868/(1334.90493289393-exp(v1)))),-0.4584549883765492,2.398627060105827,0.0945490189532639,2.398627060105827,7.0,1.1834606784407975,(12.0-(-3140.0/(1330.0-exp(v1))))
1103.1457040309906,0.40088606452308045,11.0,0.0,2313.0,-0.6132570216519592,true,4.037327285234859,0.12424185385640683,3.0,((3137.85073805117/(1335.14602978964-exp(v1)))--12.0024174090056),-0.45844818339378357,2.3986572009352223,0.09454951110853667,2.3986572009352223,7.0,1.1834861648498762,((3140.0/(1340.0-exp(v1)))--12.0)
1799.9647951126099,0.3943136749878491,11.0,0.0,0.0,-0.6132570216519592,true,3.76877168724962,0.12283735297382864,3.0,((-4459.10703748287/(-1666.54218254472+exp(v1)))--11.9461069319625),-0.45472576681522714,2.415144637699796,0.09661480212399869,2.415144637699796,7.0,1.2129699755324295,((-4460.0/(-1670.0+exp(v1)))--11.9)
1799.9954659938812,0.37523024832311247,11.0,0.0,0.0,-0.4413675213675214,true,5.87031594122517,0.14510727535079848,2.0,log((1.51981938816193e6/sqrt_abs(((43.0546147575486/v1)-v1)))),-0.27621570758378244,3.205806631409305,0.10424704631656707,3.205806631409305,8.589934592e9,1.3303485713860232,log((1.52e6/sqrt_abs(((43.1/v1)-v1))))
1799.7359969615936,0.3841400693584534,11.0,0.0,1.0,-0.5528205128205128,true,5.112150202863791,0.1330664551028153,3.0,(sqrt_abs((19.3643156133869/(7.23317512866564-v1)))--11.469652574875),-0.360359393934531,2.8331149461643133,0.10068279735804975,2.8331149461643133,17.0,1.2626385692164324,(sqrt_abs((19.4/(7.23-v1)))--11.5)
1787.9990191459656,0.39435173682487273,11.0,0.0,40.0,-0.6132570216519592,true,3.771445384488942,0.12280826139089913,3.0,(11.9464330356099-(4441.09153410327/(-1661.67905662709+exp(v1)))),-0.4548000933114097,2.414815428601383,0.0965858045956873,2.414815428601383,7.0,1.2125588629515054,(11.9-(4440.0/(-1660.0+exp(v1))))
1202.8415989875793,0.400520923962129,11.0,0.0,1983.0,-0.6132570216519592,true,4.025565349323781,0.12407914539177227,3.0,((3182.34833755453/(1345.54876064178-exp(v1)))--11.9992889822645),-0.458450848666096,2.398645395832869,0.09456910296630563,2.398645395832869,7.0,1.1836448746277144,((3180.0/(1350.0-exp(v1)))--12.0)
67.52796411514282,0.40095922958885566,11.0,0.0,5783.0,-0.6132570216519592,true,4.037142692245057,0.12427445657653782,3.0,(12.0030442677356+(3138.32866517936/(1335.59867575928-exp(v1)))),-0.4584678292662687,2.3985701848601946,0.09455010949356138,2.3985701848601946,7.0,1.1834327150228674,(12.0+(3140.0/(1340.0-exp(v1))))
1135.5749101638794,0.4009279337269838,11.0,0.0,2205.0,-0.6132570216519592,true,4.0377195949397695,0.12426051098358226,3.0,(12.002776133155-(-3136.28281626868/(1334.90493289393-exp(v1)))),-0.4584549883765492,2.398627060105827,0.0945490189532639,2.398627060105827,7.0,1.1834606784407975,(12.0-(-3140.0/(1330.0-exp(v1))))
827.1926250457764,0.40025446417830296,12.0,0.0,3235.0,-0.5551261345731549,true,3.9724501661935747,0.12396040957715938,3.0,(11.9970060260491+sqrt_abs((5382.02694249369/(917.337789357255-exp(v1))))),-0.46538953451647735,2.3679123648103793,0.09443803821017119,2.3679123648103793,65.0,1.1825322203933335,(12.0+sqrt_abs((5380.0/(917.0-exp(v1)))))
683.7562580108643,0.4002662736819505,12.0,0.0,3717.0,-0.5551261345731549,true,3.9750157221798617,0.1239656719511914,3.0,(sqrt_abs((5363.35907946491/(-916.172852324649+exp(v1))))--11.9971072067202),-0.46538011152913183,2.3679541013824994,0.09443638387779943,2.3679541013824994,65.0,1.1825952507821123,(sqrt_abs((5360.0/(-916.0+exp(v1))))--12.0)
1724.937054157257,0.4003310973728503,12.0,0.0,248.0,-0.5551261345731549,true,3.977259545068467,0.12399455771285584,3.0,(sqrt_abs((5345.75364862638/(915.281384466691-exp(v1))))--11.9976625987794),-0.46537995113109354,2.367954811822198,0.09443459812214222,2.367954811822198,65.0,1.182601821796814,(sqrt_abs((5350.0/(915.0-exp(v1))))--12.0)
1209.5784180164337,0.40041857268208564,12.0,0.0,1960.0,-0.5551261345731549,true,3.980313619823182,0.12403353714921647,3.0,(11.9984120638509+sqrt_abs((5321.90256895222/(-914.071667432664+exp(v1))))),-0.4653784179463688,2.3679616026489807,0.0944322009007296,2.3679616026489807,65.0,1.182611963458297,(12.0+sqrt_abs((5320.0/(-914.0+exp(v1)))))
683.7562580108643,0.4002662736819505,12.0,0.0,3717.0,-0.5551261345731549,true,3.9750157221798617,0.1239656719511914,3.0,(sqrt_abs((5363.35907946491/(-916.172852324649+exp(v1))))--11.9971072067202),-0.46538011152913183,2.3679541013824994,0.09443638387779943,2.3679541013824994,65.0,1.1825952507821123,(sqrt_abs((5360.0/(-916.0+exp(v1))))--12.0)
1425.9996900558472,0.4005625928143637,12.0,0.0,1242.0,-0.5551261345731549,true,3.984454290918732,0.12409771324221824,3.0,(sqrt_abs((5289.662338104/(912.592788133352-exp(v1))))--11.9996459898543),-0.46538120374572733,2.3679492637046975,0.09442711879825592,2.3679492637046975,65.0,1.1825753322303543,(sqrt_abs((5290.0/(913.0-exp(v1))))--12.0)
309.95783495903015,0.40035046468813934,12.0,0.0,4973.0,-0.5551261345731549,true,3.9779394635691148,0.12400318788564843,3.0,(11.9978285327609+sqrt_abs((5340.43163536903/(915.010356808213-exp(v1))))),-0.46537968339504077,2.367955997686581,0.09443407884324327,2.367955997686581,65.0,1.182604398381279,(12.0+sqrt_abs((5340.0/(915.0-exp(v1)))))
652.1422560214996,0.4002398046530801,12.0,0.0,3823.0,-0.5551261345731549,true,3.9718588131662376,0.12395387721922338,3.0,(sqrt_abs((5386.71325817537/(917.59332789984-exp(v1))))--11.9968804271548),-0.46539000168076294,2.3679102956326137,0.09443827224275932,2.3679102956326137,65.0,1.1825246664256452,(sqrt_abs((5390.0/(918.0-exp(v1))))--12.0)
608.3950901031494,0.4001138460394489,12.0,0.0,3970.0,-0.5551261345731549,true,3.9686877371878886,0.12389774942948353,3.0,(11.9958012474161+sqrt_abs((5412.65039379869/(-918.787011238131+exp(v1))))),-0.4653819128766049,2.367946122801401,0.09444110606887411,2.367946122801401,65.0,1.1825477164196367,(12.0+sqrt_abs((5410.0/(-919.0+exp(v1)))))
1797.838052034378,0.37797333719009485,12.0,0.0,7.0,-0.558974358974359,true,4.181280433248578,0.1283507725755177,3.0,(sqrt_abs((-2207.45481768763/(-373.462422102024+pow3(v1))))--11.7761554310041),-0.43419976872488075,2.5060589908901063,0.09711200198417867,2.5060589908901063,65.0,1.2178758955029398,(sqrt_abs((-2210.0/(-373.0+pow3(v1))))--11.8)
1387.1178290843964,0.39799418375267476,12.0,0.0,1371.0,-0.5551261345731549,true,3.9001653856312792,0.12295321728737604,3.0,(sqrt_abs((-5996.7932690844/(-948.962664432909+exp(v1))))--11.9776405474303),-0.46497444847524916,2.3697508760871746,0.0944867828855756,2.3697508760871746,65.0,1.1823282652667362,(sqrt_abs((-6000.0/(-949.0+exp(v1))))--12.0)
1038.8051970005035,0.4001002605088255,12.0,0.0,2528.0,-0.5551261345731549,true,3.967636238767902,0.12389169564892574,3.0,(11.9956848502205+sqrt_abs((5420.19094071147/(919.182401692758-exp(v1))))),-0.46538167753228254,2.367947165195381,0.0944430085787766,2.367947165195381,65.0,1.182549129859289,(12.0+sqrt_abs((5420.0/(919.0-exp(v1)))))
683.7562580108643,0.4002662736819505,12.0,0.0,3717.0,-0.5551261345731549,true,3.9750157221798617,0.1239656719511914,3.0,(sqrt_abs((5363.35907946491/(-916.172852324649+exp(v1))))--11.9971072067202),-0.46538011152913183,2.3679541013824994,0.09443638387779943,2.3679541013824994,65.0,1.1825952507821123,(sqrt_abs((5360.0/(-916.0+exp(v1))))--12.0)
652.1422560214996,0.4002398046530801,12.0,0.0,3823.0,-0.5551261345731549,true,3.9718588131662376,0.12395387721922338,3.0,(sqrt_abs((5386.71325817537/(917.59332789984-exp(v1))))--11.9968804271548),-0.46539000168076294,2.3679102956326137,0.09443827224275932,2.3679102956326137,65.0,1.1825246664256452,(sqrt_abs((5390.0/(918.0-exp(v1))))--12.0)
1651.4327991008759,0.4003319185166876,12.0,0.0,493.0,-0.5551261345731549,true,3.9772871426035685,0.12399492361866664,3.0,(11.9976696341204+sqrt_abs((-5345.53654550685/(-915.270436162884+exp(v1))))),-0.46537994672547456,2.367954831335695,0.09443457712861217,2.367954831335695,65.0,1.1826019000895742,(12.0+sqrt_abs((-5350.0/(-915.0+exp(v1)))))
747.473140001297,0.4004068844682394,12.0,0.0,3503.0,-0.5551261345731549,true,3.979906713377222,0.12402832882252676,3.0,(11.9983119223584+sqrt_abs((5325.07246150879/(914.231978883134-exp(v1))))),-0.46537868313468667,2.3679604280691,0.09443252628969959,2.3679604280691,65.0,1.182610735094137,(12.0+sqrt_abs((5330.0/(914.0-exp(v1)))))
1782.2854120731354,0.3939416851809654,13.0,0.0,58.0,-0.6187187058998166,true,3.7246456730865276,0.1211474036051083,3.0,(11.9429198227127-(-4761.6762218577/(1745.73416426483-exp(pow3(log(v1)))))),-0.46106411376901524,2.387070645338351,0.0958469081463633,2.387070645338351,65539.0,1.2007797198189354,(11.9-(-4760.0/(1750.0-exp(pow3(log(v1))))))
1799.8643350601196,0.3426756446853366,13.0,0.0,0.0,-0.48444444444444446,true,3.507759648658398,0.1641094219457698,3.0,(sqrt_abs((-277.197873926243/(v1+(8.27091823114338+v1))))--10.5056565217575),-0.29312770065415106,3.1308995353263773,0.1203389439213512,3.1308995353263773,65.0,1.5224673642984219,(sqrt_abs((-277.0/(v1+(8.27+v1))))--10.5)
1788.683277130127,0.4012197266473189,14.0,0.0,37.0,-0.5551261345731549,true,3.8904153689756793,0.12439053537183405,3.0,(12.0052761369137+sqrt_abs((6346.01602093136/(1015.50739682631-exp(pow3(log(v1))))))),-0.4660653554386306,2.3649189989462878,0.09548724734819937,2.3649189989462878,1.7976931348623157e308,1.19712758466098,(12.0+sqrt_abs((6350.0/(1020.0-exp(pow3(log(v1)))))))
1380.288743019104,0.3253401999107359,14.0,0.0,1393.0,-0.5247863247863248,true,3.587751764626258,0.13640743596015076,3.0,(13.77790418604-log(sqrt_abs((v1+((8.88322906918242/v1)-7.91188210996901))))),-0.4680315789028746,2.3562101442687937,0.10182662435478504,2.3562101442687937,1.8446744073709552e19,1.244407392708094,(13.8-log(sqrt_abs((v1+((8.88/v1)-7.91)))))
1579.0133521556854,0.4011914654909143,14.0,0.0,734.0,-0.5551261345731549,true,3.889703679569587,0.12437794205884954,3.0,(sqrt_abs((6352.49724253651/(1015.7693723008-exp(pow3(log(v1))))))--12.0050340028785),-0.4660635567394742,2.364926965797384,0.09548838526197022,2.364926965797384,1.7976931348623157e308,1.1971405677764937,(sqrt_abs((6350.0/(1020.0-exp(pow3(log(v1))))))--12.0)
1799.8134920597076,0.3946232538532121,14.0,0.0,0.0,-0.6132570216519592,true,3.7739363021956915,0.12276279954506156,4.0,(11.9487593209448+(3374.68056691397/(1264.9514427965-exp((-0.270718287469055+v1))))),-0.4549295454679032,2.414242055310355,0.09656721833524771,2.414242055310355,11.0,1.2121994830287512,(11.9+(3370.0/(1260.0-exp((-0.271+v1)))))
1799.8179609775543,0.39430369018369543,14.0,0.0,0.0,-0.6132570216519592,true,3.76807505479246,0.12284464147132641,4.0,((3338.49067735046/(1247.35812423276-exp((v1-0.290491049443053))))--11.946021384829),-0.45470621885668927,2.4152312200914943,0.09662239668888074,2.4152312200914943,11.0,1.2130778178299517,((3340.0/(1250.0-exp((v1-0.29))))--11.9)
598.6914629936218,0.32542917392648735,14.0,0.0,4002.0,-0.5247863247863248,true,3.58466639533016,0.1364770280317318,3.0,(13.7786659857786-log(sqrt_abs((v1+((8.88367212994029/v1)-7.91201404454102))))),-0.46822687661771156,2.35534512589815,0.10186321086117198,2.35534512589815,1.8446744073709552e19,1.2450213347669445,(13.8-log(sqrt_abs((v1+((8.88/v1)-7.91)))))
1568.8980610370636,0.4011749303252105,14.0,0.0,768.0,-0.5551261345731549,true,3.889286315254571,0.12437057390611098,3.0,(sqrt_abs((6356.30282490868/(1015.92370355964-exp(pow3(log(v1))))))--12.0048923339979),-0.4660624814965719,2.3649317282948057,0.09548904473301717,2.3649317282948057,1.7976931348623157e308,1.1971480193731767,(sqrt_abs((6360.0/(1020.0-exp(pow3(log(v1))))))--12.0)
1690.5403909683228,0.3250755854101842,14.0,0.0,363.0,-0.5247863247863248,true,3.5850437176785164,0.13621502385967726,3.0,(13.7756200544888-log(sqrt_abs((7.9162456852159-(v1+(8.88914094459898/v1)))))),-0.46783780295164623,2.357068422399397,0.10192971287982384,2.357068422399397,1.8446744073709552e19,1.2463373808166698,(13.8-log(sqrt_abs((7.92-(v1+(8.89/v1))))))
1642.621505022049,0.4011817551567743,14.0,0.0,522.0,-0.5551261345731549,true,3.889467099325408,0.12437361508527289,3.0,(12.0049508073308+sqrt_abs((6354.64914793717/(1015.8536974001-exp(pow3(log(v1))))))),-0.4660628388963145,2.364930145289376,0.09548879911600383,2.364930145289376,1.7976931348623157e308,1.1971457345776904,(12.0+sqrt_abs((6350.0/(1020.0-exp(pow3(log(v1)))))))
1799.8629930019379,0.3752733024349371,14.0,0.0,0.0,-0.5131623931623932,true,4.668768547550377,0.1523811363272966,3.0,log((1.51988196456512e6/sqrt_abs(((-60.4066834164082/(-13.3549318211389-v1))-v1)))),-0.29148048272287586,3.1381954413342705,0.10635673203733119,3.1381954413342705,3.6893488147419103e19,1.3617753871954767,log((1.52e6/sqrt_abs(((-60.4/(-13.4-v1))-v1))))
1475.9048240184784,0.3254297416895077,14.0,0.0,1077.0,-0.5247863247863248,true,3.5846714646018416,0.1364774657203014,3.0,(13.7786708553943-log(sqrt_abs((v1+((8.8836703240874/v1)-7.9120127152845))))),-0.4682269984829851,2.3553445861289033,0.10186248352776581,2.3553445861289033,1.8446744073709552e19,1.245008558585115,(13.8-log(sqrt_abs((v1+((8.88/v1)-7.91)))))
236.345388174057,0.3251658964719054,14.0,0.0,5225.0,-0.5247863247863248,true,3.585822254655193,0.1362852941900571,3.0,(13.7763938207314-log(sqrt_abs((7.91624434651156-(v1+(8.88913881195558/v1)))))),-0.4678279665676375,2.357111990000152,0.10193130241519438,2.357111990000152,1.8446744073709552e19,1.2463013360537547,(13.8-log(sqrt_abs((7.92-(v1+(8.89/v1))))))
1747.744266986847,0.32549444764030555,14.0,0.0,173.0,-0.5247863247863248,true,3.585230148272082,0.13652765912830794,3.0,(13.7792254359586-log(sqrt_abs(((7.9119620352171-(8.88360171583052/v1))-v1)))),-0.46822569255267976,2.355350370393741,0.10183701076263393,2.355350370393741,1.8446744073709552e19,1.2445320267332294,(13.8-log(sqrt_abs(((7.91-(8.88/v1))-v1))))
1078.975224018097,0.40099984862462373,14.0,0.0,2394.0,-0.5551261345731549,true,3.8817076883013417,0.1242925566225372,3.0,(12.0033922807785+sqrt_abs((6424.36152670954/(1019.38846374547-exp(pow3(log(v1))))))),-0.4660662209609202,2.364915165349559,0.09549480949053811,2.364915165349559,1.7976931348623157e308,1.1970789358946061,(12.0+sqrt_abs((6420.0/(1020.0-exp(pow3(log(v1)))))))
1798.4082570075989,0.39797236885643844,14.0,0.0,5.0,-0.6132570216519592,true,3.8904814128985663,0.12333460977378469,4.0,((2904.50145983936/(1151.55095326443-exp((-0.255395763738037+v1))))--11.9774536432295),-0.4576352472005625,2.40225788178233,0.09551928642914281,2.40225788178233,11.0,1.1965093326430054,((2900.0/(1150.0-exp((-0.255+v1))))--12.0)
1435.840008020401,0.39948936905867105,14.0,0.0,1210.0,-0.5551261345731549,true,3.846383652696634,0.12361947935498428,3.0,(sqrt_abs((6763.3542623641/(-1033.07837066014+exp(pow3(log(v1))))))--11.9904508955385),-0.46581867521251075,2.3660116022440087,0.09554656230948856,2.3660116022440087,1.7976931348623157e308,1.197731672855126,(sqrt_abs((6760.0/(-1030.0+exp(pow3(log(v1))))))--12.0)
1078.975224018097,0.40099984862462373,14.0,0.0,2394.0,-0.5551261345731549,true,3.8817076883013417,0.1242925566225372,3.0,(12.0033922807785+sqrt_abs((6424.36152670954/(1019.38846374547-exp(pow3(log(v1))))))),-0.4660662209609202,2.364915165349559,0.09549480949053811,2.364915165349559,1.7976931348623157e308,1.1970789358946061,(12.0+sqrt_abs((6420.0/(1020.0-exp(pow3(log(v1)))))))
1799.139641046524,0.4434807921900314,14.0,0.0,3.0,-0.49743589743589745,true,4.3421229397333825,0.13831875163616672,4.0,(9.83644917219108+sqrt_abs((7.04811360227702-(81.0430194632226/(v1-8.89704454488237))))),-0.4256889134758203,2.5437555207572022,0.09624842119652663,2.5437555207572022,33.0,1.2080859975406164,(9.84+sqrt_abs((7.05-(81.0/(v1-8.9)))))
1800.0132160186768,0.39430379883462985,14.0,0.0,0.0,-0.6132570216519592,true,3.7680845948316417,0.12284455646088238,4.0,((3333.30085469068/(1245.42394664269-exp((-0.292032038544476+v1))))--11.9460223157211),-0.45470647987419377,2.4152300639851023,0.09662228943808207,2.4152300639851023,11.0,1.2130762990000368,((3330.0/(1250.0-exp((-0.292+v1))))--11.9)
1800.0317871570587,0.490571958953383,14.0,0.0,0.0,-0.5466666666666666,true,4.20308943719604,0.16596824355858897,4.0,(8.29231649605867+sqrt_abs(((-0.307911057220757/(-1.35735135472751+v1))-20.0547094001482))),-0.272960784278362,3.2202234332473383,0.11506205981411775,3.2202234332473383,33.0,1.4184657762113833,(8.29+sqrt_abs(((-0.308/(-1.36+v1))-20.1)))
553.0594770908356,0.33337632229082714,15.0,0.0,4154.0,-0.530940170940171,true,3.1493547186104465,0.14057796682859303,3.0,(13.8516173395899-log(sqrt_abs(((6.60355521455137-(13.0509664794704/pow3(v1)))-v1)))),-0.5001172175202636,2.21409549197474,0.09950714864378647,2.21409549197474,1.157920892373162e77,1.2131940106061654,(13.9-log(sqrt_abs(((6.6-(13.1/pow3(v1)))-v1))))
1487.5197479724884,0.3253200171625792,15.0,0.0,1038.0,-0.574017094017094,true,3.571383753190485,0.13427082100191143,3.0,(16.3213872414306+log(sqrt_abs(((15.529920589897-v1)/(284.928422390557-pow3(v1)))))),-0.48259656440012455,2.2916984830145952,0.09675858649720036,2.2916984830145952,1.7976931348623157e308,1.211756189332186,(16.3+log(sqrt_abs(((15.5-v1)/(285.0-pow3(v1))))))
1735.818600177765,0.325331862873876,15.0,0.0,212.0,-0.574017094017094,true,3.5713005616973827,0.13428201726005737,3.0,(log(sqrt_abs(((15.5295187270481-v1)/(284.92980202022-pow3(v1)))))--16.3214870503451),-0.4825940438359282,2.2917096471715137,0.09675558039355685,2.2917096471715137,1.7976931348623157e308,1.2117199904214506,(log(sqrt_abs(((15.5-v1)/(285.0-pow3(v1)))))--16.3)
1643.4371981620789,0.333701009343786,15.0,0.0,519.0,-0.530940170940171,true,3.150531971226455,0.14083316574262544,3.0,(13.8543994589051-log(sqrt_abs((v1+((13.0513443112858/pow3(v1))-6.60348140097476))))),-0.5001760107469121,2.2138350832896574,0.09952635969046031,2.2138350832896574,1.157920892373162e77,1.2133142302068682,(13.9-log(sqrt_abs((v1+((13.1/pow3(v1))-6.6)))))
1028.343060016632,0.3336730792289518,15.0,0.0,2562.0,-0.530940170940171,true,3.1502934378100633,0.14081119898152505,3.0,(13.8541601597483-log(sqrt_abs(((6.60348175981056-(13.0513449235301/pow3(v1)))-v1)))),-0.5001781428484803,2.2138256397228133,0.09952615734203378,2.2138256397228133,1.157920892373162e77,1.2133290251502775,(13.9-log(sqrt_abs(((6.6-(13.1/pow3(v1)))-v1))))
1731.6929070949554,0.3336719061998088,15.0,0.0,226.0,-0.530940170940171,true,3.1502833389910094,0.14081027782278155,3.0,(13.8541501071479-log(sqrt_abs((v1+((13.0513464500073/pow3(v1))-6.6034823762157))))),-0.5001782327535035,2.2138252415128457,0.09952586030685044,2.2138252415128457,1.157920892373162e77,1.2133247923432942,(13.9-log(sqrt_abs((v1+((13.1/pow3(v1))-6.6)))))
580.7605710029602,0.4211573407199982,15.0,0.0,4062.0,-0.537094017094017,true,4.1096010492203,0.12904530077836596,3.0,(11.1768076562151+sqrt_abs(((pow3(v1)-3905.44985263302)/(-405.918219423088+pow3(v1))))),-0.4682757329908338,2.355128729816357,0.0921838457226724,2.355128729816357,6.7108865e7,1.1509658432261731,(11.2+sqrt_abs(((pow3(v1)-3910.0)/(-406.0+pow3(v1)))))
1776.4981110095978,0.4211352162020066,15.0,0.0,77.0,-0.537094017094017,true,4.108695799364506,0.12907250493352215,3.0,(sqrt_abs(((pow3(v1)-3910.02661839725)/(-406.107343010403+pow3(v1))))--11.1766189915322),-0.46827548473606895,2.355129829393648,0.09219799058886917,2.355129829393648,6.7108865e7,1.1511387795911006,(sqrt_abs(((pow3(v1)-3910.0)/(-406.0+pow3(v1))))--11.2)
1799.8880450725555,0.4078434051419797,15.0,0.0,0.0,-0.5316239316239316,true,4.605091616046845,0.12842063188387717,3.0,(12.0268511936599+sqrt_abs(((-42.9530135940804/(-6.44444179115203+v1))/(v1+v1)))),-0.4228836996654193,2.5561804561006913,0.09691274161406999,2.5561804561006913,131073.0,1.220239480031267,(12.0+sqrt_abs(((-43.0/(-6.44+v1))/(v1+v1))))
1028.343060016632,0.3336730792289518,15.0,0.0,2562.0,-0.530940170940171,true,3.1502934378100633,0.14081119898152505,3.0,(13.8541601597483-log(sqrt_abs(((6.60348175981056-(13.0513449235301/pow3(v1)))-v1)))),-0.5001781428484803,2.2138256397228133,0.09952615734203378,2.2138256397228133,1.157920892373162e77,1.2133290251502775,(13.9-log(sqrt_abs(((6.6-(13.1/pow3(v1)))-v1))))
1413.639503955841,0.3336727754960576,15.0,0.0,1283.0,-0.530940170940171,true,3.1502908140973496,0.14081096062459028,3.0,(13.8541575565618-log(sqrt_abs((v1+((13.0513454871402/pow3(v1))-6.60348198690879))))),-0.5001781662671809,2.2138255359960173,0.09952604775421843,2.2138255359960173,1.157920892373162e77,1.2133273789411356,(13.9-log(sqrt_abs((v1+((13.1/pow3(v1))-6.6)))))
1783.2505061626434,0.3337130178678802,15.0,0.0,55.0,-0.530940170940171,true,3.1506347259597387,0.14084260717950742,3.0,(13.8545023505345-log(sqrt_abs((6.60347991032056-(v1+(13.0513407065082/pow3(v1))))))),-0.5001750845304211,2.2138391857149236,0.09952706395833501,2.2138391857149236,1.157920892373162e77,1.2133182164172882,(13.9-log(sqrt_abs((6.6-(v1+(13.1/pow3(v1)))))))
1486.4640760421753,0.41039783939162183,15.0,0.0,1042.0,-0.537094017094017,true,3.9421098293339742,0.1329281336511995,4.0,(sqrt_abs((0.749678570533281-(4332.22878399975/(-448.220958103466+pow3(v1)))))--11.219089291548),-0.46983129702041704,2.3482387799599262,0.09135035280880856,2.3482387799599262,129.0,1.1460832096887292,(sqrt_abs((0.75-(4330.0/(-448.0+pow3(v1)))))--11.2)
1521.3774671554565,0.333713018741019,15.0,0.0,926.0,-0.530940170940171,true,3.1506347334941864,0.14084260786470662,3.0,(13.8545023580179-log(sqrt_abs((6.60347990966612-(v1+(13.0513407048868/pow3(v1))))))),-0.5001750844617653,2.2138391860190163,0.09952706428421966,2.2138391860190163,1.157920892373162e77,1.2133182213486573,(13.9-log(sqrt_abs((6.6-(v1+(13.1/pow3(v1)))))))
1133.446664094925,0.33371107405914996,15.0,0.0,2212.0,-0.530940170940171,true,3.15061792388809,0.1408410818976627,3.0,(13.8544856906131-log(sqrt_abs((v1+((13.0513444610677/pow3(v1))-6.60348142239388))))),-0.500175236417151,2.2138385129737617,0.09952633892883532,2.2138385129737617,1.157920892373162e77,1.2133072889111496,(13.9-log(sqrt_abs((v1+((13.1/pow3(v1))-6.6)))))
1735.4059209823608,0.411878240544004,15.0,0.0,214.0,-0.537094017094017,true,4.009896316854313,0.13222267122824533,4.0,(11.287762952071+sqrt_abs((0.655755596782594-(3803.07568443514/(-427.468476786986+pow3(v1)))))),-0.470094254260672,2.34707408203346,0.09107758729930274,2.34707408203346,129.0,1.1418095554362906,(11.3+sqrt_abs((0.656-(3800.0/(-427.0+pow3(v1))))))
1736.2826900482178,0.3337112323966719,15.0,0.0,211.0,-0.530940170940171,true,3.150619296630248,0.14084120611555115,3.0,(13.8544870477317-log(sqrt_abs(((6.60348128753871-(13.0513441251879/pow3(v1)))-v1)))),-0.5001752241199294,2.213838567440977,0.09952640039214575,2.213838567440977,1.157920892373162e77,1.2133082143802483,(13.9-log(sqrt_abs(((6.6-(13.1/pow3(v1)))-v1))))
341.60958099365234,0.3868260837784679,16.0,0.0,4866.0,-0.6300854700854701,true,3.671492997736582,0.13387146831926672,3.0,(14.3713401532538+log(sqrt_abs((((15.6437763212466-v1)/(6.55117847144764-v1))/v1)))),-0.49665438650547555,2.2294331647413017,0.09065768006733069,2.2294331647413017,1.7976931348623157e308,1.1298215640573577,(14.4+log(sqrt_abs((((15.6-v1)/(6.55-v1))/v1))))
1794.701982975006,0.3871650429331412,16.0,0.0,17.0,-0.6300854700854701,true,3.6686933412297194,0.1340248059402835,3.0,(log(sqrt_abs((((15.6401685501124-v1)/(6.55080974217354-v1))/v1)))--14.3742305880888),-0.4965797349175144,2.2297638137457616,0.09069859660256031,2.2297638137457616,1.7976931348623157e308,1.1302598364289376,(log(sqrt_abs((((15.6-v1)/(6.55-v1))/v1)))--14.4)
1799.8444900512695,0.396099259230828,16.0,0.0,0.0,-0.5551261345731549,true,3.8530101258555227,0.1221088294200561,4.0,(sqrt_abs(((6455.25199241892-pow3(-0.000610575817372667))/(971.88201341697-exp(v1))))--11.9614053405525),-0.464234929143414,2.37302637681701,0.0947130981172897,2.37302637681701,65537.0,1.1858398558317609,(sqrt_abs(((6460.0-pow3(-0.000611))/(972.0-exp(v1))))--12.0)
341.60958099365234,0.3868260837784679,16.0,0.0,4866.0,-0.6300854700854701,true,3.671492997736582,0.13387146831926672,3.0,(14.3713401532538+log(sqrt_abs((((15.6437763212466-v1)/(6.55117847144764-v1))/v1)))),-0.49665438650547555,2.2294331647413017,0.09065768006733069,2.2294331647413017,1.7976931348623157e308,1.1298215640573577,(14.4+log(sqrt_abs((((15.6-v1)/(6.55-v1))/v1))))
1799.880231142044,0.4221854092489272,16.0,0.0,0.0,-0.48034188034188036,true,3.61717175587909,0.14500562687978624,3.0,(sqrt_abs(((-4546.58150422303/(v1+v1))/(-148.303750415315+pow3(v1))))--12.1822887274131),-0.3175819014799812,3.022586271285301,0.11223970217272668,3.022586271285301,6.7108865e7,1.418734474377816,(sqrt_abs(((-4550.0/(v1+v1))/(-148.0+pow3(v1))))--12.2)
341.60958099365234,0.3868260837784679,16.0,0.0,4866.0,-0.6300854700854701,true,3.671492997736582,0.13387146831926672,3.0,(14.3713401532538+log(sqrt_abs((((15.6437763212466-v1)/(6.55117847144764-v1))/v1)))),-0.49665438650547555,2.2294331647413017,0.09065768006733069,2.2294331647413017,1.7976931348623157e308,1.1298215640573577,(14.4+log(sqrt_abs((((15.6-v1)/(6.55-v1))/v1))))
456.22844219207764,0.3865319701972556,16.0,0.0,4479.0,-0.6376068376068376,true,3.673593537537327,0.13373809619475088,3.0,(log(sqrt_abs((((-15.6537296179826+v1)/(6.55088391650471-v1))/v1)))--14.3688631067273),-0.49671786497850223,2.2291520040254467,0.0907274799352577,2.2291520040254467,1.7976931348623157e308,1.130976326443602,(log(sqrt_abs((((-15.7+v1)/(6.55-v1))/v1)))--14.4)
1164.0411701202393,0.35464860422321465,17.0,0.0,2110.0,-0.5876923076923077,true,3.038534459872297,0.13127889451932703,4.0,(14.0340294155848-log(sqrt_abs((v1+((0.03787461705747/(-1.34749433234275+v1))-6.56354557040686))))),-0.602583510512879,1.7602487796137092,0.08690495090296678,1.7602487796137092,3.402823669209385e38,1.0437918728772102,(14.0-log(sqrt_abs((v1+((0.0379/(-1.35+v1))-6.56)))))
557.4213571548462,0.35479913880052033,17.0,0.0,4140.0,-0.5876923076923077,true,3.039824199899746,0.13134649182395683,4.0,(14.0353193587222-log(sqrt_abs((6.56349228222086-(v1+(0.0377262386571484/(-1.34752274474286+v1))))))),-0.6025891715344962,1.7602237056506085,0.08685475995553966,1.7602237056506085,3.402823669209385e38,1.043123279293335,(14.0-log(sqrt_abs((6.56-(v1+(0.0377/(-1.35+v1)))))))
1056.08952999115,0.35483514396174126,17.0,0.0,2470.0,-0.5876923076923077,true,3.0401326824985784,0.1313626673518779,4.0,(14.0356277858973-log(sqrt_abs(((6.563506396908-(-0.0377097349843997/(1.34752638512973-v1)))-v1)))),-0.6025890837822181,1.7602240943255738,0.08684150842939077,1.7602240943255738,3.402823669209385e38,1.042903798887629,(14.0-log(sqrt_abs(((6.56-(-0.0377/(1.35-v1)))-v1))))
1637.108519077301,0.35480122951253246,17.0,0.0,540.0,-0.5876923076923077,true,3.039842112561516,0.13134743476653324,4.0,(14.0353372185183-log(sqrt_abs((v1+((-0.0377097318713142/(1.34752638454596-v1))-6.56350573972106))))),-0.602589363848713,1.7602228538468347,0.08683944626234799,1.7602228538468347,3.402823669209385e38,1.0429082387015602,(14.0-log(sqrt_abs((v1+((-0.0377/(1.35-v1))-6.56)))))
1799.784128189087,0.4352681726859384,17.0,0.0,0.0,-0.5254700854700854,true,3.7507640689361317,0.11945287103660442,4.0,(13.3663016713855+(v1/((8.75311573679548-(-0.308931440227289/(1.31143148861436-v1)))-v1))),-0.5311742552308343,2.0765367490071296,0.08544325050543848,2.0765367490071296,16.0,1.0269191693118442,(13.4+(v1/((8.75-(-0.309/(1.31-v1)))-v1)))
1799.7852380275726,0.33591295919850556,17.0,0.0,0.0,-0.530940170940171,true,2.878012460468959,0.1412929093215018,3.0,(13.8734473786868-log(sqrt_abs(((6.57868708592079-(5.91208522079762/(pow3(v1)-v1)))-v1)))),-0.5206056543175996,2.123347506365874,0.09784745775540292,2.123347506365874,1.7976931348623157e308,1.1908669420895737,(13.9-log(sqrt_abs(((6.58-(5.91/(pow3(v1)-v1)))-v1))))
1795.9250450134277,0.2428897296125952,17.0,0.0,13.0,-0.7223931623931624,true,4.46838890730147,0.09010585177449817,4.0,(10.8942807550046+log(sqrt_abs(((1489.37447238745/(-6.55053455663184+v1))-(146.614787990505-v1))))),-0.5707786015214661,1.901120016008831,0.07482727078404056,1.901120016008831,3.402823669209385e38,0.972914041457993,(10.9+log(sqrt_abs(((1490.0/(-6.55+v1))-(147.0-v1)))))
1015.8237421512604,0.3547981304034477,17.0,0.0,2604.0,-0.5876923076923077,true,3.0398155602231256,0.13134604357981247,4.0,(14.0353106558154-log(sqrt_abs((v1+((-0.0377097415737186/(1.3475263863714-v1))-6.56350840238587))))),-0.6025893659367496,1.7602228445984418,0.08683822483859419,1.7602228445984418,3.402823669209385e38,1.0428910959036923,(14.0-log(sqrt_abs((v1+((-0.0377/(1.35-v1))-6.56)))))
1499.3904321193695,0.3548473691037545,17.0,0.0,999.0,-0.5876923076923077,true,3.0402374242481347,0.1313681518332868,4.0,(14.0357326173715-log(sqrt_abs(((6.5634830573773+(0.0376710237140515/(1.34753333255183-v1)))-v1)))),-0.6025892102611622,1.7602235341213228,0.08683806434790678,1.7602235341213228,3.402823669209385e38,1.0428855610034633,(14.0-log(sqrt_abs(((6.56+(0.0377/(1.35-v1)))-v1))))
1071.3380951881409,0.3548501264477201,17.0,0.0,2419.0,-0.5876923076923077,true,3.0402610484343224,0.1313693883422291,4.0,(14.0357562678289-log(sqrt_abs(((6.56347634284499-(-0.037675628145728/(1.34753243919447-v1)))-v1)))),-0.6025892046750052,1.7602235588636934,0.08683852771492477,1.7602235588636934,3.402823669209385e38,1.0429022153959366,(14.0-log(sqrt_abs(((6.56-(-0.0377/(1.35-v1)))-v1))))
1799.3010630607605,0.3542875093845015,17.0,0.0,2.0,-0.5774358974358974,true,3.035440695798094,0.13111674584969868,4.0,(14.0309351450034-log(sqrt_abs((v1+((0.0384554462585818/(-1.3473830109145+v1))-6.56368003524593))))),-0.6024969970131424,1.760631967745958,0.08711929130735095,1.760631967745958,3.402823669209385e38,1.046580791784294,(14.0-log(sqrt_abs((v1+((0.0385/(-1.35+v1))-6.56)))))
1788.184072971344,0.3548464372270019,17.0,0.0,39.0,-0.5876923076923077,true,3.040229440177166,0.13136773250112346,4.0,(14.0357246438463-log(sqrt_abs(((6.56348038275754-(-0.0376756429452292/(1.34753244198223-v1)))-v1)))),-0.6025892340282064,1.7602234288516327,0.0868370078614506,1.7602234288516327,3.402823669209385e38,1.0428796509581348,(14.0-log(sqrt_abs(((6.56-(-0.0377/(1.35-v1)))-v1))))
505.108430147171,0.35478131480182096,17.0,0.0,4315.0,-0.5876923076923077,true,3.0396714886424174,0.13133849181288434,4.0,(14.0351665718483-log(sqrt_abs((v1+((0.0377263523720454/(-1.34752275001519+v1))-6.5635117086737))))),-0.6025892207316561,1.7602234877451042,0.08684638251660794,1.7602234877451042,3.402823669209385e38,1.0430018343365897,(14.0-log(sqrt_abs((v1+((0.0377/(-1.35+v1))-6.56)))))
1256.996481180191,0.3548508777315902,17.0,0.0,1804.0,-0.5876923076923077,true,3.0402674852337377,0.1313697258713106,4.0,(14.0357627033065-log(sqrt_abs((6.56347668243443-(v1+(-0.0376756293592536/(1.34753243942601-v1))))))),-0.6025891990814066,1.7602235836390245,0.08683841258335133,1.7602235836390245,3.402823669209385e38,1.0428995842074427,(14.0-log(sqrt_abs((6.56-(v1+(-0.0377/(1.35-v1)))))))
1174.879655122757,0.35479837572926903,17.0,0.0,2075.0,-0.5876923076923077,true,3.039817662109199,0.1313461496519262,4.0,(14.035312813289-log(sqrt_abs((6.56349424564107-(v1+(0.0377262457958438/(-1.34752274610374+v1))))))),-0.6025891756905832,1.7602236872423456,0.0868539840439606,1.7602236872423456,3.402823669209385e38,1.0431110101266416,(14.0-log(sqrt_abs((6.56-(v1+(0.0377/(-1.35+v1)))))))
1799.967097043991,0.35411574830153214,17.0,0.0,0.0,-0.5794871794871795,true,3.0339690927429785,0.1310375008989973,4.0,(14.0294917288673-log(sqrt_abs((v1+((-0.0498670688642344/(1.34517898469363-v1))-6.55652409916871))))),-0.593421502838432,1.8008294129149844,0.09090259238057617,1.8008294129149844,3.402823669209385e38,1.099894732648721,(14.0-log(sqrt_abs((v1+((-0.0499/(1.35-v1))-6.56)))))
1394.0693080425262,0.35484970293923446,17.0,0.0,1348.0,-0.5876923076923077,true,3.0402574199268013,0.13136919870248492,4.0,(14.0357526313976-log(sqrt_abs(((6.56347837850242-(-0.0376756355722753/(1.34753244059368-v1)))-v1)))),-0.602589209039782,1.7602235395310957,0.08683778041606581,1.7602235395310957,3.402823669209385e38,1.0428898788943413,(14.0-log(sqrt_abs(((6.56-(-0.0377/(1.35-v1)))-v1))))
557.4213571548462,0.35479913880052033,17.0,0.0,4140.0,-0.5876923076923077,true,3.039824199899746,0.13134649182395683,4.0,(14.0353193587222-log(sqrt_abs((6.56349228222086-(v1+(0.0377262386571484/(-1.34752274474286+v1))))))),-0.6025891715344962,1.7602237056506085,0.08685475995553966,1.7602237056506085,3.402823669209385e38,1.043123279293335,(14.0-log(sqrt_abs((6.56-(v1+(0.0377/(-1.35+v1)))))))
505.108430147171,0.35478131480182096,17.0,0.0,4315.0,-0.5876923076923077,true,3.0396714886424174,0.13133849181288434,4.0,(14.0351665718483-log(sqrt_abs((v1+((0.0377263523720454/(-1.34752275001519+v1))-6.5635117086737))))),-0.6025892207316561,1.7602234877451042,0.08684638251660794,1.7602234877451042,3.402823669209385e38,1.0430018343365897,(14.0-log(sqrt_abs((v1+((0.0377/(-1.35+v1))-6.56)))))
1656.5578689575195,0.35483780600299125,17.0,0.0,476.0,-0.5876923076923077,true,3.040155490156568,0.1313638625687027,4.0,(14.0356505993006-log(sqrt_abs((v1+((-0.0377097296539798/(1.34752638411503-v1))-6.56350492091578))))),-0.6025890728038974,1.7602241429510743,0.0868422542520429,1.7602241429510743,3.402823669209385e38,1.0429133772211623,(14.0-log(sqrt_abs((v1+((-0.0377/(1.35-v1))-6.56)))))
1799.7588641643524,0.2437686797058511,17.0,0.0,1.0,-0.6622222222222223,true,3.436374331891761,0.14148927644257717,4.0,(log(sqrt_abs((v1+((1745.22284483146/(-2.19266689976908+v1))-148.157433934636))))--11.105604888158),-0.45854867333977745,2.3982121079169945,0.0873470007750164,2.3982121079169945,3.402823669209385e38,1.1478918840177241,(log(sqrt_abs((v1+((1750.0/(-2.19+v1))-148.0))))--11.1)
1621.291820049286,0.41989498894534144,18.0,0.0,593.0,-0.5213675213675214,true,3.5975480468410126,0.10922331668764693,4.0,(11.8282360137659+exp((v1/((10.870496693379-(-0.402699036165333/(1.30898399943676-v1)))-v1)))),-0.6301377589214585,1.6382046938311363,0.07951812750361394,1.6382046938311363,32769.0,0.9529771429213559,(11.8+exp((v1/((10.9-(-0.403/(1.31-v1)))-v1))))
1640.9946851730347,0.4198888298232507,18.0,0.0,527.0,-0.5213675213675214,true,3.5974952771289868,0.10922428477820448,4.0,(exp((v1/((10.8704332858113-(-0.402697684393708/(1.30898384464384-v1)))-v1)))--11.8281830568653),-0.6301364179310756,1.6382106333850999,0.07951826502860487,1.6382106333850999,32769.0,0.9529824935036892,(exp((v1/((10.9-(-0.403/(1.31-v1)))-v1)))--11.8)
1456.347766160965,0.41988929619174103,18.0,0.0,1141.0,-0.5213675213675214,true,3.597499272849573,0.10922312180098676,4.0,(11.828187123345+exp((v1/((10.8704570840932-(0.402675404710569/(-1.30898650050452+v1)))-v1)))),-0.6301365083681953,1.638210232818354,0.079518288734102,1.638210232818354,32769.0,0.9529832746704648,(11.8+exp((v1/((10.9-(0.403/(-1.31+v1)))-v1))))
1663.334146976471,0.4198888353194414,18.0,0.0,453.0,-0.5213675213675214,true,3.5974953242188796,0.10922386196249265,4.0,(exp((v1/((10.870437660209-(0.402674972883663/(-1.30898644932339+v1)))-v1)))--11.8281831173725),-0.630136405698917,1.6382106875641351,0.07951822547628426,1.6382106875641351,32769.0,0.952982324583417,(exp((v1/((10.9-(0.403/(-1.31+v1)))-v1)))--11.8)
1799.536092042923,0.3923276241253614,18.0,0.0,1.0,-0.532991452991453,true,3.361358232540603,0.1261464953042778,4.0,(sqrt_abs(((-28.9908704997728/(-6.44967591432656+v1))/(v1+(v1-3.21804763375436))))--11.9000187488439),-0.4370639571360009,2.4933728435141775,0.09844037320394396,2.4933728435141775,2.097153e6,1.2252893673325609,(sqrt_abs(((-29.0/(-6.45+v1))/(v1+(v1-3.22))))--11.9)
1456.347766160965,0.41988929619174103,18.0,0.0,1141.0,-0.5213675213675214,true,3.597499272849573,0.10922312180098676,4.0,(11.828187123345+exp((v1/((10.8704570840932-(0.402675404710569/(-1.30898650050452+v1)))-v1)))),-0.6301365083681953,1.638210232818354,0.079518288734102,1.638210232818354,32769.0,0.9529832746704648,(11.8+exp((v1/((10.9-(0.403/(-1.31+v1)))-v1))))
1681.1919651031494,0.41989047804081125,18.0,0.0,394.0,-0.5213675213675214,true,3.5975093986165536,0.1092220435109923,4.0,(exp((v1/((10.8704919525114-(-0.402690342246898/(1.30898498111563-v1)))-v1)))--11.8281973517354),-0.6301367780226449,1.6382090384569519,0.07951841432536076,1.6382090384569519,32769.0,0.9529846909570079,(exp((v1/((10.9-(-0.403/(1.31-v1)))-v1)))--11.8)
1713.9694240093231,0.41988931584931743,18.0,0.0,285.0,-0.5213675213675214,true,3.5974994412704344,0.10922309003493308,4.0,(exp((v1/((10.8704579193724-(0.402675434685586/(-1.30898650142813+v1)))-v1)))--11.8281872942315),-0.6301365127549683,1.6382102133883305,0.0795182916178819,1.6382102133883305,32769.0,0.9529833183693945,(exp((v1/((10.9-(0.403/(-1.31+v1)))-v1)))--11.8)
1713.9698181152344,0.4198891353173927,18.0,0.0,285.0,-0.5213675213675214,true,3.597497894521151,0.10922362528038568,4.0,(11.8281857178636+exp((v1/((10.8704479921896-(-0.402689356922923/(1.30898486737091-v1)))-v1)))),-0.6301364809353902,1.6382103543245397,0.07951829308558281,1.6382103543245397,32769.0,0.9529830809880739,(11.8+exp((v1/((10.9-(-0.403/(1.31-v1)))-v1))))
1727.8240711688995,0.28598703490193783,18.0,0.0,239.0,-0.5658119658119658,true,2.450260483978404,0.13182166552826363,4.0,(0.0167985140588471*(799.529792009697-(pow2(v1)/(v1+((9.23514254968815/v1)-8.17774820720246))))),-0.6208582701604655,1.6793056778090714,0.09156507226002121,1.6793056778090714,27.0,1.100430344348091,(0.0168*(800.0-(pow2(v1)/(v1+((9.24/v1)-8.18)))))
1648.9024760723114,0.2830559777013912,18.0,0.0,501.0,-0.5658119658119658,true,2.425147969219676,0.13373404986945844,4.0,((-0.0167686587122221*(pow2(v1)/(v1+((9.19360226334572/v1)-8.14703661467107))))--13.4009346135101),-0.6211837458165004,1.677864071480484,0.0920670002996691,1.677864071480484,27.0,1.1109609862601222,((-0.0168*(pow2(v1)/(v1+((9.19/v1)-8.15))))--13.4)
1799.6830451488495,0.39585961212192544,18.0,0.0,1.0,-0.5261538461538462,true,3.3916193617586963,0.12924877376970845,4.0,(11.9265562652854+sqrt_abs(((-18.6676713870381/(v1+(-1.34895731666473/v1)))/(-6.44871411212466+v1)))),-0.4403237099907584,2.478934650494471,0.09850702689698172,2.478934650494471,524289.0,1.226366376700299,(11.9+sqrt_abs(((-18.7/(v1+(-1.35/v1)))/(-6.45+v1))))
995.5701460838318,0.28376928480171326,18.0,0.0,2672.0,-0.5658119658119658,true,2.431259393821353,0.13386996996030176,4.0,(13.3948086643368-(0.0166835675269506*(pow2(v1)/(v1+((9.19236473110722/v1)-8.14607901261768))))),-0.6213860259514469,1.6769681263697538,0.0919742612709323,1.6769681263697538,27.0,1.1098723469069822,(13.4-(0.0167*(pow2(v1)/(v1+((9.19/v1)-8.15)))))
1301.4388930797577,0.2830719860049878,18.0,0.0,1656.0,-0.5658119658119658,true,2.4252851240866153,0.13373666198940137,4.0,(13.4008063487725+(-0.0167668151954834*(pow2(v1)/(v1+((9.19355418031209/v1)-8.14700028366314))))),-0.6211874819604531,1.6778475232420307,0.0920653610563818,1.6778475232420307,27.0,1.110942722403057,(13.4+(-0.0168*(pow2(v1)/(v1+((9.19/v1)-8.15)))))
1629.8412520885468,0.41989567003519557,18.0,0.0,565.0,-0.5213675213675214,true,3.597553882236859,0.10922309746648048,4.0,(exp((v1/((10.8705015754242-(0.402677995222815/(-1.30898641414329+v1)))-v1)))--11.8282418640411),-0.6301378937028965,1.6382040968532354,0.07951804511317924,1.6382040968532354,32769.0,0.9529758366226362,(exp((v1/((10.9-(0.403/(-1.31+v1)))-v1)))--11.8)
1669.4871301651,0.41988873569802226,18.0,0.0,433.0,-0.5213675213675214,true,3.5974944706891847,0.10922440151285077,4.0,(11.8281822385829+exp((v1/((10.8704292457048-(-0.402693775912774/(1.30898426792669-v1)))-v1)))),-0.6301363945835559,1.638210736796619,0.07951824057370761,1.638210736796619,32769.0,0.9529821810128692,(11.8+exp((v1/((10.9-(-0.403/(1.31-v1)))-v1))))
1683.9867751598358,0.41988969673365556,18.0,0.0,385.0,-0.5213675213675214,true,3.5975027045856507,0.10922246222011703,4.0,(11.8281906070264+exp((v1/((10.8704746926764-(0.402677492099234/(-1.30898635424522+v1)))-v1)))),-0.6301365987374299,1.6382098325522882,0.07951835224342486,1.6382098325522882,32769.0,0.9529842155631079,(11.8+exp((v1/((10.9-(0.403/(-1.31+v1)))-v1))))
1646.947867155075,0.4198958540912319,18.0,0.0,508.0,-0.5213675213675214,true,3.597555459179789,0.10922308929145397,4.0,(exp((v1/((10.8705063783718-(-0.402693578217824/(1.30898466728771-v1)))-v1)))--11.8282434548213),-0.6301379438073185,1.6382038749292593,0.07951809699056091,1.6382038749292593,32769.0,0.9529763248532521,(exp((v1/((10.9-(-0.403/(1.31-v1)))-v1)))--11.8)
742.4154191017151,0.3966112697283999,19.0,0.0,3520.0,-0.6478729904710121,true,3.3980593632477767,0.11574716530439277,5.0,((2613.41012930575/(1239.53549322203-exp((v1+(-0.0382523448162861/(1.34764389876298-v1))))))--11.9657921096591),-0.6524062737845207,1.539572334207354,0.07748701489311507,1.539572334207354,67.0,0.9274807736777025,((2610.0/(1240.0-exp((v1+(-0.0383/(1.35-v1))))))--12.0)
1796.4840841293335,0.36258128225851494,19.0,0.0,11.0,-0.5623931623931624,true,3.106499525242077,0.13304875107353606,5.0,(11.287763510784+sqrt_abs((19.4400865131913/(v1+((-0.0229283819452795/(1.34886226548822-v1))-4.85390621377746))))),-0.5755124075064535,1.8801529036004965,0.08878201773110041,1.8801529036004965,257.0,1.0919986647770108,(11.3+sqrt_abs((19.4/(v1+((-0.0229/(1.35-v1))-4.85)))))
761.5710911750793,0.399054569364874,19.0,0.0,3455.0,-0.6478729904710121,true,3.4189929015524907,0.11420021041695075,5.0,(11.9867256479638-(-2156.35678486058/(1129.65363118897-exp((v1+(-0.0381422723843333/(1.34759759369579-v1))))))),-0.6532897541538236,1.5356591970250368,0.07727592369112789,1.5356591970250368,67.0,0.9256593024861137,(12.0-(-2160.0/(1130.0-exp((v1+(-0.0381/(1.35-v1)))))))
1797.6718771457672,0.37680656711757265,19.0,0.0,7.0,-0.571965811965812,true,3.2283779641560546,0.12734878012533027,5.0,(sqrt_abs((10.7869282089212/(v1+((-0.0457186728963837/(1.34687668888811-v1))-6.92263673607172))))--11.505913673535),-0.6174665650157539,1.6943283177843091,0.08272414263122146,1.6943283177843091,257.0,0.9935907473680399,(sqrt_abs((10.8/(v1+((-0.0457/(1.35-v1))-6.92))))--11.5)
1503.8140020370483,0.3973278756038495,19.0,0.0,984.0,-0.6424089496377334,true,3.404199050873137,0.11529345224159537,5.0,(11.9719317972844-(-2399.29075059561/(1187.16088064081-exp((v1+(0.0493708264880634/(-1.34553190208295+v1))))))),-0.6529956310945865,1.536961935511672,0.07728354756622585,1.536961935511672,67.0,0.9252173678004405,(12.0-(-2400.0/(1190.0-exp((v1+(0.0494/(-1.35+v1)))))))
812.2743320465088,0.39612167048293967,19.0,0.0,3285.0,-0.6478729904710121,true,3.393864607759829,0.11605715100338204,5.0,(11.9615973541711+(2684.07150167503/(1255.91900746289-exp((v1+(-0.0382967639037217/(1.34764440157501-v1))))))),-0.652022860875743,1.541270557916277,0.07763923180259123,1.541270557916277,67.0,0.9298448404357686,(12.0+(2680.0/(1260.0-exp((v1+(-0.0383/(1.35-v1)))))))
851.0848391056061,0.3984151833553579,19.0,0.0,3156.0,-0.6478729904710121,true,3.4135148131011626,0.11460503236249416,5.0,(11.9812475595125+(2313.70425421743/(1168.75373901055-exp((v1+(0.0393175107841438/(-1.34740360352911+v1))))))),-0.6533837738581272,1.5352427621912086,0.07718494241244975,1.5352427621912086,67.0,0.9236243146355219,(12.0+(2310.0/(1170.0-exp((v1+(0.0393/(-1.35+v1)))))))
1664.6008291244507,0.39634725118855435,19.0,0.0,449.0,-0.6478729904710121,true,3.3957973229582823,0.11591432645175773,5.0,((2558.72930096944/(1223.44333806775-exp((v1+(-0.0382170896449312/(1.3476375909337-v1))))))--11.9635300693696),-0.652501970424519,1.5391484718407287,0.077377487411078,1.5391484718407287,67.0,0.9261731234600207,((2560.0/(1220.0-exp((v1+(-0.0382/(1.35-v1))))))--12.0)
991.0892350673676,0.39858751611204374,19.0,0.0,2687.0,-0.6478729904710121,true,3.414991314103899,0.11449592130781966,5.0,((2218.44749593122/(1144.00741255881-exp((v1+(0.0359464449305851/(-1.34801823633234+v1))))))--11.9827240605152),-0.6533450881567233,1.5354141100353116,0.07715871850605696,1.5354141100353116,67.0,0.9238382250847951,((2220.0/(1140.0-exp((v1+(0.0359/(-1.35+v1))))))--12.0)
1631.5096051692963,0.3966684087556588,19.0,0.0,559.0,-0.6478729904710121,true,3.3985489151627206,0.11571098820349109,5.0,(11.966281661574+(2501.40327988699/(1209.78457438595-exp((v1+(-0.038185255258819/(1.34763555831057-v1))))))),-0.6527284059530309,1.538145536951844,0.07734076867097871,1.538145536951844,67.0,0.92579360579635,(12.0+(2500.0/(1210.0-exp((v1+(-0.0382/(1.35-v1)))))))
1799.666186094284,0.35220755345676263,19.0,0.0,1.0,-0.5117948717948718,true,3.2970585718631327,0.14921440819149484,3.0,(14.0127667721542-log(sqrt_abs((v1+(((9.64734529639949*v1)/(exp(v1)-v1))-6.65272665615822))))),-0.40856282502331165,2.6196108943905143,0.10715821669554251,2.6196108943905143,1.7976931348623157e308,1.3355845946629843,(14.0-log(sqrt_abs((v1+(((9.65*v1)/(exp(v1)-v1))-6.65)))))
910.3749799728394,0.39777835855818966,19.0,0.0,2958.0,-0.6478729904710121,true,3.408058668432737,0.11500823269769553,5.0,((2323.90466876554/(1167.96715887312-exp((v1+(-0.0381993406662496/(1.34760849091001-v1))))))--11.975791414844),-0.6532060559606296,1.5360299155189159,0.0772270657417789,1.5360299155189159,67.0,0.9246310896924146,((2320.0/(1170.0-exp((v1+(-0.0382/(1.35-v1))))))--12.0)
1252.7879421710968,0.39774916332860527,19.0,0.0,1818.0,-0.6478729904710121,true,3.407808531508188,0.11502671741501033,5.0,(11.9755412779195+(2325.28506491515/(1167.99972821679-exp((v1+(0.035978357737827/(-1.34802438293685+v1))))))),-0.6532124570954985,1.5360015634244784,0.0772249930136039,1.5360015634244784,67.0,0.9246073403798067,(12.0+(2330.0/(1170.0-exp((v1+(0.036/(-1.35+v1)))))))
1277.940052986145,0.39663926315564213,19.0,0.0,1734.0,-0.6478729904710121,true,3.398299203451044,0.11572944149825695,5.0,(11.9660319498623+(2507.15418867593/(1211.17925491281-exp((v1+(-0.0381883439411569/(1.34763582604606-v1))))))),-0.652708450527776,1.5382339241070855,0.07734394090048696,1.5382339241070855,67.0,0.9258207775379739,(12.0+(2510.0/(1210.0-exp((v1+(-0.0382/(1.35-v1)))))))
991.0892350673676,0.39858751611204374,19.0,0.0,2687.0,-0.6478729904710121,true,3.414991314103899,0.11449592130781966,5.0,((2218.44749593122/(1144.00741255881-exp((v1+(0.0359464449305851/(-1.34801823633234+v1))))))--11.9827240605152),-0.6533450881567233,1.5354141100353116,0.07715871850605696,1.5354141100353116,67.0,0.9238382250847951,((2220.0/(1140.0-exp((v1+(0.0359/(-1.35+v1))))))--12.0)
761.5710911750793,0.399054569364874,19.0,0.0,3455.0,-0.6478729904710121,true,3.4189929015524907,0.11420021041695075,5.0,(11.9867256479638-(-2156.35678486058/(1129.65363118897-exp((v1+(-0.0381422723843333/(1.34759759369579-v1))))))),-0.6532897541538236,1.5356591970250368,0.07727592369112789,1.5356591970250368,67.0,0.9256593024861137,(12.0-(-2160.0/(1130.0-exp((v1+(-0.0381/(1.35-v1)))))))
1145.4306070804596,0.39798684609853174,19.0,0.0,2172.0,-0.6478729904710121,true,3.409844933959345,0.11487623054180422,5.0,(11.9775776803706-(-2303.31629787576/(1163.54775810131-exp((v1+(0.038344649853326/(-1.34757914654102+v1))))))),-0.6532571707063404,1.53580351658697,0.07720639901560561,1.53580351658697,67.0,0.9243264089978569,(12.0-(-2300.0/(1160.0-exp((v1+(0.0383/(-1.35+v1)))))))
910.3749799728394,0.39777835855818966,19.0,0.0,2958.0,-0.6478729904710121,true,3.408058668432737,0.11500823269769553,5.0,((2323.90466876554/(1167.96715887312-exp((v1+(-0.0381993406662496/(1.34760849091001-v1))))))--11.975791414844),-0.6532060559606296,1.5360299155189159,0.0772270657417789,1.5360299155189159,67.0,0.9246310896924146,((2320.0/(1170.0-exp((v1+(-0.0382/(1.35-v1))))))--12.0)
470.4942741394043,0.398596692877698,19.0,0.0,4431.0,-0.6478729904710121,true,3.415069938179501,0.11449011111480532,5.0,((2218.08884040082/(1144.21574161406-exp((v1+(0.0383167256470952/(-1.34757374052755+v1))))))--11.9828026845908),-0.6533325618823906,1.5354695917772385,0.0771639615233195,1.5354695917772385,67.0,0.9239125220881946,((2220.0/(1140.0-exp((v1+(0.0383/(-1.35+v1))))))--12.0)
1800.0680060386658,0.3794715294168274,19.0,0.0,0.0,-0.5261538461538462,true,3.2512106489153307,0.12629441038380682,5.0,(11.7678204353078+sqrt_abs(((-44.9999496688259/(v1+(7.06617337747099-7.74324808790911)))/(6.83923116205549-v1)))),-0.4431124183313305,2.466582821662392,0.09866952368792822,2.466582821662392,65537.0,1.229772355980826,(11.8+sqrt_abs(((-45.0/(v1+(7.07-7.74)))/(6.84-v1))))
1520.5903911590576,0.4007265331614935,20.0,0.0,928.0,-0.5888326780602486,true,3.4333178405236016,0.11411641745101955,5.0,(sqrt_abs((1770.17622481942/(641.363790938211-exp((v1+(0.0366356120390273/(-1.34749555232636+v1)))))))--12.0010505869349),-0.6573180486429403,1.5178169568413362,0.07570407598275844,1.5178169568413362,7.378697629483821e19,0.9017192465300655,(sqrt_abs((1770.0/(641.0-exp((v1+(0.0366/(-1.35+v1)))))))--12.0)
1773.4383680820465,0.4012067796658319,20.0,0.0,87.0,-0.5864961553507804,true,3.4374324642251715,0.11394343918566686,5.0,(12.0051652106365+sqrt_abs((1754.29491914885/(641.18300318703-exp((v1+(-0.0340425367742857/(1.34801056846916-v1)))))))),-0.6574179860364482,1.5173743112047975,0.07563620282923246,1.5173743112047975,7.378697629483821e19,0.9003552200148915,(12.0+sqrt_abs((1750.0/(641.0-exp((v1+(-0.034/(1.35-v1))))))))
1799.528221130371,0.2214281979610604,20.0,0.0,1.0,-0.5001709401709402,true,3.663194969107847,0.16805312911298964,4.0,(10.8406415329269+log(sqrt_abs(((0.0120378607192187/(v1+(exp(v1)-5.23061922469483)))-(135.021917373841-v1))))),-0.46710020737793767,2.3603354023632748,0.09152037725311833,2.3603354023632748,1.7976931348623157e308,1.166479612470592,(10.8+log(sqrt_abs(((0.012/(v1+(exp(v1)-5.23)))-(135.0-v1)))))
1693.1787860393524,0.4004586979994475,20.0,0.0,354.0,-0.5888326780602486,true,3.4310231004351,0.11420112401985928,5.0,(11.9987558468464+sqrt_abs((1779.23789656346/(640.98546304993-exp((v1+(0.0366318515499872/(-1.34749480613692+v1)))))))),-0.6572575747549652,1.518084809560895,0.07573389609525459,1.518084809560895,7.378697629483821e19,0.9023133673434903,(12.0+sqrt_abs((1780.0/(641.0-exp((v1+(0.0366/(-1.35+v1))))))))
1777.0345311164856,0.40051592535059205,20.0,0.0,75.0,-0.5864961553507804,true,3.4315134090854915,0.11417981299401657,5.0,(sqrt_abs((1776.81445701964/(640.719289699045-exp((v1+(-0.0340368164229772/(1.34800943247344-v1)))))))--11.9992461554968),-0.6572771541219928,1.5179980880537918,0.07572574073281171,1.5179980880537918,7.378697629483821e19,0.9021607400645361,(sqrt_abs((1780.0/(641.0-exp((v1+(-0.034/(1.35-v1)))))))--12.0)
1799.809051990509,0.23618007081284567,20.0,0.0,0.0,-0.7278632478632479,true,4.3449527908366115,0.0939625276463563,5.0,(log(sqrt_abs((v1+((1482.0785001403/(v1+(-0.402522491306544-6.47738382144793)))-146.570575478216))))--11.0395485923469),-0.5285887555731269,2.0879885199767854,0.08254061976890842,2.0879885199767854,1.157920892373162e77,1.0783336794380658,(log(sqrt_abs((v1+((1480.0/(v1+(-0.403-6.48)))-147.0))))--11.0)
1799.839783191681,0.27986107417588113,20.0,0.0,0.0,-0.6123076923076923,true,3.9127446709167497,0.13331347180554326,5.0,(0.647907389543391*(log(sqrt_abs((v1+((1529.14317182716/(-1.35472274375731+v1))-146.453190211485))))--17.5756085901805)),-0.3991438498173424,2.661329695824536,0.10004378257693206,2.661329695824536,3.402823669209385e38,1.3051981373635788,(0.648*(log(sqrt_abs((v1+((1530.0/(-1.35+v1))-146.0))))--17.6))
1484.566081047058,0.4005620435170906,20.0,0.0,1048.0,-0.5736991279231861,true,3.4319085372108056,0.11416124633827057,5.0,(11.9996412836221+sqrt_abs((1777.3561982564/(641.398597951851-exp((v1+(0.0385183205091388/(-1.34732189150376+v1)))))))),-0.6572738052478173,1.518012920985581,0.07573120417901795,1.518012920985581,7.378697629483821e19,0.90221759788867,(12.0+sqrt_abs((1780.0/(641.0-exp((v1+(0.0385/(-1.35+v1))))))))
1798.9655311107635,0.3973172116534855,20.0,0.0,3.0,-0.5788034188034188,true,3.404107684996397,0.12633947783776284,5.0,(10.7474833763579+log(sqrt_abs((1486.40702932145/(v1+((-0.0543592217548622/(1.34436051903229-v1))-6.57926558818752)))))),-0.5606279902861857,1.9460794012177696,0.09648788507887239,1.9460794012177696,1.157920892373162e77,1.13476974804863,(10.7+log(sqrt_abs((1490.0/(v1+((-0.0544/(1.34-v1))-6.58))))))
1661.6120600700378,0.40056268288450453,20.0,0.0,459.0,-0.5864961553507804,true,3.4319140151399345,0.11416303695494895,5.0,(11.9996467615512+sqrt_abs((1775.70279292675/(640.878079501033-exp((v1+(-0.0352661219427594/(1.34776583946284-v1)))))))),-0.6572843856849633,1.517966057802833,0.07572056499157481,1.517966057802833,7.378697629483821e19,0.9020462808942865,(12.0+sqrt_abs((1780.0/(641.0-exp((v1+(-0.0353/(1.35-v1))))))))
1515.8008661270142,0.40045350449818173,20.0,0.0,944.0,-0.5864961553507804,true,3.4309786039042365,0.11419706747339553,5.0,(sqrt_abs((1779.53671903643/(640.749458258941-exp((v1+(-0.0352625454637243/(1.34776601671203-v1)))))))--11.9987113503155),-0.6572581564302931,1.5180822331874604,0.07573439801926998,1.5180822331874604,7.378697629483821e19,0.9023180663696129,(sqrt_abs((1780.0/(641.0-exp((v1+(-0.0353/(1.35-v1)))))))--12.0)
1799.2873220443726,0.4489521467383638,20.0,0.0,2.0,-0.49333333333333335,true,5.1682895111857725,0.11497356957350796,4.0,(exp((v1/((11.0259248035106-(0.121363428116339/(v1+(3.60929969551818-v1))))-v1)))--12.0775586759193),-0.3807311046612003,2.742883967093614,0.09758765919391801,2.742883967093614,524289.0,1.2208445789910274,(exp((v1/((11.0-(0.121/(v1+(3.61-v1))))-v1)))--12.1)
1190.6218121051788,0.40226007524258073,20.0,0.0,2023.0,-0.5736991279231861,true,3.4464568192297325,0.11360456424499729,5.0,(sqrt_abs((1721.42962998625/(643.355754179366-exp((v1+(0.0385226780926183/(-1.34732273941231+v1)))))))--12.014189565641),-0.6575288732430811,1.516883166334583,0.07550000685741555,1.516883166334583,7.378697629483821e19,0.8976228129528003,(sqrt_abs((1720.0/(643.0-exp((v1+(0.0385/(-1.35+v1)))))))--12.0)
1603.1848120689392,0.4004559218159111,20.0,0.0,654.0,-0.5864961553507804,true,3.430999314836505,0.11419510968674823,5.0,(11.9987320612478+sqrt_abs((1779.34198946464/(640.650793816497-exp((v1+(0.034530334592484/(-1.34791114885899+v1)))))))),-0.6572602950131915,1.518072760913318,0.07573364923480014,1.518072760913318,7.378697629483821e19,0.9023052014196842,(12.0+sqrt_abs((1780.0/(641.0-exp((v1+(0.0345/(-1.35+v1))))))))
1440.6280241012573,0.4004577424495473,20.0,0.0,1194.0,-0.5864961553507804,true,3.431014913538929,0.1141945180137053,5.0,(sqrt_abs((1779.51257765502/(640.743307808559-exp((v1+(-0.0352647530899999/(1.34776556266213-v1)))))))--11.9987476599502),-0.6572587860336638,1.5180794445297312,0.07573425782847804,1.5180794445297312,7.378697629483821e19,0.9023119839242478,(sqrt_abs((1780.0/(641.0-exp((v1+(-0.0353/(1.35-v1)))))))--12.0)
1661.6120600700378,0.40056268288450453,20.0,0.0,459.0,-0.5864961553507804,true,3.4319140151399345,0.11416303695494895,5.0,(11.9996467615512+sqrt_abs((1775.70279292675/(640.878079501033-exp((v1+(-0.0352661219427594/(1.34776583946284-v1)))))))),-0.6572843856849633,1.517966057802833,0.07572056499157481,1.517966057802833,7.378697629483821e19,0.9020462808942865,(12.0+sqrt_abs((1780.0/(641.0-exp((v1+(-0.0353/(1.35-v1))))))))
1354.8531110286713,0.4004571494818211,20.0,0.0,1478.0,-0.5864961553507804,true,3.4310098331499237,0.1141945123685851,5.0,(sqrt_abs((1779.32165736619/(640.650627804026-exp((v1+(0.0345303422184115/(-1.3479111477252+v1)))))))--11.9987425795612),-0.6572605263787465,1.5180717361422111,0.07573358134725686,1.5180717361422111,7.378697629483821e19,0.9023032656097624,(sqrt_abs((1780.0/(641.0-exp((v1+(0.0345/(-1.35+v1)))))))--12.0)
1799.7608590126038,0.3549736437553248,20.0,0.0,1.0,-0.5876923076923077,true,3.0413193117154353,0.13142486413267296,5.0,(14.0368145449499-log(sqrt_abs((4.74580505420271-(v1+((0.0376756091658978/(-1.34753243709144+v1))-1.81766773309762)))))),-0.602587990360423,1.7602289373414817,0.08684647342866757,1.7602289373414817,1.157920892373162e77,1.042906605517433,(14.0-log(sqrt_abs((4.75-(v1+((0.0377/(-1.35+v1))-1.82))))))
1512.5336999893188,0.4004632412953241,20.0,0.0,955.0,-0.5864961553507804,true,3.4310620261799585,0.11419644727760621,5.0,(11.9987947725913+sqrt_abs((1778.99500359539/(640.798443334238-exp((v1+(-0.0352629420293272/(1.34776609299813-v1)))))))),-0.6572613252616617,1.5180681977065558,0.07573312880124626,1.5180681977065558,7.378697629483821e19,0.902298721647927,(12.0+sqrt_abs((1780.0/(641.0-exp((v1+(-0.0353/(1.35-v1))))))))
1792.849445104599,0.40045586168813035,20.0,0.0,24.0,-0.5864961553507804,true,3.4309987996777487,0.11419598123275126,5.0,(11.998731546089+sqrt_abs((1779.02481516638/(640.568211764618-exp((v1+(0.0338305537085477/(-1.34804990282724+v1)))))))),-0.6572623993705411,1.5180634402319815,0.07573262559271275,1.5180634402319815,7.378697629483821e19,0.9022921849084381,(12.0+sqrt_abs((1780.0/(641.0-exp((v1+(0.0338/(-1.35+v1))))))))
1797.5623979568481,0.3959780067424515,20.0,0.0,8.0,-0.5551261345731549,true,3.8265588317124646,0.12205479870319123,4.0,(11.9603664816373+sqrt_abs(((4811.13865701749-log(v1))/(707.087204426765-exp((v1+(-2.15568879091667/v1))))))),-0.46423806059656636,2.373012506892797,0.09488191484860584,2.373012506892797,9.353610478917779e49,1.1878993981749608,(12.0+sqrt_abs(((4810.0-log(v1))/(707.0-exp((v1+(-2.16/v1)))))))
1792.5180530548096,0.4004635283613212,20.0,0.0,25.0,-0.5864961553507804,true,3.4310644856847023,0.11419650425878032,5.0,(sqrt_abs((1778.592780419/(640.652340047331-exp((v1+(-0.034039091535746/(1.34800872553229-v1)))))))--11.998797232096),-0.6572646718506001,1.5180533748966059,0.07573182062870251,1.5180533748966059,7.378697629483821e19,0.9022817088158808,(sqrt_abs((1780.0/(641.0-exp((v1+(-0.034/(1.35-v1)))))))--12.0)
813.5937511920929,0.4005466999299781,20.0,0.0,3281.0,-0.5840174575620923,true,3.4317770774570544,0.11416852033406322,5.0,(sqrt_abs((1777.49826259743/(641.335213424706-exp((v1+(0.0373059874316236/(-1.34755608696458+v1)))))))--11.9995098238684),-0.6572735575875598,1.5180140179296626,0.07573625491615438,1.5180140179296626,7.378697629483821e19,0.9023256092036654,(sqrt_abs((1780.0/(641.0-exp((v1+(0.0373/(-1.35+v1)))))))--12.0)
1459.08647108078,0.3991344318007031,21.0,0.0,1132.0,-0.5778264597787486,true,3.419677141559152,0.11414964545428508,5.0,(11.9874098879705+sqrt_abs(((pow3((-0.0681434875497/(-1.35258974950517+v1)))-3616.7903199804)/(845.53697326924-exp(v1))))),-0.6574014836547759,1.5174474040380537,0.07723360664798054,1.5174474040380537,7.737125245533627e25,0.9256099018218495,(12.0+sqrt_abs(((pow3((-0.0681/(-1.35+v1)))-3620.0)/(846.0-exp(v1)))))
1759.020958185196,0.3990686033899031,21.0,0.0,135.0,-0.5778264597787486,true,3.419113141328296,0.11419132416443951,5.0,(sqrt_abs(((pow3((-0.0682383472560004/(-1.35258754315348+v1)))-3635.0074299408)/(846.346566884053-exp(v1))))--11.9868458877396),-0.6574067628051468,1.5174240214702848,0.07722820792963847,1.5174240214702848,7.737125245533627e25,0.9255221866501486,(sqrt_abs(((pow3((-0.0682/(-1.35+v1)))-3640.0)/(846.0-exp(v1))))--12.0)
1774.3401200771332,0.397849787410009,21.0,0.0,84.0,-0.5778264597787486,true,3.408670651745508,0.1149630073635661,5.0,(sqrt_abs(((3872.74542956743-pow3((-0.0692161793630969/(-1.35255686677573+v1))))/(855.968763925692-exp(v1))))--11.9764033981568),-0.6572813457720668,1.5179795222742574,0.0773363619541682,1.5179795222742574,7.737125245533627e25,0.9274104372509462,(sqrt_abs(((3870.0-pow3((-0.0692/(-1.35+v1))))/(856.0-exp(v1))))--12.0)
1388.2224750518799,0.4057427323829282,21.0,0.0,1367.0,-0.5723233506379987,true,3.4762952948556105,0.11205054843899459,5.0,(12.0440280412669+sqrt_abs(((1768.5361046899-pow3((-0.0563786227984247/(-1.35281205249973+v1))))/(633.866666197803-exp(v1))))),-0.6575233705604693,1.5169075389779132,0.07622275816149655,1.5169075389779132,7.737125245533627e25,0.906005391546858,(12.0+sqrt_abs(((1770.0-pow3((-0.0564/(-1.35+v1))))/(634.0-exp(v1)))))
1446.316325187683,0.40274041527869425,21.0,0.0,1175.0,-0.5736991279231861,true,3.4505722442865547,0.113442954221735,5.0,(12.0183049906979+sqrt_abs(((1688.69667015911-pow3((-0.0556836744815861/(-1.352826079772+v1))))/(637.031793390761-exp(v1))))),-0.6576220822959047,1.5164703220620825,0.0754017309697235,1.5164703220620825,7.737125245533627e25,0.8959591452240242,(12.0+sqrt_abs(((1690.0-pow3((-0.0557/(-1.35+v1))))/(637.0-exp(v1)))))
1799.5972709655762,0.43157958763865456,21.0,0.0,1.0,-0.5494017094017094,true,4.02646654803541,0.13395653785724068,5.0,(sqrt_abs((-3.6854553327453/(v1+(v1+((-0.0296096503115411/(1.34753856666019-v1))-6.71193034572219)))))--12.1470841135619),-0.4244208014632086,2.549372279703199,0.0972113323471307,2.549372279703199,1025.0,1.2035893095247299,(sqrt_abs((-3.69/(v1+(v1+((-0.0296/(1.35-v1))-6.71)))))--12.1)
1788.1102299690247,0.3951829647180019,21.0,0.0,39.0,-0.6424089496377334,true,3.3858220276383264,0.11665148476796118,5.0,(11.9535547740496+(2911.44360602709/(1333.54919328411-exp((v1+((-0.037517141169666*v1)/(1.34540047670009-v1))))))),-0.6511859101663716,1.5449776045631567,0.07789681511365049,1.5449776045631567,4099.0,0.9337815955694383,(12.0+(2910.0/(1330.0-exp((v1+((-0.0375*v1)/(1.35-v1)))))))
1231.732537984848,0.4027545086063743,21.0,0.0,1887.0,-0.5736991279231861,true,3.450692992151625,0.11343646193971907,5.0,(sqrt_abs(((1688.42776934134-pow3((-0.0556790468331344/(-1.35282593658322+v1))))/(637.031040834653-exp(v1))))--12.0184257385629),-0.6576221307115305,1.516470107618172,0.07540328362154108,1.516470107618172,7.737125245533627e25,0.8959815744266214,(sqrt_abs(((1690.0-pow3((-0.0557/(-1.35+v1))))/(637.0-exp(v1))))--12.0)
1799.2620451450348,0.378249124578674,21.0,0.0,2.0,-0.561025641025641,true,3.2407374109541127,0.116848566934107,5.0,(sqrt_abs(((-55.5661133112283/(v1+((-0.0421963761858127/(1.34822720263033-v1))-6.87921292368834)))/v1))--11.7517952945352),-0.6280132848610158,1.64761447669405,0.08102793626786377,1.64761447669405,131073.0,0.973793023761431,(sqrt_abs(((-55.6/(v1+((-0.0422/(1.35-v1))-6.88)))/v1))--11.8)
385.9037790298462,0.4010938878687813,21.0,0.0,4716.0,-0.5778264597787486,true,3.43646523747878,0.11404450850639967,5.0,(12.0041979838901+sqrt_abs(((1738.70427980112-pow3((-0.0561788572789864/(-1.35282171977284+v1))))/(636.653376962843-exp(v1))))),-0.6574570731418241,1.51720118545044,0.07548718165557314,1.51720118545044,7.737125245533627e25,0.8982954155087364,(12.0+sqrt_abs(((1740.0-pow3((-0.0562/(-1.35+v1))))/(637.0-exp(v1)))))
1798.7685840129852,0.4044812779490139,21.0,0.0,4.0,-0.5261538461538462,true,3.703949382304817,0.129813620392155,5.0,(12.0033556420985+sqrt_abs(((-15.4161784649768/(v1+(-191.905732106815/(203.621306197155+v1))))/(-6.44706651317952+v1)))),-0.448362105179388,2.44333075459398,0.0968610188760613,2.44333075459398,4.194305e6,1.2034249790221732,(12.0+sqrt_abs(((-15.4/(v1+(-192.0/(204.0+v1))))/(-6.45+v1))))
1099.8518249988556,0.4010745526501533,21.0,0.0,2324.0,-0.5778264597787486,true,3.4362995784929815,0.11404936886001837,5.0,(sqrt_abs(((1739.55397340127-pow3((-0.0561835119659694/(-1.35282134248675+v1))))/(636.641942179189-exp(v1))))--12.0040323249043),-0.6574536963720072,1.5172161419384222,0.07548903920912288,1.5172161419384222,7.737125245533627e25,0.8983332633151524,(sqrt_abs(((1740.0-pow3((-0.0562/(-1.35+v1))))/(637.0-exp(v1))))--12.0)
1799.1304721832275,0.3853148922225636,21.0,0.0,3.0,-0.5425641025641026,true,3.4957613704071697,0.12161330582810724,5.0,(sqrt_abs(((-5.77511450325597/(v1+((4.77954451329243/v1)-5.00428061943313)))/(-6.4595645801889+v1)))--11.850421214746),-0.4866629702224803,2.273687438995126,0.09006750128729822,2.273687438995126,4.194305e6,1.1133569712636793,(sqrt_abs(((-5.78/(v1+((4.78/v1)-5.0)))/(-6.46+v1)))--11.9)
1662.616737127304,0.39859989909432636,21.0,0.0,456.0,-0.5778264597787486,true,3.4150974081867,0.11448808039089588,5.0,(11.982830154598+sqrt_abs(((pow3((-0.0685984803373487/(-1.35257680791717+v1)))-3719.86120996345)/(849.695702154655-exp(v1))))),-0.6573857880972532,1.5175169232621057,0.07727245878696244,1.5175169232621057,7.737125245533627e25,0.926260974211911,(12.0+sqrt_abs(((pow3((-0.0686/(-1.35+v1)))-3720.0)/(850.0-exp(v1)))))
291.6784269809723,0.39865929650522897,21.0,0.0,5035.0,-0.5778264597787486,true,3.415606309329142,0.11445047341483208,5.0,(sqrt_abs(((pow3((-0.0685134942735779/(-1.35257911888495+v1)))-3702.66873707581)/(849.072323277239-exp(v1))))--11.9833390557404),-0.6573897281536427,1.5174994718487027,0.07726621012233793,1.5174994718487027,7.737125245533627e25,0.9261730701802642,(sqrt_abs(((pow3((-0.0685/(-1.35+v1)))-3700.0)/(849.0-exp(v1))))--12.0)
863.2384560108185,0.39815957557981213,21.0,0.0,3116.0,-0.5778264597787486,true,3.4113248339923814,0.11476686756497147,5.0,(11.9790575804037+sqrt_abs(((3768.77975432571-pow3((-0.0689075512445124/(-1.35257732315094+v1))))/(851.938621901458-exp(v1))))),-0.6573587972285407,1.5176364720100028,0.07720645502249204,1.5176364720100028,7.737125245533627e25,0.9252752301298103,(12.0+sqrt_abs(((3770.0-pow3((-0.0689/(-1.35+v1))))/(852.0-exp(v1)))))
1590.660415172577,0.3976034665371482,21.0,0.0,696.0,-0.5778264597787486,true,3.406560240336974,0.11511896337830116,5.0,(sqrt_abs(((3889.86550338308-pow3((-0.0693828305800957/(-1.35256074706221+v1))))/(856.929715688976-exp(v1))))--11.9742929867483),-0.6572721307644123,1.5180203376566257,0.07725753371434677,1.5180203376566257,7.737125245533627e25,0.9261097185034045,(sqrt_abs(((3890.0-pow3((-0.0694/(-1.35+v1))))/(857.0-exp(v1))))--12.0)
1701.6085391044617,0.3924753187095319,22.0,0.0,326.0,-0.576068376068376,true,3.362623640265868,0.11716988306137269,5.0,(11.9264324504287+sqrt_abs(((34.4881290181544-(176.364513284574/(6.46188073508956-v1)))/(v1+pow3((-2.4609818222039+v1)))))),-0.6723820333763209,1.4510951135245853,0.07309300180837967,1.4510951135245853,2.251799813685249e15,0.8669062126335969,(11.9+sqrt_abs(((34.5-(176.0/(6.46-v1)))/(v1+pow3((-2.46+v1))))))
1572.4246470928192,0.39208856048861424,22.0,0.0,756.0,-0.5876923076923077,true,3.3593099991915683,0.11756161762061362,5.0,(sqrt_abs((25.6209990266758/(pow3(((v1+(-0.032215688582725/(1.34760705199958-v1)))-4.6021297736891))-v1)))--11.9236437714154),-0.6702485818235491,1.4605446597600176,0.07262850300084824,1.4605446597600176,2.722258935367508e39,0.8589952204076218,(sqrt_abs((25.6/(pow3(((v1+(-0.0322/(1.35-v1)))-4.6))-v1)))--11.9)
1718.3444821834564,0.39201809847691604,22.0,0.0,270.0,-0.576068376068376,true,3.3587062995065633,0.11745338600703997,5.0,(sqrt_abs(((34.8348716189903-(178.10794876113/(6.46111743846528-v1)))/(v1+pow3((v1-2.46098318821713)))))--11.9224954464102),-0.672412092414741,1.4509619751493672,0.07306068776413512,1.4509619751493672,2.251799813685249e15,0.8665225926399152,(sqrt_abs(((34.8-(178.0/(6.46-v1)))/(v1+pow3((v1-2.46)))))--11.9)
1656.3408560752869,0.39043337015462964,22.0,0.0,476.0,-0.5794871794871795,true,3.3451287707655446,0.11775225313989904,5.0,(11.9088520587186+sqrt_abs(((36.0086207307468-(184.042107106768/(6.45914878855591-v1)))/(v1+pow3((v1-2.46096977447569)))))),-0.672377272719627,1.4511161995649418,0.07291222465407568,1.4511161995649418,2.251799813685249e15,0.8646565970852591,(11.9+sqrt_abs(((36.0-(184.0/(6.46-v1)))/(v1+pow3((v1-2.46))))))
1606.7626991271973,0.3746506165411,22.0,0.0,642.0,-0.6540170940170941,true,3.2099063558023655,0.12005565754370703,5.0,log((1.51684464803027e6/sqrt_abs(((58.9647006031126/((15.5429333105438+(-0.060950355179339/(1.35268869279244-v1)))-v1))-v1)))),-0.6785908854366712,1.4235946837458964,0.07397834219153554,1.4235946837458964,1.7976931348623157e308,0.8798924832987296,log((1.52e6/sqrt_abs(((59.0/((15.5+(-0.061/(1.35-v1)))-v1))-v1))))
1383.6510481834412,0.37012480358349886,22.0,0.0,1382.0,-0.6540170940170941,true,3.1711303999213936,0.12125421987942303,5.0,(14.1933668884332-log(sqrt_abs(((58.9646980456635/((15.5428460324915+(-0.060950355179339/(1.35268869279244-v1)))-v1))-v1)))),-0.6795643993541194,1.4192827673296036,0.07312502141570221,1.4192827673296036,1.7976931348623157e308,0.8716039302486581,(14.2-log(sqrt_abs(((59.0/((15.5+(-0.061/(1.35-v1)))-v1))-v1))))
1483.9455230236053,0.3746504633765409,22.0,0.0,1050.0,-0.6540170940170941,true,3.209905043529357,0.12007175664082834,5.0,log((1.51684464803027e6/sqrt_abs(((59.0095133865598/((15.5382250276207+(0.061000894722264/(-1.35268861822745+v1)))-v1))-v1)))),-0.678458537892802,1.42418088137167,0.07399364873578637,1.42418088137167,1.7976931348623157e308,0.8808091461883634,log((1.52e6/sqrt_abs(((59.0/((15.5+(0.061/(-1.35+v1)))-v1))-v1))))
1793.5390219688416,0.3705788303113927,22.0,0.0,21.0,-0.6540170940170941,true,3.1750203795857157,0.1211374602108704,5.0,(14.1972581862707-log(sqrt_abs(((59.009622211951/((15.5382990826216+(0.0610008820467075/(-1.35268862113943+v1)))-v1))-v1)))),-0.6793135563843687,1.4203938083735923,0.07318289241056507,1.4203938083735923,1.7976931348623157e308,0.8726175977107868,(14.2-log(sqrt_abs(((59.0/((15.5+(0.061/(-1.35+v1)))-v1))-v1))))
1799.8743920326233,0.36278189599309935,22.0,0.0,0.0,-0.5644444444444444,true,3.1429647713406386,0.14171426224523703,5.0,(14.1036820891747-log(sqrt_abs((v1+((13.0311527882268/(v1+(0.0116274842775911/(-1.34417615670652+v1))))-6.66779517716814))))),-0.4896069687209086,2.2606477944380243,0.09855165236773283,2.2606477944380243,1.7976931348623157e308,1.2140269878789316,(14.1-log(sqrt_abs((v1+((13.0/(v1+(0.0116/(-1.34+v1))))-6.67)))))
1745.0145599842072,0.3748168106299945,22.0,0.0,182.0,-0.6540170940170941,true,3.211330262340047,0.12014079254515675,5.0,log((1.51900821293812e6/sqrt_abs(((59.0135873747846/((15.5380601764791+(0.0656024160965924/(-1.35253326283577+v1)))-v1))-v1)))),-0.6783382443575313,1.424713689028768,0.0740887578674168,1.424713689028768,1.7976931348623157e308,0.8820894034278018,log((1.52e6/sqrt_abs(((59.0/((15.5+(0.0656/(-1.35+v1)))-v1))-v1))))
1742.3128480911255,0.37073377572938304,22.0,0.0,191.0,-0.6540170940170941,true,3.176347910517338,0.12109564049638363,5.0,(14.1985858272964-log(sqrt_abs(((59.0133526015264/((15.5379292126642+(-0.065591433617425/(1.35253253611701-v1)))-v1))-v1)))),-0.6792339529302114,1.4207463903291484,0.07319989787682506,1.4207463903291484,1.7976931348623157e308,0.8727011667846867,(14.2-log(sqrt_abs(((59.0/((15.5+(-0.0656/(1.35-v1)))-v1))-v1))))
1799.6645810604095,0.39532435896941737,22.0,0.0,1.0,-0.5654444642120612,true,3.387033455796333,0.11740339462695332,5.0,(sqrt_abs((2045.78188957029/(741.337324086222-exp((v1+(-0.120669937914379/((1.32402700241293-v1)/v1)))))))--11.9547662022076),-0.6496566915690041,1.5517508644579652,0.0780847869982806,1.5517508644579652,1.7976931348623157e308,0.9333679504211124,(sqrt_abs((2050.0/(741.0-exp((v1+(-0.121/((1.32-v1)/v1)))))))--12.0)
1799.63965010643,0.22142004997734732,22.0,0.0,1.0,-0.5001709401709402,true,3.6632817113721323,0.1680585466863932,4.0,(10.8405547393941+log(sqrt_abs((v1+((0.0106824322601053/(v1+((v1*pow3(v1))-4.72342430206097)))-135.021919288627))))),-0.4671216030887295,2.3602406358530605,0.09151901120292218,2.3602406358530605,1.7976931348623157e308,1.1664822318026564,(10.8+log(sqrt_abs((v1+((0.0107/(v1+((v1*pow3(v1))-4.72)))-135.0)))))
1796.916198015213,0.37481681845863934,22.0,0.0,10.0,-0.6540170940170941,true,3.2113303294137836,0.12014193062209137,5.0,log((1.51900829834458e6/sqrt_abs(((59.0133189566464/((15.5378925454838+(-0.0655914019173112/(1.35253253726799-v1)))-v1))-v1)))),-0.6783518842951421,1.4246532746167624,0.07404829398227739,1.4246532746167624,1.7976931348623157e308,0.8813976421275973,log((1.52e6/sqrt_abs(((59.0/((15.5+(-0.0656/(1.35-v1)))-v1))-v1))))
1798.4236731529236,0.24719228722189143,22.0,0.0,5.0,-0.5521367521367522,true,2.147424754976104,0.1359344971111062,4.0,((-0.0205610152003862*(pow2(v1)/(v1+(((v1+(10.5491830760892/v1))/v1)-8.1103254101067))))--13.6158891288162),-0.5956430822708298,1.7909895280885142,0.09730896994996117,1.7909895280885142,59.0,1.1774927644448103,((-0.0206*(pow2(v1)/(v1+(((v1+(10.5/v1))/v1)-8.11))))--13.6)
1799.9599101543427,0.3705338660410795,22.0,0.0,0.0,-0.6540170940170941,true,3.174635137734535,0.12114909414901875,5.0,(14.1968730670672-log(sqrt_abs(((59.0136864734902/((15.5380760975309+(0.0656025133158906/(-1.35253326382762+v1)))-v1))-v1)))),-0.6792616038301034,1.4206239181517786,0.07321469488322313,1.4206239181517786,1.7976931348623157e308,0.8731291191986243,(14.2-log(sqrt_abs(((59.0/((15.5+(0.0656/(-1.35+v1)))-v1))-v1))))
1793.0964360237122,0.37497441097141193,22.0,0.0,23.0,-0.6335042735042735,true,3.2126805399460547,0.1202104776945309,5.0,log((1.52106075947378e6/sqrt_abs(((59.015547857079/((15.5374542663735+(0.0675304939052881/(-1.35246822713199+v1)))-v1))-v1)))),-0.6768225824804142,1.4314269031003468,0.07541116707307674,1.4314269031003468,1.7976931348623157e308,0.90007148972171,log((1.52e6/sqrt_abs(((59.0/((15.5+(0.0675/(-1.35+v1)))-v1))-v1))))
1734.2707960605621,0.3919976100857681,22.0,0.0,218.0,-0.5726495726495726,true,3.358530760446804,0.11761901081431414,5.0,(sqrt_abs((-25.6298250638498/(pow3((v1+((-0.0336723447675577/(1.34728384430502-v1))-4.60240833240509)))-v1)))--11.9228639368072),-0.6702426190708684,1.4605710701592007,0.07267074889527697,1.4605710701592007,2.722258935367508e39,0.8596540627308452,(sqrt_abs((-25.6/(pow3((v1+((-0.0337/(1.35-v1))-4.6)))-v1)))--11.9)
1021.3293981552124,0.3920350317916776,22.0,0.0,2586.0,-0.5774358974358974,true,3.3588513796219512,0.11759539366343132,5.0,(11.9231847930725+sqrt_abs((-25.626312502424/(pow3((v1+((0.0330995751466917/(-1.34741092752764+v1))-4.60229850373027)))-v1)))),-0.6702466762759773,1.460553099867251,0.07265489789508535,1.460553099867251,2.722258935367508e39,0.8594031455911347,(11.9+sqrt_abs((-25.6/(pow3((v1+((0.0331/(-1.35+v1))-4.6)))-v1))))
1546.0711419582367,0.37497398183409636,22.0,0.0,844.0,-0.6540170940170941,true,3.2126768632122236,0.12020892535525068,5.0,log((1.52105507207416e6/sqrt_abs(((59.0133189566464/((15.5378925454838+(-0.0655914019173112/(1.35253253726799-v1)))-v1))-v1)))),-0.6783068811899796,1.4248526036910127,0.07408705070268988,1.4248526036910127,1.7976931348623157e308,0.881811960219425,log((1.52e6/sqrt_abs(((59.0/((15.5+(-0.0656/(1.35-v1)))-v1))-v1))))
1799.1401121616364,0.4004505986514661,22.0,0.0,3.0,-0.5681960187824361,true,3.430953707386175,0.11419919476787538,5.0,(11.9986864537975+sqrt_abs((1836.71919884308/(661.414112342824-exp((v1+((-0.0305957414181418*v1)/(1.34680273446101-v1)))))))),-0.6572407027826654,1.518159539395806,0.07574133392469268,1.518159539395806,1.7976931348623157e308,0.9024131294256547,(12.0+sqrt_abs((1840.0/(661.0-exp((v1+((-0.0306*v1)/(1.35-v1))))))))
1795.8467750549316,0.3625812624756913,23.0,0.0,13.0,-0.5623931623931624,true,3.106499355748131,0.13304883268047002,5.0,(11.2877631695543+sqrt_abs(((-19.4401042492658/v1)/((v1+((-0.0229283676369689/(1.34886226498002-v1))-4.85390314170038))/v1)))),-0.5755123815976437,1.8801530183565576,0.08878202119839382,1.8801530183565576,7.0368744177665e13,1.0919987182821678,(11.3+sqrt_abs(((-19.4/v1)/((v1+((-0.0229/(1.35-v1))-4.85))/v1))))
1799.7971630096436,0.39107581786267454,23.0,0.0,0.0,-0.5576068376068376,true,4.386038688539223,0.1217700652043691,5.0,(11.9002926386867+sqrt_abs(((-5.45289145117142/(-6.4600597177367+v1))/(v1+((11.0432200533749/(v1+v1))-5.19065500848527))))),-0.475228687959221,2.32433249759759,0.08914847881335651,2.32433249759759,8.589934593e9,1.1138943961092744,(11.9+sqrt_abs(((-5.45/(-6.46+v1))/(v1+((11.0/(v1+v1))-5.19)))))
1797.7628691196442,0.23184373794294721,23.0,0.0,7.0,-0.7203418803418803,true,4.265178229248001,0.10867336114445808,6.0,(1.25046022855969*(log(sqrt_abs(((1478.91832932651/(v1+(0.132525983879074-6.65402039075094)))-(146.581248913259-v1))))--8.26752693700646)),-0.5810103676353668,1.8558011772295704,0.07607035939206079,1.8558011772295704,1.157920892373162e77,0.9848611969466385,(1.25*(log(sqrt_abs(((1480.0/(v1+(0.133-6.65)))-(147.0-v1))))--8.27))
1797.2190310955048,0.23656844454102824,23.0,0.0,9.0,-0.7223931623931624,true,4.3520976168515535,0.09517790695925034,6.0,(1.13250434414558*(log(sqrt_abs((v1+((1481.98403218658/(v1+(-0.036308199269996-6.54322314412516)))-146.577523023045))))--9.37086241397156)),-0.5779878554577942,1.8691885768787537,0.0754995366999974,1.8691885768787537,1.157920892373162e77,0.9798571192485555,(1.13*(log(sqrt_abs((v1+((1480.0/(v1+(-0.0363-6.54)))-147.0))))--9.37))
1799.964329957962,0.38858762805400743,23.0,0.0,0.0,-0.6184615384615385,true,4.544249718962014,0.13447490042590352,4.0,(14.3515535219053-log(sqrt_abs(((59.0380772202935/((15.5306967866611+(-0.119835606242251/((v1/v1)-v1)))-v1))-v1)))),-0.4647174851512653,2.370889025583769,0.09131663030412449,2.370889025583769,1.7976931348623157e308,1.1410723142106927,(14.4-log(sqrt_abs(((59.0/((15.5+(-0.12/((v1/v1)-v1)))-v1))-v1))))
1630.7468490600586,0.39229920271639046,23.0,0.0,562.0,-0.5733333333333334,true,3.3611147255042635,0.11486766416105587,5.0,(11.839517795414+sqrt_abs((((v1+(0.0112671261024682/(-1.35474057799179+v1)))/(-6.46949030501562+v1))/(3.38748611530376-v1)))),-0.6718078588412233,1.4536382642277559,0.07409178742769443,1.4536382642277559,2.8823037615171174e17,0.8761352228573631,(11.8+sqrt_abs((((v1+(0.0113/(-1.35+v1)))/(-6.47+v1))/(3.39-v1))))
848.2920060157776,0.3923473817714144,23.0,0.0,3165.0,-0.5733333333333334,true,3.3615275107716833,0.11488818642466805,5.0,(sqrt_abs((((v1+(0.0112535961920617/(-1.35474060371096+v1)))/(6.46820667876434-v1))/(3.38755549633225-v1)))--11.8399310031939),-0.6718119276933492,1.4536202423484972,0.0741345175966556,1.4536202423484972,2.8823037615171174e17,0.8768503973704955,(sqrt_abs((((v1+(0.0113/(-1.35+v1)))/(6.47-v1))/(3.39-v1)))--11.8)
1797.8772251605988,0.3834544091726082,23.0,0.0,7.0,-0.5418803418803418,true,3.406469419424587,0.1214975902794752,5.0,(11.8291898972378+sqrt_abs(((-9.50432998565229/(v1+((9.69805760270712/(v1+v1))-5.11136386377494)))/(6.71745352443025-v1)))),-0.4742110981330435,2.3288396363224773,0.09382833495069112,2.3288396363224773,2.68435457e8,1.1684043225250444,(11.8+sqrt_abs(((-9.5/(v1+((9.7/(v1+v1))-5.11)))/(6.72-v1))))
1712.4093689918518,0.38481443185920217,24.0,0.0,290.0,-0.5747008547008547,true,3.2969872091317463,0.11629877806642806,6.0,(sqrt_abs(((-7.2197284535549/(-6.45969541795831+v1))/(v1+((0.0159233993085097/(-1.34800715908148+v1))-3.6778129530742))))--11.8440407543598),-0.6811889625203855,1.412087204471817,0.07174416298163847,1.412087204471817,5.36870913e8,0.8449123343018387,(sqrt_abs(((-7.22/(-6.46+v1))/(v1+((0.0159/(-1.35+v1))-3.68))))--11.8)
1711.2222530841827,0.38478905110190736,24.0,0.0,294.0,-0.5747008547008547,true,3.296769753586343,0.11628436433398902,6.0,(11.8438618372649+sqrt_abs(((-7.19301355951385/(-6.45996313124751+v1))/(v1+((-0.0159217944560145/(1.34799775854302-v1))-3.67443750234582))))),-0.6811716854048611,1.4121637287789903,0.07181942666335703,1.4121637287789903,5.36870913e8,0.8462166436757615,(11.8+sqrt_abs(((-7.19/(-6.46+v1))/(v1+((-0.0159/(1.35-v1))-3.67)))))
1686.7674901485443,0.38482195003614583,24.0,0.0,375.0,-0.5747008547008547,true,3.29705162286254,0.11630232034065442,6.0,(11.8441026659992+sqrt_abs(((-7.22146113453557/(-6.45967619780289+v1))/(v1+((0.0159240323905152/(-1.34800773166126+v1))-3.67809693183348))))),-0.6811909267126584,1.4120785046137518,0.07173785552023292,1.4120785046137518,5.36870913e8,0.8448030571413401,(11.8+sqrt_abs(((-7.22/(-6.46+v1))/(v1+((0.0159/(-1.35+v1))-3.68)))))
1778.2143771648407,0.3847836055029657,24.0,0.0,71.0,-0.5747008547008547,true,3.2967230971499664,0.11628199255613214,6.0,(sqrt_abs(((-7.19340286858637/(-6.45996217057982+v1))/(v1+((-0.0159224874385809/(1.34799750356125-v1))-3.67444996371689))))--11.8438146213648),-0.6811705554381615,1.4121687336606605,0.07181895601774574,1.4121687336606605,5.36870913e8,0.8462120734496771,(sqrt_abs(((-7.19/(-6.46+v1))/(v1+((-0.0159/(1.35-v1))-3.67))))--11.8)
1799.8380191326141,0.37177816387692236,24.0,0.0,0.0,-0.6752136752136753,true,3.1852959490489745,0.12170398066738815,5.0,(log(sqrt_abs((((15.658006464915-v1)/((6.56016923967674-(-0.0376090359032798/(1.34754450614598-v1)))-v1))/v1)))--14.2424393067545),-0.6601172596062007,1.5054186094845887,0.07841739411181678,1.5054186094845887,1.7976931348623157e308,0.9431300630145041,(log(sqrt_abs((((15.7-v1)/((6.56-(-0.0376/(1.35-v1)))-v1))/v1)))--14.2)
1738.2755370140076,0.38480826424481757,24.0,0.0,204.0,-0.5747008547008547,true,3.2969343666600164,0.11629271891974682,6.0,(sqrt_abs(((-7.19150252427426/(-6.45997442448388+v1))/(v1+((-0.0159248338394104/(1.3479966130446-v1))-3.67449393133259))))--11.8440286131044),-0.6811765131630096,1.4121423455309008,0.07181635591630449,1.4121423455309008,5.36870913e8,0.8461669710964654,(sqrt_abs(((-7.19/(-6.46+v1))/(v1+((-0.0159/(1.35-v1))-3.67))))--11.8)
1578.807825088501,0.38482261007624047,24.0,0.0,735.0,-0.5747008547008547,true,3.2970572779096727,0.11630260689952619,6.0,(sqrt_abs(((-7.22140555862199/(-6.45967656164317+v1))/(v1+((0.015924031844445/(-1.34800773161179+v1))-3.67809704027066))))--11.8441084005912),-0.6811910694562704,1.412077872369556,0.07173783796671457,1.412077872369556,5.36870913e8,0.8448025656064649,(sqrt_abs(((-7.22/(-6.46+v1))/(v1+((0.0159/(-1.35+v1))-3.68))))--11.8)
1609.160411119461,0.38478056063475796,24.0,0.0,634.0,-0.5747008547008547,true,3.296697009532915,0.11628069049236282,6.0,(11.8437879265714+sqrt_abs(((-7.19382424502284/(-6.45995899665844+v1))/(v1+((-0.0159245293324115/(1.34799674610578-v1))-3.67448659426084))))),-0.6811704367720047,1.4121692592602852,0.07181720030352685,1.4121692592602852,5.36870913e8,0.8461883738212428,(11.8+sqrt_abs(((-7.19/(-6.46+v1))/(v1+((-0.0159/(1.35-v1))-3.67)))))
1761.7651159763336,0.38484514554961663,24.0,0.0,126.0,-0.5747008547008547,true,3.2972503558228734,0.116312112284346,6.0,(11.8443076055853+sqrt_abs(((-7.21714072758493/(-6.4597123925631+v1))/(v1+((0.0159233736752926/(-1.34800715684479+v1))-3.67781799240162))))),-0.6811955936634596,1.4120578336182856,0.0717433743604455,1.4120578336182856,5.36870913e8,0.8448899823566566,(11.8+sqrt_abs(((-7.22/(-6.46+v1))/(v1+((0.0159/(-1.35+v1))-3.68)))))
1799.894278049469,0.24294536361938968,24.0,0.0,0.0,-0.7223931623931624,true,4.4694123938820915,0.09011943218666688,5.0,(10.8946233697063+log(sqrt_abs((v1+((1488.16050786694/(v1+(((-0.00211347625334751*v1)/v1)-6.56547278246184)))-146.606877575366))))),-0.5703815660223818,1.9028785772945704,0.07480661774596604,1.9028785772945704,1.7976931348623157e308,0.9729351559297292,(10.9+log(sqrt_abs((v1+((1490.0/(v1+(((-0.00211*v1)/v1)-6.57)))-147.0)))))
955.2787210941315,0.3848055967168706,24.0,0.0,2807.0,-0.5747008547008547,true,3.296911511993473,0.11629242268652282,6.0,(11.8439948607077+sqrt_abs(((-7.19906049583624/(v1+((0.0159175052643655/(-1.34800207843563+v1))-3.67527452940015)))/(-6.45990101889298+v1)))),-0.6811788566026082,1.41213196589945,0.07180265015333562,1.41213196589945,3.3554433e7,0.8459100327448,(11.8+sqrt_abs(((-7.2/(v1+((0.0159/(-1.35+v1))-3.68)))/(-6.46+v1))))
1579.442731142044,0.38482095051216286,24.0,0.0,733.0,-0.5747008547008547,true,3.29704305920818,0.11630188671322378,6.0,(sqrt_abs(((-7.22154810311594/(-6.45967558262109+v1))/(v1+((0.0159240339264644/(-1.34800773117263+v1))-3.67809666021149))))--11.8440939778805),-0.6811907144748115,1.412079444663853,0.07173788380748754,1.412079444663853,5.36870913e8,0.8448038319574793,(sqrt_abs(((-7.22/(-6.46+v1))/(v1+((0.0159/(-1.35+v1))-3.68))))--11.8)
1573.762263059616,0.38482124502705795,24.0,0.0,752.0,-0.5747008547008547,true,3.297045582533091,0.11630201457817657,6.0,(11.8440965366963+sqrt_abs(((-7.2215233063831/(-6.45967574495922+v1))/(v1+((0.0159240336827892/(-1.34800773115054+v1))-3.67809670858794))))),-0.6811907781822694,1.4120791624889104,0.07173787597278226,1.4120791624889104,5.36870913e8,0.8448036125912345,(11.8+sqrt_abs(((-7.22/(-6.46+v1))/(v1+((0.0159/(-1.35+v1))-3.68)))))
1795.4316020011902,0.384933237253983,24.0,0.0,15.0,-0.5815384615384616,true,3.29800510200306,0.11638351107873349,6.0,(11.8446611212049+sqrt_abs(((-7.49989513739649/(v1+((-0.0274327806380057/(1.34280794719433-v1))-3.68198774671975)))/(-6.4570265988957+v1)))),-0.6792296496669472,1.4207654504691012,0.07317164421097498,1.4207654504691012,3.3554433e7,0.8623727123356759,(11.8+sqrt_abs(((-7.5/(v1+((-0.0274/(1.34-v1))-3.68)))/(-6.46+v1))))
1793.0233261585236,0.41310916269062237,24.0,0.0,23.0,-0.5473504273504274,true,3.5394089010269987,0.1113862775099873,6.0,(sqrt_abs((0.157146494321906+((-21.716791089539/(-6.44744640231237+v1))/(v1+(-0.00921225518012723/(-1.34745027892439+v1))))))--11.7123057936078),-0.6450331838740955,1.5722294404425718,0.0774182668716522,1.5722294404425718,6.7108865e7,0.9266370130258378,(sqrt_abs((0.157+((-21.7/(-6.45+v1))/(v1+(-0.00921/(-1.35+v1))))))--11.7)
1640.843896150589,0.38480442032461887,24.0,0.0,528.0,-0.5747008547008547,true,3.2969014329790554,0.11629178816979743,6.0,(sqrt_abs(((-7.19810687365905/(v1+((0.0159177606568239/(-1.34800161798752+v1))-3.67515690668705)))/(-6.4599108165073+v1)))--11.8439861578571),-0.6811780700565068,1.412135449692528,0.07180515588508365,1.412135449692528,3.3554433e7,0.8459544228228514,(sqrt_abs(((-7.2/(v1+((0.0159/(-1.35+v1))-3.68)))/(-6.46+v1)))--11.8)
1799.9556031227112,0.3588526377376534,24.0,0.0,0.0,-0.5835897435897436,true,3.0745534954809646,0.13426776020773762,5.0,(14.4166080807237-log(sqrt_abs((v1+((v1+(((-0.0513379524080406*v1)/(1.34806099447108-v1))-6.59119587565826))-6.59435709530098))))),-0.5216215065851623,2.1188480636866016,0.09730543359811226,2.1188480636866016,1.7976931348623157e308,1.2103288440263444,(14.4-log(sqrt_abs((v1+((v1+(((-0.0513*v1)/(1.35-v1))-6.59))-6.59)))))
1799.9891560077667,0.39564256402846737,24.0,0.0,0.0,-0.5261538461538462,true,3.3897597517008293,0.1301207049018107,5.0,(11.9279274953731+sqrt_abs(((-15.1719891941301/(v1+(3141.09286865084/(v1+(-2936.68903676126+exp(v1))))))/(-6.44812687545609+v1)))),-0.44103230263790916,2.4757961311441545,0.09825292970040508,2.4757961311441545,1.7179869185e10,1.22294757979502,(11.9+sqrt_abs(((-15.2/(v1+(3140.0/(v1+(-2940.0+exp(v1))))))/(-6.45+v1))))
1793.7311670780182,0.38282394493886646,24.0,0.0,21.0,-0.5781196581196582,true,3.279933249163083,0.11588718757300265,6.0,(11.8212144798716+sqrt_abs(((-11.7807211517832/(v1+((0.0158613059160054/(-1.34835364834067+v1))-3.77750658560491)))/(6.71187781470643-v1)))),-0.6720975064332868,1.4523553486116834,0.07356533637675912,1.4523553486116834,3.3554433e7,0.8747743024522809,(11.8+sqrt_abs(((-11.8/(v1+((0.0159/(-1.35+v1))-3.78)))/(6.71-v1))))
1078.902573108673,0.3848097642009885,24.0,0.0,2394.0,-0.5747008547008547,true,3.29694721788362,0.11629733075007251,6.0,(sqrt_abs(((-7.22504633149805/(-6.45964418799244+v1))/(v1+((0.0159247601041144/(-1.34800834401974+v1))-3.67840171480274))))--11.8439931063668),-0.6811885299217906,1.4120891205502102,0.07173155937572097,1.4120891205502102,5.36870913e8,0.8446997918634043,(sqrt_abs(((-7.23/(-6.46+v1))/(v1+((0.0159/(-1.35+v1))-3.68))))--11.8)
1544.6449501514435,0.3848198126456538,24.0,0.0,849.0,-0.5747008547008547,true,3.2970333102720293,0.1163013927029348,6.0,(11.8440840918302+sqrt_abs(((-7.22164390222249/(-6.45967495544837+v1))/(v1+((0.0159240348679656/(-1.34800773125799+v1))-3.67809647333843))))),-0.6811904683067529,1.4120805349986432,0.07173791408185953,1.4120805349986432,5.36870913e8,0.8448046795716778,(11.8+sqrt_abs(((-7.22/(-6.46+v1))/(v1+((0.0159/(-1.35+v1))-3.68)))))
722.7417559623718,0.3847957999255779,24.0,0.0,3586.0,-0.5747008547008547,true,3.2968275757039045,0.11628831999516705,6.0,(sqrt_abs(((-7.20116553161489/(v1+((0.015917299825291/(-1.34800259297345+v1))-3.67541381058809)))/(-6.45988254389426+v1)))--11.8439078961861),-0.6811773855778441,1.4121384814055102,0.0717998423538963,1.4121384814055102,3.3554433e7,0.8458635687143586,(sqrt_abs(((-7.2/(v1+((0.0159/(-1.35+v1))-3.68)))/(-6.46+v1)))--11.8)
1419.2000770568848,0.3848042570947494,24.0,0.0,1265.0,-0.5747008547008547,true,3.2969000344691572,0.11629191212535656,6.0,(11.8439823507404+sqrt_abs(((-7.19977704441688/(v1+((0.0159173738749114/(-1.34800233960928+v1))-3.67534258927877)))/(-6.45989433495888+v1)))),-0.681178861592767,1.4121319437968922,0.0718012342417642,1.4121319437968922,3.3554433e7,0.8458855410453481,(11.8+sqrt_abs(((-7.2/(v1+((0.0159/(-1.35+v1))-3.68)))/(-6.46+v1))))
1684.707920074463,0.1996313967587739,25.0,0.0,382.0,-0.757948717948718,true,2.126196611554171,0.08133010481407141,6.0,(10.7346559412472+log(sqrt_abs(((1490.28459886161/(v1+((0.0498647764154088/(-1.34519212245339+v1))-6.56293116526381)))-(146.626625153026-v1))))),-0.7836759041549851,0.9581490345396616,0.058631350528604215,0.9581490345396616,1.7976931348623157e308,0.7270811936747763,(10.7+log(sqrt_abs(((1490.0/(v1+((0.0499/(-1.35+v1))-6.56)))-(147.0-v1)))))
1792.2772550582886,0.19966531745742624,25.0,0.0,25.0,-0.7565811965811966,true,2.126557887764763,0.08130437931451621,6.0,(log(sqrt_abs((v1+((1489.94526363358/(v1+((-0.0501386975498218/(1.34514093129421-v1))-6.56368775803536)))-146.624047332666))))--10.7349874839765),-0.7837129047195582,0.9579851505530688,0.05858090081352564,0.9579851505530688,1.7976931348623157e308,0.7271650706013558,(log(sqrt_abs((v1+((1490.0/(v1+((-0.0501/(1.35-v1))-6.56)))-147.0))))--10.7)
1529.8714401721954,0.19914493304822714,25.0,0.0,898.0,-0.757948717948718,true,2.1210154751708075,0.0817083254452445,6.0,(log(sqrt_abs((v1+((1490.71899418369/(v1+((0.0497196828513007/(-1.34521936063303+v1))-6.56324797800944)))-146.630199053434))))--10.7295165082824),-0.7837357207922884,0.9578840929340691,0.058730301346198575,0.9578840929340691,1.7976931348623157e308,0.7288817772364063,(log(sqrt_abs((v1+((1490.0/(v1+((0.0497/(-1.35+v1))-6.56)))-147.0))))--10.7)
1480.253123998642,0.1996215158396092,25.0,0.0,1062.0,-0.757948717948718,true,2.1260913737148925,0.08133810752718895,6.0,(log(sqrt_abs(((1490.16081168072/(v1+((0.0498648277868229/(-1.34519213638803+v1))-6.56294420613919)))-(146.625664227434-v1))))--10.7345388185887),-0.7836776336534548,0.958141374194278,0.05863995700594518,0.958141374194278,1.7976931348623157e308,0.7271971447657966,(log(sqrt_abs(((1490.0/(v1+((0.0499/(-1.35+v1))-6.56)))-(147.0-v1))))--10.7)
1449.589907169342,0.1995821000575374,25.0,0.0,1164.0,-0.7565811965811966,true,2.1256715715011953,0.08137265956399858,6.0,(log(sqrt_abs((v1+((1488.53125225236/(v1+((0.0538733431121844/(-1.3444231036394+v1))-6.56389182432864)))-146.61310495735))))--10.7339650944417),-0.7836854245025797,0.9581068667366684,0.058637666235373476,0.9581068667366684,1.7976931348623157e308,0.7273184852112895,(log(sqrt_abs((v1+((1490.0/(v1+((0.0539/(-1.34+v1))-6.56)))-147.0))))--10.7)
1752.225636959076,0.1996881887362785,25.0,0.0,158.0,-0.7565811965811966,true,2.126801480888826,0.08128991290299338,6.0,(10.7350964824486+log(sqrt_abs((v1+((1488.5432258752/(v1+((0.0538733066863073/(-1.34442309743444+v1))-6.56388644696614)))-146.613156499549))))),-0.7836507176994512,0.958260591127748,0.05864422778799924,0.958260591127748,1.7976931348623157e308,0.7273361318632621,(10.7+log(sqrt_abs((v1+((1490.0/(v1+((0.0539/(-1.34+v1))-6.56)))-147.0)))))
1795.6918361186981,0.3834099693180714,25.0,0.0,14.0,-0.5815384615384616,true,3.2849541494269925,0.12533258705390954,7.0,(sqrt_abs(((-7763.05078580621/(v1+((-0.0704130148151526/(1.34220484620442-v1))-6.80257754911892)))/(-1059.63460831836+-1.10142649311005)))--11.6137666901098),-0.6112943635367033,1.7216664137325923,0.08524631185504054,1.7216664137325923,131073.0,1.0296117908211315,(sqrt_abs(((-7760.0/(v1+((-0.0704/(1.34-v1))-6.8)))/(-1060.0+-1.1)))--11.6)
1788.4435260295868,0.3881081263878471,25.0,0.0,38.0,-0.5808547008547008,true,3.325206703601493,0.11649536137527962,6.0,(sqrt_abs(((-747.358787240506/(v1+((-0.036925617543214/(1.3482047124233-v1))-6.69375626767357)))/(-63.607756790703+pow3(v1))))--11.8914010419608),-0.6703445333293372,1.4601196685343552,0.07436499652177632,1.4601196685343552,2.199023255553e12,0.8882195358213406,(sqrt_abs(((-747.0/(v1+((-0.0369/(1.35-v1))-6.69)))/(-63.6+pow3(v1))))--11.9)
1798.3730101585388,0.20084448117303857,25.0,0.0,5.0,-0.757948717948718,true,2.139116703348426,0.08040166190134401,6.0,(10.7474833763579+log(sqrt_abs(((1486.40702932145/(v1+((-0.0543592217548622/(1.34436051903229-v1))-6.57926558818752)))-(146.572015087598-v1))))),-0.7823139493246535,0.9641814448482376,0.059388721484315704,0.9641814448482376,1.7976931348623157e308,0.7378039472520551,(10.7+log(sqrt_abs(((1490.0/(v1+((-0.0544/(1.34-v1))-6.58)))-(147.0-v1)))))
1373.6706039905548,0.19971373467680473,25.0,0.0,1415.0,-0.7565811965811966,true,2.1270735607974363,0.08126956225207602,6.0,(10.7353858527693+log(sqrt_abs(((1488.72207473771/(v1+((0.0538732958017873/(-1.34442309559274+v1))-6.56388476195924)))-(146.614539597215-v1))))),-0.7836428364696719,0.9582954989020043,0.0586391033053059,0.9582954989020043,1.7976931348623157e308,0.7272677736693169,(10.7+log(sqrt_abs(((1490.0/(v1+((0.0539/(-1.34+v1))-6.56)))-(147.0-v1)))))
1799.867487192154,0.3921627850815009,25.0,0.0,0.0,-0.5778264597787486,true,3.359945935666632,0.11789633184420331,6.0,(sqrt_abs(((-1550.76447708297/(v1+((-0.0379264383298272/(1.34818567000367-v1))-6.66193887038207)))/(-84.9152236774902+exp(v1))))--11.9276786820779),-0.659051044602674,1.5101411202721648,0.07728863739993974,1.5101411202721648,2.199023255553e12,0.929176552295696,(sqrt_abs(((-1550.0/(v1+((-0.0379/(1.35-v1))-6.66)))/(-84.9+exp(v1))))--11.9)
1799.8840100765228,0.3782297192073698,25.0,0.0,0.0,-0.5528205128205128,true,4.985908597121298,0.13793578602735143,6.0,(10.668776815145+log(sqrt_abs((1254.60111192504/(v1+((-26.6651177036664/(((5.9186689624413e6/v1)--65021.9244908521)-v1))-6.56373896925052)))))),-0.36179597272594255,2.82675200921707,0.10382771438335939,2.82675200921707,1.7976931348623157e308,1.2988459434913755,(10.7+log(sqrt_abs((1250.0/(v1+((-26.7/(((5.92e6/v1)--65000.0)-v1))-6.56))))))
1798.7538299560547,0.3188660559201432,25.0,0.0,4.0,-0.6875213675213675,true,3.8344710322481976,0.1075452004393202,5.0,(10.50342617472+log(sqrt_abs((v1+((1473.7722222137/(v1+((13.1583782700292/(exp(v1)-v1))-6.57428810750004)))-146.506984084129))))),-0.6252913781516743,1.6596704257804205,0.07590079032075596,1.6596704257804205,1.7976931348623157e308,0.9531845814194564,(10.5+log(sqrt_abs((v1+((1470.0/(v1+((13.2/(exp(v1)-v1))-6.57)))-147.0)))))
1667.647134065628,0.1992095078962803,25.0,0.0,439.0,-0.757948717948718,true,2.1217032368423254,0.08166167369238259,6.0,(10.7300570845751+log(sqrt_abs((v1+((1489.18010555198/(v1+((-0.0498988992680361/(1.34518531357612-v1))-6.56344534738166)))-146.618204501913))))),-0.7837868188048569,0.9576577681170476,0.0587274836702374,0.9576577681170476,1.7976931348623157e308,0.7289273551131046,(10.7+log(sqrt_abs((v1+((1490.0/(v1+((-0.0499/(1.35-v1))-6.56)))-147.0)))))
1656.1932880878448,0.19941107716685516,25.0,0.0,477.0,-0.757948717948718,true,2.123850072996598,0.08150446457910519,6.0,(log(sqrt_abs((v1+((1489.19697617124/(v1+((-0.0498989573714805/(1.34518532706823-v1))-6.56346143456326)))-146.618260957489))))--10.7322062499754),-0.7837197025563304,0.9579550413749174,0.0587444642397124,0.9579550413749174,1.7976931348623157e308,0.7290339961789515,(log(sqrt_abs((v1+((1490.0/(v1+((-0.0499/(1.35-v1))-6.56)))-147.0))))--10.7)
1798.442734003067,0.30150192537546305,25.0,0.0,5.0,-0.5623931623931624,true,2.583187919145411,0.13493905910937057,6.0,((0.851355783192406*log(sqrt_abs(((-586.668967245617/(-6.56323728717129+v1))/(v1+(-0.00890446874749328/(-1.34819652961591+v1)))))))--12.5924455785978),-0.5680612097073177,1.9131559675888974,0.09849446640220744,1.9131559675888974,1.7976931348623157e308,1.2003254213623582,((0.851*log(sqrt_abs(((-587.0/(-6.56+v1))/(v1+(-0.0089/(-1.35+v1)))))))--12.6)
1325.7352890968323,0.19912493881829296,25.0,0.0,1575.0,-0.757948717948718,true,2.1208025243793642,0.0817293251484033,6.0,(10.7290864743687+log(sqrt_abs((v1+((1488.42369402516/(v1+((0.0540920833325049/(-1.34438212928403+v1))-6.56439983123621)))-146.612451999641))))),-0.7836829617876362,0.9581177746659784,0.05885667000264637,0.9581177746659784,1.7976931348623157e308,0.7306524916736736,(10.7+log(sqrt_abs((v1+((1490.0/(v1+((0.0541/(-1.34+v1))-6.56)))-147.0)))))
1710.7328259944916,0.19939343330676898,25.0,0.0,296.0,-0.757948717948718,true,2.1236621550831885,0.08152030207429571,6.0,log((sqrt_abs((v1+((1488.33899393064/(v1+((-0.0498988285871956/(1.3451852984534-v1))-6.56343211760484)))-146.611576268728)))/2.18363263375973e-5)),-0.783718274611686,0.9579613660692472,0.05878411167616222,0.9579613660692472,1.7976931348623157e308,0.7294555957940894,log((sqrt_abs((v1+((1490.0/(v1+((-0.0499/(1.35-v1))-6.56)))-147.0)))/2.18e-5))
1799.9666781425476,0.22804831179879934,25.0,0.0,0.0,-0.5295726495726496,true,2.7423572666655893,0.14748836285056646,6.0,(0.737108260487064*(log(sqrt_abs((v1+((861.712991551954/((7.91221713512941-(8.88381294998266/v1))-v1))-128.236626930373))))--14.8200305685222)),-0.5843581161159608,1.8409732314011922,0.08740308806598983,1.8409732314011922,1.7976931348623157e308,1.1047016485017012,(0.737*(log(sqrt_abs((v1+((862.0/((7.91-(8.88/v1))-v1))-128.0))))--14.8))
1799.4387710094452,0.19304801291790474,25.0,0.0,2.0,-0.744957264957265,true,2.0560795425846514,0.09187284598291685,6.0,log((sqrt_abs((v1+((1487.72600982875/(v1+((-0.0346216123965204/(1.34811817396156-v1))-6.56254462734092)))-146.608714345923)))/2.33649140232941e-5)),-0.7737245638268153,1.0022258031981226,0.06206507219452655,1.0022258031981226,1.7976931348623157e308,0.7745392457407512,log((sqrt_abs((v1+((1490.0/(v1+((-0.0346/(1.35-v1))-6.56)))-147.0)))/2.34e-5))
1529.8714401721954,0.19914493304822714,25.0,0.0,898.0,-0.757948717948718,true,2.1210154751708075,0.0817083254452445,6.0,(log(sqrt_abs((v1+((1490.71899418369/(v1+((0.0497196828513007/(-1.34521936063303+v1))-6.56324797800944)))-146.630199053434))))--10.7295165082824),-0.7837357207922884,0.9578840929340691,0.058730301346198575,0.9578840929340691,1.7976931348623157e308,0.7288817772364063,(log(sqrt_abs((v1+((1490.0/(v1+((0.0497/(-1.35+v1))-6.56)))-147.0))))--10.7)
1608.1335380077362,0.19945721032706484,25.0,0.0,638.0,-0.757948717948718,true,2.124341419400574,0.08146490385689029,6.0,(10.732840964225+log(sqrt_abs((v1+((1490.7048863284/(v1+((0.0497185489366706/(-1.34521907025807+v1))-6.56297442341225)))-146.629953854826))))),-0.7836530090088479,0.9582504423929165,0.0587031193104482,0.9582504423929165,1.7976931348623157e308,0.7281154478571052,(10.7+log(sqrt_abs((v1+((1490.0/(v1+((0.0497/(-1.35+v1))-6.56)))-147.0)))))
1775.7506000995636,0.20020572329406475,25.0,0.0,80.0,-0.7558974358974359,true,2.1323135408202454,0.08089855151873433,6.0,(log(sqrt_abs((v1+((1483.54422999541/(v1+((-0.0505313292577193/(1.34506298168516-v1))-6.56296517171056)))-146.573980393622))))--10.7401256523854),-0.7835336908142336,0.9587789300425524,0.05865867986867955,0.9587789300425524,1.7976931348623157e308,0.7267996457705244,(log(sqrt_abs((v1+((1480.0/(v1+((-0.0505/(1.35-v1))-6.56)))-147.0))))--10.7)
1248.1911301612854,0.19923786557096204,25.0,0.0,1833.0,-0.757948717948718,true,2.1220052634413413,0.08164230344518943,6.0,log((sqrt_abs((v1+((1487.99835556832/(v1+((0.0540920096248296/(-1.34438218195034+v1))-6.56442031033346)))-146.609090068042)))/2.18731919361654e-5)),-0.7836429724189,0.9582948967516932,0.05888494868711658,0.9582948967516932,1.7976931348623157e308,0.7309418382108352,log((sqrt_abs((v1+((1490.0/(v1+((0.0541/(-1.34+v1))-6.56)))-147.0)))/2.19e-5))
1800.0235831737518,0.5276093375204229,25.0,0.0,0.0,-0.29435897435897435,true,4.5204157983861,0.18364858607568818,7.0,(11.6480212664388+sqrt_abs((-2966.69452407362/(-1434.27220142646+(492.109911603142/(v1+((0.0505817099215646/(-1.34541821919558+v1))-6.43916935471211))))))),-0.16542125668391838,3.696540665208819,0.12512215963377843,3.696540665208819,1025.0,1.5198281768868545,(11.6+sqrt_abs((-2970.0/(-1430.0+(492.0/(v1+((0.0506/(-1.35+v1))-6.44)))))))
1800.0249960422516,0.19416718696097135,25.0,0.0,0.0,-0.744957264957265,true,2.0679994314234946,0.08797886548478907,6.0,(10.6764031489301+log(sqrt_abs((v1+((1489.89424140006/(v1+((-0.0369068779168601/(1.34767742533603-v1))-6.56168975144511)))-146.625167874801))))),-0.7751531658131393,0.9958981973500971,0.0614267178530296,0.9958981973500971,1.7976931348623157e308,0.7645849003764158,(10.7+log(sqrt_abs((v1+((1490.0/(v1+((-0.0369/(1.35-v1))-6.56)))-147.0)))))
1795.8921201229095,0.22596473267727119,26.0,0.0,13.0,-0.7018803418803419,true,3.624498783408942,0.11735649436363058,6.0,pow3((0.0684539796147961*(log(sqrt_abs((v1+((1361.61761245475/(v1+((9.94294941448937/v1)-8.049853434652)))-145.745665560626))))--32.0513074315177))),-0.5929647181340785,1.802852617134372,0.07858531077805961,1.802852617134372,1.7976931348623157e308,1.0158032970987845,pow3((0.0685*(log(sqrt_abs((v1+((1360.0/(v1+((9.94/v1)-8.05)))-146.0))))--32.1)))
1799.2084481716156,0.3940505242051701,26.0,0.0,2.0,-0.6251471924580174,true,3.3761195799731745,0.11736848008032924,6.0,((2877.08419151306/(1163.77958323485-exp((v1+(v1+((-0.132666514795106/(v1*(1.34552515535848-v1)))-6.73039471591817))))))--11.9438523263845),-0.6519357327881399,1.541656468199143,0.07879093562786925,1.541656468199143,8195.0,0.9472802206258408,((2880.0/(1160.0-exp((v1+(v1+((-0.133/(v1*(1.35-v1)))-6.73))))))--11.9)
1795.2679769992828,0.38421534053869844,26.0,0.0,15.0,-0.5863247863247864,true,3.2918543548069756,0.11772324081689657,6.0,(11.7591902558273+sqrt_abs(((-1.26129922179982/(-6.4535213380362+v1))/((v1+((-0.0155816018957868/(1.34783410802758-v1))-3.59495601360585))/v1)))),-0.6716508133852084,1.4543338545709021,0.0747099842153369,1.4543338545709021,2.305843009213694e18,0.8820487048735962,(11.8+sqrt_abs(((-1.26/(-6.45+v1))/((v1+((-0.0156/(1.35-v1))-3.59))/v1))))
1799.816090106964,0.2423245310611131,26.0,0.0,0.0,-0.7217094017094017,true,4.457991073922951,0.09199114218806659,6.0,(log(sqrt_abs((v1+((1549.9607589851/(v1+((428.183074715784/(-1634.41429487834+exp(v1)))-6.10658370651731)))-147.045167043684))))--10.8788697773905),-0.5744002158310606,1.8850790556125419,0.07451277569213734,1.8850790556125419,1.7976931348623157e308,0.968944562916027,(log(sqrt_abs((v1+((1550.0/(v1+((428.0/(-1630.0+exp(v1)))-6.11)))-147.0))))--10.9)
1799.5977990627289,0.3955063842696202,26.0,0.0,1.0,-0.5664957264957265,true,3.3885929999215563,0.12591397873234622,7.0,(sqrt_abs(((-6104.06213536926/((-0.043544115999153/(1.34738041247424-v1))-6.8269690175033))/(-157.253240197011+pow3((-0.0983850557462049+v1)))))--11.9372430603213),-0.5282840087061693,2.08933831374439,0.09366297949302689,2.08933831374439,3.602879701896397e16,1.1507435524736374,(sqrt_abs(((-6100.0/((-0.0435/(1.35-v1))-6.83))/(-157.0+pow3((-0.0984+v1)))))--11.9)
1798.6485409736633,0.2426060028429926,26.0,0.0,4.0,-0.7223931623931624,true,4.463169248355747,0.09013282942689163,6.0,(log(sqrt_abs((v1+((1509.84820175489/(v1+((-378.212447715661/(3389.1569401964-exp(v1)))-6.40972541120826)))-146.76132833593))))--10.892918804256),-0.5717669534916273,1.8967423784539568,0.07467030794937814,1.8967423784539568,1.7976931348623157e308,0.9708397795459391,(log(sqrt_abs((v1+((1510.0/(v1+((-378.0/(3390.0-exp(v1)))-6.41)))-147.0))))--10.9)
1799.6799380779266,0.40048611936923006,26.0,0.0,1.0,-0.5863247863247864,true,3.4312580394029375,0.1269810915447292,6.0,(11.8453410989615+sqrt_abs(((-10.2412388614809/(v1+((0.0239204618637366/(-1.34777403549098+v1))-(3.37433776050348+v1))))/(-6.44604047643525+v1)))),-0.6106772814901456,1.7243996116448796,0.08202828148729689,1.7243996116448796,2.147483649e9,0.9806919865315883,(11.8+sqrt_abs(((-10.2/(v1+((0.0239/(-1.35+v1))-(3.37+v1))))/(-6.45+v1))))
1798.4127051830292,0.40671215176379155,26.0,0.0,5.0,-0.5466666666666666,true,3.4846010210300395,0.14560089282698518,7.0,(sqrt_abs(((1529.34902618863-pow3((-0.0357889633264638/(-1.35085158958984+v1))))/((42.6119234639297/(5.04682923053032+v1))-14.0717494980136)))--1.51269599956457),-0.44245113318784346,2.4695118052289824,0.10027469027211594,2.4695118052289824,7.737125245533627e25,1.2476274817916233,(sqrt_abs(((1530.0-pow3((-0.0358/(-1.35+v1))))/((42.6/(5.05+v1))-14.1)))--1.51)
1798.4502589702606,0.39928757010352134,26.0,0.0,5.0,-0.6266666666666667,true,3.4209891896109372,0.13233457687711003,6.0,(sqrt_abs(((-7.39230238399064/(v1+(((56.405557279801/(15.3782880757692-v1))-v1)-3.89175694618304)))/(-6.45079106897021+v1)))--11.8739247435101),-0.4561325478745347,2.4089136817421664,0.09610383195775074,2.4089136817421664,2.147483649e9,1.1954681762799613,(sqrt_abs(((-7.39/(v1+(((56.4/(15.4-v1))-v1)-3.89)))/(-6.45+v1)))--11.9)
1799.9512090682983,0.36653232000040914,26.0,0.0,0.0,-0.558974358974359,true,3.140350960685611,0.13247092301101349,6.0,(11.5593227623152+sqrt_abs(((-907.576578529893/(v1+(45.2162229450534+v1)))/(v1+((0.0250400536428593/(-1.34844944688855+v1))-4.91494650853894))))),-0.5703973384442724,1.9028087176206034,0.08938589577911087,1.9028087176206034,8.796093022209e12,1.1010034572243546,(11.6+sqrt_abs(((-908.0/(v1+(45.2+v1)))/(v1+((0.025/(-1.35+v1))-4.91)))))
1797.5755331516266,0.3696282435238913,26.0,0.0,8.0,-0.5617094017094018,true,3.166876006038134,0.12938907951353903,6.0,(sqrt_abs(((-171.422464441272/(v1+((0.0204285922896466/(-1.34854026027523+v1))-4.82293111538374)))/(v1+(25.3665303478205/v1))))--11.6359216278198),-0.5815925571790372,1.8532225262151842,0.08615466683764958,1.8532225262151842,2.199023255553e12,1.0572358934926331,(sqrt_abs(((-171.0/(v1+((0.0204/(-1.35+v1))-4.82)))/(v1+(25.4/v1))))--11.6)
1800.0053009986877,0.3878357477004105,26.0,0.0,0.0,-0.5452991452991452,true,3.8885590035109026,0.122123227681646,6.0,(sqrt_abs(((-7.18824815152834/(v1+(((1.70450562770351/(-0.805533419540854+v1))/v1)-3.84791142206601)))/(-6.45734427360593+v1)))--11.8699585258173),-0.4849391345761761,2.2813227024351943,0.08813332324965119,2.2813227024351943,1.099511627777e12,1.0904588299576323,(sqrt_abs(((-7.19/(v1+(((1.7/(-0.806+v1))/v1)-3.85)))/(-6.46+v1)))--11.9)
1798.8663811683655,0.2574059106038783,27.0,0.0,3.0,-0.6902564102564103,true,3.3098571130352497,0.12032495124898904,6.0,((log(sqrt_abs(((1368.63134419568/(v1+((16.4121547392269/(v1+v1))-7.79572391791176)))-(145.801638834922-v1))))/0.883925061560468)--10.4377765815275),-0.5891524571742572,1.8197379952694217,0.07929935113055292,1.8197379952694217,1.7976931348623157e308,1.0218196242823103,((log(sqrt_abs(((1370.0/(v1+((16.4/(v1+v1))-7.8)))-(146.0-v1))))/0.884)--10.4)
1799.4791569709778,0.20236157687157053,27.0,0.0,1.0,-0.7593162393162393,true,2.1552747014689313,0.07919068080862648,6.0,(log(sqrt_abs((v1+((1494.34812916335/(v1+((-0.0716947308484035/(v1*(1.34461484763595-v1)))-6.56772607916307)))-146.657948069475))))--10.764154450407),-0.7816320480921236,0.9672017418015091,0.05909505957033611,0.9672017418015091,1.7976931348623157e308,0.731678625681248,(log(sqrt_abs((v1+((1490.0/(v1+((-0.0717/(v1*(1.34-v1)))-6.57)))-147.0))))--10.8)
1636.2235610485077,0.19956342117236062,27.0,0.0,543.0,-0.7565811965811966,true,2.125472629936816,0.08138364006350923,6.0,(10.7339096018717+log(sqrt_abs((v1+((1490.02206560379/(v1+(((-0.0372359305863145*v1)/(1.34514957260467-v1))-6.60098071956859)))-146.624679639567))))),-0.7837237188172482,0.9579372524341812,0.05861603511739669,0.9579372524341812,1.7976931348623157e308,0.7277141048869804,(10.7+log(sqrt_abs((v1+((1490.0/(v1+(((-0.0372*v1)/(1.35-v1))-6.6)))-147.0)))))
1759.6164541244507,0.1998235274665723,27.0,0.0,133.0,-0.7565811965811966,true,2.128242921235559,0.08118077563102145,6.0,(log(sqrt_abs((v1+((1490.07120712127/(v1+(((-0.0372340176297909*v1)/(1.34514900837944-v1))-6.60040599139565)))-146.624934211186))))--10.7366830476585),-0.7837021538418796,0.9580327686560268,0.058520047605358644,0.9580327686560268,1.7976931348623157e308,0.7258340769186213,(log(sqrt_abs((v1+((1490.0/(v1+(((-0.0372*v1)/(1.35-v1))-6.6)))-147.0))))--10.7)
1799.823088169098,0.21797805863612324,27.0,0.0,0.0,-0.7463247863247863,true,3.0729466127464615,0.09410021110672262,6.0,(log(sqrt_abs((v1+((1570.52010783792/(-3.38962309298792+(v1+((-0.0119075183802639*v1)/(1.34684006033323-v1)))))-146.933341343187))))--10.9258154645412),-0.6590451372860444,1.5101672851323635,0.06848992044496785,1.5101672851323635,1.7976931348623157e308,0.8795779283115629,(log(sqrt_abs((v1+((1570.0/(-3.39+(v1+((-0.0119*v1)/(1.35-v1)))))-147.0))))--10.9)
1796.8403329849243,0.23649078099194124,27.0,0.0,10.0,-0.7217094017094017,true,4.350668857629023,0.09691082808447861,6.0,(1.13258486856496*(log(sqrt_abs(((1479.92631948699/(v1+((0.231452049239347/(v1+v1))-6.55509434310657)))-(146.55935556799-v1))))--9.3646731361762)),-0.5788224128143296,1.8654921309405021,0.07562114349055199,1.8654921309405021,1.7976931348623157e308,0.9806743579889828,(1.13*(log(sqrt_abs(((1480.0/(v1+((0.231/(v1+v1))-6.56)))-(147.0-v1))))--9.36))
1000.6113321781158,0.19902549526622473,27.0,0.0,2655.0,-0.757948717948718,true,2.1197433896596696,0.08180570742069614,6.0,(10.7280752486278+log(sqrt_abs(((1488.94729213679/(v1+(((-0.0369065015689564*v1)/(1.34523382172402-v1))-6.60052181504012)))-(146.616437024389-v1))))),-0.7836692721783414,0.9581784090852637,0.05894277309620773,0.9581784090852637,1.7976931348623157e308,0.731815161456033,(10.7+log(sqrt_abs(((1490.0/(v1+(((-0.0369*v1)/(1.35-v1))-6.6)))-(147.0-v1)))))
1047.2238771915436,0.19929138939055224,27.0,0.0,2500.0,-0.757948717948718,true,2.122575324893086,0.08159953466376428,6.0,(log(sqrt_abs(((1488.5018779039/(v1+(((-0.036976059290597*v1)/(1.34521473340406-v1))-6.59990681116036)))-(146.612840627771-v1))))--10.7308622038104),-0.7837005862608589,0.9580397118318926,0.05878828225214079,0.9580397118318926,1.7976931348623157e308,0.729091833705433,(log(sqrt_abs(((1490.0/(v1+(((-0.037*v1)/(1.35-v1))-6.6)))-(147.0-v1))))--10.7)
1799.246987104416,0.4037346098972591,27.0,0.0,2.0,-0.5788034188034188,true,3.459090238076339,0.1252860688657698,6.0,(10.7474833763579+log(sqrt_abs(((1486.40702932145/(v1+((-0.0543592217548622/(1.34436051903229-v1))-6.57926558818752)))-((-1.34528821861755+v1)-v1))))),-0.5573319773748335,1.9606781983443962,0.09671994509865665,1.9606781983443962,1.7976931348623157e308,1.13569930328861,(10.7+log(sqrt_abs(((1490.0/(v1+((-0.0544/(1.34-v1))-6.58)))-((-1.35+v1)-v1)))))
1337.3143260478973,0.19921970614501067,27.0,0.0,1536.0,-0.757948717948718,true,2.121811854435782,0.08165695804200362,6.0,(10.730037628356+log(sqrt_abs((v1+((1487.85011780576/(v1+(((-0.0369778110543431*v1)/(1.34521506545795-v1))-6.60033711726284)))-146.607807223178))))),-0.783684312577325,0.9581117917086426,0.05889741562383419,0.9581117917086426,1.7976931348623157e308,0.7308400389171319,(10.7+log(sqrt_abs((v1+((1490.0/(v1+(((-0.037*v1)/(1.35-v1))-6.6)))-147.0)))))
1652.2209219932556,0.19909411516378683,27.0,0.0,490.0,-0.757948717948718,true,2.120474233585277,0.08175478757142797,6.0,(log(sqrt_abs((v1+((1487.88989965077/(v1+(((-0.036977765446107*v1)/(1.34521505008221-v1))-6.60032076726607)))-146.608166629234))))--10.7287033436215),-0.7837273557062998,0.9579211438184488,0.05888265684034503,0.9579211438184488,1.7976931348623157e308,0.7307126815499655,(log(sqrt_abs((v1+((1490.0/(v1+(((-0.037*v1)/(1.35-v1))-6.6)))-147.0))))--10.7)
1798.9889030456543,0.24257679839926113,27.0,0.0,3.0,-0.7223931623931624,true,4.462631980630917,0.09034166962832944,6.0,(10.8941374466512+log(sqrt_abs(((1489.61928232836/(v1+((-0.189305055197389/(v1+(-5.61962155454209+v1)))-6.52512248483302)))-(146.614471057326-v1))))),-0.5706933350022374,1.9014976809784148,0.07493115345198977,1.9014976809784148,1.7976931348623157e308,0.9740941619992338,(10.9+log(sqrt_abs(((1490.0/(v1+((-0.189/(v1+(-5.62+v1)))-6.53)))-(147.0-v1)))))
1799.686331987381,0.20700829598311937,27.0,0.0,1.0,-0.6724786324786325,true,3.373437106302907,0.11096762348836198,6.0,(10.7833619404436+log(sqrt_abs((v1+((2543.87279476213/(v1+((v1+(-0.0313074358052925/(1.34689974085345-v1)))-6.68894842976639)))-144.659326973468))))),-0.6137420003844094,1.7108252687673386,0.07720041506693737,1.7108252687673386,1.7976931348623157e308,0.9874314473266705,(10.8+log(sqrt_abs((v1+((2540.0/(v1+((v1+(-0.0313/(1.35-v1)))-6.69)))-145.0)))))
1652.2209219932556,0.19909411516378683,27.0,0.0,490.0,-0.757948717948718,true,2.120474233585277,0.08175478757142797,6.0,(log(sqrt_abs((v1+((1487.88989965077/(v1+(((-0.036977765446107*v1)/(1.34521505008221-v1))-6.60032076726607)))-146.608166629234))))--10.7287033436215),-0.7837273557062998,0.9579211438184488,0.05888265684034503,0.9579211438184488,1.7976931348623157e308,0.7307126815499655,(log(sqrt_abs((v1+((1490.0/(v1+(((-0.037*v1)/(1.35-v1))-6.6)))-147.0))))--10.7)
1542.2124800682068,0.19886223601953745,27.0,0.0,857.0,-0.757948717948718,true,2.1180045787173665,0.08193470625946486,6.0,(10.7262681199141+log(sqrt_abs((v1+((1488.24485321147/(v1+(((-0.0369780290715409*v1)/(1.34521540501973-v1))-6.6005497151118)))-146.611024985569))))),-0.7837806615459108,0.9576850400290906,0.058893410640261386,0.9576850400290906,1.7976931348623157e308,0.7312430163696262,(10.7+log(sqrt_abs((v1+((1490.0/(v1+(((-0.037*v1)/(1.35-v1))-6.6)))-147.0)))))
1757.107705116272,0.19940195832432078,27.0,0.0,142.0,-0.757948717948718,true,2.123752951740059,0.08150214691110184,6.0,log((v1+(sqrt_abs((v1+((1488.4197034782/(v1+((-0.0498987039119061/(1.34518527063081-v1))-6.56340399403273)))-146.611534761144)))/2.18376768201843e-5))),-0.7837322371372558,0.9578995228411864,0.0587688410604326,0.9578995228411864,1.7976931348623157e308,0.7292421173964612,log((v1+(sqrt_abs((v1+((1490.0/(v1+((-0.0499/(1.35-v1))-6.56)))-147.0)))/2.18e-5)))
1652.2209219932556,0.19909411516378683,27.0,0.0,490.0,-0.757948717948718,true,2.120474233585277,0.08175478757142797,6.0,(log(sqrt_abs((v1+((1487.88989965077/(v1+(((-0.036977765446107*v1)/(1.34521505008221-v1))-6.60032076726607)))-146.608166629234))))--10.7287033436215),-0.7837273557062998,0.9579211438184488,0.05888265684034503,0.9579211438184488,1.7976931348623157e308,0.7307126815499655,(log(sqrt_abs((v1+((1490.0/(v1+(((-0.037*v1)/(1.35-v1))-6.6)))-147.0))))--10.7)
1798.156669139862,0.24329398848188688,27.0,0.0,6.0,-0.7217094017094017,true,4.475825968761839,0.09034715526256756,6.0,(log(sqrt_abs((v1+((1475.63556931433/(v1+((4.74661353368208/((5.91843350262724e6/v1)-v1))-6.56748114539182)))-146.50938919872))))--10.8911137867704),-0.5699052546605827,1.9049882695582327,0.07530288777403372,1.9049882695582327,1.7976931348623157e308,0.9786161987375206,(log(sqrt_abs((v1+((1480.0/(v1+((4.75/((5.92e6/v1)-v1))-6.57)))-147.0))))--10.9)
1799.1296141147614,0.406877602459847,27.0,0.0,3.0,-0.5723233506379987,true,3.48601855837655,0.1124445487197576,7.0,(sqrt_abs(((3892.74170764615-pow3((-0.0693796054047496/(-1.35256042895481+v1))))/(738.959869775567-exp((v1+(2.77942982996391-3.72092387443679))))))--12.0537513047878),-0.61232261102798,1.7171120697646398,0.0848105614948124,1.7171120697646398,1.9892929456391466e87,1.0453373630845162,(sqrt_abs(((3890.0-pow3((-0.0694/(-1.35+v1))))/(739.0-exp((v1+(2.78-3.72))))))--12.1)
1799.7650241851807,0.22881691683857058,27.0,0.0,1.0,-0.6485470085470085,true,4.112486738270896,0.14639424088244585,6.0,(11.0076135878628+log(sqrt_abs((v1+((2349.78716149481/(v1+((v1+(-0.000661592522317024/(-1.34818349376764+v1)))-6.81253424118295)))-143.946164871072))))),-0.440586867415655,2.477769065904314,0.08987805766291737,2.477769065904314,1.7976931348623157e308,1.184694607161771,(11.0+log(sqrt_abs((v1+((2350.0/(v1+((v1+(-0.000662/(-1.35+v1)))-6.81)))-144.0)))))
1793.098906993866,0.382869484288665,27.0,0.0,23.0,-0.574017094017094,true,3.2803234181416023,0.11590456949256003,7.0,(11.8216393050214+sqrt_abs(((-11.7500125810991/(v1+((0.0158657305265952/(-1.34834876385029+v1))-3.77646876994898)))/((9.40083640877152-v1)-2.68948214010149)))),-0.6720934558982692,1.4523732893602685,0.07356872574209217,1.4523732893602685,8.589934593e9,0.8748216613093697,(11.8+sqrt_abs(((-11.8/(v1+((0.0159/(-1.35+v1))-3.78)))/((9.4-v1)-2.69))))
1752.9913749694824,0.19934021906609617,27.0,0.0,156.0,-0.757948717948718,true,2.123095390836472,0.08155581961404376,6.0,(10.7316064685204+log(sqrt_abs((v1+((1490.81405732129/(v1+(((-0.0369776745327771*v1)/(1.34521502169051-v1))-6.60029539469642)))-146.630871861232))))),-0.7836807588531769,0.9581275319679426,0.05873599528644372,0.9581275319679426,1.7976931348623157e308,0.7289121437458678,(10.7+log(sqrt_abs((v1+((1490.0/(v1+(((-0.037*v1)/(1.35-v1))-6.6)))-147.0)))))
1799.419173002243,0.30169683103655776,27.0,0.0,2.0,-0.6287179487179487,true,3.6170979692437886,0.16582577102172613,6.0,((1.79210722566513*log(sqrt_abs((v1+((2018.56350196366/(v1+((v1+(4.31328310269974-v1))-3.62236979665308)))-144.239490148293)))))--9.60144905247276),-0.3762857845060442,2.762573309597253,0.10734659114476632,2.762573309597253,1.7976931348623157e308,1.342272255927606,((1.79*log(sqrt_abs((v1+((2020.0/(v1+((v1+(4.31-v1))-3.62)))-144.0)))))--9.6)
1768.5816161632538,0.19925520477823006,27.0,0.0,104.0,-0.757948717948718,true,2.1221899366156958,0.08162878261587349,6.0,log((sqrt_abs((v1+((1488.05844175298/(v1+(((-0.0369776017025323*v1)/(1.34521499796823-v1))-6.60027074277715)))-146.609413885714)))/2.18691063255817e-5)),-0.7836822299184871,0.9581210162822943,0.05887617230472205,0.9581210162822943,1.7976931348623157e308,0.7305066699194367,log((sqrt_abs((v1+((1490.0/(v1+(((-0.037*v1)/(1.35-v1))-6.6)))-147.0)))/2.19e-5))
1793.6960890293121,0.3939492468233205,27.0,0.0,21.0,-0.5778264597787486,true,3.375251862432231,0.11743260222580892,6.0,(11.9429846088435+sqrt_abs(((3929.92753592072-pow3((-0.0685301967041898/(-1.35249078414029+v1))))/(748.406658982878-exp((v1+(-0.328675062810427/log(v1)))))))),-0.6557030154215018,1.5249703093877836,0.07746154297050047,1.5249703093877836,1.7976931348623157e308,0.9293552954864691,(11.9+sqrt_abs(((3930.0-pow3((-0.0685/(-1.35+v1))))/(748.0-exp((v1+(-0.329/log(v1))))))))
1800.0037829875946,0.23184373793726876,27.0,0.0,0.0,-0.7203418803418803,true,4.265178229143535,0.10867336116722182,6.0,(1.25046022890417*(8.26752693407065+log(sqrt_abs((v1+((1478.91832891418/(v1+((v1*(0.0531217738088779/v1))-6.57461618064773)))-146.58124891022)))))),-0.5810103676324041,1.8558011772426928,0.0760703594143216,1.8558011772426928,1.7976931348623157e308,0.9848611971956683,(1.25*(8.27+log(sqrt_abs((v1+((1480.0/(v1+((v1*(0.0531/v1))-6.57)))-147.0))))))
1800.0257470607758,0.3837474827136686,27.0,0.0,0.0,-0.5551261345731549,true,3.287845873998803,0.11807766981386736,6.0,(11.8555786204101+sqrt_abs(((3721.89369398449-((-1.87170563001754*v1)/(1.3548662959946-v1)))/(701.105062155034-exp((v1+(-1.68136146484973/v1))))))),-0.6091190525866776,1.731301364838936,0.08493411524440697,1.731301364838936,3.757668132438133e109,1.0284936504148208,(11.9+sqrt_abs(((3720.0-((-1.87*v1)/(1.35-v1)))/(701.0-exp((v1+(-1.68/v1)))))))
1800.0282990932465,0.3749743510881283,27.0,0.0,0.0,-0.6061538461538462,true,3.6494201052748636,0.1292512543071488,6.0,log((1.52105825363231e6/sqrt_abs(((58.9702021925157/((15.5410325599309+(1.94239785896115/(v1+(-6.56153316694847/(6.56756713626499-v1)))))-v1))-v1)))),-0.4894795489708067,2.2612121657350106,0.09379565542848502,2.2612121657350106,1.7976931348623157e308,1.1717594188243472,log((1.52e6/sqrt_abs(((59.0/((15.5+(1.94/(v1+(-6.56/(6.57-v1)))))-v1))-v1))))
1603.6806900501251,0.19887857427394007,28.0,0.0,652.0,-0.7572649572649572,true,2.118178591130812,0.08542032906663181,7.0,((log(sqrt_abs((v1+((1480.60445256566/(v1+((0.0496758155472562/(-1.34521011568137+v1))-6.5544796333838)))-146.573304746643))))/0.88378568668485)--10.4567955570037),-0.785824993066467,0.9486302268560665,0.05948396607294339,0.9486302268560665,1.7976931348623157e308,0.7365261172711286,((log(sqrt_abs((v1+((1480.0/(v1+((0.0497/(-1.35+v1))-6.55)))-147.0))))/0.884)--10.5)
1650.6076881885529,0.19896461982353958,28.0,0.0,495.0,-0.7572649572649572,true,2.1190950289204995,0.08525793341944178,7.0,((log(sqrt_abs(((1481.97384431906/(v1+((0.0498376491558686/(-1.34518659294895+v1))-6.55632538849857)))-(146.581807745095-v1))))/0.891162573690767)--10.4770277737382),-0.7858022026689827,0.9487311707535137,0.05935135042808285,0.9487311707535137,1.7976931348623157e308,0.735488675974772,((log(sqrt_abs(((1480.0/(v1+((0.0498/(-1.35+v1))-6.56)))-(147.0-v1))))/0.891)--10.5)
1798.9171350002289,0.42671961895382166,28.0,0.0,3.0,-0.48444444444444446,true,3.65601965284681,0.1257277841869967,7.0,(1.5781040522034*(log(sqrt_abs(((10382.1400054489/(v1+(0.0410384831085916-6.56368914432674)))-(((25343.2809955792/v1)-785.861963122246)-v1))))--4.39488947949154)),-0.45877411761702414,2.397213563507309,0.09576635735796293,2.397213563507309,1.7976931348623157e308,1.1993727578118092,(1.58*(log(sqrt_abs(((10400.0/(v1+(0.041-6.56)))-(((25300.0/v1)-786.0)-v1))))--4.39))
1798.8774681091309,0.1983190202260025,28.0,0.0,3.0,-0.7203418803418803,true,2.3848525864756756,0.10033108221773647,6.0,(log(sqrt_abs((v1+((1481.22203749283/(v1+((-0.487113895105864/(pow3((v1-0.274336421784434))-v1))-6.56197522524725)))-146.560099616346))))--10.6011643155396),-0.7317594474453566,1.1880989283725218,0.06698293221216975,1.1880989283725218,1.7976931348623157e308,0.8361080208854731,(log(sqrt_abs((v1+((1480.0/(v1+((-0.487/(pow3((v1-0.274))-v1))-6.56)))-147.0))))--10.6)
1797.672996044159,0.1937138319919549,28.0,0.0,7.0,-0.7442735042735042,true,2.0631709234102047,0.08921350801435075,7.0,((log(sqrt_abs((v1+((1479.29654647199/(v1+((-0.0376366409440671/(1.34752500167929-v1))-6.55355189105077)))-146.563909051095))))/0.89269376682376)--10.4247071918933),-0.777266198639183,0.9865390903383895,0.06222309516345216,0.9865390903383895,1.7976931348623157e308,0.7714803487577004,((log(sqrt_abs((v1+((1480.0/(v1+((-0.0376/(1.35-v1))-6.55)))-147.0))))/0.893)--10.4)
1686.7889630794525,0.19889587035845072,28.0,0.0,375.0,-0.7572649572649572,true,2.1183628050213965,0.0854168537638584,7.0,(1.12522510438407*(log(sqrt_abs((v1+((1481.00341153825/(v1+((0.0496779816813033/(-1.34521051138629+v1))-6.55485613374736)))-146.574774863834))))--9.30467486655445)),-0.7858598465218755,0.9484758529084046,0.05939495208559834,0.9484758529084046,1.7976931348623157e308,0.7354691818838871,(1.13*(log(sqrt_abs((v1+((1480.0/(v1+((0.0497/(-1.35+v1))-6.55)))-147.0))))--9.3))
1452.4982380867004,0.19915971539082275,28.0,0.0,1154.0,-0.7572649572649572,true,2.12117291617081,0.08522117571881427,7.0,(1.12311688100854*(log(sqrt_abs(((1480.90791244628/(v1+((0.0498312064289647/(-1.34518522871839+v1))-6.55489642160035)))-(146.573489312381-v1))))--9.32847388939304)),-0.7858226504430366,0.9486406028725216,0.05929934010155385,0.9486406028725216,1.7976931348623157e308,0.7340934212658301,(1.12*(log(sqrt_abs(((1480.0/(v1+((0.0498/(-1.35+v1))-6.55)))-(147.0-v1))))--9.33))
1799.85027217865,0.4310030486210594,28.0,0.0,0.0,-0.3299145299145299,true,3.6927189334737527,0.1245923704903614,6.0,(11.5459484595118+sqrt_abs(((-1.71876584107803/(-6.44469243304683+v1))/((v1+(((-0.0228823674007049/(1.34827610352417-v1))-3.53566652407655)-v1))/v1)))),-0.5473156975596717,2.00504259888465,0.09070243614594106,2.00504259888465,1.5111572745182865e23,1.0824762026620895,(11.5+sqrt_abs(((-1.72/(-6.44+v1))/((v1+(((-0.0229/(1.35-v1))-3.54)-v1))/v1))))
1763.004791021347,0.19939595464808563,28.0,0.0,122.0,-0.7572649572649572,true,2.1236890089120504,0.08500918481325394,7.0,(1.14559775695676*(log(sqrt_abs((v1+((1478.67283671445/(v1+((-0.0498362999359109/(1.3451772605382-v1))-6.55086369216436)))-146.560972379302))))--9.10724045760873)),-0.785616592200713,0.9495532820873365,0.059502866857243424,0.9495532820873365,1.7976931348623157e308,0.7359478199150006,(1.15*(log(sqrt_abs((v1+((1480.0/(v1+((-0.0498/(1.35-v1))-6.55)))-147.0))))--9.11))
1554.315840959549,0.19867021339175756,28.0,0.0,816.0,-0.7572649572649572,true,2.115959420154354,0.08536967110753105,7.0,(10.4651938854238+(1.12622159049024*log(sqrt_abs(((1478.95096341189/(v1+((0.0542373340367543/(-1.34433717552256+v1))-6.55667108181794)))-(146.559572416292-v1)))))),-0.7857407696606282,0.9490032716372079,0.05962188400745379,0.9490032716372079,1.7976931348623157e308,0.7386819076813691,(10.5+(1.13*log(sqrt_abs(((1480.0/(v1+((0.0542/(-1.34+v1))-6.56)))-(147.0-v1))))))
1798.351303100586,0.3875152706494643,28.0,0.0,5.0,-0.5815384615384616,true,3.320127274077853,0.1163331767166047,7.0,(sqrt_abs(((-1277.66905060144/(v1+((-0.0364360492658508/(1.34822253469096-v1))-6.69790538360694)))/(-156.202414129863+pow3((1.46481123249656+v1)))))--11.8858807682821),-0.6719349973521853,1.453075138603423,0.07342261621648125,1.453075138603423,9.44473296573929e21,0.8750920007382782,(sqrt_abs(((-1280.0/(v1+((-0.0364/(1.35-v1))-6.7)))/(-156.0+pow3((1.46+v1)))))--11.9)
1334.376209974289,0.19866009006518592,28.0,0.0,1546.0,-0.7572649572649572,true,2.1158516005277637,0.08528057299039514,7.0,(1.11902023407402*(log(sqrt_abs(((1479.27283452904/(v1+((0.0542385775068128/(-1.3443373867862+v1))-6.5568231222777)))-(146.560107678198-v1))))--9.36520649884681)),-0.785797978552899,0.9487498803324518,0.05949052247349797,0.9487498803324518,1.7976931348623157e308,0.737031732842373,(1.12*(log(sqrt_abs(((1480.0/(v1+((0.0542/(-1.34+v1))-6.56)))-(147.0-v1))))--9.37))
1797.4462370872498,0.19997724182309834,28.0,0.0,8.0,-0.7572649572649572,true,2.129880073253224,0.08472404080660638,7.0,(1.13865204208504*(log(sqrt_abs(((1473.32579335469/(v1+((-0.054385858337824/(1.3443663862991-v1))-6.58572443206814)))-(146.447568875199-v1))))--9.18094500744863)),-0.7847570173012408,0.9533605364610417,0.05956092057533224,0.9533605364610417,1.7976931348623157e308,0.7371456070183129,(1.14*(log(sqrt_abs(((1470.0/(v1+((-0.0544/(1.34-v1))-6.59)))-(146.0-v1))))--9.18))
917.4212911128998,0.19849601574909678,28.0,0.0,2934.0,-0.7572649572649572,true,2.1141041085972567,0.08572680174595931,7.0,((1.1355075633846*log(sqrt_abs((v1+((1477.97321876701/(v1+((0.054233192636987/(-1.34433627893549+v1))-6.55591821781308)))-146.554306781305)))))--10.4442302488225),-0.7857394781953264,0.9490089918332278,0.05971663604245207,0.9490089918332278,1.7976931348623157e308,0.7398083363026837,((1.14*log(sqrt_abs((v1+((1480.0/(v1+((0.0542/(-1.34+v1))-6.56)))-147.0)))))--10.4)
1799.8864631652832,0.40369297205399435,28.0,0.0,0.0,-0.561025641025641,true,4.895917054926995,0.12076737752013568,7.0,(sqrt_abs(((-1558.42837404632/(v1+((-0.200284499658405/(4.40665163069668+v1))-6.71753247932103)))/(-152.649559869874+pow3((1.36970608152056+v1)))))--12.0242778494974),-0.44120997627357894,2.4750091738622335,0.09010350177770578,2.4750091738622335,9.44473296573929e21,1.1316009819917205,(sqrt_abs(((-1560.0/(v1+((-0.2/(4.41+v1))-6.72)))/(-153.0+pow3((1.37+v1)))))--12.0)
1799.3468511104584,0.21867012942874775,28.0,0.0,2.0,-0.6909401709401709,true,2.6295814852192585,0.1252821151897973,6.0,(11.4358641808558+(0.59988659910585*log(sqrt_abs((v1+((1513.0740371708/(v1+((13.1688992354685/(exp(v1)-v1))-6.57826544745927)))-146.792261023638)))))),-0.6794336102552725,1.4198620622449427,0.06963610463984174,1.4198620622449427,1.7976931348623157e308,0.8780383757991419,(11.4+(0.6*log(sqrt_abs((v1+((1510.0/(v1+((13.2/(exp(v1)-v1))-6.58)))-147.0))))))
1799.6484990119934,0.4062948162757081,28.0,0.0,1.0,-0.48717948717948717,true,3.8316376096825415,0.13005059779717745,7.0,(12.1318819139111+(-11.287764084155/(v1+(73.7228277034676/(v1+(-2783.53507129821/(((1491.00866596162/(244.249530262578+v1))--199.134375893513)-v1))))))),-0.4336656193201204,2.5084248611112296,0.09788736730656832,2.5084248611112296,15.0,1.2382368431720405,(12.1+(-11.3/(v1+(73.7/(v1+(-2780.0/(((1490.0/(244.0+v1))--199.0)-v1)))))))
1391.7766411304474,0.19908529470162337,28.0,0.0,1356.0,-0.7572649572649572,true,2.120380290262389,0.08527332470727175,7.0,(10.469449077402+(1.12639686581161*log(sqrt_abs((v1+((1480.75788247954/(v1+((0.0498715693504013/(-1.34517401100453+v1))-6.55527143436804)))-146.573234574212)))))),-0.7858143355038703,0.9486774316451249,0.05933264709720975,0.9486774316451249,1.7976931348623157e308,0.7348083957359227,(10.5+(1.13*log(sqrt_abs((v1+((1480.0/(v1+((0.0499/(-1.35+v1))-6.56)))-147.0))))))
1799.3392519950867,0.38937240409792595,28.0,0.0,2.0,-0.6184615384615385,true,4.554084938346248,0.1342536851723423,6.0,(14.3582738317859-log(sqrt_abs(((58.9186685485136/((15.5470566264195+(-0.0941051594534458/((-5829.61760175289/(-1175.96136096307+exp(v1)))-v1)))-v1))-v1)))),-0.46446179532035314,2.3720215344874727,0.09187910688322057,2.3720215344874727,1.7976931348623157e308,1.1493046005286809,(14.4-log(sqrt_abs(((58.9/((15.5+(-0.0941/((-5830.0/(-1180.0+exp(v1)))-v1)))-v1))-v1))))
1789.6942591667175,0.1989491311849126,28.0,0.0,34.0,-0.7572649572649572,true,2.1189300654352916,0.08514504766882136,7.0,(1.11859490931135*(log(sqrt_abs((v1+((1481.79772739184/(v1+((-0.0498640074826167/(1.34517839498879-v1))-6.55677895233778)))-146.579798167041))))--9.37253893327928)),-0.7858161857372408,0.948669236537175,0.059322039106452035,0.948669236537175,1.7976931348623157e308,0.7352586660482647,(1.12*(log(sqrt_abs((v1+((1480.0/(v1+((-0.0499/(1.35-v1))-6.56)))-147.0))))--9.37))
574.815701007843,0.19775042224505465,28.0,0.0,4082.0,-0.7572649572649572,true,2.1061630812456986,0.08549660339083744,7.0,(1.12997284058927*(9.24619041455052+log(sqrt_abs((v1+((1481.01769631712/(v1+((-0.0492192968749621/(1.34529784588386-v1))-6.55437617282913)))-146.575754559844)))))),-0.7859746987790368,0.9479671459200129,0.059690078293152954,0.9479671459200129,1.7976931348623157e308,0.739437341951156,(1.13*(9.25+log(sqrt_abs((v1+((1480.0/(v1+((-0.0492/(1.35-v1))-6.55)))-147.0))))))
1568.1085941791534,0.19907522775246161,28.0,0.0,771.0,-0.7572649572649572,true,2.120273071089734,0.08523530343645581,7.0,(10.4794282932795+(1.12142431551984*log(sqrt_abs((v1+((1479.92059995499/(v1+((-0.0499847455354992/(1.34515851935637-v1))-6.55643408798522)))-146.565617609823)))))),-0.7857910058421554,0.9487807640675299,0.059340929911265675,0.9487807640675299,1.7976931348623157e308,0.7352882190414471,(10.5+(1.12*log(sqrt_abs((v1+((1480.0/(v1+((-0.05/(1.35-v1))-6.56)))-147.0))))))
1799.9543900489807,0.42914618129192,28.0,0.0,0.0,-0.5364102564102564,true,4.251521085943873,0.13365712054843437,6.0,(12.3958270654567+(-20.5157442637581/(v1+(61.4594691484464/(v1+(-3100.23697651938/(((474.7725611096/(v1+log(v1)))--227.266130528051)-v1))))))),-0.41883700042472216,2.574104215150281,0.09761664809295102,2.574104215150281,18.0,1.2353188886255706,(12.4+(-20.5/(v1+(61.5/(v1+(-3100.0/(((475.0/(v1+log(v1)))--227.0)-v1)))))))
1602.9742059707642,0.19850103912989545,28.0,0.0,655.0,-0.7572649572649572,true,2.114157610678623,0.08567302960981521,7.0,((1.15149901548917*log(sqrt_abs((v1+((1479.04112365068/(v1+((-0.0492159713425625/(1.34529487400435-v1))-6.54987188438662)))-146.565987357651)))))--10.4116581971473),-0.7855963997450237,0.9496427191047343,0.059973164076195726,0.9496427191047343,1.7976931348623157e308,0.7422170540162033,((1.15*log(sqrt_abs((v1+((1480.0/(v1+((-0.0492/(1.35-v1))-6.55)))-147.0)))))--10.4)
1795.7834281921387,0.39177268667432114,28.0,0.0,14.0,-0.5003019204192816,true,3.356603676769115,0.12411997901425795,7.0,(11.9243364231804+sqrt_abs((-5533.9293705273/(-529.542283648455+exp((v1+((v1+((-0.0339836471025698/(1.34809959282407-v1))-4.6024529595344))-2.68988069822506))))))),-0.5246844049546187,2.1052817843309706,0.0892062522031703,2.1052817843309706,1.7976931348623157e308,1.1186795228206659,(11.9+sqrt_abs((-5530.0/(-530.0+exp((v1+((v1+((-0.034/(1.35-v1))-4.6))-2.69)))))))
1479.314367055893,0.19859923630939566,28.0,0.0,1066.0,-0.7572649572649572,true,2.1152034707673035,0.08533056247496162,7.0,((1.1251934410712*log(sqrt_abs((v1+((1479.84869634304/(v1+((0.0496081591618808/(-1.34523045858659+v1))-6.55616857392493)))-146.566127635641)))))--10.4666378501365),-0.7858194147967181,0.9486549342921631,0.05963270904991028,0.9486549342921631,1.7976931348623157e308,0.7390105501212183,((1.13*log(sqrt_abs((v1+((1480.0/(v1+((0.0496/(-1.35+v1))-6.56)))-147.0)))))--10.5)
1757.7736570835114,0.1984963475605899,28.0,0.0,140.0,-0.7572649572649572,true,2.1141076425928294,0.08545995432474818,7.0,(10.4596137917354+(1.12808590646081*log(sqrt_abs((v1+((1479.76967706245/(v1+((0.0496071798913672/(-1.34523023805895+v1))-6.55591461030934)))-146.566356725674)))))),-0.7858437865143721,0.9485469863650078,0.05965834588897152,0.9485469863650078,1.7976931348623157e308,0.7393303963873886,(10.5+(1.13*log(sqrt_abs((v1+((1480.0/(v1+((0.0496/(-1.35+v1))-6.56)))-147.0))))))
1774.2763671875,0.1989358883016029,28.0,0.0,85.0,-0.7572649572649572,true,2.1187890206193085,0.08534066930596886,7.0,(10.4166961448954+(1.15130993838276*log(sqrt_abs((v1+((1479.19330786367/(v1+((-0.0494275813951365/(1.34525401761063-v1))-6.54978128671584)))-146.566775734565)))))),-0.7855720572327478,0.949750537674572,0.05984039682402386,0.949750537674572,1.7976931348623157e308,0.74036767332844,(10.4+(1.15*log(sqrt_abs((v1+((1480.0/(v1+((-0.0494/(1.35-v1))-6.55)))-147.0))))))
1581.460988998413,0.19628832194948226,29.0,0.0,726.0,-0.7572649572649572,true,2.0905908178408854,0.08644781216167188,7.0,pow3((0.0682422637284275*(log(sqrt_abs((v1+((1483.67790994155/(v1+((-0.0498098221708592/(1.34516684336723-v1))-6.54047266993029)))-146.572420683187))))--32.1826509043913))),-0.7879332172583758,0.939292418387805,0.0587380593510896,0.939292418387805,1.7976931348623157e308,0.7269831642452156,pow3((0.0682*(log(sqrt_abs((v1+((1480.0/(v1+((-0.0498/(1.35-v1))-6.54)))-147.0))))--32.2)))
1681.0835981369019,0.1963278647381048,29.0,0.0,394.0,-0.7572649572649572,true,2.0910119727521153,0.08643248694854652,7.0,pow3((0.0680538928864036*(log(sqrt_abs(((1483.44785833305/(v1+((-0.049812153592384/(1.34516725454998-v1))-6.5410174926167)))-(146.570375330163-v1))))--32.2777466516581))),-0.7879529020821159,0.939205229788736,0.05873190368052335,0.939205229788736,1.7976931348623157e308,0.7269117097984371,pow3((0.0681*(log(sqrt_abs(((1480.0/(v1+((-0.0498/(1.35-v1))-6.54)))-(147.0-v1))))--32.3)))
1764.7329649925232,0.19612396862224712,29.0,0.0,116.0,-0.7572649572649572,true,2.0888403542708325,0.08656538575467783,7.0,pow3((0.0682781830143736*(log(sqrt_abs((v1+((1484.15659762981/(v1+((0.0496451028791914/(-1.34519776401467+v1))-6.54002254137595)))-146.576199618452))))--32.163122682059))),-0.7879693633268928,0.9391323191602239,0.058862694058253326,0.9391323191602239,1.7976931348623157e308,0.7286704110059319,pow3((0.0683*(log(sqrt_abs((v1+((1480.0/(v1+((0.0496/(-1.35+v1))-6.54)))-147.0))))--32.2)))
1737.048434972763,0.19583423767724223,29.0,0.0,208.0,-0.7572649572649572,true,2.0857545423017054,0.08682321316377245,7.0,pow3((0.0679715642097952*(log(sqrt_abs(((1483.34128818604/(v1+((0.0497646762652826/(-1.34517137106995+v1))-6.54474831308974)))-(146.569880173962-v1))))--32.314593890961))),-0.7880591029866526,0.9387348416253108,0.05878907892691817,0.9387348416253108,1.7976931348623157e308,0.7284490061595973,pow3((0.068*(log(sqrt_abs(((1480.0/(v1+((0.0498/(-1.35+v1))-6.54)))-(147.0-v1))))--32.3)))
1797.3917829990387,0.3824346775141408,29.0,0.0,8.0,-0.5842735042735042,true,3.2765981099011494,0.11601540691083789,7.0,(sqrt_abs(((-14.5525135999829/(-6.45963580644015+v1))/(v1+((v1+((0.0395316334534786/(-1.34637253843495+v1))-5.12096327889265))-2.23246903647021))))--11.8235709507217),-0.6803996219686244,1.415583374811227,0.07223593390378315,1.415583374811227,2.199023255553e12,0.852412753169225,(sqrt_abs(((-14.6/(-6.46+v1))/(v1+((v1+((0.0395/(-1.35+v1))-5.12))-2.23))))--11.8)
1799.7936441898346,0.3591538972407439,29.0,0.0,0.0,-0.5535042735042736,true,4.977208209577906,0.13631684760484256,7.0,pow3((0.0682537292031527*(log(sqrt_abs((1104.13189356155/(v1+((-0.0145385443607746/(v1+((0.110931637046374/v1)-6.35758835658745)))-6.51329062809897)))))--32.1332429439533))),-0.37774894311452134,2.756092644544132,0.10133555730622594,2.756092644544132,1.7976931348623157e308,1.2657075229423165,pow3((0.0683*(log(sqrt_abs((1100.0/(v1+((-0.0145/(v1+((0.111/v1)-6.36)))-6.51)))))--32.1)))
1799.7996761798859,0.2682040335094628,29.0,0.0,0.0,-0.7094017094017094,true,4.934090585627832,0.11516411679687101,6.0,((log(sqrt_abs(((1373.55868339865/(v1+((15.9789482552363/(v1+(v1-v1)))-7.77260022740227)))-(145.832516086947-v1))))/0.813280409918638)--10.5673910571259),-0.47962841560386793,2.3048450947796617,0.08385497433706246,2.3048450947796617,1.7976931348623157e308,1.106855401283967,((log(sqrt_abs(((1370.0/(v1+((16.0/(v1+(v1-v1)))-7.77)))-(146.0-v1))))/0.813)--10.6)
1799.848484992981,0.3791040239367653,29.0,0.0,0.0,-0.5781196581196582,true,3.2480619601793173,0.11486202668654982,7.0,(sqrt_abs(((-7.15999960624012/(-6.46118183578151+v1))/(v1+((0.0142986473856229/((-42.2193994982876/(-32.3740325481661+v1))-v1))-3.65502383478002))))--11.7952028724278),-0.6700874484669253,1.4612583563525223,0.07534037570499023,1.4612583563525223,2.199023255553e12,0.8938708668620641,(sqrt_abs(((-7.16/(-6.46+v1))/(v1+((0.0143/((-42.2/(-32.4+v1))-v1))-3.66))))--11.8)
1799.5620090961456,0.4238817838174291,29.0,0.0,1.0,-0.5753846153846154,true,3.6317058398198228,0.12392568787710032,7.0,(12.1813937578095+sqrt_abs(((-5.64748816341319/(v1+((0.0541728837056034/(-1.34432459957998+v1))-6.54396973602388)))/(v1+(0.596182529392296/(1.35118510967676-v1)))))),-0.5666751549490077,1.919295122005821,0.09042224821019326,1.919295122005821,5.62949953421313e14,1.1027577403837605,(12.2+sqrt_abs(((-5.65/(v1+((0.0542/(-1.34+v1))-6.54)))/(v1+(0.596/(1.35-v1))))))
1798.9988610744476,0.24248982205556108,29.0,0.0,3.0,-0.7223931623931624,true,4.461031895975189,0.08976279875774056,6.0,(log(sqrt_abs((v1+((1498.52868660013/(v1+(((29.1415860068237*v1)/((8.38176812728881e6+v1)-v1))-6.55035285352119)))-146.667077181662))))--10.8995300958987),-0.5708193388523585,1.900939581027181,0.07434934294763551,1.900939581027181,1.7976931348623157e308,0.9674136563859481,(log(sqrt_abs((v1+((1500.0/(v1+(((29.1*v1)/((8.38e6+v1)-v1))-6.55)))-147.0))))--10.9)
1716.6797201633453,0.19508059943052838,29.0,0.0,276.0,-0.7572649572649572,true,2.0777278335148264,0.08734045996489313,7.0,pow3((0.0685710286681174*(log(sqrt_abs((v1+((1484.33909136809/(v1+((0.0491698257275415/(-1.34528821861755+v1))-6.53935326207524)))-146.578273046074))))--32.0071424023092))),-0.7880864982307574,0.9386135018060576,0.05917257227307372,0.9386135018060576,1.7976931348623157e308,0.7330129609078146,pow3((0.0686*(log(sqrt_abs((v1+((1480.0/(v1+((0.0492/(-1.35+v1))-6.54)))-147.0))))--32.0)))
1788.7106111049652,0.1960514832361157,29.0,0.0,37.0,-0.7572649572649572,true,2.088068340525089,0.08661822030291497,7.0,pow3((0.0682919015094362*(log(sqrt_abs(((1484.31006048529/(v1+((-0.0495830382358773/(1.34520960346028-v1))-6.53995492265514)))-(146.577426594508-v1))))--32.1555747161841))),-0.7879793864291685,0.9390879245414413,0.058903478356311406,0.9390879245414413,1.7976931348623157e308,0.7292138767009606,pow3((0.0683*(log(sqrt_abs(((1480.0/(v1+((-0.0496/(1.35-v1))-6.54)))-(147.0-v1))))--32.2)))
1798.334093093872,0.32063169344829084,29.0,0.0,5.0,-0.7435897435897436,true,2.747086659494231,0.11266366989568272,7.0,(sqrt_abs(((-778.486657767201/(v1+((-0.0355961264907213/(1.34864586529333-v1))-6.94150295276778)))/(-60.72064823241+pow3(log((-1.03680844873151+v1))))))--10.9875661628742),-0.6723119437832612,1.4514055564073305,0.08128980090404793,1.4514055564073305,1.7976931348623157e308,0.9741465351539046,(sqrt_abs(((-778.0/(v1+((-0.0356/(1.35-v1))-6.94)))/(-60.7+pow3(log((-1.04+v1))))))--11.0)
1796.8724501132965,0.39872788189111236,29.0,0.0,10.0,-0.5917948717948718,true,3.4161939305857008,0.1221877131933868,7.0,(11.9207999816267+sqrt_abs(((-70.3588061827952/(-6.44870124636903+v1))/(v1+(277.809836576664/(v1+((0.222784181230394/(1.35328756327172-v1))-15.3977354183348))))))),-0.6272048893376818,1.6511950458728237,0.08038135402769028,1.6511950458728237,2.199023255553e12,0.9617168173680726,(11.9+sqrt_abs(((-70.4/(-6.45+v1))/(v1+(278.0/(v1+((0.223/(1.35-v1))-15.4)))))))
1792.9750699996948,0.38559110859621554,29.0,0.0,23.0,-0.5815384615384616,true,3.3036415678448314,0.12671806737441194,8.0,(sqrt_abs(((-7789.09572063759/(v1+((-0.0702751043943285/(1.34217630648299-v1))-6.78819198321485)))/(-1052.98563237224+pow3((1.14810975069067-5.54755010984253)))))--11.6403476059882),-0.6105265716756146,1.7250671399788104,0.08535778791099709,1.7250671399788104,2.199023255553e12,1.0310111894768168,(sqrt_abs(((-7790.0/(v1+((-0.0703/(1.34-v1))-6.79)))/(-1050.0+pow3((1.15-5.55)))))--11.6)
1267.0363411903381,0.19532636095561035,29.0,0.0,1770.0,-0.7572649572649572,true,2.080345344238909,0.08715406840932156,7.0,pow3((0.0683333552733095*(log(sqrt_abs(((1486.0218951929/(v1+((0.0541509426127309/(-1.34432274293365+v1))-6.54340693971746)))-(146.591363173628-v1))))--32.1280953127137))),-0.7879401158343844,0.9392618630124712,0.059037626382595576,0.9392618630124712,1.7976931348623157e308,0.7312538852188241,pow3((0.0683*(log(sqrt_abs(((1490.0/(v1+((0.0542/(-1.34+v1))-6.54)))-(147.0-v1))))--32.1)))
1799.5702011585236,0.23722475278648858,29.0,0.0,1.0,-0.718974358974359,true,4.364171575221317,0.10579898740633698,5.0,(10.9819591431824+log(sqrt_abs((v1+((1521.16764336712/(v1+(((v1*v1)/((613.547552678677-exp(v1))-v1))-6.41244092713127)))-146.848102126851))))),-0.5315716113916866,2.074776767436876,0.08063948673167383,2.074776767436876,1.7976931348623157e308,1.0606726889335123,(11.0+log(sqrt_abs((v1+((1520.0/(v1+(((v1*v1)/((614.0-exp(v1))-v1))-6.41)))-147.0)))))
1671.4716050624847,0.1958999920088136,29.0,0.0,426.0,-0.7572649572649572,true,2.0864548661949005,0.08678466751444694,7.0,pow3((0.0682840085817562*(log(sqrt_abs((v1+((1480.16351853989/(v1+((-0.049953809265877/(1.34514615645097-v1))-6.54427874796105)))-146.54555203822))))--32.1577016523569))),-0.787940620890757,0.9392596260019619,0.05900233910863914,0.9392596260019619,1.7976931348623157e308,0.7309280091358361,pow3((0.0683*(log(sqrt_abs((v1+((1480.0/(v1+((-0.05/(1.35-v1))-6.54)))-147.0))))--32.2)))
1799.6199810504913,0.5242858583176405,29.0,0.0,1.0,-0.4502564102564103,true,4.491941116788404,0.12448571509870719,6.0,(10.3558869189858+(1.11252131403837*log(sqrt_abs(((1553.98442513349/(v1+(v1+(((-0.0307562635934207*v1)/(1.34464668921974-v1))-6.82397703254125))))-v1))))),-0.4069175621152369,2.6268981411522674,0.10293566829429264,2.6268981411522674,1.7976931348623157e308,1.2508034289947405,(10.4+(1.11*log(sqrt_abs(((1550.0/(v1+(v1+(((-0.0308*v1)/(1.34-v1))-6.82))))-v1)))))
1799.863708972931,0.4142593549879858,29.0,0.0,0.0,-0.5617094017094018,true,5.522649711084604,0.12254599713459563,7.0,(sqrt_abs(((-7.13403037377464/(-6.45613711257651+v1))/(v1+((0.747059672123042/((119.545786160576/(1.52513918309975-v1))-v1))-3.66808640366058))))--12.0964406899351),-0.4055481697142719,2.6329634941669893,0.08750996910344247,2.6329634941669893,2.199023255553e12,1.0903290515722497,(sqrt_abs(((-7.13/(-6.46+v1))/(v1+((0.747/((120.0/(1.53-v1))-v1))-3.67))))--12.1)
1799.9039721488953,0.42367201280004146,29.0,0.0,0.0,-0.576068376068376,true,3.629908577804903,0.12380864629221386,7.0,(12.179326997856+sqrt_abs(((-5.81769915821833/(v1+((0.0541756692579/(-1.34432513684907+v1))-6.54375068375926)))/(v1+(0.185197688984475/(-1.35463780924673+v1)))))),-0.5663121685681327,1.9209028719378283,0.09032493394903919,1.9209028719378283,5.62949953421313e14,1.100582638471139,(12.2+sqrt_abs(((-5.82/(v1+((0.0542/(-1.34+v1))-6.54)))/(v1+(0.185/(-1.35+v1))))))
1798.4278411865234,0.364755976930306,29.0,0.0,5.0,-0.5405128205128205,true,3.1251317279950275,0.1368702667024663,7.0,(11.547390255451+sqrt_abs(((-369.318084730077/(v1+(91.5048268239658/(v1+((0.000331379293091573/(-1.35476511469666+v1))-5.50912833393903)))))/(-6.42596687755645+v1)))),-0.593749068997719,1.799378547268036,0.08651905573511877,1.799378547268036,1.7179869185e10,1.0332587272007703,(11.5+sqrt_abs(((-369.0/(v1+(91.5/(v1+((0.000331/(-1.35+v1))-5.51)))))/(-6.43+v1))))
1797.8357951641083,0.3936524528110323,29.0,0.0,7.0,-0.4577777777777778,true,3.3727090106542104,0.12058102016117395,7.0,(sqrt_abs((36.2432618091588+((-79.696937779112/(-6.48321468594081+v1))/(v1+(v1+((-0.0325213941209385/(1.34643069580026-v1))-6.48110706268441))))))--5.92039948484862),-0.657371407497092,1.5175806182384173,0.072451706916272,1.5175806182384173,2.74877906945e11,0.8518483788285768,(sqrt_abs((36.2+((-79.7/(-6.48+v1))/(v1+(v1+((-0.0325/(1.35-v1))-6.48))))))--5.92)
1799.333822965622,0.2250263945313103,29.0,0.0,2.0,-0.7196581196581197,true,3.6645900396287203,0.11295852736180913,7.0,(1.41635789027813*(7.1409970500082+log(sqrt_abs((v1+((2350.55763455156/(v1+(5.24095639388863-(22532.5468224687/(2038.50997469312+pow3(v1))))))-151.663221364778)))))),-0.5383943418392836,2.044557329487749,0.08398426320411975,2.044557329487749,1.7976931348623157e308,1.0973900106365706,(1.42*(7.14+log(sqrt_abs((v1+((2350.0/(v1+(5.24-(22500.0/(2040.0+pow3(v1))))))-152.0))))))
1799.0711829662323,0.3840841293003829,29.0,0.0,3.0,-0.6376068376068376,true,3.2907301719837623,0.1186650346708015,7.0,(11.712395872949+sqrt_abs(((-376.146300090725/(v1+(327.98068719697/(v1+((0.0899438084540328/(1.35479701882359-v1))-15.2371461905605)))))/(-7.02548106350437+v1)))),-0.6612274651309327,1.500501254589346,0.07588039886448121,1.500501254589346,1.7179869185e10,0.9060385396389763,(11.7+sqrt_abs(((-376.0/(v1+(328.0/(v1+((0.0899/(1.35-v1))-15.2)))))/(-7.03+v1))))
1799.73122215271,0.358827356940227,29.0,0.0,1.0,-0.5692307692307692,true,3.074336896364999,0.13051775856463663,6.0,(11.2737865424581+sqrt_abs((-17.642904688686/(v1+((0.029900622225727/(v1+(((v1*exp(v1))/(1.17911342014942-v1))--28.5463941030464)))-4.93250076844943))))),-0.5578940896205737,1.9581884742872815,0.09226057979039812,1.9581884742872815,6.8719476737e10,1.1379834192299962,(11.3+sqrt_abs((-17.6/(v1+((0.0299/(v1+(((v1*exp(v1))/(1.18-v1))--28.5)))-4.93)))))
1799.382033109665,0.21677915670463108,29.0,0.0,2.0,-0.6362393162393163,true,3.670429881725129,0.13215472074046053,6.0,(log(sqrt_abs((v1+((1837.60944278972/(v1+(v1+((v1*(0.0291546649798349/(-1.34544910371799+v1)))-6.94935675724362))))-141.981843485527))))--10.7215420774451),-0.5694825426950522,1.9068605578027733,0.08256327451655882,1.9068605578027733,1.7976931348623157e308,1.0593723763081089,(log(sqrt_abs((v1+((1840.0/(v1+(v1+((v1*(0.0292/(-1.35+v1)))-6.95))))-142.0))))--10.7)
1800.0194001197815,0.392033537565732,29.0,0.0,0.0,-0.5798901257065299,true,3.358838577493387,0.11783896673878053,7.0,(11.9265713239047+sqrt_abs(((3244.05414194855-pow3((-0.0666374100883342/(-1.35264776334857+v1))))/(825.100438970901-exp((v1+(-0.018773509857093/(-3.48673874890517+v1)))))))),-0.6734228010208998,1.4464853149261538,0.072979323688686,1.4464853149261538,1.7976931348623157e308,0.866622025300878,(11.9+sqrt_abs(((3240.0-pow3((-0.0666/(-1.35+v1))))/(825.0-exp((v1+(-0.0188/(-3.49+v1))))))))
1800.0381331443787,0.23643328934450386,29.0,0.0,0.0,-0.7223931623931624,true,4.349611196442272,0.09129167556375986,6.0,(log(sqrt_abs((v1+((1483.2074694407/(v1+((-0.0514224755101871/((v1+(-0.0299072827099109*v1))-v1))-6.70039330826351)))-146.578091468995))))--10.9308775618342),-0.5590733116656217,1.9529654293945848,0.07806680679479841,1.9529654293945848,1.7976931348623157e308,1.0201775249834566,(log(sqrt_abs((v1+((1480.0/(v1+((-0.0514/((v1+(-0.0299*v1))-v1))-6.7)))-147.0))))--10.9)
1799.5315799713135,0.40936909220473666,30.0,0.0,1.0,-0.5234832570138425,true,3.507364976651189,0.12964689492087797,6.0,(12.0750977230625+sqrt_abs(((2856.37498350346-pow3((-27.4128306806116/(v1/((100.411767259732/((51.4755849733666-v1)-v1))-v1)))))/(632.569757308782-exp(v1))))),-0.46705836767801945,2.3605207199901694,0.09443001889152731,2.3605207199901694,1.7976931348623157e308,1.167270651030822,(12.1+sqrt_abs(((2860.0-pow3((-27.4/(v1/((100.0/((51.5-v1)-v1))-v1)))))/(633.0-exp(v1)))))
1799.4716801643372,0.2133633851137819,30.0,0.0,1.0,-0.7545299145299146,true,2.272450695753159,0.07222141785770596,7.0,(10.847586292854+log(sqrt_abs((v1+((2261.23428203716/(v1+((v1+((0.114637153202352/(-1.34374690344708+v1))-6.67583978571573))-6.43795853978771)))-143.802527226581))))),-0.7666616961785853,1.0335088638844434,0.06245592614690992,1.0335088638844434,1.7976931348623157e308,0.770250731191945,(10.8+log(sqrt_abs((v1+((2260.0/(v1+((v1+((0.115/(-1.34+v1))-6.68))-6.44)))-144.0)))))
1796.484985113144,0.3859328205938094,30.0,0.0,11.0,-0.5863247863247864,true,3.306569264916458,0.11725202198930038,7.0,pow3((0.0690886242084974*(sqrt_abs(((-0.876789043494108/(-6.45017876277942+v1))/((v1+((-0.0155792940003869/(1.34782935522619-v1))-3.59236401536041))/v1)))--32.937746506974))),-0.6716426643401968,1.4543699485602457,0.07443103710772091,1.4543699485602457,1.7976931348623157e308,0.8774841227113332,pow3((0.0691*(sqrt_abs(((-0.877/(-6.45+v1))/((v1+((-0.0156/(1.35-v1))-3.59))/v1)))--32.9)))
1799.4691181182861,0.20645591118493478,30.0,0.0,1.0,-0.7586324786324786,true,2.1988818689034417,0.08460297621721216,7.0,(log(sqrt_abs((v1+((1493.15517880957/(0.152581633269194+(v1+(((-0.0366402775929395*v1)/(1.34507628159298-v1))-6.62989210722241))))-146.636068360889))))--10.8071596415399),-0.7652500233920723,1.0397614864237854,0.06248280503510527,1.0397614864237854,1.7976931348623157e308,0.782381146110194,(log(sqrt_abs((v1+((1490.0/(0.153+(v1+(((-0.0366*v1)/(1.35-v1))-6.63))))-147.0))))--10.8)
1799.788169145584,0.42235563470415566,30.0,0.0,0.0,-0.543931623931624,true,5.606677786881473,0.15179956824857374,8.0,(sqrt_abs(((-83.8495950322184/(-6.44557440663351+v1))/(v1+((0.0333619731759005*((v1+(1309.44808133139-320.802190773202))-142.047122321165))-64.9136728490054))))--12.1067297731422),-0.31084406111658835,3.0524297115819037,0.10297608903046476,3.0524297115819037,1.37438953473e11,1.2880089701174668,(sqrt_abs(((-83.8/(-6.45+v1))/(v1+((0.0334*((v1+(1310.0-321.0))-142.0))-64.9))))--12.1)
1799.7904541492462,0.2354997581330538,30.0,0.0,0.0,-0.7217094017094017,true,4.332437228170676,0.10022296334469358,7.0,((log(sqrt_abs(((1481.95363009301/(v1+((0.0927882748973422/(v1+(-5.06062185255541+v1)))-6.54873272202684)))-(146.582023872481-v1))))/0.856844533448242)--10.5280815984337),-0.5797919437028762,1.8611978562727234,0.07569167167110526,1.8611978562727234,1.7976931348623157e308,0.9820631376616784,((log(sqrt_abs(((1480.0/(v1+((0.0928/(v1+(-5.06+v1)))-6.55)))-(147.0-v1))))/0.857)--10.5)
1799.7964081764221,0.41477318068213853,30.0,0.0,0.0,-0.4741880341880342,true,3.6541050542733924,0.1232946378487937,7.0,(9.60516591905836+log(sqrt_abs(((11018.0605484183/(0.401707817660776+v1))-(((5357.22207237224/(v1+((8.88340935214702/v1)-7.91002369165826)))--20.939719509518)-v1))))),-0.49448519858966367,2.2390409955247916,0.09325795987769239,2.2390409955247916,1.7976931348623157e308,1.1458721673480534,(9.61+log(sqrt_abs(((11000.0/(0.402+v1))-(((5360.0/(v1+((8.88/v1)-7.91)))--20.9)-v1)))))
1799.8185551166534,0.24674355486823613,30.0,0.0,0.0,-0.7244444444444444,true,4.539286882487373,0.091775732945994,7.0,(10.8236363660012+log(sqrt_abs(((1490.4776545646/(v1+((0.0567183728103811/(v1+(5.85308744637968/(1.78885126924584-v1))))-6.56238270597367)))-(146.625894273268-v1))))),-0.5889003324820736,1.82085471335603,0.07047625671164953,1.82085471335603,1.7976931348623157e308,0.9134588224193518,(10.8+log(sqrt_abs(((1490.0/(v1+((0.0567/(v1+(5.85/(1.79-v1))))-6.56)))-(147.0-v1)))))
1797.4298360347748,0.24295554705147113,30.0,0.0,8.0,-0.7223931623931624,true,4.469599736241209,0.09014541610232893,7.0,(10.8942237007446+log(sqrt_abs((v1+((1488.15670368539/(v1+(((-0.034499795261055*v1)/((15.5370829970869+-15.39647615422)-v1))-6.60273001606343)))-146.606905224871))))),-0.5704074720679077,1.9027638334773715,0.07481624012403545,1.9027638334773715,1.7976931348623157e308,0.9731411627277827,(10.9+log(sqrt_abs((v1+((1490.0/(v1+(((-0.0345*v1)/((15.5+-15.4)-v1))-6.6)))-147.0)))))
1799.8995740413666,0.3784841436409187,30.0,0.0,0.0,-0.5774358974358974,true,3.2427509914697374,0.12685299659939941,8.0,(sqrt_abs(((-1429.20923040393/(v1+((-0.0370016062522761/(1.34836377581758-v1))-6.90657762574632)))/(-137.861361835837+(-0.0357871049972682/(1.34781169523931-v1)))))--11.5260087988649),-0.617479256648235,1.6942721036332178,0.08264390427619868,1.6942721036332178,2.199023255553e12,0.9926816879893436,(sqrt_abs(((-1430.0/(v1+((-0.037/(1.35-v1))-6.91)))/(-138.0+(-0.0358/(1.35-v1)))))--11.5)
1070.8122401237488,0.19881770809542393,30.0,0.0,2421.0,-0.7572649572649572,true,2.117530329060715,0.08544366114346952,7.0,(10.4677798241442+(1.12582878435886*log(sqrt_abs((v1+((1480.93421698499/(v1+(((-0.0369483189108669*v1)/(1.34520693568203-v1))-6.59249618758681)))-146.574666532553)))))),-0.7858467273073844,0.9485339609182842,0.05946068879054322,0.9485339609182842,1.7976931348623157e308,0.7365879107761016,(10.5+(1.13*log(sqrt_abs((v1+((1480.0/(v1+(((-0.0369*v1)/(1.35-v1))-6.59)))-147.0))))))
785.0011301040649,0.19897732051866085,30.0,0.0,3376.0,-0.7572649572649572,true,2.1192302991002894,0.08528429137244972,7.0,(1.12182984589131*(9.33977535661414+log(sqrt_abs((v1+((1480.74056302568/(v1+(((-0.0369474256294423*v1)/(1.34520659890731-v1))-6.59214992474024)))-146.572020136043)))))),-0.785848375355337,0.9485266613359211,0.05938331911139187,0.9485266613359211,1.7976931348623157e308,0.7352877756215068,(1.12*(9.34+log(sqrt_abs((v1+((1480.0/(v1+(((-0.0369*v1)/(1.35-v1))-6.59)))-147.0))))))
1214.920217037201,0.19885074866640826,30.0,0.0,1943.0,-0.7572649572649572,true,2.1178822313727323,0.08545286610003194,7.0,(1.1257478507686*(log(sqrt_abs((v1+((1480.82264148494/(v1+(((-0.0369477660737218*v1)/(1.34520676492079-v1))-6.59232467075301)))-146.573739863963))))--9.2989604062458)),-0.7858480927575144,0.9485279130264913,0.05945048793365885,0.9485279130264913,1.7976931348623157e308,0.7363585512363362,(1.13*(log(sqrt_abs((v1+((1480.0/(v1+(((-0.0369*v1)/(1.35-v1))-6.59)))-147.0))))--9.3))
1797.2002489566803,0.26147747722462944,30.0,0.0,9.0,-0.6526495726495727,true,3.2382003861815836,0.12419455698768556,7.0,(1.38245579750526*(log(sqrt_abs((v1+((2355.53978872179/(v1+((v1+((11.4427304315414/v1)-4.94461267877364))-7.82623472442356)))-144.053802294924))))--7.27570938389265)),-0.5234230744456752,2.110868506441879,0.08753253689442062,2.110868506441879,1.7976931348623157e308,1.1401832853574185,(1.38*(log(sqrt_abs((v1+((2360.0/(v1+((v1+((11.4/v1)-4.94))-7.83)))-144.0))))--7.28))
1794.5709359645844,0.2420858442195775,30.0,0.0,18.0,-0.6936752136752137,true,3.538878263795862,0.10043597356906535,6.0,(10.7783680270263+log(sqrt_abs((v1+((1490.60646952065/(v1+((25.5362682530865/(exp((v1+(-0.805559285833227+v1)))-v1))-6.56600743454014)))-146.628334151559))))),-0.5875004768183892,1.8270549951481014,0.07716475759150393,1.8270549951481014,1.7976931348623157e308,0.997515556178208,(10.8+log(sqrt_abs((v1+((1490.0/(v1+((25.5/(exp((v1+(-0.806+v1)))-v1))-6.57)))-147.0)))))
1775.694452047348,0.19933513287452642,30.0,0.0,80.0,-0.7572649572649572,true,2.1230412197819337,0.08504675746867768,7.0,((1.14891349346029*log(sqrt_abs((v1+((1478.73688815702/(v1+(((-0.0369584705562568*v1)/(1.34519399009381-v1))-6.58711863894644)))-146.562321111766)))))--10.4258058040796),-0.7855857229929382,0.9496900088884398,0.05960615970828177,0.9496900088884398,1.7976931348623157e308,0.7372976614894492,((1.15*log(sqrt_abs((v1+((1480.0/(v1+(((-0.037*v1)/(1.35-v1))-6.59)))-147.0)))))--10.4)
1799.9241411685944,0.22963663113699206,30.0,0.0,0.0,-0.7203418803418803,true,4.224574571017207,0.10845133511854692,7.0,(10.2696845530944+(1.28970273425144*log(sqrt_abs((v1+((1465.68460131475/(v1+(((-0.0363311518275178*v1)/(2.18896003575782+v1))-6.58036500807295)))-146.499921636085)))))),-0.5802485320234881,1.8591755218819683,0.07679576351006323,1.8591755218819683,1.7976931348623157e308,0.9936505903157294,(10.3+(1.29*log(sqrt_abs((v1+((1470.0/(v1+(((-0.0363*v1)/(2.19+v1))-6.58)))-146.0))))))
1799.9687411785126,0.23821520210407102,30.0,0.0,0.0,-0.6936752136752137,true,3.5797797939647467,0.09982245763267766,6.0,(10.7793377142164+log(sqrt_abs((v1+((1487.43879844905/(v1+(((v1*(-9.91785801135256/pow3(v1)))/(0.22040606947161-v1))-6.60308029570225)))-146.607010899979))))),-0.5882459553861764,1.823753099595481,0.07701496398899316,1.823753099595481,1.7976931348623157e308,0.9963256123205083,(10.8+log(sqrt_abs((v1+((1490.0/(v1+(((v1*(-9.92/pow3(v1)))/(0.22-v1))-6.6)))-147.0)))))
1799.9873609542847,0.2001572073873931,30.0,0.0,0.0,-0.757948717948718,true,2.131796816707473,0.08092479583196598,7.0,(6.13488497709066+log(sqrt_abs((v1+((v1+((1488.57159750648/(v1+((-0.049893037768328/(1.3451827479245-v1))-6.56144862215215)))-146.626488723034))/0.000100006522667106))))),-0.7834662670169712,0.9590775655043102,0.058939617780211,0.9590775655043102,1.7976931348623157e308,0.7313343583578208,(6.13+log(sqrt_abs((v1+((v1+((1490.0/(v1+((-0.0499/(1.35-v1))-6.56)))-147.0))/0.0001)))))
1704.5177030563354,0.1985574096785666,30.0,0.0,317.0,-0.7572649572649572,true,2.1147579915381574,0.08566298983700257,7.0,((1.13145777233311*log(sqrt_abs((v1+((1480.88331012894/(v1+((v1*(0.0367882526174449/(-1.34524665544167+v1)))-6.59161856279827)))-146.575741699706)))))--10.453482762133),-0.7858327716349099,0.948595773792414,0.059621122125217973,0.948595773792414,1.7976931348623157e308,0.7384807814522565,((1.13*log(sqrt_abs((v1+((1480.0/(v1+((v1*(0.0368/(-1.35+v1)))-6.59)))-147.0)))))--10.5)
1797.871838092804,0.28897958353861625,30.0,0.0,7.0,-0.7039316239316239,true,3.720312544102555,0.13158346848012775,7.0,((1.55005526057053*log(sqrt_abs((v1+((1726.2029438987/(v1+((v1+((3.60627079221028-v1)-4.292591635154))-4.32938210893462)))-142.645661995638)))))--9.70229709163464),-0.4697637362801307,2.3485380219737455,0.10067468495961746,2.3485380219737455,1.7976931348623157e308,1.2681986669114975,((1.55*log(sqrt_abs((v1+((1730.0/(v1+((v1+((3.61-v1)-4.29))-4.33)))-143.0)))))--9.7)
1547.6033701896667,0.19870988059643413,30.0,0.0,839.0,-0.7572649572649572,true,2.1163819001727404,0.08555802369728287,7.0,(1.13089423297627*(9.24589826441509+log(sqrt_abs((v1+((1479.71950894724/(v1+((v1*(0.036786768394148/(-1.34524583405649+v1)))-6.59095120378031)))-146.566179230327)))))),-0.7858190225799456,0.948656671510204,0.059606449271753306,0.948656671510204,1.7976931348623157e308,0.7379292299552935,(1.13*(9.25+log(sqrt_abs((v1+((1480.0/(v1+((v1*(0.0368/(-1.35+v1)))-6.59)))-147.0))))))
1799.4099731445312,0.2090773157837667,30.0,0.0,2.0,-0.705982905982906,true,2.5142246908646815,0.09936733073767684,7.0,(log(sqrt_abs((v1+((1481.70223594077/(v1+((0.278474592713171/(v1+(-6.72269382901828/(6.52082112159204-v1))))-6.56547018458302)))-146.56423617538))))--10.5934715060602),-0.725175095116234,1.2172625349627824,0.06770520209286611,1.2172625349627824,1.7976931348623157e308,0.8454247385554597,(log(sqrt_abs((v1+((1480.0/(v1+((0.278/(v1+(-6.72/(6.52-v1))))-6.57)))-147.0))))--10.6)
1746.6118500232697,0.1990025996821247,30.0,0.0,177.0,-0.7572649572649572,true,2.119499537669835,0.08533991929267228,7.0,(1.12523855091914*(9.30550240973697+log(sqrt_abs((v1+((1480.5220943798/(v1+(((-0.0369461277267468*v1)/(1.34520600332647-v1))-6.59167424679538)))-146.571055677583)))))),-0.7858367025696135,0.9485783627810505,0.0594033842170396,0.9485783627810505,1.7976931348623157e308,0.7354069193513408,(1.13*(9.31+log(sqrt_abs((v1+((1480.0/(v1+(((-0.0369*v1)/(1.35-v1))-6.59)))-147.0))))))
1799.3991060256958,0.2182601450222565,30.0,0.0,2.0,-0.5042735042735043,true,3.695505464904487,0.18704504036599456,6.0,(1.12722635430122*(9.30993572680814+log(sqrt_abs((v1+((992.26971227281/(v1+(((v1*exp(v1))/(1.17909633839122-v1))--28.5493015042967)))-134.974530981909)))))),-0.41572538402625125,2.587886277829922,0.09849013580679934,2.587886277829922,1.7976931348623157e308,1.2703636071698143,(1.13*(9.31+log(sqrt_abs((v1+((992.0/(v1+(((v1*exp(v1))/(1.18-v1))--28.5)))-135.0))))))
1799.7528870105743,0.4426474017017387,30.0,0.0,1.0,-0.5391452991452992,true,3.8057042053387296,0.1286733517025736,7.0,((0.678198605344501*log(sqrt_abs((v1+((3829.87748796109-pow3(-407.817070727219))/(702.032682036558-exp((v1+(-0.0197437535650503/(-3.48638356956042+v1))))))))))--10.6968137548971),-0.4681862424316622,2.3555251040276337,0.0925341875162,2.3555251040276337,1.7976931348623157e308,1.147754214690746,((0.678*log(sqrt_abs((v1+((3830.0-pow3(-408.0))/(702.0-exp((v1+(-0.0197/(-3.49+v1))))))))))--10.7)
1800.0326490402222,0.38490640141320487,30.0,0.0,0.0,-0.4858119658119658,true,3.2977751796912482,0.13762244065981313,6.0,(11.8062566466521+sqrt_abs(((-61.5477507081628/(v1+((4459.61727419172-log(v1))/(2240.2627513805-exp((v1+(133.49055828615/v1)))))))/(5.15990318712148-v1)))),-0.36228484623357216,2.82458667632839,0.10879834079505248,2.82458667632839,8.379879956214123e152,1.3828167302250587,(11.8+sqrt_abs(((-61.5/(v1+((4460.0-log(v1))/(2240.0-exp((v1+(133.0/v1)))))))/(5.16-v1))))
1800.0366251468658,0.41133035733795914,30.0,0.0,0.0,-0.5551261345731549,true,4.531192559793945,0.12617351193221862,7.0,(sqrt_abs((1987.25329628544/(635.576451368558-exp((v1+(-0.7217826737888/(v1+((3212.9964229813/(v1+(v1-93.5672184757496)))-132.554125718972))))))))--12.0919013185688),-0.4456312923393213,2.455426150975958,0.09332224980348205,2.455426150975958,1.7976931348623157e308,1.1740443195103045,(sqrt_abs((1990.0/(636.0-exp((v1+(-0.722/(v1+((3210.0/(v1+(v1-93.6)))-133.0))))))))--12.1)
