max_are,compl,dim_penalty,age,minus_spearman,valid,max_ae,q75_are,n_params,eqs_orig,minus_r2,mse,mare,ms_processed_e,recursive_compl,mae,eqs_orig_rounded
4.925061722282943,1.0,0,4541.0,100.0,true,716.97279974769,1.033379090466834,1.0,747.69187188961,0.008342954216174592,193058.83099133632,1.0000780676767196,193058.83099133632,1.0,400.2464305562177,748.0
0.9863574351978173,1.0,0,1325.0,-1.0,true,1444.6828889410203,0.9863574351978173,0.0,v1,3.1254618996608894,789867.0272030084,0.9863574351978173,789867.0272030084,2.0,776.9131013323696,v1
4.924667137711577,1.0,0,1986.0,100.0,true,717.0225929297044,1.0332436758408867,1.0,747.642078707596,0.008363755471997525,193062.81363049254,1.000015906343245,193062.81363049254,1.0,400.2497501016852,748.0
4.925520207276518,1.0,0,1830.0,-0.22526881644143723,true,716.9149428815261,1.0335364346166376,1.0,747.749728755774,0.008318816861627498,193054.20961779216,1.000150295636571,193054.20961779216,1.0,400.2425734318067,748.0
0.9863574351978173,1.0,0,1325.0,-1.0,true,1444.6828889410203,0.9863574351978173,0.0,v1,3.1254618996608894,789867.0272030084,0.9863574351978173,789867.0272030084,2.0,776.9131013323696,v1
4.924666990311012,1.0,0,3151.0,100.0,true,717.022611530389,1.0332436252555526,1.0,747.642060106911,0.008363763247330347,193062.81511916925,1.0000158831223276,193062.81511916925,1.0,400.2497513417309,748.0
0.9863574351978173,1.0,0,1325.0,-1.0,true,1444.6828889410203,0.9863574351978173,0.0,v1,3.1254618996608894,789867.0272030084,0.9863574351978173,789867.0272030084,2.0,776.9131013323696,v1
4.92466263788617,2.0,0,1469.0,100.0,true,717.0231607690012,1.033242131578342,1.0,exp(6.61692359954594),0.00836399283798217,193062.85907693446,1.0000151974580833,193062.85907693446,2.0,400.24978795763843,exp(6.62)
0.97651330914555,2.0,0,4542.0,-1.0,true,1065.3930319159567,0.9314800439581532,0.0,pow2(v1),1.6323199281017815,503987.8604691268,0.8534012817345548,503987.8604691268,4.0,636.5542901746419,pow2(v1)
4.447089218572222,2.0,0,4542.0,-1.0,true,6513.494470061861,2.2505316399660606,0.0,pow3(v1),33.666980047279914,6.637391191105608e6,1.6281047836752252,6.637391191105608e6,4.0,1723.0443694843618,pow3(v1)
0.9969480394925383,2.0,0,4542.0,-1.0,true,1460.1945729027887,0.996527460640443,0.0,sqrt_abs(v1),3.2101827915612287,806087.8142699811,0.9949630895421631,806087.8142699811,4.0,784.5413689082997,sqrt_abs(v1)
325265.8151226803,2.0,1,4539.0,-1.0,true,4.7640534830149925e8,4490.401045436477,0.0,exp(v1),6.844567907387598e10,1.3104710786495784e16,27313.9606773097,1.3104710786495784e16,4.0,3.873698184233532e7,exp(v1)
0.9979552855672211,2.0,1,4539.0,-1.0,true,1461.6698506440218,0.9975811343713626,0.0,log(v1),3.2194220791661268,807856.7819180775,0.996704064027896,807856.7819180775,4.0,785.5131930192728,log(v1)
0.97651330914555,2.0,0,4542.0,-1.0,true,1065.3930319159567,0.9314800439581532,0.0,pow2(v1),1.6323199281017815,503987.8604691268,0.8534012817345548,503987.8604691268,4.0,636.5542901746419,pow2(v1)
325265.8151226803,2.0,1,582.0,-1.0,true,4.7640534830149925e8,4490.401045436477,0.0,exp(v1),6.844567907387598e10,1.3104710786495784e16,27313.9606773097,1.3104710786495784e16,4.0,3.873698184233532e7,exp(v1)
1.0,2.0,0,1053.0,100.0,true,1464.6646716373,1.0,1.0,pow2(-1.02445607523207e-12),3.2403717769760236,811867.8419962872,1.0,811867.8419962872,2.0,787.6587873812271,pow2(-1.02e-12)
0.9979552855672211,2.0,1,4539.0,-1.0,true,1461.6698506440218,0.9975811343713626,0.0,log(v1),3.2194220791661268,807856.7819180775,0.996704064027896,807856.7819180775,4.0,785.5131930192728,log(v1)
4.447089218572222,2.0,0,4540.0,-1.0,true,6513.494470061861,2.2505316399660606,0.0,pow3(v1),33.666980047279914,6.637391191105608e6,1.6281047836752252,6.637391191105608e6,4.0,1723.0443694843618,pow3(v1)
0.9969480394925383,2.0,0,4535.0,-1.0,true,1460.1945729027887,0.996527460640443,0.0,sqrt_abs(v1),3.2101827915612287,806087.8142699811,0.9949630895421631,806087.8142699811,4.0,784.5413689082997,sqrt_abs(v1)
4.447089218572222,2.0,0,4540.0,-1.0,true,6513.494470061861,2.2505316399660606,0.0,pow3(v1),33.666980047279914,6.637391191105608e6,1.6281047836752252,6.637391191105608e6,4.0,1723.0443694843618,pow3(v1)
0.97651330914555,2.0,0,4539.0,-1.0,true,1065.3930319159567,0.9314800439581532,0.0,pow2(v1),1.6323199281017815,503987.8604691268,0.8534012817345548,503987.8604691268,4.0,636.5542901746419,pow2(v1)
325265.8151226803,2.0,1,4540.0,-1.0,true,4.7640534830149925e8,4490.401045436477,0.0,exp(v1),6.844567907387598e10,1.3104710786495784e16,27313.9606773097,1.3104710786495784e16,4.0,3.873698184233532e7,exp(v1)
0.9969480394925383,2.0,0,4542.0,-1.0,true,1460.1945729027887,0.996527460640443,0.0,sqrt_abs(v1),3.2101827915612287,806087.8142699811,0.9949630895421631,806087.8142699811,4.0,784.5413689082997,sqrt_abs(v1)
1.0,2.0,0,1053.0,100.0,true,1464.6646716373,1.0,1.0,pow2(-1.02445607523207e-12),3.2403717769760236,811867.8419962872,1.0,811867.8419962872,2.0,787.6587873812271,pow2(-1.02e-12)
0.9979552855672211,2.0,1,4542.0,-1.0,true,1461.6698506440218,0.9975811343713626,0.0,log(v1),3.2194220791661268,807856.7819180775,0.996704064027896,807856.7819180775,4.0,785.5131930192728,log(v1)
4.447089218572222,2.0,0,4541.0,-1.0,true,6513.494470061861,2.2505316399660606,0.0,pow3(v1),33.666980047279914,6.637391191105608e6,1.6281047836752252,6.637391191105608e6,4.0,1723.0443694843618,pow3(v1)
0.9969480394925383,2.0,0,4542.0,-1.0,true,1460.1945729027887,0.996527460640443,0.0,sqrt_abs(v1),3.2101827915612287,806087.8142699811,0.9949630895421631,806087.8142699811,4.0,784.5413689082997,sqrt_abs(v1)
0.9979552855672211,2.0,1,4539.0,-1.0,true,1461.6698506440218,0.9975811343713626,0.0,log(v1),3.2194220791661268,807856.7819180775,0.996704064027896,807856.7819180775,4.0,785.5131930192728,log(v1)
0.97651330914555,2.0,0,4540.0,-1.0,true,1065.3930319159567,0.9314800439581532,0.0,pow2(v1),1.6323199281017815,503987.8604691268,0.8534012817345548,503987.8604691268,4.0,636.5542901746419,pow2(v1)
325265.8151226803,2.0,1,4526.0,-1.0,true,4.7640534830149925e8,4490.401045436477,0.0,exp(v1),6.844567907387598e10,1.3104710786495784e16,27313.9606773097,1.3104710786495784e16,4.0,3.873698184233532e7,exp(v1)
4.991847669325983,3.0,0,4325.0,-1.0,true,726.8051954175542,1.0473382050949922,1.0,(757.841258916026-v1),0.036065011226543264,198366.53696252278,1.013657969950741,198366.53696252278,3.0,405.71022160778347,(758.0-v1)
5.224605836939842,3.0,0,11.0,-1.0,true,1396.9889008751509,0.9479735990396799,1.0,(1352.2825451725/v1),2.644636335026202,697807.4545834123,1.08889426990049,697807.4545834123,3.0,719.6563712909154,(1350.0/v1)
4.857690717062939,3.0,0,2899.0,-1.0,true,707.2142333920176,1.0192191939532695,1.0,(v1--737.468655549003),-0.018972757530945294,187828.92448428427,0.9864059975910818,187828.92448428427,3.0,394.78756145893124,(v1--737.0)
4.858012150377389,3.0,0,3824.0,-1.0,true,707.1736712699951,1.0193295043282866,1.0,(737.509217671025+v1),-0.0189894619647355,187825.7262287241,0.9864566349573127,187825.7262287241,3.0,394.7848573174632,(738.0+v1)
3.650124572518154e-15,3.0,0,4535.0,-1.0,true,5.229594535194337e-12,1.7442479129585407e-15,1.0,(73.3*v1),-1.0,3.268790521552731e-24,1.2260011154994829e-15,3.268790521552731e-24,3.0,1.0999201549566352e-12,(73.3*v1)
4.991847668019982,3.0,0,412.0,-1.0,true,726.8051955823603,1.0473382046467952,1.0,(757.841258751219-v1),0.036065011296375404,198366.53697589293,1.0136579697449986,198366.53697589293,3.0,405.71022161877056,(758.0-v1)
4.857690716658485,3.0,0,3727.0,-1.0,true,707.2142334430562,1.0192191938144681,1.0,(v1--737.468655497964),-0.018972757509915672,187828.92448831064,0.9864059975273659,187828.92448831064,3.0,394.7875614623339,(v1--737.0)
4.858012150377389,3.0,0,2198.0,-1.0,true,707.1736712699951,1.0193295043282866,1.0,(737.509217671025+v1),-0.0189894619647355,187825.7262287241,0.9864566349573127,187825.7262287241,3.0,394.7848573174632,(738.0+v1)
3.650124572518154e-15,3.0,0,4538.0,-1.0,true,5.229594535194337e-12,1.7442479129585407e-15,1.0,(73.3*v1),-1.0,3.268790521552731e-24,1.2260011154994829e-15,3.268790521552731e-24,3.0,1.0999201549566352e-12,(73.3*v1)
4.924662638839623,3.0,0,500.0,100.0,true,717.0231606486836,1.0332421319055503,2.0,(355.495755494306+392.14575549431),0.008363992787687069,193062.85906730487,1.0000151976082863,193062.85906730487,2.0,400.2497879496173,(355.0+392.0)
4.991847668019982,3.0,0,162.0,-1.0,true,726.8051955823603,1.0473382046467952,1.0,(757.841258751219-v1),0.036065011296375404,198366.53697589293,1.0136579697449986,198366.53697589293,3.0,405.71022161877056,(758.0-v1)
3.650124572518154e-15,3.0,0,4538.0,-1.0,true,5.229594535194337e-12,1.7442479129585407e-15,1.0,(73.3*v1),-1.0,3.268790521552731e-24,1.2260011154994829e-15,3.268790521552731e-24,3.0,1.0999201549566352e-12,(73.3*v1)
5.224605583998777,3.0,0,5.0,-1.0,true,1396.9889036252016,0.9479736011538078,1.0,(1352.28249022159/v1),2.6446363413671,697807.45579745,1.0888942500339407,697807.45579745,3.0,719.6563709979465,(1350.0/v1)
4.857690717062937,3.0,0,482.0,-1.0,true,707.2142333920178,1.0192191939532689,1.0,(v1--737.468655549002),-0.018972757530945294,187828.92448428427,0.9864059975910815,187828.92448428427,3.0,394.78756145893124,(v1--737.0)
4.858012150377389,3.0,0,2198.0,-1.0,true,707.1736712699951,1.0193295043282866,1.0,(737.509217671025+v1),-0.0189894619647355,187825.7262287241,0.9864566349573127,187825.7262287241,3.0,394.7848573174632,(738.0+v1)
4.858012150377389,3.0,0,4081.0,-1.0,true,707.1736712699951,1.0193295043282866,1.0,(737.509217671025+v1),-0.0189894619647355,187825.7262287241,0.9864566349573127,187825.7262287241,3.0,394.7848573174632,(738.0+v1)
5.224605870246047,3.0,0,14.0,-1.0,true,1396.988900513036,0.9479735987613005,1.0,(1352.28255240821/v1),2.6446363341912598,697807.454423553,1.0888942725164321,697807.454423553,3.0,719.6563713294923,(1350.0/v1)
4.857665805949346,3.0,0,648.0,-1.0,true,707.2173769604774,1.0192106448883194,1.0,(v1--737.465511980543),-0.018971462218082658,187829.1724867977,0.9864020731902016,187829.1724867977,3.0,394.7877710301618,(v1--737.0)
4.991847669325983,3.0,0,3906.0,-1.0,true,726.8051954175542,1.0473382050949922,1.0,(757.841258916026-v1),0.036065011226543264,198366.53696252278,1.013657969950741,198366.53696252278,3.0,405.71022160778347,(758.0-v1)
3.650124572518154e-15,3.0,0,4535.0,-1.0,true,5.229594535194337e-12,1.7442479129585407e-15,1.0,(73.3*v1),-1.0,3.268790521552731e-24,1.2260011154994829e-15,3.268790521552731e-24,3.0,1.0999201549566352e-12,(73.3*v1)
1.7583008914035025,4.0,0,1862.0,-1.0,true,221.88246240447762,0.31056194456218417,1.0,pow2((16.9351634539407+v1)),-0.930950564350452,13220.30691182412,0.31012850944319303,13220.30691182412,8.0,100.72254092801134,pow2((16.9+v1))
1.7727667959531788,4.0,0,4528.0,-1.0,true,272.60680471037585,0.6240982414057761,1.0,sqrt_abs((71114.8739680237*v1)),-0.8339151411051954,31798.852334438907,0.43233572566357786,31798.852334438907,8.0,157.99388862813058,sqrt_abs((71100.0*v1))
1.7580733485134634,4.0,0,3906.0,-1.0,true,221.8537484471616,0.310470064410504,1.0,pow2((v1--16.9343939048994)),-0.930946222680613,13221.138174342643,0.31009737085427325,13221.138174342643,8.0,100.73372925084384,pow2((v1--16.9))
0.8957159964353436,4.0,0,0.0,-1.0,true,308.15404335326684,0.6957623624204947,1.0,(4.44013182661268*pow2(v1)),-0.7884588001476084,40501.99049762178,0.39469379587978953,40501.99049762178,5.0,181.09731509023607,(4.44*pow2(v1))
1.7582128589105974,4.0,0,3698.0,-1.0,true,221.87135346038684,0.3105263977540759,1.0,pow2((16.9348657322063+v1)),-0.9309488870271506,13220.628054620234,0.310116462427142,13220.628054620234,8.0,100.72686945537832,pow2((16.9+v1))
1.7580733485134634,4.0,0,3588.0,-1.0,true,221.8537484471616,0.310470064410504,1.0,pow2((v1--16.9343939048994)),-0.930946222680613,13221.138174342643,0.31009737085427325,13221.138174342643,8.0,100.73372925084384,pow2((v1--16.9))
1.77276679582055,4.0,0,47.0,-1.0,true,272.60680476739526,0.6240982413280912,1.0,(266.673721917291*sqrt_abs(v1)),-0.8339151411012254,31798.852335199004,0.432335725642898,31798.852335199004,5.0,157.9938886395204,(267.0*sqrt_abs(v1))
1.7727668817525548,4.0,0,1630.0,-1.0,true,272.6067678238187,0.6240982916612162,1.0,sqrt_abs((v1/-1.40617550494775e-5)),-0.8339151436734419,31798.851842718646,0.4323357390415999,31798.851842718646,8.0,157.99388125989287,sqrt_abs((v1/-1.41e-5))
1.7580733513208209,4.0,0,697.0,-1.0,true,221.85374880142598,0.31047006554409806,1.0,pow2((16.9343939143941+v1)),-0.9309462227343039,13221.138164062902,0.3100973712384507,13221.138164062902,8.0,100.73372911280313,pow2((16.9+v1))
0.9318949305030862,4.0,1,18.0,-1.0,true,310.76077542034704,0.6565786296892427,1.0,(385.299788804359*log(v1)),-0.8317399208653277,32215.323213619085,0.36002400857011263,32215.323213619085,5.0,156.49669386877906,(385.0*log(v1))
1.7727667958761657,4.0,0,25.0,-1.0,true,272.6068047434851,0.624098241360667,1.0,sqrt_abs((71114.8739640733*v1)),-0.8339151411028902,31798.852334880266,0.4323357256515698,31798.852334880266,8.0,157.99388863474425,sqrt_abs((71100.0*v1))
1.7580733494634988,4.0,0,1912.0,-1.0,true,221.8537485670479,0.31047006479412254,1.0,pow2((-16.9343939081125-v1)),-0.9309462226987826,13221.138170863884,0.3100973709842824,13221.138170863884,8.0,100.73372920412959,pow2((-16.9-v1))
1.7582505866240496,4.0,0,2186.0,-1.0,true,221.87611437360857,0.31054163190982925,1.0,pow2((16.9349933261336+v1)),-0.9309496062406531,13220.49035294101,0.31012162536234045,13220.49035294101,8.0,100.72501438968638,pow2((16.9+v1))
4.9245983595002185,4.0,0,0.0,-1.0,true,717.0190602419026,1.0332260650258136,1.0,sqrt_abs((558953.978456101+v1)),0.008346613351116083,193059.53157471554,1.0000030257226922,193059.53157471554,8.0,400.24629893385,sqrt_abs((559000.0+v1))
3.94147215823146e-15,5.0,0,919.0,-1.0,true,4.320099833421409e-12,2.2660921497253523e-15,1.0,exp(log((73.3*v1))),-1.0,3.1923261288282044e-24,1.3616184232968654e-15,3.1923261288282044e-24,256.0,1.1998698331202226e-12,exp(log((73.3*v1)))
3.650124572518154e-15,5.0,0,18.0,-1.0,true,5.229594535194337e-12,1.7442479129585407e-15,1.0,(v1-(-72.3*v1)),-1.0,3.337291416029779e-24,1.224119087054259e-15,3.337291416029779e-24,5.0,1.1112888387287967e-12,(v1-(-72.3*v1))
3.650124572518154e-15,5.0,0,8.0,-1.0,true,5.229594535194337e-12,1.7442479129585407e-15,2.0,(-73.3*(1.88478587825902e-16-v1)),-1.0,3.2684202828345472e-24,1.2222473324916434e-15,3.2684202828345472e-24,4.0,1.0994464597994616e-12,(-73.3*(1.88e-16-v1))
3.650124572518154e-15,5.0,2,215.0,-1.0,true,5.229594535194337e-12,1.7483126791631715e-15,1.0,(73.3*exp(log(v1))),-1.0,3.203493874891237e-24,1.2152386045997794e-15,3.203493874891237e-24,17.0,1.0913936421275138e-12,(73.3*exp(log(v1)))
4.631126278826681e-15,5.0,0,3246.0,-1.0,true,4.774847184307873e-12,2.1113213954386823e-15,2.0,(-5.72983217599968e-13+(73.3*v1)),-1.0,3.227411296085906e-24,1.4332085247801793e-15,3.227411296085906e-24,4.0,1.1828168074619801e-12,(-5.73e-13+(73.3*v1))
3.94147215823146e-15,5.0,0,4260.0,-1.0,true,4.320099833421409e-12,1.762810181134203e-15,1.0,exp(log((v1/0.0136425648021828))),-1.0,3.0302827392987735e-24,1.3716400842716648e-15,3.0302827392987735e-24,256.0,1.179027246204593e-12,exp(log((v1/0.0136)))
3.4914235041478e-15,5.0,0,107.0,-1.0,true,5.002220859751105e-12,1.7483126791631715e-15,1.0,((74.3*v1)-v1),-1.0,3.235051676906607e-24,1.2510977717066723e-15,3.235051676906607e-24,5.0,1.123604912815305e-12,((74.3*v1)-v1)
4.631126278826681e-15,5.0,0,3736.0,-1.0,true,4.774847184307873e-12,2.1113213954386823e-15,2.0,(-5.6895254626075e-13-(-73.3*v1)),-1.0,3.227411296085906e-24,1.4332085247801793e-15,3.227411296085906e-24,4.0,1.1828168074619801e-12,(-5.69e-13-(-73.3*v1))
3.650124572518154e-15,5.0,2,2408.0,-1.0,true,5.229594535194337e-12,1.7483126791631715e-15,1.0,(73.3*exp(log(v1))),-1.0,3.203493874891237e-24,1.2152386045997794e-15,3.203493874891237e-24,17.0,1.0913936421275138e-12,(73.3*exp(log(v1)))
3.650124572518154e-15,5.0,0,16.0,-1.0,true,5.229594535194337e-12,1.845463113584569e-15,2.0,((73.3*v1)--5.77208220229538e-14),-1.0,3.2603894684564893e-24,1.2305453475863494e-15,3.2603894684564893e-24,4.0,1.0942358130705543e-12,((73.3*v1)--5.77e-14)
3.808825640888509e-15,5.0,2,2390.0,-1.0,true,5.4569682106375694e-12,1.7195364939789635e-15,1.0,(exp(log(v1))/0.0136425648021828),-1.0,3.2345400743142072e-24,1.2034699346457386e-15,3.2345400743142072e-24,17.0,1.0771827874123118e-12,(exp(log(v1))/0.0136)
3.94147215823146e-15,5.0,0,2904.0,-1.0,true,4.320099833421409e-12,1.762810181134203e-15,1.0,exp(log((73.3*v1))),-1.0,3.0302827392987735e-24,1.3716400842716648e-15,3.0302827392987735e-24,256.0,1.179027246204593e-12,exp(log((73.3*v1)))
3.650124572518154e-15,5.0,0,5.0,-1.0,true,5.229594535194337e-12,1.7442479129585407e-15,2.0,((-2.20531238017217e-16+v1)/0.0136425648021828),-1.0,3.2684202828345472e-24,1.2222473324916434e-15,3.2684202828345472e-24,4.0,1.0994464597994616e-12,((-2.21e-16+v1)/0.0136)
3.650124572518154e-15,5.0,0,0.0,-1.0,true,5.229594535194337e-12,1.7483126791631715e-15,2.0,(2.9909650705964204e-14+(73.3*v1)),-1.0,3.267794242820164e-24,1.2336017525351781e-15,3.267794242820164e-24,4.0,1.100867545270982e-12,(2.99e-14+(73.3*v1))
3.4914235041478e-15,5.0,0,1.0,-1.0,true,5.002220859751105e-12,1.877838094078541e-15,2.0,(73.3*(-4.0561080956945697e-16+v1)),-1.0,3.2798034405154324e-24,1.249081663072536e-15,3.2798034405154324e-24,4.0,1.1254996934439987e-12,(73.3*(-4.06e-16+v1))
3.4914235041478e-15,5.0,0,1800.0,-1.0,true,5.002220859751105e-12,1.7928427395365052e-15,2.0,(4.44086518588274*(16.5057926624336*v1)),-1.0,3.2201950068878523e-24,1.2393809305788502e-15,3.2201950068878523e-24,4.0,1.1051308016855425e-12,(4.44*(16.5*v1))
3.650124572518154e-15,5.0,0,6.0,-1.0,true,5.229594535194337e-12,1.7442479129585407e-15,1.0,(v1+(72.3*v1)),-1.0,3.337291416029779e-24,1.224119087054259e-15,3.337291416029779e-24,5.0,1.1112888387287967e-12,(v1+(72.3*v1))
3.4914235041478e-15,5.0,0,5.0,-1.0,true,5.002220859751105e-12,1.8708165096907323e-15,1.0,(v1-(-72.3*v1)),-1.0,3.2969825170391576e-24,1.2520674348395643e-15,3.2969825170391576e-24,5.0,1.1273944740726922e-12,(v1-(-72.3*v1))
3.650124572518154e-15,5.0,2,2408.0,-1.0,true,5.229594535194337e-12,1.7483126791631715e-15,1.0,(73.3*exp(log(v1))),-1.0,3.203493874891237e-24,1.2152386045997794e-15,3.203493874891237e-24,17.0,1.0913936421275138e-12,(73.3*exp(log(v1)))
3.650124572518154e-15,5.0,0,6.0,-1.0,true,5.229594535194337e-12,1.7442479129585407e-15,2.0,((-2.20804741032154e-16+v1)/0.0136425648021828),-1.0,3.2684202828345472e-24,1.2222473324916434e-15,3.2684202828345472e-24,4.0,1.0994464597994616e-12,((-2.21e-16+v1)/0.0136)
3.94147215823146e-15,5.0,0,2017.0,-1.0,true,4.320099833421409e-12,1.762810181134203e-15,1.0,exp(log((73.3*v1))),-1.0,3.0302827392987735e-24,1.3716400842716648e-15,3.0302827392987735e-24,256.0,1.179027246204593e-12,exp(log((73.3*v1)))
3.4914235041478e-15,5.0,0,6.0,-1.0,true,5.002220859751105e-12,1.7483126791631715e-15,1.0,((74.3*v1)-v1),-1.0,3.235051676906607e-24,1.2510977717066723e-15,3.235051676906607e-24,5.0,1.123604912815305e-12,((74.3*v1)-v1)
3.94147215823146e-15,5.0,0,275.0,-1.0,true,4.320099833421409e-12,2.2660921497253523e-15,1.0,exp(log((v1/0.0136425648021828))),-1.0,3.1865907945028856e-24,1.3622045720298879e-15,3.1865907945028856e-24,256.0,1.193238100919795e-12,exp(log((v1/0.0136)))
3.650124572518154e-15,5.0,0,0.0,-1.0,true,5.229594535194337e-12,1.845463113584569e-15,2.0,(6.35294937788441e-14+(73.3*v1)),-1.0,3.2603894684564893e-24,1.2305453475863494e-15,3.2603894684564893e-24,4.0,1.0942358130705543e-12,(6.35e-14+(73.3*v1))
3.4914235041478e-15,5.0,0,1800.0,-1.0,true,5.002220859751105e-12,1.7928427395365052e-15,2.0,(4.44086518588274*(16.5057926624336*v1)),-1.0,3.2201950068878523e-24,1.2393809305788502e-15,3.2201950068878523e-24,4.0,1.1051308016855425e-12,(4.44*(16.5*v1))
3.94147215823146e-15,5.0,0,2017.0,-1.0,true,4.320099833421409e-12,1.762810181134203e-15,1.0,exp(log((73.3*v1))),-1.0,3.0302827392987735e-24,1.3716400842716648e-15,3.0302827392987735e-24,256.0,1.179027246204593e-12,exp(log((73.3*v1)))
3.650124572518154e-15,5.0,0,73.0,-1.0,true,5.229594535194337e-12,1.7928427395365052e-15,2.0,((6.53048099954297*v1)/0.0890925102256885),-1.0,3.2045776645935568e-24,1.235099609313325e-15,3.2045776645935568e-24,4.0,1.0956568985420744e-12,((6.53*v1)/0.0891)
3.650124572518154e-15,5.0,0,53.0,-1.0,true,5.229594535194337e-12,1.845463113584569e-15,2.0,((73.3*v1)--6.37596892393056e-14),-1.0,3.2603894684564893e-24,1.2305453475863494e-15,3.2603894684564893e-24,4.0,1.0942358130705543e-12,((73.3*v1)--6.38e-14)
3.808825640888509e-15,5.0,0,9.0,-1.0,true,5.4569682106375694e-12,1.877838094078541e-15,1.0,(v1+(v1/0.0138312586445367)),-1.0,3.353581919629863e-24,1.2377888831932178e-15,3.353581919629863e-24,5.0,1.1084466677857563e-12,(v1+(v1/0.0138))
3.650124572518154e-15,5.0,0,7.0,-1.0,true,5.229594535194337e-12,1.9705936650226877e-15,2.0,(73.3*(v1-4.24989021712255e-16)),-1.0,3.268736668648268e-24,1.2248826174292623e-15,3.268736668648268e-24,4.0,1.0999201549566352e-12,(73.3*(v1-4.25e-16))
3.94147215823146e-15,5.0,0,3546.0,-1.0,true,4.320099833421409e-12,2.2660921497253523e-15,1.0,exp(log((v1/0.0136425648021828))),-1.0,3.1865907945028856e-24,1.3622045720298879e-15,3.1865907945028856e-24,256.0,1.193238100919795e-12,exp(log((v1/0.0136)))
3.650124572518154e-15,5.0,0,0.0,-1.0,true,5.229594535194337e-12,1.7442479129585407e-15,1.0,(v1+(72.3*v1)),-1.0,3.337291416029779e-24,1.224119087054259e-15,3.337291416029779e-24,5.0,1.1112888387287967e-12,(v1+(72.3*v1))
3.4914235041478e-15,6.0,0,4388.0,-1.0,true,5.002220859751105e-12,1.7442479129585407e-15,1.0,(pow2((v1/0.116801390412027))/v1),-1.0,3.19399556886656e-24,1.2407454989779843e-15,3.19399556886656e-24,17.0,1.1193416564007445e-12,(pow2((v1/0.117))/v1)
3.4914235041478e-15,6.0,0,4489.0,-1.0,true,5.002220859751105e-12,1.7483126791631715e-15,1.0,((73.3*pow2(v1))/v1),-1.0,3.131149229358137e-24,1.2220413570768142e-15,3.131149229358137e-24,11.0,1.0984990694851148e-12,((73.3*pow2(v1))/v1)
3.650124572518154e-15,6.0,0,7.0,-1.0,true,5.229594535194337e-12,1.877838094078541e-15,1.0,(pow2(v1)*(73.3/v1)),-1.0,3.2698945060942245e-24,1.2245356527394228e-15,3.2698945060942245e-24,13.0,1.0913936421275138e-12,(pow2(v1)*(73.3/v1))
3.4914235041478e-15,6.0,0,4388.0,-1.0,true,5.002220859751105e-12,1.7442479129585407e-15,1.0,(pow2((v1/0.116801390412027))/v1),-1.0,3.19399556886656e-24,1.2407454989779843e-15,3.19399556886656e-24,17.0,1.1193416564007445e-12,(pow2((v1/0.117))/v1)
3.4914235041478e-15,6.0,0,4399.0,-1.0,true,5.002220859751105e-12,1.8708165096907323e-15,1.0,(pow2(v1)/(v1/73.3)),-1.0,3.1361238914079146e-24,1.250198372993349e-15,3.1361238914079146e-24,13.0,1.1084466677857563e-12,(pow2(v1)/(v1/73.3))
3.4914235041478e-15,6.0,0,4489.0,-1.0,true,5.002220859751105e-12,1.7483126791631715e-15,1.0,((73.3*pow2(v1))/v1),-1.0,3.131149229358137e-24,1.2220413570768142e-15,3.131149229358137e-24,11.0,1.0984990694851148e-12,((73.3*pow2(v1))/v1)
3.4914235041478e-15,6.0,0,4256.0,-1.0,true,5.002220859751105e-12,1.7442479129585407e-15,1.0,(pow2((v1/0.116801390412027))/v1),-1.0,3.19399556886656e-24,1.2407454989779843e-15,3.19399556886656e-24,17.0,1.1193416564007445e-12,(pow2((v1/0.117))/v1)
3.4914235041478e-15,6.0,0,4489.0,-1.0,true,5.002220859751105e-12,1.7483126791631715e-15,1.0,((73.3*pow2(v1))/v1),-1.0,3.131149229358137e-24,1.2220413570768142e-15,3.131149229358137e-24,11.0,1.0984990694851148e-12,((73.3*pow2(v1))/v1)
3.650124572518154e-15,6.0,0,34.0,-1.0,true,5.229594535194337e-12,1.7442479129585407e-15,1.0,sqrt_abs((v1*(v1/-0.000186119574381757))),-1.0,3.3187660168944766e-24,1.2307258576202454e-15,3.3187660168944766e-24,128.0,1.1074992774714095e-12,sqrt_abs((v1*(v1/-0.000186)))
3.4914235041478e-15,6.0,0,4399.0,-1.0,true,5.002220859751105e-12,1.8708165096907323e-15,1.0,(pow2(v1)/(v1/73.3)),-1.0,3.1361238914079146e-24,1.250198372993349e-15,3.1361238914079146e-24,13.0,1.1084466677857563e-12,(pow2(v1)/(v1/73.3))
3.4914235041478e-15,6.0,0,4388.0,-1.0,true,5.002220859751105e-12,1.8708165096907323e-15,1.0,(pow2(v1)/(v1/73.3)),-1.0,3.1361238914079146e-24,1.250198372993349e-15,3.1361238914079146e-24,13.0,1.1084466677857563e-12,(pow2(v1)/(v1/73.3))
3.4914235041478e-15,6.0,0,4490.0,-1.0,true,5.002220859751105e-12,1.7483126791631715e-15,1.0,((73.3*pow2(v1))/v1),-1.0,3.131149229358137e-24,1.2220413570768142e-15,3.131149229358137e-24,11.0,1.0984990694851148e-12,((73.3*pow2(v1))/v1)
3.4914235041478e-15,6.0,0,4226.0,-1.0,true,5.002220859751105e-12,1.7442479129585407e-15,1.0,(pow2((v1/0.116801390412027))/v1),-1.0,3.19399556886656e-24,1.2407454989779843e-15,3.19399556886656e-24,17.0,1.1193416564007445e-12,(pow2((v1/0.117))/v1)
3.680928429412487e-15,7.0,2,980.0,-1.0,true,5.229594535194337e-12,1.6074688363399006e-15,2.0,(exp((0.544907090034074+log(v1)))/0.0235258957232442),-1.0,2.928251680180396e-24,1.1531373492589477e-15,2.928251680180396e-24,33.0,1.0080232944649955e-12,(exp((0.545+log(v1)))/0.0235)
3.265791216820353e-15,7.0,0,3006.0,-1.0,true,4.320099833421409e-12,2.10070326149191e-15,2.0,((v1+(-0.879349928456683*v1))/0.00164597641941769),-1.0,2.7157009978776464e-24,1.2695134744512608e-15,2.7157009978776464e-24,6.0,1.0899725566559937e-12,((v1+(-0.879*v1))/0.00165)
3.360847696420097e-15,7.0,0,149.0,-1.0,true,4.774847184307873e-12,1.7483126791631715e-15,2.0,(22.4822512664998*exp(log((v1/0.30671556980218)))),-1.0,2.9906739280661725e-24,1.2048012189591678e-15,2.9906739280661725e-24,257.0,1.074814311626445e-12,(22.5*exp(log((v1/0.307))))
3.650124572518154e-15,7.0,0,6.0,-1.0,true,5.229594535194337e-12,1.9705936650226877e-15,3.0,(((0.677683497985631*v1)-4.42753642220838e-16)/0.0092453410366389),-1.0,3.279083157918239e-24,1.2164287110003667e-15,3.279083157918239e-24,5.0,1.0947095082277277e-12,(((0.678*v1)-4.43e-16)/0.00925)
3.4914235041478e-15,7.0,0,20.0,-1.0,true,5.002220859751105e-12,2.0270865083975326e-15,2.0,(v1*(73.3+(-1.22082402569243e-13/v1))),-1.0,3.138742488887432e-24,1.2032675114922126e-15,3.138742488887432e-24,9.0,1.0909199469703405e-12,(v1*(73.3+(-1.22e-13/v1)))
3.650124572518154e-15,7.0,0,3285.0,-1.0,true,5.229594535194337e-12,1.6297163078922621e-15,2.0,(1026.35113499533*(v1+(-0.928581946761979*v1))),-1.0,2.6348139353740887e-24,1.3522739365579988e-15,2.6348139353740887e-24,6.0,1.1098677532572764e-12,(1030.0*(v1+(-0.929*v1)))
3.650124572518154e-15,7.0,0,3.0,-1.0,true,5.229594535194337e-12,2.0270865083975326e-15,3.0,((-5.36971462648611e-14-(-42.9468557365824*v1))/0.585905262436322),-1.0,3.353231875750853e-24,1.2649503891344503e-15,3.353231875750853e-24,5.0,1.1416053287878942e-12,((-5.37e-14-(-42.9*v1))/0.586)
4.001009162404877e-15,7.0,2,11.0,-1.0,true,5.6843418860808015e-12,1.6556318785865073e-15,1.0,exp(log((v1+(72.3*v1)))),-1.0,3.40520666017079e-24,1.2464645620207101e-15,3.40520666017079e-24,4.294967296e9,1.0956568985420744e-12,exp(log((v1+(72.3*v1))))
3.4914235041478e-15,7.0,0,17.0,-1.0,true,5.002220859751105e-12,1.9705936650226877e-15,3.0,(6.23299149052913*((11.7600032201837*v1)-6.346040607345581e-15)),-1.0,3.2154222932298112e-24,1.2224843401270799e-15,3.2154222932298112e-24,5.0,1.1018149355853287e-12,(6.23*((11.8*v1)-6.35e-15))
3.384284588373344e-15,7.0,0,3.0,-1.0,true,4.547473508864641e-12,2.3335715898762674e-15,2.0,(v1*(73.2999999999998-(-8.759256515695421e-15*v1))),-1.0,3.1443364593385354e-24,1.4850829716493e-15,3.1443364593385354e-24,9.0,1.2363443602225743e-12,(v1*(73.3-(-8.76e-15*v1)))
3.366643003102628e-15,7.0,0,2564.0,-1.0,true,4.547473508864641e-12,1.7483126791631715e-15,2.0,(4.25163663550974*exp(log((17.2404196980986*v1)))),-1.0,2.9286353821246952e-24,1.2553531602867336e-15,2.9286353821246952e-24,257.0,1.1127099242003169e-12,(4.25*exp(log((17.2*v1))))
3.808825640888509e-15,7.0,0,8.0,-1.0,true,5.4569682106375694e-12,1.8426006828306636e-15,1.0,((v1*(73.3*v1))/v1),-1.0,3.32980586230941e-24,1.2427086673580067e-15,3.32980586230941e-24,15.0,1.1056044968427158e-12,((v1*(73.3*v1))/v1)
3.1562278154087136e-15,7.0,0,0.0,-1.0,true,4.320099833421409e-12,2.031650605785579e-15,2.0,exp(log((-1.58746297103842e-13+(73.3*v1)))),-1.0,3.0200776139030185e-24,1.261992746094489e-15,3.0200776139030185e-24,65536.0,1.1534477077172294e-12,exp(log((-1.59e-13+(73.3*v1))))
3.4914235041478e-15,7.0,0,0.0,-1.0,true,5.002220859751105e-12,2.0485643414761306e-15,2.0,(v1*(73.2999999999999+(2.6062623634772202e-15*v1))),-1.0,3.183494252496258e-24,1.2811659826212878e-15,3.183494252496258e-24,9.0,1.131657730487253e-12,(v1*(73.3+(2.61e-15*v1)))
3.650124572518154e-15,7.0,0,0.0,-1.0,true,5.229594535194337e-12,1.877838094078541e-15,3.0,(10.53154902695*(-8.84421421041998e-16-(-6.96003976361186*v1))),-1.0,3.2863734948599294e-24,1.2370586831434524e-15,3.2863734948599294e-24,5.0,1.1084466677857563e-12,(10.5*(-8.84e-16-(-6.96*v1)))
3.650124572518154e-15,7.0,0,0.0,-1.0,true,5.229594535194337e-12,1.7034133027826871e-15,2.0,(36.65*(v1+(-4.55838755214915e-16+v1))),-1.0,3.267908680242148e-24,1.2168027178015293e-15,3.267908680242148e-24,6.0,1.0984990694851148e-12,(36.6*(v1+(-4.56e-16+v1)))
3.650124572518154e-15,7.0,2,1.0,-1.0,true,5.229594535194337e-12,1.8606650830665694e-15,2.0,(73.3*exp(log((v1-8.42191816799689e-16)))),-1.0,3.2037698710266104e-24,1.2101389491863112e-15,3.2037698710266104e-24,257.0,1.0918673372846872e-12,(73.3*exp(log((v1-8.42e-16))))
3.650124572518154e-15,7.0,0,2.0,-1.0,true,5.229594535194337e-12,1.9523708397498037e-15,3.0,(11.3990363312974*(-3.1210127919251603e-15+(6.43036813548404*v1))),-1.0,3.262792654318155e-24,1.2154161232336407e-15,3.262792654318155e-24,5.0,1.0956568985420744e-12,(11.4*(-3.12e-15+(6.43*v1)))
3.650124572518154e-15,7.0,0,25.0,-1.0,true,5.229594535194337e-12,1.8426006828306636e-15,3.0,(7.61416278860985*((9.62679706686211*v1)-3.07893327371215e-15)),-1.0,3.245909768768977e-24,1.2240981421932623e-15,3.245909768768977e-24,5.0,1.0947095082277277e-12,(7.61*((9.63*v1)-3.08e-15))
3.4914235041478e-15,7.0,0,1777.0,-1.0,true,5.002220859751105e-12,1.953536771011619e-15,2.0,(642.572121985172*(v1+(-0.88592720180025*v1))),-1.0,2.876882740935668e-24,1.2460483697171935e-15,2.876882740935668e-24,6.0,1.0719721406834045e-12,(643.0*(v1+(-0.886*v1)))
3.4914235041478e-15,7.0,0,12.0,-1.0,true,5.002220859751105e-12,1.7483126791631715e-15,2.0,((80.6183001101552*v1)-(7.31830011015524*v1)),-1.0,3.230204915504929e-24,1.2412415062172082e-15,3.230204915504929e-24,6.0,1.1179205709292244e-12,((80.6*v1)-(7.32*v1))
3.265791216820353e-15,7.0,0,3006.0,-1.0,true,4.320099833421409e-12,2.10070326149191e-15,2.0,((v1+(-0.879349928456683*v1))/0.00164597641941769),-1.0,2.7157009978776464e-24,1.2695134744512608e-15,2.7157009978776464e-24,6.0,1.0899725566559937e-12,((v1+(-0.879*v1))/0.00165)
3.360847696420097e-15,7.0,0,1785.0,-1.0,true,4.774847184307873e-12,1.7483126791631715e-15,2.0,(21.4279341273203*exp(log((3.4207684027992*v1)))),-1.0,2.862658842544355e-24,1.167823406804599e-15,2.862658842544355e-24,257.0,1.0459189070388674e-12,(21.4*exp(log((3.42*v1))))
3.808825640888509e-15,7.0,2,4.0,-1.0,true,5.4569682106375694e-12,1.6745237808074644e-15,2.0,(exp(log((v1-8.42191816799689e-16)))/0.0136425648021828),-1.0,3.238336704078855e-24,1.2122079838155289e-15,3.238336704078855e-24,257.0,1.081919738984046e-12,(exp(log((v1-8.42e-16)))/0.0136)
3.491018197290722e-15,7.0,0,1704.0,-1.0,true,4.774847184307873e-12,1.7442479129585407e-15,2.0,(exp(log((3.48720698719961*v1)))/0.0475744473014954),-1.0,2.8573610630677988e-24,1.1675607802498924e-15,2.8573610630677988e-24,257.0,1.0350239184238792e-12,(exp(log((3.49*v1)))/0.0476)
3.808825640888509e-15,7.0,2,11.0,-1.0,true,5.4569682106375694e-12,1.6787018838031098e-15,2.0,(exp(log((-6.07055499170827e-16+v1)))/0.0136425648021828),-1.0,3.2380203182651343e-24,1.2089382803182628e-15,3.2380203182651343e-24,257.0,1.0804986535125257e-12,(exp(log((-6.07e-16+v1)))/0.0136)
3.650124572518154e-15,7.0,0,12.0,-1.0,true,5.229594535194337e-12,1.7442479129585407e-15,1.0,(v1*(v1+(73.3-v1))),-1.0,3.2658824647117244e-24,1.2155634250870963e-15,3.2658824647117244e-24,11.0,1.0942358130705543e-12,(v1*(v1+(73.3-v1)))
3.650124572518154e-15,7.0,0,0.0,-1.0,true,5.229594535194337e-12,1.8846655424485776e-15,2.0,(v1*(73.2999999999999-(-2.4824433761004503e-15*v1))),-1.0,3.2696588996371986e-24,1.2793316591406549e-15,3.2696588996371986e-24,9.0,1.131657730487253e-12,(v1*(73.3-(-2.48e-15*v1)))
3.4914235041478e-15,7.0,0,0.0,-1.0,true,5.002220859751105e-12,1.8370034839026872e-15,3.0,(((19.5699267177493*v1)-1.1948202545203201e-14)/0.266983993420864),-1.0,3.1615761203797814e-24,1.2109848630513013e-15,3.1615761203797814e-24,5.0,1.0984990694851148e-12,(((19.6*v1)-1.19e-14)/0.267)
3.3784047070555374e-15,7.0,0,59.0,-1.0,true,4.774847184307873e-12,1.7928427395365052e-15,2.0,(21.1043204208645*exp(log((3.47322247474659*v1)))),-1.0,2.868259544608516e-24,1.1653183087447216e-15,2.868259544608516e-24,257.0,1.0402345651527867e-12,(21.1*exp(log((3.47*v1))))
3.7874733784904565e-15,7.0,0,17.0,-1.0,true,5.002220859751105e-12,1.877838094078541e-15,2.0,(3.77194718894646*exp(log((v1/0.0514590339556135)))),-1.0,3.1805592692030198e-24,1.2854494886957951e-15,3.1805592692030198e-24,257.0,1.1288155595442125e-12,(3.77*exp(log((v1/0.0515))))
3.808825640888509e-15,7.0,0,11.0,-1.0,true,5.4569682106375694e-12,1.7442479129585407e-15,1.0,((v1+(v1+v1))/0.0409276944065484),-1.0,3.376664620805354e-24,1.2299365030785613e-15,3.376664620805354e-24,7.0,1.1127099242003169e-12,((v1+(v1+v1))/0.0409)
3.3784047070555374e-15,7.0,0,2415.0,-1.0,true,4.320099833421409e-12,1.9631314826779695e-15,2.0,((v1+(-0.887190064498238*v1))/0.00153901685541285),-1.0,2.7370200164319714e-24,1.2420371326655218e-15,2.7370200164319714e-24,6.0,1.0894988614988204e-12,((v1+(-0.887*v1))/0.00154)
3.4914235041478e-15,7.0,0,1.0,-1.0,true,5.002220859751105e-12,1.930741669574378e-15,3.0,(((2.37780722163554e-15+v1)/0.0136425648021828)-3.71864044563649e-13),-1.0,3.2048200026636408e-24,1.2116207667755524e-15,3.2048200026636408e-24,5.0,1.0947095082277277e-12,(((2.38e-15+v1)/0.0136)-3.72e-13)
3.360847696420097e-15,7.0,0,2556.0,-1.0,true,4.774847184307873e-12,1.822936549437888e-15,2.0,(((1.17487772591866*v1)-v1)/0.00238578070830368),-1.0,2.7956927558445054e-24,1.210290742293647e-15,2.7956927558445054e-24,6.0,1.0411819554671335e-12,(((1.17*v1)-v1)/0.00239)
3.650124572518154e-15,7.0,2,4.0,-1.0,true,5.229594535194337e-12,1.883435293006517e-15,1.0,(36.65*exp(log((v1+v1)))),-1.0,3.1695463502403184e-24,1.2117683001598166e-15,3.1695463502403184e-24,65537.0,1.0823934341412194e-12,(36.6*exp(log((v1+v1))))
4.001009162404877e-15,7.0,0,5.0,-1.0,true,5.6843418860808015e-12,1.7516637368093279e-15,2.0,exp(log((1.06265741926295e-13+(73.3*v1)))),-1.0,3.402971764635572e-24,1.2513899412568809e-15,3.402971764635572e-24,65536.0,1.089025166341647e-12,exp(log((1.06e-13+(73.3*v1))))
3.4914235041478e-15,7.0,0,5.0,-1.0,true,5.002220859751105e-12,2.0386547177212747e-15,2.0,(v1*(73.2999999999999+(2.9594913502602204e-15*v1))),-1.0,3.1555984479843785e-24,1.265704642025041e-15,3.1555984479843785e-24,9.0,1.116499485457704e-12,(v1*(73.3+(2.96e-15*v1)))
3.650124572518154e-15,7.0,0,3285.0,-1.0,true,5.229594535194337e-12,1.6297163078922621e-15,2.0,(1026.35113499533*(v1+(-0.928581946761979*v1))),-1.0,2.6348139353740887e-24,1.3522739365579988e-15,2.6348139353740887e-24,6.0,1.1098677532572764e-12,(1030.0*(v1+(-0.929*v1)))
3.650124572518154e-15,7.0,0,12.0,-1.0,true,5.229594535194337e-12,1.7442479129585407e-15,1.0,(v1*(v1+(73.3-v1))),-1.0,3.2658824647117244e-24,1.2155634250870963e-15,3.2658824647117244e-24,11.0,1.0942358130705543e-12,(v1*(v1+(73.3-v1)))
3.650124572518154e-15,7.0,0,0.0,-1.0,true,5.229594535194337e-12,1.8426006828306636e-15,2.0,((v1+(-1.0803536935751802e-15+v1))/0.0272851296043656),-1.0,3.3010484113261207e-24,1.2387853390454377e-15,3.3010484113261207e-24,6.0,1.1112888387287967e-12,((v1+(-1.08e-15+v1))/0.0273)
3.265791216820353e-15,7.0,0,3006.0,-1.0,true,4.320099833421409e-12,2.10070326149191e-15,2.0,((v1+(-0.879349928456683*v1))/0.00164597641941769),-1.0,2.7157009978776464e-24,1.2695134744512608e-15,2.7157009978776464e-24,6.0,1.0899725566559937e-12,((v1+(-0.879*v1))/0.00165)
3.650124572518154e-15,7.0,0,5.0,-1.0,true,5.229594535194337e-12,1.7928427395365052e-15,1.0,(v1+(v1+(71.3*v1))),-1.0,3.336274942458038e-24,1.2146011005747436e-15,3.336274942458038e-24,7.0,1.0984990694851148e-12,(v1+(v1+(71.3*v1)))
4.001009162404877e-15,7.0,0,3.0,-1.0,true,5.6843418860808015e-12,1.8370034839026872e-15,2.0,(-2.19017646774864e-14+exp(log((v1/0.0136425648021828)))),-1.0,3.6026314079324696e-24,1.270205902242143e-15,3.6026314079324696e-24,257.0,1.1326051208015997e-12,(-2.19e-14+exp(log((v1/0.0136))))
3.4914235041478e-15,7.0,0,3.0,-1.0,true,5.002220859751105e-12,2.0485643414761306e-15,2.0,(v1*(73.2999999999999+(2.6062623634772202e-15*v1))),-1.0,3.183494252496258e-24,1.2811659826212878e-15,3.183494252496258e-24,9.0,1.131657730487253e-12,(v1*(73.3+(2.61e-15*v1)))
3.650124572518154e-15,7.0,0,17.0,-1.0,true,5.229594535194337e-12,1.8426006828306636e-15,2.0,((v1+(v1-9.44623139125681e-16))/0.0272851296043656),-1.0,3.3010484113261207e-24,1.2387853390454377e-15,3.3010484113261207e-24,6.0,1.1112888387287967e-12,((v1+(v1-9.45e-16))/0.0273)
3.650124572518154e-15,7.0,0,3285.0,-1.0,true,5.229594535194337e-12,1.6297163078922621e-15,2.0,(1026.35113499533*(v1+(-0.928581946761979*v1))),-1.0,2.6348139353740887e-24,1.3522739365579988e-15,2.6348139353740887e-24,6.0,1.1098677532572764e-12,(1030.0*(v1+(-0.929*v1)))
4.001009162404877e-15,7.0,0,4.0,-1.0,true,5.6843418860808015e-12,2.178303936556925e-15,2.0,exp(log(((1.9730078164160902e-15+v1)/0.0136425648021828))),-1.0,3.596976852963845e-24,1.2467008693865468e-15,3.596976852963845e-24,65536.0,1.1183942660863977e-12,exp(log(((1.97e-15+v1)/0.0136)))
3.360847696420097e-15,7.0,0,1915.0,-1.0,true,4.774847184307873e-12,1.6258088486356107e-15,2.0,(exp(log((3.48981384332451*v1)))/0.0476100115051093),-1.0,2.872271585991016e-24,1.1605371864972318e-15,2.872271585991016e-24,257.0,1.0430767360958272e-12,(exp(log((3.49*v1)))/0.0476)
3.650124572518154e-15,7.0,0,1.0,-1.0,true,5.229594535194337e-12,1.8474313287030688e-15,2.0,(v1+(-1.40841682812728e-13-(-72.3*v1))),-1.0,3.2961477970199798e-24,1.189585948620294e-15,3.2961477970199798e-24,6.0,1.0923410324418606e-12,(v1+(-1.41e-13-(-72.3*v1)))
3.650124572518154e-15,7.0,0,16.0,-1.0,true,5.229594535194337e-12,1.7442479129585407e-15,1.0,((v1*(73.3*v1))/v1),-1.0,3.266205582138503e-24,1.2268184311106564e-15,3.266205582138503e-24,15.0,1.0999201549566352e-12,((v1*(73.3*v1))/v1)
3.360847696420097e-15,7.0,0,60.0,-1.0,true,4.774847184307873e-12,1.7483126791631715e-15,2.0,(22.4822512664998*exp(log((v1/0.30671556980218)))),-1.0,2.9906739280661725e-24,1.2048012189591678e-15,2.9906739280661725e-24,257.0,1.074814311626445e-12,(22.5*exp(log((v1/0.307))))
6.64419592387589e-15,7.0,0,1.0,-1.0,true,6.139089236967266e-12,2.209377032529139e-15,2.0,(5.7269423224678e-13+exp(log((73.2999999999999*v1)))),-1.0,3.547620666023426e-24,1.504172888463672e-15,3.547620666023426e-24,257.0,1.130710340172906e-12,(5.73e-13+exp(log((73.3*v1))))
3.1562278154087136e-15,7.0,0,572.0,-1.0,true,4.320099833421409e-12,1.6964870354119197e-15,2.0,exp((log((73.2999999999997*v1))/1.0)),-1.0,2.5811764425288533e-24,1.1826529307198798e-15,2.5811764425288533e-24,512.0,1.0359713087382262e-12,exp((log((73.3*v1))/1.0))
3.650124572518154e-15,7.0,0,2.0,-1.0,true,5.229594535194337e-12,1.877838094078541e-15,3.0,((-1.05873904470881e-14+(20.1273821403043*v1))/0.274589115147398),-1.0,3.261877154942282e-24,1.2340362575494479e-15,3.261877154942282e-24,5.0,1.107972972628583e-12,((-1.06e-14+(20.1*v1))/0.275)
3.808825640888509e-15,7.0,2,0.0,-1.0,true,5.4569682106375694e-12,1.6787018838031098e-15,2.0,(exp(log((-3.80402589562996e-16+v1)))/0.0136425648021828),-1.0,3.234486221409744e-24,1.202351436575518e-15,3.234486221409744e-24,257.0,1.0771827874123118e-12,(exp(log((-3.8e-16+v1)))/0.0136)
5.078434187851345e-15,8.0,1,1.0,-1.0,true,7.275957614183426e-12,2.080653511525892e-15,1.0,(-73.2999999999999*(pow2((v1-v1))-v1)),-1.0,5.227959185919863e-24,1.7064885319323386e-15,5.227959185919863e-24,19.0,1.4163485199484664e-12,(-73.3*(pow2((v1-v1))-v1))
3.3784047070555374e-15,8.0,0,4119.0,-1.0,true,4.092726157978177e-12,1.9736411058352432e-15,1.0,(v1*pow2((v1+(-8.5615419172016-v1)))),-1.0,2.814891316285596e-24,1.2845395650503769e-15,2.814891316285596e-24,65.0,1.1330788159587731e-12,(v1*pow2((v1+(-8.56-v1))))
3.1562278154087136e-15,8.0,0,3899.0,-1.0,true,3.865352482534945e-12,2.0842885940088685e-15,2.0,(v1*exp((4.29456060889261-(-2.3088703820975602e-17*v1)))),-1.0,2.7104436080794376e-24,1.1933007099759328e-15,2.7104436080794376e-24,33.0,1.0544454198679887e-12,(v1*exp((4.29-(-2.31e-17*v1))))
3.366643003102628e-15,8.0,0,4020.0,-1.0,true,4.092726157978177e-12,2.178338174012466e-15,2.0,(v1*(73.2999999999999+(1.6807037376529802e-17*pow3(v1)))),-1.0,2.8578659340471402e-24,1.4311512964933381e-15,2.8578659340471402e-24,13.0,1.1785535510474196e-12,(v1*(73.3+(1.68e-17*pow3(v1))))
3.4914235041478e-15,8.0,0,0.0,-1.0,true,5.002220859751105e-12,1.911089257552425e-15,2.0,(v1*(73.2999999999999+(1.41588523984469e-16*pow2(v1)))),-1.0,3.1575371525450498e-24,1.3266409458892677e-15,3.1575371525450498e-24,13.0,1.1411316336307209e-12,(v1*(73.3+(1.42e-16*pow2(v1))))
3.4914235041478e-15,8.0,0,6.0,-1.0,true,5.002220859751105e-12,1.7483126791631715e-15,1.0,(v1*pow2(((-8.5615419172016+v1)-v1))),-1.0,3.280180410846674e-24,1.2502001611427564e-15,3.280180410846674e-24,65.0,1.1254996934439987e-12,(v1*pow2(((-8.56+v1)-v1)))
3.3784047070555374e-15,8.0,0,3223.0,-1.0,true,4.092726157978177e-12,1.9736411058352432e-15,1.0,(v1*pow2(((v1--8.5615419172016)-v1))),-1.0,2.814891316285596e-24,1.2845395650503769e-15,2.814891316285596e-24,65.0,1.1330788159587731e-12,(v1*pow2(((v1--8.56)-v1)))
3.1562278154087136e-15,8.0,0,3899.0,-1.0,true,3.865352482534945e-12,2.0842885940088685e-15,2.0,(v1*exp((4.29456060889261-(-2.3088703820975602e-17*v1)))),-1.0,2.7104436080794376e-24,1.1933007099759328e-15,2.7104436080794376e-24,33.0,1.0544454198679887e-12,(v1*exp((4.29-(-2.31e-17*v1))))
3.366643003102628e-15,8.0,0,4020.0,-1.0,true,4.092726157978177e-12,2.178338174012466e-15,2.0,(v1*(73.2999999999999+(1.6807037376529802e-17*pow3(v1)))),-1.0,2.8578659340471402e-24,1.4311512964933381e-15,2.8578659340471402e-24,13.0,1.1785535510474196e-12,(v1*(73.3+(1.68e-17*pow3(v1))))
3.520888062916292e-15,8.0,0,8.0,-1.0,true,5.002220859751105e-12,1.7483126791631715e-15,2.0,(pow2((1.76001470435368*v1))*(23.6630860051413/v1)),-1.0,3.241406319633251e-24,1.2644968480822769e-15,3.241406319633251e-24,25.0,1.1198153515579179e-12,(pow2((1.76*v1))*(23.7/v1))
3.680928429412487e-15,8.0,0,0.0,-1.0,true,5.229594535194337e-12,1.7442479129585407e-15,2.0,(pow2((v1/0.298356171602601))*(6.52490249627532/v1)),-1.0,3.332612944954548e-24,1.2507633630849516e-15,3.332612944954548e-24,25.0,1.1155520951433573e-12,(pow2((v1/0.298))*(6.52/v1))
3.3784047070555374e-15,8.0,0,2738.0,-1.0,true,4.092726157978177e-12,1.9736411058352432e-15,1.0,(v1*pow2(((8.5615419172016+v1)-v1))),-1.0,2.814891316285596e-24,1.2845395650503769e-15,2.814891316285596e-24,65.0,1.1330788159587731e-12,(v1*pow2(((8.56+v1)-v1)))
3.1562278154087136e-15,8.0,0,3899.0,-1.0,true,3.865352482534945e-12,2.0842885940088685e-15,2.0,(v1*exp((4.29456060889261-(-2.3088703820975602e-17*v1)))),-1.0,2.7104436080794376e-24,1.1933007099759328e-15,2.7104436080794376e-24,33.0,1.0544454198679887e-12,(v1*exp((4.29-(-2.31e-17*v1))))
3.680928429412487e-15,8.0,0,0.0,-1.0,true,5.229594535194337e-12,1.7442479129585407e-15,1.0,(pow2((v1+(7.5615419172016*v1)))/v1),-1.0,3.3934667269978375e-24,1.2611127697883182e-15,3.3934667269978375e-24,65.0,1.136394682058987e-12,(pow2((v1+(7.56*v1)))/v1)
3.4914235041478e-15,8.0,0,10.0,-1.0,true,5.002220859751105e-12,1.7356406539251691e-15,2.0,((4.47983257147649*pow2((4.0450239355118*v1)))/v1),-1.0,3.1900104539362915e-24,1.217673883505331e-15,3.1900104539362915e-24,19.0,1.0984990694851148e-12,((4.48*pow2((4.05*v1)))/v1)
3.3784047070555374e-15,8.0,0,2728.0,-1.0,true,4.092726157978177e-12,1.9736411058352432e-15,1.0,(v1*pow2((v1-(8.5615419172016+v1)))),-1.0,2.814891316285596e-24,1.2845395650503769e-15,2.814891316285596e-24,65.0,1.1330788159587731e-12,(v1*pow2((v1-(8.56+v1))))
3.4914235041478e-15,8.0,0,0.0,-1.0,true,5.002220859751105e-12,2.0485643414761306e-15,2.0,(pow2(((7.534783686492049e-16-v1)/0.116801390412027))/v1),-1.0,3.2031976839166904e-24,1.2484428836457137e-15,3.2031976839166904e-24,33.0,1.1283418643870392e-12,(pow2(((7.53e-16-v1)/0.117))/v1)
3.650124572518154e-15,9.0,0,4.0,-1.0,true,5.229594535194337e-12,1.8747559186937217e-15,3.0,(10.960341835419*(v1+((5.68774761779115*v1)-2.9643076755038303e-15))),-1.0,3.2236079347082004e-24,1.2138467753512738e-15,3.2236079347082004e-24,7.0,1.0885514711844734e-12,(11.0*(v1+((5.69*v1)-2.96e-15)))
3.265791216820353e-15,9.0,0,3375.0,-1.0,true,3.410605131648481e-12,1.7442479129585407e-15,2.0,(84.1828213320373*(v1*(v1+(0.87072396529557-v1)))),-1.0,2.3314066716290525e-24,1.1894190884851083e-15,2.3314066716290525e-24,12.0,1.0236552346517176e-12,(84.2*(v1*(v1+(0.871-v1))))
3.366643003102628e-15,9.0,0,1.0,-1.0,true,4.547473508864641e-12,2.0857985552216395e-15,3.0,(20.5123158572132*exp(log(((-1.13334371027192e-15+v1)/0.279840598324874)))),-1.0,2.975406629650887e-24,1.2601890549925506e-15,2.975406629650887e-24,65537.0,1.1070255823142362e-12,(20.5*exp(log(((-1.13e-15+v1)/0.28))))
3.4914235041478e-15,9.0,0,1.0,-1.0,true,5.002220859751105e-12,1.777495158911793e-15,2.0,(v1*((73.2999999999999+v1)+(-0.999999999999996*v1))),-1.0,3.0968718556673815e-24,1.329369946683427e-15,3.0968718556673815e-24,13.0,1.1392368530020274e-12,(v1*((73.3+v1)+(-1.0*v1)))
3.650124572518154e-15,9.0,0,1.0,-1.0,true,5.229594535194337e-12,1.9705936650226877e-15,3.0,((v1*(23.6269229594356+(-1.19871922130528e-14/v1)))/0.322331827550281),-1.0,3.332283095914712e-24,1.2349163859359507e-15,3.332283095914712e-24,10.0,1.1112888387287967e-12,((v1*(23.6+(-1.2e-14/v1)))/0.322)
3.265791216820353e-15,9.0,0,3602.0,-1.0,true,3.410605131648481e-12,1.7928427395365052e-15,2.0,((v1*(v1+(1.43068476645539-v1)))/0.0195182096378634),-1.0,2.1638164329399234e-24,1.1015176621654463e-15,2.1638164329399234e-24,12.0,9.232318613309569e-13,((v1*(v1+(1.43-v1)))/0.0195)
3.05944424851433e-15,9.0,0,34.0,-1.0,true,3.865352482534945e-12,1.9151543598585576e-15,3.0,(53.6976277737807*((28.9917700050502*v1)-(27.6267190141796*v1))),-1.0,2.5004172806733954e-24,1.479713610305173e-15,2.5004172806733954e-24,7.0,1.194659186391315e-12,(53.7*((29.0*v1)-(27.6*v1)))
3.603631687525907e-15,9.0,0,2817.0,-1.0,true,3.865352482534945e-12,1.943480138642038e-15,3.0,(12.7898630822878*((-47.1439809773452*v1)+(52.8750822040276*v1))),-1.0,2.4859308493728247e-24,1.2013468918956476e-15,2.4859308493728247e-24,7.0,1.0354976135810526e-12,(12.8*((-47.1*v1)+(52.9*v1)))
3.650124572518154e-15,9.0,0,23.0,-1.0,true,5.229594535194337e-12,1.8426006828306636e-15,2.0,(v1*((v1--33.2405832308748)+(40.0594167691252-v1))),-1.0,3.1922655443106836e-24,1.230694685599549e-15,3.1922655443106836e-24,13.0,1.0923410324418606e-12,(v1*((v1--33.2)+(40.1-v1)))
4.126227777629218e-15,9.0,0,3.0,-1.0,true,5.9117155615240335e-12,1.6904307299776255e-15,2.0,(7.79899685445795*(v1*(v1-(-9.39864464211205+v1)))),-1.0,3.551868313862952e-24,1.3094619852122137e-15,3.551868313862952e-24,12.0,1.1368683772161603e-12,(7.8*(v1*(v1-(-9.4+v1))))
4.001009162404877e-15,9.0,0,0.0,-1.0,true,5.6843418860808015e-12,1.8790427060090424e-15,2.0,exp(log((v1*(73.2999999999999+(1.99185368049199e-15*v1))))),-1.0,3.616660089545104e-24,1.3435463961103696e-15,3.616660089545104e-24,1.3407807929942597e154,1.1818694171476334e-12,exp(log((v1*(73.3+(1.99e-15*v1)))))
3.650124572518154e-15,9.0,0,8.0,-1.0,true,5.229594535194337e-12,1.8846655424485776e-15,2.0,(v1*(73.2999999999999+(v1+(-0.999999999999998*v1)))),-1.0,3.1916798939746472e-24,1.2634354925826118e-15,3.1916798939746472e-24,13.0,1.1051308016855425e-12,(v1*(73.3+(v1+(-1.0*v1))))
4.5053340184792626e-15,9.0,0,3969.0,-1.0,true,4.320099833421409e-12,2.1629443670022694e-15,3.0,(((57.303690630586*v1)-(54.5025129451852*v1))/0.038215248095509),-1.0,2.298549668293511e-24,1.4488885742325942e-15,2.298549668293511e-24,7.0,1.047813687667561e-12,(((57.3*v1)-(54.5*v1))/0.0382)
3.366643003102628e-15,9.0,0,1674.0,-1.0,true,3.637978807091713e-12,1.8370034839026872e-15,2.0,(46.2110087584126*(v1*(v1+(1.58620211870307-v1)))),-1.0,2.2480423755201924e-24,1.1200353678199387e-15,2.2480423755201924e-24,12.0,9.488113998183204e-13,(46.2*(v1*(v1+(1.59-v1))))
3.265791216820353e-15,9.0,0,3602.0,-1.0,true,3.410605131648481e-12,1.7928427395365052e-15,2.0,((v1*(v1+(1.43068476645539-v1)))/0.0195182096378634),-1.0,2.1638164329399234e-24,1.1015176621654463e-15,2.1638164329399234e-24,12.0,9.232318613309569e-13,((v1*(v1+(1.43-v1)))/0.0195)
3.0405642363499835e-15,9.0,0,2250.0,-1.0,true,4.320099833421409e-12,1.840294401006508e-15,3.0,(12.2996389036059*((67.2356738574715*v1)-(61.2761493076483*v1))),-1.0,2.2769883116691022e-24,1.1752241853417754e-15,2.2769883116691022e-24,7.0,1.012286550879556e-12,(12.3*((67.2*v1)-(61.3*v1)))
3.4914235041478e-15,9.0,0,4.0,-1.0,true,5.002220859751105e-12,1.8747559186937217e-15,2.0,(73.2999999999999*(v1+(v1*(3.70313890290992e-17*v1)))),-1.0,3.1783243736678015e-24,1.2644529882906748e-15,3.1783243736678015e-24,10.0,1.1183942660863977e-12,(73.3*(v1+(v1*(3.7e-17*v1))))
3.650124572518154e-15,9.0,1,2.0,-1.0,true,5.229594535194337e-12,1.7442479129585407e-15,1.0,(v1+(v1*(v1+(72.3-v1)))),-1.0,3.335675828895886e-24,1.2192746418730987e-15,3.335675828895886e-24,13.0,1.109394058100103e-12,(v1+(v1*(v1+(72.3-v1))))
3.4914235041478e-15,9.0,0,3.0,-1.0,true,5.002220859751105e-12,2.0658963602097326e-15,2.0,(v1*(73.2999999999999-(v1*(-1.27487282466693e-16*v1)))),-1.0,3.2355430846598323e-24,1.289498178881083e-15,3.2355430846598323e-24,17.0,1.1335525111159465e-12,(v1*(73.3-(v1*(-1.27e-16*v1))))
3.650124572518154e-15,9.0,0,0.0,-1.0,true,5.229594535194337e-12,1.905492058624449e-15,3.0,(1.1158575143785999e-13+(v1*(73.2999999999999+(3.7282847875481704e-15*v1)))),-1.0,3.196896894094509e-24,1.2986928429261838e-15,3.196896894094509e-24,10.0,1.115078399986184e-12,(1.12e-13+(v1*(73.3+(3.73e-15*v1))))
3.4914235041478e-15,9.0,0,0.0,-1.0,true,5.002220859751105e-12,1.777495158911793e-15,2.0,(v1*((73.2999999999999+v1)+(-0.999999999999996*v1))),-1.0,3.0968718556673815e-24,1.329369946683427e-15,3.0968718556673815e-24,13.0,1.1392368530020274e-12,(v1*((73.3+v1)+(-1.0*v1)))
3.4914235041478e-15,9.0,0,2.0,-1.0,true,5.002220859751105e-12,1.911089257552425e-15,2.0,(v1*(v1+(73.2999999999999-(0.999999999999998*v1)))),-1.0,3.1438046619069624e-24,1.2900828791254526e-15,3.1438046619069624e-24,13.0,1.1288155595442125e-12,(v1*(v1+(73.3-(1.0*v1))))
3.4914235041478e-15,9.0,0,17.0,-1.0,true,5.002220859751105e-12,1.911089257552425e-15,2.0,(v1*((1.0*v1)+(73.2999999999999-v1))),-1.0,3.149970819467986e-24,1.2997105642419487e-15,3.149970819467986e-24,13.0,1.1344999014302932e-12,(v1*((1.0*v1)+(73.3-v1)))
3.808825640888509e-15,9.0,0,2.0,-1.0,true,5.4569682106375694e-12,1.9186727042543947e-15,3.0,(2.3162662892972*((v1/0.0352566681264546)+(3.28232803048396*v1))),-1.0,3.3070058888823498e-24,1.2615774241604323e-15,3.3070058888823498e-24,7.0,1.1127099242003169e-12,(2.32*((v1/0.0353)+(3.28*v1)))
3.593445695475121e-15,9.0,0,2979.0,-1.0,true,3.865352482534945e-12,2.059680328036343e-15,3.0,(27.950231196666*((-53.5811726268744*v1)+(56.2036911843862*v1))),-1.0,2.374563042943159e-24,1.5729747749965082e-15,2.374563042943159e-24,7.0,1.194659186391315e-12,(28.0*((-53.6*v1)+(56.2*v1)))
3.265791216820353e-15,9.0,0,3845.0,-1.0,true,3.410605131648481e-12,1.7928427395365052e-15,2.0,(54.8218865424338*(v1*(v1+(1.33705723430848-v1)))),-1.0,2.2272551543974407e-24,1.151614446319748e-15,2.2272551543974407e-24,12.0,9.762857189343777e-13,(54.8*(v1*(v1+(1.34-v1))))
3.491018197290722e-15,9.0,0,5.0,-1.0,true,4.547473508864641e-12,2.0930974955502487e-15,2.0,(264.984512060609*((v1+v1)+(-1.72338005934764*v1))),-1.0,2.8518680668125637e-24,1.2977508854147374e-15,2.8518680668125637e-24,8.0,1.074814311626445e-12,(265.0*((v1+v1)+(-1.72*v1)))
4.5053340184792626e-15,9.0,0,3969.0,-1.0,true,4.320099833421409e-12,2.1629443670022694e-15,3.0,(((57.303690630586*v1)-(54.5025129451852*v1))/0.038215248095509),-1.0,2.298549668293511e-24,1.4488885742325942e-15,2.298549668293511e-24,7.0,1.047813687667561e-12,(((57.3*v1)-(54.5*v1))/0.0382)
3.366643003102628e-15,9.0,0,2712.0,-1.0,true,3.637978807091713e-12,1.8426006828306636e-15,2.0,((v1*(v1+(1.46243787571657-v1)))/0.0199514034886299),-1.0,2.2387796759525413e-24,1.1233486775591818e-15,2.2387796759525413e-24,12.0,9.336531547887717e-13,((v1*(v1+(1.46-v1)))/0.02)
3.520888062916292e-15,9.0,2,5.0,-1.0,true,5.002220859751105e-12,1.7449632705163395e-15,2.0,(4.59394388525421*exp(log((v1+(14.9557891499896*v1))))),-1.0,3.0697232602049272e-24,1.2240142536050235e-15,3.0697232602049272e-24,4.294967297e9,1.0572875908110292e-12,(4.59*exp(log((v1+(15.0*v1)))))
3.603631687525907e-15,9.0,0,0.0,-1.0,true,4.774847184307873e-12,1.762810181134203e-15,3.0,(1.75567961812559e-13-(v1*(-73.2999999999999-(4.8093959259999904e-15*v1)))),-1.0,3.0963265950096926e-24,1.3153592391450184e-15,3.0963265950096926e-24,10.0,1.129289254701386e-12,(1.76e-13-(v1*(-73.3-(4.81e-15*v1))))
3.650124572518154e-15,9.0,0,0.0,-1.0,true,5.229594535194337e-12,1.905492058624449e-15,3.0,((v1*(73.2999999999999+(3.80645450253705e-15*v1)))--1.12461111129386e-13),-1.0,3.196896894094509e-24,1.2986928429261838e-15,3.196896894094509e-24,10.0,1.115078399986184e-12,((v1*(73.3+(3.81e-15*v1)))--1.12e-13)
3.808825640888509e-15,9.0,0,1.0,-1.0,true,5.4569682106375694e-12,1.762810181134203e-15,1.0,exp(log(((v1+(v1-v1))/0.0136425648021828))),-1.0,3.386788966844414e-24,1.2958271309125426e-15,3.386788966844414e-24,3.402823669209385e38,1.173342904318512e-12,exp(log(((v1+(v1-v1))/0.0136)))
3.603631687525907e-15,9.0,0,1618.0,-1.0,true,3.865352482534945e-12,1.7567609616120846e-15,2.0,((v1*(v1-(-1.17273355077697+v1)))/0.0159990934621688),-1.0,2.3962657634417836e-24,1.222432916124027e-15,2.3962657634417836e-24,12.0,1.0430767360958272e-12,((v1*(v1-(-1.17+v1)))/0.016)
3.4914235041478e-15,9.0,0,2.0,-1.0,true,5.002220859751105e-12,1.911089257552425e-15,2.0,(v1*(73.2999999999999+(v1*(1.39982087839903e-16*v1)))),-1.0,3.1575371525450498e-24,1.3266409458892677e-15,3.1575371525450498e-24,17.0,1.1411316336307209e-12,(v1*(73.3+(v1*(1.4e-16*v1))))
3.1562278154087136e-15,9.0,0,6.0,-1.0,true,4.320099833421409e-12,2.0887870145429946e-15,2.0,exp(log((v1*(73.2999999999999-(-4.062481098359e-15*v1))))),-1.0,2.9184033302767087e-24,1.283976728690596e-15,2.9184033302767087e-24,1.3407807929942597e154,1.1288155595442125e-12,exp(log((v1*(73.3-(-4.06e-15*v1)))))
3.918645312853345e-15,9.0,0,3.0,-1.0,true,4.774847184307873e-12,2.1792429622311386e-15,3.0,((v1*(586.901135479333+(7.54567207407828e-14*v1)))/8.00683677325149),-1.0,3.1896873365095133e-24,1.587811838697682e-15,3.1896873365095133e-24,10.0,1.2680819357531921e-12,((v1*(587.0+(7.55e-14*v1)))/8.01)
3.265791216820353e-15,9.0,0,3602.0,-1.0,true,3.410605131648481e-12,1.7928427395365052e-15,2.0,((v1*(v1+(1.43068476645539-v1)))/0.0195182096378634),-1.0,2.1638164329399234e-24,1.1015176621654463e-15,2.1638164329399234e-24,12.0,9.232318613309569e-13,((v1*(v1+(1.43-v1)))/0.0195)
3.650124572518154e-15,9.0,0,3.0,-1.0,true,5.229594535194337e-12,1.905492058624449e-15,3.0,(1.08335774262586e-13+(v1*(73.2999999999999-(-3.60109144063427e-15*v1)))),-1.0,3.227485343829543e-24,1.32220235499991e-15,3.227485343829543e-24,10.0,1.1416053287878942e-12,(1.08e-13+(v1*(73.3-(-3.6e-15*v1))))
4.054085648466645e-15,9.0,0,1847.0,-1.0,true,4.092726157978177e-12,1.4106686596052532e-15,3.0,(18.1007022957417*((-63.2270622770937*v1)+(67.2766289072926*v1))),-1.0,1.5582337906394437e-24,1.066530252606608e-15,1.5582337906394437e-24,7.0,8.431773797686523e-13,(18.1*((-63.2*v1)+(67.3*v1)))
3.265791216820353e-15,9.0,0,3845.0,-1.0,true,3.410605131648481e-12,1.7928427395365052e-15,2.0,(54.8218865424338*(v1*(v1+(1.33705723430848-v1)))),-1.0,2.2272551543974407e-24,1.151614446319748e-15,2.2272551543974407e-24,12.0,9.762857189343777e-13,(54.8*(v1*(v1+(1.34-v1))))
3.650124572518154e-15,9.0,0,0.0,-1.0,true,5.229594535194337e-12,1.883435293006517e-15,2.0,(v1+((v1+(-1.3002960684006e-15+v1))/0.0276625172890733)),-1.0,3.331798419774544e-24,1.2255134451453652e-15,3.331798419774544e-24,8.0,1.1074992774714095e-12,(v1+((v1+(-1.3e-15+v1))/0.0277))
3.650124572518154e-15,9.0,0,0.0,-1.0,true,5.229594535194337e-12,1.8426006828306636e-15,3.0,(31.9062658370886*((-3.23402829367423e-16+v1)+(1.2973543934682*v1))),-1.0,3.3022331752243087e-24,1.2391108019141205e-15,3.3022331752243087e-24,7.0,1.1056044968427158e-12,(31.9*((-3.23e-16+v1)+(1.3*v1)))
3.4914235041478e-15,9.0,0,0.0,-1.0,true,5.002220859751105e-12,1.8846655424485776e-15,2.0,(v1*((73.2999999999999+v1)+(-0.999999999999997*v1))),-1.0,3.2371855982459565e-24,1.2759540045524418e-15,3.2371855982459565e-24,13.0,1.1231312176581317e-12,(v1*((73.3+v1)+(-1.0*v1)))
3.1562278154087136e-15,10.0,0,1802.0,-1.0,true,3.410605131648481e-12,1.6878445151762923e-15,2.0,(16.2051389231742*(v1*pow2((v1+(2.12679488949834-v1))))),-1.0,1.8087575022017278e-24,1.0641690139998905e-15,1.8087575022017278e-24,66.0,8.734938698277499e-13,(16.2*(v1*pow2((v1+(2.13-v1)))))
3.265791216820353e-15,10.0,0,352.0,-1.0,true,3.410605131648481e-12,1.7876531436677066e-15,2.0,((v1*pow2((v1+(2.00326116980001-v1))))/0.0547483671818348),-1.0,1.9370149257936292e-24,1.1029142184505804e-15,1.9370149257936292e-24,66.0,8.957575422148996e-13,((v1*pow2((v1+(2.0-v1))))/0.0547)
5.534953045059322e-13,10.0,1,2.0,-1.0,true,6.118625606177375e-10,4.580119269001323e-13,2.0,(-73.2999999999702*(pow2(((v1--5.08955294393593e-7)-v1))-v1)),-1.0,1.4657616485185036e-19,4.4772739135508853e-13,1.4657616485185036e-19,35.0,3.389966233650436e-10,(-73.3*(pow2(((v1--5.09e-7)-v1))-v1))
3.366643003102628e-15,10.0,1,3236.0,-1.0,true,3.637978807091713e-12,1.2905094587180867e-15,2.0,(166.651285909253*(v1*log((v1-(-1.55245972193937+v1))))),-1.0,1.5956682908543476e-24,1.0477319218987902e-15,1.5956682908543476e-24,66.0,8.502828071262533e-13,(167.0*(v1*log((v1-(-1.55+v1)))))
5.078434187851345e-15,10.0,0,3.0,-1.0,true,7.275957614183426e-12,2.0273235401922716e-15,2.0,((v1*pow2(((v1-1.70598306173602)-v1)))/0.0397050232869062),-1.0,5.197613074254913e-24,1.4288279742527939e-15,5.197613074254913e-24,66.0,1.322556878828133e-12,((v1*pow2(((v1-1.71)-v1)))/0.0397)
4.279312628937014e-15,10.0,0,4.0,-1.0,true,5.002220859751105e-12,1.783542202107615e-15,3.0,((v1*pow2(((3.61735811094332e-16*v1)--8.56154191720159)))--3.53943812751682e-13),-1.0,3.1475676336063206e-24,1.3562982564571524e-15,3.1475676336063206e-24,34.0,1.143500109416588e-12,((v1*pow2(((3.62e-16*v1)--8.56)))--3.54e-13)
3.265791216820353e-15,10.0,0,2408.0,-1.0,true,3.410605131648481e-12,1.351005202926627e-15,2.0,(34.073082449138*(v1*pow2(((v1-1.46671682957875)-v1)))),-1.0,1.5928410133700355e-24,1.050598919218884e-15,1.5928410133700355e-24,66.0,8.37019342725398e-13,(34.1*(v1*pow2(((v1-1.47)-v1))))
3.4914235041478e-15,10.0,0,0.0,-1.0,true,5.002220859751105e-12,1.8631877093699792e-15,2.0,(v1*pow2(((v1+(0.715342383227698-v1))--7.8461995339739))),-1.0,3.1299038809424278e-24,1.2321230480704009e-15,3.1299038809424278e-24,129.0,1.090446251813167e-12,(v1*pow2(((v1+(0.715-v1))--7.85)))
4.983184972686465e-14,10.0,0,1.0,-1.0,true,7.298694981727749e-11,2.415472448476781e-14,3.0,(v1*(73.2999999999999+(1.6807037376529802e-17*pow3((3.0*v1))))),-1.0,6.973598122181106e-22,1.4171069570172545e-14,6.973598122181106e-22,21.0,1.6957339236493377e-11,(v1*(73.3+(1.68e-17*pow3((3.0*v1)))))
3.366643003102628e-15,10.0,1,3236.0,-1.0,true,3.637978807091713e-12,1.2905094587180867e-15,2.0,(166.651285909253*(v1*log((v1-(-1.55245972193937+v1))))),-1.0,1.5956682908543476e-24,1.0477319218987902e-15,1.5956682908543476e-24,66.0,8.502828071262533e-13,(167.0*(v1*log((v1-(-1.55+v1)))))
3.808825640888509e-15,10.0,0,1.0,-1.0,true,5.4569682106375694e-12,1.7442479129585407e-15,1.0,(v1*(pow2(v1)+(73.3-(v1*v1)))),-1.0,3.426014076132716e-24,1.2497445326010867e-15,3.426014076132716e-24,21.0,1.123604912815305e-12,(v1*(pow2(v1)+(73.3-(v1*v1))))
3.265791216820353e-15,10.0,0,1184.0,-1.0,true,3.410605131648481e-12,1.550348837394098e-15,2.0,(28.4826250373917*(v1*pow2(((-1.60421281395019+v1)-v1)))),-1.0,1.829362969771917e-24,1.0675416907874611e-15,1.829362969771917e-24,66.0,8.805992971853509e-13,(28.5*(v1*pow2(((-1.6+v1)-v1))))
3.265791216820353e-15,10.0,0,1751.0,-1.0,true,3.410605131648481e-12,1.4086111168411584e-15,2.0,(29.2975531697236*(v1*pow2(((v1-1.58174442262705)-v1)))),-1.0,1.6262298141371499e-24,1.0440422629543e-15,1.6262298141371499e-24,66.0,8.464932458688661e-13,(29.3*(v1*pow2(((v1-1.58)-v1))))
3.1562278154087136e-15,10.0,0,2.0,-1.0,true,4.092726157978177e-12,2.098654018385297e-15,2.0,(v1*pow2((((1.0*v1)--8.56154191720159)-v1))),-1.0,2.8291421411291408e-24,1.2991998763898797e-15,2.8291421411291408e-24,129.0,1.1468159755168017e-12,(v1*pow2((((1.0*v1)--8.56)-v1)))
3.1562278154087136e-15,10.0,0,1788.0,-1.0,true,3.410605131648481e-12,1.747643052043658e-15,2.0,((v1*pow2(((v1-1.91301331096118)-v1)))/0.0499266020179352),-1.0,1.835064646031946e-24,1.0827938348877174e-15,1.835064646031946e-24,66.0,8.820203826568711e-13,((v1*pow2(((v1-1.91)-v1)))/0.0499)
3.4914235041478e-15,10.0,0,10.0,-1.0,true,5.002220859751105e-12,1.6328616686465598e-15,2.0,(v1*(18.2137031703552+pow2(((7.4220143377418+v1)-v1)))),-1.0,3.038569354973031e-24,1.2743787914377472e-15,3.038569354973031e-24,67.0,1.1207627418722646e-12,(v1*(18.2+pow2(((7.42+v1)-v1))))
3.680928429412487e-15,10.0,0,1.0,-1.0,true,5.229594535194337e-12,1.6851904775098032e-15,2.0,(pow2(((-2.3198499455251704e-15+v1)+(7.5615419172016*v1)))/v1),-1.0,3.395351578654045e-24,1.249469502314643e-15,3.395351578654045e-24,129.0,1.1420790239450676e-12,(pow2(((-2.32e-15+v1)+(7.56*v1)))/v1)
7.84623231864625e-12,10.0,0,0.0,-1.0,true,9.901270914269844e-10,1.9891740586136426e-12,2.0,sqrt_abs((v1*((-1.65053228263402e-7+v1)+(5371.89000001152*v1)))),-1.0,2.9911040727552807e-19,1.5086185366470318e-12,2.9911040727552807e-19,8192.0,4.3507384361873844e-10,sqrt_abs((v1*((-1.65e-7+v1)+(5370.0*v1))))
3.265791216820353e-15,10.0,0,1605.0,-1.0,true,3.410605131648481e-12,1.3982322612282267e-15,2.0,((v1*pow2((v1+(1.57714792272268-v1))))/0.033934455254413),-1.0,1.7161641645905063e-24,1.0584735459479753e-15,1.7161641645905063e-24,66.0,8.55967149012334e-13,((v1*pow2((v1+(1.58-v1))))/0.0339)
3.366643003102628e-15,10.0,1,3236.0,-1.0,true,3.637978807091713e-12,1.2905094587180867e-15,2.0,(166.651285909253*(v1*log((v1-(-1.55245972193937+v1))))),-1.0,1.5956682908543476e-24,1.0477319218987902e-15,1.5956682908543476e-24,66.0,8.502828071262533e-13,(167.0*(v1*log((v1-(-1.55+v1)))))
3.265791216820353e-15,10.0,0,2250.0,-1.0,true,3.410605131648481e-12,1.7442479129585407e-15,2.0,(11.1114326829364*(v1*pow2((v1+(2.56842540843329-v1))))),-1.0,2.0315536995785797e-24,1.089968554802371e-15,2.0315536995785797e-24,66.0,8.9859971315794e-13,(11.1*(v1*pow2((v1+(2.57-v1)))))
4.602330982740282e-15,10.0,0,9.0,-1.0,true,6.59383658785373e-12,1.976163581427877e-15,1.0,(v1*(pow2(v1)+(73.2999999999999-(v1*v1)))),-1.0,4.276600507288013e-24,1.4651886782102597e-15,4.276600507288013e-24,21.0,1.2557658616666836e-12,(v1*(pow2(v1)+(73.3-(v1*v1))))
3.1562278154087136e-15,11.0,0,2859.0,-1.0,true,3.410605131648481e-12,1.5016744597072618e-15,2.0,((v1*pow2(pow2((v1+(2.34313997682194-v1)))))/0.411233948905427),-1.0,1.5477594007213731e-24,1.0200962559038045e-15,1.5477594007213731e-24,8.589934594e9,8.024395962517398e-13,((v1*pow2(pow2((v1+(2.34-v1)))))/0.411)
4.504539609407383e-15,11.0,0,5.0,-1.0,true,3.637978807091713e-12,2.1593822145089463e-15,4.0,(53.6976277737807*(((28.9917700050502*v1)-(27.6267190141796*v1))--4.5927409035897806e-15)),-1.0,2.5139074332413987e-24,1.5258277530828907e-15,2.5139074332413987e-24,8.0,1.2031856992204364e-12,(53.7*(((29.0*v1)-(27.6*v1))--4.59e-15))
4.504539609407383e-15,11.0,0,4.0,-1.0,true,4.547473508864641e-12,2.0812800920247166e-15,3.0,(v1*(73.3000000000001-(v1*((-1.18433900912517e-15*v1)--2.8531972767142704e-14)))),-1.0,2.996321751421739e-24,1.2995875049781528e-15,2.996321751421739e-24,21.0,1.1027623258996754e-12,(v1*(73.3-(v1*((-1.18e-15*v1)--2.85e-14))))
3.650124572518154e-15,11.0,0,1.0,-1.0,true,5.229594535194337e-12,1.959133969939595e-15,3.0,(1.52454485465029*(v1*((48.0799235105574+v1)+(-0.999999999999998*v1)))),-1.0,3.180498684685499e-24,1.3386436996124022e-15,3.180498684685499e-24,14.0,1.138763157844854e-12,(1.52*(v1*((48.1+v1)+(-1.0*v1))))
3.366643003102628e-15,11.0,0,1.0,-1.0,true,4.774847184307873e-12,1.911089257552425e-15,2.0,(v1*(73.2999999999999+(v1*(v1+(-1.0*v1))))),-1.0,3.104115071317667e-24,1.3337094167229326e-15,3.104115071317667e-24,25.0,1.1487107561454952e-12,(v1*(73.3+(v1*(v1+(-1.0*v1)))))
4.391926119172199e-15,11.0,0,2796.0,-1.0,true,3.637978807091713e-12,1.4109839481040509e-15,3.0,(v1*((v1/0.0149552535222436)+(73.3000000000001-(66.8661349346338*v1)))),-1.0,1.2868218837585395e-24,1.1430651234151084e-15,1.2868218837585395e-24,15.0,8.104924139236876e-13,(v1*((v1/0.015)+(73.3-(66.9*v1))))
3.366643003102628e-15,11.0,0,1903.0,-1.0,true,3.637978807091713e-12,1.4470775695944096e-15,2.0,(v1*pow2((0.765571557985196+pow2((v1+(2.79212649412887-v1)))))),-1.0,1.5823868182911387e-24,1.0624793303166454e-15,1.5823868182911387e-24,1.7179869185e10,8.479143313403862e-13,(v1*pow2((0.766+pow2((v1+(2.79-v1))))))
2.9458126277147993e-15,11.0,0,3359.0,-1.0,true,3.183231456205249e-12,1.7014195511282253e-15,3.0,(v1*(73.2999999999999-((55.0574624765009*v1)-(55.0574624765009*v1)))),-1.0,1.6605543091193103e-24,1.2016409049073112e-15,1.6605543091193103e-24,15.0,9.303372886885579e-13,(v1*(73.3-((55.1*v1)-(55.1*v1))))
3.4914235041478e-15,11.0,0,2.0,-1.0,true,5.002220859751105e-12,1.6745237808074644e-15,3.0,((v1*((73.2999999999999+v1)+(-0.999999999999996*v1)))--1.00108115351897e-13),-1.0,3.0608375309685177e-24,1.2614699524881112e-15,3.0608375309685177e-24,14.0,1.0970779840135947e-12,((v1*((73.3+v1)+(-1.0*v1)))--1.0e-13)
3.4914235041478e-15,11.0,0,1.0,-1.0,true,5.002220859751105e-12,1.6745237808074644e-15,3.0,((v1*((73.2999999999999+v1)+(-0.999999999999996*v1)))--9.7776647000184e-14),-1.0,3.0611606483952963e-24,1.261921679050458e-15,3.0611606483952963e-24,14.0,1.0970779840135947e-12,((v1*((73.3+v1)+(-1.0*v1)))--9.78e-14)
3.740525071360012e-15,11.0,0,4.0,-1.0,true,4.774847184307873e-12,2.287465843720883e-15,3.0,(((v1*(7.816577060240471e-14*v1))-(-601.589734481233*v1))/8.2072269369882),-1.0,3.3014051868181886e-24,1.5993102938200864e-15,3.3014051868181886e-24,11.0,1.2766084485823133e-12,(((v1*(7.82e-14*v1))-(-602.0*v1))/8.21)
2.9458126277147993e-15,11.0,0,3359.0,-1.0,true,3.183231456205249e-12,1.7014195511282253e-15,3.0,(v1*(73.2999999999999-((55.0574624765009*v1)-(55.0574624765009*v1)))),-1.0,1.6605543091193103e-24,1.2016409049073112e-15,1.6605543091193103e-24,15.0,9.303372886885579e-13,(v1*(73.3-((55.1*v1)-(55.1*v1))))
3.577058190796542e-15,11.0,0,1046.0,-1.0,true,3.865352482534945e-12,1.4437032937720934e-15,3.0,(v1*(73.2999999999999-((v1/0.0152282706648419)-(65.6673382033286*v1)))),-1.0,1.4674445253277357e-24,1.1024462115416806e-15,1.4674445253277357e-24,15.0,8.455458555545192e-13,(v1*(73.3-((v1/0.0152)-(65.7*v1))))
3.650124572518154e-15,11.0,2,3.0,-1.0,true,5.229594535194337e-12,2.0749880565799785e-15,2.0,(v1*((v1/0.999999999999998)+(73.2999999999999-exp(log(v1))))),-1.0,3.283310610918591e-24,1.3167825914527655e-15,3.283310610918591e-24,41.0,1.1420790239450676e-12,(v1*((v1/1.0)+(73.3-exp(log(v1)))))
3.1562278154087136e-15,11.0,0,2859.0,-1.0,true,3.410605131648481e-12,1.5016744597072618e-15,2.0,((v1*pow2(pow2((v1+(2.34313997682194-v1)))))/0.411233948905427),-1.0,1.5477594007213731e-24,1.0200962559038045e-15,1.5477594007213731e-24,8.589934594e9,8.024395962517398e-13,((v1*pow2(pow2((v1+(2.34-v1)))))/0.411)
4.391926119172199e-15,11.0,0,2796.0,-1.0,true,3.637978807091713e-12,1.4109839481040509e-15,3.0,(v1*((v1/0.0149552535222436)+(73.3000000000001-(66.8661349346338*v1)))),-1.0,1.2868218837585395e-24,1.1430651234151084e-15,1.2868218837585395e-24,15.0,8.104924139236876e-13,(v1*((v1/0.015)+(73.3-(66.9*v1))))
3.200807329923902e-15,11.0,0,0.0,-1.0,true,4.547473508864641e-12,2.1117489174618572e-15,4.0,(9.05712087450813*(-1.95061112550266e-14+((v1/0.0143394592635604)-(61.6445570787324*v1)))),-1.0,2.9415062262913733e-24,1.337886172455525e-15,2.9415062262913733e-24,8.0,1.1714481236898186e-12,(9.06*(-1.95e-14+((v1/0.0143)-(61.6*v1))))
3.520888062916292e-15,11.0,2,3.0,-1.0,true,5.002220859751105e-12,1.8747559186937217e-15,3.0,(13.8486837424462*exp(log(((-5.519921603089131e-15+v1)+(4.29292179410057*v1))))),-1.0,3.1171138161324447e-24,1.2449612396835879e-15,3.1171138161324447e-24,1.8446744073709552e19,1.11034144841445e-12,(13.8*exp(log(((-5.52e-15+v1)+(4.29*v1)))))
4.391926119172199e-15,11.0,0,393.0,-1.0,true,3.637978807091713e-12,1.4109839481040509e-15,3.0,(v1*((v1/0.0149552535222436)+(73.3000000000001-(66.8661349346338*v1)))),-1.0,1.2868218837585395e-24,1.1430651234151084e-15,1.2868218837585395e-24,15.0,8.104924139236876e-13,(v1*((v1/0.015)+(73.3-(66.9*v1))))
6.056088210773352e-15,11.0,0,2417.0,-1.0,true,3.637978807091713e-12,1.7483903483255811e-15,4.0,(((61.700761740793*v1)+(-1.71070241364022e-14-(58.7430146157546*v1)))/0.040351256821807),-1.0,1.4615409006759697e-24,1.309924441788882e-15,1.4615409006759697e-24,8.0,8.517038925977734e-13,(((61.7*v1)+(-1.71e-14-(58.7*v1)))/0.0404)
3.1562278154087136e-15,11.0,0,3.0,-1.0,true,4.320099833421409e-12,1.9570590560212168e-15,4.0,(4.84608539979807*((v1/0.0134242995448847)+(-8.68706117114755e-15-(59.3661719002736*v1)))),-1.0,2.6381191573855107e-24,1.1509122628475348e-15,2.6381191573855107e-24,8.0,1.03928717483844e-12,(4.85*((v1/0.0134)+(-8.69e-15-(59.4*v1))))
3.366643003102628e-15,11.0,0,1111.0,-1.0,true,3.637978807091713e-12,1.503456527181912e-15,3.0,(v1*((63.5440115564532*v1)+(73.2999999999999-(63.5440115564532*v1)))),-1.0,1.3777727077836366e-24,1.1105216409309153e-15,1.3777727077836366e-24,15.0,8.223347928530226e-13,(v1*((63.5*v1)+(73.3-(63.5*v1))))
3.366643003102628e-15,11.0,0,2562.0,-1.0,true,3.637978807091713e-12,1.400478980258711e-15,3.0,(v1*(73.3-((v1/0.0152282706648419)-(65.6673382033286*v1)))),-1.0,1.4962221711501982e-24,1.0408390919425251e-15,1.4962221711501982e-24,15.0,8.175978412812886e-13,(v1*(73.3-((v1/0.0152)-(65.7*v1))))
3.1562278154087136e-15,11.0,0,2.0,-1.0,true,4.092726157978177e-12,2.178338174012466e-15,2.0,(v1*(73.2999999999999+(v1*(v1+(-1.0*v1))))),-1.0,2.9820507317390204e-24,1.4537204718198792e-15,2.9820507317390204e-24,25.0,1.2126596023639042e-12,(v1*(73.3+(v1*(v1+(-1.0*v1)))))
3.808825640888509e-15,11.0,2,0.0,-1.0,true,5.4569682106375694e-12,2.229795159237286e-15,2.0,exp(log((v1*((v1/0.999999999999997)+(73.2999999999999-v1))))),-1.0,3.369690669677384e-24,1.3450704590463207e-15,3.369690669677384e-24,1.7976931348623157e308,1.1856589784050206e-12,exp(log((v1*((v1/1.0)+(73.3-v1)))))
6.056088210773352e-15,11.0,0,2417.0,-1.0,true,3.637978807091713e-12,1.7483903483255811e-15,4.0,(((61.700761740793*v1)+(-1.71070241364022e-14-(58.7430146157546*v1)))/0.040351256821807),-1.0,1.4615409006759697e-24,1.309924441788882e-15,1.4615409006759697e-24,8.0,8.517038925977734e-13,(((61.7*v1)+(-1.71e-14-(58.7*v1)))/0.0404)
4.391926119172199e-15,11.0,0,993.0,-1.0,true,3.637978807091713e-12,1.4109839481040509e-15,3.0,(v1*((v1/0.0149552535222436)+(73.3000000000001-(66.8661349346338*v1)))),-1.0,1.2868218837585395e-24,1.1430651234151084e-15,1.2868218837585395e-24,15.0,8.104924139236876e-13,(v1*((v1/0.015)+(73.3-(66.9*v1))))
3.4914235041478e-15,11.0,0,2.0,-1.0,true,5.002220859751105e-12,1.777495158911793e-15,2.0,(v1*((v1+(73.2999999999999+v1))+(-2.0*v1))),-1.0,3.127702643472499e-24,1.3100079148423548e-15,3.127702643472499e-24,17.0,1.1259733886011721e-12,(v1*((v1+(73.3+v1))+(-2.0*v1)))
3.808825640888509e-15,11.0,0,3.0,-1.0,true,5.4569682106375694e-12,1.7442479129585407e-15,2.0,((v1*pow2(pow2((v1+(2.92601126402507-v1)))))-2.7714804449752002e-14),-1.0,3.320166192410517e-24,1.225013991559414e-15,3.320166192410517e-24,8.589934594e9,1.0980253743279415e-12,((v1*pow2(pow2((v1+(2.93-v1)))))-2.77e-14)
3.1562278154087136e-15,11.0,0,2859.0,-1.0,true,3.410605131648481e-12,1.5016744597072618e-15,2.0,((v1*pow2(pow2((v1+(2.34313997682194-v1)))))/0.411233948905427),-1.0,1.5477594007213731e-24,1.0200962559038045e-15,1.5477594007213731e-24,8.589934594e9,8.024395962517398e-13,((v1*pow2(pow2((v1+(2.34-v1)))))/0.411)
3.366643003102628e-15,11.0,0,2417.0,-1.0,true,3.637978807091713e-12,1.503456527181912e-15,3.0,(v1*((63.5440115564532*v1)+(73.2999999999999-(63.5440115564532*v1)))),-1.0,1.3777727077836366e-24,1.1105216409309153e-15,1.3777727077836366e-24,15.0,8.223347928530226e-13,(v1*((63.5*v1)+(73.3-(63.5*v1))))
3.577058190796542e-15,11.0,1,0.0,-1.0,true,5.002220859751105e-12,1.911089257552425e-15,2.0,(v1+(v1*((72.2999999999999+v1)+(-0.999999999999997*v1)))),-1.0,3.2265765760667283e-24,1.3370593886058516e-15,3.2265765760667283e-24,15.0,1.1581846592889633e-12,(v1+(v1*((72.3+v1)+(-1.0*v1))))
3.366643003102628e-15,12.0,1,1.0,-1.0,true,4.774847184307873e-12,1.838422579835018e-15,3.0,(73.3*(v1+(-4.03206988966145+pow2((v1+(2.00800146654863-v1)))))),-1.0,2.9544241917494565e-24,1.2162416607202293e-15,2.9544241917494565e-24,36.0,1.0705510552118842e-12,(73.3*(v1+(-4.03+pow2((v1+(2.01-v1))))))
0.0006434871667009112,12.0,1,0.0,-1.0,true,0.257668091955793,0.0004953605875566039,3.0,(v1*(log((v1--5.46413047806797e6))+(57.8391147733592-(0.0032894532549619*v1)))),-0.9999998886875621,0.021312043745017505,0.00028043850441024273,0.021312043745017505,25.0,0.1292741604185963,(v1*(log((v1--5.46e6))+(57.8-(0.00329*v1))))
3.4914235041478e-15,12.0,0,0.0,-1.0,true,5.002220859751105e-12,1.4518231410578473e-15,3.0,(((-4.50701583268629e-13/pow3((v1*v1)))-(-3.49429876684424*v1))/0.04767119736486),-1.0,3.225412007007714e-24,1.1495752076453107e-15,3.225412007007714e-24,37.0,1.100867545270982e-12,(((-4.51e-13/pow3((v1*v1)))-(-3.49*v1))/0.0477)
4.842380080112937e-15,13.0,0,1705.0,-1.0,true,3.410605131648481e-12,1.3795127471913212e-15,3.0,exp(log((v1*((v1/0.0149552535222436)+(73.3000000000001-(66.8661349346338*v1)))))),-1.0,1.1427922907720112e-24,1.1545986646572331e-15,1.1427922907720112e-24,1.7976931348623157e308,7.678598497780816e-13,exp(log((v1*((v1/0.015)+(73.3-(66.9*v1))))))
3.716245177761091e-15,13.0,0,1490.0,-1.0,true,3.637978807091713e-12,1.2315665290359053e-15,4.0,(v1*(((v1-5.78949461183896e-16)/0.0149552535222436)+(73.3000000000001-(66.8661349346338*v1)))),-1.0,1.2694812485214252e-24,1.0615709153333792e-15,1.2694812485214252e-24,17.0,7.924919979510984e-13,(v1*(((v1-5.79e-16)/0.015)+(73.3-(66.9*v1))))
3.577058190796542e-15,13.0,0,1366.0,-1.0,true,3.865352482534945e-12,1.2311853048918486e-15,4.0,(-3.06581619045825e-13+(v1*((v1/0.0149552535222436)+(73.3000000000001-(66.8661349346338*v1))))),-1.0,1.2433087369523645e-24,9.74624035997859e-16,1.2433087369523645e-24,16.0,7.583859466346136e-13,(-3.07e-13+(v1*((v1/0.015)+(73.3-(66.9*v1)))))
3.577058190796542e-15,13.0,0,1715.0,-1.0,true,3.865352482534945e-12,1.2498191267118862e-15,4.0,((v1*((v1/0.0149552535222436)+(73.3000000000001-(66.8661349346338*v1))))-1.44411076508959e-13),-1.0,1.253486935895888e-24,1.0460198956817898e-15,1.253486935895888e-24,16.0,7.792285335502432e-13,((v1*((v1/0.015)+(73.3-(66.9*v1))))-1.44e-13)
4.208303753878285e-15,13.0,0,0.0,-1.0,true,5.4569682106375694e-12,1.960460460205298e-15,3.0,(v1*((v1+(32.4330674673166*v1))+(73.2999999999999-(33.4330674673166*v1)))),-1.0,3.678752488391044e-24,1.4016043842344532e-15,3.678752488391044e-24,19.0,1.1970276621771821e-12,(v1*((v1+(32.4*v1))+(73.3-(33.4*v1))))
3.577058190796542e-15,13.0,0,741.0,-1.0,true,3.865352482534945e-12,1.2350575247223634e-15,4.0,((v1*((v1/0.0149552535222436)+(73.3000000000001-(66.8661349346338*v1))))-2.33159476760379e-13),-1.0,1.2439549718059215e-24,1.0103219658398245e-15,1.2439549718059215e-24,16.0,7.688072400924284e-13,((v1*((v1/0.015)+(73.3-(66.9*v1))))-2.33e-13)
3.520888062916292e-15,13.0,0,1.0,-1.0,true,5.002220859751105e-12,2.0749880565799785e-15,3.0,(v1*(((73.2999999999999+(1.74680050894243*v1))-v1)+(-0.746800508942427*v1))),-1.0,3.2138134377089763e-24,1.3037806260732983e-15,3.2138134377089763e-24,19.0,1.1430264142594146e-12,(v1*(((73.3+(1.75*v1))-v1)+(-0.747*v1)))
4.842380080112937e-15,13.0,0,847.0,-1.0,true,3.410605131648481e-12,1.3795127471913212e-15,3.0,exp(log((v1*((v1/0.0149552535222436)+(73.3000000000001-(66.8661349346338*v1)))))),-1.0,1.1427922907720112e-24,1.1545986646572331e-15,1.1427922907720112e-24,1.7976931348623157e308,7.678598497780816e-13,exp(log((v1*((v1/0.015)+(73.3-(66.9*v1))))))
3.577058190796542e-15,13.0,0,162.0,-1.0,true,3.865352482534945e-12,1.2311853048918486e-15,4.0,(-3.06581619045825e-13+(v1*((v1/0.0149552535222436)+(73.3000000000001-(66.8661349346338*v1))))),-1.0,1.2433087369523645e-24,9.74624035997859e-16,1.2433087369523645e-24,16.0,7.583859466346136e-13,(-3.07e-13+(v1*((v1/0.015)+(73.3-(66.9*v1)))))
4.166699138701829e-15,13.0,0,218.0,-1.0,true,3.637978807091713e-12,1.4109839481040509e-15,4.0,(v1*(((-2.55799288480573e-16+v1)/0.0149552535222436)+(73.3000000000001-(66.8661349346338*v1)))),-1.0,1.28159815202562e-24,1.1255717811438964e-15,1.28159815202562e-24,17.0,8.076502429806472e-13,(v1*(((-2.56e-16+v1)/0.015)+(73.3-(66.9*v1))))
4.954993570348121e-15,13.0,0,0.0,-1.0,true,4.092726157978177e-12,2.0670772401858708e-15,3.0,(v1*(73.3000000000002+(v1*((-4.15092273715998e-14+v1)+(-0.999999999999998*v1))))),-1.0,2.677404851191333e-24,1.3762173169414453e-15,2.677404851191333e-24,29.0,1.1027623258996754e-12,(v1*(73.3+(v1*((-4.15e-14+v1)+(-1.0*v1)))))
5.630674511759229e-15,13.0,0,2.0,-1.0,true,4.320099833421409e-12,2.3660125101838435e-15,4.0,exp(log(((2.30319379327644e-13-(v1*(-32.1014662770354+(-3.553632975621941e-15*v1))))/0.437946333929543))),-1.0,2.953104795590111e-24,1.3798321673384732e-15,2.953104795590111e-24,1.7976931348623157e308,1.1472896706739751e-12,exp(log(((2.3e-13-(v1*(-32.1+(-3.55e-15*v1))))/0.438)))
4.504539609407383e-15,13.0,0,1.0,-1.0,true,4.774847184307873e-12,2.0289884674594515e-15,3.0,(v1*(v1+(73.3000000000001-(v1*(1.00000000000003+(-1.27141195159297e-15*v1)))))),-1.0,3.076643358428434e-24,1.329825053216465e-15,3.076643358428434e-24,25.0,1.1207627418722646e-12,(v1*(v1+(73.3-(v1*(1.0+(-1.27e-15*v1))))))
4.842380080112937e-15,13.0,0,139.0,-1.0,true,3.410605131648481e-12,1.3795127471913212e-15,3.0,exp(log((v1*((v1/0.0149552535222436)+(73.3000000000001-(66.8661349346338*v1)))))),-1.0,1.1427922907720112e-24,1.1545986646572331e-15,1.1427922907720112e-24,1.7976931348623157e308,7.678598497780816e-13,exp(log((v1*((v1/0.015)+(73.3-(66.9*v1))))))
3.828858667996276e-15,13.0,0,100.0,-1.0,true,3.637978807091713e-12,1.2414813973394745e-15,4.0,(-7.620771751968671e-14+(v1*((v1/0.0149552535222436)+(73.3000000000001-(66.8661349346338*v1))))),-1.0,1.2646546819589209e-24,1.0882885663331458e-15,1.2646546819589209e-24,16.0,7.929656931082718e-13,(-7.62e-14+(v1*((v1/0.015)+(73.3-(66.9*v1)))))
3.94147215823146e-15,13.0,0,937.0,-1.0,true,3.637978807091713e-12,1.2315665290359053e-15,4.0,(v1*(((-4.5952615194836e-16+v1)/0.0149552535222436)+(73.3000000000001-(66.8661349346338*v1)))),-1.0,1.2703967478972976e-24,1.0690784813490581e-15,1.2703967478972976e-24,17.0,7.934393882654452e-13,(v1*(((-4.6e-16+v1)/0.015)+(73.3-(66.9*v1))))
3.366643003102628e-15,13.0,0,935.0,-1.0,true,3.637978807091713e-12,1.3239216043597097e-15,4.0,(9.006036006703341e-14+(v1*((63.5440115564532*v1)+(73.2999999999999-(63.5440115564532*v1))))),-1.0,1.3410719533920425e-24,1.0837454430071882e-15,1.3410719533920425e-24,16.0,7.986500349943526e-13,(9.01e-14+(v1*((63.5*v1)+(73.3-(63.5*v1)))))
4.391926119172199e-15,13.0,2,0.0,-1.0,true,5.4569682106375694e-12,1.9589732252069645e-15,3.0,(v1*((exp(log(v1))/0.0149552535222436)+(73.3000000000001-(66.8661349346338*v1)))),-1.0,2.809997433592513e-24,1.4289888843203928e-15,2.809997433592513e-24,43.0,1.1439738045737613e-12,(v1*((exp(log(v1))/0.015)+(73.3-(66.9*v1))))
3.716245177761091e-15,13.0,0,256.0,-1.0,true,3.637978807091713e-12,1.2315665290359053e-15,4.0,(v1*(((-6.26694576304942e-16+v1)/0.0149552535222436)+(73.3000000000001-(66.8661349346338*v1)))),-1.0,1.2694812485214252e-24,1.0615709153333792e-15,1.2694812485214252e-24,17.0,7.924919979510984e-13,(v1*(((-6.27e-16+v1)/0.015)+(73.3-(66.9*v1))))
3.4914235041478e-15,13.0,0,3.0,-1.0,true,5.002220859751105e-12,1.6992889103424258e-15,3.0,(9.23221195162456e-14+(v1*((v1+(73.2999999999999+v1))+(-2.0*v1)))),-1.0,3.0974373111642438e-24,1.2504049534606327e-15,3.0974373111642438e-24,18.0,1.0909199469703405e-12,(9.23e-14+(v1*((v1+(73.3+v1))+(-2.0*v1))))
3.4914235041478e-15,13.0,1,2.0,-1.0,true,5.002220859751105e-12,1.911089257552425e-15,3.0,(v1+(9.58812812519726e-14-(v1*((-72.2999999999999+v1)+(-1.0*v1))))),-1.0,3.196068905688389e-24,1.3019449149423156e-15,3.196068905688389e-24,16.0,1.136394682058987e-12,(v1+(9.59e-14-(v1*((-72.3+v1)+(-1.0*v1)))))
3.577058190796542e-15,13.0,0,170.0,-1.0,true,3.865352482534945e-12,1.2350575247223634e-15,4.0,((v1*((v1/0.0149552535222436)+(73.3000000000001-(66.8661349346338*v1))))-2.39230920026114e-13),-1.0,1.2436520492183167e-24,1.006568182831985e-15,1.2436520492183167e-24,16.0,7.68333544935255e-13,((v1*((v1/0.015)+(73.3-(66.9*v1))))-2.39e-13)
4.842380080112937e-15,13.0,0,729.0,-1.0,true,3.410605131648481e-12,1.3795127471913212e-15,3.0,exp(log((v1*((v1/0.0149552535222436)+(73.3000000000001-(66.8661349346338*v1)))))),-1.0,1.1427922907720112e-24,1.1545986646572331e-15,1.1427922907720112e-24,1.7976931348623157e308,7.678598497780816e-13,exp(log((v1*((v1/0.015)+(73.3-(66.9*v1))))))
3.577058190796542e-15,13.0,0,735.0,-1.0,true,3.865352482534945e-12,1.2311853048918486e-15,4.0,(-3.06581619045825e-13+(v1*((v1/0.0149552535222436)+(73.3000000000001-(66.8661349346338*v1))))),-1.0,1.2433087369523645e-24,9.74624035997859e-16,1.2433087369523645e-24,16.0,7.583859466346136e-13,(-3.07e-13+(v1*((v1/0.015)+(73.3-(66.9*v1)))))
3.1562278154087136e-15,13.0,0,0.0,-1.0,true,4.320099833421409e-12,2.3115535333249395e-15,2.0,exp(log((v1*(73.2999999999999-(v1*(v1*(-8.85770897757881e-18*v1))))))),-1.0,2.997136276601743e-24,1.39615311401299e-15,2.997136276601743e-24,1.7976931348623157e308,1.174290294632859e-12,exp(log((v1*(73.3-(v1*(v1*(-8.86e-18*v1)))))))
4.504539609407383e-15,14.0,0,2.0,-1.0,true,4.547473508864641e-12,1.929346146285119e-15,3.0,(v1*(pow2((v1-1.05399992470586e-14))+(73.3000000000001-(v1*(0.999999999999999*v1))))),-1.0,2.7554915626628103e-24,1.3062202008411175e-15,2.7554915626628103e-24,33.0,1.0800249583553523e-12,(v1*(pow2((v1-1.05e-14))+(73.3-(v1*(1.0*v1)))))
4.279312628937014e-15,14.0,0,887.0,-1.0,true,3.637978807091713e-12,1.4844527413291563e-15,3.0,(pow2(v1)*(((v1/0.0149552535222436)+(73.3000000000001-(66.8661349346338*v1)))/v1)),-1.0,1.2629313890161022e-24,1.1310114890871283e-15,1.2629313890161022e-24,61.0,8.005448156230462e-13,(pow2(v1)*(((v1/0.015)+(73.3-(66.9*v1)))/v1))
4.054085648466645e-15,14.0,0,0.0,-1.0,true,4.547473508864641e-12,2.0658963602097326e-15,4.0,((2.1329756323367*pow2((-1.30746456093226e-14-(v1*(5.8621785270515+(2.1922140928973198e-16*v1))))))/v1),-1.0,3.0183475893471416e-24,1.2820371584281745e-15,3.0183475893471416e-24,2051.0,1.1179205709292244e-12,((2.13*pow2((-1.31e-14-(v1*(5.86+(2.19e-16*v1))))))/v1)
3.918645312853345e-15,14.0,0,0.0,-1.0,true,5.4569682106375694e-12,2.6745552840576594e-15,2.0,(v1*(pow2((v1+v1))+(73.2999999999998-(v1*(4.0*v1))))),-1.0,4.306138825386017e-24,1.8627094492328355e-15,4.306138825386017e-24,49.0,1.4954556111964242e-12,(v1*(pow2((v1+v1))+(73.3-(v1*(4.0*v1)))))
3.94147215823146e-15,15.0,0,111.0,-1.0,true,3.410605131648481e-12,1.3795127471913212e-15,4.0,exp(log((v1*(((v1-4.03867294944611e-16)/0.0149552535222436)+(73.3000000000001-(66.8661349346338*v1)))))),-1.0,1.1305138285544273e-24,1.0723175173270258e-15,1.1305138285544273e-24,1.7976931348623157e308,7.545963853772264e-13,exp(log((v1*(((v1-4.04e-16)/0.015)+(73.3-(66.9*v1))))))
3.1562278154087136e-15,15.0,0,578.0,-1.0,true,3.410605131648481e-12,1.5053036623936503e-15,4.0,exp(log((-1.58746297103842e-13+(v1*((v1/0.0149552535222436)+(73.3000000000001-(66.8661349346338*v1))))))),-1.0,1.1425230262496958e-24,1.0172968547780463e-15,1.1425230262496958e-24,1.7976931348623157e308,7.545963853772264e-13,exp(log((-1.59e-13+(v1*((v1/0.015)+(73.3-(66.9*v1)))))))
3.94147215823146e-15,15.0,0,1605.0,-1.0,true,3.410605131648481e-12,1.3341654211741833e-15,4.0,exp(log((v1*(((-4.5952615194836e-16+v1)/0.0149552535222436)+(73.3000000000001-(66.8661349346338*v1)))))),-1.0,1.1278211833312728e-24,1.021889413207743e-15,1.1278211833312728e-24,1.7976931348623157e308,7.413329209763712e-13,exp(log((v1*(((-4.6e-16+v1)/0.015)+(73.3-(66.9*v1))))))
3.94147215823146e-15,15.0,0,448.0,-1.0,true,3.410605131648481e-12,1.3795127471913212e-15,4.0,exp(log(((v1*((v1/0.0149552535222436)+(73.3000000000001-(66.8661349346338*v1))))-2.02338496517707e-14))),-1.0,1.1338796350833702e-24,1.0973453271439482e-15,1.1338796350833702e-24,1.7976931348623157e308,7.593333369489604e-13,exp(log(((v1*((v1/0.015)+(73.3-(66.9*v1))))-2.02e-14)))
3.05944424851433e-15,15.0,0,1689.0,-1.0,true,3.183231456205249e-12,1.4902749050618338e-15,4.0,(51.3390223421485*(v1*(((1.4277638462122+(1.74680050894327*v1))-v1)+(-0.746800508943269*v1)))),-1.0,1.045937842095148e-24,9.787577084830366e-16,1.045937842095148e-24,20.0,6.844895021155631e-13,(51.3*(v1*(((1.43+(1.75*v1))-v1)+(-0.747*v1))))
5.067607060583306e-15,15.0,1,0.0,-1.0,true,5.002220859751105e-12,2.0670772401858708e-15,3.0,(v1*((73.3000000000002+v1)+(v1*((-1.00000000000004+v1)+(-0.999999999999998*v1))))),-1.0,2.9677595172171285e-24,1.3672542191298607e-15,2.9677595172171285e-24,33.0,1.102288630742502e-12,(v1*((73.3+v1)+(v1*((-1.0+v1)+(-1.0*v1)))))
3.577058190796542e-15,15.0,0,0.0,-1.0,true,5.002220859751105e-12,1.784605599876646e-15,4.0,(0.299258112721088*(v1*(244.939057235573+(v1*((-0.999999999999998*v1)+(-5.32993824730816e-14+v1)))))),-1.0,3.280375627625353e-24,1.2880092683637101e-15,3.280375627625353e-24,30.0,1.1411316336307209e-12,(0.299*(v1*(245.0+(v1*((-1.0*v1)+(-5.33e-14+v1))))))
3.360847696420097e-15,15.0,0,0.0,-1.0,true,4.774847184307873e-12,1.9911806915620038e-15,4.0,(0.905223485536328*((v1*((54.3005989408807+v1)+(-0.999999999999998*v1)))-(-26.6738799267009*v1))),-1.0,3.220868168193641e-24,1.263788771227162e-15,3.220868168193641e-24,17.0,1.1326051208015997e-12,(0.905*((v1*((54.3+v1)+(-1.0*v1)))-(-26.7*v1)))
3.577058190796542e-15,15.0,0,36.0,-1.0,true,3.865352482534945e-12,1.1408124358698705e-15,5.0,((v1*(((-2.55799288480573e-16+v1)/0.0149552535222436)+(73.3000000000001-(66.8661349346338*v1))))-2.33159476760379e-13),-1.0,1.2434702956657538e-24,9.928286235686125e-16,1.2434702956657538e-24,18.0,7.65965069149388e-13,((v1*(((-2.56e-16+v1)/0.015)+(73.3-(66.9*v1))))-2.33e-13)
3.577058190796542e-15,15.0,0,1831.0,-1.0,true,3.865352482534945e-12,1.2711721650565427e-15,5.0,(-3.06581619045825e-13+(v1*(((2.23576154597825e-16+v1)/0.0149552535222436)+(73.3000000000001-(66.8661349346338*v1))))),-1.0,1.241686418205414e-24,9.698164608162518e-16,1.241686418205414e-24,18.0,7.560174708487466e-13,(-3.07e-13+(v1*(((2.24e-16+v1)/0.015)+(73.3-(66.9*v1)))))
4.842380080112937e-15,15.0,0,170.0,-1.0,true,3.410605131648481e-12,1.3795127471913212e-15,4.0,exp(log((v1*(((2.23576154597825e-16+v1)/0.0149552535222436)+(73.3000000000001-(66.8661349346338*v1)))))),-1.0,1.1465350676321959e-24,1.1776290047864058e-15,1.1465350676321959e-24,1.7976931348623157e308,7.763863626072028e-13,exp(log((v1*(((2.24e-16+v1)/0.015)+(73.3-(66.9*v1))))))
3.577058190796542e-15,15.0,0,366.0,-1.0,true,3.865352482534945e-12,1.1408124358698705e-15,5.0,(-2.6301104900325e-13+(v1*(((-2.3842878869947e-16+v1)/0.0149552535222436)+(73.3000000000001-(66.8661349346338*v1))))),-1.0,1.243759755027243e-24,9.814742035250778e-16,1.243759755027243e-24,18.0,7.645439836778678e-13,(-2.63e-13+(v1*(((-2.38e-16+v1)/0.015)+(73.3-(66.9*v1)))))
4.166699138701829e-15,15.0,0,178.0,-1.0,true,3.637978807091713e-12,1.4109839481040509e-15,5.0,((v1*(((-2.57239965886576e-16+v1)/0.0149552535222436)+(73.3000000000001-(66.8661349346338*v1))))--2.34547248057342e-15),-1.0,1.28159815202562e-24,1.1255717811438964e-15,1.28159815202562e-24,18.0,8.076502429806472e-13,((v1*(((-2.57e-16+v1)/0.015)+(73.3-(66.9*v1))))--2.35e-15)
3.94147215823146e-15,15.0,0,140.0,-1.0,true,3.410605131648481e-12,1.3341654211741833e-15,4.0,exp(log((v1*(((-4.5952615194836e-16+v1)/0.0149552535222436)+(73.3000000000001-(66.8661349346338*v1)))))),-1.0,1.1278211833312728e-24,1.021889413207743e-15,1.1278211833312728e-24,1.7976931348623157e308,7.413329209763712e-13,exp(log((v1*(((-4.6e-16+v1)/0.015)+(73.3-(66.9*v1))))))
4.809246520320015e-15,15.0,0,0.0,-1.0,true,4.547473508864641e-12,1.6631556408668873e-15,4.0,(-1.98010286970873e-12+(v1*(73.3000000000009+(v1*((-1.02716071213537e-13+v1)+(-0.999999999999997*v1)))))),-1.0,2.6633829011917565e-24,1.2528057932403153e-15,2.6633829011917565e-24,30.0,1.0283921862234516e-12,(-1.98e-12+(v1*(73.3+(v1*((-1.03e-13+v1)+(-1.0*v1))))))
3.94147215823146e-15,15.0,0,2.0,-1.0,true,3.410605131648481e-12,1.3795127471913212e-15,4.0,exp(log((v1*(((v1-1.63486009851206e-16)/0.0149552535222436)+(73.3000000000001-(66.8661349346338*v1)))))),-1.0,1.1385917642238905e-24,1.1245684005945175e-15,1.1385917642238905e-24,1.7976931348623157e308,7.640702885206944e-13,exp(log((v1*(((v1-1.63e-16)/0.015)+(73.3-(66.9*v1))))))
3.366643003102628e-15,15.0,0,450.0,-1.0,true,3.637978807091713e-12,1.2359125365438104e-15,5.0,((v1*(((-6.26694576304942e-16+v1)/0.0149552535222436)+(73.3000000000001-(66.8661349346338*v1))))-6.322545094808011e-14),-1.0,1.2568258159725995e-24,1.0421043049567352e-15,1.2568258159725995e-24,18.0,7.868076560650176e-13,((v1*(((-6.27e-16+v1)/0.015)+(73.3-(66.9*v1))))-6.32e-14)
3.94147215823146e-15,15.0,0,506.0,-1.0,true,3.410605131648481e-12,1.3341654211741833e-15,4.0,exp(log((v1*(((-4.5952615194836e-16+v1)/0.0149552535222436)+(73.3000000000001-(66.8661349346338*v1)))))),-1.0,1.1278211833312728e-24,1.021889413207743e-15,1.1278211833312728e-24,1.7976931348623157e308,7.413329209763712e-13,exp(log((v1*(((-4.6e-16+v1)/0.015)+(73.3-(66.9*v1))))))
3.577058190796542e-15,15.0,0,1831.0,-1.0,true,3.865352482534945e-12,1.2711721650565427e-15,5.0,(-3.06581619045825e-13+(v1*(((2.23576154597825e-16+v1)/0.0149552535222436)+(73.3000000000001-(66.8661349346338*v1))))),-1.0,1.241686418205414e-24,9.698164608162518e-16,1.241686418205414e-24,18.0,7.560174708487466e-13,(-3.07e-13+(v1*(((2.24e-16+v1)/0.015)+(73.3-(66.9*v1)))))
3.680928429412487e-15,15.0,0,0.0,-1.0,true,5.229594535194337e-12,1.777495158911793e-15,3.0,(v1*((v1+(v1+(73.2999999999999+(1.99999999999979*v1))))+(-3.99999999999978*v1))),-1.0,3.3073828592135914e-24,1.307641896274446e-15,3.3073828592135914e-24,23.0,1.136394682058987e-12,(v1*((v1+(v1+(73.3+(2.0*v1))))+(-4.0*v1)))
6.8817357593363886e-15,15.0,0,0.0,-1.0,true,9.777068044058979e-12,1.9203897949813155e-15,5.0,((v1*((v1/0.0142725261853814)+(73.6027068866765-((0.00432039196658571+v1)/0.0142725261853814))))-6.96716019580502e-14),-1.0,7.306499544642487e-24,1.6757463294045328e-15,7.306499544642487e-24,18.0,1.5598781525720066e-12,((v1*((v1/0.0143)+(73.6-((0.00432+v1)/0.0143))))-6.97e-14)
6.869422904346259e-15,16.0,0,286.0,-1.0,true,2.0463630789890885e-12,1.698964966984856e-15,3.0,(v1*(pow2((v1+v1))+(73.3000000000004-(v1*(7.15914341571363e-14+(4.0*v1)))))),-1.0,9.518029650936707e-25,1.486197045567103e-15,9.518029650936707e-25,53.0,8.360719524110513e-13,(v1*(pow2((v1+v1))+(73.3-(v1*(7.16e-14+(4.0*v1))))))
8.220784787168475e-15,16.0,0,611.0,-1.0,true,2.0463630789890885e-12,2.5751572955221572e-15,3.0,(v1*(pow2((v1+v1))+(73.3000000000005-(v1*(7.81236731523343e-14+(4.0*v1)))))),-1.0,1.0028824449769094e-24,1.8304037865839235e-15,1.0028824449769094e-24,53.0,8.919679809575124e-13,(v1*(pow2((v1+v1))+(73.3-(v1*(7.81e-14+(4.0*v1))))))
4.346703402966387e-15,16.0,0,5.0,-1.0,true,6.366462912410498e-12,1.9255897679525855e-15,3.0,(v1*(pow2((v1+(-6.9515466571101506e-15+v1)))+(73.3000000000001-(v1*(4.0*v1))))),-1.0,3.0288017844260384e-24,1.2523991538157604e-15,3.0288017844260384e-24,81.0,1.051129553767775e-12,(v1*(pow2((v1+(-6.95e-15+v1)))+(73.3-(v1*(4.0*v1)))))
4.631126278826681e-15,16.0,0,0.0,-1.0,true,5.4569682106375694e-12,2.738121776996114e-15,2.0,(v1*(pow2((v1+v1))+(73.2999999999998-(v1*(v1+(3.0*v1)))))),-1.0,3.976444612649936e-24,1.916918002557175e-15,3.976444612649936e-24,57.0,1.4267698134062813e-12,(v1*(pow2((v1+v1))+(73.3-(v1*(v1+(3.0*v1))))))
4.809246520320015e-15,16.0,0,1.0,-1.0,true,5.4569682106375694e-12,2.785180260211668e-15,3.0,(v1*(36.6500000000028+(pow2((v1+v1))+(36.649999999997-(v1*(4.0*v1)))))),-1.0,4.081296217639567e-24,2.0210318835960245e-15,4.081296217639567e-24,51.0,1.4836132322670893e-12,(v1*(36.7+(pow2((v1+v1))+(36.6-(v1*(4.0*v1))))))
6.306355453170336e-15,16.0,0,3151.0,-1.0,true,2.9558577807620168e-12,1.3706469048579554e-15,3.0,(v1*(pow2((v1+v1))+(73.3000000000003-(v1*(6.745853447450261e-14+(4.0*v1)))))),-1.0,1.1573527698162186e-24,1.3958121716427745e-15,1.1573527698162186e-24,53.0,8.431773797686523e-13,(v1*(pow2((v1+v1))+(73.3-(v1*(6.75e-14+(4.0*v1))))))
6.869422904346259e-15,16.0,0,286.0,-1.0,true,2.0463630789890885e-12,1.698964966984856e-15,3.0,(v1*(pow2((v1+v1))+(73.3000000000004-(v1*(7.15914341571363e-14+(4.0*v1)))))),-1.0,9.518029650936707e-25,1.486197045567103e-15,9.518029650936707e-25,53.0,8.360719524110513e-13,(v1*(pow2((v1+v1))+(73.3-(v1*(7.16e-14+(4.0*v1))))))
6.418968943405521e-15,16.0,0,401.0,-1.0,true,2.9558577807620168e-12,1.537553809862965e-15,3.0,(v1*(pow2((v1+v1))+(73.3000000000003-(v1*((1.6731176386407802e-14+v1)/0.25))))),-1.0,1.1365722803065247e-24,1.3909924462997285e-15,1.1365722803065247e-24,53.0,8.22808488010196e-13,(v1*(pow2((v1+v1))+(73.3-(v1*((1.67e-14+v1)/0.25)))))
4.631126278826681e-15,16.0,0,0.0,-1.0,true,5.4569682106375694e-12,2.738121776996114e-15,2.0,(v1*(pow2((v1+v1))+(73.2999999999998-(v1*(v1+(3.0*v1)))))),-1.0,3.976444612649936e-24,1.916918002557175e-15,3.976444612649936e-24,57.0,1.4267698134062813e-12,(v1*(pow2((v1+v1))+(73.3-(v1*(v1+(3.0*v1))))))
3.716245177761091e-15,17.0,1,4257.0,-1.0,true,3.183231456205249e-12,1.3874073891276428e-15,4.0,(64.5109384091439*(v1+(v1*(((0.136241415914829+(1.74680050894327*v1))-v1)+(-0.746800508943269*v1))))),-1.0,1.0876469166018094e-24,1.065958463347294e-15,1.0876469166018094e-24,22.0,7.536489950628796e-13,(64.5*(v1+(v1*(((0.136+(1.75*v1))-v1)+(-0.747*v1)))))
3.028044105386676e-15,17.0,0,2093.0,-1.0,true,2.7284841053187847e-12,1.793657283451213e-15,4.0,(2.87013817977417*(v1*(25.5388400867053+(v1*((-2.24680050894327*v1)+(v1+(1.24680050894327*v1))))))),-1.0,1.101487113048823e-24,1.118134955977162e-15,1.101487113048823e-24,38.0,7.669124594637348e-13,(2.87*(v1*(25.5+(v1*((-2.25*v1)+(v1+(1.25*v1)))))))
3.94147215823146e-15,17.0,0,742.0,-1.0,true,3.410605131648481e-12,1.3104284120876535e-15,5.0,exp(log(((v1*(((-4.9312630279040895e-16+v1)/0.0149552535222436)+(73.3000000000001-(66.8661349346338*v1))))-3.51185252654437e-14))),-1.0,1.1200663650885883e-24,9.9278885502521e-16,1.1200663650885883e-24,1.7976931348623157e308,7.299642372042096e-13,exp(log(((v1*(((-4.93e-16+v1)/0.015)+(73.3-(66.9*v1))))-3.51e-14)))
4.842380080112937e-15,17.0,0,7.0,-1.0,true,3.410605131648481e-12,1.3341654211741833e-15,5.0,exp(log((8.572546287436611e-14+(v1*(((-4.9312630279040895e-16+v1)/0.0149552535222436)+(73.3000000000001-(66.8661349346338*v1))))))),-1.0,1.1286828298026822e-24,1.0517794479753658e-15,1.1286828298026822e-24,1.7976931348623157e308,7.413329209763712e-13,exp(log((8.57e-14+(v1*(((-4.93e-16+v1)/0.015)+(73.3-(66.9*v1)))))))
4.189221836748866e-14,17.0,1,0.0,-1.0,true,5.286437954055145e-12,4.3415490697066075e-15,4.0,(0.22043753397642*(3.49154938293151e-11-(v1*((-332.520504461091+v1)+(v1*(v1-(1.00000000000035+v1))))))),-1.0,7.10454442129285e-24,6.185143330320217e-15,7.10454442129285e-24,31.0,2.1998403099132703e-12,(0.22*(3.49e-11-(v1*((-333.0+v1)+(v1*(v1-(1.0+v1)))))))
2.735397440020885e-15,17.0,0,3395.0,-1.0,true,2.9558577807620168e-12,1.4994526712369892e-15,3.0,(v1*(73.2999999999999+(v1*((v1+(1.66728885884546*v1))-(v1+(1.66728885884546*v1)))))),-1.0,1.2018150740635555e-24,1.0843509455728933e-15,1.2018150740635555e-24,45.0,7.896498270080581e-13,(v1*(73.3+(v1*((v1+(1.67*v1))-(v1+(1.67*v1))))))
3.716245177761091e-15,17.0,1,4257.0,-1.0,true,3.183231456205249e-12,1.3874073891276428e-15,4.0,(64.5109384091439*(v1+(v1*(((0.136241415914829+(1.74680050894327*v1))-v1)+(-0.746800508943269*v1))))),-1.0,1.0876469166018094e-24,1.065958463347294e-15,1.0876469166018094e-24,22.0,7.536489950628796e-13,(64.5*(v1+(v1*(((0.136+(1.75*v1))-v1)+(-0.747*v1)))))
3.028044105386676e-15,17.0,0,1343.0,-1.0,true,2.7284841053187847e-12,1.793657283451213e-15,4.0,(2.87013817977417*(v1*(25.5388400867053+(v1*((-2.24680050894327*v1)+(v1+(1.24680050894327*v1))))))),-1.0,1.101487113048823e-24,1.118134955977162e-15,1.101487113048823e-24,38.0,7.669124594637348e-13,(2.87*(v1*(25.5+(v1*((-2.25*v1)+(v1+(1.25*v1)))))))
3.028044105386676e-15,17.0,0,2126.0,-1.0,true,2.5011104298755527e-12,1.6669769347184491e-15,4.0,((v1*(34.6133891611771+(v1*((-2.24680050894327*v1)+(v1+(1.24680050894327*v1))))))/0.472215404654532),-1.0,1.0857014804280803e-24,1.1293115888850852e-15,1.0857014804280803e-24,38.0,7.910709124795782e-13,((v1*(34.6+(v1*((-2.25*v1)+(v1+(1.25*v1))))))/0.472)
3.716245177761091e-15,17.0,1,4257.0,-1.0,true,3.183231456205249e-12,1.3874073891276428e-15,4.0,(64.5109384091439*(v1+(v1*(((0.136241415914829+(1.74680050894327*v1))-v1)+(-0.746800508943269*v1))))),-1.0,1.0876469166018094e-24,1.065958463347294e-15,1.0876469166018094e-24,22.0,7.536489950628796e-13,(64.5*(v1+(v1*(((0.136+(1.75*v1))-v1)+(-0.747*v1)))))
2.735397440020885e-15,17.0,0,3395.0,-1.0,true,2.9558577807620168e-12,1.4994526712369892e-15,3.0,(v1*(73.2999999999999+(v1*((v1+(1.66728885884546*v1))-(v1+(1.66728885884546*v1)))))),-1.0,1.2018150740635555e-24,1.0843509455728933e-15,1.2018150740635555e-24,45.0,7.896498270080581e-13,(v1*(73.3+(v1*((v1+(1.67*v1))-(v1+(1.67*v1))))))
1.3172188674739427e-14,17.0,2,1.0,-1.0,true,1.887201506178826e-11,5.389474974245015e-15,3.0,(v1*((v1*(35.9136836029405+v1))+(v1+(73.3000000000002+(v1*(-36.9136836029405-v1)))))),-1.0,4.509337950828751e-23,4.134683814469622e-15,4.509337950828751e-23,35.0,4.440418403343452e-12,(v1*((v1*(35.9+v1))+(v1+(73.3+(v1*(-36.9-v1))))))
2.6223807844408543e-15,17.0,0,660.0,-1.0,true,2.7284841053187847e-12,1.456355857565318e-15,4.0,(2.0421612073355*(v1*(35.8933465863048+(v1*((-2.24680050894327*v1)+(v1+(1.24680050894327*v1))))))),-1.0,1.0051644618035326e-24,9.955295776342264e-16,1.0051644618035326e-24,38.0,7.105427357601002e-13,(2.04*(v1*(35.9+(v1*((-2.25*v1)+(v1+(1.25*v1)))))))
6.64419592387589e-15,17.0,0,0.0,-1.0,true,8.412825991399586e-12,2.3971313132072502e-15,5.0,(1.20204305103568*((v1/0.0163989502187678)+(6.30309089167238e-13-(v1*((-54.89243190563*v1)+(54.89243190563*v1)))))),-1.0,4.950488827286862e-24,1.5731595903303286e-15,4.950488827286862e-24,18.0,1.3523996737300574e-12,(1.2*((v1/0.0164)+(6.3e-13-(v1*((-54.9*v1)+(54.9*v1))))))
2.840912516477592e-15,17.0,0,1614.0,-1.0,true,2.9558577807620168e-12,1.6837562559749984e-15,4.0,(2.66148713614031*(v1*(27.5409935312705+(v1*((-2.24680050894327*v1)+(v1+(1.24680050894327*v1))))))),-1.0,1.0042287675884865e-24,1.0525850807297438e-15,1.0042287675884865e-24,38.0,7.223851146894352e-13,(2.66*(v1*(27.5+(v1*((-2.25*v1)+(v1+(1.25*v1)))))))
3.028044105386676e-15,17.0,0,2126.0,-1.0,true,2.5011104298755527e-12,1.6669769347184491e-15,4.0,((v1*(34.6133891611771+(v1*((-2.24680050894327*v1)+(v1+(1.24680050894327*v1))))))/0.472215404654532),-1.0,1.0857014804280803e-24,1.1293115888850852e-15,1.0857014804280803e-24,38.0,7.910709124795782e-13,((v1*(34.6+(v1*((-2.25*v1)+(v1+(1.25*v1))))))/0.472)
2.5901102754092454e-15,17.0,0,1011.0,-1.0,true,2.7284841053187847e-12,1.5814307134015142e-15,3.0,(v1*(73.2999999999999+(v1*((v1+(1.66728885884546*v1))-(v1+(1.66728885884546*v1)))))),-1.0,1.2215252370970455e-24,1.0395545747528703e-15,1.2215252370970455e-24,45.0,7.640702885206944e-13,(v1*(73.3+(v1*((v1+(1.67*v1))-(v1+(1.67*v1))))))
7.995557806698105e-15,18.0,0,484.0,-1.0,true,2.0463630789890885e-12,2.1642325289714007e-15,3.0,(v1*(pow2((v1+v1))+(73.3000000000005-(v1*((9.05367067142398e-14+v1)+(3.0*v1)))))),-1.0,9.48006335329023e-25,1.6805071704510648e-15,9.48006335329023e-25,61.0,8.455458555545192e-13,(v1*(pow2((v1+v1))+(73.3-(v1*((9.05e-14+v1)+(3.0*v1))))))
7.770330826227735e-15,18.0,0,1.0,-1.0,true,2.0463630789890885e-12,2.4059051890025577e-15,4.0,((v1*(pow2((v1+v1))+(73.3000000000005-(v1*(7.81236731523343e-14+(4.0*v1))))))-5.53067106615424e-14),-1.0,9.715939074838554e-25,1.741210106437891e-15,9.715939074838554e-25,54.0,8.711253940418828e-13,((v1*(pow2((v1+v1))+(73.3-(v1*(7.81e-14+(4.0*v1))))))-5.53e-14)
7.995557806698105e-15,18.0,0,1315.0,-1.0,true,2.0463630789890885e-12,2.1642325289714007e-15,3.0,(v1*(pow2((v1+v1))+(73.3000000000005-(v1*((9.05367067142398e-14+v1)+(3.0*v1)))))),-1.0,9.48006335329023e-25,1.6805071704510648e-15,9.48006335329023e-25,61.0,8.455458555545192e-13,(v1*(pow2((v1+v1))+(73.3-(v1*((9.05e-14+v1)+(3.0*v1))))))
8.220784787168475e-15,18.0,0,38.0,-1.0,true,2.0463630789890885e-12,2.5751572955221572e-15,4.0,(v1*(pow2((v1+(-5.79021476728001e-16+v1)))+(73.3000000000005-(v1*(7.81236731523343e-14+(4.0*v1)))))),-1.0,9.977933455051475e-25,1.8183874119510514e-15,9.977933455051475e-25,85.0,8.891258100144721e-13,(v1*(pow2((v1+(-5.79e-16+v1)))+(73.3-(v1*(7.81e-14+(4.0*v1))))))
4.453006037333347e-15,18.0,0,0.0,-1.0,true,5.4569682106375694e-12,2.7203862339788538e-15,3.0,(v1*(36.6500000000028+(pow2((v1+v1))+(36.649999999997-(v1*(v1+(3.0*v1))))))),-1.0,3.957111419947687e-24,1.8894034903023243e-15,3.957111419947687e-24,59.0,1.4172959102628132e-12,(v1*(36.7+(pow2((v1+v1))+(36.6-(v1*(v1+(3.0*v1)))))))
7.207263375051814e-15,18.0,0,1843.0,-1.0,true,3.410605131648481e-12,2.186478395942805e-15,4.0,(v1*(36.6500000000006+(pow2((v1+v1))+(36.6499999999998-(v1*(6.745853447450261e-14+(4.0*v1))))))),-1.0,1.142920191420111e-24,1.4867570822140652e-15,1.142920191420111e-24,55.0,7.522279095913593e-13,(v1*(36.7+(pow2((v1+v1))+(36.6-(v1*(6.75e-14+(4.0*v1)))))))
7.995557806698105e-15,18.0,0,2986.0,-1.0,true,2.0463630789890885e-12,2.1642325289714007e-15,3.0,(v1*(pow2((v1+v1))+(73.3000000000005-(v1*((9.03134568859481e-14+v1)+(3.0*v1)))))),-1.0,9.48006335329023e-25,1.6805071704510648e-15,9.48006335329023e-25,61.0,8.455458555545192e-13,(v1*(pow2((v1+v1))+(73.3-(v1*((9.03e-14+v1)+(3.0*v1))))))
7.88294431646292e-15,18.0,0,519.0,-1.0,true,2.0463630789890885e-12,2.010194593032874e-15,3.0,(v1*(pow2((v1+v1))+(73.3000000000005-(v1*((9.4645557961273e-14+v1)+(3.0*v1)))))),-1.0,9.315475414024918e-25,1.634324480455823e-15,9.315475414024918e-25,61.0,8.318086959964906e-13,(v1*(pow2((v1+v1))+(73.3-(v1*((9.46e-14+v1)+(3.0*v1))))))
6.418968943405521e-15,18.0,0,309.0,-1.0,true,2.9558577807620168e-12,1.4182481506100347e-15,4.0,(v1*(pow2((v1+(-4.50420215862432e-16+v1)))+(73.3000000000003-(v1*((1.6731176386407802e-14+v1)/0.25))))),-1.0,1.133475738299897e-24,1.3789760716668565e-15,1.133475738299897e-24,85.0,8.199663170671557e-13,(v1*(pow2((v1+(-4.5e-16+v1)))+(73.3-(v1*((1.67e-14+v1)/0.25)))))
6.64419592387589e-15,18.0,0,3.0,-1.0,true,2.0463630789890885e-12,1.590193275688381e-15,4.0,(v1*(pow2((v1+(-7.16265546710047e-16+v1)))+(73.3000000000004-(v1*(7.15914341571363e-14+(4.0*v1)))))),-1.0,9.464176746473618e-25,1.460735763535441e-15,9.464176746473618e-25,85.0,8.313350008393172e-13,(v1*(pow2((v1+(-7.16e-16+v1)))+(73.3-(v1*(7.16e-14+(4.0*v1))))))
6.869422904346259e-15,18.0,1,2837.0,-1.0,true,2.0463630789890885e-12,1.698964966984856e-15,3.0,(v1+(v1*(pow2((v1+v1))+(72.3000000000004-(v1*(7.044600473864021e-14+(4.0*v1))))))),-1.0,8.970076348024788e-25,1.4723694117671804e-15,8.970076348024788e-25,55.0,8.199663170671557e-13,(v1+(v1*(pow2((v1+v1))+(72.3-(v1*(7.04e-14+(4.0*v1)))))))
3.662970972276595e-15,18.0,0,0.0,-1.0,true,4.320099833421409e-12,2.01002851095768e-15,3.0,(v1*(36.6500000000066+(pow2((v1+v1))+(36.6499999999932-(v1*(v1+(3.0*v1))))))),-1.0,2.69741120519937e-24,1.5603093332097843e-15,2.69741120519937e-24,59.0,1.2211861151930256e-12,(v1*(36.7+(pow2((v1+v1))+(36.6-(v1*(v1+(3.0*v1)))))))
4.631126278826681e-15,18.0,0,0.0,-1.0,true,5.4569682106375694e-12,2.738121776996114e-15,2.0,(v1*(pow2((v1+v1))+(73.2999999999998-(v1*((v1+v1)+(2.0*v1)))))),-1.0,4.20359616367524e-24,2.0040837758762787e-15,4.20359616367524e-24,65.0,1.5120349416974933e-12,(v1*(pow2((v1+v1))+(73.3-(v1*((v1+v1)+(2.0*v1))))))
5.518061021524044e-15,19.0,0,2379.0,-1.0,true,3.637978807091713e-12,1.2413809117680216e-15,4.0,(v1*(73.3000000000002+(v1*(((1.0*v1)+(-0.867384746586319+v1))-(v1+(-0.867384746586271+v1)))))),-1.0,1.1099420190495278e-24,1.1600614766474182e-15,1.1099420190495278e-24,49.0,7.23332505003782e-13,(v1*(73.3+(v1*(((1.0*v1)+(-0.867+v1))-(v1+(-0.867+v1))))))
2.6718036224000086e-15,19.0,2,2973.0,-1.0,true,2.5011104298755527e-12,1.6297163078922621e-15,3.0,exp(log((v1*(73.2999999999999+(v1*((v1+(1.66728885884546*v1))-(v1+(1.66728885884546*v1)))))))),-1.0,1.0592933624019937e-24,1.0604119113690691e-15,1.0592933624019937e-24,1.7976931348623157e308,7.441750919194116e-13,exp(log((v1*(73.3+(v1*((v1+(1.67*v1))-(v1+(1.67*v1))))))))
5.067607060583306e-15,19.0,1,1969.0,-1.0,true,2.9558577807620168e-12,1.262968443943335e-15,4.0,(v1*((v1*(35.9136836029405+(1.0*v1)))+(v1+(73.3000000000002+(v1*(-36.9136836029405-v1)))))),-1.0,1.0813730532318597e-24,1.1374271359625605e-15,1.0813730532318597e-24,39.0,7.678598497780816e-13,(v1*((v1*(35.9+(1.0*v1)))+(v1+(73.3+(v1*(-36.9-v1))))))
2.6718036224000086e-15,19.0,2,2973.0,-1.0,true,2.5011104298755527e-12,1.6297163078922621e-15,3.0,exp(log((v1*(73.2999999999999+(v1*((v1+(1.66728885884546*v1))-(v1+(1.66728885884546*v1)))))))),-1.0,1.0592933624019937e-24,1.0604119113690691e-15,1.0592933624019937e-24,1.7976931348623157e308,7.441750919194116e-13,exp(log((v1*(73.3+(v1*((v1+(1.67*v1))-(v1+(1.67*v1))))))))
3.491018197290722e-15,19.0,2,1572.0,-1.0,true,2.7284841053187847e-12,1.2605339135539315e-15,4.0,((v1+(v1+(v1*(((-0.431965882019975+(1.74680050894327*v1))-v1)+(-0.746800508943269*v1)))))/0.021392007066576),-1.0,1.102725729851474e-24,9.800435306762112e-16,1.102725729851474e-24,24.0,7.18595553432048e-13,((v1+(v1+(v1*(((-0.432+(1.75*v1))-v1)+(-0.747*v1)))))/0.0214)
4.504539609407383e-15,19.0,0,2127.0,-1.0,true,2.7284841053187847e-12,1.3043705357700302e-15,5.0,(((v1*(34.6133891611771+(v1*((-2.24680050894327*v1)+(v1+(1.24680050894327*v1))))))--1.51418560569021e-13)/0.472215404654532),-1.0,9.591471549398241e-25,9.710625521996518e-16,9.591471549398241e-25,39.0,6.868579779014302e-13,(((v1*(34.6+(v1*((-2.25*v1)+(v1+(1.25*v1))))))--1.51e-13)/0.472)
7.88294431646292e-15,20.0,0,966.0,-1.0,true,2.0463630789890885e-12,2.1642325289714007e-15,4.0,(v1*(pow2((v1+(-7.55004256015269e-16+v1)))+(73.3000000000005-(v1*((9.05367067142398e-14+v1)+(3.0*v1)))))),-1.0,9.42748945530814e-25,1.654908580880884e-15,9.42748945530814e-25,93.0,8.412825991399587e-13,(v1*(pow2((v1+(-7.55e-16+v1)))+(73.3-(v1*((9.05e-14+v1)+(3.0*v1))))))
7.995557806698105e-15,20.0,0,1035.0,-1.0,true,2.0463630789890885e-12,2.0460201889158953e-15,3.0,(v1*(pow2((v1+v1))+(73.3000000000005-(v1*((v1+(9.10873066787667e-14+v1))+(2.0*v1)))))),-1.0,9.316350523722443e-25,1.6411964818950314e-15,9.316350523722443e-25,69.0,8.22808488010196e-13,(v1*(pow2((v1+v1))+(73.3-(v1*((v1+(9.11e-14+v1))+(2.0*v1))))))
7.657717335992552e-15,20.0,0,427.0,-1.0,true,2.0463630789890885e-12,3.1254090128035835e-15,3.0,(v1*(pow2((v1+v1))+(73.3000000000003-(v1*(v1+(v1*((-2.07141536784821e-16*v1)--3.0))))))),-1.0,9.723949694377438e-25,1.8956971354518108e-15,9.723949694377438e-25,81.0,8.706516988847094e-13,(v1*(pow2((v1+v1))+(73.3-(v1*(v1+(v1*((-2.07e-16*v1)--3.0)))))))
7.094649884816628e-15,20.0,0,60.0,-1.0,true,2.0463630789890885e-12,1.893151877155942e-15,4.0,((v1*(pow2((v1+v1))+(73.3000000000005-(v1*((9.05367067142398e-14+v1)+(3.0*v1))))))-1.11324551472591e-13),-1.0,9.285115839133851e-25,1.5315406024078306e-15,9.285115839133851e-25,62.0,8.265980492675832e-13,((v1*(pow2((v1+v1))+(73.3-(v1*((9.05e-14+v1)+(3.0*v1))))))-1.11e-13)
7.657717335992552e-15,20.0,0,550.0,-1.0,true,2.0463630789890885e-12,2.010194593032874e-15,4.0,(-4.9599944660993604e-14+(v1*(pow2((v1+v1))+(73.3000000000005-(v1*((9.05367067142398e-14+v1)+(3.0*v1))))))),-1.0,9.229041502361661e-25,1.5950672733128723e-15,9.229041502361661e-25,62.0,8.251769637960631e-13,(-4.96e-14+(v1*(pow2((v1+v1))+(73.3-(v1*((9.05e-14+v1)+(3.0*v1)))))))
7.88294431646292e-15,20.0,0,966.0,-1.0,true,2.0463630789890885e-12,2.1642325289714007e-15,4.0,(v1*(pow2((v1+(-7.55004256015269e-16+v1)))+(73.3000000000005-(v1*((9.05367067142398e-14+v1)+(3.0*v1)))))),-1.0,9.42748945530814e-25,1.654908580880884e-15,9.42748945530814e-25,93.0,8.412825991399587e-13,(v1*(pow2((v1+(-7.55e-16+v1)))+(73.3-(v1*((9.05e-14+v1)+(3.0*v1))))))
7.995557806698105e-15,20.0,0,1702.0,-1.0,true,2.0463630789890885e-12,2.0460201889158953e-15,3.0,(v1*(pow2((v1+v1))+(73.3000000000005-(v1*((v1+(9.12788386808144e-14+v1))+(2.0*v1)))))),-1.0,9.301271710472777e-25,1.6293217991288091e-15,9.301271710472777e-25,69.0,8.209137073815024e-13,(v1*(pow2((v1+v1))+(73.3-(v1*((v1+(9.13e-14+v1))+(2.0*v1))))))
7.545103845757367e-15,20.0,0,964.0,-1.0,true,2.0463630789890885e-12,2.010194593032874e-15,4.0,((v1*(pow2((v1+v1))+(73.3000000000005-(v1*((9.05367067142398e-14+v1)+(3.0*v1))))))-5.53067106615424e-14),-1.0,9.219953824733515e-25,1.5913134903050326e-15,9.219953824733515e-25,62.0,8.247032686388896e-13,((v1*(pow2((v1+v1))+(73.3-(v1*((9.05e-14+v1)+(3.0*v1))))))-5.53e-14)
3.8126428474601385e-12,20.0,0,0.0,-1.0,true,4.256889951648191e-9,1.3200836579528045e-12,4.0,(v1*(pow2((v1+(v1+(46.9310233929638*v1))))+(73.3000000001384-(v1*(2.5552198553542898e-11+(2394.24505028277*v1)))))),-1.0,2.1538525952133506e-18,1.115090115106483e-12,2.1538525952133506e-18,277.0,9.931246343815777e-10,(v1*(pow2((v1+(v1+(46.9*v1))))+(73.3-(v1*(2.56e-11+(2390.0*v1))))))
7.545103845757367e-15,20.0,0,206.0,-1.0,true,2.0463630789890885e-12,2.010194593032874e-15,4.0,(-4.97608682079833e-14+(v1*(pow2((v1+v1))+(73.3000000000005-(v1*((9.058105427905161e-14+v1)+(3.0*v1))))))),-1.0,9.219953824733515e-25,1.5913134903050326e-15,9.219953824733515e-25,62.0,8.247032686388896e-13,(-4.98e-14+(v1*(pow2((v1+v1))+(73.3-(v1*((9.06e-14+v1)+(3.0*v1)))))))
3.384284588373344e-15,20.0,0,773.0,-1.0,true,2.9558577807620168e-12,1.359236062672463e-15,5.0,(-1.05128709970712e-12+(v1*(36.6500000000032+(pow2((v1+v1))+(36.6499999999973-(v1*(6.76765350856328e-14+(4.0*v1)))))))),-1.0,8.979433290175249e-25,8.650078608799092e-16,8.979433290175249e-25,56.0,6.536993168992922e-13,(-1.05e-12+(v1*(36.7+(pow2((v1+v1))+(36.6-(v1*(6.77e-14+(4.0*v1))))))))
7.995557806698105e-15,20.0,0,1702.0,-1.0,true,2.0463630789890885e-12,2.0460201889158953e-15,3.0,(v1*(pow2((v1+v1))+(73.3000000000005-(v1*((v1+(9.12788386808144e-14+v1))+(2.0*v1)))))),-1.0,9.301271710472777e-25,1.6293217991288091e-15,9.301271710472777e-25,69.0,8.209137073815024e-13,(v1*(pow2((v1+v1))+(73.3-(v1*((v1+(9.13e-14+v1))+(2.0*v1))))))
8.446011767638843e-15,20.0,0,716.0,-1.0,true,2.2737367544323206e-12,2.591620944594249e-15,4.0,(v1*(36.650000000007+(pow2((v1+v1))+(36.6499999999936-(v1*((9.058105427905161e-14+v1)+(3.0*v1))))))),-1.0,9.03550762694744e-25,1.7719496736891208e-15,9.03550762694744e-25,63.0,8.029132914089132e-13,(v1*(36.7+(pow2((v1+v1))+(36.6-(v1*((9.06e-14+v1)+(3.0*v1)))))))
7.995557806698105e-15,20.0,0,4263.0,-1.0,true,2.0463630789890885e-12,2.1642325289714007e-15,3.0,(v1*(pow2((v1+v1))+(73.3000000000005-(v1*((v1+(9.08229316210112e-14+v1))+(2.0*v1)))))),-1.0,9.394975764238551e-25,1.6645017526624628e-15,9.394975764238551e-25,69.0,8.322823911536641e-13,(v1*(pow2((v1+v1))+(73.3-(v1*((v1+(9.08e-14+v1))+(2.0*v1))))))
6.869422904346259e-15,20.0,1,147.0,-1.0,true,2.0463630789890885e-12,1.590193275688381e-15,4.0,(v1+(v1*(pow2((v1+(-7.16265546710047e-16+v1)))+(72.3000000000004-(v1*(7.04212097172034e-14+(4.0*v1))))))),-1.0,8.932379314900627e-25,1.4544156957511972e-15,8.932379314900627e-25,87.0,8.161767558097684e-13,(v1+(v1*(pow2((v1+(-7.16e-16+v1)))+(72.3-(v1*(7.04e-14+(4.0*v1)))))))
7.207263375051814e-15,20.0,0,1931.0,-1.0,true,2.9558577807620168e-12,2.1037766736915253e-15,4.0,(v1*(36.6500000000042+(pow2((v1+v1))+(36.6499999999961-(v1*((6.46864405173681e-14+v1)+(3.0*v1))))))),-1.0,9.248159283446057e-25,1.4443584832850585e-15,9.248159283446057e-25,63.0,6.897001488444706e-13,(v1*(36.7+(pow2((v1+v1))+(36.6-(v1*((6.47e-14+v1)+(3.0*v1)))))))
7.545103845757367e-15,20.0,0,2906.0,-1.0,true,2.0463630789890885e-12,2.010194593032874e-15,4.0,((v1*(pow2((v1+v1))+(73.3000000000005-(v1*((9.03134568859481e-14+v1)+(3.0*v1))))))-5.52649428746485e-14),-1.0,9.219953824733515e-25,1.5913134903050326e-15,9.219953824733515e-25,62.0,8.247032686388896e-13,((v1*(pow2((v1+v1))+(73.3-(v1*((9.03e-14+v1)+(3.0*v1))))))-5.53e-14)
3.562404829866678e-15,21.0,1,151.0,-1.0,true,2.0463630789890885e-12,1.1961194540534362e-15,4.0,(v1*(pow2((v1+(v1+(-4.60236054257189e-13/exp(v1)))))+(73.3000000000005-(v1*(7.81236731523343e-14+(4.0*v1)))))),-1.0,8.060164210990342e-25,9.873332253037982e-16,8.060164210990342e-25,1045.0,7.200166389035682e-13,(v1*(pow2((v1+(v1+(-4.6e-13/exp(v1)))))+(73.3-(v1*(7.81e-14+(4.0*v1))))))
7.995557806698105e-15,21.0,0,1114.0,-1.0,true,2.0463630789890885e-12,2.2366530824829586e-15,3.0,(pow2(v1)*((pow2((v1+v1))+(73.3000000000005-(v1*((9.05367067142398e-14+v1)+(3.0*v1)))))/v1)),-1.0,9.167447242882005e-25,1.6669314747652934e-15,9.167447242882005e-25,245.0,8.313350008393172e-13,(pow2(v1)*((pow2((v1+v1))+(73.3-(v1*((9.05e-14+v1)+(3.0*v1)))))/v1))
3.20616434688001e-15,21.0,0,251.0,-1.0,true,2.0463630789890885e-12,1.2011312389523184e-15,4.0,(v1*(pow2((v1+(v1+(-5.31369298412072e-13/pow3(v1)))))+(73.3000000000005-(v1*(7.65241063187248e-14+(4.0*v1)))))),-1.0,7.981875551127128e-25,9.917600022013946e-16,7.981875551127128e-25,1045.0,7.100690406029268e-13,(v1*(pow2((v1+(v1+(-5.31e-13/pow3(v1)))))+(73.3-(v1*(7.65e-14+(4.0*v1))))))
7.995557806698105e-15,21.0,0,1198.0,-1.0,true,2.0463630789890885e-12,2.2366530824829586e-15,3.0,(pow2(v1)*((pow2((v1+v1))+(73.3000000000005-(v1*((9.058105427905161e-14+v1)+(3.0*v1)))))/v1)),-1.0,9.167447242882005e-25,1.6669314747652934e-15,9.167447242882005e-25,245.0,8.313350008393172e-13,(pow2(v1)*((pow2((v1+v1))+(73.3-(v1*((9.06e-14+v1)+(3.0*v1)))))/v1))
6.531582433640706e-15,21.0,0,3.0,-1.0,true,3.183231456205249e-12,1.6020141091902927e-15,6.0,((2.5107198044654197e-12+((v1*(22.5619901157009+(v1*((-2.24680050894327*v1)+(v1+(1.24680050894327*v1))))))/0.0834851211568769))/3.68692538208413),-1.0,1.3573086040876634e-24,1.1769929255712502e-15,1.3573086040876634e-24,40.0,7.958078640513122e-13,((2.51e-12+((v1*(22.6+(v1*((-2.25*v1)+(v1+(1.25*v1))))))/0.0835))/3.69)
2.840912516477592e-15,21.0,0,2695.0,-1.0,true,2.9558577807620168e-12,1.4280494277433578e-15,5.0,(((v1*(35.1197718283784+(v1*((-2.24680050894327*v1)+(v1+(1.24680050894327*v1))))))-(1.01570927235547*v1))/0.46526688343824),-1.0,9.381175957469884e-25,9.692497337714347e-16,9.381175957469884e-25,41.0,6.707523425575346e-13,(((v1*(35.1+(v1*((-2.25*v1)+(v1+(1.25*v1))))))-(1.02*v1))/0.465)
6.756809414111075e-15,22.0,0,461.0,-1.0,true,2.0463630789890885e-12,2.5004782063641443e-15,4.0,(-1.12741372447614e-13+(v1*(pow2((v1+v1))+(73.3000000000003-(v1*(v1+(v1*((-2.07141536784821e-16*v1)--3.0)))))))),-1.0,9.00662900692911e-25,1.712684512244126e-15,9.00662900692911e-25,82.0,8.289665250534503e-13,(-1.13e-13+(v1*(pow2((v1+v1))+(73.3-(v1*(v1+(v1*((-2.07e-16*v1)--3.0))))))))
6.869422904346259e-15,22.0,0,1.0,-1.0,true,2.0463630789890885e-12,1.698964966984856e-15,5.0,(v1*(pow2((v1+(v1+(1.77252986830298e-16/(2.12679210938223-v1)))))+(73.3000000000004-(v1*(7.08940829538518e-14+(4.0*v1)))))),-1.0,9.495142166539893e-25,1.4688777481107668e-15,9.495142166539893e-25,533.0,8.332297814680108e-13,(v1*(pow2((v1+(v1+(1.77e-16/(2.13-v1)))))+(73.3-(v1*(7.09e-14+(4.0*v1))))))
3.028044105386676e-15,22.0,0,16.0,-1.0,true,2.0463630789890885e-12,8.738493824792113e-16,5.0,(-1.03712672445041e-12+(v1*(36.6500000000032+(pow2((v1+v1))+(36.6499999999973-(v1*((6.41485345537741e-14+v1)+(3.0*v1)))))))),-1.0,5.671855214182979e-25,6.953060624518602e-16,5.671855214182979e-25,64.0,5.073275133327116e-13,(-1.04e-12+(v1*(36.7+(pow2((v1+v1))+(36.6-(v1*((6.41e-14+v1)+(3.0*v1))))))))
1.9593226564266727e-15,22.0,0,233.0,-1.0,true,2.2737367544323206e-12,1.1922315716687329e-15,5.0,((v1*(36.6500000000032+(pow2((v1+v1))+(36.6499999999973-(v1*((6.47468288153137e-14+v1)+(3.0*v1)))))))-8.61114487898354e-13),-1.0,6.110756385557145e-25,7.694111238267432e-16,6.110756385557145e-25,64.0,5.243805389909539e-13,((v1*(36.7+(pow2((v1+v1))+(36.6-(v1*((6.47e-14+v1)+(3.0*v1)))))))-8.61e-13)
7.094649884816628e-15,22.0,0,246.0,-1.0,true,2.0463630789890885e-12,1.7652724606523266e-15,4.0,((v1*(pow2((v1+v1))+(73.3000000000005-(v1*((v1+(9.10873066787667e-14+v1))+(2.0*v1))))))-1.11324551472591e-13),-1.0,9.086937150709688e-25,1.492229913851797e-15,9.086937150709688e-25,70.0,8.038606817232601e-13,((v1*(pow2((v1+v1))+(73.3-(v1*((v1+(9.11e-14+v1))+(2.0*v1))))))-1.11e-13)
4.166699138701829e-15,22.0,0,0.0,-1.0,true,4.092726157978177e-12,1.5391582065200581e-15,6.0,(-3.44978339904382e-13+(v1*(36.613953414932+(pow2((-0.268501713560431+v1))+(36.6139534148834-(v1*((-0.537003427120801+v1)+(-2.42533460637042e-15*v1)))))))),-1.0,2.3445467803180457e-24,1.2616143787243007e-15,2.3445467803180457e-24,48.0,1.0141813315082496e-12,(-3.45e-13+(v1*(36.6+(pow2((-0.269+v1))+(36.6-(v1*((-0.537+v1)+(-2.43e-15*v1))))))))
5.630674511759229e-15,22.0,0,91.0,-1.0,true,2.0463630789890885e-12,1.776940067576313e-15,4.0,((v1*(pow2((v1+v1))+(73.3000000000005-(v1*((9.022372301439121e-14+v1)+(3.0*v1))))))-(5.08566547005613e-13/v1)),-1.0,8.74032639435914e-25,1.387730570278266e-15,8.74032639435914e-25,64.0,7.901235221652314e-13,((v1*(pow2((v1+v1))+(73.3-(v1*((9.02e-14+v1)+(3.0*v1))))))-(5.09e-13/v1))
3.028044105386676e-15,22.0,0,298.0,-1.0,true,2.0463630789890885e-12,8.738493824792113e-16,5.0,(-1.03552858199099e-12+(v1*(36.6500000000032+(pow2((v1+v1))+(36.6499999999973-(v1*((6.3344003341951e-14+v1)+(3.0*v1)))))))),-1.0,5.680471678897074e-25,7.071172987888765e-16,5.680471678897074e-25,64.0,5.111170745900988e-13,(-1.04e-12+(v1*(36.7+(pow2((v1+v1))+(36.6-(v1*((6.33e-14+v1)+(3.0*v1))))))))
3.265791216820353e-15,22.0,0,341.0,-1.0,true,2.9558577807620168e-12,1.1446857081613907e-15,5.0,((v1*(36.6500000000038+(pow2((v1+v1))+(36.6499999999966-(v1*((7.15164216332186e-14+v1)+(3.0*v1)))))))-5.93461173486356e-13),-1.0,7.797698617863368e-25,9.021560709437752e-16,7.797698617863368e-25,64.0,5.925926416239236e-13,((v1*(36.7+(pow2((v1+v1))+(36.6-(v1*((7.15e-14+v1)+(3.0*v1)))))))-5.93e-13)
7.545103845757367e-15,22.0,0,652.0,-1.0,true,2.0463630789890885e-12,1.8931865874000834e-15,4.0,((v1*(pow2((v1+v1))+(73.3000000000005-(v1*((v1+(9.10649996065969e-14+v1))+(2.0*v1))))))-5.53067106615424e-14),-1.0,9.060549227522775e-25,1.5520028017489988e-15,9.060549227522775e-25,70.0,8.019659010945664e-13,((v1*(pow2((v1+v1))+(73.3-(v1*((v1+(9.11e-14+v1))+(2.0*v1))))))-5.53e-14)
8.446011767638843e-15,22.0,0,625.0,-1.0,true,2.2737367544323206e-12,2.591620944594249e-15,5.0,(v1*(36.650000000007+(pow2((v1+(v1-2.88519196896273e-16)))+(36.6499999999936-(v1*((9.058105427905161e-14+v1)+(3.0*v1))))))),-1.0,8.98407810318519e-25,1.7599332990562494e-15,8.98407810318519e-25,95.0,8.000711204658728e-13,(v1*(36.7+(pow2((v1+(v1-2.89e-16)))+(36.6-(v1*((9.06e-14+v1)+(3.0*v1)))))))
3.028044105386676e-15,22.0,0,340.0,-1.0,true,2.0463630789890885e-12,8.738493824792113e-16,5.0,(-1.03360479384173e-12+(v1*(36.6500000000032+(pow2((v1+v1))+(36.6499999999973-(v1*((6.40297346537228e-14+v1)+(3.0*v1)))))))),-1.0,5.671855214182979e-25,6.953060624518602e-16,5.671855214182979e-25,64.0,5.073275133327116e-13,(-1.03e-12+(v1*(36.7+(pow2((v1+v1))+(36.6-(v1*((6.4e-14+v1)+(3.0*v1))))))))
1.9593226564266727e-15,22.0,0,46.0,-1.0,true,2.2737367544323206e-12,1.1922315716687329e-15,5.0,((v1*(36.6500000000032+(pow2((v1+v1))+(36.6499999999973-(v1*((6.4564593610513e-14+v1)+(3.0*v1)))))))-8.55331824093467e-13),-1.0,6.120382592229921e-25,7.797366667773406e-16,6.120382592229921e-25,64.0,5.26749014776821e-13,((v1*(36.7+(pow2((v1+v1))+(36.6-(v1*((6.46e-14+v1)+(3.0*v1)))))))-8.55e-13)
8.446011767638843e-15,22.0,0,1981.0,-1.0,true,2.2737367544323206e-12,2.442280886730724e-15,4.0,(v1*(36.650000000007+(pow2((v1+v1))+(36.6499999999936-(v1*((v1+(9.11355863393384e-14+v1))+(2.0*v1))))))),-1.0,8.929148140632841e-25,1.7490635849405347e-15,8.929148140632841e-25,71.0,7.94386778579792e-13,(v1*(36.7+(pow2((v1+v1))+(36.6-(v1*((v1+(9.11e-14+v1))+(2.0*v1)))))))
3.028044105386676e-15,22.0,0,1421.0,-1.0,true,2.0463630789890885e-12,8.738493824792113e-16,5.0,(-1.03360479384173e-12+(v1*(36.6500000000032+(pow2((v1+v1))+(36.6499999999973-(v1*((6.38568053269465e-14+v1)+(3.0*v1)))))))),-1.0,5.671855214182979e-25,6.953060624518602e-16,5.671855214182979e-25,64.0,5.073275133327116e-13,(-1.03e-12+(v1*(36.7+(pow2((v1+v1))+(36.6-(v1*((6.39e-14+v1)+(3.0*v1))))))))
7.432490355522182e-15,22.0,2,2072.0,-1.0,true,2.5011104298755527e-12,2.1297883934743376e-15,4.0,exp(log((v1*(36.6500000000042+(pow2((v1+v1))+(36.6499999999961-(v1*((6.42969947135032e-14+v1)+(3.0*v1))))))))),-1.0,8.166254432782624e-25,1.4965598353001147e-15,8.166254432782624e-25,1.7976931348623157e308,7.294905420470362e-13,exp(log((v1*(36.7+(pow2((v1+v1))+(36.6-(v1*((6.43e-14+v1)+(3.0*v1)))))))))
3.491018197290722e-15,22.0,0,913.0,-1.0,true,2.0463630789890885e-12,1.4140244322309663e-15,4.0,((v1*(pow2((v1+v1))+(73.3000000000005-(v1*((9.4645557961273e-14+v1)+(3.0*v1))))))-(9.62832368715664e-13/v1)),-1.0,8.509634014865387e-25,1.1727125245878642e-15,8.509634014865387e-25,64.0,7.621755078920008e-13,((v1*(pow2((v1+v1))+(73.3-(v1*((9.46e-14+v1)+(3.0*v1))))))-(9.63e-13/v1))
2.1374428979200067e-15,22.0,0,1195.0,-1.0,true,2.0463630789890885e-12,1.271036226045818e-15,5.0,((v1*(36.6500000000031+(pow2((v1+v1))+(36.6499999999973-(v1*((6.38568053269465e-14+v1)+(3.0*v1)))))))-8.23415583094058e-13),-1.0,6.051248926125433e-25,7.799919028398527e-16,6.051248926125433e-25,64.0,5.499600774783176e-13,((v1*(36.7+(pow2((v1+v1))+(36.6-(v1*((6.39e-14+v1)+(3.0*v1)))))))-8.23e-13)
8.446011767638843e-15,22.0,0,1981.0,-1.0,true,2.2737367544323206e-12,2.442280886730724e-15,4.0,(v1*(36.650000000007+(pow2((v1+v1))+(36.6499999999936-(v1*((v1+(9.11355863393384e-14+v1))+(2.0*v1))))))),-1.0,8.929148140632841e-25,1.7490635849405347e-15,8.929148140632841e-25,71.0,7.94386778579792e-13,(v1*(36.7+(pow2((v1+v1))+(36.6-(v1*((v1+(9.11e-14+v1))+(2.0*v1)))))))
6.8817357593363886e-15,22.0,1,0.0,-1.0,true,9.777068044058979e-12,2.1921859435704686e-15,4.0,(v1*(pow2((v1*(v1+(1.70355508496659-v1))))+(73.2999999999997-(v1*((-3.33406529141559e-14+v1)+(1.90209992751553*v1)))))),-1.0,7.350867606307013e-24,1.9162594570222443e-15,7.350867606307013e-24,4125.0,1.7394086171407253e-12,(v1*(pow2((v1*(v1+(1.7-v1))))+(73.3-(v1*((-3.33e-14+v1)+(1.9*v1))))))
2.4936833809066746e-15,23.0,0,246.0,-1.0,true,2.0463630789890885e-12,1.2582143516262537e-15,4.0,(v1*(pow2((v1+(v1+(-4.4655796164797297e-13/pow3(v1)))))+(73.3000000000005-(v1*((8.62253733439412e-14+v1)+(3.0*v1)))))),-1.0,7.82650992175112e-25,9.231076110140181e-16,7.82650992175112e-25,1053.0,6.863842827442567e-13,(v1*(pow2((v1+(v1+(-4.47e-13/pow3(v1)))))+(73.3-(v1*((8.62e-14+v1)+(3.0*v1))))))
3.562404829866678e-15,23.0,1,1334.0,-1.0,true,2.0463630789890885e-12,1.1895721754932658e-15,4.0,(v1*(pow2((v1+(v1+(-4.60236054257189e-13/exp(v1)))))+(73.3000000000005-(v1*((8.71839681185672e-14+v1)+(3.0*v1)))))),-1.0,7.803824385746045e-25,8.943822086162154e-16,7.803824385746045e-25,1053.0,6.802262457010026e-13,(v1*(pow2((v1+(v1+(-4.6e-13/exp(v1)))))+(73.3-(v1*((8.72e-14+v1)+(3.0*v1))))))
3.153177726585168e-15,23.0,1,123.0,-1.0,true,2.0463630789890885e-12,1.1913958384546546e-15,4.0,(v1*(pow2((v1+(v1+(v1*(-1.76686925635321e-13/exp(v1))))))+(73.3000000000005-(v1*(7.81236731523343e-14+(4.0*v1)))))),-1.0,7.827250399187488e-25,9.295770582518933e-16,7.827250399187488e-25,65557.0,6.83068416644043e-13,(v1*(pow2((v1+(v1+(v1*(-1.77e-13/exp(v1))))))+(73.3-(v1*(7.81e-14+(4.0*v1))))))
3.562404829866678e-15,23.0,0,735.0,-1.0,true,2.0463630789890885e-12,1.1982639665933945e-15,4.0,(v1*(pow2((v1+(v1+(-5.32875060444334e-13/pow3(v1)))))+(73.3000000000005-(v1*((8.667835833774591e-14+v1)+(3.0*v1)))))),-1.0,7.791774798372429e-25,9.377180229649368e-16,7.791774798372429e-25,1053.0,6.825947214868696e-13,(v1*(pow2((v1+(v1+(-5.33e-13/pow3(v1)))))+(73.3-(v1*((8.67e-14+v1)+(3.0*v1))))))
3.562404829866678e-15,23.0,1,1334.0,-1.0,true,2.0463630789890885e-12,1.1895721754932658e-15,4.0,(v1*(pow2((v1+(v1+(-4.60236054257189e-13/exp(v1)))))+(73.3000000000005-(v1*((8.71839681185672e-14+v1)+(3.0*v1)))))),-1.0,7.803824385746045e-25,8.943822086162154e-16,7.803824385746045e-25,1053.0,6.802262457010026e-13,(v1*(pow2((v1+(v1+(-4.6e-13/exp(v1)))))+(73.3-(v1*((8.72e-14+v1)+(3.0*v1))))))
2.3155631394133406e-15,23.0,0,39.0,-1.0,true,2.0463630789890885e-12,1.2414813973394745e-15,4.0,(v1*(pow2((v1+(v1+(-4.1919725317307997e-13/pow3(v1)))))+(73.3000000000005-(v1*((9.05276524531418e-14+v1)+(3.0*v1)))))),-1.0,7.909106813971381e-25,9.504158004724967e-16,7.909106813971381e-25,1053.0,7.077005648170597e-13,(v1*(pow2((v1+(v1+(-4.19e-13/pow3(v1)))))+(73.3-(v1*((9.05e-14+v1)+(3.0*v1))))))
3.384284588373344e-15,23.0,1,263.0,-1.0,true,2.0463630789890885e-12,1.1141005512442033e-15,4.0,(v1+(v1*(pow2((v1+(v1+(-4.25722767072054e-13/pow3(v1)))))+(72.3000000000004-(v1*(7.00430954783744e-14+(4.0*v1))))))),-1.0,8.113209321886483e-25,9.74488544151953e-16,8.113209321886483e-25,1047.0,7.285431517326894e-13,(v1+(v1*(pow2((v1+(v1+(-4.26e-13/pow3(v1)))))+(72.3-(v1*(7.0e-14+(4.0*v1)))))))
2.4936833809066746e-15,23.0,0,323.0,-1.0,true,2.0463630789890885e-12,1.2582143516262537e-15,4.0,(v1*(pow2((v1+(v1+(-4.32139541115615e-13/pow3(v1)))))+(73.3000000000005-(v1*((8.34634744996874e-14+v1)+(3.0*v1)))))),-1.0,7.842867741481783e-25,9.238262638635945e-16,7.842867741481783e-25,1053.0,6.849631972727366e-13,(v1*(pow2((v1+(v1+(-4.32e-13/pow3(v1)))))+(73.3-(v1*((8.35e-14+v1)+(3.0*v1))))))
3.028044105386676e-15,24.0,0,22.0,-1.0,true,2.0463630789890885e-12,8.738493824792113e-16,6.0,(-1.02567341299544e-12+(v1*(36.6500000000032+(pow2((v1+(v1-4.03734512864608e-16)))+(36.6499999999973-(v1*((6.29600876499456e-14+v1)+(3.0*v1)))))))),-1.0,5.681212156333441e-25,7.118068878696368e-16,5.681212156333441e-25,96.0,5.106433794329253e-13,(-1.03e-12+(v1*(36.7+(pow2((v1+(v1-4.04e-16)))+(36.6-(v1*((6.3e-14+v1)+(3.0*v1))))))))
3.028044105386676e-15,24.0,0,209.0,-1.0,true,2.0463630789890885e-12,8.738493824792113e-16,6.0,(-1.0255689122319899e-12+(v1*(36.6500000000032+(pow2((v1+(-3.24322164517659e-16+v1)))+(36.6499999999973-(v1*((6.384162097700231e-14+v1)+(3.0*v1)))))))),-1.0,5.67124936900777e-25,6.924880855169416e-16,5.67124936900777e-25,96.0,5.059064278611914e-13,(-1.03e-12+(v1*(36.7+(pow2((v1+(-3.24e-16+v1)))+(36.6-(v1*((6.38e-14+v1)+(3.0*v1))))))))
4.842380080112937e-15,24.0,2,83.0,-1.0,true,2.5011104298755527e-12,1.698964966984856e-15,5.0,exp(log(((v1*(36.6500000000031+(pow2((v1+v1))+(36.6499999999973-(v1*((6.44841582957898e-14+v1)+(3.0*v1)))))))-4.28892707441677e-13))),-1.0,8.056461823808505e-25,1.1145395921273567e-15,8.056461823808505e-25,1.7976931348623157e308,6.626995248855868e-13,exp(log(((v1*(36.7+(pow2((v1+v1))+(36.6-(v1*((6.45e-14+v1)+(3.0*v1)))))))-4.29e-13)))
3.0405642363499835e-15,24.0,0,387.0,-1.0,true,2.7284841053187847e-12,1.423773594740051e-15,6.0,(-6.76209894924868e-13+(v1*(36.6500000000038+(pow2((v1+(v1-2.88519196896273e-16)))+(36.6499999999966-(v1*((6.31529531038138e-14+v1)+(3.0*v1)))))))),-1.0,7.648526072500615e-25,8.901042343002745e-16,7.648526072500615e-25,96.0,5.726974450226407e-13,(-6.76e-13+(v1*(36.7+(pow2((v1+(v1-2.89e-16)))+(36.6-(v1*((6.32e-14+v1)+(3.0*v1))))))))
3.028044105386676e-15,24.0,0,110.0,-1.0,true,2.0463630789890885e-12,8.738493824792113e-16,6.0,(-1.02659036742214e-12+(v1*(36.6500000000032+(pow2((v1+(-3.67927145882082e-16+v1)))+(36.6499999999973-(v1*((6.31320095215874e-14+v1)+(3.0*v1)))))))),-1.0,5.681212156333441e-25,7.118068878696368e-16,5.681212156333441e-25,96.0,5.106433794329253e-13,(-1.03e-12+(v1*(36.7+(pow2((v1+(-3.68e-16+v1)))+(36.6-(v1*((6.31e-14+v1)+(3.0*v1))))))))
3.20616434688001e-15,24.0,0,92.0,-1.0,true,2.0463630789890885e-12,1.2011312389523184e-15,4.0,(pow2(v1)*((pow2((v1+(v1+(-5.31369298412072e-13/pow3(v1)))))+(73.3000000000005-(v1*(7.65241063187248e-14+(4.0*v1)))))/v1)),-1.0,7.678885647391681e-25,9.982217055064197e-16,7.678885647391681e-25,4181.0,7.010688326166322e-13,(pow2(v1)*((pow2((v1+(v1+(-5.31e-13/pow3(v1)))))+(73.3-(v1*(7.65e-14+(4.0*v1)))))/v1))
3.028044105386676e-15,24.0,0,15.0,-1.0,true,2.0463630789890885e-12,8.735952292624359e-16,6.0,(-1.03370790454211e-12+(v1*(36.6500000000032+(pow2((v1+(-4.71164846885237e-16+v1)))+(36.6499999999973-(v1*((6.4564593610513e-14+v1)+(3.0*v1)))))))),-1.0,5.6783175627185505e-25,6.911798872669365e-16,5.6783175627185505e-25,96.0,5.073275133327116e-13,(-1.03e-12+(v1*(36.7+(pow2((v1+(-4.71e-16+v1)))+(36.6-(v1*((6.46e-14+v1)+(3.0*v1))))))))
3.028044105386676e-15,24.0,0,306.0,-1.0,true,2.0463630789890885e-12,8.738493824792113e-16,6.0,(-1.03360479384173e-12+(v1*(36.6500000000032+(pow2((v1+(v1-2.88519196896273e-16)))+(36.6499999999973-(v1*((6.40297346537228e-14+v1)+(3.0*v1)))))))),-1.0,5.670778156093718e-25,6.887343025091021e-16,5.670778156093718e-25,96.0,5.05432732704018e-13,(-1.03e-12+(v1*(36.7+(pow2((v1+(v1-2.89e-16)))+(36.6-(v1*((6.4e-14+v1)+(3.0*v1))))))))
6.193741962935152e-15,24.0,0,22.0,-1.0,true,2.0463630789890885e-12,1.5990272514037874e-15,5.0,(-2.83723503744822e-13+(v1*(36.650000000007+(pow2((v1+v1))+(36.6499999999936-(v1*((v1+(9.14728074912817e-14+v1))+(2.0*v1)))))))),-1.0,7.75569335238216e-25,1.314126210236458e-15,7.75569335238216e-25,72.0,7.053320890311928e-13,(-2.84e-13+(v1*(36.7+(pow2((v1+v1))+(36.6-(v1*((v1+(9.15e-14+v1))+(2.0*v1))))))))
1.9593226564266727e-15,24.0,0,80.0,-1.0,true,2.2737367544323206e-12,1.1922315716687329e-15,6.0,((v1*(36.6500000000032+(pow2((v1+(-4.71164846885237e-16+v1)))+(36.6499999999973-(v1*((6.4564593610513e-14+v1)+(3.0*v1)))))))-8.55331824093467e-13),-1.0,6.112843185605089e-25,7.731649068345826e-16,6.112843185605089e-25,96.0,5.248542341481273e-13,((v1*(36.7+(pow2((v1+(-4.71e-16+v1)))+(36.6-(v1*((6.46e-14+v1)+(3.0*v1)))))))-8.55e-13)
5.743288001994414e-15,24.0,0,924.0,-1.0,true,2.0463630789890885e-12,1.4963891366049355e-15,5.0,(-3.35457686907191e-13+(v1*(36.650000000007+(pow2((v1+v1))+(36.6499999999936-(v1*((v1+(9.11244059299959e-14+v1))+(2.0*v1)))))))),-1.0,7.788543624104643e-25,1.262450502885042e-15,7.788543624104643e-25,72.0,7.110164309172736e-13,(-3.35e-13+(v1*(36.7+(pow2((v1+v1))+(36.6-(v1*((v1+(9.11e-14+v1))+(2.0*v1))))))))
3.028044105386676e-15,24.0,0,427.0,-1.0,true,2.0463630789890885e-12,8.738493824792113e-16,6.0,(-1.03360479384173e-12+(v1*(36.6500000000032+(pow2((v1+(v1-2.45872409760456e-16)))+(36.6499999999973-(v1*((6.40297346537228e-14+v1)+(3.0*v1)))))))),-1.0,5.670778156093718e-25,6.887343025091021e-16,5.670778156093718e-25,96.0,5.05432732704018e-13,(-1.03e-12+(v1*(36.7+(pow2((v1+(v1-2.46e-16)))+(36.6-(v1*((6.4e-14+v1)+(3.0*v1))))))))
3.028044105386676e-15,24.0,0,589.0,-1.0,true,2.0463630789890885e-12,8.738493824792113e-16,6.0,(-1.03360479384173e-12+(v1*(36.6500000000032+(pow2((v1+(-5.79021476728001e-16+v1)))+(36.6499999999973-(v1*((6.38568053269465e-14+v1)+(3.0*v1)))))))),-1.0,5.670441575440824e-25,6.849805195012627e-16,5.670441575440824e-25,96.0,5.049590375468445e-13,(-1.03e-12+(v1*(36.7+(pow2((v1+(-5.79e-16+v1)))+(36.6-(v1*((6.39e-14+v1)+(3.0*v1))))))))
2.1374428979200067e-15,24.0,0,55.0,-1.0,true,2.0463630789890885e-12,1.271036226045818e-15,6.0,((v1*(36.6500000000031+(pow2((v1+(-4.25792359087155e-16+v1)))+(36.6499999999973-(v1*((6.36571207456813e-14+v1)+(3.0*v1)))))))-8.15081804126308e-13),-1.0,6.047950435727069e-25,7.771739259049342e-16,6.047950435727069e-25,96.0,5.485389920067974e-13,((v1*(36.7+(pow2((v1+(-4.26e-16+v1)))+(36.6-(v1*((6.37e-14+v1)+(3.0*v1)))))))-8.15e-13)
2.4936833809066746e-15,25.0,0,512.0,-1.0,true,2.0463630789890885e-12,1.1895721754932658e-15,4.0,(v1*(pow2((v1+(v1+(-4.4655796164797297e-13/pow3(v1)))))+(73.3000000000005-(v1*((v1+(9.10873066787667e-14+v1))+(2.0*v1)))))),-1.0,7.740076010087864e-25,8.973476285546198e-16,7.740076010087864e-25,1061.0,6.80699940858176e-13,(v1*(pow2((v1+(v1+(-4.47e-13/pow3(v1)))))+(73.3-(v1*((v1+(9.11e-14+v1))+(2.0*v1))))))
2.12339972914439e-15,25.0,0,524.0,-1.0,true,2.0463630789890885e-12,1.2561775349416403e-15,5.0,((v1*(pow2((v1+(v1+(-3.61339920366332e-13/pow3(v1)))))+(73.3000000000005-(v1*((8.62108107161584e-14+v1)+(3.0*v1))))))-3.01068522877463e-14),-1.0,7.841050205956153e-25,9.59613796813528e-16,7.841050205956153e-25,1054.0,6.930160149446844e-13,((v1*(pow2((v1+(v1+(-3.61e-13/pow3(v1)))))+(73.3-(v1*((8.62e-14+v1)+(3.0*v1))))))-3.01e-14)
2.927950746114799e-15,25.0,1,971.0,-1.0,true,2.0463630789890885e-12,1.1895721754932658e-15,4.0,(v1*(pow2((v1+(v1+(v1*(-1.76686925635321e-13/exp(v1))))))+(73.3000000000005-(v1*((8.3228644186343e-14+v1)+(3.0*v1)))))),-1.0,7.677808589302419e-25,8.681261857392417e-16,7.677808589302419e-25,65565.0,6.536993168992922e-13,(v1*(pow2((v1+(v1+(v1*(-1.77e-13/exp(v1))))))+(73.3-(v1*((8.32e-14+v1)+(3.0*v1))))))
3.028044105386676e-15,25.0,0,794.0,-1.0,true,2.0463630789890885e-12,8.738493824792113e-16,6.0,(-1.02445607523207e-12+(v1*(36.6500000000032+(pow2((v1+(v1+pow2(2.7547125424223e-14))))+(36.6499999999973-(v1*((6.31768991822847e-14+v1)+(3.0*v1)))))))),-1.0,5.6809428918111255e-25,7.10871081796716e-16,5.6809428918111255e-25,160.0,5.115907697472721e-13,(-1.02e-12+(v1*(36.7+(pow2((v1+(v1+pow2(2.75e-14))))+(36.6-(v1*((6.32e-14+v1)+(3.0*v1))))))))
3.894624946293623e-12,25.0,0,0.0,-1.0,true,5.672404768120032e-10,1.1282088464224197e-12,6.0,((v1*(12644.5583821247+(v1*((-1.12339886823777*v1)+(1.89153753288801e-8-(v1*((v1+(-1.12339886682614+v1))+(-2.00000000003316*v1))))))))/172.504207124182),-1.0,9.184639672233391e-20,8.423061017986575e-13,9.184639672233391e-20,90.0,2.3088565133851565e-10,((v1*(12600.0+(v1*((-1.12*v1)+(1.89e-8-(v1*((v1+(-1.12+v1))+(-2.0*v1))))))))/173.0)
3.028044105386676e-15,25.0,0,93.0,-1.0,true,2.0463630789890885e-12,1.1946465280485773e-15,5.0,((v1*(pow2((v1+(v1+(-5.55481749723408e-13/pow3(v1)))))+(73.3000000000005-(v1*((9.058105427905161e-14+v1)+(3.0*v1))))))--1.27839101808664e-13),-1.0,7.352065833431317e-25,9.342968197617664e-16,7.352065833431317e-25,1054.0,6.683838667716675e-13,((v1*(pow2((v1+(v1+(-5.55e-13/pow3(v1)))))+(73.3-(v1*((9.06e-14+v1)+(3.0*v1))))))--1.28e-13)
3.20616434688001e-15,26.0,0,74.0,-1.0,true,2.0463630789890885e-12,8.738493824792113e-16,6.0,(-1.03712672445041e-12+(v1*(36.6500000000032+(pow2((v1+(v1+(-1.72211308676075e-15/v1))))+(36.6499999999973-(v1*((6.29871820523049e-14+v1)+(3.0*v1)))))))),-1.0,5.688818879088852e-25,7.064828802292295e-16,5.688818879088852e-25,288.0,5.101696842757519e-13,(-1.04e-12+(v1*(36.7+(pow2((v1+(v1+(-1.72e-15/v1))))+(36.6-(v1*((6.3e-14+v1)+(3.0*v1))))))))
2.254522074508395e-13,26.0,0,0.0,-1.0,true,5.32054400537163e-11,4.922994395870161e-14,6.0,(7.958967799955799e-11+(v1*(36.6499999998781+(pow2((v1+(9.67799888475239e-13+v1)))+(36.6500000000856-(v1*((v1+(37.15*v1))+(-34.1499999999999*v1)))))))),-1.0,5.528025146207487e-22,3.9703992252090314e-14,5.528025146207487e-22,104.0,2.021636191784637e-11,(7.96e-11+(v1*(36.6+(pow2((v1+(9.68e-13+v1)))+(36.7-(v1*((v1+(37.2*v1))+(-34.1*v1))))))))
3.384284588373344e-15,26.0,0,35.0,-1.0,true,2.0463630789890885e-12,8.738493824792113e-16,6.0,(-1.03545072576868e-12+(v1*(36.6500000000032+(pow2((v1+(v1+(-7.04544246363013e-15/v1))))+(36.6499999999973-(v1*((6.29224094012956e-14+v1)+(3.0*v1)))))))),-1.0,5.681212156333441e-25,6.766940872279811e-16,5.681212156333441e-25,288.0,5.011694762894573e-13,(-1.04e-12+(v1*(36.7+(pow2((v1+(v1+(-7.05e-15/v1))))+(36.6-(v1*((6.29e-14+v1)+(3.0*v1))))))))
2.8499238638933422e-15,26.0,0,3.0,-1.0,true,2.2737367544323206e-12,9.168315189885958e-16,7.0,(-9.97051513034194e-13+(v1*(36.6500000000032+(pow2((v1+(v1+(-2.44366587810071e-14/73.2999985413999))))+(36.6499999999973-(v1*((6.39514642449796e-14+v1)+(3.0*v1)))))))),-1.0,6.093725404520693e-25,7.048260306247853e-16,6.093725404520693e-25,160.0,5.144329406903126e-13,(-9.97e-13+(v1*(36.7+(pow2((v1+(v1+(-2.44e-14/73.3))))+(36.6-(v1*((6.4e-14+v1)+(3.0*v1))))))))
3.028044105386676e-15,26.0,0,13.0,-1.0,true,2.0463630789890885e-12,8.735952292624359e-16,6.0,(-1.03370790454211e-12+(v1*(36.6500000000032+(pow2((v1+(v1+(-3.44586025879755e-16/v1))))+(36.6499999999973-(v1*((6.4564593610513e-14+v1)+(3.0*v1)))))))),-1.0,5.679394620807812e-25,6.977516472096946e-16,5.679394620807812e-25,288.0,5.092222939614052e-13,(-1.03e-12+(v1*(36.7+(pow2((v1+(v1+(-3.45e-16/v1))))+(36.6-(v1*((6.46e-14+v1)+(3.0*v1))))))))
3.028044105386676e-15,26.0,0,98.0,-1.0,true,2.0463630789890885e-12,9.602732715176681e-16,6.0,(-1.0251489537433099e-12+(v1*(36.6500000000032+(pow2((v1+(v1+(3.4601013655092205e-15/v1))))+(36.6499999999973-(v1*((6.38432072540997e-14+v1)+(3.0*v1)))))))),-1.0,5.672326427097032e-25,7.191458392269297e-16,5.672326427097032e-25,288.0,5.115907697472721e-13,(-1.03e-12+(v1*(36.7+(pow2((v1+(v1+(3.46e-15/v1))))+(36.6-(v1*((6.38e-14+v1)+(3.0*v1))))))))
3.028044105386676e-15,27.0,0,146.0,-1.0,true,2.0463630789890885e-12,8.738493824792113e-16,6.0,(-1.03712672445041e-12+(v1*(36.6500000000032+(pow2((v1+(v1+(-1.72211308676075e-15/pow2(v1)))))+(36.6499999999973-(v1*((6.29871820523049e-14+v1)+(3.0*v1)))))))),-1.0,5.680471678897074e-25,7.071172987888765e-16,5.680471678897074e-25,1056.0,5.111170745900988e-13,(-1.04e-12+(v1*(36.7+(pow2((v1+(v1+(-1.72e-15/pow2(v1)))))+(36.6-(v1*((6.3e-14+v1)+(3.0*v1))))))))
4.453006037333347e-15,27.0,0,501.0,-1.0,true,2.0463630789890885e-12,1.5743860521906092e-15,5.0,(1.17475614991581e-13+(v1*(pow2((v1+(v1+(-6.84393373161339e-13/pow3(v1)))))+(73.3000000000003-(v1*(v1+(v1*((-2.07141536784821e-16*v1)--3.0)))))))),-1.0,7.299761199971543e-25,1.1899341707850622e-15,7.299761199971543e-25,1074.0,6.991740519879386e-13,(1.17e-13+(v1*(pow2((v1+(v1+(-6.84e-13/pow3(v1)))))+(73.3-(v1*(v1+(v1*((-2.07e-16*v1)--3.0))))))))
2.4936833809066746e-15,27.0,0,873.0,-1.0,true,2.0463630789890885e-12,1.0777988911338839e-15,6.0,(-1.0255689122319899e-12+(v1*(36.6500000000032+(pow2((v1+(v1+(6.22893294476518e-14/pow3(v1)))))+(36.6499999999973-(v1*((6.384162097700231e-14+v1)+(3.0*v1)))))))),-1.0,5.671047420616033e-25,7.510126534917638e-16,5.671047420616033e-25,1056.0,5.158540261618327e-13,(-1.03e-12+(v1*(36.7+(pow2((v1+(v1+(6.23e-14/pow3(v1)))))+(36.6-(v1*((6.38e-14+v1)+(3.0*v1))))))))
3.028044105386676e-15,27.0,1,375.0,-1.0,true,2.2737367544323206e-12,1.0088973133466144e-15,6.0,(-9.66293869956292e-13+(v1*(36.6500000000032+(pow2((v1+(v1+(-1.31419021172472e-14/exp(v1)))))+(36.6499999999973-(v1*((6.315447291851751e-14+v1)+(3.0*v1)))))))),-1.0,6.10213992084305e-25,7.350514654230616e-16,6.10213992084305e-25,1056.0,5.168014164761795e-13,(-9.66e-13+(v1*(36.7+(pow2((v1+(v1+(-1.31e-14/exp(v1)))))+(36.6-(v1*((6.32e-14+v1)+(3.0*v1))))))))
2.6718036224000086e-15,27.0,0,517.0,-1.0,true,2.0463630789890885e-12,1.0364748159350983e-15,6.0,(-1.0696577419534599e-12+(v1*(36.6500000000032+(pow2((v1+(v1+(2.9322693314198404e-14/pow2(v1)))))+(36.6499999999973-(v1*((6.30663016588672e-14+v1)+(3.0*v1)))))))),-1.0,5.677173188498709e-25,7.388332037716263e-16,5.677173188498709e-25,1056.0,5.172751116333529e-13,(-1.07e-12+(v1*(36.7+(pow2((v1+(v1+(2.93e-14/pow2(v1)))))+(36.6-(v1*((6.31e-14+v1)+(3.0*v1))))))))
2.6718036224000086e-15,27.0,0,62.0,-1.0,true,2.0463630789890885e-12,1.0777988911338839e-15,6.0,(-1.02401376390418e-12+(v1*(36.6500000000032+(pow2((v1+(v1+(2.0288204616773e-14/pow2(v1)))))+(36.6499999999973-(v1*((6.32657202214546e-14+v1)+(3.0*v1)))))))),-1.0,5.675019072320186e-25,7.445477014825801e-16,5.675019072320186e-25,1056.0,5.172751116333529e-13,(-1.02e-12+(v1*(36.7+(pow2((v1+(v1+(2.03e-14/pow2(v1)))))+(36.6-(v1*((6.33e-14+v1)+(3.0*v1))))))))
2.4936833809066746e-15,27.0,0,585.0,-1.0,true,2.0463630789890885e-12,1.0777988911338839e-15,6.0,(-1.03360479384173e-12+(v1*(36.6500000000032+(pow2((v1+(v1+(6.22893294476518e-14/pow3(v1)))))+(36.6499999999973-(v1*((6.384162097700231e-14+v1)+(3.0*v1)))))))),-1.0,5.669095252829246e-25,7.472588704839244e-16,5.669095252829246e-25,1056.0,5.153803310046593e-13,(-1.03e-12+(v1*(36.7+(pow2((v1+(v1+(6.23e-14/pow3(v1)))))+(36.6-(v1*((6.38e-14+v1)+(3.0*v1))))))))
2.6718036224000086e-15,27.0,1,9.0,-1.0,true,2.0463630789890885e-12,1.0170493348674049e-15,6.0,(-1.03165462464317e-12+(v1*(36.6500000000032+(pow2((v1+(v1+(2.7547125424223e-14/exp(v1)))))+(36.6499999999973-(v1*((6.31768991822847e-14+v1)+(3.0*v1)))))))),-1.0,5.670239627049087e-25,7.353493037846267e-16,5.670239627049087e-25,1056.0,5.158540261618327e-13,(-1.03e-12+(v1*(36.7+(pow2((v1+(v1+(2.75e-14/exp(v1)))))+(36.6-(v1*((6.32e-14+v1)+(3.0*v1))))))))
2.4936833809066746e-15,27.0,0,585.0,-1.0,true,2.0463630789890885e-12,1.0777988911338839e-15,6.0,(-1.03360479384173e-12+(v1*(36.6500000000032+(pow2((v1+(v1+(6.22893294476518e-14/pow3(v1)))))+(36.6499999999973-(v1*((6.384162097700231e-14+v1)+(3.0*v1)))))))),-1.0,5.669095252829246e-25,7.472588704839244e-16,5.669095252829246e-25,1056.0,5.153803310046593e-13,(-1.03e-12+(v1*(36.7+(pow2((v1+(v1+(6.23e-14/pow3(v1)))))+(36.6-(v1*((6.38e-14+v1)+(3.0*v1))))))))
2.6718036224000086e-15,27.0,0,339.0,-1.0,true,2.0463630789890885e-12,1.0180023538491657e-15,6.0,(-1.0695585535177498e-12+(v1*(36.6500000000032+(pow2((v1+(v1+(2.9347490423125703e-14/pow2(v1)))))+(36.6499999999973-(v1*((6.36138970743686e-14+v1)+(3.0*v1)))))))),-1.0,5.660748052637468e-25,7.220164054712256e-16,5.660748052637468e-25,1056.0,5.12538160061619e-13,(-1.07e-12+(v1*(36.7+(pow2((v1+(v1+(2.93e-14/pow2(v1)))))+(36.6-(v1*((6.36e-14+v1)+(3.0*v1))))))))
2.364883294938876e-15,27.0,0,172.0,-1.0,true,2.0463630789890885e-12,1.3388715807547274e-15,6.0,((v1*(36.6500000000031+(pow2((v1+(v1+(3.12756101945252e-14/pow3(v1)))))+(36.6499999999973-(v1*((6.36571207456813e-14+v1)+(3.0*v1)))))))-8.15081804126308e-13),-1.0,6.076559791223084e-25,8.086219604316825e-16,6.076559791223084e-25,1056.0,5.546970290500515e-13,((v1*(36.7+(pow2((v1+(v1+(3.13e-14/pow3(v1)))))+(36.6-(v1*((6.37e-14+v1)+(3.0*v1)))))))-8.15e-13)
3.384284588373344e-15,28.0,0,45.0,-1.0,true,2.0463630789890885e-12,8.738493824792113e-16,7.0,(-1.03712672445041e-12+(v1*(36.6500000000032+(pow2((v1+(v1+(-1.72211308676075e-15/(9.05367067142398e-14+v1)))))+(36.6499999999973-(v1*((6.41485345537741e-14+v1)+(3.0*v1)))))))),-1.0,5.689828621047535e-25,6.968552022674849e-16,5.689828621047535e-25,544.0,5.068538181755381e-13,(-1.04e-12+(v1*(36.7+(pow2((v1+(v1+(-1.72e-15/(9.05e-14+v1)))))+(36.6-(v1*((6.41e-14+v1)+(3.0*v1))))))))
3.028044105386676e-15,28.0,0,109.0,-1.0,true,2.0463630789890885e-12,8.738493824792113e-16,6.0,(-1.03712672445041e-12+(v1*(36.6500000000032+(pow2((v1+(v1+(-1.72211308676075e-15/pow2(pow3(v1))))))+(36.6499999999973-(v1*((6.29871820523049e-14+v1)+(3.0*v1)))))))),-1.0,5.681548736986336e-25,7.146248648045553e-16,5.681548736986336e-25,4.194336e6,5.120644649044455e-13,(-1.04e-12+(v1*(36.7+(pow2((v1+(v1+(-1.72e-15/pow2(pow3(v1))))))+(36.6-(v1*((6.3e-14+v1)+(3.0*v1))))))))
1.7350915131836502e-15,28.0,0,49.0,-1.0,true,2.0463630789890885e-12,9.822007138749774e-16,7.0,(-1.03031329472269e-12+(v1*(36.6500000000032+(pow2((v1+(v1+(-1.07799745164721e-15/(2.12679412483709-v1)))))+(36.6499999999973-(v1*((6.29229901689546e-14+v1)+(3.0*v1)))))))),-1.0,5.61631940645542e-25,6.546512968957556e-16,5.61631940645542e-25,544.0,5.040116472324978e-13,(-1.03e-12+(v1*(36.7+(pow2((v1+(v1+(-1.08e-15/(2.13-v1)))))+(36.6-(v1*((6.29e-14+v1)+(3.0*v1))))))))
3.028044105386676e-15,28.0,0,295.0,-1.0,true,2.0463630789890885e-12,8.738493824792113e-16,6.0,(-1.02659036742214e-12+(v1*(36.6500000000032+(pow2((v1+(v1+((-2.8543119403607304e-15/v1)/v1))))+(36.6499999999973-(v1*((6.31320095215874e-14+v1)+(3.0*v1)))))))),-1.0,5.6809428918111255e-25,7.10871081796716e-16,5.6809428918111255e-25,4128.0,5.115907697472721e-13,(-1.03e-12+(v1*(36.7+(pow2((v1+(v1+((-2.85e-15/v1)/v1))))+(36.6-(v1*((6.31e-14+v1)+(3.0*v1))))))))
3.028044105386676e-15,28.0,0,370.0,-1.0,true,2.0463630789890885e-12,1.0086766428933614e-15,6.0,(-1.02659036742214e-12+(v1*(36.6500000000032+(pow2((v1+(v1+(7.587279109307331e-15/(v1+v1)))))+(36.6499999999973-(v1*((6.31320095215874e-14+v1)+(3.0*v1)))))))),-1.0,5.684443330601227e-25,7.359626375273305e-16,5.684443330601227e-25,1056.0,5.163277213190062e-13,(-1.03e-12+(v1*(36.7+(pow2((v1+(v1+(7.59e-15/(v1+v1)))))+(36.6-(v1*((6.31e-14+v1)+(3.0*v1))))))))
2.6718036224000086e-15,28.0,0,291.0,-1.0,true,2.0463630789890885e-12,1.0429323365124723e-15,7.0,(-1.0331533242647e-12+(v1*(36.6500000000032+(pow2((v1+(v1+(-2.02447489083706e-15/(1.58174366328005-v1)))))+(36.6499999999973-(v1*((6.30146160192724e-14+v1)+(3.0*v1)))))))),-1.0,5.679933149852443e-25,7.578720018316636e-16,5.679933149852443e-25,544.0,5.186961971048731e-13,(-1.03e-12+(v1*(36.7+(pow2((v1+(v1+(-2.02e-15/(1.58-v1)))))+(36.6-(v1*((6.3e-14+v1)+(3.0*v1))))))))
2.8499238638933422e-15,28.0,0,22.0,-1.0,true,2.0463630789890885e-12,1.0180023538491657e-15,6.0,(-1.0696577419534599e-12+(v1*(36.6500000000032+(pow2((v1+(v1+(2.9322693314198404e-14/(v1*v1)))))+(36.6499999999973-(v1*((6.40297346537228e-14+v1)+(3.0*v1)))))))),-1.0,5.669095252829246e-25,7.279537468543366e-16,5.669095252829246e-25,2080.0,5.134855503759657e-13,(-1.07e-12+(v1*(36.7+(pow2((v1+(v1+(2.93e-14/(v1*v1)))))+(36.6-(v1*((6.4e-14+v1)+(3.0*v1))))))))
3.028044105386676e-15,28.0,0,1411.0,-1.0,true,2.0463630789890885e-12,8.738493824792113e-16,6.0,(-1.03360479384173e-12+(v1*(36.6500000000032+(pow2((v1+(v1+(2.04634466292835e-14/pow2(pow3(v1))))))+(36.6499999999973-(v1*((6.38568053269465e-14+v1)+(3.0*v1)))))))),-1.0,5.672932272272241e-25,7.028136284675391e-16,5.672932272272241e-25,4.194336e6,5.082749036470583e-13,(-1.03e-12+(v1*(36.7+(pow2((v1+(v1+(2.05e-14/pow2(pow3(v1))))))+(36.6-(v1*((6.39e-14+v1)+(3.0*v1))))))))
2.8499238638933422e-15,29.0,1,311.0,-1.0,true,2.0463630789890885e-12,9.009778455272769e-16,6.0,(-1.0451124999846e-12+(v1*(36.6500000000032+(pow2((v1+(v1+(2.0643732392418802e-14/(v1+pow2(v1))))))+(36.6499999999973-(v1*((6.31529531038138e-14+v1)+(3.0*v1)))))))),-1.0,5.675557601364817e-25,7.320472473391344e-16,5.675557601364817e-25,4128.0,5.153803310046593e-13,(-1.05e-12+(v1*(36.7+(pow2((v1+(v1+(2.06e-14/(v1+pow2(v1))))))+(36.6-(v1*((6.32e-14+v1)+(3.0*v1))))))))
0.23703378141094888,29.0,0,0.0,-1.0,true,29.911626246475365,0.04235980399597817,6.0,(57.1388566210208+(v1*(20.7474477077718+(pow2((v1+(v1+(3.81424760857996/pow2(v1)))))+(20.747447707766-(v1*((v1+(-3.35005623695015+v1))+(2.0998754026413*v1)))))))),-0.9989577294830224,199.55465225701917,0.033783782528570325,199.55465225701917,1064.0,13.168529447914246,(57.1+(v1*(20.7+(pow2((v1+(v1+(3.81/pow2(v1)))))+(20.7-(v1*((v1+(-3.35+v1))+(2.1*v1))))))))
2.8499238638933422e-15,29.0,1,560.0,-1.0,true,2.0463630789890885e-12,9.009778455272769e-16,6.0,(-1.04773658249337e-12+(v1*(36.6500000000032+(pow2((v1+(v1+(2.22016896638314e-14/(v1+pow2(v1))))))+(36.6499999999973-(v1*((6.30465520385362e-14+v1)+(3.0*v1)))))))),-1.0,5.675557601364817e-25,7.320472473391344e-16,5.675557601364817e-25,4128.0,5.153803310046593e-13,(-1.05e-12+(v1*(36.7+(pow2((v1+(v1+(2.22e-14/(v1+pow2(v1))))))+(36.6-(v1*((6.3e-14+v1)+(3.0*v1))))))))
2.6718036224000086e-15,29.0,1,156.0,-1.0,true,2.0463630789890885e-12,1.0086766428933614e-15,6.0,(-1.03370790454211e-12+(v1*(36.6500000000032+(pow2((v1+(v1+(7.6456013127106e-14/(v1*exp(v1))))))+(36.6499999999973-(v1*((6.330926553114271e-14+v1)+(3.0*v1)))))))),-1.0,5.668018194739984e-25,7.340975248290816e-16,5.668018194739984e-25,32800.0,5.153803310046593e-13,(-1.03e-12+(v1*(36.7+(pow2((v1+(v1+(7.65e-14/(v1*exp(v1))))))+(36.6-(v1*((6.33e-14+v1)+(3.0*v1))))))))
3.028044105386676e-15,29.0,0,5.0,-1.0,true,2.0463630789890885e-12,8.738493824792113e-16,6.0,(-1.03307511506376e-12+(v1*(36.6500000000032+(pow2((v1+(v1+(-2.2950187531328302e-14/pow3((v1*v1))))))+(36.6499999999973-(v1*((6.38414540882674e-14+v1)+(3.0*v1)))))))),-1.0,5.671518633530085e-25,6.915522794440207e-16,5.671518633530085e-25,2.74877906976e11,5.068538181755381e-13,(-1.03e-12+(v1*(36.7+(pow2((v1+(v1+(-2.3e-14/pow3((v1*v1))))))+(36.6-(v1*((6.38e-14+v1)+(3.0*v1))))))))
2.6718036224000086e-15,29.0,1,1056.0,-1.0,true,2.0463630789890885e-12,1.0086766428933614e-15,6.0,(-1.03360479384173e-12+(v1*(36.6500000000032+(pow2((v1+(v1+(3.28600285689509e-14/(pow3(v1)-v1)))))+(36.6499999999973-(v1*((6.40297346537228e-14+v1)+(3.0*v1)))))))),-1.0,5.662363639771361e-25,7.297938545077445e-16,5.662363639771361e-25,4128.0,5.12538160061619e-13,(-1.03e-12+(v1*(36.7+(pow2((v1+(v1+(3.29e-14/(pow3(v1)-v1)))))+(36.6-(v1*((6.4e-14+v1)+(3.0*v1))))))))
2.6718036224000086e-15,29.0,0,647.0,-1.0,true,2.0463630789890885e-12,1.0051487201426178e-15,7.0,(-1.03370790454211e-12+(v1*(36.6500000000032+(pow2((v1+(v1+(-3.26299482381844e-14/pow3((-4.25792359087155e-16-v1))))))+(36.6499999999973-(v1*((6.38568053269465e-14+v1)+(3.0*v1)))))))),-1.0,5.658122723544893e-25,7.185325054842259e-16,5.658122723544893e-25,16416.0,5.111170745900988e-13,(-1.03e-12+(v1*(36.7+(pow2((v1+(v1+(-3.26e-14/pow3((-4.26e-16-v1))))))+(36.6-(v1*((6.39e-14+v1)+(3.0*v1))))))))
2.4936833809066746e-15,29.0,0,647.0,-1.0,true,2.0463630789890885e-12,1.0429323365124723e-15,6.0,(-1.0536378000880999e-12+(v1*(36.6500000000032+(pow2((v1+(v1+(7.6456013127106e-14/(v1*pow2(v1))))))+(36.6499999999973-(v1*((6.38568053269465e-14+v1)+(3.0*v1)))))))),-1.0,5.655362762191159e-25,7.181968146604617e-16,5.655362762191159e-25,32800.0,5.087485988042317e-13,(-1.05e-12+(v1*(36.7+(pow2((v1+(v1+(7.65e-14/(v1*pow2(v1))))))+(36.6-(v1*((6.39e-14+v1)+(3.0*v1))))))))
2.6718036224000086e-15,29.0,0,999.0,-1.0,true,2.0463630789890885e-12,1.0086766428933614e-15,7.0,(-1.0251489537433099e-12+(v1*(36.6500000000032+(pow2((v1+(v1+(6.8238379329311e-14/pow3((1.24679899678068*v1))))))+(36.6499999999973-(v1*((6.38432072540997e-14+v1)+(3.0*v1)))))))),-1.0,5.659401730025891e-25,7.222862884920654e-16,5.659401730025891e-25,16416.0,5.115907697472721e-13,(-1.03e-12+(v1*(36.7+(pow2((v1+(v1+(6.82e-14/pow3((1.25*v1))))))+(36.6-(v1*((6.38e-14+v1)+(3.0*v1))))))))
2.6718036224000086e-15,29.0,0,132.0,-1.0,true,2.0463630789890885e-12,1.0429323365124723e-15,7.0,(-1.03360479384173e-12+(v1*(36.6500000000032+(pow2((v1+(v1+(2.04634466292835e-14/pow2((1.6731176386407802e-14+v1))))))+(36.6499999999973-(v1*((6.38568053269465e-14+v1)+(3.0*v1)))))))),-1.0,5.665123601125093e-25,7.289826821377242e-16,5.665123601125093e-25,16416.0,5.130118552187924e-13,(-1.03e-12+(v1*(36.7+(pow2((v1+(v1+(2.05e-14/pow2((1.67e-14+v1))))))+(36.6-(v1*((6.39e-14+v1)+(3.0*v1))))))))
2.6718036224000086e-15,29.0,1,1056.0,-1.0,true,2.0463630789890885e-12,1.0086766428933614e-15,6.0,(-1.03360479384173e-12+(v1*(36.6500000000032+(pow2((v1+(v1+(3.28600285689509e-14/(pow3(v1)-v1)))))+(36.6499999999973-(v1*((6.40297346537228e-14+v1)+(3.0*v1)))))))),-1.0,5.662363639771361e-25,7.297938545077445e-16,5.662363639771361e-25,4128.0,5.12538160061619e-13,(-1.03e-12+(v1*(36.7+(pow2((v1+(v1+(3.29e-14/(pow3(v1)-v1)))))+(36.6-(v1*((6.4e-14+v1)+(3.0*v1))))))))
1.7350915131836502e-15,30.0,0,29.0,-1.0,true,2.0463630789890885e-12,9.822007138749774e-16,7.0,(-1.0281762644411999e-12+(v1*(36.6500000000032+(pow2((v1+(v1+(-2.20848665219541e-15/(v1*(2.12679336017586-v1))))))+(36.6499999999973-(v1*((6.29967609734941e-14+v1)+(3.0*v1)))))))),-1.0,5.612617019273583e-25,6.529604652134813e-16,5.612617019273583e-25,8224.0,5.035379520753243e-13,(-1.03e-12+(v1*(36.7+(pow2((v1+(v1+(-2.21e-15/(v1*(2.13-v1))))))+(36.6-(v1*((6.3e-14+v1)+(3.0*v1))))))))
3.20616434688001e-15,30.0,0,9.0,-1.0,true,2.0463630789890885e-12,8.738493824792113e-16,8.0,(-1.0493863955105e-12+(v1*(36.6500000000032+(pow2((v1+(v1+(-1.6278752857156901e-15/((-2.07141536784821e-16*v1)--3.0)))))+(36.6499999999973-(v1*((6.29638593469244e-14+v1)+(3.0*v1)))))))),-1.0,5.691713472703743e-25,7.047510484163052e-16,5.691713472703743e-25,1056.0,5.096959891185785e-13,(-1.05e-12+(v1*(36.7+(pow2((v1+(v1+(-1.63e-15/((-2.07e-16*v1)--3.0)))))+(36.6-(v1*((6.3e-14+v1)+(3.0*v1))))))))
3.028044105386676e-15,30.0,0,302.0,-1.0,true,2.0463630789890885e-12,8.738493824792113e-16,8.0,(-1.03712672445041e-12+(v1*(36.6500000000032+(pow2((v1+(v1+(-2.5081849817804803e-15/(4.29456060889261-(-2.3088703820975602e-17*v1))))))+(36.6499999999973-(v1*((6.30515460772543e-14+v1)+(3.0*v1)))))))),-1.0,5.679394620807812e-25,7.005455388461184e-16,5.679394620807812e-25,1056.0,5.092222939614052e-13,(-1.04e-12+(v1*(36.7+(pow2((v1+(v1+(-2.51e-15/(4.29-(-2.31e-17*v1))))))+(36.6-(v1*((6.31e-14+v1)+(3.0*v1))))))))
1.7350915131836502e-15,30.0,0,221.0,-1.0,true,2.0463630789890885e-12,1.0429323365124723e-15,7.0,(-1.03361693470149e-12+(v1*(36.6500000000032+(pow2((v1+(v1+(-7.096986684593101e-15/(4.29455746570481-(v1*v1))))))+(36.6499999999973-(v1*((6.298119325988381e-14+v1)+(3.0*v1)))))))),-1.0,5.6214354323794135e-25,6.590184136462988e-16,5.6214354323794135e-25,4128.0,5.049590375468445e-13,(-1.03e-12+(v1*(36.7+(pow2((v1+(v1+(-7.1e-15/(4.29-(v1*v1))))))+(36.6-(v1*((6.3e-14+v1)+(3.0*v1))))))))
1.7350915131836502e-15,30.0,0,160.0,-1.0,true,2.0463630789890885e-12,8.942825970936457e-16,7.0,(-1.0493863955105e-12+(v1*(36.6500000000032+(pow2((v1+(v1+(-1.6278752857156901e-15/(4.29455825150175-(v1+v1))))))+(36.6499999999973-(v1*((6.29638593469244e-14+v1)+(3.0*v1)))))))),-1.0,5.605616141693382e-25,6.221552602277051e-16,5.605616141693382e-25,2080.0,4.988010005035904e-13,(-1.05e-12+(v1*(36.7+(pow2((v1+(v1+(-1.63e-15/(4.29-(v1+v1))))))+(36.6-(v1*((6.3e-14+v1)+(3.0*v1))))))))
1.7350915131836502e-15,30.0,0,120.0,-1.0,true,2.0463630789890885e-12,1.0429323365124723e-15,7.0,(-1.03545072576868e-12+(v1*(36.6500000000032+(pow2((v1+(v1+(-7.04544246363013e-15/(4.294555835611-(v1*v1))))))+(36.6499999999973-(v1*((6.29224094012956e-14+v1)+(3.0*v1)))))))),-1.0,5.6214354323794135e-25,6.590184136462988e-16,5.6214354323794135e-25,4128.0,5.049590375468445e-13,(-1.04e-12+(v1*(36.7+(pow2((v1+(v1+(-7.05e-15/(4.29-(v1*v1))))))+(36.6-(v1*((6.29e-14+v1)+(3.0*v1))))))))
2.8499238638933422e-15,30.0,1,202.0,-1.0,true,2.0463630789890885e-12,1.0086766428933614e-15,6.0,(-1.03051479060441e-12+(v1*(36.6500000000032+(pow2((v1+(v1+(1.75198171395509e-14/(v1+(v1*v1))))))+(36.6499999999973-(v1*((6.31242914360488e-14+v1)+(3.0*v1)))))))),-1.0,5.676432711062342e-25,7.337790791520588e-16,5.676432711062342e-25,8224.0,5.158540261618327e-13,(-1.03e-12+(v1*(36.7+(pow2((v1+(v1+(1.75e-14/(v1+(v1*v1))))))+(36.6-(v1*((6.31e-14+v1)+(3.0*v1))))))))
1.7350915131836502e-15,30.0,0,170.0,-1.0,true,2.0463630789890885e-12,8.942825970936457e-16,8.0,(-1.04724268154913e-12+(v1*(36.6500000000032+(pow2((v1+(v1+(-1.64478503262278e-15/(4.29455819300179-(1.99999758410918*v1))))))+(36.6499999999973-(v1*((6.29646770382129e-14+v1)+(3.0*v1)))))))),-1.0,5.605616141693382e-25,6.221552602277051e-16,5.605616141693382e-25,1056.0,4.988010005035904e-13,(-1.05e-12+(v1*(36.7+(pow2((v1+(v1+(-1.64e-15/(4.29-(2.0*v1))))))+(36.6-(v1*((6.3e-14+v1)+(3.0*v1))))))))
3.028044105386676e-15,30.0,0,38.0,-1.0,true,2.0463630789890885e-12,9.535547152021034e-16,6.0,(-1.0331533242647e-12+(v1*(36.6500000000032+(pow2((v1+(v1+(-2.02447489083706e-15/((v1-v1)-v1)))))+(36.6499999999973-(v1*((6.30146160192724e-14+v1)+(3.0*v1)))))))),-1.0,5.690165201700429e-25,7.32085854127541e-16,5.690165201700429e-25,4128.0,5.158540261618327e-13,(-1.03e-12+(v1*(36.7+(pow2((v1+(v1+(-2.02e-15/((v1-v1)-v1)))))+(36.6-(v1*((6.3e-14+v1)+(3.0*v1))))))))
3.028044105386676e-15,30.0,0,272.0,-1.0,true,2.0463630789890885e-12,1.0086766428933614e-15,7.0,(-1.0309436465428699e-12+(v1*(36.6500000000032+(pow2((v1+(v1+(1.8655811557572002e-14/(v1+(3.42076762552171*v1))))))+(36.6499999999973-(v1*((6.31263529943004e-14+v1)+(3.0*v1)))))))),-1.0,5.683702853164859e-25,7.32208854519491e-16,5.683702853164859e-25,2080.0,5.158540261618327e-13,(-1.03e-12+(v1*(36.7+(pow2((v1+(v1+(1.87e-14/(v1+(3.42*v1))))))+(36.6-(v1*((6.31e-14+v1)+(3.0*v1))))))))
3.028044105386676e-15,30.0,0,513.0,-1.0,true,2.2737367544323206e-12,9.168315189885958e-16,8.0,(-1.0138326134347499e-12+(v1*(36.6500000000032+(pow2((v1+(v1+(2.48204714007951e-14/(-73.29999851215+(2.99999851215002*v1))))))+(36.6499999999973-(v1*((6.317814349700681e-14+v1)+(3.0*v1)))))))),-1.0,5.335813090333312e-25,6.933265381467689e-16,5.335813090333312e-25,1056.0,4.950114392462032e-13,(-1.01e-12+(v1*(36.7+(pow2((v1+(v1+(2.48e-14/(-73.3+(3.0*v1))))))+(36.6-(v1*((6.32e-14+v1)+(3.0*v1))))))))
2.8499238638933422e-15,30.0,0,551.0,-1.0,true,2.0463630789890885e-12,1.0086766428933614e-15,7.0,(-1.02604018643913e-12+(v1*(36.6500000000032+(pow2((v1+(v1+(1.67889326204829e-14/(v1+(1.99999694630006*v1))))))+(36.6499999999973-(v1*((6.29177665708808e-14+v1)+(3.0*v1)))))))),-1.0,5.677442453021025e-25,7.375328621598984e-16,5.677442453021025e-25,2080.0,5.163277213190062e-13,(-1.03e-12+(v1*(36.7+(pow2((v1+(v1+(1.68e-14/(v1+(2.0*v1))))))+(36.6-(v1*((6.29e-14+v1)+(3.0*v1))))))))
2.3155631394133406e-15,30.0,0,308.0,-1.0,true,2.0463630789890885e-12,1.0777988911338839e-15,7.0,(-1.03165462464317e-12+(v1*(36.6500000000032+(pow2((v1+(v1+(2.00457350211386e-13/pow2((0.88291677688173+pow2(v1)))))))+(36.6499999999973-(v1*((6.30170687656851e-14+v1)+(3.0*v1)))))))),-1.0,5.672393743227611e-25,7.56886548445669e-16,5.672393743227611e-25,2.74877906976e11,5.186961971048731e-13,(-1.03e-12+(v1*(36.7+(pow2((v1+(v1+(2.0e-13/pow2((0.883+pow2(v1)))))))+(36.6-(v1*((6.3e-14+v1)+(3.0*v1))))))))
2.3155631394133406e-15,30.0,0,1178.0,-1.0,true,2.0463630789890885e-12,1.0695632153356108e-15,6.0,(-1.03370790454211e-12+(v1*(36.6500000000032+(pow2((v1+(v1+(7.6456013127106e-14/(v1*(v1*v1))))))+(36.6499999999973-(v1*((6.330926553114271e-14+v1)+(3.0*v1)))))))),-1.0,5.66593139469204e-25,7.469984249108498e-16,5.66593139469204e-25,131104.0,5.168014164761795e-13,(-1.03e-12+(v1*(36.7+(pow2((v1+(v1+(7.65e-14/(v1*(v1*v1))))))+(36.6-(v1*((6.33e-14+v1)+(3.0*v1))))))))
1.7350915131836502e-15,30.0,0,761.0,-1.0,true,2.0463630789890885e-12,1.0429323365124723e-15,7.0,(-1.02694097928548e-12+(v1*(36.6500000000032+(pow2((v1+(v1+(-5.0384576944042805e-15/(v1*(1.98900408336635-v1))))))+(36.6499999999973-(v1*((6.34711808073612e-14+v1)+(3.0*v1)))))))),-1.0,5.63462939397287e-25,6.918455698269902e-16,5.63462939397287e-25,8224.0,5.096959891185785e-13,(-1.03e-12+(v1*(36.7+(pow2((v1+(v1+(-5.04e-15/(v1*(1.99-v1))))))+(36.6-(v1*((6.35e-14+v1)+(3.0*v1))))))))
