time,generation,mean age hall_of_fame,mean compl,mean recursive_compl,mean n_params,min mae,min mse,min max_ae,min minus_r2,min mare,min q75_are,min max_are,min ms_processed_e,min minus_spearman,max penalty
15.264552116394043,1.0,0.0,6.5,16708.0,1.25,12.533491758199487,366.16821124936865,94.02093677177663,-0.04920761136998253,0.3365144982107809,0.4785972169605202,1.3022895208460985,366.16821124936865,-0.3452154752013871,0.0
20.364800214767456,10.0,4.2,4.8,6.0,1.6,10.635885287213757,222.2292558557837,63.65912010952445,-0.422959507386904,0.2731736474152386,0.3935468483700621,0.716500814901428,222.2292558557837,-0.3437705450998808,0.0
25.39345121383667,22.0,11.4,4.8,6.0,1.6,10.635885287213757,222.2292558557837,63.65912010952445,-0.422959507386904,0.2710648227109922,0.3935468483700621,0.7180041939898412,222.2292558557837,-0.3437705450998808,0.0
30.516862154006958,38.0,18.5,6.0,10.666666666666666,1.8333333333333333,10.477936961579326,159.25836523112392,46.965691171405496,-0.5864697239261697,0.28134492683886386,0.3811040130853651,0.8189033257056204,159.25836523112392,-0.34161759924863633,0.0
35.520790100097656,49.0,12.5,9.0,5.363123171977039e154,2.5,10.205028710925477,150.67342125811876,43.50906831239985,-0.6087613897114053,0.28134492683886386,0.3460700010114388,0.8098207504602404,150.67342125811876,-0.34161759924863633,0.0
40.545576095581055,59.0,14.9,11.4,4.51951324947841e58,3.0,5.593074466996759,65.95419622508567,16.211493612177904,-0.828743332046604,0.14028284981022368,0.23369069534954562,0.5785843748439701,65.95419622508567,-0.9850594227504245,0.0
45.55383920669556,73.0,27.571428571428573,8.571428571428571,6.456447499254872e58,2.4285714285714284,5.967579399716783,65.78098553995753,18.31312314744534,-0.829193090916953,0.1619259894515568,0.2542964739509073,0.6691505415639027,65.78098553995753,-0.9845247986128671,0.0
50.70799112319946,87.0,35.857142857142854,7.0,11.428571428571429,2.2857142857142856,5.763668372002442,54.24197422288634,16.347807002770548,-0.8591552880589526,0.1627438565333842,0.22248132508177665,0.7238763322074884,54.24197422288634,-0.8873387999855507,0.0
56.03577899932861,101.0,29.375,8.375,13.125,2.625,4.625016189543202,28.49140754024025,12.549322998374688,-0.9260192103017708,0.14491113585941895,0.19442801939599305,0.5099207076052182,28.49140754024025,-0.8861395080013005,0.0
61.23573112487793,114.0,39.625,7.875,30.0,2.25,1.1452752213542774,1.9298071003213184,3.5750593874256715,-0.9949890628237521,0.03551729677181716,0.05015827058444154,0.13292679641670352,1.9298071003213184,-0.9845247986128671,0.0
66.312824010849,126.0,35.25,7.875,27.0,2.375,1.1452769602513573,1.929806583287111,3.575061287449838,-0.9949890641662831,0.03551735763301652,0.05015803209142231,0.13292715522310283,1.929806583287111,-0.9845247986128671,0.0
71.49957323074341,138.0,45.75,7.875,27.0,2.375,1.1452769602513573,1.929806583287111,3.575061287449838,-0.9949890641662831,0.03551735763301652,0.05015803209142231,0.13292715522310283,1.929806583287111,-0.9845247986128671,0.0
76.51331210136414,150.0,36.888888888888886,9.222222222222221,7306.777777777777,2.6666666666666665,0.6189591682469877,0.5679118237882015,2.5159401752780752,-0.9985253601408258,0.018141380420891307,0.01758495706343613,0.06233747964008291,0.5679118237882015,-0.9958674999096919,0.0
81.67441821098328,162.0,39.45454545454545,10.545454545454545,6026.454545454545,3.0,0.6200654303844845,0.567736228754028,2.501654511151145,-0.998525816090897,0.018177829921201136,0.017648619802169488,0.06229443109434942,0.567736228754028,-0.9958674999096919,0.0
86.80011916160583,174.0,39.166666666666664,11.75,4.029752732048764e23,3.4166666666666665,0.617227580228526,0.5674853990429373,2.501654511151145,-0.9985264673953326,0.018101061047147367,0.017648619802169488,0.06229443109434942,0.5674853990429373,-0.9958674999096919,0.0
92.02774000167847,186.0,38.25,11.75,4.029752732048764e23,3.3333333333333335,0.617227580228526,0.5674853990429373,2.501654511151145,-0.9985264673953326,0.018101061047147367,0.017648619802169488,0.06229443109434942,0.5674853990429373,-0.9958674999096919,0.0
97.47072005271912,198.0,47.0,11.75,4.029752732048764e23,3.3333333333333335,0.617227580228526,0.5674853990429373,2.501654511151145,-0.9985264673953326,0.018101061047147367,0.017648619802169488,0.06229443109434942,0.5674853990429373,-0.9958674999096919,0.0
102.48363018035889,209.0,53.53846153846154,13.076923076923077,1.047022667449045e38,3.5384615384615383,0.562380458858053,0.43734630025866034,1.3739568505525632,-0.9988643865832519,0.016394171248912823,0.017648619802169488,0.048789651280167115,0.43734630025866034,-0.9967200086695807,0.0
107.71448922157288,217.0,51.75,11.833333333333334,1.1342745564031281e38,3.25,0.273286656500488,0.14948146359018882,1.363284213431772,-0.9996118564270288,0.008716974031857382,0.009840688517436143,0.048410662490851235,0.14948146359018882,-0.9985695191995088,0.0
113.0665831565857,228.0,54.76923076923077,11.692307692307692,1.0470226674490415e38,3.230769230769231,0.26343189520243004,0.1468787419252362,1.3819471840317057,-0.9996186146541842,0.008416832189021497,0.009403659752301731,0.04907339060131306,0.1468787419252362,-0.9986128671025539,0.0
118.32724618911743,239.0,57.61538461538461,11.692307692307692,1.0470226674490415e38,3.230769230769231,0.2629511292556856,0.14680508811653942,1.3829819548537508,-0.9996188059036663,0.008401885848927246,0.009349444663033554,0.04911013564723075,0.14680508811653942,-0.9986128671025539,0.0
123.42151021957397,250.0,65.46153846153847,11.692307692307692,1.0470226674490415e38,3.230769230769231,0.2628759466052347,0.14679423004314546,1.383143965445523,-0.9996188340977399,0.008399547638798615,0.009342607597992315,0.04911588869564205,0.14679423004314546,-0.9986128671025539,0.0
128.5001711845398,261.0,66.06666666666666,12.8,9.074196451225026e37,3.4,0.2628641701144768,0.14679254569326455,1.3831693397416807,-0.9996188384713228,0.008399181389059039,0.009341536769737428,0.04911678974508949,0.14679254569326455,-0.9986128671025539,0.0
133.66656517982483,272.0,69.86666666666666,12.8,9.074196451225026e37,3.4,0.2566916765337694,0.14672171779373502,1.398775740130791,-0.999619022383049,0.008137729119059309,0.008958582592282577,0.04967097806069572,0.14672171779373502,-0.9986562150055991,0.0
138.711599111557,283.0,77.8,12.8,9.074196451225026e37,3.4,0.2586743922514165,0.14648135044400204,1.398057929091042,-0.9996196465209167,0.008261400684591615,0.008997090918193867,0.049645488358962854,0.14648135044400204,-0.9986562150055991,0.0
143.790185213089,294.0,77.70588235294117,14.058823529411764,1.0574665499190092e307,3.588235294117647,0.2586743922514165,0.14648135044400204,1.398057929091042,-0.9996196465209167,0.008261400684591615,0.008997090918193867,0.049645488358962854,0.14648135044400204,-0.9986562150055991,0.0
148.79871201515198,305.0,77.47368421052632,14.947368421052632,9.46154281506482e306,3.8947368421052633,0.2586743922514165,0.14648135044400204,1.319600356564905,-0.9996196465209167,0.008261400684591615,0.008997090918193867,0.049645488358962854,0.14648135044400204,-0.9986562150055991,0.0
154.14800119400024,317.0,83.57894736842105,14.842105263157896,7.163839303598704e37,4.157894736842105,0.2586743922514165,0.14648135044400204,1.3640800863274194,-0.9996196465209167,0.008261400684591615,0.008997090918193867,0.049645488358962854,0.14648135044400204,-0.9986562150055991,0.0
159.49841022491455,329.0,92.36842105263158,14.842105263157896,7.163839303598704e37,4.052631578947368,0.2586743922514165,0.14648135044400204,1.3779870691041367,-0.9996196465209167,0.008261400684591615,0.008997090918193867,0.049645488358962854,0.14648135044400204,-0.9986562150055991,0.0
164.51230001449585,340.0,97.84210526315789,14.842105263157896,7.163839303598704e37,4.052631578947368,0.2586743922514165,0.14648135044400204,1.3805474983122394,-0.9996196465209167,0.008261400684591615,0.008997090918193867,0.049645488358962854,0.14648135044400204,-0.9986562150055991,0.0
169.8928201198578,352.0,106.52631578947368,15.263157894736842,7.163839303598704e37,4.052631578947368,0.2586743922514165,0.14648135044400204,1.262952101379554,-0.9996196465209167,0.008261400684591615,0.008997090918193867,0.03963725522814621,0.14648135044400204,-0.9986562150055991,0.0
175.23675107955933,364.0,117.6842105263158,15.210526315789474,7.163839303598704e37,4.052631578947368,0.2586743922514165,0.14648135044400204,1.262952101379554,-0.9996196465209167,0.008261400684591615,0.008997090918193867,0.03652033997672754,0.14648135044400204,-0.9986562150055991,0.0
180.55357003211975,376.0,131.27777777777777,14.777777777777779,7.561830376020854e37,4.0,0.2586743922514165,0.14648135044400204,1.262952101379554,-0.9996196465209167,0.008261400684591615,0.008997090918193867,0.03652033997672754,0.14648135044400204,-0.9986562150055991,0.0
185.94578218460083,388.0,123.25,15.65,6.80564733841877e37,4.35,0.2586743922514165,0.14648135044400204,1.262952101379554,-0.9996196465209167,0.008261400684591615,0.008997090918193867,0.03652033997672754,0.14648135044400204,-0.9986562150055991,0.0
191.31267619132996,400.0,127.10526315789474,15.105263157894736,7.163839303598704e37,4.157894736842105,0.2586743922514165,0.14648135044400204,1.262952101379554,-0.9996196465209167,0.008261400684591615,0.008997090918193867,0.03963725522814621,0.14648135044400204,-0.9986562150055991,0.0
196.584233045578,412.0,128.42105263157896,15.105263157894736,1.5601460444606813e78,4.2105263157894735,0.3057437451909355,0.12817696082401403,0.8631900772849477,-0.9996671756995689,0.009362886446764427,0.012147744212500868,0.03121612246711496,0.12817696082401403,-0.9979915471589061,0.0
201.93091011047363,424.0,117.0,15.052631578947368,1.5601460444606813e78,4.2105263157894735,0.30238280419325164,0.1281681544593197,0.8936198227353529,-0.9996671985661757,0.009319238119294413,0.01203530047478685,0.03178633049373847,0.1281681544593197,-0.9980059964599213,0.0
206.93459916114807,435.0,120.0,15.052631578947368,1.5601460444606813e78,4.2105263157894735,0.30238280419325164,0.1281681544593197,0.8936198227353529,-0.9996671985661757,0.009319238119294413,0.01203530047478685,0.03178633049373847,0.1281681544593197,-0.9980059964599213,0.0
212.34708213806152,447.0,120.26315789473684,15.052631578947368,1.5601460444606813e78,4.2631578947368425,0.30238280419325164,0.1281681544593197,0.8936198227353529,-0.9996671985661757,0.009319238119294413,0.01203530047478685,0.03178633049373847,0.1281681544593197,-0.9981504894700719,0.0
217.36666822433472,458.0,124.05,15.45,1.4821387422376474e78,4.35,0.30238280419325164,0.1281681544593197,0.8936198227353529,-0.9996671985661757,0.009319238119294413,0.01203530047478685,0.03178633049373847,0.1281681544593197,-0.9986851136076292,0.0
222.41827821731567,469.0,132.6,15.45,1.4821387422376474e78,4.35,0.30238280419325164,0.1281681544593197,0.8936198227353529,-0.9996671985661757,0.009319238119294413,0.01203530047478685,0.03178633049373847,0.1281681544593197,-0.9986851136076292,0.0
227.77029705047607,481.0,142.55,15.45,1.4821387422376474e78,4.4,0.30238280419325164,0.1281681544593197,0.8936198227353529,-0.9996671985661757,0.009319238119294413,0.01203530047478685,0.03178633049373847,0.1281681544593197,-0.9986851136076292,0.0
233.2220060825348,493.0,134.85,15.45,1.4821387422376474e78,4.35,0.30238280419325164,0.1281681544593197,0.8936198227353529,-0.9996671985661757,0.009319238119294413,0.01203530047478685,0.03178633049373847,0.1281681544593197,-0.9986851136076292,0.0
238.64853620529175,505.0,143.6,15.45,1.4821387422376474e78,4.35,0.2591617661802068,0.1281681544593197,0.8936198227353529,-0.9996671985661757,0.008279302873911574,0.009952171701577514,0.03178633049373847,0.1281681544593197,-0.9986417657045841,0.0
243.87534022331238,516.0,150.35,15.45,1.4821387422376474e78,4.35,0.25875863569360197,0.1281681544593197,0.8936198227353529,-0.9996671985661757,0.008266508165016534,0.010147068598854505,0.03178633049373847,0.1281681544593197,-0.9986417657045841,0.0
249.2391221523285,527.0,149.25,15.45,1.40739635955676e13,4.35,0.2572553523214045,0.12542703916219997,1.21994566565861,-0.9996743161462408,0.008239497754229748,0.010461825397009582,0.036323349816329654,0.12542703916219997,-0.998872954520825,0.0
254.51560306549072,538.0,129.2,15.45,1.40739635955676e13,4.35,0.2572945456789445,0.1240875605291162,1.203150522103602,-0.9996777942365007,0.00822185486429446,0.010214234758139203,0.03623003534455344,0.1240875605291162,-0.998872954520825,0.0
259.8055260181427,549.0,115.5,15.45,1.407396359567e13,4.35,0.25681151301927596,0.12352942696251386,1.195581968382978,-0.999679243486137,0.008210246914875294,0.01027930713339949,0.03564902543950041,0.12352942696251386,-0.998872954520825,0.0
265.30895614624023,560.0,125.3157894736842,14.947368421052632,1.4814698518303e13,4.2105263157894735,0.256806783663998,0.1231401529480583,1.1899838094777202,-0.999680254275055,0.0082118070363708,0.010360717502688917,0.041755195686967506,0.1231401529480583,-0.998872954520825,0.0
270.7535262107849,571.0,132.0,14.947368421052632,1.4814698518303e13,4.2105263157894735,0.25684476969384384,0.12301889541185215,1.1882027520091683,-0.9996805691323772,0.008217477812978833,0.010396711814079902,0.041755195686967506,0.12301889541185215,-0.998872954520825,0.0
275.75710916519165,581.0,131.65,15.7,1.0384593717069656e33,4.35,0.10771417273226679,0.022075370009395873,0.6694304067609096,-0.9999426790935524,0.0029847233815895997,0.0042713893134075495,0.011826082976823294,0.022075370009395873,-0.999523173066503,0.0
280.83335399627686,591.0,147.10526315789474,15.0,1.0931151281125952e33,4.2105263157894735,0.10771417273226679,0.022075370009395873,0.6694304067609096,-0.9999426790935524,0.0029847233815895997,0.0042713893134075495,0.011826082976823294,0.022075370009395873,-0.999523173066503,0.0
285.8934280872345,601.0,157.16666666666666,14.61111111111111,1.1538437463410727e33,4.055555555555555,0.10771417273226679,0.022075370009395873,0.6694304067609096,-0.9999426790935524,0.0029847233815895997,0.0042713893134075495,0.011826082976823294,0.022075370009395873,-0.999523173066503,0.0
290.92336916923523,611.0,148.45,15.3,8.988465674311579e306,4.15,0.10771417273226679,0.022075370009395873,0.6248519506274341,-0.9999426790935524,0.0029847233815895997,0.0042713893134075495,0.011826082976823294,0.022075370009395873,-0.999523173066503,0.0
296.3205020427704,622.0,158.2,15.3,8.988465674311579e306,4.15,0.10771417273226679,0.022075370009395873,0.6248519506274341,-0.9999426790935524,0.0029847233815895997,0.0042713893134075495,0.011826082976823294,0.022075370009395873,-0.999523173066503,0.0
301.58566522598267,633.0,168.2,15.3,8.988465674311579e306,4.15,0.10771417273226679,0.022075370009395873,0.6248519506274341,-0.9999426790935524,0.0029847233815895997,0.0042713893134075495,0.011826082976823294,0.022075370009395873,-0.999523173066503,0.0
307.0807840824127,644.0,178.05,15.3,8.988465674311579e306,4.15,0.10771417273226679,0.022075370009395873,0.6248519506274341,-0.9999426790935524,0.0029847233815895997,0.0042713893134075495,0.011826082976823294,0.022075370009395873,-0.999523173066503,0.0
312.43580508232117,655.0,168.9,15.3,8.988465674311579e306,4.15,0.10771417273226679,0.022075370009395873,0.6248519506274341,-0.9999426790935524,0.0029847233815895997,0.0042713893134075495,0.011826082976823294,0.022075370009395873,-0.999523173066503,0.0
317.85538816452026,666.0,168.1,15.25,8.988465674311579e306,4.1,0.10771417273226679,0.022075370009395873,0.6248519506274341,-0.9999426790935524,0.0029847233815895997,0.0042713893134075495,0.011826082976823294,0.022075370009395873,-0.999523173066503,0.0
323.22430419921875,677.0,152.45,15.25,8.988465674311579e306,4.1,0.10771417273226679,0.022075370009395873,0.6248519506274341,-0.9999426790935524,0.0029847233815895997,0.0042713893134075495,0.011826082976823294,0.022075370009395873,-0.999523173066503,0.0
328.64643001556396,688.0,157.3,15.25,8.988465674311579e306,4.1,0.10771417273226679,0.022075370009395873,0.6248519506274341,-0.9999426790935524,0.0029847233815895997,0.0042713893134075495,0.011826082976823294,0.022075370009395873,-0.999523173066503,0.0
334.11228919029236,699.0,163.2,15.25,6.80575118435594e37,4.15,0.10771417273226679,0.022075370009395873,0.6317185110177519,-0.9999426790935524,0.0029847233815895997,0.0042713893134075495,0.011826082976823294,0.022075370009395873,-0.999523173066503,0.0
339.5135180950165,710.0,172.75,15.25,6.80575118435594e37,4.15,0.10771417273226679,0.022075370009395873,0.6317185110177519,-0.9999426790935524,0.0029847233815895997,0.0042713893134075495,0.011826082976823294,0.022075370009395873,-0.999523173066503,0.0
344.8798611164093,721.0,159.9,15.25,6.80564733841877e37,4.2,0.11410743408524002,0.019548292738007997,0.3895339210970761,-0.9999492409024733,0.0035764349435660975,0.0049624155109969014,0.018136519226160094,0.019548292738007997,-0.9993786800563522,0.0
350.16170716285706,732.0,167.55,15.25,2.315841784746324e76,4.15,0.10771325266420238,0.01716279705110039,0.3542304371614087,-0.9999554350806474,0.00335817942843494,0.004660637509383137,0.01649280534022588,0.01716279705110039,-0.9993931293573673,0.0
355.50898718833923,743.0,162.85714285714286,15.904761904761905,2.553868177131923e153,4.333333333333333,0.10212967196684124,0.015289280686906125,0.32093910356531197,-0.9999602998532966,0.003172527398539142,0.004353001476028853,0.014942776243582341,0.015289280686906125,-0.9994653758624427,0.0
360.7548110485077,754.0,171.61904761904762,15.904761904761905,2.553868177131923e153,4.333333333333333,0.0909493535519038,0.012117111959249147,0.24654814266524028,-0.9999685367067127,0.002799564939189548,0.004044549229064676,0.010600163371895118,0.012117111959249147,-0.9994509265614276,0.0
366.06936717033386,765.0,171.0909090909091,16.181818181818183,8.171332431192344e306,4.409090909090909,0.0909493535519038,0.012117111959249147,0.24654814266524028,-0.9999685367067127,0.002799564939189548,0.004044549229064676,0.010600163371895118,0.012117111959249147,-0.9994509265614276,0.0
371.4108431339264,776.0,180.4090909090909,16.181818181818183,8.171332431192344e306,4.409090909090909,0.0909493535519038,0.012117111959249147,0.24654814266524028,-0.9999685367067127,0.002799564939189548,0.004044549229064676,0.010600163371895118,0.012117111959249147,-0.9994509265614276,0.0
376.52324199676514,787.0,163.1818181818182,16.681818181818183,8.171332431192344e306,4.590909090909091,0.0906663564029202,0.012113664475341422,0.24938820800425532,-0.9999685456584495,0.0027988754020501806,0.004029396260472148,0.010972376538376403,0.012113664475341422,-0.9994653758624427,0.0
381.793909072876,798.0,169.6818181818182,16.681818181818183,8.171332431192344e306,4.590909090909091,0.0906663564029202,0.012113664475341422,0.24938820800425532,-0.9999685456584495,0.0027988754020501806,0.004029396260472148,0.010972376538376403,0.012113664475341422,-0.9994653758624427,0.0
387.17955803871155,809.0,176.3181818181818,16.681818181818183,8.171332431192344e306,4.590909090909091,0.0906663564029202,0.012113664475341422,0.24938820800425532,-0.9999685456584495,0.0027988754020501806,0.004029396260472148,0.010972376538376403,0.012113664475341422,-0.9994653758624427,0.0
392.5099332332611,820.0,201.95,15.6,8.988465674311579e306,4.35,0.0906663564029202,0.012113664475341422,0.24938820800425532,-0.9999685456584495,0.0027988754020501806,0.004029396260472148,0.010972376538376403,0.012113664475341422,-0.9994653758624427,0.0
397.7691390514374,831.0,190.57142857142858,15.666666666666666,8.560443499344361e306,4.380952380952381,0.0906663564029202,0.012113664475341422,0.24938820800425532,-0.9999685456584495,0.0027988754020501806,0.004029396260472148,0.010972376538376403,0.012113664475341422,-0.9994653758624427,0.0
403.0576021671295,842.0,200.1904761904762,15.666666666666666,8.560443499344361e306,4.380952380952381,0.0906663564029202,0.012113664475341422,0.24938820800425532,-0.9999685456584495,0.0027988754020501806,0.004029396260472148,0.010972376538376403,0.012113664475341422,-0.9994653758624427,0.0
408.54238414764404,853.0,206.15,15.35,2.6815615859885196e153,4.3,0.0906663564029202,0.012113664475341422,0.24938820800425532,-0.9999685456584495,0.0027988754020501806,0.004029396260472148,0.010972376538376403,0.012113664475341422,-0.9994653758624427,0.0
414.0296070575714,864.0,205.23809523809524,15.571428571428571,2.553868177131923e153,4.333333333333333,0.0906663564029202,0.012113664475341422,0.24938820800425532,-0.9999685456584495,0.0027988754020501806,0.004029396260472148,0.010972376538376403,0.012113664475341422,-0.9994653758624427,0.0
419.1026952266693,874.0,214.76190476190476,15.571428571428571,2.553868177131923e153,4.333333333333333,0.0906663564029202,0.012113664475341422,0.24938820800425532,-0.9999685456584495,0.0027988754020501806,0.004029396260472148,0.010972376538376403,0.012113664475341422,-0.9994653758624427,0.0
424.14072012901306,884.0,219.61904761904762,15.571428571428571,2.553868177131923e153,4.238095238095238,0.08872608264739393,0.01148400623164817,0.2251992620923886,-0.9999701806290645,0.0027420295360570976,0.0040857608462394725,0.011667182235191509,0.01148400623164817,-0.9994942744644728,0.0
429.51178002357483,892.0,225.0952380952381,15.571428571428571,2.553868177131923e153,4.238095238095238,0.08872608264739393,0.01148400623164817,0.2251992620923886,-0.9999701806290645,0.0027420295360570976,0.0040857608462394725,0.011667182235191509,0.01148400623164817,-0.9994942744644728,0.0
434.9712190628052,904.0,215.95238095238096,15.571428571428571,2.553868177131923e153,4.238095238095238,0.08872608264739393,0.01148400623164817,0.2251992620923886,-0.9999701806290645,0.0027420295360570976,0.0040857608462394725,0.011667182235191509,0.01148400623164817,-0.9994942744644728,0.0
440.01898217201233,915.0,226.42857142857142,15.571428571428571,2.553868177131923e153,4.238095238095238,0.08872608264739393,0.01148400623164817,0.2251992620923886,-0.9999701806290645,0.0027420295360570976,0.0040857608462394725,0.011667182235191509,0.01148400623164817,-0.9994942744644728,0.0
445.1327471733093,926.0,193.13636363636363,15.863636363636363,2.437783259989563e153,4.318181818181818,0.08872608264739393,0.01148400623164817,0.2251992620923886,-0.9999701806290645,0.0027420295360570976,0.0040857608462394725,0.011667182235191509,0.01148400623164817,-0.9994942744644728,0.0
450.56551718711853,938.0,193.13636363636363,15.818181818181818,2.437783259989563e153,4.2727272727272725,0.08872608264739393,0.01148400623164817,0.2251992620923886,-0.9999701806290645,0.0027420295360570976,0.0040857608462394725,0.011667182235191509,0.01148400623164817,-0.9994942744644728,0.0
455.9550051689148,950.0,199.95454545454547,15.818181818181818,2.437783259989563e153,4.2727272727272725,0.08872608264739393,0.01148400623164817,0.2251992620923886,-0.9999701806290645,0.0027420295360570976,0.0040857608462394725,0.011667182235191509,0.01148400623164817,-0.9994942744644728,0.0
460.9614531993866,961.0,190.6818181818182,15.818181818181818,2.437783259989563e153,4.2727272727272725,0.08872608264739393,0.01148400623164817,0.2251992620923886,-0.9999701806290645,0.0027420295360570976,0.0040857608462394725,0.011667182235191509,0.01148400623164817,-0.9994942744644728,0.0
465.97411918640137,972.0,199.5909090909091,15.818181818181818,2.437783259989563e153,4.2727272727272725,0.08872608264739393,0.01148400623164817,0.2251992620923886,-0.9999701806290645,0.0027420295360570976,0.0040857608462394725,0.011667182235191509,0.01148400623164817,-0.9994942744644728,0.0
470.98766803741455,983.0,206.1818181818182,15.818181818181818,2.437783259989563e153,4.2727272727272725,0.08872608264739393,0.01148400623164817,0.2251992620923886,-0.9999701806290645,0.0027420295360570976,0.0040857608462394725,0.011667182235191509,0.01148400623164817,-0.9994942744644728,0.0
476.0618431568146,994.0,200.45454545454547,15.818181818181818,2.437783259989563e153,4.2727272727272725,0.08872608264739393,0.01148400623164817,0.2251992620923886,-0.9999701806290645,0.0027420295360570976,0.0040857608462394725,0.011667182235191509,0.01148400623164817,-0.9994942744644728,0.0
481.47732400894165,1006.0,208.0,15.818181818181818,2.437783259989563e153,4.2727272727272725,0.08872608264739393,0.01148400623164817,0.2251992620923886,-0.9999701806290645,0.0027420295360570976,0.0040857608462394725,0.011667182235191509,0.01148400623164817,-0.9994942744644728,0.0
486.8830142021179,1018.0,219.45454545454547,15.818181818181818,2.437783259989563e153,4.2727272727272725,0.08872608264739393,0.01148400623164817,0.2251992620923886,-0.9999701806290645,0.0027420295360570976,0.0040857608462394725,0.011667182235191509,0.01148400623164817,-0.9994942744644728,0.0
492.3127820491791,1030.0,230.22727272727272,15.818181818181818,2.437783259989563e153,4.2727272727272725,0.08872608264739393,0.01148400623164817,0.2251992620923886,-0.9999701806290645,0.0027420295360570976,0.0040857608462394725,0.011667182235191509,0.01148400623164817,-0.9994942744644728,0.0
497.3506290912628,1041.0,240.86363636363637,15.818181818181818,2.437783259989563e153,4.2727272727272725,0.08872608264739393,0.01148400623164817,0.2251992620923886,-0.9999701806290645,0.0027420295360570976,0.0040857608462394725,0.011667182235191509,0.01148400623164817,-0.9994942744644728,0.0
502.4658761024475,1052.0,248.36363636363637,15.818181818181818,2.437783259989563e153,4.2727272727272725,0.08872608264739393,0.01148400623164817,0.2251992620923886,-0.9999701806290645,0.0027420295360570976,0.0040857608462394725,0.011667182235191509,0.01148400623164817,-0.9994942744644728,0.0
507.63859820365906,1063.0,251.8181818181818,15.772727272727273,1.01367023653286e42,4.181818181818182,0.08870332740985015,0.01148400623164817,0.22019824811887645,-0.9999701806290645,0.002733742093304474,0.00396196303730505,0.011619120362131816,0.01148400623164817,-0.9994942744644728,0.0
512.8572750091553,1074.0,262.8181818181818,15.772727272727273,1.01367023653286e42,4.181818181818182,0.08870332740985015,0.01148400623164817,0.22019824811887645,-0.9999701806290645,0.002733742093304474,0.00396196303730505,0.011619120362131816,0.01148400623164817,-0.9994942744644728,0.0
517.9371280670166,1085.0,270.3181818181818,15.772727272727273,1.01367023653286e42,4.181818181818182,0.08870332740985015,0.01148400623164817,0.22019824811887645,-0.9999701806290645,0.002733742093304474,0.00396196303730505,0.011619120362131816,0.01148400623164817,-0.9994942744644728,0.0
523.1126220226288,1096.0,269.04545454545456,15.772727272727273,1.01367023653286e42,4.136363636363637,0.08870332740985015,0.01148400623164817,0.22019824811887645,-0.9999701806290645,0.002733742093304474,0.00396196303730505,0.011619120362131816,0.01148400623164817,-0.9994942744644728,0.0
528.4071340560913,1107.0,280.04545454545456,15.772727272727273,1.01367023653286e42,4.136363636363637,0.08870332740985015,0.01148400623164817,0.22019824811887645,-0.9999701806290645,0.002733742093304474,0.00396196303730505,0.011619120362131816,0.01148400623164817,-0.9994942744644728,0.0
533.4826200008392,1118.0,280.27272727272725,15.727272727272727,2.437783259989563e153,4.2272727272727275,0.08605034901302307,0.011109795238392952,0.21033972022102176,-0.9999711523053412,0.0026577951659601303,0.0038540592113097305,0.009496512990699759,0.011109795238392952,-0.9994942744644728,0.0
538.6234760284424,1129.0,289.5,15.727272727272727,2.437783259989563e153,4.2272727272727275,0.08605034901302307,0.011109795238392952,0.21033972022102176,-0.9999711523053412,0.0026577951659601303,0.0038540592113097305,0.009496512990699759,0.011109795238392952,-0.9994942744644728,0.0
543.7345840930939,1140.0,289.8636363636364,15.727272727272727,2.437783259989563e153,4.2272727272727275,0.08605034901302307,0.011109795238392952,0.21033972022102176,-0.9999711523053412,0.0026577951659601303,0.0038540592113097305,0.009496512990699759,0.011109795238392952,-0.9994942744644728,0.0
548.8629162311554,1151.0,300.8636363636364,15.727272727272727,2.437783259989563e153,4.2272727272727275,0.08605034901302307,0.011109795238392952,0.21033972022102176,-0.9999711523053412,0.0026577951659601303,0.0038540592113097305,0.009496512990699759,0.011109795238392952,-0.9994942744644728,0.0
554.0340480804443,1162.0,315.5238095238095,15.619047619047619,2.553868177131923e153,4.238095238095238,0.08605034901302307,0.011109795238392952,0.21033972022102176,-0.9999711523053412,0.0026577951659601303,0.0038540592113097305,0.009496512990699759,0.011109795238392952,-0.9994942744644728,0.0
559.2462341785431,1173.0,309.3333333333333,15.619047619047619,2.553868177131923e153,4.238095238095238,0.08605034901302307,0.011109795238392952,0.21033972022102176,-0.9999711523053412,0.0026577951659601303,0.0038540592113097305,0.009496512990699759,0.011109795238392952,-0.9994942744644728,0.0
564.4581370353699,1184.0,306.09090909090907,16.136363636363637,2.437783259989563e153,4.318181818181818,0.08605034901302307,0.011109795238392952,0.21033972022102176,-0.9999711523053412,0.0026577951659601303,0.0038540592113097305,0.009496512990699759,0.011109795238392952,-0.9994942744644728,0.0
569.6542301177979,1195.0,330.76190476190476,15.619047619047619,2.553868177131923e153,4.238095238095238,0.08605034901302307,0.011109795238392952,0.21033972022102176,-0.9999711523053412,0.0026577951659601303,0.0038540592113097305,0.009496512990699759,0.011109795238392952,-0.9994942744644728,0.0
574.7676160335541,1206.0,304.3333333333333,15.619047619047619,2.553868177131923e153,4.238095238095238,0.08605034901302307,0.011109795238392952,0.21033972022102176,-0.9999711523053412,0.0026577951659601303,0.0038540592113097305,0.009496512990699759,0.011109795238392952,-0.9994942744644728,0.0
579.8792459964752,1217.0,315.3333333333333,15.619047619047619,2.553868177131923e153,4.238095238095238,0.08605034901302307,0.011109795238392952,0.21033972022102176,-0.9999711523053412,0.0026577951659601303,0.0038540592113097305,0.009496512990699759,0.011109795238392952,-0.9994942744644728,0.0
585.0491101741791,1228.0,326.3333333333333,15.619047619047619,2.553868177131923e153,4.238095238095238,0.08605034901302307,0.011109795238392952,0.21033972022102176,-0.9999711523053412,0.0026577951659601303,0.0038540592113097305,0.009496512990699759,0.011109795238392952,-0.9994942744644728,0.0
590.0781171321869,1239.0,337.3333333333333,15.619047619047619,2.553868177131923e153,4.238095238095238,0.08605034901302307,0.011109795238392952,0.21033972022102176,-0.9999711523053412,0.0026577951659601303,0.0038540592113097305,0.009496512990699759,0.011109795238392952,-0.9994942744644728,0.0
595.0812380313873,1250.0,348.3333333333333,15.619047619047619,2.553868177131923e153,4.238095238095238,0.08605034901302307,0.011109795238392952,0.21033972022102176,-0.9999711523053412,0.0026577951659601303,0.0038540592113097305,0.009496512990699759,0.011109795238392952,-0.9994942744644728,0.0
600.1289591789246,1261.0,359.3333333333333,15.619047619047619,2.553868177131923e153,4.238095238095238,0.08605034901302307,0.011109795238392952,0.21033972022102176,-0.9999711523053412,0.0026577951659601303,0.0038540592113097305,0.009496512990699759,0.011109795238392952,-0.9994942744644728,0.0
605.5372140407562,1273.0,371.3333333333333,15.619047619047619,2.553868177131923e153,4.238095238095238,0.08605034901302307,0.011109795238392952,0.21033972022102176,-0.9999711523053412,0.0026577951659601303,0.0038540592113097305,0.009496512990699759,0.011109795238392952,-0.9994942744644728,0.0
610.9460780620575,1285.0,383.3333333333333,15.619047619047619,2.553868177131923e153,4.238095238095238,0.08605034901302307,0.011109795238392952,0.21033972022102176,-0.9999711523053412,0.0026577951659601303,0.0038540592113097305,0.009496512990699759,0.011109795238392952,-0.9994942744644728,0.0
615.9754161834717,1296.0,394.3333333333333,15.619047619047619,2.553868177131923e153,4.238095238095238,0.08605034901302307,0.011109795238392952,0.21033972022102176,-0.9999711523053412,0.0026577951659601303,0.0038540592113097305,0.009496512990699759,0.011109795238392952,-0.9994942744644728,0.0
621.4075992107391,1308.0,406.3333333333333,15.619047619047619,2.553868177131923e153,4.238095238095238,0.08605034901302307,0.011109795238392952,0.21033972022102176,-0.9999711523053412,0.0026577951659601303,0.0038540592113097305,0.009496512990699759,0.011109795238392952,-0.9994942744644728,0.0
626.458291053772,1319.0,411.95238095238096,15.619047619047619,2.553868177131923e153,4.238095238095238,0.08605034901302307,0.011109795238392952,0.21033972022102176,-0.9999711523053412,0.0026577951659601303,0.0038540592113097305,0.009496512990699759,0.011109795238392952,-0.9994942744644728,0.0
631.4775512218475,1330.0,422.95238095238096,15.619047619047619,2.553868177131923e153,4.238095238095238,0.08605034901302307,0.011109795238392952,0.21033972022102176,-0.9999711523053412,0.0026577951659601303,0.0038540592113097305,0.009496512990699759,0.011109795238392952,-0.9994942744644728,0.0
636.640575170517,1341.0,433.95238095238096,15.619047619047619,2.553868177131923e153,4.238095238095238,0.08605034901302307,0.011109795238392952,0.21033972022102176,-0.9999711523053412,0.0026577951659601303,0.0038540592113097305,0.009496512990699759,0.011109795238392952,-0.9994942744644728,0.0
641.7206480503082,1352.0,444.95238095238096,15.619047619047619,2.553868177131923e153,4.238095238095238,0.08605034901302307,0.011109795238392952,0.21033972022102176,-0.9999711523053412,0.0026577951659601303,0.0038540592113097305,0.009496512990699759,0.011109795238392952,-0.9994942744644728,0.0
647.1591320037842,1364.0,442.8095238095238,15.619047619047619,2.553868177131923e153,4.238095238095238,0.08605034901302307,0.011109795238392952,0.21033972022102176,-0.9999711523053412,0.0026577951659601303,0.0038540592113097305,0.009496512990699759,0.011109795238392952,-0.9994942744644728,0.0
652.1822671890259,1375.0,453.8095238095238,15.619047619047619,2.553868177131923e153,4.238095238095238,0.08605034901302307,0.011109795238392952,0.21033972022102176,-0.9999711523053412,0.0026577951659601303,0.0038540592113097305,0.009496512990699759,0.011109795238392952,-0.9994942744644728,0.0
657.3069632053375,1386.0,464.8095238095238,15.619047619047619,2.553868177131923e153,4.238095238095238,0.08605034901302307,0.011109795238392952,0.21033972022102176,-0.9999711523053412,0.0026577951659601303,0.0038540592113097305,0.009496512990699759,0.011109795238392952,-0.9994942744644728,0.0
662.4257001876831,1397.0,451.9047619047619,15.619047619047619,2.553868177131923e153,4.238095238095238,0.08605034901302307,0.011109795238392952,0.21033972022102176,-0.9999711523053412,0.0026577951659601303,0.0038540592113097305,0.009496512990699759,0.011109795238392952,-0.9994942744644728,0.0
667.6169312000275,1408.0,462.3809523809524,15.619047619047619,2.553868177131923e153,4.238095238095238,0.08605034901302307,0.011109795238392952,0.21033972022102176,-0.9999711523053412,0.0026577951659601303,0.0038540592113097305,0.009496512990699759,0.011109795238392952,-0.9994942744644728,0.0
672.7441232204437,1419.0,458.6666666666667,15.619047619047619,2.553868177131923e153,4.238095238095238,0.08596772466382611,0.011106370764007039,0.21011466531153644,-0.9999711611973314,0.0026558312210582277,0.003862501827002652,0.009428525179747514,0.011106370764007039,-0.9994942744644728,0.0
677.8573451042175,1430.0,469.1904761904762,15.619047619047619,2.553868177131923e153,4.238095238095238,0.08596772466382611,0.011106370764007039,0.21011466531153644,-0.9999711611973314,0.0026558312210582277,0.003862501827002652,0.009428525179747514,0.011106370764007039,-0.9994942744644728,0.0
682.9682171344757,1441.0,456.6190476190476,15.619047619047619,2.553868177131923e153,4.238095238095238,0.08596772466382611,0.011106370764007039,0.21011466531153644,-0.9999711611973314,0.0026558312210582277,0.003862501827002652,0.009428525179747514,0.011106370764007039,-0.9994942744644728,0.0
688.0776150226593,1452.0,452.23809523809524,15.619047619047619,2.553868177131923e153,4.285714285714286,0.08596772466382611,0.011106370764007039,0.21011466531153644,-0.9999711611973314,0.0026558312210582277,0.003862501827002652,0.009428525179747514,0.011106370764007039,-0.9994942744644728,0.0
693.2362480163574,1463.0,462.6666666666667,15.619047619047619,2.553868177131923e153,4.285714285714286,0.08596772466382611,0.011106370764007039,0.21011466531153644,-0.9999711611973314,0.0026558312210582277,0.003862501827002652,0.009428525179747514,0.011106370764007039,-0.9994942744644728,0.0
698.2907030582428,1474.0,389.3333333333333,15.619047619047619,2.553868177131923e153,4.285714285714286,0.08596772466382611,0.011106370764007039,0.21011466531153644,-0.9999711611973314,0.0026558312210582277,0.003862501827002652,0.009428525179747514,0.011106370764007039,-0.999523173066503,0.0
703.6602790355682,1486.0,383.1818181818182,16.272727272727273,2.437783259989563e153,4.454545454545454,0.08551089423116895,0.01106439367457889,0.21011466531153644,-0.9999712701950432,0.0026558312210582277,0.0037990731858876282,0.009428525179747514,0.01106439367457889,-0.999523173066503,0.0
709.0050251483917,1498.0,373.09090909090907,16.272727272727273,2.437783259989563e153,4.454545454545454,0.08551089423116895,0.01106439367457889,0.21011466531153644,-0.9999712701950432,0.0026558312210582277,0.0037990731858876282,0.009428525179747514,0.01106439367457889,-0.999523173066503,0.0
714.4299261569977,1510.0,377.76190476190476,16.095238095238095,2.553868177131923e153,4.428571428571429,0.08551089423116895,0.01106439367457889,0.21011466531153644,-0.9999712701950432,0.0026558312210582277,0.0037990731858876282,0.009428525179747514,0.01106439367457889,-0.999523173066503,0.0
719.8184151649475,1522.0,389.04761904761904,16.095238095238095,2.553868177131923e153,4.428571428571429,0.08551089423116895,0.01106439367457889,0.21011466531153644,-0.9999712701950432,0.0026558312210582277,0.0037990731858876282,0.009428525179747514,0.01106439367457889,-0.999523173066503,0.0
724.8786082267761,1533.0,399.8095238095238,16.095238095238095,2.553868177131923e153,4.428571428571429,0.08551089423116895,0.01106439367457889,0.21011466531153644,-0.9999712701950432,0.0026558312210582277,0.0037990731858876282,0.009428525179747514,0.01106439367457889,-0.999523173066503,0.0
730.0321011543274,1544.0,410.0,16.095238095238095,2.553868177131923e153,4.428571428571429,0.08551089423116895,0.01106439367457889,0.21011466531153644,-0.9999712701950432,0.0026558312210582277,0.0037990731858876282,0.009428525179747514,0.01106439367457889,-0.999523173066503,0.0
735.2263770103455,1555.0,420.5238095238095,16.095238095238095,2.553868177131923e153,4.428571428571429,0.08551089423116895,0.01106439367457889,0.21011466531153644,-0.9999712701950432,0.0026558312210582277,0.0037990731858876282,0.009428525179747514,0.01106439367457889,-0.999523173066503,0.0
740.3480870723724,1566.0,421.23809523809524,16.095238095238095,2.553868177131923e153,4.428571428571429,0.08551089423116895,0.01106439367457889,0.21011466531153644,-0.9999712701950432,0.0026558312210582277,0.0037990731858876282,0.009428525179747514,0.01106439367457889,-0.999523173066503,0.0
745.4180181026459,1577.0,431.76190476190476,16.095238095238095,2.553868177131923e153,4.428571428571429,0.08551089423116895,0.01106439367457889,0.21011466531153644,-0.9999712701950432,0.0026558312210582277,0.0037990731858876282,0.009428525179747514,0.01106439367457889,-0.999523173066503,0.0
750.5086860656738,1588.0,442.3809523809524,16.095238095238095,2.553868177131923e153,4.428571428571429,0.08551089423116895,0.01106439367457889,0.21011466531153644,-0.9999712701950432,0.0026558312210582277,0.0037990731858876282,0.009428525179747514,0.01106439367457889,-0.999523173066503,0.0
755.7072701454163,1599.0,412.0,16.095238095238095,2.553868177131923e153,4.380952380952381,0.08551089423116895,0.01106439367457889,0.21011466531153644,-0.9999712701950432,0.0026558312210582277,0.0037990731858876282,0.009428525179747514,0.01106439367457889,-0.999523173066503,0.0
760.7656071186066,1610.0,417.6190476190476,16.095238095238095,2.553868177131923e153,4.380952380952381,0.08551089423116895,0.01106439367457889,0.21011466531153644,-0.9999712701950432,0.0026558312210582277,0.0037990731858876282,0.009428525179747514,0.01106439367457889,-0.999523173066503,0.0
765.9344480037689,1621.0,427.4761904761905,16.095238095238095,2.553868177131923e153,4.380952380952381,0.08551089423116895,0.01106439367457889,0.21011466531153644,-0.9999712701950432,0.0026558312210582277,0.0037990731858876282,0.009428525179747514,0.01106439367457889,-0.999523173066503,0.0
771.15811419487,1632.0,437.9047619047619,16.095238095238095,2.553868177131923e153,4.380952380952381,0.08551089423116895,0.01106439367457889,0.21011466531153644,-0.9999712701950432,0.0026558312210582277,0.0037990731858876282,0.009428525179747514,0.01106439367457889,-0.999523173066503,0.0
776.340231180191,1643.0,448.3809523809524,16.095238095238095,2.553868177131923e153,4.380952380952381,0.08551089423116895,0.01106439367457889,0.21011466531153644,-0.9999712701950432,0.0026558312210582277,0.0037990731858876282,0.009428525179747514,0.01106439367457889,-0.999523173066503,0.0
781.4811911582947,1654.0,450.42857142857144,16.095238095238095,2.553868177131923e153,4.380952380952381,0.08551089423116895,0.01106439367457889,0.21011466531153644,-0.9999712701950432,0.0026558312210582277,0.0037990731858876282,0.009428525179747514,0.01106439367457889,-0.9994942744644728,0.0
786.6929950714111,1665.0,460.76190476190476,16.095238095238095,2.553868177131923e153,4.380952380952381,0.08551089423116895,0.01106439367457889,0.21011466531153644,-0.9999712701950432,0.0026558312210582277,0.0037990731858876282,0.009428525179747514,0.01106439367457889,-0.9994942744644728,0.0
791.8901741504669,1676.0,471.2857142857143,16.095238095238095,2.553868177131923e153,4.380952380952381,0.08551089423116895,0.01106439367457889,0.21011466531153644,-0.9999712701950432,0.0026558312210582277,0.0037990731858876282,0.009428525179747514,0.01106439367457889,-0.9994942744644728,0.0
797.0977900028229,1687.0,481.7142857142857,16.095238095238095,2.553868177131923e153,4.380952380952381,0.08551089423116895,0.01106439367457889,0.21011466531153644,-0.9999712701950432,0.0026558312210582277,0.0037990731858876282,0.009428525179747514,0.01106439367457889,-0.9994942744644728,0.0
802.3065271377563,1698.0,492.2857142857143,16.095238095238095,2.553868177131923e153,4.380952380952381,0.08551089423116895,0.01106439367457889,0.21011466531153644,-0.9999712701950432,0.0026558312210582277,0.0037990731858876282,0.009428525179747514,0.01106439367457889,-0.9994942744644728,0.0
807.49831199646,1709.0,480.59090909090907,16.181818181818183,2.437783259989563e153,4.454545454545454,0.08551089423116895,0.01106439367457889,0.21011466531153644,-0.9999712701950432,0.0026558312210582277,0.0037990731858876282,0.009428525179747514,0.01106439367457889,-0.9994942744644728,0.0
812.5791170597076,1720.0,491.59090909090907,16.181818181818183,2.437783259989563e153,4.454545454545454,0.08551089423116895,0.01106439367457889,0.21011466531153644,-0.9999712701950432,0.0026558312210582277,0.0037990731858876282,0.009428525179747514,0.01106439367457889,-0.9994942744644728,0.0
817.7051780223846,1731.0,480.9130434782609,16.52173913043478,2.3317926834682777e153,4.521739130434782,0.08551089423116895,0.01106439367457889,0.21011466531153644,-0.9999712701950432,0.0026558312210582277,0.0037990731858876282,0.009428525179747514,0.01106439367457889,-0.9994942744644728,0.0
822.917955160141,1742.0,491.9130434782609,16.52173913043478,2.3317926834682777e153,4.521739130434782,0.08551089423116895,0.01106439367457889,0.21011466531153644,-0.9999712701950432,0.0026558312210582277,0.0037990731858876282,0.009428525179747514,0.01106439367457889,-0.9994942744644728,0.0
828.0781180858612,1753.0,455.7826086956522,16.52173913043478,2.3317926834682777e153,4.478260869565218,0.08551089423116895,0.01106439367457889,0.21011466531153644,-0.9999712701950432,0.0026558312210582277,0.0037990731858876282,0.009428525179747514,0.01106439367457889,-0.9994942744644728,0.0
833.2953000068665,1764.0,442.04347826086956,16.52173913043478,2.3317926834682777e153,4.478260869565218,0.08551089423116895,0.01106439367457889,0.21011466531153644,-0.9999712701950432,0.0026558312210582277,0.0037990731858876282,0.009428525179747514,0.01106439367457889,-0.9994942744644728,0.0
838.5634870529175,1775.0,453.04347826086956,16.52173913043478,2.3317926834682777e153,4.478260869565218,0.08551089423116895,0.01106439367457889,0.21011466531153644,-0.9999712701950432,0.0026558312210582277,0.0037990731858876282,0.009428525179747514,0.01106439367457889,-0.9994942744644728,0.0
843.9065752029419,1786.0,464.04347826086956,16.52173913043478,2.3317926834682777e153,4.478260869565218,0.08551089423116895,0.01106439367457889,0.21011466531153644,-0.9999712701950432,0.0026558312210582277,0.0037990731858876282,0.009428525179747514,0.01106439367457889,-0.9994942744644728,0.0
849.23872423172,1797.0,472.95652173913044,16.52173913043478,2.3317926834682777e153,4.478260869565218,0.08551089423116895,0.01106439367457889,0.21011466531153644,-0.9999712701950432,0.0026558312210582277,0.0037990731858876282,0.009428525179747514,0.01106439367457889,-0.9994942744644728,0.0
854.6514120101929,1808.0,464.0833333333333,16.416666666666668,2.2346346549904327e153,4.416666666666667,0.08551089423116895,0.01106439367457889,0.21011466531153644,-0.9999712701950432,0.0026558312210582277,0.0037990731858876282,0.009428525179747514,0.01106439367457889,-0.9994942744644728,0.0
859.9260160923004,1819.0,475.0833333333333,16.416666666666668,2.2346346549904327e153,4.416666666666667,0.08551089423116895,0.01106439367457889,0.21011466531153644,-0.9999712701950432,0.0026558312210582277,0.0037990731858876282,0.009428525179747514,0.01106439367457889,-0.9994942744644728,0.0
865.1755270957947,1830.0,483.25,16.416666666666668,2.2346346549904327e153,4.416666666666667,0.08551089423116895,0.01106439367457889,0.21011466531153644,-0.9999712701950432,0.0026558312210582277,0.0037990731858876282,0.009428525179747514,0.01106439367457889,-0.9994942744644728,0.0
870.3857991695404,1841.0,494.25,16.416666666666668,2.2346346549904327e153,4.416666666666667,0.08551089423116895,0.01106439367457889,0.21011466531153644,-0.9999712701950432,0.0026558312210582277,0.0037990731858876282,0.009428525179747514,0.01106439367457889,-0.9994942744644728,0.0
875.641154050827,1852.0,463.5833333333333,16.416666666666668,2.2346346549904327e153,4.375,0.08551089423116895,0.01106439367457889,0.21011466531153644,-0.9999712701950432,0.0026558312210582277,0.0037990731858876282,0.009428525179747514,0.01106439367457889,-0.9994942744644728,0.0
880.8708682060242,1863.0,474.5833333333333,16.416666666666668,2.2346346549904327e153,4.375,0.08551089423116895,0.01106439367457889,0.21011466531153644,-0.9999712701950432,0.0026558312210582277,0.0037990731858876282,0.009428525179747514,0.01106439367457889,-0.9994942744644728,0.0
886.2140910625458,1874.0,485.5833333333333,16.416666666666668,2.2346346549904327e153,4.375,0.08551089423116895,0.01106439367457889,0.21011466531153644,-0.9999712701950432,0.0026558312210582277,0.0037990731858876282,0.009428525179747514,0.01106439367457889,-0.9994942744644728,0.0
891.5836341381073,1885.0,502.60869565217394,16.0,2.3317926834682777e153,4.260869565217392,0.08551089423116895,0.01106439367457889,0.21011466531153644,-0.9999712701950432,0.0026558312210582277,0.0037990731858876282,0.009428525179747514,0.01106439367457889,-0.9994942744644728,0.0
896.9211370944977,1896.0,505.39130434782606,16.0,2.3317926834682777e153,4.260869565217392,0.08551089423116895,0.01106439367457889,0.21011466531153644,-0.9999712701950432,0.0026558312210582277,0.0037990731858876282,0.009428525179747514,0.01106439367457889,-0.9994942744644728,0.0
902.3396511077881,1907.0,485.09090909090907,15.363636363636363,2.437783259989563e153,4.136363636363637,0.08579731448215983,0.011058720773288169,0.21263748568684804,-0.9999712849252989,0.0026670795828237863,0.0038878450899207267,0.009121253377900594,0.011058720773288169,-0.9994942744644728,0.0
907.6814680099487,1918.0,496.0,15.363636363636363,2.437783259989563e153,4.136363636363637,0.08579731448215983,0.011058720773288169,0.21263748568684804,-0.9999712849252989,0.0026670795828237863,0.0038878450899207267,0.009121253377900594,0.011058720773288169,-0.9994942744644728,0.0
912.9179921150208,1929.0,507.0,15.363636363636363,2.437783259989563e153,4.136363636363637,0.08579731448215983,0.011058720773288169,0.21263748568684804,-0.9999712849252989,0.0026670795828237863,0.0038878450899207267,0.009121253377900594,0.011058720773288169,-0.9994942744644728,0.0
918.1146121025085,1940.0,514.0909090909091,15.363636363636363,2.437783259989563e153,4.181818181818182,0.08579731448215983,0.011058720773288169,0.21263748568684804,-0.9999712849252989,0.0026670795828237863,0.0038878450899207267,0.009121253377900594,0.011058720773288169,-0.9994942744644728,0.0
923.2898490428925,1951.0,518.6818181818181,15.363636363636363,2.437783259989563e153,4.181818181818182,0.08579731448215983,0.011058720773288169,0.21263748568684804,-0.9999712849252989,0.0026670795828237863,0.0038878450899207267,0.009121253377900594,0.011058720773288169,-0.9994942744644728,0.0
928.5380170345306,1962.0,529.6818181818181,15.363636363636363,2.437783259989563e153,4.181818181818182,0.08579731448215983,0.011058720773288169,0.21263748568684804,-0.9999712849252989,0.0026670795828237863,0.0038878450899207267,0.009121253377900594,0.011058720773288169,-0.9994942744644728,0.0
933.7074990272522,1973.0,540.6818181818181,15.363636363636363,2.437783259989563e153,4.181818181818182,0.08579731448215983,0.011058720773288169,0.21263748568684804,-0.9999712849252989,0.0026670795828237863,0.0038878450899207267,0.009121253377900594,0.011058720773288169,-0.9994942744644728,0.0
938.9197671413422,1984.0,551.6818181818181,15.363636363636363,2.437783259989563e153,4.181818181818182,0.08579731448215983,0.011058720773288169,0.21263748568684804,-0.9999712849252989,0.0026670795828237863,0.0038878450899207267,0.009121253377900594,0.011058720773288169,-0.9994942744644728,0.0
944.1990442276001,1995.0,562.6818181818181,15.363636363636363,2.437783259989563e153,4.181818181818182,0.08579731448215983,0.011058720773288169,0.21263748568684804,-0.9999712849252989,0.0026670795828237863,0.0038878450899207267,0.009121253377900594,0.011058720773288169,-0.9994942744644728,0.0
949.402006149292,2006.0,573.6818181818181,15.363636363636363,2.437783259989563e153,4.181818181818182,0.08579731448215983,0.011058720773288169,0.21263748568684804,-0.9999712849252989,0.0026670795828237863,0.0038878450899207267,0.009121253377900594,0.011058720773288169,-0.9994942744644728,0.0
954.6732141971588,2017.0,584.6818181818181,15.363636363636363,2.437783259989563e153,4.181818181818182,0.08579731448215983,0.011058720773288169,0.21263748568684804,-0.9999712849252989,0.0026670795828237863,0.0038878450899207267,0.009121253377900594,0.011058720773288169,-0.9994942744644728,0.0
959.9795532226562,2028.0,595.6818181818181,15.363636363636363,2.437783259989563e153,4.181818181818182,0.08579731448215983,0.011058720773288169,0.21263748568684804,-0.9999712849252989,0.0026670795828237863,0.0038878450899207267,0.009121253377900594,0.011058720773288169,-0.9994942744644728,0.0
965.3090569972992,2039.0,606.6818181818181,15.363636363636363,2.437783259989563e153,4.181818181818182,0.08579731448215983,0.011058720773288169,0.21263748568684804,-0.9999712849252989,0.0026670795828237863,0.0038878450899207267,0.009121253377900594,0.011058720773288169,-0.9994942744644728,0.0
970.6421282291412,2050.0,617.6818181818181,15.363636363636363,2.437783259989563e153,4.181818181818182,0.08579731448215983,0.011058720773288169,0.21263748568684804,-0.9999712849252989,0.0026670795828237863,0.0038878450899207267,0.009121253377900594,0.011058720773288169,-0.9994942744644728,0.0
975.8903760910034,2061.0,628.6818181818181,15.363636363636363,2.437783259989563e153,4.181818181818182,0.08579731448215983,0.011058720773288169,0.21263748568684804,-0.9999712849252989,0.0026670795828237863,0.0038878450899207267,0.009121253377900594,0.011058720773288169,-0.9994942744644728,0.0
981.0947730541229,2072.0,639.6818181818181,15.363636363636363,2.437783259989563e153,4.181818181818182,0.08579731448215983,0.011058720773288169,0.21263748568684804,-0.9999712849252989,0.0026670795828237863,0.0038878450899207267,0.009121253377900594,0.011058720773288169,-0.9994942744644728,0.0
986.3468761444092,2083.0,642.2727272727273,15.363636363636363,2.437783259989563e153,4.181818181818182,0.08579731448215983,0.011058720773288169,0.21263748568684804,-0.9999712849252989,0.0026670795828237863,0.0038878450899207267,0.009121253377900594,0.011058720773288169,-0.9994942744644728,0.0
991.6981852054596,2094.0,653.2727272727273,15.363636363636363,2.437783259989563e153,4.181818181818182,0.08579731448215983,0.011058720773288169,0.21263748568684804,-0.9999712849252989,0.0026670795828237863,0.0038878450899207267,0.009121253377900594,0.011058720773288169,-0.9994942744644728,0.0
996.9064152240753,2105.0,655.5909090909091,15.363636363636363,2.437783259989563e153,4.181818181818182,0.08579731448215983,0.011058720773288169,0.21263748568684804,-0.9999712849252989,0.0026670795828237863,0.0038878450899207267,0.009121253377900594,0.011058720773288169,-0.9994942744644728,0.0
1002.2963402271271,2116.0,666.5909090909091,15.363636363636363,2.437783259989563e153,4.181818181818182,0.08579731448215983,0.011058720773288169,0.21263748568684804,-0.9999712849252989,0.0026670795828237863,0.0038878450899207267,0.009121253377900594,0.011058720773288169,-0.9994942744644728,0.0
1007.6305510997772,2127.0,677.5909090909091,15.363636363636363,2.437783259989563e153,4.181818181818182,0.08579731448215983,0.011058720773288169,0.21263748568684804,-0.9999712849252989,0.0026670795828237863,0.0038878450899207267,0.009121253377900594,0.011058720773288169,-0.9994942744644728,0.0
1013.0152471065521,2138.0,662.5,15.363636363636363,2.437783259989563e153,4.181818181818182,0.08579731448215983,0.011058720773288169,0.21263748568684804,-0.9999712849252989,0.0026670795828237863,0.0038878450899207267,0.009121253377900594,0.011058720773288169,-0.9994942744644728,0.0
1018.2185740470886,2149.0,673.5,15.363636363636363,2.437783259989563e153,4.181818181818182,0.08579731448215983,0.011058720773288169,0.21263748568684804,-0.9999712849252989,0.0026670795828237863,0.0038878450899207267,0.009121253377900594,0.011058720773288169,-0.9994942744644728,0.0
1023.5245590209961,2160.0,634.5454545454545,15.318181818181818,4.875566519979126e153,4.2272727272727275,0.08579731448215983,0.011058720773288169,0.21263748568684804,-0.9999712849252989,0.002663622381134886,0.0038812267789062977,0.009121253377900594,0.011058720773288169,-0.9994942744644728,0.0
1028.8689360618591,2171.0,645.5454545454545,15.318181818181818,4.875566519979126e153,4.2272727272727275,0.08579731448215983,0.011058720773288169,0.21263748568684804,-0.9999712849252989,0.002663622381134886,0.0038812267789062977,0.009121253377900594,0.011058720773288169,-0.9994942744644728,0.0
1034.1746971607208,2182.0,640.1363636363636,15.318181818181818,4.875566519979126e153,4.2272727272727275,0.08579731448215983,0.011058720773288169,0.21263748568684804,-0.9999712849252989,0.002663622381134886,0.0038812267789062977,0.009121253377900594,0.011058720773288169,-0.9994942744644728,0.0
1039.18479514122,2192.0,627.6818181818181,15.318181818181818,4.875566519979126e153,4.2272727272727275,0.08579731448215983,0.011058720773288169,0.21263748568684804,-0.9999712849252989,0.002663622381134886,0.0038812267789062977,0.009121253377900594,0.011058720773288169,-0.9994942744644728,0.0
1044.630261182785,2203.0,564.8636363636364,15.318181818181818,4.875566519979126e153,4.2272727272727275,0.08579731448215983,0.011058720773288169,0.21263748568684804,-0.9999712849252989,0.002663622381134886,0.0038812267789062977,0.009121253377900594,0.011058720773288169,-0.9994942744644728,0.0
1050.059825181961,2214.0,575.8636363636364,15.318181818181818,4.875566519979126e153,4.2272727272727275,0.08579731448215983,0.011058720773288169,0.21263748568684804,-0.9999712849252989,0.002663622381134886,0.0038812267789062977,0.009121253377900594,0.011058720773288169,-0.9994942744644728,0.0
1055.3840401172638,2225.0,586.8636363636364,15.318181818181818,4.875566519979126e153,4.2272727272727275,0.08579731448215983,0.011058720773288169,0.21263748568684804,-0.9999712849252989,0.002663622381134886,0.0038812267789062977,0.009121253377900594,0.011058720773288169,-0.9994942744644728,0.0
1060.6853110790253,2236.0,597.8636363636364,15.318181818181818,4.875566519979126e153,4.2272727272727275,0.08579731448215983,0.011058720773288169,0.21263748568684804,-0.9999712849252989,0.002663622381134886,0.0038812267789062977,0.009121253377900594,0.011058720773288169,-0.9994942744644728,0.0
1066.0727121829987,2247.0,613.2857142857143,14.904761904761905,5.107736354263846e153,4.142857142857143,0.08579731448215983,0.011058720773288169,0.21263748568684804,-0.9999712849252989,0.002663622381134886,0.0038812267789062977,0.009121253377900594,0.011058720773288169,-0.9994942744644728,0.0
1071.470272064209,2258.0,624.2857142857143,14.904761904761905,5.107736354263846e153,4.142857142857143,0.08579731448215983,0.011058720773288169,0.21263748568684804,-0.9999712849252989,0.002663622381134886,0.0038812267789062977,0.009121253377900594,0.011058720773288169,-0.9994942744644728,0.0
1076.7054920196533,2269.0,641.05,14.55,5.363123171977039e153,4.05,0.08579731448215983,0.011058720773288169,0.21263748568684804,-0.9999712849252989,0.002663622381134886,0.0038812267789062977,0.009121253377900594,0.011058720773288169,-0.9994942744644728,0.0
1082.0832481384277,2280.0,651.9,14.55,5.363123171977039e153,4.05,0.08579731448215983,0.011058720773288169,0.21263748568684804,-0.9999712849252989,0.002663622381134886,0.0038812267789062977,0.009121253377900594,0.011058720773288169,-0.9994942744644728,0.0
1087.2869210243225,2291.0,662.9,14.55,5.363123171977039e153,4.05,0.08579731448215983,0.011058720773288169,0.21263748568684804,-0.9999712849252989,0.002663622381134886,0.0038812267789062977,0.009121253377900594,0.011058720773288169,-0.9994942744644728,0.0
1092.6840012073517,2302.0,673.9,14.55,5.363123171977039e153,4.05,0.08579731448215983,0.011058720773288169,0.21263748568684804,-0.9999712849252989,0.002663622381134886,0.0038812267789062977,0.009121253377900594,0.011058720773288169,-0.9994942744644728,0.0
1098.0493431091309,2313.0,684.9,14.55,5.363123171977039e153,4.05,0.08579731448215983,0.011058720773288169,0.21263748568684804,-0.9999712849252989,0.002663622381134886,0.0038812267789062977,0.009121253377900594,0.011058720773288169,-0.9994942744644728,0.0
1103.3941781520844,2324.0,695.9,14.55,5.363123171977039e153,4.05,0.08579731448215983,0.011058720773288169,0.21263748568684804,-0.9999712849252989,0.002663622381134886,0.0038812267789062977,0.009121253377900594,0.011058720773288169,-0.9994942744644728,0.0
1108.7711532115936,2335.0,699.8,14.55,5.363123171977039e153,4.05,0.08579731448215983,0.011058720773288169,0.21263748568684804,-0.9999712849252989,0.002663622381134886,0.0038812267789062977,0.009121253377900594,0.011058720773288169,-0.9994942744644728,0.0
1114.0795052051544,2346.0,710.8,14.55,5.363123171977039e153,4.05,0.08579731448215983,0.011058720773288169,0.21263748568684804,-0.9999712849252989,0.002663622381134886,0.0038812267789062977,0.009121253377900594,0.011058720773288169,-0.9994942744644728,0.0
1119.086067199707,2356.0,698.2,14.5,2.6815615859885196e153,4.0,0.0857077656302441,0.011023822383085363,0.21376998337337483,-0.9999713755424599,0.002663199056783714,0.0038750824417730333,0.009618428236830774,0.011023822383085363,-0.9994942744644728,0.0
1124.4105651378632,2367.0,709.2,14.5,2.6815615859885196e153,4.0,0.0857077656302441,0.011023822383085363,0.21376998337337483,-0.9999713755424599,0.002663199056783714,0.0038750824417730333,0.009618428236830774,0.011023822383085363,-0.9994942744644728,0.0
1129.7217180728912,2378.0,720.2,14.5,2.6815615859885196e153,4.0,0.0857077656302441,0.011023822383085363,0.21376998337337483,-0.9999713755424599,0.002663199056783714,0.0038750824417730333,0.009618428236830774,0.011023822383085363,-0.9994942744644728,0.0
1135.0897991657257,2389.0,731.2,14.5,2.6815615859885196e153,4.0,0.0857077656302441,0.011023822383085363,0.21376998337337483,-0.9999713755424599,0.002663199056783714,0.0038750824417730333,0.009618428236830774,0.011023822383085363,-0.9994942744644728,0.0
1140.2876651287079,2400.0,730.3,14.5,2.6815615859885196e153,4.0,0.0857077656302441,0.011023822383085363,0.21376998337337483,-0.9999713755424599,0.002663199056783714,0.0038750824417730333,0.009618361159887547,0.011023822383085363,-0.9994942744644728,0.0
1145.6192271709442,2411.0,713.85,14.35,3.402823669209385e37,3.95,0.0857077656302441,0.011023822383085363,0.21376998337337483,-0.9999713755424599,0.002663199056783714,0.0038750824417730333,0.009375315214807372,0.011023822383085363,-0.9994364772604125,0.0
1150.9207730293274,2422.0,684.25,14.35,3.402823669209385e37,3.95,0.0857077656302441,0.011023822383085363,0.21376998337337483,-0.9999713755424599,0.002663199056783714,0.0038750824417730333,0.009375315214807372,0.011023822383085363,-0.9994364772604125,0.0
1156.2765400409698,2433.0,669.95,14.35,3.402823669209385e37,3.95,0.0857077656302441,0.011023822383085363,0.21376998337337483,-0.9999713755424599,0.002663199056783714,0.0038750824417730333,0.009375315214807372,0.011023822383085363,-0.9994364772604125,0.0
1161.7429671287537,2444.0,675.95,14.35,3.402823669209385e37,3.95,0.0857077656302441,0.011023822383085363,0.21376998337337483,-0.9999713755424599,0.002663199056783714,0.0038750824417730333,0.009375315214807372,0.011023822383085363,-0.9994364772604125,0.0
1167.192806005478,2455.0,686.95,14.35,3.402823669209385e37,3.95,0.0857077656302441,0.011023822383085363,0.21376998337337483,-0.9999713755424599,0.002663199056783714,0.0038750824417730333,0.009375315214807372,0.011023822383085363,-0.9994364772604125,0.0
1172.5007181167603,2466.0,697.95,14.35,3.402823669209385e37,3.95,0.0857077656302441,0.011023822383085363,0.21376998337337483,-0.9999713755424599,0.002663199056783714,0.0038750824417730333,0.009375315214807372,0.011023822383085363,-0.9994364772604125,0.0
1177.8297441005707,2477.0,708.95,14.35,3.402823669209385e37,3.95,0.0857077656302441,0.011023822383085363,0.21376998337337483,-0.9999713755424599,0.002663199056783714,0.0038750824417730333,0.009375315214807372,0.011023822383085363,-0.9994364772604125,0.0
1183.2596311569214,2488.0,742.5263157894736,13.842105263157896,3.581919651799352e37,3.8421052631578947,0.0857077656302441,0.011023822383085363,0.21376998337337483,-0.9999713755424599,0.002663199056783714,0.0038750824417730333,0.009375315214807372,0.011023822383085363,-0.9995665209695481,0.0
1188.545342206955,2499.0,753.0,13.842105263157896,3.581919651799352e37,3.8421052631578947,0.0857077656302441,0.011023822383085363,0.21376998337337483,-0.9999713755424599,0.002663199056783714,0.0038750824417730333,0.009375315214807372,0.011023822383085363,-0.999552071668533,0.0
1193.837473154068,2510.0,715.7894736842105,13.842105263157896,3.581919651799352e37,3.8421052631578947,0.0857077656302441,0.011023822383085363,0.21376998337337483,-0.9999713755424599,0.002663199056783714,0.0038750824417730333,0.009375315214807372,0.011023822383085363,-0.999523173066503,0.0
1199.1241102218628,2521.0,726.1578947368421,13.842105263157896,3.581919651799352e37,3.8421052631578947,0.0857077656302441,0.011023822383085363,0.21376998337337483,-0.9999713755424599,0.002663199056783714,0.0038750824417730333,0.009375315214807372,0.011023822383085363,-0.999523173066503,0.0
1204.3739731311798,2532.0,727.7368421052631,13.789473684210526,3.581919651799352e37,3.8421052631578947,0.08583097973911238,0.010973648999293468,0.20989644665901608,-0.9999715058226698,0.0026632236668024277,0.0037019589912063566,0.009375315214807372,0.010973648999293468,-0.999523173066503,0.0
1209.7082030773163,2543.0,738.0,13.789473684210526,3.581919651799352e37,3.8421052631578947,0.08583097973911238,0.010973648999293468,0.20989644665901608,-0.9999715058226698,0.0026632236668024277,0.0037019589912063566,0.009375315214807372,0.010973648999293468,-0.999523173066503,0.0
1214.9734711647034,2554.0,748.421052631579,13.789473684210526,3.581919651799352e37,3.8421052631578947,0.08583097973911238,0.010973648999293468,0.20989644665901608,-0.9999715058226698,0.0026632236668024277,0.0037019589912063566,0.009375315214807372,0.010973648999293468,-0.999523173066503,0.0
1220.2822840213776,2565.0,757.3684210526316,13.789473684210526,3.581919651799352e37,3.8421052631578947,0.08590755423892299,0.010965175658178776,0.21367268405811757,-0.9999715278245476,0.0026632236668024277,0.00369348804618408,0.009375315214807372,0.010965175658178776,-0.999523173066503,0.0
1225.2885360717773,2575.0,766.7368421052631,13.789473684210526,3.581919651799352e37,3.8421052631578947,0.08590755423892299,0.010965175658178776,0.21367268405811757,-0.9999715278245476,0.0026632236668024277,0.00369348804618408,0.009375315214807372,0.010965175658178776,-0.999523173066503,0.0
1230.7533271312714,2586.0,777.3157894736842,13.789473684210526,3.581919651799352e37,3.8421052631578947,0.08590755423892299,0.010965175658178776,0.21367268405811757,-0.9999715278245476,0.0026632236668024277,0.00369348804618408,0.009375315214807372,0.010965175658178776,-0.999523173066503,0.0
1236.2133610248566,2597.0,787.8421052631579,13.789473684210526,3.581919651799352e37,3.8421052631578947,0.08590755423892299,0.010965175658178776,0.21367268405811757,-0.9999715278245476,0.0026632236668024277,0.00369348804618408,0.009375315214807372,0.010965175658178776,-0.999523173066503,0.0
1241.634710073471,2608.0,798.0,13.789473684210526,3.581919651799352e37,3.8421052631578947,0.08590755423892299,0.010965175658178776,0.21367268405811757,-0.9999715278245476,0.0026632236668024277,0.00369348804618408,0.009375315214807372,0.010965175658178776,-0.999523173066503,0.0
1247.0346460342407,2619.0,798.5263157894736,13.789473684210526,3.581919651799352e37,3.8421052631578947,0.08590755423892299,0.010965175658178776,0.21367268405811757,-0.9999715278245476,0.0026632236668024277,0.00369348804618408,0.009375315214807372,0.010965175658178776,-0.999523173066503,0.0
1252.4141840934753,2630.0,808.8421052631579,13.789473684210526,3.581919651799352e37,3.8421052631578947,0.08590755423892299,0.010965175658178776,0.21367268405811757,-0.9999715278245476,0.0026632236668024277,0.00369348804618408,0.009375315214807372,0.010965175658178776,-0.999523173066503,0.0
1257.6681320667267,2641.0,819.1578947368421,13.789473684210526,3.581919651799352e37,3.8421052631578947,0.08590755423892299,0.010965175658178776,0.21367268405811757,-0.9999715278245476,0.0026632236668024277,0.00369348804618408,0.009375315214807372,0.010965175658178776,-0.999523173066503,0.0
1263.0065350532532,2652.0,803.0,13.789473684210526,3.581919651799352e37,3.8421052631578947,0.08590755423892299,0.010965175658178776,0.21367268405811757,-0.9999715278245476,0.0026632236668024277,0.00369348804618408,0.009375315214807372,0.010965175658178776,-0.999523173066503,0.0
1268.364282131195,2663.0,813.421052631579,13.789473684210526,3.581919651799352e37,3.8421052631578947,0.08590755423892299,0.010965175658178776,0.21367268405811757,-0.9999715278245476,0.0026632236668024277,0.00369348804618408,0.009375315214807372,0.010965175658178776,-0.999523173066503,0.0
1273.7604801654816,2674.0,823.8947368421053,13.789473684210526,3.581919651799352e37,3.8421052631578947,0.08590755423892299,0.010965175658178776,0.21367268405811757,-0.9999715278245476,0.0026632236668024277,0.00369348804618408,0.009375315214807372,0.010965175658178776,-0.999523173066503,0.0
1279.2601051330566,2685.0,834.421052631579,13.789473684210526,3.581919651799352e37,3.8421052631578947,0.08590755423892299,0.010965175658178776,0.21367268405811757,-0.9999715278245476,0.0026632236668024277,0.00369348804618408,0.009375315214807372,0.010965175658178776,-0.999523173066503,0.0
1284.7647490501404,2696.0,844.7368421052631,13.789473684210526,3.581919651799352e37,3.8421052631578947,0.08590755423892299,0.010965175658178776,0.21367268405811757,-0.9999715278245476,0.0026632236668024277,0.00369348804618408,0.009375315214807372,0.010965175658178776,-0.999523173066503,0.0
1290.1632270812988,2707.0,855.1052631578947,13.789473684210526,3.581919651799352e37,3.8421052631578947,0.08590755423892299,0.010965175658178776,0.21367268405811757,-0.9999715278245476,0.0026632236668024277,0.00369348804618408,0.009375315214807372,0.010965175658178776,-0.999523173066503,0.0
1295.5882852077484,2718.0,865.578947368421,13.789473684210526,3.581919651799352e37,3.8421052631578947,0.08590755423892299,0.010965175658178776,0.21367268405811757,-0.9999715278245476,0.0026632236668024277,0.00369348804618408,0.009375315214807372,0.010965175658178776,-0.999523173066503,0.0
1301.0105440616608,2729.0,821.25,14.3,3.402823669209385e37,3.95,0.08590755423892299,0.010965175658178776,0.21367268405811757,-0.9999715278245476,0.0026632236668024277,0.00369348804618408,0.009375315214807372,0.010965175658178776,-0.999523173066503,0.0
1306.0513272285461,2739.0,830.65,14.3,3.402823669209385e37,3.95,0.08590755423892299,0.010965175658178776,0.21367268405811757,-0.9999715278245476,0.0026632236668024277,0.00369348804618408,0.009375315214807372,0.010965175658178776,-0.999523173066503,0.0
1311.4821400642395,2750.0,841.15,14.3,3.402823669209385e37,3.95,0.08590755423892299,0.010965175658178776,0.21367268405811757,-0.9999715278245476,0.0026632236668024277,0.00369348804618408,0.009375315214807372,0.010965175658178776,-0.999523173066503,0.0
1316.48348402977,2760.0,850.75,14.3,3.402823669209385e37,3.95,0.08590755423892299,0.010965175658178776,0.21367268405811757,-0.9999715278245476,0.0026632236668024277,0.00369348804618408,0.009375315214807372,0.010965175658178776,-0.999523173066503,0.0
1321.5262501239777,2770.0,831.3,14.3,3.402823669209385e37,3.95,0.08590755423892299,0.010965175658178776,0.21367268405811757,-0.9999715278245476,0.0026632236668024277,0.00369348804618408,0.009375315214807372,0.010965175658178776,-0.999523173066503,0.0
1326.898864030838,2781.0,841.75,14.3,3.402823669209385e37,3.95,0.08590755423892299,0.010965175658178776,0.21367268405811757,-0.9999715278245476,0.0026632236668024277,0.00369348804618408,0.009375315214807372,0.010965175658178776,-0.999523173066503,0.0
1332.4006881713867,2792.0,811.7142857142857,14.666666666666666,3.2407844468660804e37,4.0476190476190474,0.08590755423892299,0.010965175658178776,0.21367268405811757,-0.9999715278245476,0.0026632236668024277,0.00369348804618408,0.009375315214807372,0.010965175658178776,-0.999523173066503,0.0
1337.858059167862,2803.0,821.952380952381,14.666666666666666,3.2407844468660804e37,4.0476190476190474,0.08590755423892299,0.010965175658178776,0.21367268405811757,-0.9999715278245476,0.0026632236668024277,0.00369348804618408,0.009375315214807372,0.010965175658178776,-0.999523173066503,0.0
1343.311823129654,2814.0,822.952380952381,14.666666666666666,3.2407844468660804e37,4.0476190476190474,0.08590755423892299,0.010965175658178776,0.21367268405811757,-0.9999715278245476,0.0026632236668024277,0.00369348804618408,0.009375315214807372,0.010965175658178776,-0.999523173066503,0.0
1348.3351850509644,2824.0,872.4,14.3,3.402823669209385e37,3.95,0.08590755423892299,0.010965175658178776,0.21367268405811757,-0.9999715278245476,0.0026632236668024277,0.00369348804618408,0.009375315214807372,0.010965175658178776,-0.999523173066503,0.0
1353.4527962207794,2834.0,881.95,14.3,3.402823669209385e37,3.95,0.08590755423892299,0.010965175658178776,0.21367268405811757,-0.9999715278245476,0.0026632236668024277,0.00369348804618408,0.009375315214807372,0.010965175658178776,-0.999523173066503,0.0
1358.56582903862,2844.0,891.5,14.3,3.402823669209385e37,3.95,0.08590755423892299,0.010965175658178776,0.21367268405811757,-0.9999715278245476,0.0026632236668024277,0.00369348804618408,0.009375315214807372,0.010965175658178776,-0.999523173066503,0.0
1364.0457570552826,2855.0,901.8,14.3,3.402823669209385e37,3.95,0.08590755423892299,0.010965175658178776,0.21367268405811757,-0.9999715278245476,0.0026632236668024277,0.00369348804618408,0.009375315214807372,0.010965175658178776,-0.999523173066503,0.0
1369.487930059433,2866.0,912.3,14.3,3.402823669209385e37,3.95,0.08590755423892299,0.010965175658178776,0.21367268405811757,-0.9999715278245476,0.0026632236668024277,0.00369348804618408,0.009375315214807372,0.010965175658178776,-0.999523173066503,0.0
1374.8972630500793,2877.0,848.55,14.3,3.402823669209385e37,3.95,0.08590755423892299,0.010965175658178776,0.21367268405811757,-0.9999715278245476,0.0026632236668024277,0.00369348804618408,0.009375315214807372,0.010965175658178776,-0.999523173066503,0.0
1379.9973330497742,2887.0,858.05,14.3,3.402823669209385e37,3.95,0.08590755423892299,0.010965175658178776,0.21367268405811757,-0.9999715278245476,0.0026632236668024277,0.00369348804618408,0.009375315214807372,0.010965175658178776,-0.999523173066503,0.0
1385.0034620761871,2897.0,867.45,14.3,3.402823669209385e37,3.95,0.08590755423892299,0.010965175658178776,0.21367268405811757,-0.9999715278245476,0.0026632236668024277,0.00369348804618408,0.009375315214807372,0.010965175658178776,-0.999523173066503,0.0
1390.433109998703,2908.0,877.9,14.3,3.402823669209385e37,3.95,0.08590755423892299,0.010965175658178776,0.21367268405811757,-0.9999715278245476,0.0026632236668024277,0.00369348804618408,0.009375315214807372,0.010965175658178776,-0.999523173066503,0.0
1395.8572611808777,2919.0,888.4,14.3,3.402823669209385e37,3.95,0.08590755423892299,0.010965175658178776,0.21367268405811757,-0.9999715278245476,0.0026632236668024277,0.00369348804618408,0.009375315214807372,0.010965175658178776,-0.999523173066503,0.0
1401.3099122047424,2930.0,873.7,14.3,3.402823669209385e37,3.9,0.08590755423892299,0.010965175658178776,0.21367268405811757,-0.9999715278245476,0.0026632236668024277,0.00369348804618408,0.009375315214807372,0.010965175658178776,-0.999523173066503,0.0
1406.7889981269836,2941.0,884.1,14.3,3.402823669209385e37,3.9,0.08590755423892299,0.010965175658178776,0.21367268405811757,-0.9999715278245476,0.0026632236668024277,0.00369348804618408,0.009375315214807372,0.010965175658178776,-0.999523173066503,0.0
1412.2863750457764,2952.0,894.5,14.3,3.402823669209385e37,3.9,0.08590755423892299,0.010965175658178776,0.21367268405811757,-0.9999715278245476,0.0026632236668024277,0.00369348804618408,0.009375315214807372,0.010965175658178776,-0.999523173066503,0.0
1417.311830997467,2962.0,904.15,14.3,3.402823669209385e37,3.9,0.08590755423892299,0.010965175658178776,0.21367268405811757,-0.9999715278245476,0.0026632236668024277,0.00369348804618408,0.009375315214807372,0.010965175658178776,-0.999523173066503,0.0
1422.3280971050262,2972.0,913.65,14.3,3.402823669209385e37,3.9,0.08590755423892299,0.010965175658178776,0.21367268405811757,-0.9999715278245476,0.0026632236668024277,0.00369348804618408,0.009375315214807372,0.010965175658178776,-0.999523173066503,0.0
1427.348030090332,2982.0,923.2,14.3,3.402823669209385e37,3.9,0.08590755423892299,0.010965175658178776,0.21367268405811757,-0.9999715278245476,0.0026632236668024277,0.00369348804618408,0.009375315214807372,0.010965175658178776,-0.999523173066503,0.0
1432.8307611942291,2993.0,933.4,14.3,3.402823669209385e37,3.9,0.08590755423892299,0.010965175658178776,0.21367268405811757,-0.9999715278245476,0.0026632236668024277,0.00369348804618408,0.009375315214807372,0.010965175658178776,-0.999523173066503,0.0
1437.8433821201324,3003.0,942.95,14.3,3.402823669209385e37,3.9,0.08590755423892299,0.010965175658178776,0.21367268405811757,-0.9999715278245476,0.0026632236668024277,0.00369348804618408,0.009375315214807372,0.010965175658178776,-0.999523173066503,0.0
1443.2650771141052,3014.0,908.4285714285714,14.666666666666666,3.2407844468660804e37,4.0,0.08590755423892299,0.010965175658178776,0.21367268405811757,-0.9999715278245476,0.0026632236668024277,0.00369348804618408,0.009375315214807372,0.010965175658178776,-0.999523173066503,0.0
1448.280706167221,3024.0,911.1428571428571,14.666666666666666,3.2407844468660804e37,4.0,0.08590755423892299,0.010965175658178776,0.21367268405811757,-0.9999715278245476,0.0026632236668024277,0.00369348804618408,0.009375315214807372,0.010965175658178776,-0.999523173066503,0.0
1453.7585051059723,3035.0,921.6190476190476,14.666666666666666,3.2407844468660804e37,4.0,0.08590755423892299,0.010965175658178776,0.21367268405811757,-0.9999715278245476,0.0026632236668024277,0.00369348804618408,0.009375315214807372,0.010965175658178776,-0.999523173066503,0.0
1459.1292750835419,3046.0,932.2857142857143,14.666666666666666,3.2407844468660804e37,4.0,0.08590755423892299,0.010965175658178776,0.21367268405811757,-0.9999715278245476,0.0026632236668024277,0.00369348804618408,0.009375315214807372,0.010965175658178776,-0.999523173066503,0.0
1464.6338741779327,3057.0,919.4761904761905,14.666666666666666,6.481568893732161e37,4.0476190476190474,0.08246402372218131,0.010407614163334864,0.2129594008811253,-0.9999729755887423,0.0026450216281758135,0.003814517037175442,0.0089932663424727,0.010407614163334864,-0.999523173066503,0.0
1469.7206752300262,3067.0,955.6,14.2,6.80564733841877e37,3.95,0.08246402372218131,0.010407614163334864,0.2129594008811253,-0.9999729755887423,0.0026450216281758135,0.003814517037175442,0.0089932663424727,0.010407614163334864,-0.999537622367518,0.0
1474.8049051761627,3077.0,965.6,14.2,6.80564733841877e37,3.95,0.08246402372218131,0.010407614163334864,0.2129594008811253,-0.9999729755887423,0.0026450216281758135,0.003814517037175442,0.0089932663424727,0.010407614163334864,-0.999537622367518,0.0
1479.9580941200256,3087.0,975.6,14.2,6.80564733841877e37,3.95,0.08246402372218131,0.010407614163334864,0.2129594008811253,-0.9999729755887423,0.0026450216281758135,0.003814517037175442,0.0089932663424727,0.010407614163334864,-0.999537622367518,0.0
1485.0169730186462,3097.0,985.6,14.2,6.80564733841877e37,3.95,0.08246402372218131,0.010407614163334864,0.2129594008811253,-0.9999729755887423,0.0026450216281758135,0.003814517037175442,0.0089932663424727,0.010407614163334864,-0.999537622367518,0.0
1490.4930291175842,3108.0,961.7,14.2,3.402823669209385e37,3.95,0.08246402372218131,0.010407614163334864,0.2129594008811253,-0.9999729755887423,0.0026450216281758135,0.003814517037175442,0.0089932663424727,0.010407614163334864,-0.999537622367518,0.0
1495.5280539989471,3118.0,947.85,14.2,3.402823669209385e37,3.95,0.08246402372218131,0.010407614163334864,0.2129594008811253,-0.9999729755887423,0.0026450216281758135,0.003814517037175442,0.0089932663424727,0.010407614163334864,-0.999537622367518,0.0
1500.5513060092926,3128.0,957.75,14.2,3.402823669209385e37,3.95,0.08246402372218131,0.010407614163334864,0.2129594008811253,-0.9999729755887423,0.0026450216281758135,0.003814517037175442,0.0089932663424727,0.010407614163334864,-0.999537622367518,0.0
1505.59814620018,3138.0,967.75,14.2,3.402823669209385e37,3.95,0.08246402372218131,0.010407614163334864,0.2129594008811253,-0.9999729755887423,0.0026450216281758135,0.003814517037175442,0.0089932663424727,0.010407614163334864,-0.999537622367518,0.0
1510.7992730140686,3148.0,977.75,14.2,3.402823669209385e37,3.95,0.08246402372218131,0.010407614163334864,0.2129594008811253,-0.9999729755887423,0.0026450216281758135,0.003814517037175442,0.0089932663424727,0.010407614163334864,-0.999537622367518,0.0
1515.9594151973724,3158.0,840.1578947368421,14.210526315789474,3.581919651799352e37,4.0,0.08246402372218131,0.010407614163334864,0.2129594008811253,-0.9999729755887423,0.0026450216281758135,0.003814517037175442,0.0089932663424727,0.010407614163334864,-0.999537622367518,0.0
1521.1009051799774,3168.0,850.1578947368421,14.210526315789474,3.581919651799352e37,4.0,0.08246402372218131,0.010407614163334864,0.2129594008811253,-0.9999729755887423,0.0026450216281758135,0.003814517037175442,0.0089932663424727,0.010407614163334864,-0.999537622367518,0.0
1526.2768790721893,3178.0,860.1578947368421,14.210526315789474,3.581919651799352e37,4.0,0.08246402372218131,0.010407614163334864,0.2129594008811253,-0.9999729755887423,0.0026450216281758135,0.003814517037175442,0.0089932663424727,0.010407614163334864,-0.999537622367518,0.0
1531.3348610401154,3188.0,870.1578947368421,14.210526315789474,3.581919651799352e37,4.0,0.08246402372218131,0.010407614163334864,0.2129594008811253,-0.9999729755887423,0.0026450216281758135,0.003814517037175442,0.0089932663424727,0.010407614163334864,-0.999537622367518,0.0
1536.468299150467,3198.0,816.3,14.7,6.80564733841877e37,4.1,0.08246402372218131,0.010407614163334864,0.2129594008811253,-0.9999729755887423,0.0026450216281758135,0.003814517037175442,0.0089932663424727,0.010407614163334864,-0.999537622367518,0.0
1541.6179270744324,3208.0,826.3,14.7,6.80564733841877e37,4.1,0.08246402372218131,0.010407614163334864,0.2129594008811253,-0.9999729755887423,0.0026450216281758135,0.003814517037175442,0.0089932663424727,0.010407614163334864,-0.999537622367518,0.0
1546.801462173462,3218.0,836.3,14.7,6.80564733841877e37,4.1,0.08246402372218131,0.010407614163334864,0.2129594008811253,-0.9999729755887423,0.0026450216281758135,0.003814517037175442,0.0089932663424727,0.010407614163334864,-0.999537622367518,0.0
1552.0824282169342,3228.0,846.3,14.7,6.80564733841877e37,4.1,0.08246402372218131,0.010407614163334864,0.2129594008811253,-0.9999729755887423,0.0026450216281758135,0.003814517037175442,0.0089932663424727,0.010407614163334864,-0.999537622367518,0.0
1557.237778186798,3238.0,854.55,14.7,6.80564733841877e37,4.1,0.08246402372218131,0.010407614163334864,0.2129594008811253,-0.9999729755887423,0.0026450216281758135,0.003814517037175442,0.0089932663424727,0.010407614163334864,-0.999537622367518,0.0
1562.3881170749664,3248.0,748.1,14.7,6.80564733841877e37,4.1,0.08246402372218131,0.010407614163334864,0.2129594008811253,-0.9999729755887423,0.0026450216281758135,0.003814517037175442,0.0089932663424727,0.010407614163334864,-0.999537622367518,0.0
1567.4691882133484,3258.0,758.1,14.7,6.80564733841877e37,4.1,0.08246402372218131,0.010407614163334864,0.2129594008811253,-0.9999729755887423,0.0026450216281758135,0.003814517037175442,0.0089932663424727,0.010407614163334864,-0.999537622367518,0.0
1572.5921211242676,3268.0,768.1,14.7,6.80564733841877e37,4.1,0.08246402372218131,0.010407614163334864,0.2129594008811253,-0.9999729755887423,0.0026450216281758135,0.003814517037175442,0.0089932663424727,0.010407614163334864,-0.999537622367518,0.0
1577.816917181015,3278.0,778.1,14.7,6.80564733841877e37,4.1,0.08246402372218131,0.010407614163334864,0.2129594008811253,-0.9999729755887423,0.0026450216281758135,0.003814517037175442,0.0089932663424727,0.010407614163334864,-0.999537622367518,0.0
1582.8981981277466,3288.0,788.1,14.7,6.80564733841877e37,4.1,0.08246402372218131,0.010407614163334864,0.2129594008811253,-0.9999729755887423,0.0026450216281758135,0.003814517037175442,0.0089932663424727,0.010407614163334864,-0.999537622367518,0.0
1588.2126061916351,3298.0,793.45,14.7,6.80564733841877e37,4.1,0.08246402372218131,0.010407614163334864,0.2129594008811253,-0.9999729755887423,0.0026450216281758135,0.003814517037175442,0.0089932663424727,0.010407614163334864,-0.999537622367518,0.0
1593.4318571090698,3308.0,803.45,14.7,6.80564733841877e37,4.1,0.08246402372218131,0.010407614163334864,0.2129594008811253,-0.9999729755887423,0.0026450216281758135,0.003814517037175442,0.0089932663424727,0.010407614163334864,-0.999537622367518,0.0
1598.7649331092834,3318.0,768.7619047619048,15.476190476190476,8.560443499344361e306,4.333333333333333,0.08223258537844157,0.010332311768941007,0.21168417020843577,-0.9999731711189419,0.002634596446754773,0.003814517037175442,0.008977635325897886,0.010332311768941007,-0.999537622367518,0.0
1604.0588521957397,3328.0,777.1428571428571,15.476190476190476,8.560443499344361e306,4.333333333333333,0.08223258537844157,0.010332311768941007,0.21168417020843577,-0.9999731711189419,0.002634596446754773,0.003814517037175442,0.008977635325897886,0.010332311768941007,-0.999537622367518,0.0
1609.12894821167,3338.0,786.6190476190476,15.476190476190476,8.560443499344361e306,4.333333333333333,0.08223258537844157,0.010332311768941007,0.21168417020843577,-0.9999731711189419,0.002634596446754773,0.003814517037175442,0.008977635325897886,0.010332311768941007,-0.999537622367518,0.0
1614.1751470565796,3348.0,796.6190476190476,15.476190476190476,8.560443499344361e306,4.333333333333333,0.08223258537844157,0.010332311768941007,0.21168417020843577,-0.9999731711189419,0.002634596446754773,0.003814517037175442,0.008977635325897886,0.010332311768941007,-0.999537622367518,0.0
1619.6329760551453,3359.0,807.6190476190476,15.476190476190476,8.560443499344361e306,4.333333333333333,0.08223258537844157,0.010332311768941007,0.21168417020843577,-0.9999731711189419,0.002634596446754773,0.003814517037175442,0.008977635325897886,0.010332311768941007,-0.999537622367518,0.0
1625.0527200698853,3370.0,792.6666666666666,15.476190476190476,8.560443499344361e306,4.333333333333333,0.08223258537844157,0.010332311768941007,0.21168417020843577,-0.9999731711189419,0.002634596446754773,0.003814517037175442,0.008977635325897886,0.010332311768941007,-0.999537622367518,0.0
1630.094975233078,3380.0,802.6666666666666,15.476190476190476,8.560443499344361e306,4.333333333333333,0.08223258537844157,0.010332311768941007,0.21168417020843577,-0.9999731711189419,0.002634596446754773,0.003814517037175442,0.008977635325897886,0.010332311768941007,-0.999537622367518,0.0
1635.224189043045,3390.0,812.6666666666666,15.476190476190476,8.560443499344361e306,4.333333333333333,0.08223258537844157,0.010332311768941007,0.21168417020843577,-0.9999731711189419,0.002634596446754773,0.003814517037175442,0.008977635325897886,0.010332311768941007,-0.999537622367518,0.0
1640.330467224121,3400.0,822.6666666666666,15.476190476190476,8.560443499344361e306,4.333333333333333,0.08223258537844157,0.010332311768941007,0.21168417020843577,-0.9999731711189419,0.002634596446754773,0.003814517037175442,0.008977635325897886,0.010332311768941007,-0.999537622367518,0.0
1645.4453971385956,3410.0,832.6666666666666,15.476190476190476,8.560443499344361e306,4.333333333333333,0.08223258537844157,0.010332311768941007,0.21168417020843577,-0.9999731711189419,0.002634596446754773,0.003814517037175442,0.008977635325897886,0.010332311768941007,-0.999537622367518,0.0
1650.5615510940552,3420.0,861.15,14.65,3.402823669209385e37,4.05,0.08236482373520396,0.010136178197337992,0.21574682600813588,-0.99997368039938,0.002644651260521108,0.0038504932559727573,0.009115319368617227,0.010136178197337992,-0.999537622367518,0.0
1655.6312041282654,3430.0,829.6190476190476,15.285714285714286,3.2407844468660804e37,4.190476190476191,0.08233137879085999,0.01013370147164659,0.21574682600813588,-0.999973686830446,0.0026435049904864334,0.0038505201851797895,0.009115319368617227,0.01013370147164659,-0.999537622367518,0.0
1660.8113360404968,3440.0,821.8095238095239,15.285714285714286,3.2407844468660804e37,4.190476190476191,0.08233137879085999,0.01013370147164659,0.21574682600813588,-0.999973686830446,0.0026435049904864334,0.0038505224430066152,0.009115319368617227,0.01013370147164659,-0.999537622367518,0.0
1665.9852840900421,3450.0,818.0952380952381,15.285714285714286,3.2407844468660804e37,4.190476190476191,0.08233137879085999,0.01013370147164659,0.21574682600813588,-0.999973686830446,0.0026435049904864334,0.0038505224430066152,0.009115319368617227,0.01013370147164659,-0.999537622367518,0.0
1671.1432511806488,3460.0,826.952380952381,15.285714285714286,3.2407844468660804e37,4.190476190476191,0.08233137879085999,0.01013370147164659,0.21574682600813588,-0.999973686830446,0.0026435049904864334,0.003852283431978548,0.009115319368617227,0.01013370147164659,-0.999537622367518,0.0
1676.5934610366821,3471.0,865.3,14.95,3.402823669209385e37,4.1,0.08233137879085999,0.01013370147164659,0.21739196002818773,-0.999973686830446,0.0026435049904864334,0.003852283431978548,0.00960591742975356,0.01013370147164659,-0.999537622367518,0.0
1682.0079460144043,3482.0,876.3,14.95,3.402823669209385e37,4.1,0.08233137879085999,0.01013370147164659,0.21739196002818773,-0.999973686830446,0.0026435049904864334,0.003852283431978548,0.00960591742975356,0.01013370147164659,-0.999537622367518,0.0
1687.387864112854,3493.0,887.3,14.95,3.402823669209385e37,4.1,0.08233137879085999,0.01013370147164659,0.21739196002818773,-0.999973686830446,0.0026435049904864334,0.003852283431978548,0.00960591742975356,0.01013370147164659,-0.999537622367518,0.0
1692.7978610992432,3504.0,844.5,14.95,3.402823669209385e37,4.1,0.08233137879085999,0.01013370147164659,0.21739196002818773,-0.999973686830446,0.0026435049904864334,0.003852283431978548,0.00960591742975356,0.01013370147164659,-0.999537622367518,0.0
1698.210619211197,3515.0,892.8421052631579,14.263157894736842,3.581919651799352e37,3.9473684210526314,0.08226547901046462,0.01013248911665951,0.21739196002818773,-0.999973689978447,0.0026416398266147106,0.0038493459430499104,0.00960591742975356,0.01013248911665951,-0.999537622367518,0.0
1703.2241501808167,3525.0,888.2105263157895,14.263157894736842,3.581919651799352e37,3.9473684210526314,0.08226547901046462,0.01013248911665951,0.21739196002818773,-0.999973689978447,0.0026416398266147106,0.0038493459430499104,0.00960591742975356,0.01013248911665951,-0.999537622367518,0.0
1708.5667431354523,3536.0,899.2105263157895,14.263157894736842,3.581919651799352e37,3.9473684210526314,0.08226547901046462,0.01013248911665951,0.21739196002818773,-0.999973689978447,0.0026416398266147106,0.0038493459430499104,0.00960591742975356,0.01013248911665951,-0.999537622367518,0.0
1714.0100390911102,3547.0,910.2105263157895,14.263157894736842,3.581919651799352e37,3.9473684210526314,0.08226547901046462,0.01013248911665951,0.21739196002818773,-0.999973689978447,0.0026416398266147106,0.0038493459430499104,0.00960591742975356,0.01013248911665951,-0.999537622367518,0.0
1719.3739840984344,3558.0,873.7,15.1,3.653754096730081e46,4.1,0.07980682529292005,0.009374429408664675,0.21191032480676242,-0.9999756583563082,0.0023994458589697847,0.0034493793319740943,0.007777688794052202,0.009374429408664675,-0.9995665209695481,0.0
1724.3910911083221,3568.0,883.7,15.1,3.653754096730081e46,4.1,0.07980682529292005,0.009374429408664675,0.21191032480676242,-0.9999756583563082,0.0023994458589697847,0.0034493793319740943,0.007777688794052202,0.009374429408664675,-0.9995665209695481,0.0
1729.459230184555,3578.0,893.7,15.1,3.653754096730081e46,4.1,0.07980682529292005,0.009374429408664675,0.21191032480676242,-0.9999756583563082,0.0023994458589697847,0.0034493793319740943,0.007777688794052202,0.009374429408664675,-0.9995665209695481,0.0
1734.5526101589203,3588.0,899.8,15.1,3.653754096730081e46,4.1,0.07980682529292005,0.009374429408664675,0.21191032480676242,-0.9999756583563082,0.0023994458589697847,0.0034493793319740943,0.007777688794052202,0.009374429408664675,-0.9995665209695481,0.0
1739.6241540908813,3598.0,909.8,15.1,3.653754096730081e46,4.1,0.07980682529292005,0.009374429408664675,0.21191032480676242,-0.9999756583563082,0.0023994458589697847,0.0034493793319740943,0.007777688794052202,0.009374429408664675,-0.9995665209695481,0.0
1744.7834770679474,3608.0,919.8,15.1,3.653754096730081e46,4.1,0.07980682529292005,0.009374429408664675,0.21191032480676242,-0.9999756583563082,0.0023994458589697847,0.0034493793319740943,0.007777688794052202,0.009374429408664675,-0.9995665209695481,0.0
1750.2744781970978,3619.0,930.8,15.1,3.653754096730081e46,4.1,0.07980682529292005,0.009374429408664675,0.21191032480676242,-0.9999756583563082,0.0023994458589697847,0.0034493793319740943,0.007777688794052202,0.009374429408664675,-0.9995665209695481,0.0
1755.3689351081848,3629.0,896.0,15.80952380952381,3.479765806409601e46,4.285714285714286,0.07980682529292005,0.009374429408664675,0.21191032480676242,-0.9999756583563082,0.0023994458589697847,0.0034493793319740943,0.007777688794052202,0.009374429408664675,-0.9995665209695481,0.0
1760.6246140003204,3639.0,906.0,15.80952380952381,3.479765806409601e46,4.285714285714286,0.07980682529292005,0.009374429408664675,0.21191032480676242,-0.9999756583563082,0.0023994458589697847,0.0034493793319740943,0.007777688794052202,0.009374429408664675,-0.9995665209695481,0.0
1765.818400144577,3649.0,916.0,15.80952380952381,3.479765806409601e46,4.285714285714286,0.07980682529292005,0.009374429408664675,0.21191032480676242,-0.9999756583563082,0.0023994458589697847,0.0034493793319740943,0.007777688794052202,0.009374429408664675,-0.9995665209695481,0.0
1771.075602054596,3659.0,884.1363636363636,16.09090909090909,3.321594633390983e46,4.363636363636363,0.07980682529292005,0.009374429408664675,0.21191032480676242,-0.9999756583563082,0.0023994458589697847,0.0034493793319740943,0.007777688794052202,0.009374429408664675,-0.9995665209695481,0.0
1776.4272820949554,3669.0,884.7727272727273,16.363636363636363,3.321594633390983e46,4.454545454545454,0.07980682529292005,0.009374429408664675,0.21191032480676242,-0.9999756583563082,0.0023994458589697847,0.0034493793319740943,0.007777688794052202,0.009374429408664675,-0.9995665209695481,0.0
1781.6604821681976,3679.0,894.7727272727273,16.363636363636363,3.321594633390983e46,4.454545454545454,0.07980682529292005,0.009374429408664675,0.21191032480676242,-0.9999756583563082,0.0023994458589697847,0.0034493793319740943,0.007777688794052202,0.009374429408664675,-0.9995665209695481,0.0
1787.0018210411072,3689.0,861.0869565217391,16.608695652173914,3.177177475417462e46,4.521739130434782,0.07980682529292005,0.009374429408664675,0.21191032480676242,-0.9999756583563082,0.0023994458589697847,0.0034493793319740943,0.007777688794052202,0.009374429408664675,-0.9995665209695481,0.0
1792.2659330368042,3699.0,868.0434782608696,16.608695652173914,3.177177475417462e46,4.521739130434782,0.07980682529292005,0.009374429408664675,0.21191032480676242,-0.9999756583563082,0.0023994458589697847,0.0034493793319740943,0.007777688794052202,0.009374429408664675,-0.9995665209695481,0.0
1797.6208381652832,3709.0,878.0434782608696,16.608695652173914,3.177177475417462e46,4.521739130434782,0.07980682529292005,0.009374429408664675,0.21191032480676242,-0.9999756583563082,0.0023994458589697847,0.0034493793319740943,0.007777688794052202,0.009374429408664675,-0.9995665209695481,0.0
1803.1093411445618,3719.0,888.0434782608696,16.608695652173914,3.177177475417462e46,4.521739130434782,0.07980682529292005,0.009374429408664675,0.21191032480676242,-0.9999756583563082,0.0023994458589697847,0.0034493793319740943,0.007777688794052202,0.009374429408664675,-0.9995665209695481,0.0
1808.4924130439758,3729.0,898.0434782608696,16.608695652173914,3.177177475417462e46,4.521739130434782,0.07980682529292005,0.009374429408664675,0.21191032480676242,-0.9999756583563082,0.0023994458589697847,0.0034493793319740943,0.007777688794052202,0.009374429408664675,-0.9995665209695481,0.0
1813.9503362178802,3739.0,935.3181818181819,16.363636363636363,3.321594633390983e46,4.454545454545454,0.0791793756664596,0.009160404500123731,0.21129534516376935,-0.9999762140933923,0.002386367349225675,0.0034544140398767367,0.0071540658359986265,0.009160404500123731,-0.999537622367518,0.0
1819.4141700267792,3749.0,926.5,16.363636363636363,3.321594633390983e46,4.454545454545454,0.0791793756664596,0.009160404500123731,0.21129534516376935,-0.9999762140933923,0.002386367349225675,0.0034544140398767367,0.0071540658359986265,0.009160404500123731,-0.999537622367518,0.0
1824.807088136673,3759.0,936.5,16.363636363636363,3.321594633390983e46,4.454545454545454,0.0791793756664596,0.009160404500123731,0.21129534516376935,-0.9999762140933923,0.002386367349225675,0.0034544140398767367,0.0071540658359986265,0.009160404500123731,-0.999537622367518,0.0
1830.2248442173004,3769.0,946.5,16.363636363636363,3.321594633390983e46,4.454545454545454,0.0791793756664596,0.009160404500123731,0.21129534516376935,-0.9999762140933923,0.002386367349225675,0.0034544140398767367,0.0071540658359986265,0.009160404500123731,-0.999537622367518,0.0
1835.5629451274872,3779.0,956.5,16.363636363636363,3.321594633390983e46,4.454545454545454,0.0791793756664596,0.009160404500123731,0.21129534516376935,-0.9999762140933923,0.002386367349225675,0.0034544140398767367,0.0071540658359986265,0.009160404500123731,-0.999537622367518,0.0
1840.8224980831146,3789.0,997.6190476190476,15.714285714285714,3.479765806409601e46,4.285714285714286,0.0791793756664596,0.009160404500123731,0.21129534516376935,-0.9999762140933923,0.002386367349225675,0.0034544140398767367,0.0071540658359986265,0.009160404500123731,-0.999537622367518,0.0
1846.0724470615387,3799.0,1007.6190476190476,15.714285714285714,3.479765806409601e46,4.285714285714286,0.0791793756664596,0.009160404500123731,0.21129534516376935,-0.9999762140933923,0.002386367349225675,0.0034544140398767367,0.0071540658359986265,0.009160404500123731,-0.999537622367518,0.0
1851.3256220817566,3809.0,1017.6190476190476,15.714285714285714,3.479765806409601e46,4.285714285714286,0.0791793756664596,0.009160404500123731,0.21129534516376935,-0.9999762140933923,0.002386367349225675,0.0034544140398767367,0.0071540658359986265,0.009160404500123731,-0.999537622367518,0.0
1856.555160999298,3819.0,1027.6190476190477,15.714285714285714,3.479765806409601e46,4.285714285714286,0.0791793756664596,0.009160404500123731,0.21129534516376935,-0.9999762140933923,0.002386367349225675,0.0034544140398767367,0.0071540658359986265,0.009160404500123731,-0.999537622367518,0.0
1861.711216211319,3829.0,1037.6190476190477,15.714285714285714,3.479765806409601e46,4.285714285714286,0.0791793756664596,0.009160404500123731,0.21129534516376935,-0.9999762140933923,0.002386367349225675,0.0034544140398767367,0.0071540658359986265,0.009160404500123731,-0.999537622367518,0.0
1866.8703570365906,3839.0,1047.6190476190477,15.714285714285714,3.479765806409601e46,4.285714285714286,0.0791793756664596,0.009160404500123731,0.21129534516376935,-0.9999762140933923,0.002386367349225675,0.0034544140398767367,0.0071540658359986265,0.009160404500123731,-0.999537622367518,0.0
1871.9939091205597,3849.0,1057.6190476190477,15.714285714285714,3.479765806409601e46,4.285714285714286,0.0791793756664596,0.009160404500123731,0.21129534516376935,-0.9999762140933923,0.002386367349225675,0.0034544140398767367,0.0071540658359986265,0.009160404500123731,-0.999537622367518,0.0
1877.0857682228088,3859.0,1067.6190476190477,15.714285714285714,3.479765806409601e46,4.285714285714286,0.0791793756664596,0.009160404500123731,0.21129534516376935,-0.9999762140933923,0.002386367349225675,0.0034544140398767367,0.0071540658359986265,0.009160404500123731,-0.999537622367518,0.0
1882.12402510643,3869.0,1071.7619047619048,15.714285714285714,3.479765806409601e46,4.285714285714286,0.07811557966210242,0.009158883861277094,0.21186699762043304,-0.9999762180418832,0.002377932212779902,0.0034743078610945666,0.007152642217305197,0.009158883861277094,-0.999537622367518,0.0
1887.2430012226105,3879.0,1026.3636363636363,15.636363636363637,3.321594633390983e46,4.181818181818182,0.07811557966210242,0.009158883861277094,0.21186699762043304,-0.9999762180418832,0.002377932212779902,0.0034743078610945666,0.007152642217305197,0.009158883861277094,-0.999537622367518,0.0
1892.3987140655518,3889.0,1035.909090909091,15.636363636363637,3.321594633390983e46,4.181818181818182,0.07811557966210242,0.009158883861277094,0.21186699762043304,-0.9999762180418832,0.002377932212779902,0.0034743078610945666,0.007152642217305197,0.009158883861277094,-0.999537622367518,0.0
1897.7896611690521,3899.0,959.0833333333334,16.416666666666668,7.490388061926316e306,4.375,0.07811557966210242,0.009158883861277094,0.21186699762043304,-0.9999762180418832,0.002377932212779902,0.0034743078610945666,0.007152642217305197,0.009158883861277094,-0.999537622367518,0.0
1903.2142930030823,3909.0,968.5416666666666,16.416666666666668,7.490388061926316e306,4.375,0.07811557966210242,0.009158883861277094,0.21186699762043304,-0.9999762180418832,0.002377932212779902,0.0034743078610945666,0.007152642217305197,0.009158883861277094,-0.999537622367518,0.0
1908.4909660816193,3919.0,978.125,16.416666666666668,7.490388061926316e306,4.375,0.07811557966210242,0.009158883861277094,0.21186699762043304,-0.9999762180418832,0.002377932212779902,0.0034743078610945666,0.007152642217305197,0.009158883861277094,-0.999537622367518,0.0
1913.7648141384125,3929.0,952.25,16.416666666666668,7.490388061926316e306,4.291666666666667,0.07811557966210242,0.009158883861277094,0.21186699762043304,-0.9999762180418832,0.002377932212779902,0.0034743078610945666,0.007152642217305197,0.009158883861277094,-0.999537622367518,0.0
1919.1250710487366,3939.0,961.8333333333334,16.416666666666668,7.490388061926316e306,4.291666666666667,0.07811557966210242,0.009158883861277094,0.21186699762043304,-0.9999762180418832,0.002377932212779902,0.0034743078610945666,0.007152642217305197,0.009158883861277094,-0.999537622367518,0.0
1924.4952721595764,3949.0,971.4166666666666,16.416666666666668,7.490388061926316e306,4.291666666666667,0.07811557966210242,0.009158883861277094,0.21186699762043304,-0.9999762180418832,0.002377932212779902,0.0034743078610945666,0.007152642217305197,0.009158883861277094,-0.999537622367518,0.0
1929.7926230430603,3959.0,853.3333333333334,16.416666666666668,7.490388061926316e306,4.25,0.07811557966210242,0.009158883861277094,0.21186699762043304,-0.9999762180418832,0.002377932212779902,0.0034743078610945666,0.007152642217305197,0.009158883861277094,-0.999537622367518,0.0
1935.1102142333984,3969.0,859.7083333333334,16.416666666666668,7.490388061926316e306,4.25,0.07811557966210242,0.009158883861277094,0.21186699762043304,-0.9999762180418832,0.002377932212779902,0.0034743078610945666,0.007152642217305197,0.009158883861277094,-0.999537622367518,0.0
1940.354385137558,3979.0,868.7916666666666,16.416666666666668,7.490388061926316e306,4.25,0.07811557966210242,0.009158883861277094,0.21186699762043304,-0.9999762180418832,0.002377932212779902,0.0034743078610945666,0.007152642217305197,0.009158883861277094,-0.999537622367518,0.0
1945.605463027954,3989.0,878.4583333333334,16.416666666666668,7.490388061926316e306,4.25,0.07811557966210242,0.009158883861277094,0.21186699762043304,-0.9999762180418832,0.002377932212779902,0.0034743078610945666,0.007152642217305197,0.009158883861277094,-0.999537622367518,0.0
1950.818067073822,3999.0,887.9583333333334,16.416666666666668,7.490388061926316e306,4.25,0.07811557966210242,0.009158883861277094,0.21186699762043304,-0.9999762180418832,0.002377932212779902,0.0034743078610945666,0.007152642217305197,0.009158883861277094,-0.999537622367518,0.0
1956.0231611728668,4009.0,875.125,16.416666666666668,7.490388061926316e306,4.25,0.07811557966210242,0.009158883861277094,0.21186699762043304,-0.9999762180418832,0.002377932212779902,0.0034743078610945666,0.007152642217305197,0.009158883861277094,-0.999537622367518,0.0
1961.336842060089,4019.0,882.5,16.416666666666668,7.490388061926316e306,4.25,0.07811557966210242,0.009158883861277094,0.21186699762043304,-0.9999762180418832,0.002377932212779902,0.0034743078610945666,0.007152642217305197,0.009158883861277094,-0.999537622367518,0.0
1966.633947134018,4029.0,892.0833333333334,16.416666666666668,7.490388061926316e306,4.25,0.07811557966210242,0.009158883861277094,0.21186699762043304,-0.9999762180418832,0.002377932212779902,0.0034743078610945666,0.007152642217305197,0.009158883861277094,-0.999537622367518,0.0
1972.0277400016785,4039.0,902.0833333333334,16.416666666666668,7.490388061926316e306,4.25,0.07811557966210242,0.009158883861277094,0.21186699762043304,-0.9999762180418832,0.002377932212779902,0.0034743078610945666,0.007152642217305197,0.009158883861277094,-0.999537622367518,0.0
1977.4463272094727,4049.0,911.25,16.416666666666668,7.490388061926316e306,4.25,0.07811557966210242,0.009158883861277094,0.21186699762043304,-0.9999762180418832,0.002377932212779902,0.0034743078610945666,0.007152642217305197,0.009158883861277094,-0.999537622367518,0.0
1982.8584320545197,4059.0,881.9166666666666,16.416666666666668,7.490388061926316e306,4.25,0.07811557966210242,0.009158883861277094,0.21186699762043304,-0.9999762180418832,0.002377932212779902,0.0034743078610945666,0.007152642217305197,0.009158883861277094,-0.999523173066503,0.0
1988.237778186798,4069.0,891.0416666666666,16.416666666666668,7.490388061926316e306,4.25,0.07811557966210242,0.009158883861277094,0.21186699762043304,-0.9999762180418832,0.002377932212779902,0.0034743078610945666,0.007152642217305197,0.009158883861277094,-0.999523173066503,0.0
1993.6574411392212,4079.0,894.875,16.416666666666668,7.490388061926316e306,4.25,0.07811557966210242,0.009158883861277094,0.21186699762043304,-0.9999762180418832,0.002377932212779902,0.0034743078610945666,0.007152642217305197,0.009158883861277094,-0.999523173066503,0.0
1999.1271591186523,4089.0,891.7083333333334,16.416666666666668,7.490388061926316e306,4.208333333333333,0.07811557966210242,0.009158883861277094,0.21186699762043304,-0.9999762180418832,0.002377932212779902,0.0034743078610945666,0.007152642217305197,0.009158883861277094,-0.999523173066503,0.0
2004.1520512104034,4098.0,899.9166666666666,16.416666666666668,7.490388061926316e306,4.208333333333333,0.07811557966210242,0.009158883861277094,0.21186699762043304,-0.9999762180418832,0.002377932212779902,0.0034743078610945666,0.007152642217305197,0.009158883861277094,-0.999523173066503,0.0
2009.6625921726227,4108.0,909.3333333333334,16.416666666666668,7.490388061926316e306,4.208333333333333,0.07811557966210242,0.009158883861277094,0.21186699762043304,-0.9999762180418832,0.002377932212779902,0.0034743078610945666,0.007152642217305197,0.009158883861277094,-0.999523173066503,0.0
2015.1576941013336,4118.0,918.75,16.416666666666668,7.490388061926316e306,4.208333333333333,0.07811557966210242,0.009158883861277094,0.21186699762043304,-0.9999762180418832,0.002377932212779902,0.0034743078610945666,0.007152642217305197,0.009158883861277094,-0.999523173066503,0.0
2020.5416910648346,4128.0,920.3333333333334,16.416666666666668,7.490388061926316e306,4.208333333333333,0.07811557966210242,0.009158883861277094,0.21186699762043304,-0.9999762180418832,0.002377932212779902,0.0034743078610945666,0.007152642217305197,0.009158883861277094,-0.999523173066503,0.0
2025.9852402210236,4138.0,923.7083333333334,16.416666666666668,7.490388061926316e306,4.208333333333333,0.07811557966210242,0.009158883861277094,0.21186699762043304,-0.9999762180418832,0.002377932212779902,0.0034743078610945666,0.007152642217305197,0.009158883861277094,-0.999523173066503,0.0
2031.4339661598206,4148.0,903.304347826087,16.08695652173913,7.816057108097024e306,4.130434782608695,0.07811557966210242,0.009158883861277094,0.21186699762043304,-0.9999762180418832,0.002377932212779902,0.0034743078610945666,0.007152642217305197,0.009158883861277094,-0.999523173066503,0.0
2036.8451890945435,4158.0,910.3478260869565,16.08695652173913,7.816057108097024e306,4.130434782608695,0.07811557966210242,0.009158883861277094,0.21186699762043304,-0.9999762180418832,0.002377932212779902,0.0034743078610945666,0.007152642217305197,0.009158883861277094,-0.999523173066503,0.0
2042.3501830101013,4168.0,919.2608695652174,16.08695652173913,7.816057108097024e306,4.130434782608695,0.07811557966210242,0.009158883861277094,0.21186699762043304,-0.9999762180418832,0.002377932212779902,0.0034743078610945666,0.007152642217305197,0.009158883861277094,-0.999523173066503,0.0
2047.7767350673676,4178.0,928.304347826087,16.08695652173913,7.816057108097024e306,4.130434782608695,0.07811557966210242,0.009158883861277094,0.21186699762043304,-0.9999762180418832,0.002377932212779902,0.0034743078610945666,0.007152642217305197,0.009158883861277094,-0.999523173066503,0.0
2053.1562910079956,4188.0,937.5217391304348,16.08695652173913,7.816057108097024e306,4.130434782608695,0.07811557966210242,0.009158883861277094,0.21186699762043304,-0.9999762180418832,0.002377932212779902,0.0034743078610945666,0.007152642217305197,0.009158883861277094,-0.999523173066503,0.0
2058.555916070938,4198.0,946.8260869565217,16.08695652173913,7.816057108097024e306,4.130434782608695,0.07811557966210242,0.009158883861277094,0.21186699762043304,-0.9999762180418832,0.002377932212779902,0.0034743078610945666,0.007152642217305197,0.009158883861277094,-0.999523173066503,0.0
2063.990436077118,4208.0,955.7391304347826,16.08695652173913,7.816057108097024e306,4.130434782608695,0.07811557966210242,0.009158883861277094,0.21186699762043304,-0.9999762180418832,0.002377932212779902,0.0034743078610945666,0.007152642217305197,0.009158883861277094,-0.999523173066503,0.0
2069.4760580062866,4218.0,964.9565217391304,16.08695652173913,7.816057108097024e306,4.130434782608695,0.07811557966210242,0.009158883861277094,0.21186699762043304,-0.9999762180418832,0.002377932212779902,0.0034743078610945666,0.007152642217305197,0.009158883861277094,-0.999523173066503,0.0
2074.8543090820312,4228.0,968.0,16.08695652173913,7.816057108097024e306,4.130434782608695,0.07811557966210242,0.009158883861277094,0.21186699762043304,-0.9999762180418832,0.002377932212779902,0.0034743078610945666,0.007152642217305197,0.009158883861277094,-0.999523173066503,0.0
2080.1598591804504,4238.0,977.0,16.08695652173913,7.816057108097024e306,4.130434782608695,0.07811557966210242,0.009158883861277094,0.21186699762043304,-0.9999762180418832,0.002377932212779902,0.0034743078610945666,0.007152642217305197,0.009158883861277094,-0.999523173066503,0.0
2085.4967801570892,4248.0,986.1739130434783,16.08695652173913,7.816057108097024e306,4.130434782608695,0.07811557966210242,0.009158883861277094,0.21186699762043304,-0.9999762180418832,0.002377932212779902,0.0034743078610945666,0.007152642217305197,0.009158883861277094,-0.999523173066503,0.0
2091.070202112198,4258.0,995.1304347826087,16.08695652173913,7.816057108097024e306,4.130434782608695,0.07811557966210242,0.009158883861277094,0.21186699762043304,-0.9999762180418832,0.002377932212779902,0.0034743078610945666,0.007152642217305197,0.009158883861277094,-0.999523173066503,0.0
2096.401141166687,4268.0,1004.695652173913,16.08695652173913,7.816057108097024e306,4.130434782608695,0.07811557966210242,0.009158883861277094,0.21186699762043304,-0.9999762180418832,0.002377932212779902,0.0034743078610945666,0.007152642217305197,0.009158883861277094,-0.999523173066503,0.0
2101.822675228119,4278.0,1008.695652173913,16.08695652173913,7.816057108097024e306,4.130434782608695,0.07811557966210242,0.009158883861277094,0.21186699762043304,-0.9999762180418832,0.002377932212779902,0.0034743078610945666,0.007152642217305197,0.009158883861277094,-0.999523173066503,0.0
2107.2756400108337,4288.0,1018.4782608695652,16.08695652173913,7.816057108097024e306,4.130434782608695,0.07811557966210242,0.009158883861277094,0.21186699762043304,-0.9999762180418832,0.002377932212779902,0.0034743078610945666,0.007152642217305197,0.009158883861277094,-0.999523173066503,0.0
2112.673684120178,4298.0,1028.0,16.08695652173913,7.816057108097024e306,4.130434782608695,0.07811557966210242,0.009158883861277094,0.21186699762043304,-0.9999762180418832,0.002377932212779902,0.0034743078610945666,0.007152642217305197,0.009158883861277094,-0.999523173066503,0.0
2118.046205997467,4308.0,1037.4782608695652,16.08695652173913,7.816057108097024e306,4.130434782608695,0.07811557966210242,0.009158883861277094,0.21186699762043304,-0.9999762180418832,0.002377932212779902,0.0034743078610945666,0.007152642217305197,0.009158883861277094,-0.999523173066503,0.0
2123.3879261016846,4318.0,1045.2608695652175,16.08695652173913,7.816057108097024e306,4.130434782608695,0.07811557966210242,0.009158883861277094,0.21186699762043304,-0.9999762180418832,0.002377932212779902,0.0034743078610945666,0.007152642217305197,0.009158883861277094,-0.999523173066503,0.0
2128.9213020801544,4328.0,1055.0434782608695,16.08695652173913,7.816057108097024e306,4.130434782608695,0.07811557966210242,0.009158883861277094,0.21186699762043304,-0.9999762180418832,0.002377932212779902,0.0034743078610945666,0.007152642217305197,0.009158883861277094,-0.999523173066503,0.0
2134.3531391620636,4338.0,1050.6521739130435,16.08695652173913,7.816057108097024e306,4.130434782608695,0.07811557966210242,0.009158883861277094,0.21186699762043304,-0.9999762180418832,0.002377932212779902,0.0034743078610945666,0.007152642217305197,0.009158883861277094,-0.999523173066503,0.0
2139.883073091507,4348.0,1060.2173913043478,16.08695652173913,7.816057108097024e306,4.130434782608695,0.07811557966210242,0.009158883861277094,0.21186699762043304,-0.9999762180418832,0.002377932212779902,0.0034743078610945666,0.007152642217305197,0.009158883861277094,-0.999523173066503,0.0
2144.9333040714264,4357.0,1025.6521739130435,16.08695652173913,7.816057108097024e306,4.130434782608695,0.07811557966210242,0.009158883861277094,0.21186699762043304,-0.9999762180418832,0.002377932212779902,0.0034743078610945666,0.007152642217305197,0.009158883861277094,-0.999523173066503,0.0
2149.9784910678864,4366.0,1034.1304347826087,16.08695652173913,7.816057108097024e306,4.130434782608695,0.07811557966210242,0.009158883861277094,0.21186699762043304,-0.9999762180418832,0.002377932212779902,0.0034743078610945666,0.007152642217305197,0.009158883861277094,-0.999523173066503,0.0
2155.3672161102295,4376.0,1043.7391304347825,16.08695652173913,7.816057108097024e306,4.130434782608695,0.07811557966210242,0.009158883861277094,0.21186699762043304,-0.9999762180418832,0.002377932212779902,0.0034743078610945666,0.007152642217305197,0.009158883861277094,-0.999523173066503,0.0
2160.411800146103,4385.0,1052.304347826087,16.08695652173913,7.816057108097024e306,4.130434782608695,0.07811557966210242,0.009158883861277094,0.21186699762043304,-0.9999762180418832,0.002377932212779902,0.0034743078610945666,0.007152642217305197,0.009158883861277094,-0.999523173066503,0.0
2165.4196321964264,4394.0,1055.2608695652175,16.08695652173913,7.816057108097024e306,4.130434782608695,0.07811557966210242,0.009158883861277094,0.21186699762043304,-0.9999762180418832,0.002377932212779902,0.0034743078610945666,0.007152642217305197,0.009158883861277094,-0.999523173066503,0.0
2170.9622189998627,4404.0,885.7391304347826,16.08695652173913,7.816057108097024e306,4.130434782608695,0.07811557966210242,0.009158883861277094,0.21186699762043304,-0.9999762180418832,0.002377932212779902,0.0034743078610945666,0.007152642217305197,0.009158883861277094,-0.999523173066503,0.0
2176.3555431365967,4414.0,895.3478260869565,16.08695652173913,7.816057108097024e306,4.130434782608695,0.07811557966210242,0.009158883861277094,0.21186699762043304,-0.9999762180418832,0.002377932212779902,0.0034743078610945666,0.007152642217305197,0.009158883861277094,-0.999523173066503,0.0
2181.7619540691376,4424.0,904.8260869565217,16.08695652173913,7.816057108097024e306,4.130434782608695,0.07811557966210242,0.009158883861277094,0.21186699762043304,-0.9999762180418832,0.002377932212779902,0.0034743078610945666,0.007152642217305197,0.009158883861277094,-0.999523173066503,0.0
2187.2861330509186,4434.0,876.375,16.541666666666668,7.490388061926316e306,4.291666666666667,0.07811557966210242,0.009158883861277094,0.21186699762043304,-0.9999762180418832,0.002377932212779902,0.0034743078610945666,0.007152642217305197,0.009158883861277094,-0.999523173066503,0.0
2192.3494951725006,4443.0,884.875,16.541666666666668,7.490388061926316e306,4.291666666666667,0.07811557966210242,0.009158883861277094,0.21186699762043304,-0.9999762180418832,0.002377932212779902,0.0034743078610945666,0.007152642217305197,0.009158883861277094,-0.999523173066503,0.0
2197.8897581100464,4453.0,750.2916666666666,16.541666666666668,7.490388061926316e306,4.25,0.07811557966210242,0.009158883861277094,0.21186699762043304,-0.9999762180418832,0.002377932212779902,0.0034743078610945666,0.007152642217305197,0.009158883861277094,-0.999523173066503,0.0
2202.9478900432587,4462.0,758.9166666666666,16.541666666666668,7.490388061926316e306,4.25,0.07811557966210242,0.009158883861277094,0.21186699762043304,-0.9999762180418832,0.002377932212779902,0.0034743078610945666,0.007152642217305197,0.009158883861277094,-0.999523173066503,0.0
2208.513772010803,4472.0,768.5833333333334,16.541666666666668,7.490388061926316e306,4.25,0.07811557966210242,0.009158883861277094,0.21186699762043304,-0.9999762180418832,0.002377932212779902,0.0034743078610945666,0.007152642217305197,0.009158883861277094,-0.999523173066503,0.0
2213.648865222931,4481.0,777.125,16.541666666666668,7.490388061926316e306,4.25,0.07811557966210242,0.009158883861277094,0.21186699762043304,-0.9999762180418832,0.002377932212779902,0.0034743078610945666,0.007152642217305197,0.009158883861277094,-0.999523173066503,0.0
2218.8520641326904,4490.0,785.75,16.541666666666668,7.490388061926316e306,4.25,0.07811557966210242,0.009158883861277094,0.21186699762043304,-0.9999762180418832,0.002377932212779902,0.0034743078610945666,0.007152642217305197,0.009158883861277094,-0.999523173066503,0.0
2224.1620950698853,4499.0,794.5833333333334,16.541666666666668,7.490388061926316e306,4.25,0.07811557966210242,0.009158883861277094,0.21186699762043304,-0.9999762180418832,0.002377932212779902,0.0034743078610945666,0.007152642217305197,0.009158883861277094,-0.999523173066503,0.0
2229.4003582000732,4508.0,803.2916666666666,16.541666666666668,7.490388061926316e306,4.25,0.07811557966210242,0.009158883861277094,0.21186699762043304,-0.9999762180418832,0.002377932212779902,0.0034743078610945666,0.007152642217305197,0.009158883861277094,-0.999523173066503,0.0
2234.5652940273285,4517.0,795.0,16.541666666666668,7.490388061926316e306,4.25,0.07811557966210242,0.009158883861277094,0.21186699762043304,-0.9999762180418832,0.002377932212779902,0.0034743078610945666,0.007152642217305197,0.009158883861277094,-0.999523173066503,0.0
2239.7903261184692,4526.0,803.5,16.541666666666668,7.490388061926316e306,4.25,0.07811557966210242,0.009158883861277094,0.21186699762043304,-0.9999762180418832,0.002377932212779902,0.0034743078610945666,0.007152642217305197,0.009158883861277094,-0.999523173066503,0.0
2244.9875071048737,4535.0,812.125,16.541666666666668,7.490388061926316e306,4.25,0.07811557966210242,0.009158883861277094,0.21186699762043304,-0.9999762180418832,0.002377932212779902,0.0034743078610945666,0.007152642217305197,0.009158883861277094,-0.999523173066503,0.0
2250.249484062195,4544.0,820.6666666666666,16.541666666666668,7.490388061926316e306,4.25,0.07811557966210242,0.009158883861277094,0.21186699762043304,-0.9999762180418832,0.002377932212779902,0.0034743078610945666,0.007152642217305197,0.009158883861277094,-0.999523173066503,0.0
2255.470484018326,4553.0,829.3333333333334,16.541666666666668,7.490388061926316e306,4.25,0.07811557966210242,0.009158883861277094,0.21186699762043304,-0.9999762180418832,0.002377932212779902,0.0034743078610945666,0.007152642217305197,0.009158883861277094,-0.999523173066503,0.0
2260.658583164215,4562.0,837.9583333333334,16.541666666666668,7.490388061926316e306,4.25,0.07811557966210242,0.009158883861277094,0.21186699762043304,-0.9999762180418832,0.002377932212779902,0.0034743078610945666,0.007152642217305197,0.009158883861277094,-0.999523173066503,0.0
2265.891093015671,4571.0,846.6666666666666,16.541666666666668,7.490388061926316e306,4.25,0.07811557966210242,0.009158883861277094,0.21186699762043304,-0.9999762180418832,0.002377932212779902,0.0034743078610945666,0.007152642217305197,0.009158883861277094,-0.999523173066503,0.0
2271.0704782009125,4580.0,844.8333333333334,16.541666666666668,7.490388061926316e306,4.25,0.07811557966210242,0.009158883861277094,0.21186699762043304,-0.9999762180418832,0.002377932212779902,0.0034743078610945666,0.007152642217305197,0.009158883861277094,-0.999523173066503,0.0
2276.298863172531,4589.0,793.0869565217391,16.47826086956522,7.816057108097024e306,4.217391304347826,0.07811557966210242,0.009158883861277094,0.20792739273640848,-0.9999762180418832,0.002377932212779902,0.0034743078610945666,0.007152642217305197,0.009158883861277094,-0.999523173066503,0.0
2281.6589941978455,4598.0,801.695652173913,16.47826086956522,7.816057108097024e306,4.217391304347826,0.07811557966210242,0.009158883861277094,0.20853279874511088,-0.9999762180418832,0.002377932212779902,0.0034743078610945666,0.007152642217305197,0.009158883861277094,-0.999523173066503,0.0
2286.997427225113,4607.0,778.9565217391304,16.47826086956522,7.816057108097024e306,4.217391304347826,0.07811557966210242,0.009158883861277094,0.20853279874511088,-0.9999762180418832,0.002377932212779902,0.0034743078610945666,0.007152642217305197,0.009158883861277094,-0.999523173066503,0.0
2292.3464121818542,4616.0,787.9565217391304,16.47826086956522,7.816057108097024e306,4.217391304347826,0.07811557966210242,0.009158883861277094,0.20853279874511088,-0.9999762180418832,0.002377932212779902,0.0034743078610945666,0.007152642217305197,0.009158883861277094,-0.999523173066503,0.0
2297.653256177902,4625.0,796.9565217391304,16.47826086956522,7.816057108097024e306,4.217391304347826,0.07811557966210242,0.009158883861277094,0.20853279874511088,-0.9999762180418832,0.002377932212779902,0.0034743078610945666,0.007152642217305197,0.009158883861277094,-0.999523173066503,0.0
2302.985915184021,4634.0,805.9565217391304,16.47826086956522,7.816057108097024e306,4.217391304347826,0.07811557966210242,0.009158883861277094,0.20853279874511088,-0.9999762180418832,0.002377932212779902,0.0034743078610945666,0.007152642217305197,0.009158883861277094,-0.999523173066503,0.0
2308.2158720493317,4643.0,814.9565217391304,16.47826086956522,7.816057108097024e306,4.217391304347826,0.07811557966210242,0.009158883861277094,0.20853279874511088,-0.9999762180418832,0.002377932212779902,0.0034743078610945666,0.007152642217305197,0.009158883861277094,-0.999523173066503,0.0
2313.4768121242523,4652.0,823.9565217391304,16.47826086956522,7.816057108097024e306,4.217391304347826,0.07811557966210242,0.009158883861277094,0.20853279874511088,-0.9999762180418832,0.002377932212779902,0.0034743078610945666,0.007152642217305197,0.009158883861277094,-0.999523173066503,0.0
2318.8939411640167,4661.0,819.9565217391304,16.47826086956522,7.816057108097024e306,4.217391304347826,0.07811557966210242,0.009158883861277094,0.20853279874511088,-0.9999762180418832,0.002377932212779902,0.0034743078610945666,0.007152642217305197,0.009158883861277094,-0.999523173066503,0.0
2324.2272260189056,4670.0,828.9565217391304,16.47826086956522,7.816057108097024e306,4.217391304347826,0.07811557966210242,0.009158883861277094,0.20853279874511088,-0.9999762180418832,0.002377932212779902,0.0034743078610945666,0.007152642217305197,0.009158883861277094,-0.999523173066503,0.0
2329.708167076111,4679.0,837.9565217391304,16.47826086956522,7.816057108097024e306,4.217391304347826,0.07811557966210242,0.009158883861277094,0.20853279874511088,-0.9999762180418832,0.002377932212779902,0.0034743078610945666,0.007152642217305197,0.009158883861277094,-0.999523173066503,0.0
2335.1480741500854,4688.0,846.9565217391304,16.47826086956522,7.816057108097024e306,4.217391304347826,0.07811557966210242,0.009158883861277094,0.20853279874511088,-0.9999762180418832,0.002377932212779902,0.0034743078610945666,0.007152642217305197,0.009158883861277094,-0.999523173066503,0.0
2340.584890127182,4697.0,840.4782608695652,16.47826086956522,7.816057108097024e306,4.217391304347826,0.07811557966210242,0.009158883861277094,0.20853279874511088,-0.9999762180418832,0.002377932212779902,0.0034743078610945666,0.007152642217305197,0.009158883861277094,-0.999523173066503,0.0
2345.8754851818085,4706.0,849.4782608695652,16.47826086956522,7.816057108097024e306,4.217391304347826,0.07811557966210242,0.009158883861277094,0.20853279874511088,-0.9999762180418832,0.002377932212779902,0.0034743078610945666,0.007152642217305197,0.009158883861277094,-0.999523173066503,0.0
2351.164784193039,4715.0,857.6521739130435,16.47826086956522,7.816057108097024e306,4.217391304347826,0.07811557966210242,0.009158883861277094,0.20853279874511088,-0.9999762180418832,0.002377932212779902,0.0034743078610945666,0.007152642217305197,0.009158883861277094,-0.999523173066503,0.0
2356.54594707489,4724.0,866.6521739130435,16.47826086956522,7.816057108097024e306,4.217391304347826,0.07811557966210242,0.009158883861277094,0.20853279874511088,-0.9999762180418832,0.002377932212779902,0.0034743078610945666,0.007152642217305197,0.009158883861277094,-0.999523173066503,0.0
2361.921154022217,4733.0,875.6521739130435,16.47826086956522,7.816057108097024e306,4.217391304347826,0.07811557966210242,0.009158883861277094,0.20853279874511088,-0.9999762180418832,0.002377932212779902,0.0034743078610945666,0.007152642217305197,0.009158883861277094,-0.999523173066503,0.0
2367.160407066345,4742.0,884.6521739130435,16.47826086956522,7.816057108097024e306,4.217391304347826,0.07811557966210242,0.009158883861277094,0.20853279874511088,-0.9999762180418832,0.002377932212779902,0.0034743078610945666,0.007152642217305197,0.009158883861277094,-0.999523173066503,0.0
2372.6052470207214,4751.0,893.6521739130435,16.47826086956522,7.816057108097024e306,4.217391304347826,0.07811557966210242,0.009158883861277094,0.20853279874511088,-0.9999762180418832,0.002377932212779902,0.0034743078610945666,0.007152642217305197,0.009158883861277094,-0.999523173066503,0.0
2377.9751241207123,4760.0,902.6521739130435,16.47826086956522,7.816057108097024e306,4.217391304347826,0.07811557966210242,0.009158883861277094,0.20853279874511088,-0.9999762180418832,0.002377932212779902,0.0034743078610945666,0.007152642217305197,0.009158883861277094,-0.999523173066503,0.0
2383.445168018341,4769.0,911.6521739130435,16.47826086956522,7.816057108097024e306,4.217391304347826,0.07811557966210242,0.009158883861277094,0.20853279874511088,-0.9999762180418832,0.002377932212779902,0.0034743078610945666,0.007152642217305197,0.009158883861277094,-0.999523173066503,0.0
2388.7977302074432,4778.0,913.304347826087,16.47826086956522,7.816057108097024e306,4.217391304347826,0.07811557966210242,0.009158883861277094,0.20853279874511088,-0.9999762180418832,0.002377932212779902,0.0034743078610945666,0.007152642217305197,0.009158883861277094,-0.999523173066503,0.0
2394.3475382328033,4787.0,922.0,16.47826086956522,7.816057108097024e306,4.217391304347826,0.07811557966210242,0.009158883861277094,0.20853279874511088,-0.9999762180418832,0.002377932212779902,0.0034743078610945666,0.007152642217305197,0.009158883861277094,-0.999523173066503,0.0
2399.65048623085,4796.0,930.6521739130435,16.47826086956522,7.816057108097024e306,4.217391304347826,0.07811557966210242,0.009158883861277094,0.20853279874511088,-0.9999762180418832,0.002377932212779902,0.0034743078610945666,0.007152642217305197,0.009158883861277094,-0.999523173066503,0.0
2404.982547044754,4805.0,939.6521739130435,16.47826086956522,7.816057108097024e306,4.217391304347826,0.07811557966210242,0.009158883861277094,0.20853279874511088,-0.9999762180418832,0.002377932212779902,0.0034743078610945666,0.007152642217305197,0.009158883861277094,-0.999523173066503,0.0
2410.3093540668488,4814.0,948.6521739130435,16.47826086956522,7.816057108097024e306,4.217391304347826,0.07811557966210242,0.009158883861277094,0.20853279874511088,-0.9999762180418832,0.002377932212779902,0.0034743078610945666,0.007152642217305197,0.009158883861277094,-0.999523173066503,0.0
2415.589344024658,4823.0,959.2380952380952,15.523809523809524,8.560443499344361e306,3.9047619047619047,0.07811557966210242,0.009158883861277094,0.20853279874511088,-0.9999762180418832,0.002377932212779902,0.0034743078610945666,0.007152642217305197,0.009158883861277094,-0.999523173066503,0.0
2420.67347407341,4832.0,902.9,15.3,3.6537540933272575e46,3.85,0.07811557966210242,0.009158883861277094,0.20853279874511088,-0.9999762180418832,0.002377932212779902,0.0034743078610945666,0.007152642217305197,0.009158883861277094,-0.999523173066503,0.0
2425.926492214203,4841.0,895.35,15.3,3.6537540933272575e46,3.9,0.07811557966210242,0.009158883861277094,0.20853279874511088,-0.9999762180418832,0.002377932212779902,0.0034743078610945666,0.007152642217305197,0.009158883861277094,-0.999523173066503,0.0
2431.1262171268463,4850.0,903.85,15.3,3.6537540933272575e46,3.9,0.07811557966210242,0.009158883861277094,0.20853279874511088,-0.9999762180418832,0.002377932212779902,0.0034743078610945666,0.007152642217305197,0.009158883861277094,-0.999523173066503,0.0
2436.4322052001953,4859.0,912.8,15.3,3.6537540933272575e46,3.9,0.07811557966210242,0.009158883861277094,0.20853279874511088,-0.9999762180418832,0.002377932212779902,0.0034743078610945666,0.007152642217305197,0.009158883861277094,-0.999523173066503,0.0
2441.618761062622,4868.0,921.8,15.3,3.6537540933272575e46,3.9,0.07811557966210242,0.009158883861277094,0.20853279874511088,-0.9999762180418832,0.002377932212779902,0.0034743078610945666,0.007152642217305197,0.009158883861277094,-0.999523173066503,0.0
2446.76961517334,4877.0,930.8,15.3,3.6537540933272575e46,3.9,0.07811557966210242,0.009158883861277094,0.20853279874511088,-0.9999762180418832,0.002377932212779902,0.0034743078610945666,0.007152642217305197,0.009158883861277094,-0.999523173066503,0.0
2452.0282912254333,4886.0,938.05,15.3,3.6537540933272575e46,3.9,0.07811557966210242,0.009158883861277094,0.20853279874511088,-0.9999762180418832,0.002377932212779902,0.0034743078610945666,0.007152642217305197,0.009158883861277094,-0.999523173066503,0.0
2457.1548302173615,4895.0,935.0,15.3,3.6537540933272575e46,3.9,0.07811557966210242,0.009158883861277094,0.20853279874511088,-0.9999762180418832,0.002377932212779902,0.0034743078610945666,0.007152642217305197,0.009158883861277094,-0.999523173066503,0.0
2462.4316041469574,4904.0,944.0,15.3,3.6537540933272575e46,3.9,0.07811557966210242,0.009158883861277094,0.20853279874511088,-0.9999762180418832,0.002377932212779902,0.0034743078610945666,0.007152642217305197,0.009158883861277094,-0.999523173066503,0.0
2467.82914018631,4913.0,953.0,15.3,3.6537540933272575e46,3.9,0.07811557966210242,0.009158883861277094,0.20853279874511088,-0.9999762180418832,0.002377932212779902,0.0034743078610945666,0.007152642217305197,0.009158883861277094,-0.999523173066503,0.0
2473.0304670333862,4922.0,962.0,15.3,3.6537540933272575e46,3.9,0.07811557966210242,0.009158883861277094,0.20853279874511088,-0.9999762180418832,0.002377932212779902,0.0034743078610945666,0.007152642217305197,0.009158883861277094,-0.999523173066503,0.0
2478.168308019638,4931.0,971.0,15.3,3.6537540933272575e46,3.9,0.07811557966210242,0.009158883861277094,0.20853279874511088,-0.9999762180418832,0.002377932212779902,0.0034743078610945666,0.007152642217305197,0.009158883861277094,-0.999523173066503,0.0
2483.374985218048,4940.0,977.7,15.3,3.6537540933272575e46,3.9,0.07811557966210242,0.009158883861277094,0.20853279874511088,-0.9999762180418832,0.002377932212779902,0.0034743078610945666,0.007152642217305197,0.009158883861277094,-0.999523173066503,0.0
2488.508735179901,4949.0,922.6190476190476,15.857142857142858,3.4797658161319543e46,4.095238095238095,0.07811557966210242,0.009158883861277094,0.20853279874511088,-0.9999762180418832,0.002377932212779902,0.0034743078610945666,0.007152642217305197,0.009158883861277094,-0.999523173066503,0.0
2493.742765188217,4958.0,931.6190476190476,15.857142857142858,3.4797658161319543e46,4.095238095238095,0.07811557966210242,0.009158883861277094,0.20853279874511088,-0.9999762180418832,0.002377932212779902,0.0034743078610945666,0.007152642217305197,0.009158883861277094,-0.999523173066503,0.0
2498.962455034256,4967.0,940.6190476190476,15.857142857142858,3.4797658161319543e46,4.095238095238095,0.07811557966210242,0.009158883861277094,0.20853279874511088,-0.9999762180418832,0.002377932212779902,0.0034743078610945666,0.007152642217305197,0.009158883861277094,-0.999523173066503,0.0
2504.296082019806,4976.0,949.6190476190476,15.857142857142858,3.4797658161319543e46,4.095238095238095,0.07811557966210242,0.009158883861277094,0.20853279874511088,-0.9999762180418832,0.002377932212779902,0.0034743078610945666,0.007152642217305197,0.009158883861277094,-0.999523173066503,0.0
2509.411327123642,4985.0,958.6190476190476,15.857142857142858,3.4797658161319543e46,4.095238095238095,0.07811557966210242,0.009158883861277094,0.20853279874511088,-0.9999762180418832,0.002377932212779902,0.0034743078610945666,0.007152642217305197,0.009158883861277094,-0.999523173066503,0.0
2514.543431997299,4994.0,967.6190476190476,15.857142857142858,3.4797658161319543e46,4.095238095238095,0.07811557966210242,0.009158883861277094,0.20853279874511088,-0.9999762180418832,0.002377932212779902,0.0034743078610945666,0.007152642217305197,0.009158883861277094,-0.999523173066503,0.0
2519.7755150794983,5003.0,976.6190476190476,15.857142857142858,3.4797658161319543e46,4.095238095238095,0.07811557966210242,0.009158883861277094,0.20853279874511088,-0.9999762180418832,0.002377932212779902,0.0034743078610945666,0.007152642217305197,0.009158883861277094,-0.999523173066503,0.0
2524.8979320526123,5012.0,985.6190476190476,15.857142857142858,3.4797658161319543e46,4.095238095238095,0.07811557966210242,0.009158883861277094,0.20853279874511088,-0.9999762180418832,0.002377932212779902,0.0034743078610945666,0.007152642217305197,0.009158883861277094,-0.999523173066503,0.0
2529.9738750457764,5021.0,994.6190476190476,15.857142857142858,3.4797658161319543e46,4.095238095238095,0.07811557966210242,0.009158883861277094,0.20853279874511088,-0.9999762180418832,0.002377932212779902,0.0034743078610945666,0.007152642217305197,0.009158883861277094,-0.999523173066503,0.0
2535.2590141296387,5030.0,1003.6190476190476,15.857142857142858,3.4797658161319543e46,4.095238095238095,0.07811557966210242,0.009158883861277094,0.20853279874511088,-0.9999762180418832,0.002377932212779902,0.0034743078610945666,0.007152642217305197,0.009158883861277094,-0.999523173066503,0.0
2540.582589149475,5039.0,1012.6190476190476,15.857142857142858,3.4797658161319543e46,4.095238095238095,0.07811557966210242,0.009158883861277094,0.20853279874511088,-0.9999762180418832,0.002377932212779902,0.0034743078610945666,0.007152642217305197,0.009158883861277094,-0.999523173066503,0.0
2545.8899891376495,5048.0,1021.6190476190476,15.857142857142858,3.4797658161319543e46,4.095238095238095,0.07811557966210242,0.009158883861277094,0.20853279874511088,-0.9999762180418832,0.002377932212779902,0.0034743078610945666,0.007152642217305197,0.009158883861277094,-0.999523173066503,0.0
2551.169638156891,5057.0,1030.6190476190477,15.857142857142858,3.4797658161319543e46,4.095238095238095,0.07811557966210242,0.009158883861277094,0.20853279874511088,-0.9999762180418832,0.002377932212779902,0.0034743078610945666,0.007152642217305197,0.009158883861277094,-0.999523173066503,0.0
2556.6392951011658,5066.0,1033.7619047619048,15.857142857142858,3.4797658161319543e46,4.095238095238095,0.07811557966210242,0.009158883861277094,0.20853279874511088,-0.9999762180418832,0.002377932212779902,0.0034743078610945666,0.007152642217305197,0.009158883861277094,-0.999523173066503,0.0
2561.944479227066,5075.0,1042.7619047619048,15.857142857142858,3.4797658161319543e46,4.095238095238095,0.07811557966210242,0.009158883861277094,0.20853279874511088,-0.9999762180418832,0.002377932212779902,0.0034743078610945666,0.007152642217305197,0.009158883861277094,-0.999523173066503,0.0
2567.378590106964,5084.0,1051.7619047619048,15.857142857142858,3.4797658161319543e46,4.095238095238095,0.07811557966210242,0.009158883861277094,0.20853279874511088,-0.9999762180418832,0.002377932212779902,0.0034743078610945666,0.007152642217305197,0.009158883861277094,-0.999523173066503,0.0
2572.6594820022583,5093.0,1060.7619047619048,15.857142857142858,3.4797658161319543e46,4.095238095238095,0.07811557966210242,0.009158883861277094,0.20853279874511088,-0.9999762180418832,0.002377932212779902,0.0034743078610945666,0.007152642217305197,0.009158883861277094,-0.999523173066503,0.0
2577.9409551620483,5102.0,1024.3809523809523,15.857142857142858,3.4797658161319543e46,4.095238095238095,0.07811557966210242,0.009158883861277094,0.20853279874511088,-0.9999762180418832,0.002377932212779902,0.0034743078610945666,0.007152642217305197,0.009158883861277094,-0.999523173066503,0.0
2583.242688179016,5111.0,1025.6666666666667,15.857142857142858,3.4797658161319543e46,4.095238095238095,0.07811557966210242,0.009158883861277094,0.20853279874511088,-0.9999762180418832,0.002377932212779902,0.0034743078610945666,0.007152642217305197,0.009158883861277094,-0.999523173066503,0.0
2588.6968281269073,5120.0,1034.142857142857,15.857142857142858,3.4797658161319543e46,4.095238095238095,0.07811557966210242,0.009158883861277094,0.20853279874511088,-0.9999762180418832,0.002377932212779902,0.0034743078610945666,0.007152642217305197,0.009158883861277094,-0.999523173066503,0.0
2594.218353033066,5129.0,1031.6190476190477,15.857142857142858,3.4797658161319543e46,4.095238095238095,0.07811557966210242,0.009158883861277094,0.20853279874511088,-0.9999762180418832,0.002377932212779902,0.0034743078610945666,0.007152642217305197,0.009158883861277094,-0.999523173066503,0.0
2599.8216681480408,5138.0,1040.6190476190477,15.857142857142858,3.4797658161319543e46,4.095238095238095,0.07811557966210242,0.009158883861277094,0.20853279874511088,-0.9999762180418832,0.002377932212779902,0.0034743078610945666,0.007152642217305197,0.009158883861277094,-0.999523173066503,0.0
2605.2813251018524,5147.0,1047.7619047619048,15.857142857142858,3.4797658161319543e46,4.095238095238095,0.07811557966210242,0.009158883861277094,0.20853279874511088,-0.9999762180418832,0.002377932212779902,0.0034743078610945666,0.007152642217305197,0.009158883861277094,-0.999523173066503,0.0
2610.78267621994,5156.0,1056.3333333333333,15.857142857142858,3.4797658161319543e46,4.095238095238095,0.07811557966210242,0.009158883861277094,0.20853279874511088,-0.9999762180418832,0.002377932212779902,0.0034743078610945666,0.007152642217305197,0.009158883861277094,-0.999523173066503,0.0
2615.7981672286987,5164.0,1063.952380952381,15.857142857142858,3.4797658161319543e46,4.095238095238095,0.07811557966210242,0.009158883861277094,0.20853279874511088,-0.9999762180418832,0.002377932212779902,0.0034743078610945666,0.007152642217305197,0.009158883861277094,-0.999523173066503,0.0
2621.2779262065887,5173.0,1071.3809523809523,15.857142857142858,3.4797658161319543e46,4.095238095238095,0.07811557966210242,0.009158883861277094,0.20853279874511088,-0.9999762180418832,0.002377932212779902,0.0034743078610945666,0.007152642217305197,0.009158883861277094,-0.999523173066503,0.0
2626.620731115341,5182.0,1068.904761904762,15.857142857142858,3.479765806409601e46,4.0476190476190474,0.07811557966210242,0.009158883861277094,0.20853279874511088,-0.9999762180418832,0.002377932212779902,0.0034743078610945666,0.007152642217305197,0.009158883861277094,-0.999523173066503,0.0
2631.9517941474915,5191.0,1076.4761904761904,15.857142857142858,3.479765806409601e46,4.0476190476190474,0.07811557966210242,0.009158883861277094,0.20853279874511088,-0.9999762180418832,0.002377932212779902,0.0034743078610945666,0.007152642217305197,0.009158883861277094,-0.999523173066503,0.0
2637.340308189392,5200.0,1035.2727272727273,15.954545454545455,3.321594633390983e46,4.045454545454546,0.07811557966210242,0.009158883861277094,0.20853279874511088,-0.9999762180418832,0.002377932212779902,0.0034743078610945666,0.007152642217305197,0.009158883861277094,-0.999523173066503,0.0
2642.8812980651855,5209.0,1020.8636363636364,15.954545454545455,3.321594633390983e46,4.045454545454546,0.07811557966210242,0.009158883861277094,0.20853279874511088,-0.9999762180418832,0.002377932212779902,0.0034743078610945666,0.007152642217305197,0.009158883861277094,-0.999523173066503,0.0
2648.3078651428223,5218.0,1029.590909090909,15.954545454545455,3.321594633390983e46,4.045454545454546,0.07811557966210242,0.009158883861277094,0.20853279874511088,-0.9999762180418832,0.002377932212779902,0.0034743078610945666,0.007152642217305197,0.009158883861277094,-0.999523173066503,0.0
2653.67138004303,5227.0,1037.2272727272727,15.954545454545455,3.321594633390983e46,4.045454545454546,0.07811557966210242,0.009158883861277094,0.20853279874511088,-0.9999762180418832,0.002377932212779902,0.0034743078610945666,0.007152642217305197,0.009158883861277094,-0.999523173066503,0.0
2659.1600592136383,5236.0,1023.8181818181819,15.954545454545455,3.321594633390983e46,4.045454545454546,0.07811557966210242,0.009158883861277094,0.20853279874511088,-0.9999762180418832,0.002377932212779902,0.0034743078610945666,0.007152642217305197,0.009158883861277094,-0.999523173066503,0.0
2664.6366431713104,5245.0,1080.6190476190477,15.857142857142858,3.479765806409601e46,4.0476190476190474,0.07811557966210242,0.009158883861277094,0.20853279874511088,-0.9999762180418832,0.002377932212779902,0.0034743078610945666,0.007152642217305197,0.009158883861277094,-0.999523173066503,0.0
2670.060746192932,5254.0,1088.857142857143,15.857142857142858,3.479765806409601e46,4.0476190476190474,0.07811557966210242,0.009158883861277094,0.20853279874511088,-0.9999762180418832,0.002377932212779902,0.0034743078610945666,0.007152642217305197,0.009158883861277094,-0.999523173066503,0.0
2675.4504401683807,5263.0,1096.904761904762,15.857142857142858,3.479765806409601e46,4.0476190476190474,0.07811557966210242,0.009158883861277094,0.20853279874511088,-0.9999762180418832,0.002377932212779902,0.0034743078610945666,0.007152642217305197,0.009158883861277094,-0.999523173066503,0.0
2680.795797109604,5272.0,1101.4761904761904,15.857142857142858,3.479765806409601e46,4.0476190476190474,0.07811557966210242,0.009158883861277094,0.20853279874511088,-0.9999762180418832,0.002377932212779902,0.0034743078610945666,0.007152642217305197,0.009158883861277094,-0.999523173066503,0.0
2686.256772041321,5281.0,1110.4761904761904,15.857142857142858,3.479765806409601e46,4.0476190476190474,0.07811557966210242,0.009158883861277094,0.20853279874511088,-0.9999762180418832,0.002377932212779902,0.0034743078610945666,0.007152642217305197,0.009158883861277094,-0.999523173066503,0.0
2691.779900074005,5290.0,1119.4761904761904,15.857142857142858,3.479765806409601e46,4.0476190476190474,0.07811557966210242,0.009158883861277094,0.20853279874511088,-0.9999762180418832,0.002377932212779902,0.0034743078610945666,0.007152642217305197,0.009158883861277094,-0.999523173066503,0.0
2697.316873073578,5299.0,1128.4761904761904,15.857142857142858,3.479765806409601e46,4.0476190476190474,0.07811557966210242,0.009158883861277094,0.20853279874511088,-0.9999762180418832,0.002377932212779902,0.0034743078610945666,0.007152642217305197,0.009158883861277094,-0.999523173066503,0.0
2702.799255132675,5308.0,1103.4761904761904,15.857142857142858,3.4797658096503853e46,4.0,0.07811557966210242,0.009158883861277094,0.21186699762043304,-0.9999762180418832,0.002377932212779902,0.0034743078610945666,0.007152642217305197,0.009158883861277094,-0.999537622367518,0.0
2708.3222150802612,5317.0,1112.4761904761904,15.857142857142858,3.4797658096503853e46,4.0,0.07811557966210242,0.009158883861277094,0.21186699762043304,-0.9999762180418832,0.002377932212779902,0.0034743078610945666,0.007152642217305197,0.009158883861277094,-0.999537622367518,0.0
2713.8280022144318,5326.0,1118.5714285714287,15.857142857142858,3.4797658096503853e46,4.0,0.07811557966210242,0.009158883861277094,0.21186699762043304,-0.9999762180418832,0.002377932212779902,0.0034743078610945666,0.007152642217305197,0.009158883861277094,-0.999537622367518,0.0
2719.2302482128143,5335.0,1127.4285714285713,15.857142857142858,3.4797658096503853e46,4.0,0.07811557966210242,0.009158883861277094,0.21186699762043304,-0.9999762180418832,0.002377932212779902,0.0034743078610945666,0.007152642217305197,0.009158883861277094,-0.999537622367518,0.0
2724.580493211746,5344.0,1136.4285714285713,15.857142857142858,3.4797658096503853e46,4.0,0.07811557966210242,0.009158883861277094,0.21186699762043304,-0.9999762180418832,0.002377932212779902,0.0034743078610945666,0.007152642217305197,0.009158883861277094,-0.999537622367518,0.0
2729.8435940742493,5353.0,1094.5238095238096,15.857142857142858,3.4797658096503853e46,4.0,0.07811557966210242,0.009158883861277094,0.21186699762043304,-0.9999762180418832,0.002377932212779902,0.0034743078610945666,0.007152642217305197,0.009158883861277094,-0.999537622367518,0.0
2735.1164422035217,5362.0,1103.5238095238096,15.857142857142858,3.4797658096503853e46,4.0,0.07811557966210242,0.009158883861277094,0.21186699762043304,-0.9999762180418832,0.002377932212779902,0.0034743078610945666,0.007152642217305197,0.009158883861277094,-0.999537622367518,0.0
2740.4265661239624,5371.0,1053.2380952380952,15.857142857142858,3.4797658096503853e46,4.0,0.07811557966210242,0.009158883861277094,0.21186699762043304,-0.9999762180418832,0.002377932212779902,0.0034743078610945666,0.007152642217305197,0.009158883861277094,-0.999537622367518,0.0
2745.826341152191,5380.0,1018.0,15.857142857142858,3.4797658096503853e46,4.0,0.07811557966210242,0.009158883861277094,0.21186699762043304,-0.9999762180418832,0.002377932212779902,0.0034743078610945666,0.007152642217305197,0.009158883861277094,-0.999537622367518,0.0
2751.1350481510162,5389.0,1025.3333333333333,15.857142857142858,3.4797658096503853e46,4.0,0.07811557966210242,0.009158883861277094,0.21186699762043304,-0.9999762180418832,0.002377932212779902,0.0034743078610945666,0.007152642217305197,0.009158883861277094,-0.999537622367518,0.0
2756.4834542274475,5398.0,1032.0,15.857142857142858,3.4797658096503853e46,4.0,0.07811557966210242,0.009158883861277094,0.21186699762043304,-0.9999762180418832,0.002377932212779902,0.0034743078610945666,0.007152642217305197,0.009158883861277094,-0.999537622367518,0.0
2761.817586183548,5407.0,1041.0,15.857142857142858,3.4797658096503853e46,4.0,0.07811557966210242,0.009158883861277094,0.21186699762043304,-0.9999762180418832,0.002377932212779902,0.0034743078610945666,0.007152642217305197,0.009158883861277094,-0.999537622367518,0.0
2767.3268551826477,5416.0,1049.095238095238,15.857142857142858,3.4797658096503853e46,4.0,0.07811557966210242,0.009158883861277094,0.21186699762043304,-0.9999762180418832,0.002377932212779902,0.0034743078610945666,0.007152642217305197,0.009158883861277094,-0.999537622367518,0.0
2772.76602602005,5425.0,1058.095238095238,15.857142857142858,3.4797658096503853e46,4.0,0.07811557966210242,0.009158883861277094,0.21186699762043304,-0.9999762180418832,0.002377932212779902,0.0034743078610945666,0.007152642217305197,0.009158883861277094,-0.999537622367518,0.0
2778.2969880104065,5434.0,1067.095238095238,15.857142857142858,3.4797658096503853e46,4.0,0.07811557966210242,0.009158883861277094,0.21186699762043304,-0.9999762180418832,0.002377932212779902,0.0034743078610945666,0.007152642217305197,0.009158883861277094,-0.999537622367518,0.0
2783.328611135483,5442.0,937.6190476190476,15.857142857142858,3.4797658096503853e46,4.0,0.07811557966210242,0.009158883861277094,0.21186699762043304,-0.9999762180418832,0.002377932212779902,0.0034743078610945666,0.007152642217305197,0.009158883861277094,-0.999537622367518,0.0
2788.9278411865234,5451.0,946.6190476190476,15.857142857142858,3.4797658096503853e46,4.0,0.07811557966210242,0.009158883861277094,0.21186699762043304,-0.9999762180418832,0.002377932212779902,0.0034743078610945666,0.007152642217305197,0.009158883861277094,-0.999537622367518,0.0
2794.3093721866608,5460.0,955.6190476190476,15.857142857142858,3.4797658096503853e46,4.0,0.07811557966210242,0.009158883861277094,0.21186699762043304,-0.9999762180418832,0.002377932212779902,0.0034743078610945666,0.007152642217305197,0.009158883861277094,-0.999537622367518,0.0
2799.606737136841,5469.0,964.6190476190476,15.857142857142858,3.4797658096503853e46,4.0,0.07811557966210242,0.009158883861277094,0.21186699762043304,-0.9999762180418832,0.002377932212779902,0.0034743078610945666,0.007152642217305197,0.009158883861277094,-0.999537622367518,0.0
2804.9619450569153,5478.0,973.6190476190476,15.857142857142858,3.4797658096503853e46,4.0,0.07811557966210242,0.009158883861277094,0.21186699762043304,-0.9999762180418832,0.002377932212779902,0.0034743078610945666,0.007152642217305197,0.009158883861277094,-0.999537622367518,0.0
2810.312096118927,5487.0,982.6190476190476,15.857142857142858,3.4797658096503853e46,4.0,0.07811557966210242,0.009158883861277094,0.21186699762043304,-0.9999762180418832,0.002377932212779902,0.0034743078610945666,0.007152642217305197,0.009158883861277094,-0.999537622367518,0.0
2815.715908050537,5496.0,991.6190476190476,15.857142857142858,3.4797658096503853e46,4.0,0.07811557966210242,0.009158883861277094,0.21186699762043304,-0.9999762180418832,0.002377932212779902,0.0034743078610945666,0.007152642217305197,0.009158883861277094,-0.999537622367518,0.0
2821.1438632011414,5505.0,1000.6190476190476,15.857142857142858,3.4797658096503853e46,4.0,0.07811557966210242,0.009158883861277094,0.21186699762043304,-0.9999762180418832,0.002377932212779902,0.0034743078610945666,0.007152642217305197,0.009158883861277094,-0.999537622367518,0.0
2826.4503920078278,5514.0,1009.6190476190476,15.857142857142858,3.4797658096503853e46,4.0,0.07811557966210242,0.009158883861277094,0.21186699762043304,-0.9999762180418832,0.002377932212779902,0.0034743078610945666,0.007152642217305197,0.009158883861277094,-0.999537622367518,0.0
2831.8051249980927,5523.0,1018.6190476190476,15.857142857142858,3.4797658096503853e46,4.0,0.07811557966210242,0.009158883861277094,0.21186699762043304,-0.9999762180418832,0.002377932212779902,0.0034743078610945666,0.007152642217305197,0.009158883861277094,-0.999537622367518,0.0
2837.0802772045135,5532.0,1027.6190476190477,15.857142857142858,3.4797658096503853e46,4.0,0.07811557966210242,0.009158883861277094,0.21186699762043304,-0.9999762180418832,0.002377932212779902,0.0034743078610945666,0.007152642217305197,0.009158883861277094,-0.999537622367518,0.0
2842.3654551506042,5541.0,1036.6190476190477,15.857142857142858,3.4797658096503853e46,4.0,0.07811557966210242,0.009158883861277094,0.21186699762043304,-0.9999762180418832,0.002377932212779902,0.0034743078610945666,0.007152642217305197,0.009158883861277094,-0.999537622367518,0.0
2847.557937145233,5550.0,845.0952380952381,15.857142857142858,3.4797658096503853e46,4.0,0.07811557966210242,0.009158883861277094,0.21186699762043304,-0.9999762180418832,0.002377932212779902,0.0034743078610945666,0.007152642217305197,0.009158883861277094,-0.999537622367518,0.0
2852.8543820381165,5559.0,854.0952380952381,15.857142857142858,3.4797658096503853e46,4.0,0.07811557966210242,0.009158883861277094,0.21186699762043304,-0.9999762180418832,0.002377932212779902,0.0034743078610945666,0.007152642217305197,0.009158883861277094,-0.999537622367518,0.0
2858.1533720493317,5568.0,863.0952380952381,15.857142857142858,3.4797658096503853e46,4.0,0.07811557966210242,0.009158883861277094,0.21186699762043304,-0.9999762180418832,0.002377932212779902,0.0034743078610945666,0.007152642217305197,0.009158883861277094,-0.999537622367518,0.0
2863.4517731666565,5577.0,824.1904761904761,15.857142857142858,3.4797658096503853e46,4.0,0.07811557966210242,0.009158883861277094,0.21186699762043304,-0.9999762180418832,0.002377932212779902,0.0034743078610945666,0.007152642217305197,0.009158883861277094,-0.999537622367518,0.0
2868.707380056381,5586.0,833.1904761904761,15.857142857142858,3.4797658096503853e46,4.0,0.07811557966210242,0.009158883861277094,0.21186699762043304,-0.9999762180418832,0.002377932212779902,0.0034743078610945666,0.007152642217305197,0.009158883861277094,-0.999537622367518,0.0
2874.1262290477753,5595.0,842.1904761904761,15.857142857142858,3.4797658096503853e46,4.0,0.07811557966210242,0.009158883861277094,0.21186699762043304,-0.9999762180418832,0.002377932212779902,0.0034743078610945666,0.007152642217305197,0.009158883861277094,-0.999537622367518,0.0
2879.6929471492767,5604.0,851.1904761904761,15.857142857142858,3.4797658096503853e46,4.0,0.07811557966210242,0.009158883861277094,0.21186699762043304,-0.9999762180418832,0.002377932212779902,0.0034743078610945666,0.007152642217305197,0.009158883861277094,-0.999537622367518,0.0
2885.1174261569977,5613.0,857.3333333333334,15.857142857142858,3.4797658096503853e46,4.0,0.07811557966210242,0.009158883861277094,0.21186699762043304,-0.9999762180418832,0.002377932212779902,0.0034743078610945666,0.007152642217305197,0.009158883861277094,-0.999537622367518,0.0
2890.49218416214,5622.0,866.3333333333334,15.857142857142858,3.4797658096503853e46,4.0,0.07811557966210242,0.009158883861277094,0.21186699762043304,-0.9999762180418832,0.002377932212779902,0.0034743078610945666,0.007152642217305197,0.009158883861277094,-0.999537622367518,0.0
2895.9228451251984,5631.0,875.3333333333334,15.857142857142858,3.4797658096503853e46,4.0,0.07811557966210242,0.009158883861277094,0.21186699762043304,-0.9999762180418832,0.002377932212779902,0.0034743078610945666,0.007152642217305197,0.009158883861277094,-0.999537622367518,0.0
2901.350494146347,5640.0,884.3333333333334,15.857142857142858,3.4797658096503853e46,4.0,0.07811557966210242,0.009158883861277094,0.21186699762043304,-0.9999762180418832,0.002377932212779902,0.0034743078610945666,0.007152642217305197,0.009158883861277094,-0.999537622367518,0.0
2906.694183111191,5649.0,893.3333333333334,15.857142857142858,3.4797658096503853e46,4.0,0.07811557966210242,0.009158883861277094,0.21186699762043304,-0.9999762180418832,0.002377932212779902,0.0034743078610945666,0.007152642217305197,0.009158883861277094,-0.999537622367518,0.0
2912.1902260780334,5658.0,892.0,15.857142857142858,3.4797658096503853e46,4.0,0.07811557966210242,0.009158883861277094,0.21186699762043304,-0.9999762180418832,0.002377932212779902,0.0034743078610945666,0.007152642217305197,0.009158883861277094,-0.999537622367518,0.0
2917.6775732040405,5667.0,901.0,15.857142857142858,3.4797658096503853e46,4.0,0.07811557966210242,0.009158883861277094,0.21186699762043304,-0.9999762180418832,0.002377932212779902,0.0034743078610945666,0.007152642217305197,0.009158883861277094,-0.999537622367518,0.0
2923.1308681964874,5676.0,927.05,15.85,3.6537541001329044e46,4.05,0.07811557966210242,0.009158883861277094,0.21186699762043304,-0.9999762180418832,0.002377932212779902,0.0034743078610945666,0.007152642217305197,0.009158883861277094,-0.999537622367518,0.0
2928.5957820415497,5685.0,891.7142857142857,16.047619047619047,3.4797658096503853e46,4.095238095238095,0.07811557966210242,0.009158883861277094,0.21186699762043304,-0.9999762180418832,0.002377932212779902,0.0034743078610945666,0.007152642217305197,0.009158883861277094,-0.999537622367518,0.0
2933.919200181961,5694.0,900.4285714285714,16.047619047619047,3.4797658096503853e46,4.095238095238095,0.07811557966210242,0.009158883861277094,0.21186699762043304,-0.9999762180418832,0.002377932212779902,0.0034743078610945666,0.007152642217305197,0.009158883861277094,-0.999537622367518,0.0
2939.524073123932,5703.0,909.4285714285714,16.047619047619047,3.4797658096503853e46,4.095238095238095,0.07811557966210242,0.009158883861277094,0.21186699762043304,-0.9999762180418832,0.002377932212779902,0.0034743078610945666,0.007152642217305197,0.009158883861277094,-0.999537622367518,0.0
2944.9195461273193,5712.0,830.3333333333334,16.047619047619047,3.4797658096503853e46,4.095238095238095,0.0786279950935982,0.009124272571551056,0.21196798113088278,-0.9999763079135592,0.0023808223827160484,0.00346060537428617,0.007139765138228285,0.009124272571551056,-0.999537622367518,0.0
2950.464292049408,5721.0,807.952380952381,16.047619047619047,3.4797658096503853e46,4.095238095238095,0.0786279950935982,0.009124272571551056,0.21196798113088278,-0.9999763079135592,0.0023808223827160484,0.00346060537428617,0.007139765138228285,0.009124272571551056,-0.999537622367518,0.0
2955.802941083908,5730.0,816.7619047619048,16.047619047619047,3.4797658096503853e46,4.095238095238095,0.0786279950935982,0.009124272571551056,0.21196798113088278,-0.9999763079135592,0.0023808223827160484,0.00346060537428617,0.007139765138228285,0.009124272571551056,-0.999537622367518,0.0
2961.1569480895996,5739.0,825.7619047619048,16.047619047619047,3.4797658096503853e46,4.095238095238095,0.0786279950935982,0.009124272571551056,0.21196798113088278,-0.9999763079135592,0.0023808223827160484,0.00346060537428617,0.007139765138228285,0.009124272571551056,-0.999537622367518,0.0
2966.573233127594,5748.0,834.7619047619048,16.047619047619047,3.4797658096503853e46,4.095238095238095,0.0786279950935982,0.009124272571551056,0.21196798113088278,-0.9999763079135592,0.0023808223827160484,0.00346060537428617,0.007139765138228285,0.009124272571551056,-0.999537622367518,0.0
2971.989163160324,5757.0,843.7619047619048,16.047619047619047,3.4797658096503853e46,4.095238095238095,0.0786279950935982,0.009124272571551056,0.21196798113088278,-0.9999763079135592,0.0023808223827160484,0.00346060537428617,0.007139765138228285,0.009124272571551056,-0.999537622367518,0.0
2977.4374420642853,5766.0,852.7619047619048,16.047619047619047,3.4797658096503853e46,4.095238095238095,0.0786279950935982,0.009124272571551056,0.21196798113088278,-0.9999763079135592,0.0023808223827160484,0.00346060537428617,0.007139765138228285,0.009124272571551056,-0.999537622367518,0.0
2983.0213470458984,5775.0,861.7619047619048,16.047619047619047,3.4797658096503853e46,4.095238095238095,0.0786279950935982,0.009124272571551056,0.21196798113088278,-0.9999763079135592,0.0023808223827160484,0.00346060537428617,0.007139765138228285,0.009124272571551056,-0.999537622367518,0.0
2988.465453147888,5784.0,870.7619047619048,16.047619047619047,3.4797658096503853e46,4.095238095238095,0.0786279950935982,0.009124272571551056,0.21196798113088278,-0.9999763079135592,0.0023808223827160484,0.00346060537428617,0.007139765138228285,0.009124272571551056,-0.999537622367518,0.0
2993.9615330696106,5793.0,861.6666666666666,16.047619047619047,3.4797658096503853e46,4.095238095238095,0.0786279950935982,0.009124272571551056,0.21196798113088278,-0.9999763079135592,0.0023808223827160484,0.00346060537428617,0.007139765138228285,0.009124272571551056,-0.999537622367518,0.0
2999.4593880176544,5802.0,870.6666666666666,16.047619047619047,3.4797658096503853e46,4.095238095238095,0.0786279950935982,0.009124272571551056,0.21196798113088278,-0.9999763079135592,0.0023808223827160484,0.00346060537428617,0.007139765138228285,0.009124272571551056,-0.999537622367518,0.0
3004.4923779964447,5810.0,878.6666666666666,16.047619047619047,3.4797658096503853e46,4.095238095238095,0.0786279950935982,0.009124272571551056,0.21196798113088278,-0.9999763079135592,0.0023808223827160484,0.00346060537428617,0.007139765138228285,0.009124272571551056,-0.999537622367518,0.0
3009.985011100769,5819.0,887.6666666666666,16.047619047619047,3.4797658096503853e46,4.095238095238095,0.0786279950935982,0.009124272571551056,0.21196798113088278,-0.9999763079135592,0.0023808223827160484,0.00346060537428617,0.007139765138228285,0.009124272571551056,-0.999537622367518,0.0
3015.0602300167084,5827.0,895.6666666666666,16.047619047619047,3.4797658096503853e46,4.095238095238095,0.0786279950935982,0.009124272571551056,0.21196798113088278,-0.9999763079135592,0.0023808223827160484,0.00346060537428617,0.007139765138228285,0.009124272571551056,-0.999537622367518,0.0
3020.678733110428,5836.0,904.6666666666666,16.047619047619047,3.4797658096503853e46,4.095238095238095,0.0786279950935982,0.009124272571551056,0.21196798113088278,-0.9999763079135592,0.0023808223827160484,0.00346060537428617,0.007139765138228285,0.009124272571551056,-0.999537622367518,0.0
3025.8385071754456,5844.0,890.0952380952381,16.047619047619047,3.4797658096503853e46,4.095238095238095,0.0786279950935982,0.009124272571551056,0.21196798113088278,-0.9999763079135592,0.0023808223827160484,0.00346060537428617,0.007139765138228285,0.009124272571551056,-0.999537622367518,0.0
3030.9435081481934,5852.0,898.0952380952381,16.047619047619047,3.4797658096503853e46,4.095238095238095,0.0786279950935982,0.009124272571551056,0.21196798113088278,-0.9999763079135592,0.0023808223827160484,0.00346060537428617,0.007139765138228285,0.009124272571551056,-0.999537622367518,0.0
3036.027364015579,5860.0,906.0952380952381,16.047619047619047,3.4797658096503853e46,4.095238095238095,0.0786279950935982,0.009124272571551056,0.21196798113088278,-0.9999763079135592,0.0023808223827160484,0.00346060537428617,0.007139765138228285,0.009124272571551056,-0.999537622367518,0.0
3041.6613161563873,5869.0,865.7619047619048,16.047619047619047,3.4797658096503853e46,4.095238095238095,0.0786279950935982,0.009124272571551056,0.21196798113088278,-0.9999763079135592,0.0023808223827160484,0.00346060537428617,0.007139765138228285,0.009124272571551056,-0.999537622367518,0.0
3046.662560224533,5877.0,873.7619047619048,16.047619047619047,3.4797658096503853e46,4.095238095238095,0.0786279950935982,0.009124272571551056,0.21196798113088278,-0.9999763079135592,0.0023808223827160484,0.00346060537428617,0.007139765138228285,0.009124272571551056,-0.999537622367518,0.0
3052.202909231186,5886.0,882.7619047619048,16.047619047619047,3.4797658096503853e46,4.095238095238095,0.0786279950935982,0.009124272571551056,0.21196798113088278,-0.9999763079135592,0.0023808223827160484,0.00346060537428617,0.007139765138228285,0.009124272571551056,-0.999537622367518,0.0
3057.663197040558,5895.0,891.7619047619048,16.047619047619047,3.4797658096503853e46,4.095238095238095,0.0786279950935982,0.009124272571551056,0.21196798113088278,-0.9999763079135592,0.0023808223827160484,0.00346060537428617,0.007139765138228285,0.009124272571551056,-0.999537622367518,0.0
3063.2059350013733,5904.0,900.7619047619048,16.047619047619047,3.4797658096503853e46,4.095238095238095,0.0786279950935982,0.009124272571551056,0.21196798113088278,-0.9999763079135592,0.0023808223827160484,0.00346060537428617,0.007139765138228285,0.009124272571551056,-0.999537622367518,0.0
3068.2540230751038,5912.0,908.7619047619048,16.047619047619047,3.4797658096503853e46,4.095238095238095,0.0786279950935982,0.009124272571551056,0.21196798113088278,-0.9999763079135592,0.0023808223827160484,0.00346060537428617,0.007139765138228285,0.009124272571551056,-0.999537622367518,0.0
3073.8527982234955,5921.0,917.7619047619048,16.047619047619047,3.4797658096503853e46,4.095238095238095,0.0786279950935982,0.009124272571551056,0.21196798113088278,-0.9999763079135592,0.0023808223827160484,0.00346060537428617,0.007139765138228285,0.009124272571551056,-0.999537622367518,0.0
3079.3873381614685,5930.0,926.7619047619048,16.047619047619047,3.4797658096503853e46,4.095238095238095,0.0786279950935982,0.009124272571551056,0.21196798113088278,-0.9999763079135592,0.0023808223827160484,0.00346060537428617,0.007139765138228285,0.009124272571551056,-0.999537622367518,0.0
3084.7965202331543,5939.0,935.7619047619048,16.047619047619047,3.4797658096503853e46,4.095238095238095,0.0786279950935982,0.009124272571551056,0.21196798113088278,-0.9999763079135592,0.0023808223827160484,0.00346060537428617,0.007139765138228285,0.009124272571551056,-0.999537622367518,0.0
3090.271234035492,5948.0,944.7619047619048,16.047619047619047,3.4797658096503853e46,4.095238095238095,0.0786279950935982,0.009124272571551056,0.21196798113088278,-0.9999763079135592,0.0023808223827160484,0.00346060537428617,0.007139765138228285,0.009124272571551056,-0.999537622367518,0.0
3095.281405210495,5956.0,952.7619047619048,16.047619047619047,3.4797658096503853e46,4.095238095238095,0.0786279950935982,0.009124272571551056,0.21196798113088278,-0.9999763079135592,0.0023808223827160484,0.00346060537428617,0.007139765138228285,0.009124272571551056,-0.999537622367518,0.0
3100.3603341579437,5964.0,940.9047619047619,16.047619047619047,3.4797658096503853e46,4.095238095238095,0.0786279950935982,0.009124272571551056,0.21196798113088278,-0.9999763079135592,0.0023808223827160484,0.00346060537428617,0.007139765138228285,0.009124272571551056,-0.999537622367518,0.0
3105.421056032181,5972.0,948.9047619047619,16.047619047619047,3.4797658096503853e46,4.095238095238095,0.0786279950935982,0.009124272571551056,0.21196798113088278,-0.9999763079135592,0.0023808223827160484,0.00346060537428617,0.007139765138228285,0.009124272571551056,-0.999537622367518,0.0
3110.4750192165375,5980.0,956.9047619047619,16.047619047619047,3.4797658096503853e46,4.095238095238095,0.0786279950935982,0.009124272571551056,0.21196798113088278,-0.9999763079135592,0.0023808223827160484,0.00346060537428617,0.007139765138228285,0.009124272571551056,-0.999537622367518,0.0
3115.994642019272,5989.0,965.9047619047619,16.047619047619047,3.4797658096503853e46,4.095238095238095,0.0786279950935982,0.009124272571551056,0.21196798113088278,-0.9999763079135592,0.0023808223827160484,0.00346060537428617,0.007139765138228285,0.009124272571551056,-0.999537622367518,0.0
3121.0484302043915,5997.0,957.4761904761905,16.047619047619047,3.4797658096503853e46,4.095238095238095,0.0786279950935982,0.009124272571551056,0.21196798113088278,-0.9999763079135592,0.0023808223827160484,0.00346060537428617,0.007139765138228285,0.009124272571551056,-0.999537622367518,0.0
3126.639731168747,6006.0,966.4761904761905,16.047619047619047,3.4797658096503853e46,4.095238095238095,0.0786279950935982,0.009124272571551056,0.21196798113088278,-0.9999763079135592,0.0023808223827160484,0.00346060537428617,0.007139765138228285,0.009124272571551056,-0.999537622367518,0.0
3131.7057631015778,6014.0,974.4761904761905,16.047619047619047,3.4797658096503853e46,4.095238095238095,0.0786279950935982,0.009124272571551056,0.21196798113088278,-0.9999763079135592,0.0023808223827160484,0.00346060537428617,0.007139765138228285,0.009124272571551056,-0.999537622367518,0.0
3136.720710039139,6022.0,982.4761904761905,16.047619047619047,3.4797658096503853e46,4.095238095238095,0.0786279950935982,0.009124272571551056,0.21196798113088278,-0.9999763079135592,0.0023808223827160484,0.00346060537428617,0.007139765138228285,0.009124272571551056,-0.999537622367518,0.0
3141.7990090847015,6030.0,990.4761904761905,16.047619047619047,3.4797658096503853e46,4.095238095238095,0.0786279950935982,0.009124272571551056,0.21196798113088278,-0.9999763079135592,0.0023808223827160484,0.00346060537428617,0.007139765138228285,0.009124272571551056,-0.999537622367518,0.0
3146.8687291145325,6038.0,998.4761904761905,16.047619047619047,3.4797658096503853e46,4.095238095238095,0.0786279950935982,0.009124272571551056,0.21196798113088278,-0.9999763079135592,0.0023808223827160484,0.00346060537428617,0.007139765138228285,0.009124272571551056,-0.999537622367518,0.0
3151.915210008621,6046.0,991.0952380952381,16.047619047619047,3.4797658096503853e46,4.095238095238095,0.0786279950935982,0.009124272571551056,0.21196798113088278,-0.9999763079135592,0.0023808223827160484,0.00346060537428617,0.007139765138228285,0.009124272571551056,-0.999537622367518,0.0
3156.984222173691,6054.0,999.0952380952381,16.047619047619047,3.4797658096503853e46,4.095238095238095,0.0786279950935982,0.009124272571551056,0.21196798113088278,-0.9999763079135592,0.0023808223827160484,0.00346060537428617,0.007139765138228285,0.009124272571551056,-0.999537622367518,0.0
3162.2270550727844,6062.0,1006.4285714285714,16.047619047619047,3.4797658096503853e46,4.095238095238095,0.0786279950935982,0.009124272571551056,0.21196798113088278,-0.9999763079135592,0.0023808223827160484,0.00346060537428617,0.007139765138228285,0.009124272571551056,-0.999537622367518,0.0
3167.4092411994934,6070.0,1014.4285714285714,16.047619047619047,3.4797658096503853e46,4.095238095238095,0.0786279950935982,0.009124272571551056,0.21196798113088278,-0.9999763079135592,0.0023808223827160484,0.00346060537428617,0.007139765138228285,0.009124272571551056,-0.999537622367518,0.0
3172.4372811317444,6078.0,1022.4285714285714,16.047619047619047,3.4797658096503853e46,4.095238095238095,0.0786279950935982,0.009124272571551056,0.21196798113088278,-0.9999763079135592,0.0023808223827160484,0.00346060537428617,0.007139765138228285,0.009124272571551056,-0.999537622367518,0.0
3177.476129055023,6086.0,1030.4285714285713,16.047619047619047,3.4797658096503853e46,4.095238095238095,0.0786279950935982,0.009124272571551056,0.21196798113088278,-0.9999763079135592,0.0023808223827160484,0.00346060537428617,0.007139765138228285,0.009124272571551056,-0.999537622367518,0.0
3182.6163980960846,6094.0,1038.4285714285713,16.047619047619047,3.4797658096503853e46,4.095238095238095,0.0786279950935982,0.009124272571551056,0.21196798113088278,-0.9999763079135592,0.0023808223827160484,0.00346060537428617,0.007139765138228285,0.009124272571551056,-0.999537622367518,0.0
3187.711194038391,6102.0,1046.4285714285713,16.047619047619047,3.4797658096503853e46,4.095238095238095,0.0786279950935982,0.009124272571551056,0.21196798113088278,-0.9999763079135592,0.0023808223827160484,0.00346060537428617,0.007139765138228285,0.009124272571551056,-0.999537622367518,0.0
3192.819917201996,6110.0,1054.4285714285713,16.047619047619047,3.4797658096503853e46,4.095238095238095,0.0786279950935982,0.009124272571551056,0.21196798113088278,-0.9999763079135592,0.0023808223827160484,0.00346060537428617,0.007139765138228285,0.009124272571551056,-0.999537622367518,0.0
3197.9042251110077,6118.0,1062.4285714285713,16.047619047619047,3.4797658096503853e46,4.095238095238095,0.0786279950935982,0.009124272571551056,0.21196798113088278,-0.9999763079135592,0.0023808223827160484,0.00346060537428617,0.007139765138228285,0.009124272571551056,-0.999537622367518,0.0
3202.9957361221313,6126.0,1067.5714285714287,16.047619047619047,3.4797658096503853e46,4.095238095238095,0.0786279950935982,0.009124272571551056,0.21196798113088278,-0.9999763079135592,0.0023808223827160484,0.00346060537428617,0.007139765138228285,0.009124272571551056,-0.999537622367518,0.0
3208.00283908844,6134.0,1075.5714285714287,16.047619047619047,3.4797658096503853e46,4.095238095238095,0.0786279950935982,0.009124272571551056,0.21196798113088278,-0.9999763079135592,0.0023808223827160484,0.00346060537428617,0.007139765138228285,0.009124272571551056,-0.999537622367518,0.0
3213.079733133316,6142.0,1083.5714285714287,16.047619047619047,3.4797658096503853e46,4.095238095238095,0.0786279950935982,0.009124272571551056,0.21196798113088278,-0.9999763079135592,0.0023808223827160484,0.00346060537428617,0.007139765138228285,0.009124272571551056,-0.999537622367518,0.0
3218.260208129883,6150.0,1091.5714285714287,16.047619047619047,3.4797658096503853e46,4.095238095238095,0.0786279950935982,0.009124272571551056,0.21196798113088278,-0.9999763079135592,0.0023808223827160484,0.00346060537428617,0.007139765138228285,0.009124272571551056,-0.999537622367518,0.0
3223.3606491088867,6158.0,1099.5714285714287,16.047619047619047,3.4797658096503853e46,4.095238095238095,0.0786279950935982,0.009124272571551056,0.21196798113088278,-0.9999763079135592,0.0023808223827160484,0.00346060537428617,0.007139765138228285,0.009124272571551056,-0.999537622367518,0.0
3228.9830181598663,6167.0,1108.5714285714287,16.047619047619047,3.4797658096503853e46,4.095238095238095,0.0786279950935982,0.009124272571551056,0.21196798113088278,-0.9999763079135592,0.0023808223827160484,0.00346060537428617,0.007139765138228285,0.009124272571551056,-0.999537622367518,0.0
3234.575663089752,6176.0,1117.5714285714287,16.047619047619047,3.4797658096503853e46,4.095238095238095,0.0786279950935982,0.009124272571551056,0.21196798113088278,-0.9999763079135592,0.0023808223827160484,0.00346060537428617,0.007139765138228285,0.009124272571551056,-0.999537622367518,0.0
3239.675640106201,6184.0,1125.5714285714287,16.047619047619047,3.4797658096503853e46,4.095238095238095,0.0786279950935982,0.009124272571551056,0.21196798113088278,-0.9999763079135592,0.0023808223827160484,0.00346060537428617,0.007139765138228285,0.009124272571551056,-0.999537622367518,0.0
3245.3067631721497,6193.0,1134.5714285714287,16.047619047619047,3.4797658096503853e46,4.095238095238095,0.0786279950935982,0.009124272571551056,0.21196798113088278,-0.9999763079135592,0.0023808223827160484,0.00346060537428617,0.007139765138228285,0.009124272571551056,-0.999537622367518,0.0
3250.5595140457153,6201.0,1142.5714285714287,16.047619047619047,3.4797658096503853e46,4.095238095238095,0.0786279950935982,0.009124272571551056,0.21196798113088278,-0.9999763079135592,0.0023808223827160484,0.00346060537428617,0.007139765138228285,0.009124272571551056,-0.999537622367518,0.0
3255.810792207718,6209.0,1150.5714285714287,16.047619047619047,3.4797658096503853e46,4.095238095238095,0.0786279950935982,0.009124272571551056,0.21196798113088278,-0.9999763079135592,0.0023808223827160484,0.00346060537428617,0.007139765138228285,0.009124272571551056,-0.999537622367518,0.0
3261.0319170951843,6217.0,1158.5714285714287,16.047619047619047,3.4797658096503853e46,4.095238095238095,0.0786279950935982,0.009124272571551056,0.21196798113088278,-0.9999763079135592,0.0023808223827160484,0.00346060537428617,0.007139765138228285,0.009124272571551056,-0.999537622367518,0.0
3266.2378590106964,6225.0,1166.5714285714287,16.047619047619047,3.4797658096503853e46,4.095238095238095,0.0786279950935982,0.009124272571551056,0.21196798113088278,-0.9999763079135592,0.0023808223827160484,0.00346060537428617,0.007139765138228285,0.009124272571551056,-0.999537622367518,0.0
3271.506142139435,6233.0,1174.5714285714287,16.047619047619047,3.4797658096503853e46,4.095238095238095,0.0786279950935982,0.009124272571551056,0.21196798113088278,-0.9999763079135592,0.0023808223827160484,0.00346060537428617,0.007139765138228285,0.009124272571551056,-0.999537622367518,0.0
3276.669788122177,6241.0,1182.5714285714287,16.047619047619047,3.4797658096503853e46,4.095238095238095,0.0786279950935982,0.009124272571551056,0.21196798113088278,-0.9999763079135592,0.0023808223827160484,0.00346060537428617,0.007139765138228285,0.009124272571551056,-0.999537622367518,0.0
3281.84095621109,6249.0,1190.5714285714287,16.047619047619047,3.4797658096503853e46,4.095238095238095,0.0786279950935982,0.009124272571551056,0.21196798113088278,-0.9999763079135592,0.0023808223827160484,0.00346060537428617,0.007139765138228285,0.009124272571551056,-0.999537622367518,0.0
3286.9095821380615,6257.0,1198.5714285714287,16.047619047619047,3.4797658096503853e46,4.095238095238095,0.0786279950935982,0.009124272571551056,0.21196798113088278,-0.9999763079135592,0.0023808223827160484,0.00346060537428617,0.007139765138228285,0.009124272571551056,-0.999537622367518,0.0
3291.9710001945496,6265.0,1206.5714285714287,16.047619047619047,3.4797658096503853e46,4.095238095238095,0.0786279950935982,0.009124272571551056,0.21196798113088278,-0.9999763079135592,0.0023808223827160484,0.00346060537428617,0.007139765138228285,0.009124272571551056,-0.999537622367518,0.0
3297.0632860660553,6273.0,1214.5714285714287,16.047619047619047,3.4797658096503853e46,4.095238095238095,0.0786279950935982,0.009124272571551056,0.21196798113088278,-0.9999763079135592,0.0023808223827160484,0.00346060537428617,0.007139765138228285,0.009124272571551056,-0.999537622367518,0.0
3302.1937770843506,6281.0,1222.5714285714287,16.047619047619047,3.4797658096503853e46,4.095238095238095,0.0786279950935982,0.009124272571551056,0.21196798113088278,-0.9999763079135592,0.0023808223827160484,0.00346060537428617,0.007139765138228285,0.009124272571551056,-0.999537622367518,0.0
3307.2618050575256,6289.0,1230.5714285714287,16.047619047619047,3.4797658096503853e46,4.095238095238095,0.0786279950935982,0.009124272571551056,0.21196798113088278,-0.9999763079135592,0.0023808223827160484,0.00346060537428617,0.007139765138228285,0.009124272571551056,-0.999537622367518,0.0
3312.3445520401,6297.0,1238.5714285714287,16.047619047619047,3.4797658096503853e46,4.095238095238095,0.0786279950935982,0.009124272571551056,0.21196798113088278,-0.9999763079135592,0.0023808223827160484,0.00346060537428617,0.007139765138228285,0.009124272571551056,-0.999537622367518,0.0
3317.415554046631,6305.0,1246.5714285714287,16.047619047619047,3.4797658096503853e46,4.095238095238095,0.0786279950935982,0.009124272571551056,0.21196798113088278,-0.9999763079135592,0.0023808223827160484,0.00346060537428617,0.007139765138228285,0.009124272571551056,-0.999537622367518,0.0
3322.574798107147,6313.0,1204.7142857142858,16.047619047619047,3.4797658096503853e46,4.095238095238095,0.0786279950935982,0.009124272571551056,0.21196798113088278,-0.9999763079135592,0.0023808223827160484,0.00346060537428617,0.007139765138228285,0.009124272571551056,-0.999537622367518,0.0
3327.909828186035,6321.0,1212.7142857142858,16.047619047619047,3.4797658096503853e46,4.095238095238095,0.0786279950935982,0.009124272571551056,0.21196798113088278,-0.9999763079135592,0.0023808223827160484,0.00346060537428617,0.007139765138228285,0.009124272571551056,-0.999537622367518,0.0
3333.1517431735992,6329.0,1220.7142857142858,16.047619047619047,3.4797658096503853e46,4.095238095238095,0.0786279950935982,0.009124272571551056,0.21196798113088278,-0.9999763079135592,0.0023808223827160484,0.00346060537428617,0.007139765138228285,0.009124272571551056,-0.999537622367518,0.0
3338.311094045639,6337.0,1178.095238095238,16.047619047619047,3.4797658096503853e46,4.095238095238095,0.0786279950935982,0.009124272571551056,0.21196798113088278,-0.9999763079135592,0.0023808223827160484,0.00346060537428617,0.007139765138228285,0.009124272571551056,-0.999537622367518,0.0
3343.4987411499023,6345.0,1186.095238095238,16.047619047619047,3.4797658096503853e46,4.095238095238095,0.0786279950935982,0.009124272571551056,0.21196798113088278,-0.9999763079135592,0.0023808223827160484,0.00346060537428617,0.007139765138228285,0.009124272571551056,-0.999537622367518,0.0
3348.6908740997314,6353.0,1194.095238095238,16.047619047619047,3.4797658096503853e46,4.095238095238095,0.0786279950935982,0.009124272571551056,0.21196798113088278,-0.9999763079135592,0.0023808223827160484,0.00346060537428617,0.007139765138228285,0.009124272571551056,-0.999537622367518,0.0
3353.75274515152,6361.0,1202.095238095238,16.047619047619047,3.4797658096503853e46,4.095238095238095,0.0786279950935982,0.009124272571551056,0.21196798113088278,-0.9999763079135592,0.0023808223827160484,0.00346060537428617,0.007139765138228285,0.009124272571551056,-0.999537622367518,0.0
3359.3999252319336,6370.0,1211.095238095238,16.047619047619047,3.4797658096503853e46,4.095238095238095,0.0786279950935982,0.009124272571551056,0.21196798113088278,-0.9999763079135592,0.0023808223827160484,0.00346060537428617,0.007139765138228285,0.009124272571551056,-0.999537622367518,0.0
3364.6090450286865,6378.0,1219.095238095238,16.047619047619047,3.4797658096503853e46,4.095238095238095,0.0786279950935982,0.009124272571551056,0.21196798113088278,-0.9999763079135592,0.0023808223827160484,0.00346060537428617,0.007139765138228285,0.009124272571551056,-0.999537622367518,0.0
3370.2404310703278,6387.0,1228.095238095238,16.047619047619047,3.4797658096503853e46,4.095238095238095,0.0786279950935982,0.009124272571551056,0.21196798113088278,-0.9999763079135592,0.0023808223827160484,0.00346060537428617,0.007139765138228285,0.009124272571551056,-0.999537622367518,0.0
3375.873817205429,6396.0,1237.095238095238,16.047619047619047,3.4797658096503853e46,4.095238095238095,0.0786279950935982,0.009124272571551056,0.21196798113088278,-0.9999763079135592,0.0023808223827160484,0.00346060537428617,0.007139765138228285,0.009124272571551056,-0.999537622367518,0.0
3380.9636290073395,6404.0,1245.095238095238,16.047619047619047,3.4797658096503853e46,4.095238095238095,0.0786279950935982,0.009124272571551056,0.21196798113088278,-0.9999763079135592,0.0023808223827160484,0.00346060537428617,0.007139765138228285,0.009124272571551056,-0.999537622367518,0.0
3386.0555641651154,6412.0,1253.095238095238,16.047619047619047,3.4797658096503853e46,4.095238095238095,0.0786279950935982,0.009124272571551056,0.21196798113088278,-0.9999763079135592,0.0023808223827160484,0.00346060537428617,0.007139765138228285,0.009124272571551056,-0.999537622367518,0.0
3391.572069168091,6421.0,1262.095238095238,16.047619047619047,3.4797658096503853e46,4.095238095238095,0.0786279950935982,0.009124272571551056,0.21196798113088278,-0.9999763079135592,0.0023808223827160484,0.00346060537428617,0.007139765138228285,0.009124272571551056,-0.999537622367518,0.0
3397.1793751716614,6430.0,1271.095238095238,16.047619047619047,3.4797658096503853e46,4.095238095238095,0.0786279950935982,0.009124272571551056,0.21196798113088278,-0.9999763079135592,0.0023808223827160484,0.00346060537428617,0.007139765138228285,0.009124272571551056,-0.999537622367518,0.0
3402.330666065216,6438.0,1279.095238095238,16.047619047619047,3.4797658096503853e46,4.095238095238095,0.0786279950935982,0.009124272571551056,0.21196798113088278,-0.9999763079135592,0.0023808223827160484,0.00346060537428617,0.007139765138228285,0.009124272571551056,-0.999537622367518,0.0
3407.5860872268677,6446.0,1287.095238095238,16.047619047619047,3.4797658096503853e46,4.095238095238095,0.0786279950935982,0.009124272571551056,0.21196798113088278,-0.9999763079135592,0.0023808223827160484,0.00346060537428617,0.007139765138228285,0.009124272571551056,-0.999537622367518,0.0
3412.785667181015,6454.0,1295.095238095238,16.047619047619047,3.4797658096503853e46,4.095238095238095,0.0786279950935982,0.009124272571551056,0.21196798113088278,-0.9999763079135592,0.0023808223827160484,0.00346060537428617,0.007139765138228285,0.009124272571551056,-0.999537622367518,0.0
3417.984701156616,6462.0,1303.095238095238,16.047619047619047,3.4797658096503853e46,4.095238095238095,0.0786279950935982,0.009124272571551056,0.21196798113088278,-0.9999763079135592,0.0023808223827160484,0.00346060537428617,0.007139765138228285,0.009124272571551056,-0.999537622367518,0.0
3423.242192029953,6470.0,1311.095238095238,16.047619047619047,3.4797658096503853e46,4.095238095238095,0.0786279950935982,0.009124272571551056,0.21196798113088278,-0.9999763079135592,0.0023808223827160484,0.00346060537428617,0.007139765138228285,0.009124272571551056,-0.999537622367518,0.0
3428.3815290927887,6478.0,1319.095238095238,16.047619047619047,3.4797658096503853e46,4.095238095238095,0.0786279950935982,0.009124272571551056,0.21196798113088278,-0.9999763079135592,0.0023808223827160484,0.00346060537428617,0.007139765138228285,0.009124272571551056,-0.999537622367518,0.0
3433.3945441246033,6486.0,1327.095238095238,16.047619047619047,3.4797658096503853e46,4.095238095238095,0.0786279950935982,0.009124272571551056,0.21196798113088278,-0.9999763079135592,0.0023808223827160484,0.00346060537428617,0.007139765138228285,0.009124272571551056,-0.999537622367518,0.0
3438.961548089981,6495.0,1336.095238095238,16.047619047619047,3.4797658096503853e46,4.095238095238095,0.0786279950935982,0.009124272571551056,0.21196798113088278,-0.9999763079135592,0.0023808223827160484,0.00346060537428617,0.007139765138228285,0.009124272571551056,-0.999537622367518,0.0
3444.5744621753693,6504.0,1345.095238095238,16.047619047619047,3.4797658096503853e46,4.095238095238095,0.0786279950935982,0.009124272571551056,0.21196798113088278,-0.9999763079135592,0.0023808223827160484,0.00346060537428617,0.007139765138228285,0.009124272571551056,-0.999537622367518,0.0
3449.715912103653,6512.0,1353.095238095238,16.047619047619047,3.4797658096503853e46,4.095238095238095,0.0786279950935982,0.009124272571551056,0.21196798113088278,-0.9999763079135592,0.0023808223827160484,0.00346060537428617,0.007139765138228285,0.009124272571551056,-0.999537622367518,0.0
3454.8256602287292,6520.0,1361.095238095238,16.047619047619047,3.4797658096503853e46,4.095238095238095,0.0786279950935982,0.009124272571551056,0.21196798113088278,-0.9999763079135592,0.0023808223827160484,0.00346060537428617,0.007139765138228285,0.009124272571551056,-0.999537622367518,0.0
3460.0166521072388,6528.0,1369.095238095238,16.047619047619047,3.4797658096503853e46,4.095238095238095,0.0786279950935982,0.009124272571551056,0.21196798113088278,-0.9999763079135592,0.0023808223827160484,0.00346060537428617,0.007139765138228285,0.009124272571551056,-0.999537622367518,0.0
3465.1397252082825,6536.0,1377.095238095238,16.047619047619047,3.4797658096503853e46,4.095238095238095,0.0786279950935982,0.009124272571551056,0.21196798113088278,-0.9999763079135592,0.0023808223827160484,0.00346060537428617,0.007139765138228285,0.009124272571551056,-0.999537622367518,0.0
3470.359076023102,6544.0,1385.095238095238,16.047619047619047,3.4797658096503853e46,4.095238095238095,0.0786279950935982,0.009124272571551056,0.21196798113088278,-0.9999763079135592,0.0023808223827160484,0.00346060537428617,0.007139765138228285,0.009124272571551056,-0.999537622367518,0.0
3475.6047592163086,6552.0,1393.095238095238,16.047619047619047,3.4797658096503853e46,4.095238095238095,0.0786279950935982,0.009124272571551056,0.21196798113088278,-0.9999763079135592,0.0023808223827160484,0.00346060537428617,0.007139765138228285,0.009124272571551056,-0.999537622367518,0.0
3480.8340101242065,6560.0,1401.095238095238,16.047619047619047,3.4797658096503853e46,4.095238095238095,0.0786279950935982,0.009124272571551056,0.21196798113088278,-0.9999763079135592,0.0023808223827160484,0.00346060537428617,0.007139765138228285,0.009124272571551056,-0.999537622367518,0.0
3486.216479063034,6568.0,1345.2727272727273,16.636363636363637,3.321594648858363e46,4.2727272727272725,0.0786279950935982,0.009124272571551056,0.20715668776995955,-0.9999763079135592,0.0023808223827160484,0.00346060537428617,0.007139765138228285,0.009124272571551056,-0.999537622367518,0.0
3491.572125196457,6576.0,1353.2727272727273,16.636363636363637,3.321594648858363e46,4.2727272727272725,0.0786279950935982,0.009124272571551056,0.20715668776995955,-0.9999763079135592,0.0023808223827160484,0.00346060537428617,0.007139765138228285,0.009124272571551056,-0.999537622367518,0.0
3496.9308381080627,6584.0,1327.5,16.636363636363637,3.321594648858363e46,4.2727272727272725,0.0786279950935982,0.009124272571551056,0.20715668776995955,-0.9999763079135592,0.0023808223827160484,0.00346060537428617,0.007139765138228285,0.009124272571551056,-0.999537622367518,0.0
3502.4859070777893,6592.0,1335.5,16.636363636363637,3.321594648858363e46,4.2727272727272725,0.0786279950935982,0.009124272571551056,0.20715668776995955,-0.9999763079135592,0.0023808223827160484,0.00346060537428617,0.007139765138228285,0.009124272571551056,-0.999537622367518,0.0
3507.748288154602,6600.0,1343.5,16.636363636363637,3.321594648858363e46,4.2727272727272725,0.0786279950935982,0.009124272571551056,0.20715668776995955,-0.9999763079135592,0.0023808223827160484,0.00346060537428617,0.007139765138228285,0.009124272571551056,-0.999537622367518,0.0
3513.04199719429,6608.0,1351.5,16.636363636363637,3.321594648858363e46,4.2727272727272725,0.0786279950935982,0.009124272571551056,0.20715668776995955,-0.9999763079135592,0.0023808223827160484,0.00346060537428617,0.007139765138228285,0.009124272571551056,-0.999537622367518,0.0
3518.200919151306,6616.0,1359.5,16.636363636363637,3.321594648858363e46,4.2727272727272725,0.0786279950935982,0.009124272571551056,0.20715668776995955,-0.9999763079135592,0.0023808223827160484,0.00346060537428617,0.007139765138228285,0.009124272571551056,-0.999537622367518,0.0
3523.345434188843,6624.0,1367.5,16.636363636363637,3.321594648858363e46,4.2727272727272725,0.0786279950935982,0.009124272571551056,0.20715668776995955,-0.9999763079135592,0.0023808223827160484,0.00346060537428617,0.007139765138228285,0.009124272571551056,-0.999537622367518,0.0
3528.4557931423187,6632.0,1375.5,16.636363636363637,3.321594648858363e46,4.2727272727272725,0.0786279950935982,0.009124272571551056,0.20715668776995955,-0.9999763079135592,0.0023808223827160484,0.00346060537428617,0.007139765138228285,0.009124272571551056,-0.999537622367518,0.0
3533.647078037262,6640.0,1383.5,16.636363636363637,3.321594648858363e46,4.2727272727272725,0.0786279950935982,0.009124272571551056,0.20715668776995955,-0.9999763079135592,0.0023808223827160484,0.00346060537428617,0.007139765138228285,0.009124272571551056,-0.999537622367518,0.0
3538.7331261634827,6648.0,1391.5,16.636363636363637,3.321594648858363e46,4.2727272727272725,0.0786279950935982,0.009124272571551056,0.20715668776995955,-0.9999763079135592,0.0023808223827160484,0.00346060537428617,0.007139765138228285,0.009124272571551056,-0.999537622367518,0.0
3543.9896461963654,6656.0,1399.5,16.636363636363637,3.321594648858363e46,4.2727272727272725,0.0786279950935982,0.009124272571551056,0.20715668776995955,-0.9999763079135592,0.0023808223827160484,0.00346060537428617,0.007139765138228285,0.009124272571551056,-0.999537622367518,0.0
3549.3284130096436,6664.0,1407.5,16.636363636363637,3.321594648858363e46,4.2727272727272725,0.0786279950935982,0.009124272571551056,0.20715668776995955,-0.9999763079135592,0.0023808223827160484,0.00346060537428617,0.007139765138228285,0.009124272571551056,-0.999537622367518,0.0
3554.7028501033783,6672.0,1415.5,16.636363636363637,3.321594648858363e46,4.2727272727272725,0.0786279950935982,0.009124272571551056,0.20715668776995955,-0.9999763079135592,0.0023808223827160484,0.00346060537428617,0.007139765138228285,0.009124272571551056,-0.999537622367518,0.0
3559.955985069275,6680.0,1423.5,16.636363636363637,3.321594648858363e46,4.2727272727272725,0.0786279950935982,0.009124272571551056,0.20715668776995955,-0.9999763079135592,0.0023808223827160484,0.00346060537428617,0.007139765138228285,0.009124272571551056,-0.999537622367518,0.0
3565.1584939956665,6688.0,1431.5,16.636363636363637,3.321594648858363e46,4.2727272727272725,0.0786279950935982,0.009124272571551056,0.20715668776995955,-0.9999763079135592,0.0023808223827160484,0.00346060537428617,0.007139765138228285,0.009124272571551056,-0.999537622367518,0.0
3570.468402147293,6696.0,1439.5,16.636363636363637,3.321594648858363e46,4.2727272727272725,0.0786279950935982,0.009124272571551056,0.20715668776995955,-0.9999763079135592,0.0023808223827160484,0.00346060537428617,0.007139765138228285,0.009124272571551056,-0.999537622367518,0.0
3575.7835171222687,6704.0,1447.5,16.636363636363637,3.321594648858363e46,4.2727272727272725,0.0786279950935982,0.009124272571551056,0.20715668776995955,-0.9999763079135592,0.0023808223827160484,0.00346060537428617,0.007139765138228285,0.009124272571551056,-0.999537622367518,0.0
3581.028416156769,6712.0,1417.2727272727273,16.636363636363637,3.321594648858363e46,4.2727272727272725,0.0786279950935982,0.009124272571551056,0.20715668776995955,-0.9999763079135592,0.0023808223827160484,0.00346060537428617,0.007139765138228285,0.009124272571551056,-0.999537622367518,0.0
3586.4157791137695,6720.0,1425.2727272727273,16.636363636363637,3.321594648858363e46,4.2727272727272725,0.0786279950935982,0.009124272571551056,0.20715668776995955,-0.9999763079135592,0.0023808223827160484,0.00346060537428617,0.007139765138228285,0.009124272571551056,-0.999537622367518,0.0
3591.7597420215607,6728.0,1433.2727272727273,16.636363636363637,3.321594648858363e46,4.2727272727272725,0.0786279950935982,0.009124272571551056,0.20715668776995955,-0.9999763079135592,0.0023808223827160484,0.00346060537428617,0.007139765138228285,0.009124272571551056,-0.999537622367518,0.0
3596.905458211899,6736.0,1441.2727272727273,16.636363636363637,3.321594648858363e46,4.2727272727272725,0.0786279950935982,0.009124272571551056,0.20715668776995955,-0.9999763079135592,0.0023808223827160484,0.00346060537428617,0.007139765138228285,0.009124272571551056,-0.999537622367518,0.0
