time,generation,mean age hall_of_fame,mean compl,mean recursive_compl,mean n_params,min mae,min mse,min max_ae,min minus_r2,min mare,min q75_are,min max_are,min ms_processed_e,min minus_spearman,max penalty
12.391915082931519,1.0,0.0,4.5,32896.0,0.5,1.4093544433401264,3.518096135798823,6.95180245504956,-0.8635089023434103,0.053760910916183284,0.06393480072090424,0.17287886846438094,3.518096135798823,-0.9841269841269841,0.0
17.985738039016724,9.0,4.25,4.0,67.0,1.25,0.6482502016073811,0.6989832919035549,2.062495856672996,-0.9728816402187742,0.02828904637680181,0.03907890505481548,0.09839060567202178,0.6989832919035549,-0.9841269841269841,0.0
23.235758066177368,25.0,15.833333333333334,5.666666666666667,49.333333333333336,1.5,0.3831528154402188,0.25201093142339015,1.2210851501760551,-0.9902227661429076,0.015709982507548997,0.02440104149612385,0.04431560119507961,0.25201093142339015,-0.9841269841269841,0.0
28.382010221481323,41.0,23.333333333333332,5.666666666666667,49.333333333333336,1.5,0.3831528154402188,0.25201093142339015,1.2210851501760551,-0.9902227661429076,0.015709982507548997,0.02440104149612385,0.04431560119507961,0.25201093142339015,-0.9841269841269841,0.0
33.53774309158325,52.0,29.428571428571427,8.142857142857142,386.14285714285717,2.142857142857143,0.38035584525656474,0.23788542170575558,1.2210851501760551,-0.9907707916237067,0.015598933100572735,0.021320867762175122,0.04431560119507961,0.23788542170575558,-0.9841269841269841,0.0
38.910187005996704,59.0,31.625,9.875,359.75,2.625,0.38049901957934246,0.23762545455881307,1.2210851501760551,-0.9907808775337761,0.01560912715414073,0.021321704421018696,0.04431560119507961,0.23762545455881307,-0.9841269841269841,0.0
43.96988821029663,71.0,33.8,10.5,321.0,2.5,0.37665622863901194,0.23750104670893962,1.2210851501760551,-0.9907857041682201,0.01546741321766096,0.02127271287151704,0.04431560119507961,0.23750104670893962,-0.9841269841269841,0.0
49.075475215911865,83.0,35.5,9.2,310.0,2.2,0.3595721651693747,0.23002125560813932,1.2210851501760551,-0.9910758966070229,0.014900763149133713,0.021701552259442813,0.04431560119507961,0.23002125560813932,-0.9847374847374848,0.0
54.539090156555176,96.0,44.18181818181818,10.272727272727273,1.5092790605762361e19,2.5454545454545454,0.3567228616381307,0.22389104656370634,1.2210851501760551,-0.9913137294941987,0.014667269245506542,0.021701552259442813,0.04431560119507961,0.22389104656370634,-0.9847374847374848,0.0
59.6446270942688,108.0,39.916666666666664,11.583333333333334,1.3835058055282172e19,3.1666666666666665,0.346982929867453,0.22351147321926096,1.2210851501760551,-0.9913284557496576,0.014260855645249775,0.021202843457128,0.04431560119507961,0.22351147321926096,-0.9847374847374848,0.0
64.81258606910706,120.0,39.733333333333334,14.0,3.8037186279989093e21,3.8666666666666667,0.3455515379474942,0.22012116830103373,1.2210851501760551,-0.9914599889488134,0.014188684508229452,0.02042118774933193,0.04431560119507961,0.22012116830103373,-0.9847374847374848,0.0
69.83006811141968,131.0,44.53333333333333,14.0,3.8037186279989093e21,3.8666666666666667,0.3455515379474942,0.21438614769570355,1.2210851501760551,-0.991682489763825,0.014188684508229452,0.019169061899737452,0.04431560119507961,0.21438614769570355,-0.9847374847374848,0.0
75.12786102294922,142.0,52.06666666666667,14.0,3.8037186279989093e21,3.8666666666666667,0.3470168482680194,0.21438614769570355,1.2210851501760551,-0.991682489763825,0.014260642731039306,0.019169061899737452,0.04431560119507961,0.21438614769570355,-0.9847374847374848,0.0
80.49848008155823,150.0,58.666666666666664,14.0,3.8037186279989093e21,3.8666666666666667,0.3450976896468504,0.21438614769570355,1.2210851501760551,-0.991682489763825,0.014165511515235285,0.019169061899737452,0.04431560119507961,0.21438614769570355,-0.9847374847374848,0.0
85.70100712776184,160.0,64.8,14.0,3.8037186279989093e21,3.7333333333333334,0.3410221540855762,0.21438614769570355,1.2210851501760551,-0.991682489763825,0.013957138330752527,0.019169061899737452,0.04431560119507961,0.21438614769570355,-0.9847374847374848,0.0
90.88707208633423,170.0,68.375,14.375,3.5659862137489777e21,3.875,0.3470168482680194,0.21438614769570355,1.2210851501760551,-0.991682489763825,0.014262619110237277,0.019169061899737452,0.04431560119507961,0.21438614769570355,-0.9847374847374848,0.0
96.17979407310486,180.0,69.52941176470588,15.0,3.356222318822567e21,4.0,0.35207669242050293,0.21438614769570355,1.2210851501760551,-0.991682489763825,0.014481611763466844,0.019169061899737452,0.04431560119507961,0.21438614769570355,-0.9847374847374848,0.0
101.42560815811157,190.0,81.875,14.75,3.555609920207516e21,3.8125,0.3524984709237111,0.21438614769570355,1.2210851501760551,-0.991682489763825,0.014490572783430841,0.019169061899737452,0.04431560119507961,0.21438614769570355,-0.9847374847374848,0.0
106.81984400749207,200.0,89.25,14.5625,3.555609920207516e21,3.8125,0.33940487559182986,0.21438614769570355,1.2210851501760551,-0.991682489763825,0.013880031219474943,0.019169061899737452,0.04431560119507961,0.21438614769570355,-0.9847374847374848,0.0
112.16567802429199,210.0,98.6875,14.5625,3.555609920207516e21,3.8125,0.3369409300178115,0.21438614769570355,1.2210851501760551,-0.991682489763825,0.013750390791481241,0.019169061899737452,0.04431560119507961,0.21438614769570355,-0.9847374847374848,0.0
117.53223514556885,220.0,82.4375,14.625,3.555609920207516e21,3.9375,0.3369373008400508,0.21438614769570355,1.2210851501760551,-0.991682489763825,0.013750245769351924,0.019169061899737452,0.04431560119507961,0.21438614769570355,-0.9847374847374848,0.0
122.80920910835266,230.0,74.375,14.5,16321.6875,4.0,0.3330727274724673,0.20317137429592394,1.2210851501760551,-0.9921175878032816,0.013643690338673875,0.020853431899530865,0.04431560119507961,0.20317137429592394,-0.9847374847374848,0.0
128.21930599212646,240.0,82.07142857142857,13.571428571428571,11372.0,3.7857142857142856,0.3330727274724673,0.20317137429592394,1.2210851501760551,-0.9921175878032816,0.013643690338673875,0.021253971203942686,0.04431560119507961,0.20317137429592394,-0.9847374847374848,0.0
133.2381570339203,249.0,83.66666666666667,13.933333333333334,10871.2,3.8666666666666667,0.3330727274724673,0.20317137429592394,1.2210851501760551,-0.9921175878032816,0.013643690338673875,0.02113131216300187,0.04431560119507961,0.20317137429592394,-0.9847374847374848,0.0
138.64021515846252,259.0,78.94117647058823,15.117647058823529,18135.941176470587,4.117647058823529,0.3320866278208851,0.20264294840689526,1.2210851501760551,-0.992138089070683,0.013598704101665223,0.02097910466733103,0.04431560119507961,0.20264294840689526,-0.9847374847374848,0.0
143.7383930683136,268.0,87.6923076923077,12.307692307692308,1173.6923076923076,3.4615384615384617,0.3320850403688673,0.2026424079798223,1.2210851501760551,-0.9921381100375587,0.01359866446480709,0.02086240055900822,0.04431560119507961,0.2026424079798223,-0.9841269841269841,0.0
149.26784300804138,278.0,88.14285714285714,13.357142857142858,150888.14285714287,3.7857142857142856,0.3320846031543113,0.20264216706937468,1.2210851501760551,-0.9921381193841285,0.013598649746760907,0.020853463661768573,0.04431560119507961,0.20264216706937468,-0.9841269841269841,0.0
154.8321771621704,288.0,74.38888888888889,16.0,132047.22222222222,4.555555555555555,0.33197274261081444,0.20258084347418173,1.2210851501760551,-0.9921404985473171,0.013593513071832082,0.02084771015405705,0.04431560119507961,0.20258084347418173,-0.9841269841269841,0.0
160.39174699783325,298.0,94.26666666666667,14.266666666666667,8.938538619961731e152,3.8666666666666667,0.32896658321918676,0.20088021747316953,1.2210851501760551,-0.9922064775031562,0.013359991530114149,0.020663222909526907,0.04431560119507961,0.20088021747316953,-0.9841269841269841,0.0
165.5001380443573,307.0,104.38461538461539,12.384615384615385,161828.0,3.4615384615384617,0.32599138137546696,0.19795258092714235,1.2210851501760551,-0.9923200606203544,0.013185955958318158,0.020593315989458016,0.04431560119507961,0.19795258092714235,-0.9841269841269841,0.0
170.5459520816803,316.0,104.35714285714286,13.285714285714286,3.069336489285714e8,3.7142857142857144,0.3261422353438678,0.19789499503634264,1.2210851501760551,-0.9923222947723336,0.013192917144803425,0.020677609182004814,0.04431560119507961,0.19789499503634264,-0.9841269841269841,0.0
175.58084106445312,325.0,70.23076923076923,12.0,311.3076923076923,3.5384615384615383,0.3057797999980995,0.18109282031169227,1.201557198920142,-0.9929741664616399,0.012261616187807424,0.014947890848812088,0.04360689312513934,0.18109282031169227,-0.9841269841269841,0.0
180.64284706115723,334.0,72.85714285714286,13.0,5043.857142857143,3.857142857142857,0.30376895122382,0.18075803586322106,1.2015566193711358,-0.9929871550483886,0.01218247716304195,0.014947890848812088,0.04360687209215681,0.18075803586322106,-0.9841269841269841,0.0
185.85872507095337,343.0,75.13333333333334,13.533333333333333,4776.8,4.0,0.30376895122382,0.18075803586322106,1.2015562672863567,-0.9929871550483886,0.01218247716304195,0.014947890848812088,0.04360685931430208,0.18075803586322106,-0.9841269841269841,0.0
191.06838011741638,352.0,71.88235294117646,14.294117647058824,31203.529411764706,4.176470588235294,0.3035581510572219,0.1706197411176965,0.9892758889136672,-0.993380489091794,0.01219257524120514,0.014947890848812088,0.03712491670198916,0.1706197411176965,-0.9902319902319903,0.0
196.2864420413971,361.0,73.05882352941177,14.294117647058824,31203.529411764706,4.176470588235294,0.3035581510572219,0.1706192510649117,0.9892679288579416,-0.9933805081043053,0.01219257524120514,0.014947890848812088,0.0371245044667812,0.1706192510649117,-0.9902319902319903,0.0
201.48271417617798,370.0,80.3529411764706,14.294117647058824,31203.352941176472,4.176470588235294,0.3035581510572219,0.17061921174238417,0.9892670804138461,-0.9933805096298961,0.01219257524120514,0.014947890848812088,0.0371245701592331,0.17061921174238417,-0.9902319902319903,0.0
206.55047416687012,379.0,86.76470588235294,14.294117647058824,31203.352941176472,4.176470588235294,0.3035581510572219,0.1706192010649286,0.9892666791533884,-0.9933805100441478,0.01219257524120514,0.014947890848812088,0.03712460311921262,0.1706192010649286,-0.9902319902319903,0.0
211.73237109184265,388.0,93.76470588235294,14.294117647058824,31262.352941176472,4.117647058823529,0.3035581510572219,0.17061919853652807,0.9892664499602333,-0.9933805101422419,0.01219257524120514,0.014947890848812088,0.037124622798275296,0.17061919853652807,-0.9902319902319903,0.0
216.96887016296387,397.0,93.16666666666667,14.88888888888889,29527.722222222223,4.277777777777778,0.3035103746569534,0.17061919853652807,0.9824761583802086,-0.9933805101422419,0.01218995393566601,0.014947890848812088,0.03672609553206111,0.17061919853652807,-0.9902319902319903,0.0
222.01468300819397,406.0,100.76470588235294,14.352941176470589,31129.176470588234,4.176470588235294,0.3267089856464414,0.17061919853652807,0.9824485481384784,-0.9933805101422419,0.013175130959314045,0.02051187111595113,0.03672772732996713,0.17061919853652807,-0.9902319902319903,0.0
227.05382299423218,415.0,102.70588235294117,14.294117647058824,31128.823529411766,4.235294117647059,0.32670092074088014,0.17061919853652807,0.9779900146163172,-0.9933805101422419,0.013174772613452075,0.020493825527859857,0.03673503414816574,0.17061919853652807,-0.9902319902319903,0.0
232.59358501434326,425.0,110.3529411764706,14.294117647058824,31128.823529411766,4.235294117647059,0.32669691504733106,0.17061919853652807,0.9779900146163172,-0.9933805101422419,0.013174594627785126,0.020493825527859857,0.03673503414816574,0.17061919853652807,-0.9902319902319903,0.0
237.6321361064911,434.0,110.23529411764706,14.294117647058824,31128.823529411766,4.235294117647059,0.326688956826395,0.17061919853652807,0.9779900146163172,-0.9933805101422419,0.013174241015383724,0.020493825527859857,0.03673503414816574,0.17061919853652807,-0.9902319902319903,0.0
243.1625771522522,444.0,105.15789473684211,15.68421052631579,55449.57894736842,4.631578947368421,0.32668303440487845,0.16958541098036964,0.9363705028941851,-0.9934206178575621,0.01317397785792105,0.019764913089667928,0.035506278486954215,0.16958541098036964,-0.9902319902319903,0.0
248.1713831424713,453.0,88.75,15.65,52685.0,4.6,0.3266751990536552,0.16958502822368457,0.9363705028941851,-0.9934206327073212,0.013173629697250042,0.019741592551460352,0.035506278486954215,0.16958502822368457,-0.9902319902319903,0.0
253.31772899627686,462.0,96.5,15.65,52685.0,4.6,0.3266751990536552,0.16958502822368457,0.9363705028941851,-0.9934206327073212,0.013173629697250042,0.019741592551460352,0.035506278486954215,0.16958502822368457,-0.9902319902319903,0.0
258.3199272155762,471.0,99.5,15.65,52685.15,4.6,0.3264147386701859,0.16958502822368457,0.9363705028941851,-0.9934206327073212,0.013161836281782746,0.019741592551460352,0.035506278486954215,0.16958502822368457,-0.9902319902319903,0.0
263.8577220439911,481.0,110.05882352941177,14.294117647058824,31078.176470588234,4.176470588235294,0.31310701127114654,0.14398859679860038,0.825582873694664,-0.994413693978658,0.013161603412646983,0.018883772833906663,0.0363185773388922,0.14398859679860038,-0.9902319902319903,0.0
269.38435912132263,491.0,115.47058823529412,14.294117647058824,31002.58823529412,4.176470588235294,0.31310701127114654,0.14398859679860038,0.825582873694664,-0.994413693978658,0.013161295416514552,0.01838102839848365,0.0363185773388922,0.14398859679860038,-0.9902319902319903,0.0
274.46575903892517,500.0,121.76470588235294,14.294117647058824,31002.58823529412,4.176470588235294,0.31310701127114654,0.14398859679860038,0.825582873694664,-0.994413693978658,0.013161142481336999,0.01819787648356029,0.0363185773388922,0.14398859679860038,-0.9902319902319903,0.0
279.9406850337982,510.0,129.1764705882353,14.294117647058824,31002.58823529412,4.176470588235294,0.31310701127114654,0.14398859679860038,0.825582873694664,-0.994413693978658,0.013160990250759197,0.01854608171520264,0.0363185773388922,0.14398859679860038,-0.9902319902319903,0.0
285.2115511894226,520.0,137.05882352941177,14.294117647058824,31002.58823529412,4.176470588235294,0.31310701127114654,0.14398859679860038,0.825582873694664,-0.994413693978658,0.013160612737388912,0.018883772833906663,0.0363185773388922,0.14398859679860038,-0.9902319902319903,0.0
290.54538917541504,530.0,145.41176470588235,14.294117647058824,31002.58823529412,4.176470588235294,0.31310701127114654,0.14398859679860038,0.825582873694664,-0.994413693978658,0.013160388314937063,0.018883772833906663,0.0363185773388922,0.14398859679860038,-0.9902319902319903,0.0
295.9741849899292,540.0,145.05882352941177,14.294117647058824,31002.58823529412,4.176470588235294,0.31310701127114654,0.14398859679860038,0.825582873694664,-0.994413693978658,0.013160017721544301,0.018883772833906663,0.0363185773388922,0.14398859679860038,-0.9902319902319903,0.0
301.4637122154236,550.0,153.8235294117647,14.294117647058824,31002.58823529412,4.176470588235294,0.31310701127114654,0.14398859679860038,0.825582873694664,-0.994413693978658,0.013159651393571423,0.018883772833906663,0.0363185773388922,0.14398859679860038,-0.9902319902319903,0.0
306.9618511199951,560.0,144.94117647058823,14.294117647058824,31002.58823529412,4.176470588235294,0.31310701127114654,0.14398859679860038,0.825582873694664,-0.994413693978658,0.013159433625298544,0.018883772833906663,0.0363185773388922,0.14398859679860038,-0.9902319902319903,0.0
312.4407591819763,570.0,146.76470588235293,14.294117647058824,31002.58823529412,4.176470588235294,0.31310701127114654,0.14398859679860038,0.825582873694664,-0.994413693978658,0.013095622112884025,0.018883772833906663,0.0363185773388922,0.14398859679860038,-0.9902319902319903,0.0
317.5363450050354,579.0,137.26315789473685,15.526315789473685,55336.52631578947,4.526315789473684,0.31310701127114654,0.14398859679860038,0.825582873694664,-0.994413693978658,0.013095622112884025,0.018883772833906663,0.0363185773388922,0.14398859679860038,-0.9902319902319903,0.0
322.7334430217743,588.0,141.94736842105263,15.526315789473685,55336.52631578947,4.526315789473684,0.31310701127114654,0.14398859679860038,0.825582873694664,-0.994413693978658,0.013120014150712313,0.018883772833906663,0.03595829937003865,0.14398859679860038,-0.9902319902319903,0.0
327.9187161922455,597.0,147.52631578947367,15.526315789473685,55336.52631578947,4.526315789473684,0.31310701127114654,0.14398859679860038,0.825582873694664,-0.994413693978658,0.013120014150712313,0.018883772833906663,0.03595829937003865,0.14398859679860038,-0.9902319902319903,0.0
333.0141661167145,606.0,154.94736842105263,15.526315789473685,55336.52631578947,4.526315789473684,0.31310701127114654,0.14398859679860038,0.825582873694664,-0.994413693978658,0.013120014150712313,0.018883772833906663,0.03595829937003865,0.14398859679860038,-0.9902319902319903,0.0
338.1566421985626,615.0,162.05263157894737,15.526315789473685,27743.684210526317,4.578947368421052,0.31310701127114654,0.14398859679860038,0.825582873694664,-0.994413693978658,0.013120014150712313,0.018883772833906663,0.03595829937003865,0.14398859679860038,-0.9902319902319903,0.0
343.24662709236145,624.0,162.94117647058823,14.176470588235293,163.2941176470588,4.176470588235294,0.31310701127114654,0.14398859679860038,0.825582873694664,-0.994413693978658,0.013120014150712313,0.018883772833906663,0.0363185773388922,0.14398859679860038,-0.9902319902319903,0.0
348.42488408088684,633.0,152.22222222222223,14.777777777777779,270.8333333333333,4.333333333333333,0.31310701127114654,0.14398859679860038,0.825582873694664,-0.994413693978658,0.013119817203817006,0.018646648684098897,0.0363185773388922,0.14398859679860038,-0.9902319902319903,0.0
353.68854308128357,642.0,160.55555555555554,14.777777777777779,270.8333333333333,4.333333333333333,0.31310701127114654,0.14398859679860038,0.825582873694664,-0.994413693978658,0.013119817203817006,0.018646648684098897,0.0363185773388922,0.14398859679860038,-0.9902319902319903,0.0
358.7458472251892,651.0,168.66666666666666,14.777777777777779,270.8333333333333,4.333333333333333,0.31310701127114654,0.14398859679860038,0.825582873694664,-0.994413693978658,0.013119817203817006,0.018646648684098897,0.0363185773388922,0.14398859679860038,-0.9902319902319903,0.0
363.8271059989929,660.0,179.1764705882353,14.176470588235293,283.88235294117646,4.176470588235294,0.31310701127114654,0.14398859679860038,0.825582873694664,-0.994413693978658,0.013119817203817006,0.018883772833906663,0.0363185773388922,0.14398859679860038,-0.9902319902319903,0.0
369.37574315071106,670.0,149.77777777777777,14.944444444444445,271.05555555555554,4.388888888888889,0.31310701127114654,0.14398859679860038,0.825582873694664,-0.994413693978658,0.013259058269346698,0.018400839828955837,0.0363185773388922,0.14398859679860038,-0.9902319902319903,0.0
374.4962601661682,679.0,155.11764705882354,14.176470588235293,283.88235294117646,4.176470588235294,0.305969218954808,0.1423292010947018,0.8160499030267978,-0.9944780733282633,0.013218832828498995,0.018904703532908827,0.0363185773388922,0.1423292010947018,-0.9902319902319903,0.0
379.59854316711426,688.0,163.1764705882353,14.176470588235293,283.88235294117646,4.176470588235294,0.305969218954808,0.1423292010947018,0.8160499030267978,-0.9944780733282633,0.013218832828498995,0.018904703532908827,0.0363185773388922,0.1423292010947018,-0.9902319902319903,0.0
384.964830160141,695.0,168.05882352941177,14.117647058823529,284.47058823529414,4.176470588235294,0.2865247692759884,0.12318071394258318,0.7725087734397604,-0.9952209745819445,0.012607653191442454,0.01836065401170036,0.03517251601736307,0.12318071394258318,-0.9902319902319903,0.0
389.9872109889984,705.0,170.88235294117646,14.117647058823529,284.47058823529414,4.176470588235294,0.2865247692759884,0.12318071394258318,0.7725087734397604,-0.9952209745819445,0.012607653191442454,0.01836065401170036,0.03517251601736307,0.12318071394258318,-0.9902319902319903,0.0
395.41266202926636,716.0,181.2941176470588,14.117647058823529,284.47058823529414,4.176470588235294,0.2865247692759884,0.12318071394258318,0.7725087734397604,-0.9952209745819445,0.012607653191442454,0.01836065401170036,0.03517251601736307,0.12318071394258318,-0.9902319902319903,0.0
400.43940114974976,726.0,180.38888888888889,14.777777777777779,271.05555555555554,4.388888888888889,0.2865247692759884,0.12318071394258318,0.7725087734397604,-0.9952209745819445,0.012607653191442454,0.017825106065216784,0.03517251601736307,0.12318071394258318,-0.9902319902319903,0.0
405.7192931175232,737.0,195.52941176470588,14.529411764705882,226.1764705882353,4.352941176470588,0.2865247692759884,0.12318071394258318,0.7725087734397604,-0.9952209745819445,0.012607653191442454,0.017825106065216784,0.03517251601736307,0.12318071394258318,-0.9902319902319903,0.0
411.0172860622406,748.0,182.0,14.777777777777779,271.05555555555554,4.388888888888889,0.28650672689119927,0.12317234630463873,0.7722715220908327,-0.9952212992200566,0.012608227166549937,0.017825106065216784,0.035161713904614054,0.12317234630463873,-0.9902319902319903,0.0
416.3745810985565,759.0,202.11764705882354,14.529411764705882,226.1764705882353,4.352941176470588,0.28650672689119927,0.12317234630463873,0.7722715220908327,-0.9952212992200566,0.012608227166549937,0.017825106065216784,0.035161713904614054,0.12317234630463873,-0.9902319902319903,0.0
421.64964413642883,770.0,191.7058823529412,14.294117647058824,218.76470588235293,4.294117647058823,0.28650672689119927,0.12317234630463873,0.7722715220908327,-0.9952212992200566,0.012608227166549937,0.017825106065216784,0.035161713904614054,0.12317234630463873,-0.9902319902319903,0.0
426.7837641239166,781.0,200.47058823529412,14.294117647058824,218.76470588235293,4.294117647058823,0.28650672689119927,0.12317234630463873,0.7722715220908327,-0.9952212992200566,0.012608227166549937,0.017825106065216784,0.035161713904614054,0.12317234630463873,-0.9902319902319903,0.0
432.0969240665436,792.0,210.0,14.294117647058824,218.76470588235293,4.294117647058823,0.28650672689119927,0.12317234630463873,0.7722715220908327,-0.9952212992200566,0.012608227166549937,0.017825106065216784,0.035161713904614054,0.12317234630463873,-0.9902319902319903,0.0
437.34245109558105,803.0,219.7058823529412,14.294117647058824,218.76470588235293,4.294117647058823,0.28650672689119927,0.12317234630463873,0.7722715220908327,-0.9952212992200566,0.012608227166549937,0.017825106065216784,0.035161713904614054,0.12317234630463873,-0.9902319902319903,0.0
442.67946910858154,814.0,227.64705882352942,14.294117647058824,218.76470588235293,4.294117647058823,0.28650672689119927,0.12317234630463873,0.7722715220908327,-0.9952212992200566,0.012608227166549937,0.017825106065216784,0.035161713904614054,0.12317234630463873,-0.9902319902319903,0.0
447.9603021144867,825.0,237.05882352941177,14.294117647058824,218.76470588235293,4.294117647058823,0.28650672689119927,0.12317234630463873,0.7722715220908327,-0.9952212992200566,0.012608227166549937,0.017825106065216784,0.035161713904614054,0.12317234630463873,-0.9902319902319903,0.0
453.32080721855164,836.0,246.8235294117647,14.294117647058824,218.76470588235293,4.294117647058823,0.28650672689119927,0.12317234630463873,0.7722715220908327,-0.9952212992200566,0.012608227166549937,0.017825106065216784,0.035161713904614054,0.12317234630463873,-0.9902319902319903,0.0
458.36116313934326,846.0,241.61111111111111,14.555555555555555,208.83333333333334,4.333333333333333,0.28650672689119927,0.12317234630463873,0.7722715220908327,-0.9952212992200566,0.012608227166549937,0.017825106065216784,0.035161713904614054,0.12317234630463873,-0.9902319902319903,0.0
463.599974155426,857.0,228.16666666666666,14.555555555555555,208.83333333333334,4.333333333333333,0.28650672689119927,0.12317234630463873,0.7722715220908327,-0.9952212992200566,0.012608227166549937,0.017825106065216784,0.035161713904614054,0.12317234630463873,-0.9902319902319903,0.0
468.76086616516113,868.0,237.33333333333334,14.555555555555555,208.83333333333334,4.333333333333333,0.28650672689119927,0.12317234630463873,0.7722715220908327,-0.9952212992200566,0.012608227166549937,0.017825106065216784,0.035161713904614054,0.12317234630463873,-0.9902319902319903,0.0
474.04225420951843,879.0,255.88235294117646,14.294117647058824,218.76470588235293,4.294117647058823,0.28650672689119927,0.12317234630463873,0.7722715220908327,-0.9952212992200566,0.012608227166549937,0.017825106065216784,0.035161713904614054,0.12317234630463873,-0.9902319902319903,0.0
479.30654311180115,890.0,228.11111111111111,14.555555555555555,250.05555555555554,4.277777777777778,0.28650672689119927,0.12317234630463873,0.7722715220908327,-0.9952212992200566,0.012608227166549937,0.017825106065216784,0.035161713904614054,0.12317234630463873,-0.9902319902319903,0.0
484.5314121246338,901.0,237.72222222222223,14.555555555555555,250.05555555555554,4.277777777777778,0.28650672689119927,0.12317234630463873,0.7722715220908327,-0.9952212992200566,0.012608227166549937,0.017825106065216784,0.035161713904614054,0.12317234630463873,-0.9902319902319903,0.0
489.76937913894653,912.0,246.66666666666666,14.555555555555555,250.05555555555554,4.277777777777778,0.28650672689119927,0.12317234630463873,0.7722715220908327,-0.9952212992200566,0.012608227166549937,0.017825106065216784,0.035161713904614054,0.12317234630463873,-0.9902319902319903,0.0
495.0363070964813,923.0,268.47058823529414,14.294117647058824,262.4117647058824,4.235294117647059,0.28650672689119927,0.12317234630463873,0.7722715220908327,-0.9952212992200566,0.012608227166549937,0.017825106065216784,0.035161713904614054,0.12317234630463873,-0.9902319902319903,0.0
500.20277404785156,934.0,278.05882352941177,14.294117647058824,262.4117647058824,4.235294117647059,0.28650672689119927,0.12317234630463873,0.7722715220908327,-0.9952212992200566,0.012608227166549937,0.017825106065216784,0.035161713904614054,0.12317234630463873,-0.9902319902319903,0.0
505.4445731639862,945.0,247.33333333333334,15.055555555555555,251.88888888888889,4.388888888888889,0.2862284123922889,0.12313397767300606,0.7727261722342931,-0.9952227878026436,0.01242159469701667,0.01782542750502307,0.03518241423838755,0.12313397767300606,-0.9902319902319903,0.0
510.5668251514435,956.0,242.05263157894737,15.31578947368421,264.8421052631579,4.473684210526316,0.28624818765978005,0.12313343958784363,0.7727667175287465,-0.9952228086786605,0.012423078519425137,0.01769447885130135,0.035184260275698216,0.12313343958784363,-0.9902319902319903,0.0
515.6939871311188,967.0,239.0,15.7,303.45,4.6,0.28624818765978005,0.12313343958784363,0.7727667175287465,-0.9952228086786605,0.012424187672726636,0.01769447885130135,0.035184260275698216,0.12313343958784363,-0.9902319902319903,0.0
520.7712821960449,978.0,248.05,15.7,303.45,4.6,0.28624818765978005,0.12313343958784363,0.7727667175287465,-0.9952228086786605,0.012425289976021872,0.01769447885130135,0.035184260275698216,0.12313343958784363,-0.9902319902319903,0.0
525.9269061088562,989.0,256.4,15.7,303.45,4.6,0.28624818765978005,0.12313343958784363,0.7727667175287465,-0.9952228086786605,0.012427835613233492,0.01769447885130135,0.035184260275698216,0.12313343958784363,-0.9902319902319903,0.0
531.1709320545197,1000.0,264.0,15.7,303.45,4.6,0.285481581766279,0.12288610543763567,0.7755595480379043,-0.9952324044680724,0.012428915384621283,0.01769447885130135,0.03531141854133155,0.12288610543763567,-0.9902319902319903,0.0
536.3753910064697,1011.0,266.5,15.7,266.45,4.65,0.285481581766279,0.12288610543763567,0.7755595480379043,-0.9952324044680724,0.01247142199757381,0.01769447885130135,0.03531141854133155,0.12288610543763567,-0.9902319902319903,0.0
541.5287001132965,1022.0,276.4,15.7,266.45,4.65,0.285481581766279,0.12288610543763567,0.7755595480379043,-0.9952324044680724,0.01247242991507618,0.01769447885130135,0.03531141854133155,0.12288610543763567,-0.9902319902319903,0.0
546.738979101181,1033.0,281.65,15.7,266.85,4.7,0.28322470246365133,0.12288610543763567,0.7755595480379043,-0.9952324044680724,0.01247367821234527,0.01782542750502307,0.03531141854133155,0.12288610543763567,-0.9902319902319903,0.0
551.9509491920471,1044.0,274.57142857142856,15.857142857142858,256.1904761904762,4.714285714285714,0.28322470246365133,0.12288610543763567,0.7755595480379043,-0.9952324044680724,0.012474421034685807,0.01782542750502307,0.03531141854133155,0.12288610543763567,-0.9902319902319903,0.0
557.0771110057831,1055.0,282.8095238095238,15.857142857142858,256.1904761904762,4.714285714285714,0.28322470246365133,0.12288610543763567,0.7755595480379043,-0.9952324044680724,0.012474913701940812,0.01782542750502307,0.03531141854133155,0.12288610543763567,-0.9902319902319903,0.0
562.3091721534729,1066.0,274.2857142857143,15.80952380952381,352.85714285714283,4.666666666666667,0.28322470246365133,0.12288610543763567,0.7755595480379043,-0.9952324044680724,0.012475648902072086,0.01782542750502307,0.03531141854133155,0.12288610543763567,-0.9902319902319903,0.0
567.619029045105,1077.0,276.76190476190476,15.80952380952381,352.85714285714283,4.666666666666667,0.28322470246365133,0.12288610543763567,0.7755595480379043,-0.9952324044680724,0.01247613651367627,0.017799620252913578,0.03531141854133155,0.12288610543763567,-0.9902319902319903,0.0
572.857812166214,1088.0,285.76190476190476,15.80952380952381,352.85714285714283,4.666666666666667,0.28322470246365133,0.12288610543763567,0.7755595480379043,-0.9952324044680724,0.012477105721400737,0.017799620252913578,0.03531141854133155,0.12288610543763567,-0.9902319902319903,0.0
578.176586151123,1099.0,290.3333333333333,15.80952380952381,352.85714285714283,4.666666666666667,0.28322470246365133,0.12288610543763567,0.7755595480379043,-0.9952324044680724,0.012478066962750837,0.017799620252913578,0.03531141854133155,0.12288610543763567,-0.9902319902319903,0.0
583.4349582195282,1110.0,299.4761904761905,15.80952380952381,352.85714285714283,4.666666666666667,0.28322470246365133,0.12288610543763567,0.7755595480379043,-0.9952324044680724,0.01247878270474875,0.017799620252913578,0.03531141854133155,0.12288610543763567,-0.9902319902319903,0.0
588.7177150249481,1121.0,282.14285714285717,15.80952380952381,352.7142857142857,4.666666666666667,0.28322470246365133,0.12288610543763567,0.7755595480379043,-0.9952324044680724,0.012479965804455302,0.017799620252913578,0.03531141854133155,0.12288610543763567,-0.9902319902319903,0.0
593.9006340503693,1132.0,291.0952380952381,15.80952380952381,352.7142857142857,4.666666666666667,0.28322470246365133,0.12288610543763567,0.7755595480379043,-0.9952324044680724,0.01248020096281772,0.017735854966544222,0.03531141854133155,0.12288610543763567,-0.9902319902319903,0.0
599.2865149974823,1143.0,275.57142857142856,15.80952380952381,449.0,4.714285714285714,0.28322470246365133,0.12288610543763567,0.7755595480379043,-0.9952324044680724,0.012478898435266747,0.017799620252913578,0.03531141854133155,0.12288610543763567,-0.9902319902319903,0.0
604.5911350250244,1154.0,279.04761904761904,15.80952380952381,449.0,4.714285714285714,0.28303083162800285,0.12288610543763567,0.7755595480379043,-0.9952324044680724,0.012479767252787365,0.017791049526652152,0.03531141854133155,0.12288610543763567,-0.9902319902319903,0.0
609.7974190711975,1165.0,288.5238095238095,15.80952380952381,449.0,4.714285714285714,0.28303083162800285,0.12288610543763567,0.7755595480379043,-0.9952324044680724,0.01248019899169834,0.017791049526652152,0.03531141854133155,0.12288610543763567,-0.9902319902319903,0.0
615.0026860237122,1176.0,296.6666666666667,15.80952380952381,449.0,4.714285714285714,0.28303083162800285,0.12288610543763567,0.7755595480379043,-0.9952324044680724,0.012481270609541755,0.017790764642685256,0.03531141854133155,0.12288610543763567,-0.9902319902319903,0.0
620.2122981548309,1187.0,291.95454545454544,16.227272727272727,430.72727272727275,4.863636363636363,0.28303083162800285,0.12288610543763567,0.7755595480379043,-0.9952324044680724,0.012481696183640804,0.01779042585176894,0.03531141854133155,0.12288610543763567,-0.9902319902319903,0.0
625.4255180358887,1198.0,300.77272727272725,16.227272727272727,430.72727272727275,4.863636363636363,0.28303083162800285,0.12288610543763567,0.7755595480379043,-0.9952324044680724,0.012485102881114691,0.017790090373745737,0.03531141854133155,0.12288610543763567,-0.9902319902319903,0.0
630.5122771263123,1209.0,306.40909090909093,16.227272727272727,430.72727272727275,4.863636363636363,0.28303083162800285,0.12288610543763567,0.7755595480379043,-0.9952324044680724,0.012485102881114691,0.017789868543479685,0.03531141854133155,0.12288610543763567,-0.9902319902319903,0.0
635.6023449897766,1220.0,315.77272727272725,16.227272727272727,430.72727272727275,4.863636363636363,0.28303083162800285,0.12288610543763567,0.7755595480379043,-0.9952324044680724,0.012485102881114691,0.01778953850287921,0.03531141854133155,0.12288610543763567,-0.9902319902319903,0.0
640.70676612854,1231.0,324.45454545454544,16.227272727272727,430.72727272727275,4.863636363636363,0.28303083162800285,0.12288610543763567,0.7755595480379043,-0.9952324044680724,0.012485102881114691,0.017789265924772743,0.03531141854133155,0.12288610543763567,-0.9902319902319903,0.0
645.8187251091003,1242.0,333.6818181818182,16.227272727272727,430.72727272727275,4.863636363636363,0.28303083162800285,0.12288610543763567,0.7755595480379043,-0.9952324044680724,0.012485102881114691,0.01778904945431961,0.03531141854133155,0.12288610543763567,-0.9902319902319903,0.0
650.8545520305634,1253.0,335.23809523809524,16.047619047619047,472.9047619047619,4.809523809523809,0.28303083162800285,0.12288610543763567,0.7755595480379043,-0.9952324044680724,0.012485102881114691,0.017799620252913578,0.03531141854133155,0.12288610543763567,-0.9902319902319903,0.0
655.9130539894104,1264.0,344.3333333333333,16.047619047619047,472.9047619047619,4.809523809523809,0.28303083162800285,0.12288610543763567,0.7755595480379043,-0.9952324044680724,0.012485102881114691,0.017799620252913578,0.03531141854133155,0.12288610543763567,-0.9902319902319903,0.0
660.9290761947632,1275.0,323.0,16.0,497.14285714285717,4.809523809523809,0.28303083162800285,0.12288610543763567,0.7755595480379043,-0.9952324044680724,0.01235508993868002,0.017799620252913578,0.03531141854133155,0.12288610543763567,-0.9902319902319903,0.0
665.9300630092621,1286.0,341.05,15.7,418.95,4.7,0.28303083162800285,0.12288610543763567,0.7755595480379043,-0.9952324044680724,0.012355612793495153,0.01754932372113068,0.03531141854133155,0.12288610543763567,-0.9902319902319903,0.0
670.9330961704254,1297.0,350.2,15.7,418.95,4.7,0.28303083162800285,0.12288610543763567,0.7755595480379043,-0.9952324044680724,0.012356133752397564,0.017799620252913578,0.03531141854133155,0.12288610543763567,-0.9902319902319903,0.0
676.084135055542,1308.0,358.55,15.7,418.95,4.7,0.28303083162800285,0.12288610543763567,0.7755595480379043,-0.9952324044680724,0.012356911407157764,0.017799620252913578,0.03531141854133155,0.12288610543763567,-0.9902319902319903,0.0
681.5350050926208,1320.0,366.63157894736844,15.31578947368421,386.42105263157896,4.578947368421052,0.28303083162800285,0.12288610543763567,0.7755595480379043,-0.9952324044680724,0.012357941257844786,0.017799620252913578,0.03531141854133155,0.12288610543763567,-0.9902319902319903,0.0
686.6350181102753,1331.0,365.8421052631579,15.31578947368421,386.42105263157896,4.578947368421052,0.28351553278751784,0.12288610543763567,0.7735489274560834,-0.9952324044680724,0.012358963139269786,0.017799620252913578,0.03521987448765816,0.12288610543763567,-0.9902319902319903,0.0
691.7350389957428,1342.0,374.36842105263156,15.31578947368421,386.42105263157896,4.578947368421052,0.2835136103358302,0.12288610543763567,0.7735527301894365,-0.9952324044680724,0.012359471110567512,0.017799620252913578,0.03522004762705071,0.12288610543763567,-0.9902319902319903,0.0
696.801470041275,1353.0,382.10526315789474,15.31578947368421,386.42105263157896,4.578947368421052,0.28351105769641827,0.12288610543763567,0.7735577456242311,-0.9952324044680724,0.012360481152195433,0.017799620252913578,0.035220275981040605,0.12288610543763567,-0.9902319902319903,0.0
701.8944160938263,1364.0,391.10526315789474,15.31578947368421,386.42105263157896,4.578947368421052,0.2828851375333042,0.12288610543763567,0.7755595480379043,-0.9952324044680724,0.012481514188229887,0.01709985182817704,0.03531141854133155,0.12288610543763567,-0.9902319902319903,0.0
706.9491140842438,1375.0,400.5263157894737,15.31578947368421,386.42105263157896,4.578947368421052,0.2828851375333042,0.12288610543763567,0.7755595480379043,-0.9952324044680724,0.012423466257976957,0.017799620252913578,0.03531141854133155,0.12288610543763567,-0.9902319902319903,0.0
712.0023791790009,1386.0,409.6842105263158,15.31578947368421,386.42105263157896,4.578947368421052,0.2828851375333042,0.12288610543763567,0.7755595480379043,-0.9952324044680724,0.012423647950853163,0.017799620252913578,0.03531141854133155,0.12288610543763567,-0.9902319902319903,0.0
717.1125252246857,1397.0,412.4736842105263,15.31578947368421,386.42105263157896,4.578947368421052,0.2828851375333042,0.12288610543763567,0.7755595480379043,-0.9952324044680724,0.012423863554805336,0.017799620252913578,0.03531141854133155,0.12288610543763567,-0.9902319902319903,0.0
722.1701312065125,1408.0,422.0,15.31578947368421,386.42105263157896,4.578947368421052,0.2828851375333042,0.12288610543763567,0.7755595480379043,-0.9952324044680724,0.012424005833317509,0.017799620252913578,0.03531141854133155,0.12288610543763567,-0.9902319902319903,0.0
727.3498950004578,1419.0,416.3157894736842,15.31578947368421,386.89473684210526,4.526315789473684,0.2828851375333042,0.12288610543763567,0.7755595480379043,-0.9952324044680724,0.012424182057151147,0.017799620252913578,0.03531141854133155,0.12288610543763567,-0.9902319902319903,0.0
732.4401340484619,1430.0,425.63157894736844,15.31578947368421,386.89473684210526,4.526315789473684,0.2828851375333042,0.12288610543763567,0.7755595480379043,-0.9952324044680724,0.012424356491950204,0.017799620252913578,0.03531141854133155,0.12288610543763567,-0.9902319902319903,0.0
737.4920361042023,1441.0,415.7894736842105,15.31578947368421,386.89473684210526,4.526315789473684,0.2828851375333042,0.12288610543763567,0.7755595480379043,-0.9952324044680724,0.01242446030105728,0.017805195999207008,0.03531141854133155,0.12288610543763567,-0.9902319902319903,0.0
742.7325091362,1452.0,425.10526315789474,15.31578947368421,386.89473684210526,4.526315789473684,0.2828851375333042,0.12288610543763567,0.7755595480379043,-0.9952324044680724,0.012424631908124798,0.017803672565809826,0.03531141854133155,0.12288610543763567,-0.9902319902319903,0.0
747.7516400814056,1463.0,361.36842105263156,15.31578947368421,387.0,4.473684210526316,0.2828851375333042,0.12288610543763567,0.7755595480379043,-0.9952324044680724,0.012424767935964538,0.01780246384035397,0.03531141854133155,0.12288610543763567,-0.9902319902319903,0.0
752.7738561630249,1474.0,342.57894736842104,15.31578947368421,387.7368421052632,4.473684210526316,0.28256576018994956,0.12276244161626934,0.7764903608561085,-0.9952372022365434,0.012389709879682487,0.017724457998173057,0.03535379867976244,0.12276244161626934,-0.9902319902319903,0.0
758.1390240192413,1486.0,335.35,15.65,13476.2,4.6,0.28256576018994956,0.12276244161626934,0.7764903608561085,-0.9952372022365434,0.012389772738277703,0.01772388543643112,0.03535379867976244,0.12276244161626934,-0.9902319902319903,0.0
763.5261871814728,1498.0,330.3,15.65,13476.2,4.5,0.28256576018994956,0.12276244161626934,0.7764903608561085,-0.9952372022365434,0.01238986654922332,0.01772303047520289,0.03535379867976244,0.12276244161626934,-0.9902319902319903,0.0
768.9775841236115,1510.0,331.45,15.65,13476.2,4.5,0.28256576018994956,0.12276244161626934,0.7744115645365852,-0.9952372022365434,0.012389990745110314,0.017721897732087783,0.0352591505678456,0.12276244161626934,-0.9902319902319903,0.0
773.980711221695,1521.0,340.65,15.65,13476.2,4.5,0.28256576018994956,0.12276244161626934,0.7744115645365852,-0.9952372022365434,0.01239008323207886,0.017721053545441266,0.0352591505678456,0.12276244161626934,-0.9902319902319903,0.0
779.4412980079651,1533.0,349.7,15.65,13577.25,4.55,0.28256576018994956,0.12276244161626934,0.7744115645365852,-0.9952372022365434,0.012390296854091272,0.0177191015251675,0.03478593201348976,0.12276244161626934,-0.9902319902319903,0.0
784.7380621433258,1545.0,359.75,15.65,13577.25,4.55,0.28256576018994956,0.12276244161626934,0.7744115645365852,-0.9952372022365434,0.01240645226962546,0.01758613425998221,0.03478593201348976,0.12276244161626934,-0.9902319902319903,0.0
790.059816122055,1557.0,369.95,15.65,13577.25,4.55,0.28256576018994956,0.12276244161626934,0.7744115645365852,-0.9952372022365434,0.01240645335141087,0.017585943306448117,0.03478593201348976,0.12276244161626934,-0.9902319902319903,0.0
795.4789822101593,1569.0,363.0,16.0,8.560443499344361e306,4.619047619047619,0.28256576018994956,0.12276244161626934,0.7653083490715389,-0.9952372022365434,0.01240645335141087,0.017585943306448117,0.03478593201348976,0.12276244161626934,-0.9902319902319903,0.0
800.8891620635986,1581.0,381.6,15.35,8.988465674311579e306,4.4,0.2815342224484541,0.12210278823784647,0.7700289320341014,-0.9952627947190165,0.012335654468448008,0.01770663082520508,0.03478593201348976,0.12210278823784647,-0.9902319902319903,0.0
806.2595000267029,1593.0,385.55,15.35,8.988465674311579e306,4.4,0.2815342224484541,0.12210278823784647,0.7700289320341014,-0.9952627947190165,0.01233590952629061,0.01770432083901887,0.03478593201348976,0.12210278823784647,-0.9902319902319903,0.0
811.3905031681061,1604.0,332.7894736842105,15.31578947368421,9.46154281506482e306,4.421052631578948,0.2815342224484541,0.12210278823784647,0.7700289320341014,-0.9952627947190165,0.012336161624163433,0.017702035560418466,0.03478593201348976,0.12210278823784647,-0.9902319902319903,0.0
816.583104133606,1615.0,341.94736842105266,15.31578947368421,9.46154281506482e306,4.421052631578948,0.2815342224484541,0.12210278823784647,0.7700289320341014,-0.9952627947190165,0.01233620335464576,0.017701657071024383,0.03478593201348976,0.12210278823784647,-0.9902319902319903,0.0
821.717737197876,1626.0,333.0,15.3,8.988465674311579e306,4.45,0.2815342224484541,0.12210278823784647,0.7700289320341014,-0.9952627947190165,0.012336410790954325,0.017699774794288956,0.03478593201348976,0.12210278823784647,-0.9902319902319903,0.0
826.7204911708832,1637.0,341.85,15.3,8.988465674311579e306,4.45,0.2815342224484541,0.12210278823784647,0.7700289320341014,-0.9952627947190165,0.012336575289494955,0.017698281103502484,0.03478593201348976,0.12210278823784647,-0.9902319902319903,0.0
831.8179302215576,1648.0,354.6842105263158,14.789473684210526,Inf,4.315789473684211,0.2815342224484541,0.12210278823784647,0.7700289320341014,-0.9952627947190165,0.012336779114863654,0.01769642902520644,0.03505960822322542,0.12210278823784647,-0.9902319902319903,0.0
836.8458731174469,1659.0,358.8421052631579,14.789473684210526,Inf,4.315789473684211,0.2815342224484541,0.12210278823784647,0.7700289320341014,-0.9952627947190165,0.012322791434672777,0.017726296414607438,0.03505960822322542,0.12210278823784647,-0.9902319902319903,0.0
841.8830192089081,1670.0,367.4736842105263,14.789473684210526,Inf,4.315789473684211,0.2815342224484541,0.12210278823784647,0.7700289320341014,-0.9952627947190165,0.012323036450143115,0.01772409018652077,0.03505960822322542,0.12210278823784647,-0.9902319902319903,0.0
847.1627280712128,1682.0,376.8421052631579,14.789473684210526,Inf,4.315789473684211,0.2815342224484541,0.12210278823784647,0.7700289320341014,-0.9952627947190165,0.012323327377916825,0.017721468634801677,0.03505960822322542,0.12210278823784647,-0.9902319902319903,0.0
852.2615301609039,1693.0,385.57894736842104,14.789473684210526,Inf,4.315789473684211,0.2815342224484541,0.12210278823784647,0.7700289320341014,-0.9952627947190165,0.01232351947087965,0.017719736560480995,0.03505960822322542,0.12210278823784647,-0.9902319902319903,0.0
857.6539151668549,1705.0,394.8421052631579,14.789473684210526,Inf,4.315789473684211,0.2815342224484541,0.12210278823784647,0.7700289320341014,-0.9952627947190165,0.012323804848832411,0.01771716166378858,0.03505960822322542,0.12210278823784647,-0.9902319902319903,0.0
863.0704472064972,1717.0,377.1578947368421,14.789473684210526,Inf,4.315789473684211,0.2815342224484541,0.12210278823784647,0.7700289320341014,-0.9952627947190165,0.01232399327532081,0.017715460412194448,0.03505960822322542,0.12210278823784647,-0.9902319902319903,0.0
868.4205420017242,1729.0,383.6842105263158,14.789473684210526,Inf,4.315789473684211,0.2815342224484541,0.12210278823784647,0.7700289320341014,-0.9952627947190165,0.012324133644315128,0.017714192467208748,0.03505960822322542,0.12210278823784647,-0.9902319902319903,0.0
873.4279479980469,1740.0,392.57894736842104,14.789473684210526,Inf,4.315789473684211,0.2815342224484541,0.12210278823784647,0.7700289320341014,-0.9952627947190165,0.012324365794542673,0.017712094341731828,0.03505960822322542,0.12210278823784647,-0.9902319902319903,0.0
878.842404127121,1752.0,369.57894736842104,14.789473684210526,Inf,4.315789473684211,0.2815342224484541,0.12210278823784647,0.7700289320341014,-0.9952627947190165,0.012324641432947385,0.017709601322902013,0.03505960822322542,0.12210278823784647,-0.9902319902319903,0.0
884.2718300819397,1764.0,379.0,14.789473684210526,Inf,4.315789473684211,0.2815342224484541,0.12210278823784647,0.7700289320341014,-0.9952627947190165,0.012324913894846764,0.017707135008572676,0.03505960822322542,0.12210278823784647,-0.9902319902319903,0.0
889.3208150863647,1775.0,388.42105263157896,14.789473684210526,Inf,4.315789473684211,0.2815342224484541,0.12210278823784647,0.7700289320341014,-0.9952627947190165,0.012325004015541971,0.017706318788128866,0.03505960822322542,0.12210278823784647,-0.9902319902319903,0.0
894.7355561256409,1787.0,305.7894736842105,14.789473684210526,Inf,4.315789473684211,0.2815342224484541,0.12210278823784647,0.7700289320341014,-0.9952627947190165,0.012325183214615863,0.01770469510997701,0.03505960822322542,0.12210278823784647,-0.9902319902319903,0.0
900.1862471103668,1799.0,316.05263157894734,14.789473684210526,Inf,4.315789473684211,0.2815342224484541,0.12210278823784647,0.7700289320341014,-0.9952627947190165,0.012325361032307525,0.017703083045135255,0.03505960822322542,0.12210278823784647,-0.9902319902319903,0.0
905.4986991882324,1811.0,320.7368421052632,14.789473684210526,Inf,4.2631578947368425,0.2815342224484541,0.12210278823784647,0.7700289320341014,-0.9952627947190165,0.0123256251905732,0.01770068653952951,0.03505960822322542,0.12210278823784647,-0.9902319902319903,0.0
910.8728981018066,1823.0,332.29411764705884,13.588235294117647,4.0381162706650645e155,3.9411764705882355,0.2815342224484541,0.12210278823784647,0.7536285409259591,-0.9952627947190165,0.012325712563407332,0.017540421128194886,0.03431289434918922,0.12210278823784647,-0.9902319902319903,0.0
916.2796711921692,1835.0,336.0,13.588235294117647,4.0381162706650645e155,3.9411764705882355,0.2815342224484541,0.12210278823784647,0.7536285409259591,-0.9952627947190165,0.012325886296567338,0.017540421128194886,0.03431289434918922,0.12210278823784647,-0.9902319902319903,0.0
921.5878992080688,1847.0,344.7647058823529,13.588235294117647,4.0381162706650645e155,3.9411764705882355,0.2815342224484541,0.12210278823784647,0.7536285409259591,-0.9952627947190165,0.01232610157714016,0.017540421128194886,0.03431289434918922,0.12210278823784647,-0.9902319902319903,0.0
926.8020331859589,1859.0,354.4117647058824,13.588235294117647,4.0381162706650645e155,3.9411764705882355,0.2815342224484541,0.12210278823784647,0.7536285409259591,-0.9952627947190165,0.012325608710065897,0.017540421128194886,0.03431289434918922,0.12210278823784647,-0.9902319902319903,0.0
932.1177890300751,1871.0,357.2352941176471,13.588235294117647,4.0381162706650645e155,3.9411764705882355,0.2815342224484541,0.12210278823784647,0.7536285409259591,-0.9952627947190165,0.012325662501394732,0.017540421128194886,0.03431289434918922,0.12210278823784647,-0.9902319902319903,0.0
937.3379781246185,1883.0,366.3529411764706,13.588235294117647,4.0381162706650645e155,3.9411764705882355,0.2815342224484541,0.12210278823784647,0.7536285409259591,-0.9952627947190165,0.012325802981411596,0.017540421128194886,0.03431289434918922,0.12210278823784647,-0.9902319902319903,0.0
942.6116070747375,1895.0,372.4117647058824,13.588235294117647,4.0381162706650645e155,3.9411764705882355,0.2815342224484541,0.12210278823784647,0.7421880537269558,-0.9952627947190165,0.012325872809828952,0.017551546839875427,0.033792006130066936,0.12210278823784647,-0.9902319902319903,0.0
947.8393070697784,1907.0,366.47058823529414,13.588235294117647,4.0381162706650645e155,3.8823529411764706,0.2815342224484541,0.12210278823784647,0.7421880537269558,-0.9952627947190165,0.012326011645646597,0.017551546839875427,0.033792006130066936,0.12210278823784647,-0.9902319902319903,0.0
953.0418200492859,1919.0,376.52941176470586,13.588235294117647,4.0381162706650645e155,3.8823529411764706,0.2815342224484541,0.12210278823784647,0.7421880537269558,-0.9952627947190165,0.01232614939336103,0.017551546839875427,0.033792006130066936,0.12210278823784647,-0.9902319902319903,0.0
958.2799642086029,1931.0,386.1764705882353,13.588235294117647,4.0381162706650645e155,3.8823529411764706,0.2815342224484541,0.12210278823784647,0.7421880537269558,-0.9952627947190165,0.012326455387926774,0.017551546839875427,0.033792006130066936,0.12210278823784647,-0.9902319902319903,0.0
963.5520141124725,1943.0,381.2352941176471,13.588235294117647,4.0381162706650645e155,3.8823529411764706,0.2815342224484541,0.12210278823784647,0.7421880537269558,-0.9952627947190165,0.012326656389764783,0.017551546839875427,0.033792006130066936,0.12210278823784647,-0.9902319902319903,0.0
968.7522790431976,1955.0,391.2352941176471,13.588235294117647,4.0381162706650645e155,3.8823529411764706,0.2815342224484541,0.12210278823784647,0.7421880537269558,-0.9952627947190165,0.01238156577598177,0.017133387109756183,0.033792006130066936,0.12210278823784647,-0.9902319902319903,0.0
973.893229007721,1967.0,402.7647058823529,13.529411764705882,994697.4705882353,3.823529411764706,0.2815342224484541,0.12210278823784647,0.7421880537269558,-0.9952627947190165,0.01238156577598177,0.017133387109756183,0.033792006130066936,0.12210278823784647,-0.9902319902319903,0.0
979.1539030075073,1979.0,410.5882352941176,13.529411764705882,994697.6470588235,3.823529411764706,0.2815342224484541,0.12210278823784647,0.7421880537269558,-0.9952627947190165,0.01238156577598177,0.017133387109756183,0.033792006130066936,0.12210278823784647,-0.9902319902319903,0.0
984.3038430213928,1991.0,422.5882352941176,13.529411764705882,994697.6470588235,3.823529411764706,0.2815342224484541,0.12210278823784647,0.7421880537269558,-0.9952627947190165,0.01238156577598177,0.017133387109756183,0.033792006130066936,0.12210278823784647,-0.9902319902319903,0.0
989.4245200157166,2003.0,431.94117647058823,13.529411764705882,994697.6470588235,3.823529411764706,0.2815342224484541,0.12210278823784647,0.7421880537269558,-0.9952627947190165,0.012402937603881935,0.016933709993064452,0.033792006130066936,0.12210278823784647,-0.9902319902319903,0.0
994.5946371555328,2015.0,443.94117647058823,13.529411764705882,994697.6470588235,3.823529411764706,0.2815342224484541,0.12210278823784647,0.7421880537269558,-0.9952627947190165,0.012402937603881935,0.016933709993064452,0.033792006130066936,0.12210278823784647,-0.9902319902319903,0.0
999.8517751693726,2027.0,455.94117647058823,13.529411764705882,994697.6470588235,3.823529411764706,0.2815342224484541,0.12210278823784647,0.7421880537269558,-0.9952627947190165,0.012402937603881935,0.016933709993064452,0.033792006130066936,0.12210278823784647,-0.9902319902319903,0.0
1005.1436951160431,2039.0,442.27777777777777,14.444444444444445,939440.6111111111,4.055555555555555,0.2815049756690178,0.12210241402189802,0.7421880537269558,-0.9952628092374218,0.012402937603881935,0.016933709993064452,0.033792006130066936,0.12210241402189802,-0.9902319902319903,0.0
1010.4493319988251,2051.0,454.27777777777777,14.444444444444445,939440.6111111111,4.055555555555555,0.2815049756690178,0.12210241402189802,0.7421880537269558,-0.9952628092374218,0.012402937603881935,0.016933709993064452,0.033792006130066936,0.12210241402189802,-0.9902319902319903,0.0
1015.7386841773987,2063.0,466.27777777777777,14.444444444444445,939440.6111111111,4.055555555555555,0.2815049756690178,0.12210241402189802,0.7421880537269558,-0.9952628092374218,0.012402937603881935,0.016933709993064452,0.033792006130066936,0.12210241402189802,-0.9902319902319903,0.0
1021.0148479938507,2075.0,478.27777777777777,14.444444444444445,939440.6111111111,4.055555555555555,0.2815049756690178,0.12210241402189802,0.7421880537269558,-0.9952628092374218,0.012402937603881935,0.016933709993064452,0.033792006130066936,0.12210241402189802,-0.9902319902319903,0.0
1026.22510099411,2087.0,490.27777777777777,14.444444444444445,939440.6111111111,4.055555555555555,0.2815049756690178,0.12210241402189802,0.7421880537269558,-0.9952628092374218,0.012402937603881935,0.016933709993064452,0.033792006130066936,0.12210241402189802,-0.9902319902319903,0.0
1031.601823091507,2099.0,502.27777777777777,14.444444444444445,939440.6111111111,4.055555555555555,0.2815049756690178,0.12210241402189802,0.7421880537269558,-0.9952628092374218,0.012402937603881935,0.016933709993064452,0.033792006130066936,0.12210241402189802,-0.9902319902319903,0.0
1036.8686261177063,2111.0,514.2777777777778,14.444444444444445,939440.6111111111,4.055555555555555,0.2815049756690178,0.12210241402189802,0.7421880537269558,-0.9952628092374218,0.012402937603881935,0.016933709993064452,0.033792006130066936,0.12210241402189802,-0.9902319902319903,0.0
1042.0532341003418,2123.0,526.2777777777778,14.444444444444445,939440.6111111111,4.055555555555555,0.2815049756690178,0.12210241402189802,0.7421880537269558,-0.9952628092374218,0.012402937603881935,0.016933709993064452,0.033792006130066936,0.12210241402189802,-0.9902319902319903,0.0
1047.2620861530304,2135.0,538.2777777777778,14.444444444444445,939440.6111111111,4.055555555555555,0.2815049756690178,0.12210241402189802,0.7421880537269558,-0.9952628092374218,0.012402937603881935,0.016933709993064452,0.033792006130066936,0.12210241402189802,-0.9902319902319903,0.0
1052.4550340175629,2147.0,550.2777777777778,14.444444444444445,939440.6111111111,4.055555555555555,0.2815049756690178,0.12210241402189802,0.7421880537269558,-0.9952628092374218,0.012402937603881935,0.016933709993064452,0.033792006130066936,0.12210241402189802,-0.9902319902319903,0.0
1057.59743309021,2159.0,562.2777777777778,14.444444444444445,939440.6111111111,4.055555555555555,0.2815049756690178,0.12210241402189802,0.7421880537269558,-0.9952628092374218,0.012402937603881935,0.016933709993064452,0.033792006130066936,0.12210241402189802,-0.9902319902319903,0.0
1062.754557132721,2171.0,574.2777777777778,14.444444444444445,939440.6111111111,4.055555555555555,0.2815049756690178,0.12210241402189802,0.7421880537269558,-0.9952628092374218,0.012402937603881935,0.016933709993064452,0.033792006130066936,0.12210241402189802,-0.9902319902319903,0.0
1067.7870531082153,2183.0,554.5555555555555,14.444444444444445,939440.6111111111,4.055555555555555,0.2815049756690178,0.12210241402189802,0.7421880537269558,-0.9952628092374218,0.012402937603881935,0.016933709993064452,0.033792006130066936,0.12210241402189802,-0.9902319902319903,0.0
1072.8353831768036,2195.0,566.5555555555555,14.444444444444445,939440.6111111111,4.055555555555555,0.2815049756690178,0.12210241402189802,0.7421880537269558,-0.9952628092374218,0.012402937603881935,0.016933709993064452,0.033792006130066936,0.12210241402189802,-0.9902319902319903,0.0
1077.91370511055,2207.0,578.5555555555555,14.444444444444445,939440.6111111111,4.055555555555555,0.2815049756690178,0.12210241402189802,0.7421880537269558,-0.9952628092374218,0.012402937603881935,0.016933709993064452,0.033792006130066936,0.12210241402189802,-0.9902319902319903,0.0
1083.0068671703339,2219.0,590.5555555555555,14.444444444444445,939440.6111111111,4.055555555555555,0.2815049756690178,0.12210241402189802,0.7421880537269558,-0.9952628092374218,0.012402937603881935,0.016933709993064452,0.033792006130066936,0.12210241402189802,-0.9902319902319903,0.0
1088.1346981525421,2231.0,602.5555555555555,14.444444444444445,939440.6111111111,4.055555555555555,0.2815049756690178,0.12210241402189802,0.7421880537269558,-0.9952628092374218,0.012402937603881935,0.016933709993064452,0.033792006130066936,0.12210241402189802,-0.9902319902319903,0.0
1093.2615270614624,2243.0,582.4736842105264,14.526315789473685,889999.1052631579,4.052631578947368,0.2815049756690178,0.12210241402189802,0.7421880537269558,-0.9952628092374218,0.012402937603881935,0.016933709993064452,0.033792006130066936,0.12210241402189802,-0.9902319902319903,0.0
1098.3438651561737,2255.0,594.4736842105264,14.526315789473685,889999.1052631579,4.052631578947368,0.2815049756690178,0.12210241402189802,0.7421880537269558,-0.9952628092374218,0.012402937603881935,0.016933709993064452,0.033792006130066936,0.12210241402189802,-0.9902319902319903,0.0
1103.6029779911041,2267.0,591.2631578947369,14.526315789473685,889999.1052631579,4.052631578947368,0.2815049756690178,0.12210241402189802,0.7421880537269558,-0.9952628092374218,0.012389846503871623,0.017092556322250554,0.033792006130066936,0.12210241402189802,-0.9902319902319903,0.0
1108.7878742218018,2279.0,602.6315789473684,14.526315789473685,889999.1052631579,4.052631578947368,0.2815049756690178,0.12210241402189802,0.7421880537269558,-0.9952628092374218,0.012388565487232403,0.01709028443817298,0.033792006130066936,0.12210241402189802,-0.9902319902319903,0.0
1113.9475791454315,2291.0,593.7894736842105,14.526315789473685,889999.1052631579,4.052631578947368,0.2815049756690178,0.12210241402189802,0.7421880537269558,-0.9952628092374218,0.012387548701656374,0.01708848139708783,0.033792006130066936,0.12210241402189802,-0.9902319902319903,0.0
1119.013794183731,2303.0,605.1052631578947,14.526315789473685,889999.1052631579,4.052631578947368,0.2815049756690178,0.12210241402189802,0.7421880537269558,-0.9952628092374218,0.01238704296746842,0.017087584667388564,0.033792006130066936,0.12210241402189802,-0.9902319902319903,0.0
1124.062782049179,2315.0,616.4736842105264,14.526315789473685,889999.1052631579,4.052631578947368,0.2815049756690178,0.12210241402189802,0.7421880537269558,-0.9952628092374218,0.012386538997335238,0.017086691116537222,0.033792006130066936,0.12210241402189802,-0.9902319902319903,0.0
1129.205798149109,2327.0,628.1052631578947,14.526315789473685,889999.1052631579,4.052631578947368,0.2815049756690178,0.12210241402189802,0.7421880537269558,-0.9952628092374218,0.012385536324329744,0.0170849135064748,0.033792006130066936,0.12210241402189802,-0.9902319902319903,0.0
1134.4063181877136,2339.0,639.2105263157895,14.526315789473685,889999.1052631579,4.052631578947368,0.2815049756690178,0.12210241402189802,0.7421880537269558,-0.9952628092374218,0.012384045390163842,0.0170822706531387,0.033792006130066936,0.12210241402189802,-0.9902319902319903,0.0
1139.4679851531982,2351.0,650.578947368421,14.526315789473685,889999.1052631579,4.052631578947368,0.2815049756690178,0.12210241402189802,0.7421880537269558,-0.9952628092374218,0.012383551874270239,0.01708139594081355,0.033792006130066936,0.12210241402189802,-0.9902319902319903,0.0
1144.8829991817474,2364.0,662.8947368421053,14.526315789473685,889999.1052631579,4.052631578947368,0.2815049756690178,0.12210241402189802,0.7421880537269558,-0.9952628092374218,0.012382569999091684,0.01707965580829207,0.033792006130066936,0.12210241402189802,-0.9902319902319903,0.0
1149.8954021930695,2376.0,674.2631578947369,14.526315789473685,889999.1052631579,4.052631578947368,0.2815049756690178,0.12210241402189802,0.7421880537269558,-0.9952628092374218,0.012381109986988685,0.017077068676017156,0.033792006130066936,0.12210241402189802,-0.9902319902319903,0.0
1155.0536711215973,2388.0,685.6315789473684,14.526315789473685,889999.1052631579,4.052631578947368,0.2815049756690178,0.12210241402189802,0.7421880537269558,-0.9952628092374218,0.012379186946601502,0.01707366176916863,0.033792006130066936,0.12210241402189802,-0.9902319902319903,0.0
1160.326178073883,2400.0,697.0,14.526315789473685,889999.1052631579,4.052631578947368,0.2815049756690178,0.12210241402189802,0.7421880537269558,-0.9952628092374218,0.012378235451852928,0.017071976381161976,0.033792006130066936,0.12210241402189802,-0.9902319902319903,0.0
1165.5140600204468,2412.0,708.3684210526316,14.526315789473685,889999.1052631579,4.052631578947368,0.2815049756690178,0.12210241402189802,0.7421880537269558,-0.9952628092374218,0.01237729057793077,0.017070302923539726,0.033792006130066936,0.12210241402189802,-0.9902319902319903,0.0
1170.5468292236328,2424.0,719.8947368421053,14.526315789473685,889999.1052631579,4.052631578947368,0.2815049756690178,0.12210241402189802,0.7421880537269558,-0.9952628092374218,0.012376586239309007,0.017069055608982253,0.033792006130066936,0.12210241402189802,-0.9902319902319903,0.0
1175.584717988968,2436.0,731.2631578947369,14.526315789473685,889999.1052631579,4.052631578947368,0.2815049756690178,0.12210241402189802,0.7421880537269558,-0.9952628092374218,0.012375420506147816,0.017066991463366436,0.033792006130066936,0.12210241402189802,-0.9902319902319903,0.0
1180.6963551044464,2448.0,742.578947368421,14.526315789473685,889999.1052631579,4.052631578947368,0.2815049756690178,0.12210241402189802,0.7421880537269558,-0.9952628092374218,0.01237495705366901,0.01706617092401891,0.033792006130066936,0.12210241402189802,-0.9902319902319903,0.0
1185.9049961566925,2460.0,745.1052631578947,14.526315789473685,889999.1052631579,4.052631578947368,0.2815049756690178,0.12210241402189802,0.7421880537269558,-0.9952628092374218,0.012374034987137973,0.017064538563806637,0.033792006130066936,0.12210241402189802,-0.9902319902319903,0.0
1191.1341211795807,2472.0,741.1052631578947,14.526315789473685,889999.1052631579,4.052631578947368,0.2815049756690178,0.12210241402189802,0.7421880537269558,-0.9952628092374218,0.012372891417394402,0.01706251435500159,0.033792006130066936,0.12210241402189802,-0.9902319902319903,0.0
1196.1626470088959,2484.0,752.3157894736842,14.526315789473685,889999.1052631579,4.052631578947368,0.2815049756690178,0.12210241402189802,0.7421880537269558,-0.9952628092374218,0.01237175778023658,0.01706050804385314,0.033792006130066936,0.12210241402189802,-0.9902319902319903,0.0
1201.534558057785,2496.0,725.7,15.1,1.26495525e6,4.2,0.2815049756690178,0.12210241402189802,0.6570712316089455,-0.9952628092374218,0.012370633988197655,0.01705851947268507,0.03016678970032238,0.12210241402189802,-0.9908424908424909,0.0
1206.7239830493927,2508.0,737.05,15.1,1.26495525e6,4.2,0.2815049756690178,0.12210241402189802,0.6570712316089455,-0.9952628092374218,0.012369964402534187,0.017057334780103697,0.03016678970032238,0.12210241402189802,-0.9908424908424909,0.0
1211.8715620040894,2520.0,745.55,15.1,1.26495525e6,4.2,0.2815049756690178,0.12210241402189802,0.6570712316089455,-0.9952628092374218,0.012369077054220658,0.017055764978918107,0.03016678970032238,0.12210241402189802,-0.9908424908424909,0.0
1217.207388162613,2532.0,676.0,15.1,1.26495525e6,4.2,0.2815049756690178,0.12210241402189802,0.6570712316089455,-0.9952628092374218,0.012367757584119392,0.01705343109323241,0.03016678970032238,0.12210241402189802,-0.9908424908424909,0.0
1222.5302891731262,2544.0,685.15,15.1,1.26495525e6,4.2,0.2815049756690178,0.12210241402189802,0.6570712316089455,-0.9952628092374218,0.01236688557564982,0.017051888932706427,0.03016678970032238,0.12210241402189802,-0.9908424908424909,0.0
1227.699065208435,2556.0,696.4,15.1,1.26495525e6,4.2,0.2815049756690178,0.12210241402189802,0.6570712316089455,-0.9952628092374218,0.01236537411785913,0.017049216381764487,0.03016678970032238,0.12210241402189802,-0.9908424908424909,0.0
1232.8568789958954,2568.0,707.8,15.1,1.26495525e6,4.2,0.2815049756690178,0.12210241402189802,0.6570712316089455,-0.9952628092374218,0.01236430574180033,0.01704732766379505,0.03016678970032238,0.12210241402189802,-0.9908424908424909,0.0
1238.0667731761932,2580.0,719.35,15.1,1.26495525e6,4.2,0.2815049756690178,0.12210241402189802,0.6570712316089455,-0.9952628092374218,0.012363457719610756,0.017045828723457473,0.03016678970032238,0.12210241402189802,-0.9908424908424909,0.0
1243.08944106102,2592.0,730.6,15.1,1.26495525e6,4.2,0.2815049756690178,0.12210241402189802,0.6570712316089455,-0.9952628092374218,0.012361987831598208,0.017043231075649888,0.03016678970032238,0.12210241402189802,-0.9908424908424909,0.0
1248.1910591125488,2604.0,742.15,15.1,1.26495525e6,4.2,0.2815049756690178,0.12210241402189802,0.6570712316089455,-0.9952628092374218,0.012361571146312764,0.017042494805543186,0.03016678970032238,0.12210241402189802,-0.9908424908424909,0.0
1253.220665216446,2616.0,753.45,15.1,1.26495525e6,4.2,0.2815049756690178,0.12210241402189802,0.6570712316089455,-0.9952628092374218,0.012360535763675969,0.017040665537026108,0.03016678970032238,0.12210241402189802,-0.9908424908424909,0.0
1258.3138680458069,2628.0,746.6,15.1,1.26495525e6,4.2,0.2815049756690178,0.12210241402189802,0.6570712316089455,-0.9952628092374218,0.012359713926936163,0.01703921377902369,0.03016678970032238,0.12210241402189802,-0.9908424908424909,0.0
1263.4234972000122,2640.0,757.9,15.1,1.26495525e6,4.2,0.2815049756690178,0.12210241402189802,0.6570712316089455,-0.9952628092374218,0.012358694651249209,0.017037413532723478,0.03016678970032238,0.12210241402189802,-0.9908424908424909,0.0
1268.6339161396027,2652.0,764.15,15.1,1.26495525e6,4.2,0.2815049756690178,0.12210241402189802,0.6570712316089455,-0.9952628092374218,0.012357483179902122,0.01703527424564946,0.03016678970032238,0.12210241402189802,-0.9908424908424909,0.0
1273.8296670913696,2664.0,775.85,15.1,1.26495525e6,4.2,0.2815049756690178,0.12210241402189802,0.6570712316089455,-0.9952628092374218,0.012357282495899093,0.017034919910254805,0.03016678970032238,0.12210241402189802,-0.9908424908424909,0.0
1278.9839360713959,2676.0,787.05,15.1,1.26495525e6,4.2,0.2815049756690178,0.12210241402189802,0.6570712316089455,-0.9952628092374218,0.012356085702960616,0.017032807071214635,0.03016678970032238,0.12210241402189802,-0.9908424908424909,0.0
1284.1570041179657,2688.0,798.4,15.1,1.26495525e6,4.2,0.2815049756690178,0.12210241402189802,0.6570712316089455,-0.9952628092374218,0.012355689542417414,0.017032107783385313,0.03016678970032238,0.12210241402189802,-0.9908424908424909,0.0
1289.306900024414,2700.0,809.75,15.1,1.26495525e6,4.2,0.2815049756690178,0.12210241402189802,0.6570712316089455,-0.9952628092374218,0.012354509303780218,0.017030024772324598,0.03016678970032238,0.12210241402189802,-0.9908424908424909,0.0
1294.4318461418152,2712.0,821.1,15.1,1.26495525e6,4.2,0.2815049756690178,0.12210241402189802,0.6570712316089455,-0.9952628092374218,0.012353729298772034,0.017028648388060168,0.03016678970032238,0.12210241402189802,-0.9908424908424909,0.0
1299.4509479999542,2724.0,832.65,15.1,1.26495525e6,4.2,0.2815049756690178,0.12210241402189802,0.6570712316089455,-0.9952628092374218,0.01235314784855853,0.01702762250270153,0.03016678970032238,0.12210241402189802,-0.9908424908424909,0.0
1304.8673150539398,2737.0,844.9,15.1,1.26495525e6,4.2,0.2815049756690178,0.12210241402189802,0.6570712316089455,-0.9952628092374218,0.012352377289037849,0.017026263137481686,0.03016678970032238,0.12210241402189802,-0.9908424908424909,0.0
1310.0351700782776,2749.0,856.45,15.1,1.26495525e6,4.2,0.2815049756690178,0.12210241402189802,0.6570712316089455,-0.9952628092374218,0.012351802879217945,0.01702524993761105,0.03016678970032238,0.12210241402189802,-0.9908424908424909,0.0
1315.148963212967,2761.0,867.95,15.1,1.26495525e6,4.2,0.2815049756690178,0.12210241402189802,0.6570712316089455,-0.9952628092374218,0.012351612074668368,0.017024913403229397,0.03016678970032238,0.12210241402189802,-0.9908424908424909,0.0
1320.3086340427399,2773.0,879.15,15.1,1.26495525e6,4.2,0.2815049756690178,0.12210241402189802,0.6570712316089455,-0.9952628092374218,0.012350852167770383,0.017023573232039596,0.03016678970032238,0.12210241402189802,-0.9908424908424909,0.0
1325.3527190685272,2785.0,890.6,15.1,1.26495525e6,4.2,0.2815049756690178,0.12210241402189802,0.6570712316089455,-0.9952628092374218,0.012350285698108627,0.01702257433882924,0.03016678970032238,0.12210241402189802,-0.9908424908424909,0.0
1330.3879630565643,2797.0,901.9,15.1,1.26495525e6,4.2,0.2815049756690178,0.12210241402189802,0.6570712316089455,-0.9952628092374218,0.0123495349894186,0.01702125074104543,0.03016678970032238,0.12210241402189802,-0.9908424908424909,0.0
1335.8006761074066,2810.0,914.35,15.1,1.26495525e6,4.2,0.2815049756690178,0.12210241402189802,0.6570712316089455,-0.9952628092374218,0.012348789485947325,0.01701993652205149,0.03016678970032238,0.12210241402189802,-0.9908424908424909,0.0
1340.8928542137146,2822.0,925.9,15.1,1.26495525e6,4.2,0.2815049756690178,0.12210241402189802,0.6570712316089455,-0.9952628092374218,0.012348418674692361,0.01701928290891916,0.03016678970032238,0.12210241402189802,-0.9908424908424909,0.0
1346.2907221317291,2835.0,938.0,15.1,1.26495525e6,4.2,0.2815049756690178,0.12210241402189802,0.6570712316089455,-0.9952628092374218,0.012347313948152826,0.017017335956411528,0.03016678970032238,0.12210241402189802,-0.9908424908424909,0.0
1351.5690472126007,2848.0,950.3,15.1,1.26495525e6,4.2,0.2815049756690178,0.12210241402189802,0.6570712316089455,-0.9952628092374218,0.012346220687489862,0.017015409663111755,0.03016678970032238,0.12210241402189802,-0.9908424908424909,0.0
1356.6077251434326,2860.0,961.75,15.1,1.26495525e6,4.2,0.2815049756690178,0.12210241402189802,0.6570712316089455,-0.9952628092374218,0.012345324244528706,0.017013817044930817,0.03016678970032238,0.12210241402189802,-0.9908424908424909,0.0
1361.6573510169983,2872.0,952.85,15.1,1.26495525e6,4.2,0.2815049756690178,0.12210241402189802,0.6570712316089455,-0.9952628092374218,0.012282293682972088,0.01697631039578039,0.03016678970032238,0.12210241402189802,-0.9908424908424909,0.0
1366.791498184204,2884.0,964.85,15.1,1.26495525e6,4.2,0.2815049756690178,0.12210241402189802,0.6570712316089455,-0.9952628092374218,0.012282293682972088,0.01697631039578039,0.03016678970032238,0.12210241402189802,-0.9908424908424909,0.0
1371.9443681240082,2896.0,976.85,15.1,1.26495525e6,4.2,0.2815049756690178,0.12210241402189802,0.6570712316089455,-0.9952628092374218,0.012282293682972088,0.01697631039578039,0.03016678970032238,0.12210241402189802,-0.9908424908424909,0.0
1377.053185224533,2908.0,988.85,15.1,1.26495525e6,4.2,0.2815049756690178,0.12210241402189802,0.6570712316089455,-0.9952628092374218,0.012282293682972088,0.01697631039578039,0.03016678970032238,0.12210241402189802,-0.9908424908424909,0.0
1382.4450170993805,2921.0,1001.85,15.1,1.26495525e6,4.2,0.2815049756690178,0.12210241402189802,0.6570712316089455,-0.9952628092374218,0.012282293682972088,0.01697631039578039,0.03016678970032238,0.12210241402189802,-0.9908424908424909,0.0
1387.476730108261,2933.0,1013.85,15.1,1.26495525e6,4.2,0.2815049756690178,0.12210241402189802,0.6570712316089455,-0.9952628092374218,0.012282293682972088,0.01697631039578039,0.03016678970032238,0.12210241402189802,-0.9908424908424909,0.0
1392.556499004364,2945.0,1025.85,15.1,1.26495525e6,4.2,0.2815049756690178,0.12210241402189802,0.6570712316089455,-0.9952628092374218,0.012282293682972088,0.01697631039578039,0.03016678970032238,0.12210241402189802,-0.9908424908424909,0.0
1397.6914110183716,2957.0,1037.85,15.1,1.26495525e6,4.2,0.2815049756690178,0.12210241402189802,0.6570712316089455,-0.9952628092374218,0.012282293682972088,0.01697631039578039,0.03016678970032238,0.12210241402189802,-0.9908424908424909,0.0
1402.7615621089935,2969.0,1049.85,15.1,1.26495525e6,4.2,0.2815049756690178,0.12210241402189802,0.6570712316089455,-0.9952628092374218,0.012282293682972088,0.01697631039578039,0.03016678970032238,0.12210241402189802,-0.9908424908424909,0.0
1407.7771501541138,2981.0,1061.85,15.1,1.26495525e6,4.2,0.2815049756690178,0.12210241402189802,0.6570712316089455,-0.9952628092374218,0.012282293682972088,0.01697631039578039,0.03016678970032238,0.12210241402189802,-0.9908424908424909,0.0
1413.0934901237488,2994.0,1024.35,15.1,1.26495525e6,4.2,0.2815049756690178,0.12210241402189802,0.6570712316089455,-0.9952628092374218,0.012282293682972088,0.01697631039578039,0.03016678970032238,0.12210241402189802,-0.9908424908424909,0.0
1418.395268201828,3007.0,983.95,15.1,1.26495525e6,4.2,0.2815049756690178,0.12210241402189802,0.6570712316089455,-0.9952628092374218,0.012282293682972088,0.01697631039578039,0.03016678970032238,0.12210241402189802,-0.9908424908424909,0.0
1423.449877023697,3019.0,995.95,15.1,1.26495525e6,4.2,0.2815049756690178,0.12210241402189802,0.6570712316089455,-0.9952628092374218,0.012282293682972088,0.01697631039578039,0.03016678970032238,0.12210241402189802,-0.9908424908424909,0.0
1428.640715122223,3031.0,1013.9473684210526,15.052631578947368,1.3315540526315789e6,4.2631578947368425,0.2815049756690178,0.12210241402189802,0.6570712316089455,-0.9952628092374218,0.012282293682972088,0.01697631039578039,0.03016678970032238,0.12210241402189802,-0.9908424908424909,0.0
1433.790880203247,3043.0,1025.3157894736842,15.052631578947368,1.3315540526315789e6,4.2631578947368425,0.2815049756690178,0.12210241402189802,0.6570712316089455,-0.9952628092374218,0.012282293682972088,0.01697631039578039,0.03016678970032238,0.12210241402189802,-0.9908424908424909,0.0
1438.941397190094,3055.0,1036.842105263158,15.052631578947368,1.3315540526315789e6,4.2631578947368425,0.2815049756690178,0.12210241402189802,0.6570712316089455,-0.9952628092374218,0.012282293682972088,0.01697631039578039,0.03016678970032238,0.12210241402189802,-0.9908424908424909,0.0
1443.958253145218,3067.0,1048.3157894736842,15.052631578947368,1.3315540526315789e6,4.2631578947368425,0.2815049756690178,0.12210241402189802,0.6570712316089455,-0.9952628092374218,0.012282293682972088,0.01697631039578039,0.03016678970032238,0.12210241402189802,-0.9908424908424909,0.0
1449.1191592216492,3079.0,1055.8947368421052,15.052631578947368,1.3315540526315789e6,4.2631578947368425,0.2815049756690178,0.12210241402189802,0.6570712316089455,-0.9952628092374218,0.012282293682972088,0.01697631039578039,0.03016678970032238,0.12210241402189802,-0.9908424908424909,0.0
1454.1427791118622,3091.0,1067.2631578947369,15.052631578947368,1.3315540526315789e6,4.2631578947368425,0.2815049756690178,0.12210241402189802,0.6570712316089455,-0.9952628092374218,0.012282293682972088,0.01697631039578039,0.03016678970032238,0.12210241402189802,-0.9908424908424909,0.0
1459.2939291000366,3103.0,1078.842105263158,15.052631578947368,1.3315540526315789e6,4.2631578947368425,0.2815049756690178,0.12210241402189802,0.6570712316089455,-0.9952628092374218,0.012282293682972088,0.01697631039578039,0.03016678970032238,0.12210241402189802,-0.9908424908424909,0.0
1464.5155131816864,3115.0,1090.0526315789473,15.052631578947368,1.3315540526315789e6,4.2631578947368425,0.2815049756690178,0.12210241402189802,0.6570712316089455,-0.9952628092374218,0.012282293682972088,0.01697631039578039,0.03016678970032238,0.12210241402189802,-0.9908424908424909,0.0
1469.7527770996094,3127.0,1046.55,15.4,6.86479766013061e155,4.35,0.2815049756690178,0.12210241402189802,0.6570712316089455,-0.9952628092374218,0.012282293682972088,0.01697631039578039,0.03016678970032238,0.12210241402189802,-0.9908424908424909,0.0
1475.034261226654,3139.0,1058.05,15.4,6.86479766013061e155,4.35,0.2815049756690178,0.12210241402189802,0.6570712316089455,-0.9952628092374218,0.012282293682972088,0.01697631039578039,0.03016678970032238,0.12210241402189802,-0.9908424908424909,0.0
1480.34121799469,3151.0,969.8421052631579,14.631578947368421,7.2261028001374835e155,4.157894736842105,0.2820971240863771,0.12207676125295724,0.6570712316089455,-0.9952638044844121,0.012282293682972088,0.01697631039578039,0.03016678970032238,0.12207676125295724,-0.9908424908424909,0.0
1485.6465940475464,3163.0,981.1578947368421,14.631578947368421,7.2261028001374835e155,4.157894736842105,0.2820971240863771,0.12207676125295724,0.6570712316089455,-0.9952638044844121,0.012282293682972088,0.01697631039578039,0.03016678970032238,0.12207676125295724,-0.9908424908424909,0.0
1491.0263350009918,3175.0,943.35,15.4,6.86479766013061e155,4.35,0.28193921851892906,0.12207624426582397,0.6570712316089455,-0.9952638245418917,0.012282293682972088,0.01697631039578039,0.03016678970032238,0.12207624426582397,-0.9908424908424909,0.0
1496.417289018631,3187.0,954.85,15.4,6.86479766013061e155,4.35,0.28193921851892906,0.12207624426582397,0.6570712316089455,-0.9952638245418917,0.012282293682972088,0.01697631039578039,0.03016678970032238,0.12207624426582397,-0.9908424908424909,0.0
1501.7306880950928,3199.0,966.05,15.4,6.86479766013061e155,4.35,0.28193921851892906,0.12207624426582397,0.6570712316089455,-0.9952638245418917,0.012282293682972088,0.01697631039578039,0.03016678970032238,0.12207624426582397,-0.9908424908424909,0.0
1507.0645961761475,3211.0,977.45,15.4,6.86479766013061e155,4.35,0.28193921851892906,0.12207624426582397,0.6570712316089455,-0.9952638245418917,0.012282293682972088,0.01697631039578039,0.03016678970032238,0.12207624426582397,-0.9908424908424909,0.0
1512.4251091480255,3223.0,989.1,15.4,6.86479766013061e155,4.35,0.28193921851892906,0.12207624426582397,0.6570712316089455,-0.9952638245418917,0.012282293682972088,0.01697631039578039,0.03016678970032238,0.12207624426582397,-0.9908424908424909,0.0
1517.7864651679993,3235.0,1000.25,15.4,6.86479766013061e155,4.35,0.28193921851892906,0.12207624426582397,0.6570712316089455,-0.9952638245418917,0.012282293682972088,0.01697631039578039,0.03016678970032238,0.12207624426582397,-0.9908424908424909,0.0
1523.0822541713715,3247.0,1011.75,15.4,6.86479766013061e155,4.35,0.28193921851892906,0.12207624426582397,0.6570712316089455,-0.9952638245418917,0.012282293682972088,0.01697631039578039,0.03016678970032238,0.12207624426582397,-0.9908424908424909,0.0
1528.532150030136,3259.0,1016.3,15.4,6.86479766013061e155,4.35,0.28193921851892906,0.12207624426582397,0.6570712316089455,-0.9952638245418917,0.012282293682972088,0.01697631039578039,0.03016678970032238,0.12207624426582397,-0.9908424908424909,0.0
1533.5531990528107,3270.0,1026.65,15.4,6.86479766013061e155,4.35,0.28193921851892906,0.12207624426582397,0.6570712316089455,-0.9952638245418917,0.012282293682972088,0.01697631039578039,0.03016678970032238,0.12207624426582397,-0.9908424908424909,0.0
1538.920737028122,3282.0,1038.1,15.4,6.86479766013061e155,4.35,0.28193921851892906,0.12207624426582397,0.6570712316089455,-0.9952638245418917,0.012282293682972088,0.01697631039578039,0.03016678970032238,0.12207624426582397,-0.9908424908424909,0.0
1544.21409201622,3294.0,1049.65,15.4,6.86479766013061e155,4.35,0.28193921851892906,0.12207624426582397,0.6570712316089455,-0.9952638245418917,0.012282293682972088,0.01697631039578039,0.03016678970032238,0.12207624426582397,-0.9908424908424909,0.0
1549.3737962245941,3306.0,1060.85,15.4,6.86479766013061e155,4.35,0.28193921851892906,0.12207624426582397,0.6570712316089455,-0.9952638245418917,0.012282293682972088,0.01697631039578039,0.03016678970032238,0.12207624426582397,-0.9908424908424909,0.0
1554.5674932003021,3318.0,1072.3,15.4,6.86479766013061e155,4.35,0.28193921851892906,0.12207624426582397,0.6570712316089455,-0.9952638245418917,0.012282293682972088,0.01697631039578039,0.03016678970032238,0.12207624426582397,-0.9908424908424909,0.0
1559.8956592082977,3330.0,1083.75,15.4,6.86479766013061e155,4.35,0.28193921851892906,0.12207624426582397,0.6570712316089455,-0.9952638245418917,0.012282293682972088,0.01697631039578039,0.03016678970032238,0.12207624426582397,-0.9908424908424909,0.0
1565.0894830226898,3342.0,1020.8,15.4,6.86479766013061e155,4.35,0.28193921851892906,0.12207624426582397,0.6570712316089455,-0.9952638245418917,0.012282293682972088,0.01697631039578039,0.03016678970032238,0.12207624426582397,-0.9908424908424909,0.0
1570.3710210323334,3354.0,1027.5,15.4,6.86479766013061e155,4.35,0.28193921851892906,0.12207624426582397,0.6570712316089455,-0.9952638245418917,0.012282293682972088,0.01697631039578039,0.03016678970032238,0.12207624426582397,-0.9908424908424909,0.0
1575.659874200821,3366.0,1038.0,15.4,6.86479766013061e155,4.35,0.28193921851892906,0.12207624426582397,0.6570712316089455,-0.9952638245418917,0.012282293682972088,0.01697631039578039,0.03016678970032238,0.12207624426582397,-0.9908424908424909,0.0
1580.9898381233215,3378.0,1012.8,15.4,6.86479766013061e155,4.35,0.28193921851892906,0.12207624426582397,0.6570712316089455,-0.9952638245418917,0.012282293682972088,0.01697631039578039,0.03016678970032238,0.12207624426582397,-0.9908424908424909,0.0
1586.2914249897003,3390.0,964.3333333333334,15.857142857142858,6.537902533457723e155,4.476190476190476,0.28193921851892906,0.12207624426582397,0.6570712316089455,-0.9952638245418917,0.012282293682972088,0.01697631039578039,0.03016678970032238,0.12207624426582397,-0.9908424908424909,0.0
1591.4825811386108,3402.0,978.45,15.35,6.86479766013061e155,4.35,0.28193921851892906,0.12207624426582397,0.7421880537269558,-0.9952638245418917,0.012282293682972088,0.01697631039578039,0.033792006130066936,0.12207624426582397,-0.9902319902319903,0.0
1596.521418094635,3414.0,989.35,15.35,6.86479766013061e155,4.35,0.28193921851892906,0.12207624426582397,0.7421880537269558,-0.9952638245418917,0.012282293682972088,0.01697631039578039,0.033792006130066936,0.12207624426582397,-0.9902319902319903,0.0
1601.6976120471954,3426.0,1000.05,15.35,6.86479766013061e155,4.35,0.28193921851892906,0.12207624426582397,0.7421880537269558,-0.9952638245418917,0.012282293682972088,0.01697631039578039,0.033792006130066936,0.12207624426582397,-0.9902319902319903,0.0
1606.9854311943054,3438.0,1011.0,15.35,6.86479766013061e155,4.35,0.28193921851892906,0.12207624426582397,0.7421880537269558,-0.9952638245418917,0.012282293682972088,0.01697631039578039,0.033792006130066936,0.12207624426582397,-0.9902319902319903,0.0
1612.162075996399,3450.0,1008.15,15.35,6.86479766013061e155,4.35,0.28197754985758516,0.1220756493513086,0.7421880537269558,-0.9952638476227093,0.012282293682972088,0.01697631039578039,0.033792006130066936,0.1220756493513086,-0.9902319902319903,0.0
1617.3628451824188,3462.0,1019.25,15.35,6.86479766013061e155,4.35,0.28197754985758516,0.1220756493513086,0.7421880537269558,-0.9952638476227093,0.012282293682972088,0.01697631039578039,0.033792006130066936,0.1220756493513086,-0.9902319902319903,0.0
1622.7137551307678,3474.0,1028.3,15.35,6.86479766013061e155,4.35,0.2819856463485276,0.12207553422969088,0.7421880537269558,-0.995263852089067,0.012282293682972088,0.01697631039578039,0.033792006130066936,0.12207553422969088,-0.9902319902319903,0.0
1627.9975271224976,3486.0,1039.1,15.35,6.86479766013061e155,4.35,0.2819856463485276,0.12207553422969088,0.7421880537269558,-0.995263852089067,0.012282293682972088,0.01697631039578039,0.033792006130066936,0.12207553422969088,-0.9902319902319903,0.0
1633.223116159439,3498.0,1024.35,15.35,6.86479766013061e155,4.4,0.2819856463485276,0.12207553422969088,0.7421880537269558,-0.995263852089067,0.012282293682972088,0.01697631039578039,0.033792006130066936,0.12207553422969088,-0.9902319902319903,0.0
1638.5278251171112,3510.0,1034.6,15.35,6.86479766013061e155,4.4,0.2819856463485276,0.12207553422969088,0.7421880537269558,-0.995263852089067,0.012282293682972088,0.01697631039578039,0.033792006130066936,0.12207553422969088,-0.9902319902319903,0.0
1643.8029870986938,3522.0,1099.842105263158,15.263157894736842,7.2261028001374835e155,4.315789473684211,0.2819856463485276,0.12207553422969088,0.7421880537269558,-0.995263852089067,0.012282293682972088,0.01697631039578039,0.033792006130066936,0.12207553422969088,-0.9902319902319903,0.0
1649.121017217636,3534.0,1110.4736842105262,15.263157894736842,7.2261028001374835e155,4.315789473684211,0.2819856463485276,0.12207553422969088,0.7421880537269558,-0.995263852089067,0.012282293682972088,0.01697631039578039,0.033792006130066936,0.12207553422969088,-0.9902319902319903,0.0
1654.1290941238403,3545.0,1120.3684210526317,15.263157894736842,7.2261028001374835e155,4.315789473684211,0.2819856463485276,0.12207553422969088,0.7421880537269558,-0.995263852089067,0.012282293682972088,0.01697631039578039,0.033792006130066936,0.12207553422969088,-0.9902319902319903,0.0
1659.406105041504,3557.0,1127.0,15.210526315789474,7.2261028001374835e155,4.315789473684211,0.2820239010503294,0.12205267045833151,0.7421880537269558,-0.9952647391316971,0.012282293682972088,0.01697631039578039,0.033792006130066936,0.12205267045833151,-0.9902319902319903,0.0
1664.8020930290222,3569.0,1137.9473684210527,15.210526315789474,7.2261028001374835e155,4.315789473684211,0.2820239010503294,0.12205267045833151,0.7421880537269558,-0.9952647391316971,0.012282293682972088,0.01697631039578039,0.033792006130066936,0.12205267045833151,-0.9902319902319903,0.0
1669.9744310379028,3581.0,1148.6842105263158,15.210526315789474,7.2261028001374835e155,4.315789473684211,0.2820239010503294,0.12205267045833151,0.7421880537269558,-0.9952647391316971,0.012282293682972088,0.01697631039578039,0.033792006130066936,0.12205267045833151,-0.9902319902319903,0.0
1675.2661600112915,3593.0,1159.2631578947369,15.210526315789474,7.2261028001374835e155,4.315789473684211,0.2820239010503294,0.12205267045833151,0.7421880537269558,-0.9952647391316971,0.012282293682972088,0.01697631039578039,0.033792006130066936,0.12205267045833151,-0.9902319902319903,0.0
1680.4435920715332,3605.0,1169.9473684210527,15.210526315789474,7.2261028001374835e155,4.315789473684211,0.2820239010503294,0.12205267045833151,0.7421880537269558,-0.9952647391316971,0.012282293682972088,0.01697631039578039,0.033792006130066936,0.12205267045833151,-0.9902319902319903,0.0
1685.5870060920715,3617.0,1180.6842105263158,15.210526315789474,7.2261028001374835e155,4.315789473684211,0.2820239010503294,0.12205267045833151,0.7421880537269558,-0.9952647391316971,0.012282293682972088,0.01697631039578039,0.033792006130066936,0.12205267045833151,-0.9902319902319903,0.0
1690.7699642181396,3629.0,1191.4736842105262,15.210526315789474,7.2261028001374835e155,4.315789473684211,0.2820239010503294,0.12205267045833151,0.7421880537269558,-0.9952647391316971,0.012282293682972088,0.01697631039578039,0.033792006130066936,0.12205267045833151,-0.9902319902319903,0.0
1695.9456541538239,3641.0,1202.157894736842,15.210526315789474,7.2261028001374835e155,4.315789473684211,0.2820239010503294,0.12205267045833151,0.7421880537269558,-0.9952647391316971,0.012282293682972088,0.01697631039578039,0.033792006130066936,0.12205267045833151,-0.9902319902319903,0.0
1701.1058611869812,3653.0,1212.9473684210527,15.210526315789474,7.2261028001374835e155,4.315789473684211,0.2820239010503294,0.12205267045833151,0.7421880537269558,-0.9952647391316971,0.012282293682972088,0.01697631039578039,0.033792006130066936,0.12205267045833151,-0.9902319902319903,0.0
1706.3109781742096,3665.0,1224.0526315789473,15.210526315789474,7.2261028001374835e155,4.315789473684211,0.2820239010503294,0.12205267045833151,0.7421880537269558,-0.9952647391316971,0.012282293682972088,0.01697631039578039,0.033792006130066936,0.12205267045833151,-0.9902319902319903,0.0
1711.5827090740204,3677.0,1234.3684210526317,15.210526315789474,7.2261028001374835e155,4.315789473684211,0.2820239010503294,0.12205267045833151,0.7421880537269558,-0.9952647391316971,0.012282293682972088,0.01697631039578039,0.033792006130066936,0.12205267045833151,-0.9902319902319903,0.0
1716.8896160125732,3689.0,1245.5263157894738,15.210526315789474,7.2261028001374835e155,4.315789473684211,0.2820239010503294,0.12205267045833151,0.7421880537269558,-0.9952647391316971,0.012282293682972088,0.01697631039578039,0.033792006130066936,0.12205267045833151,-0.9902319902319903,0.0
1722.1566882133484,3701.0,1256.6842105263158,15.210526315789474,7.2261028001374835e155,4.315789473684211,0.2820239010503294,0.12205267045833151,0.7421880537269558,-0.9952647391316971,0.012282293682972088,0.01697631039578039,0.033792006130066936,0.12205267045833151,-0.9902319902319903,0.0
1727.3354330062866,3713.0,1268.0,15.210526315789474,7.2261028001374835e155,4.315789473684211,0.2820239010503294,0.12205267045833151,0.7421880537269558,-0.9952647391316971,0.012282293682972088,0.01697631039578039,0.033792006130066936,0.12205267045833151,-0.9902319902319903,0.0
1732.5593650341034,3725.0,1279.9473684210527,15.210526315789474,7.2261028001374835e155,4.315789473684211,0.2820239010503294,0.12205267045833151,0.7421880537269558,-0.9952647391316971,0.012282293682972088,0.01697631039578039,0.033792006130066936,0.12205267045833151,-0.9902319902319903,0.0
1738.0015151500702,3737.0,1291.9473684210527,15.210526315789474,7.2261028001374835e155,4.315789473684211,0.2820239010503294,0.12205267045833151,0.7421880537269558,-0.9952647391316971,0.012282293682972088,0.01697631039578039,0.033792006130066936,0.12205267045833151,-0.9902319902319903,0.0
1743.0617680549622,3748.0,1302.9473684210527,15.210526315789474,7.2261028001374835e155,4.315789473684211,0.2820239010503294,0.12205267045833151,0.7421880537269558,-0.9952647391316971,0.012282293682972088,0.01697631039578039,0.033792006130066936,0.12205267045833151,-0.9902319902319903,0.0
1748.4444460868835,3760.0,1249.25,15.95,6.86479766013061e155,4.5,0.2819902796261278,0.12205047909492604,0.7421880537269558,-0.9952648241497254,0.012282293682972088,0.01697631039578039,0.033792006130066936,0.12205047909492604,-0.9902319902319903,0.0
1753.810003042221,3772.0,1261.25,15.95,6.86479766013061e155,4.5,0.2819902796261278,0.12205047909492604,0.7421880537269558,-0.9952648241497254,0.012282293682972088,0.01697631039578039,0.033792006130066936,0.12205047909492604,-0.9902319902319903,0.0
1758.9851281642914,3784.0,1171.3,15.95,6.86479766013061e155,4.5,0.2819902796261278,0.12205047909492604,0.7421880537269558,-0.9952648241497254,0.012282293682972088,0.01697631039578039,0.033792006130066936,0.12205047909492604,-0.9902319902319903,0.0
1764.1312911510468,3796.0,1183.3,15.95,6.86479766013061e155,4.5,0.2819902796261278,0.12205047909492604,0.7421880537269558,-0.9952648241497254,0.012282293682972088,0.01697631039578039,0.033792006130066936,0.12205047909492604,-0.9902319902319903,0.0
1769.3677141666412,3808.0,1195.3,15.95,6.86479766013061e155,4.5,0.2819902796261278,0.12205047909492604,0.7421880537269558,-0.9952648241497254,0.012282293682972088,0.01697631039578039,0.033792006130066936,0.12205047909492604,-0.9902319902319903,0.0
1774.4773511886597,3820.0,1185.25,15.95,6.86479766013061e155,4.5,0.2819902796261278,0.12205047909492604,0.7421880537269558,-0.9952648241497254,0.012282293682972088,0.01697631039578039,0.033792006130066936,0.12205047909492604,-0.9902319902319903,0.0
1779.7547371387482,3832.0,1197.25,15.95,6.86479766013061e155,4.5,0.2819902796261278,0.12205047909492604,0.7421880537269558,-0.9952648241497254,0.012282293682972088,0.01697631039578039,0.033792006130066936,0.12205047909492604,-0.9902319902319903,0.0
1785.0521960258484,3844.0,1208.05,15.95,6.86479766013061e155,4.5,0.2819902796261278,0.12205047909492604,0.7421880537269558,-0.9952648241497254,0.012282293682972088,0.01697631039578039,0.033792006130066936,0.12205047909492604,-0.9902319902319903,0.0
1790.3762590885162,3856.0,1220.05,15.95,6.86479766013061e155,4.5,0.2819902796261278,0.12205047909492604,0.7421880537269558,-0.9952648241497254,0.012282293682972088,0.01697631039578039,0.033792006130066936,0.12205047909492604,-0.9902319902319903,0.0
1795.8283281326294,3868.0,1192.25,15.95,6.86479766013061e155,4.5,0.2819902796261278,0.12205047909492604,0.7421880537269558,-0.9952648241497254,0.012282293682972088,0.01697631039578039,0.03258125922950003,0.12205047909492604,-0.9902319902319903,0.0
