time,generation,mean age hall_of_fame,mean compl,mean recursive_compl,mean n_params,min mae,min mse,min max_ae,min minus_r2,min mare,min q75_are,min max_are,min ms_processed_e,min minus_spearman,max penalty
11.289796829223633,1.0,0.0,4.666666666666667,1.431688576e9,0.16666666666666666,1.7541523789077474e-15,7.161377905209498e-30,7.105427357601002e-15,-1.0,3.845144730418784e-16,4.911980610751097e-16,8.192929068308079e-16,7.161377905209498e-30,-1.0,6.0
16.299087047576904,7.0,2.4444444444444446,5.777777777777778,7.818749353087667e12,0.7777777777777778,6.050715484207103e-16,1.1219697484022282e-30,2.6645352591003757e-15,-1.0,2.601748963588684e-16,3.4805381952448964e-16,7.53427700464736e-16,1.1219697484022282e-30,-1.0,3.5
21.338774919509888,15.0,9.375,5.125,8.796093022246e12,0.625,6.050715484207103e-16,1.1219697484022282e-30,2.6645352591003757e-15,-1.0,2.601748963588684e-16,3.4805381952448964e-16,7.53427700464736e-16,1.1219697484022282e-30,-1.0,3.5
26.5365469455719,29.0,18.77777777777778,5.444444444444445,95.11111111111111,0.7777777777777778,5.273559366969494e-16,7.312370812849457e-31,1.7763568394002505e-15,-1.0,2.645089501762818e-16,3.415554225406734e-16,7.53427700464736e-16,7.312370812849457e-31,-1.0,3.5
31.547510862350464,46.0,30.545454545454547,6.636363636363637,4.0941814794285556e14,0.9090909090909091,4.996003610813204e-16,5.361788965174065e-31,1.7763568394002505e-15,-1.0,2.645089501762818e-16,3.415554225406734e-16,7.53427700464736e-16,5.361788965174065e-31,-1.0,3.5
36.770025968551636,65.0,43.38461538461539,7.615384615384615,3.4643107094944644e14,1.0769230769230769,4.662936703425658e-16,4.955032560919481e-31,1.7763568394002505e-15,-1.0,2.645089501762818e-16,3.415554225406734e-16,7.53427700464736e-16,4.955032560919481e-31,-1.0,3.5
41.85093092918396,84.0,62.38461538461539,7.615384615384615,3.4643107094944644e14,1.0769230769230769,4.662936703425658e-16,4.955032560919481e-31,1.7763568394002505e-15,-1.0,2.645089501762818e-16,3.415554225406734e-16,7.53427700464736e-16,4.955032560919481e-31,-1.0,3.5
46.994308948516846,103.0,70.76923076923077,7.461538461538462,3.464317317136401e14,1.1538461538461537,4.662936703425658e-16,4.955032560919481e-31,1.7763568394002505e-15,-1.0,2.5927991588191796e-16,3.415554225406734e-16,7.53427700464736e-16,4.955032560919481e-31,-1.0,3.5
52.0055730342865,121.0,81.15384615384616,7.461538461538462,3.4643173171362e14,1.1538461538461537,4.662936703425658e-16,4.955032560919481e-31,1.7763568394002505e-15,-1.0,2.5927991588191796e-16,3.415554225406734e-16,6.144696801231059e-16,4.955032560919481e-31,-1.0,3.5
57.272727966308594,140.0,86.06666666666666,8.866666666666667,1.543894523164216e76,1.4,4.551914400963141e-16,3.6392372229141207e-31,1.1102230246251565e-15,-1.0,2.400464483953169e-16,2.9036013582826734e-16,6.144696801231059e-16,3.6392372229141207e-31,-1.0,3.5
62.41939401626587,159.0,105.06666666666666,8.866666666666667,1.543894523164216e76,1.4,4.551914400963141e-16,3.6392372229141207e-31,1.1102230246251565e-15,-1.0,2.400464483953169e-16,2.9036013582826734e-16,6.144696801231059e-16,3.6392372229141207e-31,-1.0,3.5
67.4892828464508,177.0,106.0625,9.9375,1.4474011154664524e76,1.5,3.275157922644212e-16,2.4559458650826032e-31,1.1102230246251565e-15,-1.0,2.400464483953169e-16,2.9036013582826734e-16,7.53427700464736e-16,2.4559458650826032e-31,-1.0,3.5
72.65356183052063,195.0,124.0625,9.9375,1.4474011154664524e76,1.5,3.275157922644212e-16,2.4559458650826032e-31,1.1102230246251565e-15,-1.0,2.400464483953169e-16,2.9036013582826734e-16,7.53427700464736e-16,2.4559458650826032e-31,-1.0,3.5
77.8768880367279,213.0,142.0625,9.9375,1.4474011154664524e76,1.5,3.275157922644212e-16,2.4559458650826032e-31,1.1102230246251565e-15,-1.0,2.400464483953169e-16,2.9036013582826734e-16,7.53427700464736e-16,2.4559458650826032e-31,-1.0,3.5
82.92517805099487,230.0,161.41666666666666,8.583333333333334,1.0737475506666667e9,1.25,3.275157922644212e-16,2.4559458650826032e-31,1.1102230246251565e-15,-1.0,2.7812812292232584e-16,4.3888347930036435e-16,7.53427700464736e-16,2.4559458650826032e-31,-1.0,3.5
88.14529395103455,248.0,179.41666666666666,8.583333333333334,1.0737475506666667e9,1.25,3.275157922644212e-16,2.4559458650826032e-31,1.1102230246251565e-15,-1.0,2.7812812292232584e-16,4.3888347930036435e-16,7.53427700464736e-16,2.4559458650826032e-31,-1.0,3.5
93.22049188613892,265.0,181.76923076923077,9.23076923076923,9.911516746153846e8,1.3076923076923077,3.275157922644212e-16,2.4559458650826032e-31,1.1102230246251565e-15,-1.0,2.4112172733091284e-16,4.3888347930036435e-16,5.65070775348552e-16,2.4559458650826032e-31,-1.0,3.5
98.27355885505676,282.0,173.26666666666668,10.666666666666666,8.589981983333334e8,1.4666666666666666,3.275157922644212e-16,2.4559458650826032e-31,1.1102230246251565e-15,-1.0,2.4112172733091284e-16,4.1581033078020245e-16,5.65070775348552e-16,2.4559458650826032e-31,-1.0,3.5
103.40026187896729,299.0,190.26666666666668,10.666666666666666,8.589981983333334e8,1.4666666666666666,3.275157922644212e-16,2.4559458650826032e-31,1.1102230246251565e-15,-1.0,2.4112172733091284e-16,4.1581033078020245e-16,5.65070775348552e-16,2.4559458650826032e-31,-1.0,3.5
108.5814380645752,316.0,219.53846153846155,9.076923076923077,1.382840872971012e307,1.3076923076923077,3.275157922644212e-16,2.4559458650826032e-31,8.881784197001252e-16,-1.0,2.4112172733091284e-16,4.1581033078020245e-16,5.65070775348552e-16,2.4559458650826032e-31,-1.0,3.5
113.7317328453064,333.0,219.85714285714286,9.571428571428571,1.2840665249016541e307,1.3571428571428572,2.7755575615628914e-16,1.9351744081202945e-31,8.881784197001252e-16,-1.0,2.4112172733091284e-16,4.1581033078020245e-16,5.65070775348552e-16,1.9351744081202945e-31,-1.0,3.5
118.87448191642761,350.0,236.85714285714286,9.571428571428571,1.2840665249016541e307,1.3571428571428572,2.7755575615628914e-16,1.9351744081202945e-31,8.881784197001252e-16,-1.0,2.4112172733091284e-16,4.1581033078020245e-16,5.65070775348552e-16,1.9351744081202945e-31,-1.0,3.5
123.89233994483948,366.0,236.13333333333333,9.933333333333334,1.1984620899082106e307,1.4,2.7755575615628914e-16,1.9351744081202945e-31,8.881784197001252e-16,-1.0,2.4112172733091284e-16,3.6950016485586477e-16,5.65070775348552e-16,1.9351744081202945e-31,-1.0,3.5
128.96127104759216,382.0,244.8,9.933333333333334,1.1984620899082106e307,1.4,2.7755575615628914e-16,1.9351744081202945e-31,8.881784197001252e-16,-1.0,2.4860987147056954e-16,3.6950016485586477e-16,7.53427700464736e-16,1.9351744081202945e-31,-1.0,3.5
134.04621696472168,398.0,260.8,9.933333333333334,1.1984620899082106e307,1.4,2.7755575615628914e-16,1.9351744081202945e-31,8.881784197001252e-16,-1.0,2.4860987147056954e-16,3.6950016485586477e-16,7.53427700464736e-16,1.9351744081202945e-31,-1.0,3.5
139.13996696472168,414.0,276.8,9.933333333333334,1.1984620899082106e307,1.4,2.7755575615628914e-16,1.9351744081202945e-31,8.881784197001252e-16,-1.0,2.4860987147056954e-16,3.6950016485586477e-16,7.53427700464736e-16,1.9351744081202945e-31,-1.0,3.5
144.28132390975952,430.0,292.8,9.933333333333334,1.1984620899082106e307,1.4,2.7755575615628914e-16,1.9351744081202945e-31,8.881784197001252e-16,-1.0,2.4860987147056954e-16,3.6950016485586477e-16,7.53427700464736e-16,1.9351744081202945e-31,-1.0,3.5
149.56238389015198,446.0,285.0,10.6875,1.1235582092889473e307,1.5625,2.7755575615628914e-16,1.9351744081202945e-31,8.881784197001252e-16,-1.0,2.334371217644788e-16,3.511594769468596e-16,7.53427700464736e-16,1.9351744081202945e-31,-1.0,3.5
154.88183498382568,462.0,283.8235294117647,11.705882352941176,1.0574665499190092e307,1.7647058823529411,2.7755575615628914e-16,1.9351744081202945e-31,8.881784197001252e-16,-1.0,2.334371217644788e-16,3.511594769468596e-16,6.240608098306687e-16,1.9351744081202945e-31,-1.0,3.5
160.14994096755981,478.0,283.27777777777777,12.444444444444445,9.987184082568421e306,1.8888888888888888,2.7755575615628914e-16,1.9351744081202945e-31,8.881784197001252e-16,-1.0,2.334371217644788e-16,3.511594769468596e-16,6.240608098306687e-16,1.9351744081202945e-31,-1.0,3.5
165.1948790550232,493.0,298.27777777777777,12.444444444444445,9.987184082568421e306,1.8888888888888888,2.7755575615628914e-16,1.9351744081202945e-31,8.881784197001252e-16,-1.0,2.334371217644788e-16,3.511594769468596e-16,6.240608098306687e-16,1.9351744081202945e-31,-1.0,3.5
170.22023391723633,508.0,297.3888888888889,12.444444444444445,9.987184082568421e306,1.8888888888888888,2.7755575615628914e-16,1.9351744081202945e-31,8.881784197001252e-16,-1.0,2.334371217644788e-16,3.511594769468596e-16,6.240608098306687e-16,1.9351744081202945e-31,-1.0,3.5
175.24701404571533,523.0,289.77777777777777,11.777777777777779,Inf,1.7777777777777777,2.7755575615628914e-16,1.8488927466117464e-31,8.881784197001252e-16,-1.0,2.0235626869567907e-16,2.4141760703040015e-16,6.144696801231059e-16,1.8488927466117464e-31,-1.0,3.5
180.2616970539093,538.0,289.2631578947368,12.526315789473685,Inf,1.9473684210526316,2.7755575615628914e-16,1.8488927466117464e-31,8.881784197001252e-16,-1.0,2.0235626869567907e-16,2.4141760703040015e-16,6.144696801231059e-16,1.8488927466117464e-31,-1.0,3.5
185.33982586860657,553.0,304.2631578947368,12.526315789473685,Inf,1.9473684210526316,2.7755575615628914e-16,1.8488927466117464e-31,8.881784197001252e-16,-1.0,2.0235626869567907e-16,2.4141760703040015e-16,6.144696801231059e-16,1.8488927466117464e-31,-1.0,3.5
190.5047299861908,568.0,319.2631578947368,12.526315789473685,Inf,1.9473684210526316,2.7755575615628914e-16,1.8488927466117464e-31,8.881784197001252e-16,-1.0,2.0235626869567907e-16,2.4141760703040015e-16,6.144696801231059e-16,1.8488927466117464e-31,-1.0,3.5
195.83122992515564,583.0,324.42105263157896,12.526315789473685,Inf,1.9473684210526316,2.7755575615628914e-16,1.8488927466117464e-31,8.881784197001252e-16,-1.0,2.0235626869567907e-16,2.4141760703040015e-16,6.144696801231059e-16,1.8488927466117464e-31,-1.0,3.5
201.1033890247345,598.0,339.42105263157896,12.526315789473685,Inf,1.9473684210526316,2.7755575615628914e-16,1.8488927466117464e-31,8.881784197001252e-16,-1.0,2.0235626869567907e-16,2.4141760703040015e-16,6.144696801231059e-16,1.8488927466117464e-31,-1.0,3.5
206.43557000160217,613.0,354.42105263157896,12.526315789473685,Inf,1.9473684210526316,2.7755575615628914e-16,1.8488927466117464e-31,8.881784197001252e-16,-1.0,2.0235626869567907e-16,2.4141760703040015e-16,6.144696801231059e-16,1.8488927466117464e-31,-1.0,3.5
211.48120498657227,627.0,379.29411764705884,12.0,Inf,1.8823529411764706,2.7755575615628914e-16,1.8488927466117464e-31,8.881784197001252e-16,-1.0,2.0235626869567907e-16,2.4141760703040015e-16,6.144696801231059e-16,1.8488927466117464e-31,-1.0,3.5
216.54557585716248,641.0,371.8888888888889,12.777777777777779,Inf,2.0,2.7755575615628914e-16,1.8488927466117464e-31,8.881784197001252e-16,-1.0,2.0235626869567907e-16,2.4141760703040015e-16,6.144696801231059e-16,1.8488927466117464e-31,-1.0,3.5
221.6133840084076,655.0,412.0625,11.0625,1.1235582092889473e307,1.625,2.6645352591003756e-16,1.6516775203064935e-31,8.881784197001252e-16,-1.0,2.334371217644788e-16,3.511594769468596e-16,6.144696801231059e-16,1.6516775203064935e-31,-1.0,3.5
226.65303301811218,669.0,401.6470588235294,11.411764705882353,1.0574665499190092e307,1.6470588235294117,2.6645352591003756e-16,1.6516775203064935e-31,8.881784197001252e-16,-1.0,2.334371217644788e-16,3.511594769468596e-16,6.144696801231059e-16,1.6516775203064935e-31,-1.0,3.5
231.8117640018463,683.0,372.8421052631579,12.736842105263158,9.46154281506482e306,1.7894736842105263,2.4424906541753446e-16,1.6516775203064935e-31,8.881784197001252e-16,-1.0,2.0537984951184784e-16,2.6820324021063455e-16,6.144696801231059e-16,1.6516775203064935e-31,-1.0,3.5
236.92467188835144,697.0,367.85,12.9,8.988465674311579e306,1.85,2.4424906541753446e-16,1.6516775203064935e-31,8.881784197001252e-16,-1.0,2.0537984951184784e-16,2.6820324021063455e-16,6.144696801231059e-16,1.6516775203064935e-31,-1.0,3.5
242.13307094573975,711.0,368.65,12.9,8.988465674311579e306,1.85,2.4424906541753446e-16,1.6516775203064935e-31,8.881784197001252e-16,-1.0,2.0537984951184784e-16,2.6820324021063455e-16,6.144696801231059e-16,1.6516775203064935e-31,-1.0,3.5
247.36787390708923,725.0,396.1111111111111,12.38888888888889,7.158299516666666e8,1.7222222222222223,2.4424906541753446e-16,1.6516775203064935e-31,8.881784197001252e-16,-1.0,2.0537984951184784e-16,2.6820324021063455e-16,6.144696801231059e-16,1.6516775203064935e-31,-1.0,3.5
252.5423288345337,739.0,410.1111111111111,12.38888888888889,7.158299516666666e8,1.7222222222222223,2.4424906541753446e-16,1.6516775203064935e-31,8.881784197001252e-16,-1.0,2.0537984951184784e-16,2.6820324021063455e-16,6.144696801231059e-16,1.6516775203064935e-31,-1.0,3.5
257.7105119228363,753.0,401.8421052631579,13.210526315789474,6.781549441052631e8,1.736842105263158,2.0539125955565397e-16,1.1493949908103023e-31,8.881784197001252e-16,-1.0,1.8403819056802216e-16,2.6820324021063455e-16,6.144696801231059e-16,1.1493949908103023e-31,-1.0,3.5
262.8994698524475,767.0,395.3,13.6,6.4424721295e8,1.8,2.0539125955565397e-16,1.1493949908103023e-31,8.881784197001252e-16,-1.0,1.8403819056802216e-16,2.6820324021063455e-16,6.144696801231059e-16,1.1493949908103023e-31,-1.0,3.5
268.16279888153076,781.0,409.3,13.6,6.4424721295e8,1.8,2.0539125955565397e-16,1.1493949908103023e-31,8.881784197001252e-16,-1.0,1.8403819056802216e-16,2.6820324021063455e-16,6.144696801231059e-16,1.1493949908103023e-31,-1.0,3.5
273.5400159358978,795.0,421.85,13.5,6.4424720975e8,1.8,2.0539125955565397e-16,1.1493949908103023e-31,8.881784197001252e-16,-1.0,1.8403819056802216e-16,2.6820324021063455e-16,6.144696801231059e-16,1.1493949908103023e-31,-1.0,3.5
278.54995703697205,808.0,439.2631578947368,13.263157894736842,6.781549800526316e8,1.736842105263158,2.0539125955565397e-16,1.1493949908103023e-31,8.881784197001252e-16,-1.0,1.8403819056802216e-16,2.6820324021063455e-16,3.886567515027082e-16,1.1493949908103023e-31,-1.0,3.5
283.6260869503021,821.0,452.2631578947368,13.263157894736842,6.781549800526316e8,1.736842105263158,2.0539125955565397e-16,1.1493949908103023e-31,8.881784197001252e-16,-1.0,1.8403819056802216e-16,2.6820324021063455e-16,3.886567515027082e-16,1.1493949908103023e-31,-1.0,3.5
288.7047460079193,834.0,421.7142857142857,14.0,6.135688678571428e8,1.8571428571428572,2.0539125955565397e-16,1.1493949908103023e-31,8.881784197001252e-16,-1.0,1.7278792023132468e-16,2.6820324021063455e-16,3.886567515027082e-16,1.1493949908103023e-31,-1.0,3.5
293.7850389480591,847.0,414.95454545454544,14.363636363636363,5.856794839545455e8,1.9090909090909092,2.0539125955565397e-16,1.1493949908103023e-31,8.881784197001252e-16,-1.0,1.7278792023132468e-16,2.451719940894011e-16,3.886567515027082e-16,1.1493949908103023e-31,-1.0,3.5
298.88144302368164,860.0,408.2608695652174,14.608695652173912,5.602155362173913e8,2.0,2.0539125955565397e-16,1.1493949908103023e-31,8.881784197001252e-16,-1.0,1.6740808458043148e-16,2.0110156299097576e-16,3.886567515027082e-16,1.1493949908103023e-31,-1.0,3.5
303.9236249923706,873.0,455.23809523809524,14.0,6.135693272857143e8,1.9047619047619047,2.0539125955565397e-16,1.1493949908103023e-31,8.881784197001252e-16,-1.0,1.647859352740136e-16,2.0110156299097576e-16,3.886567515027082e-16,1.1493949908103023e-31,-1.0,3.5
308.96481800079346,886.0,487.8,13.45,6.4424724055e8,1.8,2.0539125955565397e-16,1.1493949908103023e-31,8.881784197001252e-16,-1.0,1.647859352740136e-16,2.0110156299097576e-16,3.886567515027082e-16,1.1493949908103023e-31,-1.0,3.5
314.00829792022705,899.0,503.94736842105266,12.842105263157896,6.781549529473684e8,1.736842105263158,2.0539125955565397e-16,1.1493949908103023e-31,8.881784197001252e-16,-1.0,1.647859352740136e-16,2.0110156299097576e-16,3.886567515027082e-16,1.1493949908103023e-31,-1.0,3.5
319.39605498313904,913.0,479.2,13.35,6.442458378e8,1.9,2.0539125955565397e-16,1.1493949908103023e-31,8.881784197001252e-16,-1.0,1.226860878578911e-16,1.8954166015964382e-16,3.886567515027082e-16,1.1493949908103023e-31,-1.0,3.5
324.51933789253235,926.0,513.1578947368421,13.0,6.781534769473684e8,1.8421052631578947,2.0539125955565397e-16,1.1493949908103023e-31,8.881784197001252e-16,-1.0,1.226860878578911e-16,1.8954166015964382e-16,4.680456073730015e-16,1.1493949908103023e-31,-1.0,3.5
329.697438955307,939.0,526.1578947368421,13.0,6.781534769473684e8,1.8421052631578947,2.0539125955565397e-16,1.1493949908103023e-31,8.881784197001252e-16,-1.0,1.226860878578911e-16,1.8954166015964382e-16,4.680456073730015e-16,1.1493949908103023e-31,-1.0,3.5
334.81242084503174,952.0,539.1578947368421,13.0,6.781534769473684e8,1.8421052631578947,2.0539125955565397e-16,1.1493949908103023e-31,8.881784197001252e-16,-1.0,1.226860878578911e-16,1.8954166015964382e-16,4.680456073730015e-16,1.1493949908103023e-31,-1.0,3.5
339.9034650325775,965.0,524.95,13.65,6.4424585115e8,1.9,2.0539125955565397e-16,1.1493949908103023e-31,8.881784197001252e-16,-1.0,1.226860878578911e-16,1.8954166015964382e-16,4.680456073730015e-16,1.1493949908103023e-31,-1.0,3.5
345.0240590572357,978.0,497.57142857142856,13.380952380952381,6.135674420476191e8,1.8571428571428572,2.0539125955565397e-16,1.1493949908103023e-31,8.881784197001252e-16,-1.0,1.226860878578911e-16,1.8954166015964382e-16,4.680456073730015e-16,1.1493949908103023e-31,-1.0,3.5
350.08154487609863,991.0,509.42857142857144,13.380952380952381,6.135677986190476e8,1.9047619047619047,2.0539125955565397e-16,1.1493949908103023e-31,8.881784197001252e-16,-1.0,1.226860878578911e-16,1.8954166015964382e-16,4.680456073730015e-16,1.1493949908103023e-31,-1.0,3.5
355.42530584335327,1005.0,523.4285714285714,13.380952380952381,6.135677986190476e8,1.9047619047619047,2.0539125955565397e-16,1.1493949908103023e-31,8.881784197001252e-16,-1.0,1.226860878578911e-16,1.8954166015964382e-16,4.680456073730015e-16,1.1493949908103023e-31,-1.0,3.5
360.738657951355,1019.0,582.8421052631579,12.157894736842104,6.799745866315789e8,1.736842105263158,1.4432899320127036e-16,5.300159206953673e-32,4.440892098500626e-16,-1.0,1.226860878578911e-16,1.8954166015964382e-16,4.680456073730015e-16,5.300159206953673e-32,-1.0,3.5
366.0474989414215,1033.0,610.625,10.125,8.0747770725e8,1.5,1.2212453270876723e-16,5.300159206953673e-32,4.440892098500626e-16,-1.0,1.5941772411459593e-16,2.3296998802689235e-16,6.144696801231059e-16,5.300159206953673e-32,-1.0,3.5
371.09839487075806,1046.0,621.6875,10.0625,8.0531554725e8,1.5,1.1657341758564144e-16,4.344897954537604e-32,4.440892098500626e-16,-1.0,1.5941772411459593e-16,2.3296998802689235e-16,6.144696801231059e-16,4.344897954537604e-32,-1.0,3.5
376.10216903686523,1059.0,634.6875,10.0625,8.0531554725e8,1.5,1.1657341758564144e-16,4.344897954537604e-32,4.440892098500626e-16,-1.0,1.5941772411459593e-16,2.3296998802689235e-16,6.144696801231059e-16,4.344897954537604e-32,-1.0,3.5
381.39707589149475,1073.0,645.9375,10.0,8.0534089125e8,1.4375,1.1657341758564144e-16,4.344897954537604e-32,4.440892098500626e-16,-1.0,1.54561067578851e-16,2.6641086631172646e-16,5.65070775348552e-16,4.344897954537604e-32,-1.0,3.5
386.64222383499146,1087.0,657.0,9.875,8.0534079225e8,1.4375,1.1657341758564144e-16,4.344897954537604e-32,4.440892098500626e-16,-1.0,1.54561067578851e-16,2.6641086631172646e-16,5.65070775348552e-16,4.344897954537604e-32,-1.0,3.5
391.8430919647217,1101.0,671.0,9.875,8.0534079225e8,1.4375,1.1657341758564144e-16,4.344897954537604e-32,4.440892098500626e-16,-1.0,1.54561067578851e-16,2.6641086631172646e-16,5.65070775348552e-16,4.344897954537604e-32,-1.0,3.5
396.97672390937805,1115.0,682.3125,9.6875,8.053070415e8,1.4375,1.1657341758564144e-16,4.344897954537604e-32,4.440892098500626e-16,-1.0,1.3407874490808082e-16,1.860054826560022e-16,5.65070775348552e-16,4.344897954537604e-32,-1.0,3.5
402.242742061615,1129.0,696.3125,9.6875,8.053070415e8,1.4375,1.1657341758564144e-16,4.344897954537604e-32,4.440892098500626e-16,-1.0,1.3407874490808082e-16,1.860054826560022e-16,5.65070775348552e-16,4.344897954537604e-32,-1.0,3.5
407.48752784729004,1143.0,663.4705882352941,10.882352941176471,7.89533668117647e8,1.588235294117647,8.881784197001253e-17,2.7117093616972283e-32,4.440892098500626e-16,-1.0,1.3407874490808082e-16,1.860054826560022e-16,5.18209002003611e-16,2.7117093616972283e-32,-1.0,3.5
412.67782402038574,1157.0,656.7647058823529,10.882352941176471,7.89533668117647e8,1.588235294117647,8.881784197001253e-17,2.7117093616972283e-32,4.440892098500626e-16,-1.0,1.3407874490808082e-16,1.860054826560022e-16,5.18209002003611e-16,2.7117093616972283e-32,-1.0,3.5
417.91133999824524,1171.0,670.7647058823529,10.882352941176471,7.89533668117647e8,1.588235294117647,8.881784197001253e-17,2.7117093616972283e-32,4.440892098500626e-16,-1.0,1.3407874490808082e-16,1.860054826560022e-16,5.18209002003611e-16,2.7117093616972283e-32,-1.0,3.5
423.17739701271057,1185.0,580.3,13.25,5.7337818484e10,2.0,5.551115123125783e-17,8.628166150854816e-33,2.220446049250313e-16,-1.0,9.050274653405733e-17,9.698309370623778e-17,3.1203040491533436e-16,8.628166150854816e-33,-1.0,3.5
428.44974303245544,1199.0,656.6111111111111,11.38888888888889,7.158371884444444e8,1.7222222222222223,4.9960036108132046e-17,7.703719777548943e-33,2.220446049250313e-16,-1.0,7.757166737322561e-17,1.2949188577775632e-16,3.1203040491533436e-16,7.703719777548943e-33,-1.0,3.5
433.71359491348267,1213.0,635.6842105263158,12.105263157894736,6.781633481052631e8,1.8421052631578947,4.9960036108132046e-17,7.703719777548943e-33,2.220446049250313e-16,-1.0,7.757166737322561e-17,1.2949188577775632e-16,3.1203040491533436e-16,7.703719777548943e-33,-1.0,3.5
438.9611999988556,1227.0,649.6842105263158,12.105263157894736,6.781633481052631e8,1.8421052631578947,4.9960036108132046e-17,7.703719777548943e-33,2.220446049250313e-16,-1.0,7.757166737322561e-17,1.2949188577775632e-16,3.1203040491533436e-16,7.703719777548943e-33,-1.0,3.5
444.3099420070648,1241.0,663.6842105263158,12.105263157894736,6.781633481052631e8,1.8421052631578947,4.9960036108132046e-17,7.703719777548943e-33,2.220446049250313e-16,-1.0,7.757166737322561e-17,1.2949188577775632e-16,3.1203040491533436e-16,7.703719777548943e-33,-1.0,3.5
449.5884668827057,1255.0,670.578947368421,12.105263157894736,6.781633872631578e8,1.8421052631578947,4.9960036108132046e-17,7.703719777548943e-33,2.220446049250313e-16,-1.0,7.757166737322561e-17,1.2949188577775632e-16,3.1203040491533436e-16,7.703719777548943e-33,-1.0,3.5
454.7982769012451,1269.0,684.578947368421,12.105263157894736,6.781633872631578e8,1.8421052631578947,4.9960036108132046e-17,7.703719777548943e-33,2.220446049250313e-16,-1.0,7.757166737322561e-17,1.2949188577775632e-16,3.1203040491533436e-16,7.703719777548943e-33,-1.0,3.5
460.01770305633545,1283.0,694.6842105263158,12.052631578947368,6.781625032631578e8,1.8421052631578947,4.9960036108132046e-17,7.703719777548943e-33,2.220446049250313e-16,-1.0,7.757166737322561e-17,1.2949188577775632e-16,3.1203040491533436e-16,7.703719777548943e-33,-1.0,3.5
465.28455996513367,1297.0,708.6842105263158,12.052631578947368,6.781625032631578e8,1.8421052631578947,4.9960036108132046e-17,7.703719777548943e-33,2.220446049250313e-16,-1.0,7.757166737322561e-17,1.2949188577775632e-16,3.1203040491533436e-16,7.703719777548943e-33,-1.0,3.5
470.6201379299164,1311.0,722.6842105263158,12.052631578947368,6.781625032631578e8,1.8421052631578947,4.9960036108132046e-17,7.703719777548943e-33,2.220446049250313e-16,-1.0,7.757166737322561e-17,1.2949188577775632e-16,3.1203040491533436e-16,7.703719777548943e-33,-1.0,3.5
475.6327340602875,1324.0,735.6842105263158,12.052631578947368,6.781625032631578e8,1.8421052631578947,4.9960036108132046e-17,7.703719777548943e-33,2.220446049250313e-16,-1.0,7.757166737322561e-17,1.2949188577775632e-16,3.1203040491533436e-16,7.703719777548943e-33,-1.0,3.5
480.69540905952454,1337.0,779.9444444444445,11.277777777777779,7.158367742222222e8,1.7222222222222223,4.9960036108132046e-17,7.703719777548943e-33,2.220446049250313e-16,-1.0,7.757166737322561e-17,1.2949188577775632e-16,3.1203040491533436e-16,7.703719777548943e-33,-1.0,3.5
485.73119497299194,1350.0,792.9444444444445,11.277777777777779,7.158367742222222e8,1.7222222222222223,4.9960036108132046e-17,7.703719777548943e-33,2.220446049250313e-16,-1.0,7.757166737322561e-17,1.2949188577775632e-16,3.1203040491533436e-16,7.703719777548943e-33,-1.0,3.5
490.7629499435425,1363.0,805.9444444444445,11.277777777777779,7.158367742222222e8,1.7222222222222223,4.9960036108132046e-17,7.703719777548943e-33,2.220446049250313e-16,-1.0,7.757166737322561e-17,1.2949188577775632e-16,3.1203040491533436e-16,7.703719777548943e-33,-1.0,3.5
496.124794960022,1377.0,819.9444444444445,11.277777777777779,7.158367742222222e8,1.7222222222222223,4.9960036108132046e-17,7.703719777548943e-33,2.220446049250313e-16,-1.0,7.757166737322561e-17,1.2949188577775632e-16,3.1203040491533436e-16,7.703719777548943e-33,-1.0,3.5
501.1282558441162,1390.0,829.3888888888889,11.277777777777779,7.158361164444444e8,1.7222222222222223,4.4408920985006264e-17,7.395570986446985e-33,2.220446049250313e-16,-1.0,7.754752148396704e-17,1.5361742003077649e-16,3.1203040491533436e-16,7.395570986446985e-33,-1.0,3.5
506.1731948852539,1403.0,798.578947368421,11.894736842105264,6.781607072631578e8,1.8421052631578947,4.4408920985006264e-17,7.395570986446985e-33,2.220446049250313e-16,-1.0,7.754752148396704e-17,1.5361742003077649e-16,3.1203040491533436e-16,7.395570986446985e-33,-1.0,3.5
511.20902490615845,1416.0,811.578947368421,11.894736842105264,6.781607072631578e8,1.8421052631578947,4.4408920985006264e-17,7.395570986446985e-33,2.220446049250313e-16,-1.0,7.754752148396704e-17,1.5361742003077649e-16,3.1203040491533436e-16,7.395570986446985e-33,-1.0,3.5
516.3209400177002,1429.0,823.0526315789474,11.894736842105264,6.781606032631578e8,1.8421052631578947,4.4408920985006264e-17,7.395570986446985e-33,2.220446049250313e-16,-1.0,7.754752148396704e-17,1.5361742003077649e-16,3.1203040491533436e-16,7.395570986446985e-33,-1.0,3.5
521.4230470657349,1442.0,836.0526315789474,11.894736842105264,6.781606032631578e8,1.8421052631578947,4.4408920985006264e-17,7.395570986446985e-33,2.220446049250313e-16,-1.0,7.754752148396704e-17,1.5361742003077649e-16,3.1203040491533436e-16,7.395570986446985e-33,-1.0,3.5
526.5942389965057,1455.0,957.9375,9.875,8.053067055e8,1.5,4.4408920985006264e-17,7.395570986446985e-33,2.220446049250313e-16,-1.0,7.754752148396704e-17,1.5361742003077649e-16,3.1203040491533436e-16,7.395570986446985e-33,-1.0,3.5
531.8943729400635,1468.0,970.9375,9.875,8.053067055e8,1.5,4.4408920985006264e-17,7.395570986446985e-33,2.220446049250313e-16,-1.0,7.754752148396704e-17,1.5361742003077649e-16,3.1203040491533436e-16,7.395570986446985e-33,-1.0,3.5
537.1010358333588,1481.0,983.9375,9.875,8.053067055e8,1.5,4.4408920985006264e-17,7.395570986446985e-33,2.220446049250313e-16,-1.0,7.754752148396704e-17,1.5361742003077649e-16,3.1203040491533436e-16,7.395570986446985e-33,-1.0,3.5
542.3835978507996,1494.0,938.7058823529412,10.941176470588236,7.579361008235294e8,1.7058823529411764,4.4408920985006264e-17,7.395570986446985e-33,2.220446049250313e-16,-1.0,7.754752148396704e-17,1.5361742003077649e-16,3.1203040491533436e-16,7.395570986446985e-33,-1.0,3.5
547.7106008529663,1507.0,897.7777777777778,11.666666666666666,7.158286753333334e8,1.8333333333333333,3.8857805861880476e-17,6.471124613141113e-33,2.220446049250313e-16,-1.0,6.461644232313534e-17,9.698309370623778e-17,3.1203040491533436e-16,6.471124613141113e-33,-1.0,3.5
552.989490032196,1520.0,910.7777777777778,11.666666666666666,7.158286753333334e8,1.8333333333333333,3.8857805861880476e-17,6.471124613141113e-33,2.220446049250313e-16,-1.0,6.461644232313534e-17,9.698309370623778e-17,3.1203040491533436e-16,6.471124613141113e-33,-1.0,3.5
558.2893769741058,1533.0,923.7777777777778,11.666666666666666,7.158286753333334e8,1.8333333333333333,3.8857805861880476e-17,6.471124613141113e-33,2.220446049250313e-16,-1.0,6.461644232313534e-17,9.698309370623778e-17,3.1203040491533436e-16,6.471124613141113e-33,-1.0,3.5
563.6327269077301,1546.0,910.9444444444445,11.61111111111111,7.160907886666666e8,1.7777777777777777,3.8857805861880476e-17,6.471124613141113e-33,2.220446049250313e-16,-1.0,6.461644232313534e-17,9.698309370623778e-17,3.1203040491533436e-16,6.471124613141113e-33,-1.0,3.5
568.9818120002747,1559.0,923.9444444444445,11.61111111111111,7.160907886666666e8,1.7777777777777777,3.8857805861880476e-17,6.471124613141113e-33,2.220446049250313e-16,-1.0,6.461644232313534e-17,9.698309370623778e-17,3.1203040491533436e-16,6.471124613141113e-33,-1.0,3.5
574.255667924881,1572.0,936.9444444444445,11.61111111111111,7.160907886666666e8,1.7777777777777777,3.8857805861880476e-17,6.471124613141113e-33,2.220446049250313e-16,-1.0,6.461644232313534e-17,9.698309370623778e-17,3.1203040491533436e-16,6.471124613141113e-33,-1.0,3.5
579.6108210086823,1585.0,949.9444444444445,11.61111111111111,7.160907886666666e8,1.7777777777777777,3.8857805861880476e-17,6.471124613141113e-33,2.220446049250313e-16,-1.0,6.461644232313534e-17,9.698309370623778e-17,3.1203040491533436e-16,6.471124613141113e-33,-1.0,3.5
584.6632239818573,1597.0,961.9444444444445,11.61111111111111,7.160907886666666e8,1.7777777777777777,3.8857805861880476e-17,6.471124613141113e-33,2.220446049250313e-16,-1.0,6.461644232313534e-17,9.698309370623778e-17,3.1203040491533436e-16,6.471124613141113e-33,-1.0,3.5
589.7407629489899,1609.0,973.9444444444445,11.61111111111111,7.160907886666666e8,1.7777777777777777,3.8857805861880476e-17,6.471124613141113e-33,2.220446049250313e-16,-1.0,6.461644232313534e-17,9.698309370623778e-17,3.1203040491533436e-16,6.471124613141113e-33,-1.0,3.5
595.081967830658,1622.0,986.9444444444445,11.61111111111111,7.160907886666666e8,1.7777777777777777,3.8857805861880476e-17,6.471124613141113e-33,2.220446049250313e-16,-1.0,6.461644232313534e-17,9.698309370623778e-17,3.1203040491533436e-16,6.471124613141113e-33,-1.0,3.5
600.1682109832764,1634.0,998.9444444444445,11.61111111111111,7.160907886666666e8,1.7777777777777777,3.8857805861880476e-17,6.471124613141113e-33,2.220446049250313e-16,-1.0,6.461644232313534e-17,9.698309370623778e-17,3.1203040491533436e-16,6.471124613141113e-33,-1.0,3.5
605.2341220378876,1646.0,1010.9444444444445,11.61111111111111,7.160907886666666e8,1.7777777777777777,3.8857805861880476e-17,6.471124613141113e-33,2.220446049250313e-16,-1.0,6.461644232313534e-17,9.698309370623778e-17,3.1203040491533436e-16,6.471124613141113e-33,-1.0,3.5
610.5784299373627,1659.0,1023.9444444444445,11.61111111111111,7.160907886666666e8,1.7777777777777777,3.8857805861880476e-17,6.471124613141113e-33,2.220446049250313e-16,-1.0,6.461644232313534e-17,9.698309370623778e-17,3.1203040491533436e-16,6.471124613141113e-33,-1.0,3.5
615.6591169834137,1671.0,1035.9444444444443,11.61111111111111,7.160907886666666e8,1.7777777777777777,3.8857805861880476e-17,6.471124613141113e-33,2.220446049250313e-16,-1.0,6.461644232313534e-17,9.698309370623778e-17,3.1203040491533436e-16,6.471124613141113e-33,-1.0,3.5
620.7794890403748,1683.0,1047.9444444444443,11.61111111111111,7.160907886666666e8,1.7777777777777777,3.8857805861880476e-17,6.471124613141113e-33,2.220446049250313e-16,-1.0,6.461644232313534e-17,9.698309370623778e-17,3.1203040491533436e-16,6.471124613141113e-33,-1.0,3.5
625.8226208686829,1695.0,1004.4736842105264,12.578947368421053,6.78409838e8,1.894736842105263,3.8857805861880476e-17,4.930380657631324e-33,1.1102230246251565e-16,-1.0,6.461644232313534e-17,9.698309370623778e-17,2.586215832166341e-16,4.930380657631324e-33,-1.0,3.5
630.8355128765106,1707.0,1016.4736842105264,12.578947368421053,6.78409838e8,1.894736842105263,3.8857805861880476e-17,4.930380657631324e-33,1.1102230246251565e-16,-1.0,6.461644232313534e-17,9.698309370623778e-17,2.586215832166341e-16,4.930380657631324e-33,-1.0,3.5
635.886157989502,1719.0,1028.4736842105262,12.578947368421053,6.78409838e8,1.894736842105263,3.8857805861880476e-17,4.930380657631324e-33,1.1102230246251565e-16,-1.0,6.461644232313534e-17,9.698309370623778e-17,2.586215832166341e-16,4.930380657631324e-33,-1.0,3.5
641.2687559127808,1732.0,1041.4736842105262,12.578947368421053,6.78409838e8,1.894736842105263,3.8857805861880476e-17,4.930380657631324e-33,1.1102230246251565e-16,-1.0,6.461644232313534e-17,9.698309370623778e-17,2.586215832166341e-16,4.930380657631324e-33,-1.0,3.5
646.3179268836975,1744.0,1053.4736842105262,12.578947368421053,6.78409838e8,1.894736842105263,3.8857805861880476e-17,4.930380657631324e-33,1.1102230246251565e-16,-1.0,6.461644232313534e-17,9.698309370623778e-17,2.586215832166341e-16,4.930380657631324e-33,-1.0,3.5
651.3625528812408,1756.0,1065.4736842105262,12.578947368421053,6.78409838e8,1.894736842105263,3.8857805861880476e-17,4.930380657631324e-33,1.1102230246251565e-16,-1.0,6.461644232313534e-17,9.698309370623778e-17,2.586215832166341e-16,4.930380657631324e-33,-1.0,3.5
656.4813418388367,1768.0,1077.4736842105262,12.578947368421053,6.78409838e8,1.894736842105263,3.8857805861880476e-17,4.930380657631324e-33,1.1102230246251565e-16,-1.0,6.461644232313534e-17,9.698309370623778e-17,2.586215832166341e-16,4.930380657631324e-33,-1.0,3.5
661.7536249160767,1780.0,1089.4736842105262,12.578947368421053,6.78409838e8,1.894736842105263,3.8857805861880476e-17,4.930380657631324e-33,1.1102230246251565e-16,-1.0,6.461644232313534e-17,9.698309370623778e-17,2.586215832166341e-16,4.930380657631324e-33,-1.0,3.5
666.9532358646393,1792.0,1101.4736842105262,12.578947368421053,6.78409838e8,1.894736842105263,3.8857805861880476e-17,4.930380657631324e-33,1.1102230246251565e-16,-1.0,6.461644232313534e-17,9.698309370623778e-17,2.586215832166341e-16,4.930380657631324e-33,-1.0,3.5
672.086963891983,1804.0,1113.4736842105262,12.578947368421053,6.78409838e8,1.894736842105263,3.8857805861880476e-17,4.930380657631324e-33,1.1102230246251565e-16,-1.0,6.461644232313534e-17,9.698309370623778e-17,2.586215832166341e-16,4.930380657631324e-33,-1.0,3.5
677.2020568847656,1816.0,1125.4736842105262,12.578947368421053,6.78409838e8,1.894736842105263,3.8857805861880476e-17,4.930380657631324e-33,1.1102230246251565e-16,-1.0,6.461644232313534e-17,9.698309370623778e-17,2.586215832166341e-16,4.930380657631324e-33,-1.0,3.5
682.2940380573273,1828.0,1137.4736842105262,12.578947368421053,6.78409838e8,1.894736842105263,3.8857805861880476e-17,4.930380657631324e-33,1.1102230246251565e-16,-1.0,6.461644232313534e-17,9.698309370623778e-17,2.586215832166341e-16,4.930380657631324e-33,-1.0,3.5
687.5158500671387,1840.0,1149.4736842105262,12.578947368421053,6.78409838e8,1.894736842105263,3.8857805861880476e-17,4.930380657631324e-33,1.1102230246251565e-16,-1.0,6.461644232313534e-17,9.698309370623778e-17,2.586215832166341e-16,4.930380657631324e-33,-1.0,3.5
692.7087860107422,1852.0,1161.4736842105262,12.578947368421053,6.78409838e8,1.894736842105263,3.8857805861880476e-17,4.930380657631324e-33,1.1102230246251565e-16,-1.0,6.461644232313534e-17,9.698309370623778e-17,2.586215832166341e-16,4.930380657631324e-33,-1.0,3.5
697.8327028751373,1864.0,1173.4736842105262,12.578947368421053,6.78409838e8,1.894736842105263,3.8857805861880476e-17,4.930380657631324e-33,1.1102230246251565e-16,-1.0,6.461644232313534e-17,9.698309370623778e-17,2.586215832166341e-16,4.930380657631324e-33,-1.0,3.5
702.9055659770966,1876.0,1166.5263157894738,12.526315789473685,6.784098337894737e8,1.8421052631578947,3.8857805861880476e-17,4.930380657631324e-33,1.1102230246251565e-16,-1.0,6.461644232313534e-17,9.698309370623778e-17,2.586215832166341e-16,4.930380657631324e-33,-1.0,3.5
708.0923500061035,1888.0,1178.5263157894738,12.526315789473685,6.784098337894737e8,1.8421052631578947,3.8857805861880476e-17,4.930380657631324e-33,1.1102230246251565e-16,-1.0,6.461644232313534e-17,9.698309370623778e-17,2.586215832166341e-16,4.930380657631324e-33,-1.0,3.5
713.2585599422455,1900.0,1190.5263157894738,12.526315789473685,6.784098337894737e8,1.8421052631578947,3.8857805861880476e-17,4.930380657631324e-33,1.1102230246251565e-16,-1.0,6.461644232313534e-17,9.698309370623778e-17,2.586215832166341e-16,4.930380657631324e-33,-1.0,3.5
718.3830759525299,1912.0,1191.2631578947369,12.473684210526315,6.784038110526316e8,1.8421052631578947,3.8857805861880476e-17,4.930380657631324e-33,1.1102230246251565e-16,-1.0,6.461644232313534e-17,9.698309370623778e-17,2.586215832166341e-16,4.930380657631324e-33,-1.0,3.5
723.5340280532837,1924.0,1203.2631578947369,12.473684210526315,6.784038110526316e8,1.8421052631578947,3.8857805861880476e-17,4.930380657631324e-33,1.1102230246251565e-16,-1.0,6.461644232313534e-17,9.698309370623778e-17,2.586215832166341e-16,4.930380657631324e-33,-1.0,3.5
728.7481398582458,1936.0,1215.2631578947369,12.473684210526315,6.784038110526316e8,1.8421052631578947,3.8857805861880476e-17,4.930380657631324e-33,1.1102230246251565e-16,-1.0,6.461644232313534e-17,9.698309370623778e-17,2.586215832166341e-16,4.930380657631324e-33,-1.0,3.5
733.804004907608,1948.0,1227.2631578947369,12.473684210526315,6.784038110526316e8,1.8421052631578947,3.8857805861880476e-17,4.930380657631324e-33,1.1102230246251565e-16,-1.0,6.461644232313534e-17,9.698309370623778e-17,2.586215832166341e-16,4.930380657631324e-33,-1.0,3.5
739.0417740345001,1960.0,1239.2631578947369,12.473684210526315,6.784038110526316e8,1.8421052631578947,3.8857805861880476e-17,4.930380657631324e-33,1.1102230246251565e-16,-1.0,6.461644232313534e-17,9.698309370623778e-17,2.586215832166341e-16,4.930380657631324e-33,-1.0,3.5
744.1816170215607,1972.0,1251.2631578947369,12.473684210526315,6.784038110526316e8,1.8421052631578947,3.8857805861880476e-17,4.930380657631324e-33,1.1102230246251565e-16,-1.0,6.461644232313534e-17,9.698309370623778e-17,2.586215832166341e-16,4.930380657631324e-33,-1.0,3.5
749.3834729194641,1984.0,1263.2631578947369,12.473684210526315,6.784038110526316e8,1.8421052631578947,3.8857805861880476e-17,4.930380657631324e-33,1.1102230246251565e-16,-1.0,6.461644232313534e-17,9.698309370623778e-17,2.586215832166341e-16,4.930380657631324e-33,-1.0,3.5
754.6058599948883,1996.0,1275.2631578947369,12.473684210526315,6.784038110526316e8,1.8421052631578947,3.8857805861880476e-17,4.930380657631324e-33,1.1102230246251565e-16,-1.0,6.461644232313534e-17,9.698309370623778e-17,2.586215832166341e-16,4.930380657631324e-33,-1.0,3.5
759.694972038269,2008.0,1287.2631578947369,12.473684210526315,6.784038110526316e8,1.8421052631578947,3.8857805861880476e-17,4.930380657631324e-33,1.1102230246251565e-16,-1.0,6.461644232313534e-17,9.698309370623778e-17,2.586215832166341e-16,4.930380657631324e-33,-1.0,3.5
764.8789730072021,2020.0,1299.2631578947369,12.473684210526315,6.784038110526316e8,1.8421052631578947,3.8857805861880476e-17,4.930380657631324e-33,1.1102230246251565e-16,-1.0,6.461644232313534e-17,9.698309370623778e-17,2.586215832166341e-16,4.930380657631324e-33,-1.0,3.5
770.1059670448303,2032.0,1311.2631578947369,12.473684210526315,6.784038110526316e8,1.8421052631578947,3.8857805861880476e-17,4.930380657631324e-33,1.1102230246251565e-16,-1.0,6.461644232313534e-17,9.698309370623778e-17,2.586215832166341e-16,4.930380657631324e-33,-1.0,3.5
775.2435078620911,2044.0,1323.2631578947369,12.473684210526315,6.784038110526316e8,1.8421052631578947,3.8857805861880476e-17,4.930380657631324e-33,1.1102230246251565e-16,-1.0,6.461644232313534e-17,9.698309370623778e-17,2.586215832166341e-16,4.930380657631324e-33,-1.0,3.5
780.3937430381775,2056.0,1335.2631578947369,12.473684210526315,6.784038110526316e8,1.8421052631578947,3.8857805861880476e-17,4.930380657631324e-33,1.1102230246251565e-16,-1.0,6.461644232313534e-17,9.698309370623778e-17,2.586215832166341e-16,4.930380657631324e-33,-1.0,3.5
785.6801438331604,2068.0,1337.1052631578948,12.368421052631579,6.784036721052631e8,1.8421052631578947,3.8857805861880476e-17,4.930380657631324e-33,1.1102230246251565e-16,-1.0,6.461644232313534e-17,9.698309370623778e-17,2.586215832166341e-16,4.930380657631324e-33,-1.0,3.5
790.7745628356934,2080.0,1349.1052631578948,12.368421052631579,6.784036721052631e8,1.8421052631578947,3.8857805861880476e-17,4.930380657631324e-33,1.1102230246251565e-16,-1.0,6.461644232313534e-17,9.698309370623778e-17,2.586215832166341e-16,4.930380657631324e-33,-1.0,3.5
795.8774719238281,2092.0,1361.1052631578948,12.368421052631579,6.784036721052631e8,1.8421052631578947,3.8857805861880476e-17,4.930380657631324e-33,1.1102230246251565e-16,-1.0,6.461644232313534e-17,9.698309370623778e-17,2.586215832166341e-16,4.930380657631324e-33,-1.0,3.5
801.0117118358612,2104.0,1373.1052631578948,12.368421052631579,6.784036721052631e8,1.8421052631578947,3.8857805861880476e-17,4.930380657631324e-33,1.1102230246251565e-16,-1.0,6.461644232313534e-17,9.698309370623778e-17,2.586215832166341e-16,4.930380657631324e-33,-1.0,3.5
806.1368029117584,2116.0,1385.1052631578948,12.368421052631579,6.784036721052631e8,1.8421052631578947,3.8857805861880476e-17,4.930380657631324e-33,1.1102230246251565e-16,-1.0,6.461644232313534e-17,9.698309370623778e-17,2.586215832166341e-16,4.930380657631324e-33,-1.0,3.5
811.3252599239349,2128.0,1397.1052631578948,12.368421052631579,6.784036721052631e8,1.8421052631578947,3.8857805861880476e-17,4.930380657631324e-33,1.1102230246251565e-16,-1.0,6.461644232313534e-17,9.698309370623778e-17,2.586215832166341e-16,4.930380657631324e-33,-1.0,3.5
816.4056270122528,2140.0,1409.1052631578948,12.368421052631579,6.784036721052631e8,1.8421052631578947,3.8857805861880476e-17,4.930380657631324e-33,1.1102230246251565e-16,-1.0,6.461644232313534e-17,9.698309370623778e-17,2.586215832166341e-16,4.930380657631324e-33,-1.0,3.5
821.5643298625946,2152.0,1421.1052631578948,12.368421052631579,6.784036721052631e8,1.8421052631578947,3.8857805861880476e-17,4.930380657631324e-33,1.1102230246251565e-16,-1.0,6.461644232313534e-17,9.698309370623778e-17,2.586215832166341e-16,4.930380657631324e-33,-1.0,3.5
826.6920430660248,2164.0,1433.1052631578948,12.368421052631579,6.784036721052631e8,1.8421052631578947,3.8857805861880476e-17,4.930380657631324e-33,1.1102230246251565e-16,-1.0,6.461644232313534e-17,9.698309370623778e-17,2.586215832166341e-16,4.930380657631324e-33,-1.0,3.5
831.8358838558197,2176.0,1445.1052631578948,12.368421052631579,6.784036721052631e8,1.8421052631578947,3.8857805861880476e-17,4.930380657631324e-33,1.1102230246251565e-16,-1.0,6.461644232313534e-17,9.698309370623778e-17,2.586215832166341e-16,4.930380657631324e-33,-1.0,3.5
836.9705338478088,2188.0,1457.1052631578948,12.368421052631579,6.784036721052631e8,1.8421052631578947,3.8857805861880476e-17,4.930380657631324e-33,1.1102230246251565e-16,-1.0,6.461644232313534e-17,9.698309370623778e-17,2.586215832166341e-16,4.930380657631324e-33,-1.0,3.5
842.2331478595734,2200.0,1469.1052631578948,12.368421052631579,6.784036721052631e8,1.8421052631578947,3.8857805861880476e-17,4.930380657631324e-33,1.1102230246251565e-16,-1.0,6.461644232313534e-17,9.698309370623778e-17,2.586215832166341e-16,4.930380657631324e-33,-1.0,3.5
847.4929368495941,2212.0,1481.1052631578948,12.368421052631579,6.784036721052631e8,1.8421052631578947,3.8857805861880476e-17,4.930380657631324e-33,1.1102230246251565e-16,-1.0,6.461644232313534e-17,9.698309370623778e-17,2.586215832166341e-16,4.930380657631324e-33,-1.0,3.5
852.6412148475647,2224.0,1493.1052631578948,12.368421052631579,6.784036721052631e8,1.8421052631578947,3.8857805861880476e-17,4.930380657631324e-33,1.1102230246251565e-16,-1.0,6.461644232313534e-17,9.698309370623778e-17,2.586215832166341e-16,4.930380657631324e-33,-1.0,3.5
857.7769348621368,2236.0,1505.1052631578948,12.368421052631579,6.784036721052631e8,1.8421052631578947,3.8857805861880476e-17,4.930380657631324e-33,1.1102230246251565e-16,-1.0,6.461644232313534e-17,9.698309370623778e-17,2.586215832166341e-16,4.930380657631324e-33,-1.0,3.5
862.9310100078583,2248.0,1517.1052631578948,12.368421052631579,6.784036721052631e8,1.8421052631578947,3.8857805861880476e-17,4.930380657631324e-33,1.1102230246251565e-16,-1.0,6.461644232313534e-17,9.698309370623778e-17,2.586215832166341e-16,4.930380657631324e-33,-1.0,3.5
868.190477848053,2260.0,1529.1052631578948,12.368421052631579,6.784036721052631e8,1.8421052631578947,3.8857805861880476e-17,4.930380657631324e-33,1.1102230246251565e-16,-1.0,6.461644232313534e-17,9.698309370623778e-17,2.586215832166341e-16,4.930380657631324e-33,-1.0,3.5
873.3192338943481,2272.0,1541.1052631578948,12.368421052631579,6.784036721052631e8,1.8421052631578947,3.8857805861880476e-17,4.930380657631324e-33,1.1102230246251565e-16,-1.0,6.461644232313534e-17,9.698309370623778e-17,2.586215832166341e-16,4.930380657631324e-33,-1.0,3.5
878.6119229793549,2284.0,1553.1052631578948,12.368421052631579,6.784036721052631e8,1.8421052631578947,3.8857805861880476e-17,4.930380657631324e-33,1.1102230246251565e-16,-1.0,6.461644232313534e-17,9.698309370623778e-17,2.586215832166341e-16,4.930380657631324e-33,-1.0,3.5
883.9738068580627,2296.0,1487.15,12.65,6.444835166e8,1.9,3.8857805861880476e-17,4.930380657631324e-33,1.1102230246251565e-16,-1.0,6.461644232313534e-17,9.698309370623778e-17,2.586215832166341e-16,4.930380657631324e-33,-1.0,3.5
889.2915499210358,2308.0,1499.15,12.65,6.444835166e8,1.9,3.8857805861880476e-17,4.930380657631324e-33,1.1102230246251565e-16,-1.0,6.461644232313534e-17,9.698309370623778e-17,2.586215832166341e-16,4.930380657631324e-33,-1.0,3.5
894.5860819816589,2320.0,1511.15,12.65,6.444835166e8,1.9,3.8857805861880476e-17,4.930380657631324e-33,1.1102230246251565e-16,-1.0,6.461644232313534e-17,9.698309370623778e-17,2.586215832166341e-16,4.930380657631324e-33,-1.0,3.5
899.8399319648743,2332.0,1523.15,12.65,6.444835166e8,1.9,3.8857805861880476e-17,4.930380657631324e-33,1.1102230246251565e-16,-1.0,6.461644232313534e-17,9.698309370623778e-17,2.586215832166341e-16,4.930380657631324e-33,-1.0,3.5
904.9494109153748,2344.0,1535.15,12.65,6.444835166e8,1.9,3.8857805861880476e-17,4.930380657631324e-33,1.1102230246251565e-16,-1.0,6.461644232313534e-17,9.698309370623778e-17,2.586215832166341e-16,4.930380657631324e-33,-1.0,3.5
910.1528830528259,2356.0,1547.15,12.65,6.444835166e8,1.9,3.8857805861880476e-17,4.930380657631324e-33,1.1102230246251565e-16,-1.0,6.461644232313534e-17,9.698309370623778e-17,2.586215832166341e-16,4.930380657631324e-33,-1.0,3.5
915.3485260009766,2368.0,1559.15,12.65,6.444835166e8,1.9,3.8857805861880476e-17,4.930380657631324e-33,1.1102230246251565e-16,-1.0,6.461644232313534e-17,9.698309370623778e-17,2.586215832166341e-16,4.930380657631324e-33,-1.0,3.5
920.5403859615326,2380.0,1571.15,12.65,6.444835166e8,1.9,3.8857805861880476e-17,4.930380657631324e-33,1.1102230246251565e-16,-1.0,6.461644232313534e-17,9.698309370623778e-17,2.586215832166341e-16,4.930380657631324e-33,-1.0,3.5
925.7596139907837,2392.0,1583.15,12.65,6.444835166e8,1.9,3.8857805861880476e-17,4.930380657631324e-33,1.1102230246251565e-16,-1.0,6.461644232313534e-17,9.698309370623778e-17,2.586215832166341e-16,4.930380657631324e-33,-1.0,3.5
930.8943979740143,2404.0,1595.15,12.65,6.444835166e8,1.9,3.8857805861880476e-17,4.930380657631324e-33,1.1102230246251565e-16,-1.0,6.461644232313534e-17,9.698309370623778e-17,2.586215832166341e-16,4.930380657631324e-33,-1.0,3.5
936.1339628696442,2416.0,1607.15,12.65,6.444835166e8,1.9,3.8857805861880476e-17,4.930380657631324e-33,1.1102230246251565e-16,-1.0,6.461644232313534e-17,9.698309370623778e-17,2.586215832166341e-16,4.930380657631324e-33,-1.0,3.5
941.322625875473,2428.0,1619.15,12.65,6.444835166e8,1.9,3.8857805861880476e-17,4.930380657631324e-33,1.1102230246251565e-16,-1.0,6.461644232313534e-17,9.698309370623778e-17,2.586215832166341e-16,4.930380657631324e-33,-1.0,3.5
946.441419839859,2440.0,1631.15,12.65,6.444835166e8,1.9,3.8857805861880476e-17,4.930380657631324e-33,1.1102230246251565e-16,-1.0,6.461644232313534e-17,9.698309370623778e-17,2.586215832166341e-16,4.930380657631324e-33,-1.0,3.5
951.6128489971161,2452.0,1643.15,12.65,6.444835166e8,1.9,3.8857805861880476e-17,4.930380657631324e-33,1.1102230246251565e-16,-1.0,6.461644232313534e-17,9.698309370623778e-17,2.586215832166341e-16,4.930380657631324e-33,-1.0,3.5
956.8433668613434,2464.0,1655.15,12.65,6.444835166e8,1.9,3.8857805861880476e-17,4.930380657631324e-33,1.1102230246251565e-16,-1.0,6.461644232313534e-17,9.698309370623778e-17,2.586215832166341e-16,4.930380657631324e-33,-1.0,3.5
962.045914888382,2476.0,1667.15,12.65,6.444835166e8,1.9,3.8857805861880476e-17,4.930380657631324e-33,1.1102230246251565e-16,-1.0,6.461644232313534e-17,9.698309370623778e-17,2.586215832166341e-16,4.930380657631324e-33,-1.0,3.5
967.292279958725,2488.0,1679.15,12.65,6.444835166e8,1.9,3.8857805861880476e-17,4.930380657631324e-33,1.1102230246251565e-16,-1.0,6.461644232313534e-17,9.698309370623778e-17,2.586215832166341e-16,4.930380657631324e-33,-1.0,3.5
972.4772279262543,2500.0,1691.15,12.65,6.444835166e8,1.9,3.8857805861880476e-17,4.930380657631324e-33,1.1102230246251565e-16,-1.0,6.461644232313534e-17,9.698309370623778e-17,2.586215832166341e-16,4.930380657631324e-33,-1.0,3.5
977.7554838657379,2512.0,1703.15,12.65,6.444835166e8,1.9,3.8857805861880476e-17,4.930380657631324e-33,1.1102230246251565e-16,-1.0,6.461644232313534e-17,9.698309370623778e-17,2.586215832166341e-16,4.930380657631324e-33,-1.0,3.5
983.0274410247803,2524.0,1715.15,12.65,6.444835166e8,1.9,3.8857805861880476e-17,4.930380657631324e-33,1.1102230246251565e-16,-1.0,6.461644232313534e-17,9.698309370623778e-17,2.586215832166341e-16,4.930380657631324e-33,-1.0,3.5
988.2797589302063,2536.0,1727.15,12.65,6.444835166e8,1.9,3.8857805861880476e-17,4.930380657631324e-33,1.1102230246251565e-16,-1.0,6.461644232313534e-17,9.698309370623778e-17,2.586215832166341e-16,4.930380657631324e-33,-1.0,3.5
993.3960809707642,2548.0,1739.15,12.65,6.444835166e8,1.9,3.8857805861880476e-17,4.930380657631324e-33,1.1102230246251565e-16,-1.0,6.461644232313534e-17,9.698309370623778e-17,2.586215832166341e-16,4.930380657631324e-33,-1.0,3.5
998.6647229194641,2560.0,1738.15,12.65,6.444835178e8,1.9,3.8857805861880476e-17,4.930380657631324e-33,1.1102230246251565e-16,-1.0,6.461644232313534e-17,9.698309370623778e-17,2.586215832166341e-16,4.930380657631324e-33,-1.0,3.5
1003.9405028820038,2572.0,1750.15,12.65,6.444835178e8,1.9,3.8857805861880476e-17,4.930380657631324e-33,1.1102230246251565e-16,-1.0,6.461644232313534e-17,9.698309370623778e-17,2.586215832166341e-16,4.930380657631324e-33,-1.0,3.5
1009.0926029682159,2584.0,1718.8947368421052,12.421052631578947,6.781553554736842e8,1.894736842105263,3.8857805861880476e-17,4.930380657631324e-33,1.1102230246251565e-16,-1.0,6.461644232313534e-17,9.698309370623778e-17,2.586215832166341e-16,4.930380657631324e-33,-1.0,3.5
1014.2827670574188,2596.0,1730.8947368421052,12.421052631578947,6.781553554736842e8,1.894736842105263,3.8857805861880476e-17,4.930380657631324e-33,1.1102230246251565e-16,-1.0,6.461644232313534e-17,9.698309370623778e-17,2.586215832166341e-16,4.930380657631324e-33,-1.0,3.5
1019.4868400096893,2608.0,1742.8947368421052,12.421052631578947,6.781553554736842e8,1.894736842105263,3.8857805861880476e-17,4.930380657631324e-33,1.1102230246251565e-16,-1.0,6.461644232313534e-17,9.698309370623778e-17,2.586215832166341e-16,4.930380657631324e-33,-1.0,3.5
1024.777093887329,2620.0,1754.8947368421052,12.421052631578947,6.781553554736842e8,1.894736842105263,3.8857805861880476e-17,4.930380657631324e-33,1.1102230246251565e-16,-1.0,6.461644232313534e-17,9.698309370623778e-17,2.586215832166341e-16,4.930380657631324e-33,-1.0,3.5
1030.0925040245056,2632.0,1766.8947368421052,12.421052631578947,6.781553554736842e8,1.894736842105263,3.8857805861880476e-17,4.930380657631324e-33,1.1102230246251565e-16,-1.0,6.461644232313534e-17,9.698309370623778e-17,2.586215832166341e-16,4.930380657631324e-33,-1.0,3.5
1035.21501994133,2644.0,1778.8947368421052,12.421052631578947,6.781553554736842e8,1.894736842105263,3.8857805861880476e-17,4.930380657631324e-33,1.1102230246251565e-16,-1.0,6.461644232313534e-17,9.698309370623778e-17,2.586215832166341e-16,4.930380657631324e-33,-1.0,3.5
1040.5473070144653,2656.0,1790.8947368421052,12.421052631578947,6.781553554736842e8,1.894736842105263,3.8857805861880476e-17,4.930380657631324e-33,1.1102230246251565e-16,-1.0,6.461644232313534e-17,9.698309370623778e-17,2.586215832166341e-16,4.930380657631324e-33,-1.0,3.5
1045.7061839103699,2668.0,1802.8947368421052,12.421052631578947,6.781553554736842e8,1.894736842105263,3.8857805861880476e-17,4.930380657631324e-33,1.1102230246251565e-16,-1.0,6.461644232313534e-17,9.698309370623778e-17,2.586215832166341e-16,4.930380657631324e-33,-1.0,3.5
1051.0235049724579,2680.0,1814.8947368421052,12.421052631578947,6.781553554736842e8,1.894736842105263,3.8857805861880476e-17,4.930380657631324e-33,1.1102230246251565e-16,-1.0,6.461644232313534e-17,9.698309370623778e-17,2.586215832166341e-16,4.930380657631324e-33,-1.0,3.5
1056.3972878456116,2692.0,1826.8947368421052,12.421052631578947,6.781553554736842e8,1.894736842105263,3.8857805861880476e-17,4.930380657631324e-33,1.1102230246251565e-16,-1.0,6.461644232313534e-17,9.698309370623778e-17,2.586215832166341e-16,4.930380657631324e-33,-1.0,3.5
1061.6914069652557,2704.0,1838.8947368421052,12.421052631578947,6.781553554736842e8,1.894736842105263,3.8857805861880476e-17,4.930380657631324e-33,1.1102230246251565e-16,-1.0,6.461644232313534e-17,9.698309370623778e-17,2.586215832166341e-16,4.930380657631324e-33,-1.0,3.5
1066.9221539497375,2716.0,1850.8947368421052,12.421052631578947,6.781553554736842e8,1.894736842105263,3.8857805861880476e-17,4.930380657631324e-33,1.1102230246251565e-16,-1.0,6.461644232313534e-17,9.698309370623778e-17,2.586215832166341e-16,4.930380657631324e-33,-1.0,3.5
1072.1971139907837,2728.0,1862.8947368421052,12.421052631578947,6.781553554736842e8,1.894736842105263,3.8857805861880476e-17,4.930380657631324e-33,1.1102230246251565e-16,-1.0,6.461644232313534e-17,9.698309370623778e-17,2.586215832166341e-16,4.930380657631324e-33,-1.0,3.5
1077.4379110336304,2740.0,1874.8947368421052,12.421052631578947,6.781553554736842e8,1.894736842105263,3.8857805861880476e-17,4.930380657631324e-33,1.1102230246251565e-16,-1.0,6.461644232313534e-17,9.698309370623778e-17,2.586215832166341e-16,4.930380657631324e-33,-1.0,3.5
1082.6938819885254,2752.0,1886.8947368421052,12.421052631578947,6.781553554736842e8,1.894736842105263,3.8857805861880476e-17,4.930380657631324e-33,1.1102230246251565e-16,-1.0,6.461644232313534e-17,9.698309370623778e-17,2.586215832166341e-16,4.930380657631324e-33,-1.0,3.5
1087.9621019363403,2764.0,1898.8947368421052,12.421052631578947,6.781553554736842e8,1.894736842105263,3.8857805861880476e-17,4.930380657631324e-33,1.1102230246251565e-16,-1.0,6.461644232313534e-17,9.698309370623778e-17,2.586215832166341e-16,4.930380657631324e-33,-1.0,3.5
1093.2830500602722,2776.0,1910.8947368421052,12.421052631578947,6.781553554736842e8,1.894736842105263,3.8857805861880476e-17,4.930380657631324e-33,1.1102230246251565e-16,-1.0,6.461644232313534e-17,9.698309370623778e-17,2.586215832166341e-16,4.930380657631324e-33,-1.0,3.5
1098.633861064911,2788.0,1922.8947368421052,12.421052631578947,6.781553554736842e8,1.894736842105263,3.8857805861880476e-17,4.930380657631324e-33,1.1102230246251565e-16,-1.0,6.461644232313534e-17,9.698309370623778e-17,2.586215832166341e-16,4.930380657631324e-33,-1.0,3.5
1103.944510936737,2800.0,1934.8947368421052,12.421052631578947,6.781553554736842e8,1.894736842105263,3.8857805861880476e-17,4.930380657631324e-33,1.1102230246251565e-16,-1.0,6.461644232313534e-17,9.698309370623778e-17,2.586215832166341e-16,4.930380657631324e-33,-1.0,3.5
1109.230139017105,2812.0,1946.8947368421052,12.421052631578947,6.781553554736842e8,1.894736842105263,3.8857805861880476e-17,4.930380657631324e-33,1.1102230246251565e-16,-1.0,6.461644232313534e-17,9.698309370623778e-17,2.586215832166341e-16,4.930380657631324e-33,-1.0,3.5
1114.4356589317322,2824.0,1958.8947368421052,12.421052631578947,6.781553554736842e8,1.894736842105263,3.8857805861880476e-17,4.930380657631324e-33,1.1102230246251565e-16,-1.0,6.461644232313534e-17,9.698309370623778e-17,2.586215832166341e-16,4.930380657631324e-33,-1.0,3.5
1119.7972779273987,2836.0,1970.8947368421052,12.421052631578947,6.781553554736842e8,1.894736842105263,3.8857805861880476e-17,4.930380657631324e-33,1.1102230246251565e-16,-1.0,6.461644232313534e-17,9.698309370623778e-17,2.586215832166341e-16,4.930380657631324e-33,-1.0,3.5
1125.0778379440308,2848.0,1982.8947368421052,12.421052631578947,6.781553554736842e8,1.894736842105263,3.8857805861880476e-17,4.930380657631324e-33,1.1102230246251565e-16,-1.0,6.461644232313534e-17,9.698309370623778e-17,2.586215832166341e-16,4.930380657631324e-33,-1.0,3.5
1130.413470029831,2860.0,1994.8947368421052,12.421052631578947,6.781553554736842e8,1.894736842105263,3.8857805861880476e-17,4.930380657631324e-33,1.1102230246251565e-16,-1.0,6.461644232313534e-17,9.698309370623778e-17,2.586215832166341e-16,4.930380657631324e-33,-1.0,3.5
1135.6957159042358,2872.0,2006.8947368421052,12.421052631578947,6.781553554736842e8,1.894736842105263,3.8857805861880476e-17,4.930380657631324e-33,1.1102230246251565e-16,-1.0,6.461644232313534e-17,9.698309370623778e-17,2.586215832166341e-16,4.930380657631324e-33,-1.0,3.5
1140.9515149593353,2884.0,2018.8947368421052,12.421052631578947,6.781553554736842e8,1.894736842105263,3.8857805861880476e-17,4.930380657631324e-33,1.1102230246251565e-16,-1.0,6.461644232313534e-17,9.698309370623778e-17,2.586215832166341e-16,4.930380657631324e-33,-1.0,3.5
1146.2951049804688,2896.0,2030.8947368421052,12.421052631578947,6.781553554736842e8,1.894736842105263,3.8857805861880476e-17,4.930380657631324e-33,1.1102230246251565e-16,-1.0,6.461644232313534e-17,9.698309370623778e-17,2.586215832166341e-16,4.930380657631324e-33,-1.0,3.5
1151.5312049388885,2908.0,2042.8947368421052,12.421052631578947,6.781553554736842e8,1.894736842105263,3.8857805861880476e-17,4.930380657631324e-33,1.1102230246251565e-16,-1.0,6.461644232313534e-17,9.698309370623778e-17,2.586215832166341e-16,4.930380657631324e-33,-1.0,3.5
1156.842798948288,2920.0,2054.8947368421054,12.421052631578947,6.781553554736842e8,1.894736842105263,3.8857805861880476e-17,4.930380657631324e-33,1.1102230246251565e-16,-1.0,6.461644232313534e-17,9.698309370623778e-17,2.586215832166341e-16,4.930380657631324e-33,-1.0,3.5
1162.277911901474,2932.0,2066.8947368421054,12.421052631578947,6.781553554736842e8,1.894736842105263,3.8857805861880476e-17,4.930380657631324e-33,1.1102230246251565e-16,-1.0,6.461644232313534e-17,9.698309370623778e-17,2.586215832166341e-16,4.930380657631324e-33,-1.0,3.5
1167.6361799240112,2944.0,2078.8947368421054,12.421052631578947,6.781553554736842e8,1.894736842105263,3.8857805861880476e-17,4.930380657631324e-33,1.1102230246251565e-16,-1.0,6.461644232313534e-17,9.698309370623778e-17,2.586215832166341e-16,4.930380657631324e-33,-1.0,3.5
1172.8616230487823,2956.0,2090.8947368421054,12.421052631578947,6.781553554736842e8,1.894736842105263,3.8857805861880476e-17,4.930380657631324e-33,1.1102230246251565e-16,-1.0,6.461644232313534e-17,9.698309370623778e-17,2.586215832166341e-16,4.930380657631324e-33,-1.0,3.5
1178.1339859962463,2968.0,2102.8947368421054,12.421052631578947,6.781553554736842e8,1.894736842105263,3.8857805861880476e-17,4.930380657631324e-33,1.1102230246251565e-16,-1.0,6.461644232313534e-17,9.698309370623778e-17,2.586215832166341e-16,4.930380657631324e-33,-1.0,3.5
1183.4257218837738,2980.0,2114.8947368421054,12.421052631578947,6.781553554736842e8,1.894736842105263,3.8857805861880476e-17,4.930380657631324e-33,1.1102230246251565e-16,-1.0,6.461644232313534e-17,9.698309370623778e-17,2.586215832166341e-16,4.930380657631324e-33,-1.0,3.5
1188.682256937027,2992.0,2126.8947368421054,12.421052631578947,6.781553554736842e8,1.894736842105263,3.8857805861880476e-17,4.930380657631324e-33,1.1102230246251565e-16,-1.0,6.461644232313534e-17,9.698309370623778e-17,2.586215832166341e-16,4.930380657631324e-33,-1.0,3.5
1193.970360994339,3004.0,2138.8947368421054,12.421052631578947,6.781553554736842e8,1.894736842105263,3.8857805861880476e-17,4.930380657631324e-33,1.1102230246251565e-16,-1.0,6.461644232313534e-17,9.698309370623778e-17,2.586215832166341e-16,4.930380657631324e-33,-1.0,3.5
1199.3716368675232,3016.0,2150.8947368421054,12.421052631578947,6.781553554736842e8,1.894736842105263,3.8857805861880476e-17,4.930380657631324e-33,1.1102230246251565e-16,-1.0,6.461644232313534e-17,9.698309370623778e-17,2.586215832166341e-16,4.930380657631324e-33,-1.0,3.5
1204.5807509422302,3028.0,2162.8947368421054,12.421052631578947,6.781553554736842e8,1.894736842105263,3.8857805861880476e-17,4.930380657631324e-33,1.1102230246251565e-16,-1.0,6.461644232313534e-17,9.698309370623778e-17,2.586215832166341e-16,4.930380657631324e-33,-1.0,3.5
1209.8659389019012,3040.0,2174.8947368421054,12.421052631578947,6.781553554736842e8,1.894736842105263,3.8857805861880476e-17,4.930380657631324e-33,1.1102230246251565e-16,-1.0,6.461644232313534e-17,9.698309370623778e-17,2.586215832166341e-16,4.930380657631324e-33,-1.0,3.5
1215.229327917099,3052.0,2186.8947368421054,12.421052631578947,6.781553554736842e8,1.894736842105263,3.8857805861880476e-17,4.930380657631324e-33,1.1102230246251565e-16,-1.0,6.461644232313534e-17,9.698309370623778e-17,2.586215832166341e-16,4.930380657631324e-33,-1.0,3.5
1220.5850930213928,3064.0,2198.8947368421054,12.421052631578947,6.781553554736842e8,1.894736842105263,3.8857805861880476e-17,4.930380657631324e-33,1.1102230246251565e-16,-1.0,6.461644232313534e-17,9.698309370623778e-17,2.586215832166341e-16,4.930380657631324e-33,-1.0,3.5
1225.8714129924774,3076.0,2210.8947368421054,12.421052631578947,6.781553554736842e8,1.894736842105263,3.8857805861880476e-17,4.930380657631324e-33,1.1102230246251565e-16,-1.0,6.461644232313534e-17,9.698309370623778e-17,2.586215832166341e-16,4.930380657631324e-33,-1.0,3.5
1231.2371649742126,3088.0,2112.3,12.9,6.459777398e8,1.95,3.8857805861880476e-17,4.930380657631324e-33,1.1102230246251565e-16,-1.0,6.461644232313534e-17,9.698309370623778e-17,2.586215832166341e-16,4.930380657631324e-33,-1.0,3.5
1236.6135668754578,3100.0,2124.3,12.9,6.459777398e8,1.95,3.8857805861880476e-17,4.930380657631324e-33,1.1102230246251565e-16,-1.0,6.461644232313534e-17,9.698309370623778e-17,2.586215832166341e-16,4.930380657631324e-33,-1.0,3.5
1241.951122045517,3112.0,2136.3,12.9,6.459777398e8,1.95,3.8857805861880476e-17,4.930380657631324e-33,1.1102230246251565e-16,-1.0,6.461644232313534e-17,9.698309370623778e-17,2.586215832166341e-16,4.930380657631324e-33,-1.0,3.5
1247.2508718967438,3124.0,2148.3,12.9,6.459777398e8,1.95,3.8857805861880476e-17,4.930380657631324e-33,1.1102230246251565e-16,-1.0,6.461644232313534e-17,9.698309370623778e-17,2.586215832166341e-16,4.930380657631324e-33,-1.0,3.5
1252.6651029586792,3136.0,2160.3,12.9,6.459777398e8,1.95,3.8857805861880476e-17,4.930380657631324e-33,1.1102230246251565e-16,-1.0,6.461644232313534e-17,9.698309370623778e-17,2.586215832166341e-16,4.930380657631324e-33,-1.0,3.5
1258.0405778884888,3148.0,2172.3,12.9,6.459777398e8,1.95,3.8857805861880476e-17,4.930380657631324e-33,1.1102230246251565e-16,-1.0,6.461644232313534e-17,9.698309370623778e-17,2.586215832166341e-16,4.930380657631324e-33,-1.0,3.5
1263.3014888763428,3160.0,2184.3,12.9,6.459777398e8,1.95,3.8857805861880476e-17,4.930380657631324e-33,1.1102230246251565e-16,-1.0,6.461644232313534e-17,9.698309370623778e-17,2.586215832166341e-16,4.930380657631324e-33,-1.0,3.5
1268.6047389507294,3172.0,2196.3,12.9,6.459777398e8,1.95,3.8857805861880476e-17,4.930380657631324e-33,1.1102230246251565e-16,-1.0,6.461644232313534e-17,9.698309370623778e-17,2.586215832166341e-16,4.930380657631324e-33,-1.0,3.5
1274.0254678726196,3184.0,2208.3,12.9,6.459777398e8,1.95,3.8857805861880476e-17,4.930380657631324e-33,1.1102230246251565e-16,-1.0,6.461644232313534e-17,9.698309370623778e-17,2.586215832166341e-16,4.930380657631324e-33,-1.0,3.5
1279.3278589248657,3196.0,2220.3,12.9,6.459777398e8,1.95,3.8857805861880476e-17,4.930380657631324e-33,1.1102230246251565e-16,-1.0,6.461644232313534e-17,9.698309370623778e-17,2.586215832166341e-16,4.930380657631324e-33,-1.0,3.5
1284.5982160568237,3208.0,2232.3,12.9,6.459777398e8,1.95,3.8857805861880476e-17,4.930380657631324e-33,1.1102230246251565e-16,-1.0,6.461644232313534e-17,9.698309370623778e-17,2.586215832166341e-16,4.930380657631324e-33,-1.0,3.5
1289.9272239208221,3220.0,2211.25,12.85,6.462136406e8,1.9,3.8857805861880476e-17,4.930380657631324e-33,1.1102230246251565e-16,-1.0,6.461644232313534e-17,9.698309370623778e-17,2.586215832166341e-16,4.930380657631324e-33,-1.0,3.5
1295.3041088581085,3232.0,2164.85,12.85,6.462168028e8,1.9,3.3306690738754695e-17,4.930380657631324e-33,1.1102230246251565e-16,-1.0,4.415826554162371e-17,0.0,2.586215832166341e-16,4.930380657631324e-33,-1.0,3.5
1300.5831379890442,3244.0,2073.5714285714284,13.095238095238095,6.154446008571428e8,1.9523809523809523,3.3306690738754695e-17,4.930380657631324e-33,1.1102230246251565e-16,-1.0,4.415826554162371e-17,0.0,2.586215832166341e-16,4.930380657631324e-33,-1.0,3.5
1305.9024419784546,3256.0,2085.5714285714284,13.095238095238095,6.154446008571428e8,1.9523809523809523,3.3306690738754695e-17,4.930380657631324e-33,1.1102230246251565e-16,-1.0,4.415826554162371e-17,0.0,2.586215832166341e-16,4.930380657631324e-33,-1.0,3.5
1311.2954919338226,3268.0,2097.5714285714284,13.095238095238095,6.154446008571428e8,1.9523809523809523,3.3306690738754695e-17,4.930380657631324e-33,1.1102230246251565e-16,-1.0,4.415826554162371e-17,0.0,2.586215832166341e-16,4.930380657631324e-33,-1.0,3.5
1316.5683789253235,3280.0,2109.5714285714284,13.095238095238095,6.154446008571428e8,1.9523809523809523,3.3306690738754695e-17,4.930380657631324e-33,1.1102230246251565e-16,-1.0,4.415826554162371e-17,0.0,2.586215832166341e-16,4.930380657631324e-33,-1.0,3.5
1322.0092899799347,3292.0,2121.5714285714284,13.095238095238095,6.154446008571428e8,1.9523809523809523,3.3306690738754695e-17,4.930380657631324e-33,1.1102230246251565e-16,-1.0,4.415826554162371e-17,0.0,2.586215832166341e-16,4.930380657631324e-33,-1.0,3.5
1327.3523099422455,3304.0,2133.5714285714284,13.095238095238095,6.154446008571428e8,1.9523809523809523,3.3306690738754695e-17,4.930380657631324e-33,1.1102230246251565e-16,-1.0,4.415826554162371e-17,0.0,2.586215832166341e-16,4.930380657631324e-33,-1.0,3.5
1332.6160900592804,3316.0,2145.5714285714284,13.095238095238095,6.154446008571428e8,1.9523809523809523,3.3306690738754695e-17,4.930380657631324e-33,1.1102230246251565e-16,-1.0,4.415826554162371e-17,0.0,2.586215832166341e-16,4.930380657631324e-33,-1.0,3.5
1338.0538969039917,3328.0,2157.5714285714284,13.095238095238095,6.154446008571428e8,1.9523809523809523,3.3306690738754695e-17,4.930380657631324e-33,1.1102230246251565e-16,-1.0,4.415826554162371e-17,0.0,2.586215832166341e-16,4.930380657631324e-33,-1.0,3.5
1343.5029919147491,3340.0,2169.5714285714284,13.095238095238095,6.154446008571428e8,1.9523809523809523,3.3306690738754695e-17,4.930380657631324e-33,1.1102230246251565e-16,-1.0,4.415826554162371e-17,0.0,2.586215832166341e-16,4.930380657631324e-33,-1.0,3.5
1348.7939229011536,3352.0,2181.5714285714284,13.095238095238095,6.154446008571428e8,1.9523809523809523,3.3306690738754695e-17,4.930380657631324e-33,1.1102230246251565e-16,-1.0,4.415826554162371e-17,0.0,2.586215832166341e-16,4.930380657631324e-33,-1.0,3.5
1354.1734519004822,3364.0,2193.5714285714284,13.095238095238095,6.154446008571428e8,1.9523809523809523,3.3306690738754695e-17,4.930380657631324e-33,1.1102230246251565e-16,-1.0,4.415826554162371e-17,0.0,2.586215832166341e-16,4.930380657631324e-33,-1.0,3.5
1359.5102729797363,3376.0,2205.5714285714284,13.095238095238095,6.154446008571428e8,1.9523809523809523,3.3306690738754695e-17,4.930380657631324e-33,1.1102230246251565e-16,-1.0,4.415826554162371e-17,0.0,2.586215832166341e-16,4.930380657631324e-33,-1.0,3.5
1364.8637158870697,3388.0,2217.5714285714284,13.095238095238095,6.154446008571428e8,1.9523809523809523,3.3306690738754695e-17,4.930380657631324e-33,1.1102230246251565e-16,-1.0,4.415826554162371e-17,0.0,2.586215832166341e-16,4.930380657631324e-33,-1.0,3.5
1370.2698998451233,3400.0,2229.5714285714284,13.095238095238095,6.154446008571428e8,1.9523809523809523,3.3306690738754695e-17,4.930380657631324e-33,1.1102230246251565e-16,-1.0,4.415826554162371e-17,0.0,2.586215832166341e-16,4.930380657631324e-33,-1.0,3.5
1375.6593568325043,3412.0,2241.5714285714284,13.095238095238095,6.154446008571428e8,1.9523809523809523,3.3306690738754695e-17,4.930380657631324e-33,1.1102230246251565e-16,-1.0,4.415826554162371e-17,0.0,2.586215832166341e-16,4.930380657631324e-33,-1.0,3.5
1380.9871299266815,3424.0,2253.5714285714284,13.095238095238095,6.154446008571428e8,1.9523809523809523,3.3306690738754695e-17,4.930380657631324e-33,1.1102230246251565e-16,-1.0,4.415826554162371e-17,0.0,2.586215832166341e-16,4.930380657631324e-33,-1.0,3.5
1386.3998808860779,3436.0,2265.5714285714284,13.095238095238095,6.154446008571428e8,1.9523809523809523,3.3306690738754695e-17,4.930380657631324e-33,1.1102230246251565e-16,-1.0,4.415826554162371e-17,0.0,2.586215832166341e-16,4.930380657631324e-33,-1.0,3.5
1391.4158709049225,3447.0,2276.5714285714284,13.095238095238095,6.154446008571428e8,1.9523809523809523,3.3306690738754695e-17,4.930380657631324e-33,1.1102230246251565e-16,-1.0,4.415826554162371e-17,0.0,2.586215832166341e-16,4.930380657631324e-33,-1.0,3.5
1396.7919600009918,3459.0,2288.5714285714284,13.095238095238095,6.154446008571428e8,1.9523809523809523,3.3306690738754695e-17,4.930380657631324e-33,1.1102230246251565e-16,-1.0,4.415826554162371e-17,0.0,2.586215832166341e-16,4.930380657631324e-33,-1.0,3.5
1403.4409680366516,3471.0,2300.5714285714284,13.095238095238095,6.154446008571428e8,1.9523809523809523,3.3306690738754695e-17,4.930380657631324e-33,1.1102230246251565e-16,-1.0,4.415826554162371e-17,0.0,2.586215832166341e-16,4.930380657631324e-33,-1.0,3.5
1408.8337709903717,3483.0,2312.5714285714284,13.095238095238095,6.154446008571428e8,1.9523809523809523,3.3306690738754695e-17,4.930380657631324e-33,1.1102230246251565e-16,-1.0,4.415826554162371e-17,0.0,2.586215832166341e-16,4.930380657631324e-33,-1.0,3.5
1414.1781558990479,3495.0,2324.5714285714284,13.095238095238095,6.154446008571428e8,1.9523809523809523,3.3306690738754695e-17,4.930380657631324e-33,1.1102230246251565e-16,-1.0,4.415826554162371e-17,0.0,2.586215832166341e-16,4.930380657631324e-33,-1.0,3.5
1419.3745698928833,3507.0,2336.5714285714284,13.095238095238095,6.154446008571428e8,1.9523809523809523,3.3306690738754695e-17,4.930380657631324e-33,1.1102230246251565e-16,-1.0,4.415826554162371e-17,0.0,2.586215832166341e-16,4.930380657631324e-33,-1.0,3.5
1424.7267398834229,3519.0,2348.5714285714284,13.095238095238095,6.154446008571428e8,1.9523809523809523,3.3306690738754695e-17,4.930380657631324e-33,1.1102230246251565e-16,-1.0,4.415826554162371e-17,0.0,2.586215832166341e-16,4.930380657631324e-33,-1.0,3.5
1430.0709249973297,3531.0,2360.5714285714284,13.095238095238095,6.154446008571428e8,1.9523809523809523,3.3306690738754695e-17,4.930380657631324e-33,1.1102230246251565e-16,-1.0,4.415826554162371e-17,0.0,2.586215832166341e-16,4.930380657631324e-33,-1.0,3.5
1435.355316877365,3543.0,2372.5714285714284,13.095238095238095,6.154446008571428e8,1.9523809523809523,3.3306690738754695e-17,4.930380657631324e-33,1.1102230246251565e-16,-1.0,4.415826554162371e-17,0.0,2.586215832166341e-16,4.930380657631324e-33,-1.0,3.5
1440.7697758674622,3555.0,2384.5714285714284,13.095238095238095,6.154446008571428e8,1.9523809523809523,3.3306690738754695e-17,4.930380657631324e-33,1.1102230246251565e-16,-1.0,4.415826554162371e-17,0.0,2.586215832166341e-16,4.930380657631324e-33,-1.0,3.5
1446.110030889511,3567.0,2396.5714285714284,13.095238095238095,6.154446008571428e8,1.9523809523809523,3.3306690738754695e-17,4.930380657631324e-33,1.1102230246251565e-16,-1.0,4.415826554162371e-17,0.0,2.586215832166341e-16,4.930380657631324e-33,-1.0,3.5
1451.135185956955,3578.0,2407.5714285714284,13.095238095238095,6.154446008571428e8,1.9523809523809523,3.3306690738754695e-17,4.930380657631324e-33,1.1102230246251565e-16,-1.0,4.415826554162371e-17,0.0,2.586215832166341e-16,4.930380657631324e-33,-1.0,3.5
1456.4911940097809,3590.0,2419.5714285714284,13.095238095238095,6.154446008571428e8,1.9523809523809523,3.3306690738754695e-17,4.930380657631324e-33,1.1102230246251565e-16,-1.0,4.415826554162371e-17,0.0,2.586215832166341e-16,4.930380657631324e-33,-1.0,3.5
1461.8299038410187,3602.0,2431.5714285714284,13.095238095238095,6.154446008571428e8,1.9523809523809523,3.3306690738754695e-17,4.930380657631324e-33,1.1102230246251565e-16,-1.0,4.415826554162371e-17,0.0,2.586215832166341e-16,4.930380657631324e-33,-1.0,3.5
1467.1544020175934,3614.0,2443.5714285714284,13.095238095238095,6.154446008571428e8,1.9523809523809523,3.3306690738754695e-17,4.930380657631324e-33,1.1102230246251565e-16,-1.0,4.415826554162371e-17,0.0,2.586215832166341e-16,4.930380657631324e-33,-1.0,3.5
1472.4396889209747,3626.0,2455.5714285714284,13.095238095238095,6.154446008571428e8,1.9523809523809523,3.3306690738754695e-17,4.930380657631324e-33,1.1102230246251565e-16,-1.0,4.415826554162371e-17,0.0,2.586215832166341e-16,4.930380657631324e-33,-1.0,3.5
1477.6430640220642,3638.0,2467.5714285714284,13.095238095238095,6.154446008571428e8,1.9523809523809523,3.3306690738754695e-17,4.930380657631324e-33,1.1102230246251565e-16,-1.0,4.415826554162371e-17,0.0,2.586215832166341e-16,4.930380657631324e-33,-1.0,3.5
1482.9787368774414,3650.0,2479.5714285714284,13.095238095238095,6.154446008571428e8,1.9523809523809523,3.3306690738754695e-17,4.930380657631324e-33,1.1102230246251565e-16,-1.0,4.415826554162371e-17,0.0,2.586215832166341e-16,4.930380657631324e-33,-1.0,3.5
1488.3450100421906,3662.0,2491.5714285714284,13.095238095238095,6.154446008571428e8,1.9523809523809523,3.3306690738754695e-17,4.930380657631324e-33,1.1102230246251565e-16,-1.0,4.415826554162371e-17,0.0,2.586215832166341e-16,4.930380657631324e-33,-1.0,3.5
1493.687968969345,3674.0,2503.5714285714284,13.095238095238095,6.154446008571428e8,1.9523809523809523,3.3306690738754695e-17,4.930380657631324e-33,1.1102230246251565e-16,-1.0,4.415826554162371e-17,0.0,2.586215832166341e-16,4.930380657631324e-33,-1.0,3.5
1498.9616079330444,3686.0,2515.5714285714284,13.095238095238095,6.154446008571428e8,1.9523809523809523,3.3306690738754695e-17,4.930380657631324e-33,1.1102230246251565e-16,-1.0,4.415826554162371e-17,0.0,2.586215832166341e-16,4.930380657631324e-33,-1.0,3.5
1504.3431248664856,3698.0,2527.5714285714284,13.095238095238095,6.154446008571428e8,1.9523809523809523,3.3306690738754695e-17,4.930380657631324e-33,1.1102230246251565e-16,-1.0,4.415826554162371e-17,0.0,2.586215832166341e-16,4.930380657631324e-33,-1.0,3.5
1509.6383368968964,3710.0,2539.5714285714284,13.095238095238095,6.154446008571428e8,1.9523809523809523,3.3306690738754695e-17,4.930380657631324e-33,1.1102230246251565e-16,-1.0,4.415826554162371e-17,0.0,2.586215832166341e-16,4.930380657631324e-33,-1.0,3.5
1515.0175828933716,3722.0,2551.5714285714284,13.095238095238095,6.154446008571428e8,1.9523809523809523,3.3306690738754695e-17,4.930380657631324e-33,1.1102230246251565e-16,-1.0,4.415826554162371e-17,0.0,2.586215832166341e-16,4.930380657631324e-33,-1.0,3.5
1520.4102540016174,3734.0,2563.5714285714284,13.095238095238095,6.154446008571428e8,1.9523809523809523,3.3306690738754695e-17,4.930380657631324e-33,1.1102230246251565e-16,-1.0,4.415826554162371e-17,0.0,2.586215832166341e-16,4.930380657631324e-33,-1.0,3.5
1525.8163559436798,3746.0,2575.5714285714284,13.095238095238095,6.154446008571428e8,1.9523809523809523,3.3306690738754695e-17,4.930380657631324e-33,1.1102230246251565e-16,-1.0,4.415826554162371e-17,0.0,2.586215832166341e-16,4.930380657631324e-33,-1.0,3.5
1531.2334170341492,3758.0,2587.5714285714284,13.095238095238095,6.154446008571428e8,1.9523809523809523,3.3306690738754695e-17,4.930380657631324e-33,1.1102230246251565e-16,-1.0,4.415826554162371e-17,0.0,2.586215832166341e-16,4.930380657631324e-33,-1.0,3.5
1536.5696189403534,3770.0,2599.5714285714284,13.095238095238095,6.154446008571428e8,1.9523809523809523,3.3306690738754695e-17,4.930380657631324e-33,1.1102230246251565e-16,-1.0,4.415826554162371e-17,0.0,2.586215832166341e-16,4.930380657631324e-33,-1.0,3.5
1541.965276002884,3782.0,2611.5714285714284,13.095238095238095,6.154446008571428e8,1.9523809523809523,3.3306690738754695e-17,4.930380657631324e-33,1.1102230246251565e-16,-1.0,4.415826554162371e-17,0.0,2.586215832166341e-16,4.930380657631324e-33,-1.0,3.5
1547.295783996582,3794.0,2623.5714285714284,13.095238095238095,6.154446008571428e8,1.9523809523809523,3.3306690738754695e-17,4.930380657631324e-33,1.1102230246251565e-16,-1.0,4.415826554162371e-17,0.0,2.586215832166341e-16,4.930380657631324e-33,-1.0,3.5
1552.736839056015,3806.0,2635.5714285714284,13.095238095238095,6.154446008571428e8,1.9523809523809523,3.3306690738754695e-17,4.930380657631324e-33,1.1102230246251565e-16,-1.0,4.415826554162371e-17,0.0,2.586215832166341e-16,4.930380657631324e-33,-1.0,3.5
1558.119488954544,3818.0,2647.5714285714284,13.095238095238095,6.154446008571428e8,1.9523809523809523,3.3306690738754695e-17,4.930380657631324e-33,1.1102230246251565e-16,-1.0,4.415826554162371e-17,0.0,2.586215832166341e-16,4.930380657631324e-33,-1.0,3.5
1563.4918329715729,3830.0,2659.5714285714284,13.095238095238095,6.154446008571428e8,1.9523809523809523,3.3306690738754695e-17,4.930380657631324e-33,1.1102230246251565e-16,-1.0,4.415826554162371e-17,0.0,2.586215832166341e-16,4.930380657631324e-33,-1.0,3.5
1568.91947889328,3842.0,2671.5714285714284,13.095238095238095,6.154446008571428e8,1.9523809523809523,3.3306690738754695e-17,4.930380657631324e-33,1.1102230246251565e-16,-1.0,4.415826554162371e-17,0.0,2.586215832166341e-16,4.930380657631324e-33,-1.0,3.5
1573.9435720443726,3853.0,2682.5714285714284,13.095238095238095,6.154446008571428e8,1.9523809523809523,3.3306690738754695e-17,4.930380657631324e-33,1.1102230246251565e-16,-1.0,4.415826554162371e-17,0.0,2.586215832166341e-16,4.930380657631324e-33,-1.0,3.5
1579.2999789714813,3865.0,2694.5714285714284,13.095238095238095,6.154446008571428e8,1.9523809523809523,3.3306690738754695e-17,4.930380657631324e-33,1.1102230246251565e-16,-1.0,4.415826554162371e-17,0.0,2.586215832166341e-16,4.930380657631324e-33,-1.0,3.5
1584.6339888572693,3877.0,2706.5714285714284,13.095238095238095,6.154446008571428e8,1.9523809523809523,3.3306690738754695e-17,4.930380657631324e-33,1.1102230246251565e-16,-1.0,4.415826554162371e-17,0.0,2.586215832166341e-16,4.930380657631324e-33,-1.0,3.5
1590.0370090007782,3889.0,2718.5714285714284,13.095238095238095,6.154446008571428e8,1.9523809523809523,3.3306690738754695e-17,4.930380657631324e-33,1.1102230246251565e-16,-1.0,4.415826554162371e-17,0.0,2.586215832166341e-16,4.930380657631324e-33,-1.0,3.5
1595.4214129447937,3901.0,2730.5714285714284,13.095238095238095,6.154446008571428e8,1.9523809523809523,3.3306690738754695e-17,4.930380657631324e-33,1.1102230246251565e-16,-1.0,4.415826554162371e-17,0.0,2.586215832166341e-16,4.930380657631324e-33,-1.0,3.5
1600.7194519042969,3913.0,2742.5714285714284,13.095238095238095,6.154446008571428e8,1.9523809523809523,3.3306690738754695e-17,4.930380657631324e-33,1.1102230246251565e-16,-1.0,4.415826554162371e-17,0.0,2.586215832166341e-16,4.930380657631324e-33,-1.0,3.5
1606.1403028964996,3925.0,2754.5714285714284,13.095238095238095,6.154446008571428e8,1.9523809523809523,3.3306690738754695e-17,4.930380657631324e-33,1.1102230246251565e-16,-1.0,4.415826554162371e-17,0.0,2.586215832166341e-16,4.930380657631324e-33,-1.0,3.5
1611.5074560642242,3937.0,2766.5714285714284,13.095238095238095,6.154446008571428e8,1.9523809523809523,3.3306690738754695e-17,4.930380657631324e-33,1.1102230246251565e-16,-1.0,4.415826554162371e-17,0.0,2.586215832166341e-16,4.930380657631324e-33,-1.0,3.5
1616.8775808811188,3949.0,2778.5714285714284,13.095238095238095,6.154446008571428e8,1.9523809523809523,3.3306690738754695e-17,4.930380657631324e-33,1.1102230246251565e-16,-1.0,4.415826554162371e-17,0.0,2.586215832166341e-16,4.930380657631324e-33,-1.0,3.5
1622.26518201828,3961.0,2790.5714285714284,13.095238095238095,6.154446008571428e8,1.9523809523809523,3.3306690738754695e-17,4.930380657631324e-33,1.1102230246251565e-16,-1.0,4.415826554162371e-17,0.0,2.586215832166341e-16,4.930380657631324e-33,-1.0,3.5
1627.6349470615387,3973.0,2802.5714285714284,13.095238095238095,6.154446008571428e8,1.9523809523809523,3.3306690738754695e-17,4.930380657631324e-33,1.1102230246251565e-16,-1.0,4.415826554162371e-17,0.0,2.586215832166341e-16,4.930380657631324e-33,-1.0,3.5
1632.653720855713,3984.0,2813.5714285714284,13.095238095238095,6.154446008571428e8,1.9523809523809523,3.3306690738754695e-17,4.930380657631324e-33,1.1102230246251565e-16,-1.0,4.415826554162371e-17,0.0,2.586215832166341e-16,4.930380657631324e-33,-1.0,3.5
1638.105808019638,3996.0,2825.5714285714284,13.095238095238095,6.154446008571428e8,1.9523809523809523,3.3306690738754695e-17,4.930380657631324e-33,1.1102230246251565e-16,-1.0,4.415826554162371e-17,0.0,2.586215832166341e-16,4.930380657631324e-33,-1.0,3.5
1643.477247953415,4008.0,2837.5714285714284,13.095238095238095,6.154446008571428e8,1.9523809523809523,3.3306690738754695e-17,4.930380657631324e-33,1.1102230246251565e-16,-1.0,4.415826554162371e-17,0.0,2.586215832166341e-16,4.930380657631324e-33,-1.0,3.5
1648.758311033249,4020.0,2849.5714285714284,13.095238095238095,6.154446008571428e8,1.9523809523809523,3.3306690738754695e-17,4.930380657631324e-33,1.1102230246251565e-16,-1.0,4.415826554162371e-17,0.0,2.586215832166341e-16,4.930380657631324e-33,-1.0,3.5
1654.1507370471954,4032.0,2861.5714285714284,13.095238095238095,6.154446008571428e8,1.9523809523809523,3.3306690738754695e-17,4.930380657631324e-33,1.1102230246251565e-16,-1.0,4.415826554162371e-17,0.0,2.586215832166341e-16,4.930380657631324e-33,-1.0,3.5
1659.586303949356,4044.0,2873.5714285714284,13.095238095238095,6.154446008571428e8,1.9523809523809523,3.3306690738754695e-17,4.930380657631324e-33,1.1102230246251565e-16,-1.0,4.415826554162371e-17,0.0,2.586215832166341e-16,4.930380657631324e-33,-1.0,3.5
1664.9884629249573,4056.0,2885.5714285714284,13.095238095238095,6.154446008571428e8,1.9523809523809523,3.3306690738754695e-17,4.930380657631324e-33,1.1102230246251565e-16,-1.0,4.415826554162371e-17,0.0,2.586215832166341e-16,4.930380657631324e-33,-1.0,3.5
1670.3096978664398,4068.0,2897.5714285714284,13.095238095238095,6.154446008571428e8,1.9523809523809523,3.3306690738754695e-17,4.930380657631324e-33,1.1102230246251565e-16,-1.0,4.415826554162371e-17,0.0,2.586215832166341e-16,4.930380657631324e-33,-1.0,3.5
1675.584874868393,4080.0,2909.5714285714284,13.095238095238095,6.154446008571428e8,1.9523809523809523,3.3306690738754695e-17,4.930380657631324e-33,1.1102230246251565e-16,-1.0,4.415826554162371e-17,0.0,2.586215832166341e-16,4.930380657631324e-33,-1.0,3.5
1681.0042049884796,4092.0,2921.5714285714284,13.095238095238095,6.154446008571428e8,1.9523809523809523,3.3306690738754695e-17,4.930380657631324e-33,1.1102230246251565e-16,-1.0,4.415826554162371e-17,0.0,2.586215832166341e-16,4.930380657631324e-33,-1.0,3.5
1686.3667659759521,4104.0,2933.5714285714284,13.095238095238095,6.154446008571428e8,1.9523809523809523,3.3306690738754695e-17,4.930380657631324e-33,1.1102230246251565e-16,-1.0,4.415826554162371e-17,0.0,2.586215832166341e-16,4.930380657631324e-33,-1.0,3.5
1691.691349029541,4116.0,2945.5714285714284,13.095238095238095,6.154446008571428e8,1.9523809523809523,3.3306690738754695e-17,4.930380657631324e-33,1.1102230246251565e-16,-1.0,4.415826554162371e-17,0.0,2.586215832166341e-16,4.930380657631324e-33,-1.0,3.5
1696.700777053833,4127.0,2956.5714285714284,13.095238095238095,6.154446008571428e8,1.9523809523809523,3.3306690738754695e-17,4.930380657631324e-33,1.1102230246251565e-16,-1.0,4.415826554162371e-17,0.0,2.586215832166341e-16,4.930380657631324e-33,-1.0,3.5
1702.096225976944,4139.0,2968.5714285714284,13.095238095238095,6.154446008571428e8,1.9523809523809523,3.3306690738754695e-17,4.930380657631324e-33,1.1102230246251565e-16,-1.0,4.415826554162371e-17,0.0,2.586215832166341e-16,4.930380657631324e-33,-1.0,3.5
1707.4493148326874,4151.0,2980.5714285714284,13.095238095238095,6.154446008571428e8,1.9523809523809523,3.3306690738754695e-17,4.930380657631324e-33,1.1102230246251565e-16,-1.0,4.415826554162371e-17,0.0,2.586215832166341e-16,4.930380657631324e-33,-1.0,3.5
1712.7774720191956,4163.0,2992.5714285714284,13.095238095238095,6.154446008571428e8,1.9523809523809523,3.3306690738754695e-17,4.930380657631324e-33,1.1102230246251565e-16,-1.0,4.415826554162371e-17,0.0,2.586215832166341e-16,4.930380657631324e-33,-1.0,3.5
1718.0929169654846,4175.0,3004.5714285714284,13.095238095238095,6.154446008571428e8,1.9523809523809523,3.3306690738754695e-17,4.930380657631324e-33,1.1102230246251565e-16,-1.0,4.415826554162371e-17,0.0,2.586215832166341e-16,4.930380657631324e-33,-1.0,3.5
1723.4967248439789,4187.0,3016.5714285714284,13.095238095238095,6.154446008571428e8,1.9523809523809523,3.3306690738754695e-17,4.930380657631324e-33,1.1102230246251565e-16,-1.0,4.415826554162371e-17,0.0,2.586215832166341e-16,4.930380657631324e-33,-1.0,3.5
1728.8162529468536,4199.0,3028.5714285714284,13.095238095238095,6.154446008571428e8,1.9523809523809523,3.3306690738754695e-17,4.930380657631324e-33,1.1102230246251565e-16,-1.0,4.415826554162371e-17,0.0,2.586215832166341e-16,4.930380657631324e-33,-1.0,3.5
1734.1463780403137,4211.0,3040.5714285714284,13.095238095238095,6.154446008571428e8,1.9523809523809523,3.3306690738754695e-17,4.930380657631324e-33,1.1102230246251565e-16,-1.0,4.415826554162371e-17,0.0,2.586215832166341e-16,4.930380657631324e-33,-1.0,3.5
1739.4292259216309,4223.0,3052.5714285714284,13.095238095238095,6.154446008571428e8,1.9523809523809523,3.3306690738754695e-17,4.930380657631324e-33,1.1102230246251565e-16,-1.0,4.415826554162371e-17,0.0,2.586215832166341e-16,4.930380657631324e-33,-1.0,3.5
1744.8062779903412,4235.0,3064.5714285714284,13.095238095238095,6.154446008571428e8,1.9523809523809523,3.3306690738754695e-17,4.930380657631324e-33,1.1102230246251565e-16,-1.0,4.415826554162371e-17,0.0,2.586215832166341e-16,4.930380657631324e-33,-1.0,3.5
1750.067962884903,4247.0,3076.5714285714284,13.095238095238095,6.154446008571428e8,1.9523809523809523,3.3306690738754695e-17,4.930380657631324e-33,1.1102230246251565e-16,-1.0,4.415826554162371e-17,0.0,2.586215832166341e-16,4.930380657631324e-33,-1.0,3.5
1755.385913848877,4259.0,3088.5714285714284,13.095238095238095,6.154446008571428e8,1.9523809523809523,3.3306690738754695e-17,4.930380657631324e-33,1.1102230246251565e-16,-1.0,4.415826554162371e-17,0.0,2.586215832166341e-16,4.930380657631324e-33,-1.0,3.5
1760.7063419818878,4271.0,3100.5714285714284,13.095238095238095,6.154446008571428e8,1.9523809523809523,3.3306690738754695e-17,4.930380657631324e-33,1.1102230246251565e-16,-1.0,4.415826554162371e-17,0.0,2.586215832166341e-16,4.930380657631324e-33,-1.0,3.5
1766.120864868164,4283.0,3112.5714285714284,13.095238095238095,6.154446008571428e8,1.9523809523809523,3.3306690738754695e-17,4.930380657631324e-33,1.1102230246251565e-16,-1.0,4.415826554162371e-17,0.0,2.586215832166341e-16,4.930380657631324e-33,-1.0,3.5
1771.4995770454407,4295.0,3124.5714285714284,13.095238095238095,6.154446008571428e8,1.9523809523809523,3.3306690738754695e-17,4.930380657631324e-33,1.1102230246251565e-16,-1.0,4.415826554162371e-17,0.0,2.586215832166341e-16,4.930380657631324e-33,-1.0,3.5
1776.8121168613434,4307.0,3136.5714285714284,13.095238095238095,6.154446008571428e8,1.9523809523809523,3.3306690738754695e-17,4.930380657631324e-33,1.1102230246251565e-16,-1.0,4.415826554162371e-17,0.0,2.586215832166341e-16,4.930380657631324e-33,-1.0,3.5
1782.1885080337524,4319.0,3148.5714285714284,13.095238095238095,6.154446008571428e8,1.9523809523809523,3.3306690738754695e-17,4.930380657631324e-33,1.1102230246251565e-16,-1.0,4.415826554162371e-17,0.0,2.586215832166341e-16,4.930380657631324e-33,-1.0,3.5
1787.517492055893,4331.0,3160.5714285714284,13.095238095238095,6.154446008571428e8,1.9523809523809523,3.3306690738754695e-17,4.930380657631324e-33,1.1102230246251565e-16,-1.0,4.415826554162371e-17,0.0,2.586215832166341e-16,4.930380657631324e-33,-1.0,3.5
1792.9195969104767,4343.0,3172.5714285714284,13.095238095238095,6.154446008571428e8,1.9523809523809523,3.3306690738754695e-17,4.930380657631324e-33,1.1102230246251565e-16,-1.0,4.415826554162371e-17,0.0,2.586215832166341e-16,4.930380657631324e-33,-1.0,3.5
1798.2268228530884,4355.0,3124.0476190476193,13.095238095238095,6.154446008571428e8,1.9523809523809523,3.3306690738754695e-17,4.930380657631324e-33,1.1102230246251565e-16,-1.0,4.415826554162371e-17,0.0,2.586215832166341e-16,4.930380657631324e-33,-1.0,3.5
