time,generation,mean age hall_of_fame,mean compl,mean recursive_compl,mean n_params,min mae,min mse,min max_ae,min minus_r2,min mare,min q75_are,min max_are,min ms_processed_e,min minus_spearman,max penalty
11.663724899291992,1.0,0.0,7.0,16504.25,1.25,0.36835542357312834,0.19925623484351465,0.941608539858445,-0.8733787534729773,0.7419145152529408,1.1204465836588011,2.6094108814581745,0.19925623484351465,-1.0,0.0
17.19987988471985,7.0,4.8,4.8,61.2,1.4,0.258012828061318,0.1397434063729702,0.941608539858445,-0.9111973368222376,0.5981753405337419,0.8891777891941376,1.0254888072098527,0.1397434063729702,-1.0,0.0
22.538541793823242,20.0,9.8,4.6,107.6,1.4,0.13390029590279373,0.024293150077310623,0.27262071581240266,-0.9845624457007689,0.20571903604752226,0.3041110026112764,0.6008685629115185,0.024293150077310623,-1.0,0.0
27.778769969940186,36.0,13.0,9.375,1.934281369029482e25,2.25,0.029190456339979215,0.0023794269837833074,0.12622041170205345,-0.9984879468843557,0.03641810460897025,0.03812445498118582,0.13404764969636807,0.0023794269837833074,-1.0,0.0
34.255435943603516,47.0,14.7,11.3,8.920298079412502e42,2.6,0.026042039440358433,0.00116060862204378,0.06717902184006075,-0.9992624686973103,0.0326479532489348,0.03579495083903114,0.07847594510173121,0.00116060862204378,-1.0,0.0
40.571377992630005,60.0,16.11111111111111,11.11111111111111,2.0988295635795632e21,2.7777777777777777,0.011225253849251073,0.00019230531673719765,0.022905621544194954,-0.999877795849459,0.024683292483453776,0.030080185228310036,0.10051815296535624,0.00019230531673719765,-1.0,0.0
45.922096967697144,73.0,29.375,10.625,2.3611832414348897e21,2.75,0.011203049431553909,0.00019223233946979312,0.022927570730976843,-0.9998778422242818,0.024717787579496022,0.030126333698219075,0.10079979779878666,0.00019223233946979312,-1.0,0.0
51.33613681793213,86.0,38.55555555555556,12.222222222222221,1.4423046829473293e32,3.2222222222222223,0.011203049431553909,0.00019223233946979312,0.022927570730976843,-0.9998778422242818,0.024717787579496022,0.030126333698219075,0.08968642794026292,0.00019223233946979312,-1.0,0.0
56.35898685455322,98.0,46.3,14.0,1.2980742146525963e32,3.4,0.011203049431553909,0.00019219239880372685,0.022885072156413555,-0.9998778676053542,0.024717787579496022,0.030093766810259593,0.08968642794026292,0.00019219239880372685,-1.0,0.0
61.396732807159424,110.0,43.583333333333336,16.083333333333332,3.806008365930323e45,4.0,0.011203049431553909,0.00019219239880372685,0.022885072156413555,-0.9998778676053542,0.024717787579496022,0.030093766810259593,0.08968642794026292,0.00019219239880372685,-1.0,0.0
66.54292297363281,122.0,51.75,16.083333333333332,3.806008365930323e45,4.083333333333333,0.002007484595677689,2.108755382191134e-5,0.0128771860955752,-0.9999865995041348,0.0020785840099623865,0.0024613335331967394,0.007810704954755163,2.108755382191134e-5,-1.0,0.0
71.88869285583496,135.0,51.38461538461539,14.692307692307692,1.382840872971012e307,3.8461538461538463,0.002775911527047697,1.533859134146094e-5,0.009462428444541482,-0.9999902527940612,0.006896782961436883,0.006616864498283389,0.03243183171240457,1.533859134146094e-5,-1.0,0.0
77.21323490142822,148.0,55.36363636363637,13.363636363636363,1.6342664862384688e307,3.3636363636363638,0.002775911527047697,1.533859134146094e-5,0.009462428444541482,-0.9999902527940612,0.006896782961436883,0.006616864498283389,0.03243183171240457,1.533859134146094e-5,-1.0,0.0
82.22007489204407,160.0,57.5,14.333333333333334,1.4980776123852632e307,3.6666666666666665,0.002775911527047697,1.533859134146094e-5,0.009462428444541482,-0.9999902527940612,0.006896782961436883,0.006616864498283389,0.03243183171240457,1.533859134146094e-5,-1.0,0.0
87.25576996803284,172.0,57.142857142857146,14.785714285714286,1.2840665249016541e307,3.7857142857142856,0.002775911527047697,1.533859134146094e-5,0.009462428444541482,-0.9999902527940612,0.006896782961436883,0.006616864498283389,0.03243183171240457,1.533859134146094e-5,-1.0,0.0
92.62123799324036,185.0,60.25,12.666666666666666,1.4980776123852632e307,3.6666666666666665,0.0014667558880263418,8.406757619911674e-6,0.007883572409874695,-0.9999946577625041,0.0016883057138344158,0.002618448918349727,0.004781810065177045,8.406757619911674e-6,-1.0,0.0
97.93277382850647,198.0,52.0,14.071428571428571,Inf,4.0,0.0011417351569043695,7.584434209731681e-6,0.007646060530140275,-0.999995180323895,0.0007772761977630909,0.00039525295633561613,0.004637746354201221,7.584434209731681e-6,-1.0,0.0
103.21184587478638,211.0,57.666666666666664,13.8,Inf,4.0,0.0011417351569043695,7.584434209731681e-6,0.007646060530140275,-0.999995180323895,0.0007772761977630909,0.00039525295633561613,0.004637746354201221,7.584434209731681e-6,-1.0,0.0
108.52153086662292,224.0,65.2,13.6,Inf,4.066666666666666,0.0011417351569043695,7.584434209731681e-6,0.007646060530140275,-0.999995180323895,0.0007772761977630909,0.00039525295633561613,0.004637746354201221,7.584434209731681e-6,-1.0,0.0
113.85447192192078,237.0,77.61538461538461,12.615384615384615,2.165196258484869e13,3.6923076923076925,0.0011417351569043695,7.584434209731681e-6,0.007646060530140275,-0.999995180323895,0.0007772761977630909,0.00039525295633561613,0.004637746354201221,7.584434209731681e-6,-1.0,0.0
119.15957188606262,250.0,81.0,12.615384615384615,2.165196258484869e13,3.6923076923076925,0.0011417351569043695,7.584434209731681e-6,0.007646060530140275,-0.999995180323895,0.0007772761977630909,0.00039525295633561613,0.004637746354201221,7.584434209731681e-6,-1.0,0.0
124.16059279441833,262.0,92.61538461538461,12.615384615384615,2.165196258484869e13,3.6923076923076925,0.0011417351569043695,7.584434209731681e-6,0.007646060530140275,-0.999995180323895,0.0007772761977630909,0.00039525295633561613,0.004637746354201221,7.584434209731681e-6,-1.0,0.0
129.3180627822876,274.0,76.05882352941177,15.176470588235293,5.689062680705005e23,4.0588235294117645,0.0013369339902765767,4.251934589274966e-6,0.0051947187118426275,-0.9999972980255385,0.0023242965327298806,0.00268110090479409,0.009980866054577889,4.251934589274966e-6,-1.0,0.0
134.72891092300415,286.0,86.88235294117646,15.117647058823529,2.0696721046072234e13,4.0,0.0013369339902765767,4.251934589274966e-6,0.0051947187118426275,-0.9999972980255385,0.0023242965327298806,0.00268110090479409,0.009980866054577889,4.251934589274966e-6,-1.0,0.0
140.07054901123047,298.0,82.52941176470588,15.117647058823529,2.0696721046072234e13,4.0,0.0013369339902765767,4.251934589274966e-6,0.0051947187118426275,-0.9999972980255385,0.0023242965327298806,0.00268110090479409,0.009980866054577889,4.251934589274966e-6,-1.0,0.0
146.00838088989258,308.0,81.22222222222223,14.666666666666666,1.954690321019361e13,3.888888888888889,0.0013369339902765767,4.251934589274966e-6,0.0051947187118426275,-0.9999972980255385,0.0023242965327298806,0.00268110090479409,0.009980866054577889,4.251934589274966e-6,-1.0,0.0
151.2499349117279,322.0,90.10526315789474,14.421052631578947,2.4377281944698145e76,3.8421052631578947,0.0013369339902765767,4.251934589274966e-6,0.0051947187118426275,-0.9999972980255385,0.0023242965327298806,0.00268110090479409,0.009980866054577889,4.251934589274966e-6,-1.0,0.0
156.51404881477356,336.0,92.17647058823529,12.882352941176471,2.724519746760381e76,3.588235294117647,0.0012982053735881485,3.755079443434201e-6,0.0047906531461544555,-0.9999976137617962,0.001973363290128245,0.003322285204159099,0.0053566432671222405,3.755079443434201e-6,-1.0,0.0
161.5341727733612,349.0,74.58823529411765,13.823529411764707,2.0696721046040707e13,3.764705882352941,0.001031651799443889,1.5806364862022358e-6,0.0022635119052338837,-0.9999989955538288,0.0018624634240568241,0.0022513420017548236,0.0053566432671222405,1.5806364862022358e-6,-1.0,0.0
166.8457109928131,363.0,76.875,13.1875,2.19902661101905e13,3.6875,0.001031651799443889,1.5806364862022358e-6,0.0022635119052338837,-0.9999989955538288,0.0018624634240568241,0.0022513420017548236,0.0053566432671222405,1.5806364862022358e-6,-1.0,0.0
171.85763597488403,376.0,80.125,13.1875,2.19902661101905e13,3.6875,0.001031651799443889,1.5806364862022358e-6,0.0022635119052338837,-0.9999989955538288,0.0018624355737958973,0.0022513367188202738,0.0053566432671222405,1.5806364862022358e-6,-1.0,0.0
177.21368789672852,390.0,63.4375,13.1875,2.199026611019475e13,3.6875,0.001031651799443889,1.5806364862022358e-6,0.0022635119052338837,-0.9999989955538288,0.0018624088611689535,0.0022513297274809334,0.0053566432671222405,1.5806364862022358e-6,-1.0,0.0
182.57154488563538,404.0,69.94117647058823,13.470588235294118,2.170225881863345e18,3.823529411764706,0.0008449560491227612,1.0480832299793632e-6,0.00177859087355108,-0.9999993339751444,0.0018624088611689535,0.0022513297274809334,0.0053566432671222405,1.0480832299793632e-6,-1.0,0.0
187.64347791671753,417.0,72.76470588235294,13.470588235294118,2.170225881863345e18,3.823529411764706,0.0008449560491227612,1.0480832299793632e-6,0.00177859087355108,-0.9999993339751444,0.001973363290128245,0.0025507094847106006,0.0053566432671222405,1.0480832299793632e-6,-1.0,0.0
192.71537494659424,430.0,81.5,12.6875,2.305864999479804e18,3.75,0.0008449560491227612,1.0480832299793632e-6,0.00177859087355108,-0.9999993339751444,0.0008475394442313612,0.0005624888567097137,0.004583057117112381,1.0480832299793632e-6,-1.0,0.0
197.75447487831116,443.0,94.3125,12.6875,2.305864999479804e18,3.75,0.0008449560491227612,1.0480832299793632e-6,0.00177859087355108,-0.9999993339751444,0.0008469936723141608,0.0005622536773500348,0.004582101679571594,1.0480832299793632e-6,-1.0,0.0
203.09628582000732,457.0,85.88888888888889,13.944444444444445,9.987184082568421e306,4.055555555555555,0.0008449560491227612,1.0480832299793632e-6,0.00177859087355108,-0.9999993339751444,0.0008469936723141608,0.0005622536773500348,0.004582101679571594,1.0480832299793632e-6,-1.0,0.0
208.13659501075745,470.0,87.75,13.6875,1.1235582092889473e307,3.9375,0.0008237915287050407,1.0417766514827256e-6,0.0018005621648880955,-0.9999993379827823,0.0008469936723141608,0.0005622536773500348,0.004582101679571594,1.0417766514827256e-6,-1.0,0.0
213.13835787773132,483.0,94.52941176470588,14.588235294117647,1.0574665499190092e307,4.117647058823529,0.0008238022492687413,9.521199222887493e-7,0.0015526274744614987,-0.999999394956893,0.0008469936723141608,0.0005622536773500348,0.004582101679571594,9.521199222887493e-7,-1.0,0.0
218.19681787490845,496.0,98.76470588235294,14.588235294117647,1.0574665499190092e307,4.176470588235294,0.0007257211448358931,7.421233258754767e-7,0.0015007824166293204,-0.9999995284033111,0.0008469936723141608,0.0005622536773500348,0.004582101679571594,7.421233258754767e-7,-1.0,0.0
223.25411796569824,509.0,106.47058823529412,14.588235294117647,1.0574665499190092e307,4.235294117647059,0.0007257211448358931,7.421233258754767e-7,0.0015007824166293204,-0.9999995284033111,0.0008469936723141608,0.0005622536773500348,0.004582101679571594,7.421233258754767e-7,-1.0,0.0
228.61720991134644,523.0,120.47058823529412,14.588235294117647,1.0574665499190092e307,4.235294117647059,0.0007257211448358931,7.421233258754767e-7,0.0015007824166293204,-0.9999995284033111,0.0008469936723141608,0.0005622536773500348,0.004582101679571594,7.421233258754767e-7,-1.0,0.0
233.6284430027008,536.0,119.88888888888889,14.944444444444445,9.987184082568421e306,4.388888888888889,0.0007257211448358931,7.421233258754767e-7,0.0015007824166293204,-0.9999995284033111,0.0008469936723141608,0.0005622536773500348,0.004582101679571594,7.421233258754767e-7,-1.0,0.0
238.98722982406616,550.0,125.63157894736842,14.894736842105264,9.46154281506482e306,4.368421052631579,0.0007257211448358931,7.421233258754767e-7,0.0015007824166293204,-0.9999995284033111,0.0008469936723141608,0.0005622536773500348,0.004582101679571594,7.421233258754767e-7,-1.0,0.0
244.0392768383026,563.0,130.73684210526315,15.210526315789474,9.46154281506482e306,4.473684210526316,0.0007257211448358931,7.421233258754767e-7,0.0015007824166293204,-0.9999995284033111,0.0008469936723141608,0.0005622536773500348,0.004582101679571594,7.421233258754767e-7,-1.0,0.0
249.1374969482422,576.0,136.65,15.65,8.988465674311579e306,4.55,0.0007257211448358931,7.421233258754767e-7,0.0015007824166293204,-0.9999995284033111,0.0008469936723141608,0.0005622536773500348,0.004582101679571594,7.421233258754767e-7,-1.0,0.0
254.50305485725403,590.0,139.42857142857142,15.571428571428571,8.560443499344361e306,4.523809523809524,0.0007257211448358931,7.421233258754767e-7,0.0015007824166293204,-0.9999995284033111,0.0008469936723141608,0.0005622536773500348,0.004582101679571594,7.421233258754767e-7,-1.0,0.0
259.8120768070221,604.0,142.66666666666666,15.571428571428571,8.560443499344361e306,4.476190476190476,0.0007257211448358931,7.421233258754767e-7,0.0015007824166293204,-0.9999995284033111,0.0014618189400779056,0.0017664187669913524,0.004433526848449269,7.421233258754767e-7,-1.0,0.0
265.1578788757324,618.0,156.66666666666666,15.571428571428571,8.560443499344361e306,4.476190476190476,0.0007257211448358931,7.421233258754767e-7,0.0015007824166293204,-0.9999995284033111,0.0014618189400779056,0.0017664187669913524,0.004433526848449269,7.421233258754767e-7,-1.0,0.0
270.51464581489563,632.0,164.33333333333334,15.571428571428571,8.560443499344361e306,4.476190476190476,0.0007257211448358931,7.421233258754767e-7,0.0015007824166293204,-0.9999995284033111,0.0014618189400779056,0.0017664187669913524,0.004433526848449269,7.421233258754767e-7,-1.0,0.0
275.88486886024475,646.0,155.05,15.3,1.2420144738405672e231,4.35,0.0007257211448358931,7.421233258754767e-7,0.0015007824166293204,-0.9999995284033111,0.0014618189400779056,0.0017664187669913524,0.004433526848449269,7.421233258754767e-7,-1.0,0.0
281.2428698539734,660.0,160.3,15.25,1.2420144738405672e231,4.3,0.0006723569927154302,7.189706609532376e-7,0.0015356679648344572,-0.9999995431161219,0.0014618189400779056,0.0026545434412839266,0.004433526848449269,7.189706609532376e-7,-1.0,0.0
286.2445158958435,673.0,169.9,15.25,1.2420144738405672e231,4.3,0.0006723569927154302,7.189706609532376e-7,0.0015356679648344572,-0.9999995431161219,0.0014618189400779056,0.0026545434412839266,0.004433526848449269,7.189706609532376e-7,-1.0,0.0
291.3040928840637,686.0,175.15,15.25,1.2420144738405672e231,4.3,0.0006723569927154302,7.189706609532376e-7,0.0015356679648344572,-0.9999995431161219,0.0014618189400779056,0.0026545434412839266,0.004433526848449269,7.189706609532376e-7,-1.0,0.0
296.64080286026,700.0,176.66666666666666,15.333333333333334,3.692299988345163e34,4.333333333333333,0.0006723569927154302,7.189706609532376e-7,0.0015356679648344572,-0.9999995431161219,0.0014618189400779056,0.0026545434412839266,0.004433526848449269,7.189706609532376e-7,-1.0,0.0
301.9660348892212,714.0,189.05555555555554,15.333333333333334,3.692299988345163e34,4.277777777777778,0.0006723569927154302,7.189706609532376e-7,0.0015356679648344572,-0.9999995431161219,0.0014618189400779056,0.0026343329794484053,0.004433526848449269,7.189706609532376e-7,-1.0,0.0
307.0123209953308,727.0,202.05555555555554,15.333333333333334,3.692299988345163e34,4.277777777777778,0.0006723569927154302,7.189706609532376e-7,0.0015356679648344572,-0.9999995431161219,0.0014618189400779056,0.0026343329794484053,0.004433526848449269,7.189706609532376e-7,-1.0,0.0
312.3739128112793,741.0,192.57894736842104,15.631578947368421,9.46154281506482e306,4.473684210526316,2.9985473780469804e-5,4.320973475063867e-9,0.00017397049939082976,-0.9999999972541534,2.2113918868155863e-5,1.8380764682440277e-5,0.00010552245121627154,4.320973475063867e-9,-1.0,0.0
317.4098858833313,754.0,204.42105263157896,15.631578947368421,9.46154281506482e306,4.473684210526316,2.998496845820434e-5,4.320844476463378e-9,0.00017396812254633076,-0.9999999972542354,2.2109422105605038e-5,1.8356308513251443e-5,0.00010552100953243105,4.320844476463378e-9,-1.0,0.0
322.50394678115845,767.0,216.10526315789474,15.631578947368421,9.46154281506482e306,4.473684210526316,2.9984022752053482e-5,4.3207342934761795e-9,0.0001739665391564671,-0.9999999972543054,2.2102641801012393e-5,1.832022031627441e-5,0.0001055200491214405,4.3207342934761795e-9,-1.0,0.0
327.5884368419647,780.0,227.52631578947367,15.631578947368421,9.46154281506482e306,4.473684210526316,2.9983584936124687e-5,4.320721001464023e-9,0.0001739666284523711,-0.9999999972543139,2.2099969240879304e-5,1.8306274342999212e-5,0.00010552010328420204,4.320721001464023e-9,-1.0,0.0
332.62106800079346,793.0,232.68421052631578,15.631578947368421,9.46154281506482e306,4.473684210526316,2.9983584936124687e-5,4.320721001464023e-9,0.0001739666284523711,-0.9999999972543139,2.2099969240879304e-5,1.8306274342999212e-5,0.00010552010328420204,4.320721001464023e-9,-1.0,0.0
337.7187957763672,806.0,245.68421052631578,15.631578947368421,9.46154281506482e306,4.473684210526316,2.9983584936124687e-5,4.320721001464023e-9,0.0001739666284523711,-0.9999999972543139,2.2099969240879304e-5,1.8306274342999212e-5,0.00010552010328420204,4.320721001464023e-9,-1.0,0.0
342.81112694740295,819.0,258.6842105263158,15.631578947368421,9.46154281506482e306,4.473684210526316,2.9983584936124687e-5,4.320721001464023e-9,0.0001739666284523711,-0.9999999972543139,2.2099969240879304e-5,1.8306274342999212e-5,0.00010552010328420204,4.320721001464023e-9,-1.0,0.0
347.95925998687744,832.0,263.94736842105266,15.631578947368421,9.46154281506482e306,4.473684210526316,2.9983584936124687e-5,4.320721001464023e-9,0.0001739666284523711,-0.9999999972543139,2.2099969240879304e-5,1.8306274342999212e-5,0.00010552010328420204,4.320721001464023e-9,-1.0,0.0
353.17648696899414,845.0,266.2105263157895,15.631578947368421,9.46154281506482e306,4.473684210526316,2.9983584936124687e-5,4.320721001464023e-9,0.0001739666284523711,-0.9999999972543139,2.2099969240879304e-5,1.8306274342999212e-5,0.00010552010328420204,4.320721001464023e-9,-1.0,0.0
358.28534483909607,858.0,279.2105263157895,15.631578947368421,9.46154281506482e306,4.473684210526316,2.9983584936124687e-5,4.320721001464023e-9,0.0001739666284523711,-0.9999999972543139,2.2099969240879304e-5,1.8306274342999212e-5,0.00010552010328420204,4.320721001464023e-9,-1.0,0.0
363.45514392852783,871.0,257.95,15.55,8.988465674311579e306,4.5,2.9983584936124687e-5,4.320721001464023e-9,0.0001739666284523711,-0.9999999972543139,2.2099969240879304e-5,1.8306274342999212e-5,0.00010552010328420204,4.320721001464023e-9,-1.0,0.0
368.57041692733765,884.0,260.25,15.55,8.988465674311579e306,4.5,2.9983584936124687e-5,4.320721001464023e-9,0.0001739666284523711,-0.9999999972543139,2.2099969240879304e-5,1.8306274342999212e-5,0.00010552010328420204,4.320721001464023e-9,-1.0,0.0
373.7289159297943,897.0,270.4,15.55,8.988465674311579e306,4.5,2.9983584936124687e-5,4.320721001464023e-9,0.0001739666284523711,-0.9999999972543139,2.2099969240879304e-5,1.8306274342999212e-5,0.00010552010328420204,4.320721001464023e-9,-1.0,0.0
378.92887687683105,910.0,265.3,15.5,8.988465674311579e306,4.55,2.9983584936124687e-5,4.320721001464023e-9,0.0001739666284523711,-0.9999999972543139,2.2099969240879304e-5,1.8306274342999212e-5,0.00010552010328420204,4.320721001464023e-9,-1.0,0.0
384.1268479824066,923.0,278.3,15.5,8.988465674311579e306,4.55,2.9983584936124687e-5,4.320721001464023e-9,0.0001739666284523711,-0.9999999972543139,2.2099969240879304e-5,1.8306274342999212e-5,0.00010552010328420204,4.320721001464023e-9,-1.0,0.0
389.43650794029236,936.0,289.85,15.5,8.988465674311579e306,4.55,2.9983584936124687e-5,4.320721001464023e-9,0.0001739666284523711,-0.9999999972543139,2.2099969240879304e-5,1.8306274342999212e-5,0.00010552010328420204,4.320721001464023e-9,-1.0,0.0
394.6958339214325,949.0,274.7,15.5,8.988465674311579e306,4.55,2.9983584936124687e-5,4.320721001464023e-9,0.0001739666284523711,-0.9999999972543139,2.2099969240879304e-5,1.8306274342999212e-5,0.00010552010328420204,4.320721001464023e-9,-1.0,0.0
399.97252583503723,962.0,276.4,15.5,8.988465674311579e306,4.55,2.9983584936124687e-5,4.320721001464023e-9,0.0001739666284523711,-0.9999999972543139,2.2099969240879304e-5,1.8306274342999212e-5,0.00010552010328420204,4.320721001464023e-9,-1.0,0.0
405.19858288764954,975.0,260.85,15.5,8.988465674311579e306,4.55,2.9983584936124687e-5,4.320721001464023e-9,0.0001739666284523711,-0.9999999972543139,2.2099969240879304e-5,1.8306274342999212e-5,0.00010552010328420204,4.320721001464023e-9,-1.0,0.0
410.4399559497833,988.0,268.3,15.5,8.988465674311579e306,4.55,2.9983584936124687e-5,4.320721001464023e-9,0.0001739666284523711,-0.9999999972543139,2.2099969240879304e-5,1.8306274342999212e-5,0.00010552010328420204,4.320721001464023e-9,-1.0,0.0
415.7174220085144,1001.0,281.2,15.5,8.988465674311579e306,4.55,2.9983584936124687e-5,4.320721001464023e-9,0.0001739666284523711,-0.9999999972543139,2.2099969240879304e-5,1.8306274342999212e-5,0.00010552010328420204,4.320721001464023e-9,-1.0,0.0
420.9496958255768,1014.0,282.95,15.5,8.988465674311579e306,4.55,1.5297142761773153e-5,9.94849267530753e-10,8.406500360957914e-5,-0.9999999993678037,1.810316754820901e-5,1.9270280882158227e-5,8.927808112511054e-5,9.94849267530753e-10,-1.0,0.0
426.18764781951904,1027.0,295.95,15.5,8.988465674311579e306,4.55,1.5297142761773153e-5,9.94849267530753e-10,8.406500360957914e-5,-0.9999999993678037,1.810316754820901e-5,1.9270280882158227e-5,8.927808112511054e-5,9.94849267530753e-10,-1.0,0.0
431.507043838501,1040.0,294.63157894736844,15.578947368421053,9.46154281506482e306,4.578947368421052,1.5297142761773153e-5,9.94849267530753e-10,8.406500360957914e-5,-0.9999999993678037,1.810316754820901e-5,1.9270280882158227e-5,8.927808112511054e-5,9.94849267530753e-10,-1.0,0.0
436.78037881851196,1053.0,307.36842105263156,15.578947368421053,9.46154281506482e306,4.578947368421052,1.5297142761773153e-5,9.94849267530753e-10,8.406500360957914e-5,-0.9999999993678037,1.810316754820901e-5,1.9270280882158227e-5,8.927808112511054e-5,9.94849267530753e-10,-1.0,0.0
442.1084358692169,1066.0,315.6842105263158,15.578947368421053,9.46154281506482e306,4.578947368421052,1.5297142761773153e-5,9.94849267530753e-10,8.406500360957914e-5,-0.9999999993678037,1.810316754820901e-5,1.9270280882158227e-5,8.927808112511054e-5,9.94849267530753e-10,-1.0,0.0
447.38149881362915,1079.0,326.8421052631579,15.578947368421053,9.46154281506482e306,4.578947368421052,1.5297142761773153e-5,9.94849267530753e-10,8.406500360957914e-5,-0.9999999993678037,1.810316754820901e-5,1.9270280882158227e-5,8.927808112511054e-5,9.94849267530753e-10,-1.0,0.0
452.6345160007477,1092.0,339.10526315789474,15.578947368421053,9.46154281506482e306,4.578947368421052,1.5297142761773153e-5,9.94849267530753e-10,8.406500360957914e-5,-0.9999999993678037,1.810316754820901e-5,1.9270280882158227e-5,8.927808112511054e-5,9.94849267530753e-10,-1.0,0.0
457.8773958683014,1105.0,322.36842105263156,15.578947368421053,9.46154281506482e306,4.578947368421052,1.5297142761773153e-5,9.94849267530753e-10,8.406500360957914e-5,-0.9999999993678037,1.810316754820901e-5,1.9270280882158227e-5,8.927808112511054e-5,9.94849267530753e-10,-1.0,0.0
463.2135808467865,1118.0,334.5263157894737,15.578947368421053,9.46154281506482e306,4.578947368421052,1.5297142761773153e-5,9.94849267530753e-10,8.406500360957914e-5,-0.9999999993678037,1.810316754820901e-5,1.9270280882158227e-5,8.927808112511054e-5,9.94849267530753e-10,-1.0,0.0
468.4564847946167,1131.0,347.05263157894734,15.578947368421053,9.46154281506482e306,4.578947368421052,1.5297142761773153e-5,9.94849267530753e-10,8.406500360957914e-5,-0.9999999993678037,1.810316754820901e-5,1.9270280882158227e-5,8.927808112511054e-5,9.94849267530753e-10,-1.0,0.0
473.723867893219,1144.0,358.05263157894734,15.578947368421053,Inf,4.578947368421052,1.5297142761773153e-5,9.94849267530753e-10,8.406500360957914e-5,-0.9999999993678037,1.810316754820901e-5,1.9270280882158227e-5,8.927808112511054e-5,9.94849267530753e-10,-1.0,0.0
479.10037183761597,1157.0,371.05263157894734,15.578947368421053,Inf,4.578947368421052,1.5297142761773153e-5,9.94849267530753e-10,8.406500360957914e-5,-0.9999999993678037,1.810316754820901e-5,1.9270280882158227e-5,8.927808112511054e-5,9.94849267530753e-10,-1.0,0.0
484.1587607860565,1169.0,383.05263157894734,15.578947368421053,Inf,4.578947368421052,1.5297142761773153e-5,9.94849267530753e-10,8.406500360957914e-5,-0.9999999993678037,1.810316754820901e-5,1.9270280882158227e-5,8.927808112511054e-5,9.94849267530753e-10,-1.0,0.0
489.16697883605957,1181.0,395.05263157894734,15.578947368421053,Inf,4.578947368421052,1.5297142761773153e-5,9.94849267530753e-10,8.406500360957914e-5,-0.9999999993678037,1.810316754820901e-5,1.9270280882158227e-5,8.927808112511054e-5,9.94849267530753e-10,-1.0,0.0
494.564080953598,1194.0,408.05263157894734,15.578947368421053,Inf,4.578947368421052,1.5297142761773153e-5,9.94849267530753e-10,8.406500360957914e-5,-0.9999999993678037,1.810316754820901e-5,1.9270280882158227e-5,8.927808112511054e-5,9.94849267530753e-10,-1.0,0.0
499.8964219093323,1207.0,421.05263157894734,15.578947368421053,Inf,4.578947368421052,1.5297142761773153e-5,9.94849267530753e-10,8.406500360957914e-5,-0.9999999993678037,1.810316754820901e-5,1.9270280882158227e-5,8.927808112511054e-5,9.94849267530753e-10,-1.0,0.0
504.95154094696045,1219.0,428.7368421052632,15.578947368421053,Inf,4.578947368421052,1.5297142761773153e-5,9.94849267530753e-10,8.406500360957914e-5,-0.9999999993678037,1.810316754820901e-5,1.9270280882158227e-5,8.927808112511054e-5,9.94849267530753e-10,-1.0,0.0
510.2962348461151,1232.0,428.5263157894737,15.578947368421053,Inf,4.578947368421052,1.5297142761773153e-5,9.94849267530753e-10,8.406500360957914e-5,-0.9999999993678037,1.810316754820901e-5,1.9270280882158227e-5,8.927808112511054e-5,9.94849267530753e-10,-1.0,0.0
515.6542339324951,1245.0,441.5263157894737,15.578947368421053,Inf,4.578947368421052,1.5297142761773153e-5,9.94849267530753e-10,8.406500360957914e-5,-0.9999999993678037,1.810316754820901e-5,1.9270280882158227e-5,8.927808112511054e-5,9.94849267530753e-10,-1.0,0.0
520.6688208580017,1257.0,438.63157894736844,15.578947368421053,Inf,4.578947368421052,1.5297142761773153e-5,9.94849267530753e-10,8.406500360957914e-5,-0.9999999993678037,1.810316754820901e-5,1.9270280882158227e-5,8.927808112511054e-5,9.94849267530753e-10,-1.0,0.0
525.990996837616,1270.0,451.63157894736844,15.578947368421053,Inf,4.578947368421052,1.5297142761773153e-5,9.94849267530753e-10,8.406500360957914e-5,-0.9999999993678037,1.810316754820901e-5,1.9270280882158227e-5,8.927808112511054e-5,9.94849267530753e-10,-1.0,0.0
530.991180896759,1282.0,463.63157894736844,15.578947368421053,Inf,4.578947368421052,1.5297142761773153e-5,9.94849267530753e-10,8.406500360957914e-5,-0.9999999993678037,1.810316754820901e-5,1.9270280882158227e-5,8.927808112511054e-5,9.94849267530753e-10,-1.0,0.0
536.3714318275452,1295.0,476.63157894736844,15.578947368421053,Inf,4.578947368421052,1.5297142761773153e-5,9.94849267530753e-10,8.406500360957914e-5,-0.9999999993678037,1.810316754820901e-5,1.9270280882158227e-5,8.927808112511054e-5,9.94849267530753e-10,-1.0,0.0
541.7026109695435,1308.0,477.10526315789474,15.578947368421053,Inf,4.578947368421052,1.5297142761773153e-5,9.94849267530753e-10,8.406500360957914e-5,-0.9999999993678037,1.810316754820901e-5,1.9270280882158227e-5,8.927808112511054e-5,9.94849267530753e-10,-1.0,0.0
547.1144919395447,1321.0,490.10526315789474,15.578947368421053,Inf,4.578947368421052,1.5297142761773153e-5,9.94849267530753e-10,8.406500360957914e-5,-0.9999999993678037,1.810316754820901e-5,1.9270280882158227e-5,8.927808112511054e-5,9.94849267530753e-10,-1.0,0.0
552.4893298149109,1334.0,453.05263157894734,15.578947368421053,Inf,4.578947368421052,1.5297142761773153e-5,9.94849267530753e-10,8.406500360957914e-5,-0.9999999993678037,1.810316754820901e-5,1.9270280882158227e-5,8.927808112511054e-5,9.94849267530753e-10,-1.0,0.0
557.9088649749756,1347.0,416.0,15.578947368421053,Inf,4.578947368421052,1.5297142761773153e-5,9.94849267530753e-10,8.406500360957914e-5,-0.9999999993678037,1.810316754820901e-5,1.9270280882158227e-5,8.927808112511054e-5,9.94849267530753e-10,-1.0,0.0
562.961187839508,1359.0,414.7894736842105,15.578947368421053,Inf,4.578947368421052,1.5297142761773153e-5,9.94849267530753e-10,8.406500360957914e-5,-0.9999999993678037,1.810316754820901e-5,1.9270280882158227e-5,8.927808112511054e-5,9.94849267530753e-10,-1.0,0.0
568.30006980896,1372.0,427.10526315789474,15.578947368421053,Inf,4.578947368421052,1.5297142761773153e-5,9.94849267530753e-10,8.406500360957914e-5,-0.9999999993678037,1.810316754820901e-5,1.9270280882158227e-5,8.927808112511054e-5,9.94849267530753e-10,-1.0,0.0
573.592278957367,1385.0,452.22222222222223,15.11111111111111,Inf,4.5,1.5297142761773153e-5,9.94849267530753e-10,8.406500360957914e-5,-0.9999999993678037,1.810316754820901e-5,1.9270280882158227e-5,8.927808112511054e-5,9.94849267530753e-10,-1.0,0.0
578.8940868377686,1398.0,467.8235294117647,14.823529411764707,1.0574665499190092e307,4.470588235294118,1.5297142761773153e-5,9.94849267530753e-10,8.406500360957914e-5,-0.9999999993678037,1.810316754820901e-5,1.9270280882158227e-5,8.927808112511054e-5,9.94849267530753e-10,-1.0,0.0
584.251128911972,1411.0,453.7647058823529,14.823529411764707,1.0574665499190092e307,4.470588235294118,1.5297142761773153e-5,9.94849267530753e-10,8.406500360957914e-5,-0.9999999993678037,1.810316754820901e-5,1.9270280882158227e-5,8.927808112511054e-5,9.94849267530753e-10,-1.0,0.0
589.5461838245392,1424.0,466.7647058823529,14.823529411764707,1.0574665499190092e307,4.470588235294118,1.5297142761773153e-5,9.94849267530753e-10,8.406500360957914e-5,-0.9999999993678037,1.810316754820901e-5,1.9270280882158227e-5,8.927808112511054e-5,9.94849267530753e-10,-1.0,0.0
594.901645898819,1437.0,479.7647058823529,14.823529411764707,1.0574665499190092e307,4.470588235294118,1.5297142761773153e-5,9.94849267530753e-10,8.406500360957914e-5,-0.9999999993678037,1.810316754820901e-5,1.9270280882158227e-5,8.927808112511054e-5,9.94849267530753e-10,-1.0,0.0
600.166296005249,1450.0,490.11764705882354,14.823529411764707,1.0574665499190092e307,4.470588235294118,1.5297142761773153e-5,9.94849267530753e-10,8.406500360957914e-5,-0.9999999993678037,1.810316754820901e-5,1.9270280882158227e-5,8.927808112511054e-5,9.94849267530753e-10,-1.0,0.0
605.2180769443512,1462.0,495.2352941176471,14.823529411764707,1.0574665499190092e307,4.470588235294118,1.5297142761773153e-5,9.94849267530753e-10,8.406500360957914e-5,-0.9999999993678037,1.810316754820901e-5,1.9270280882158227e-5,8.927808112511054e-5,9.94849267530753e-10,-1.0,0.0
610.6018288135529,1475.0,508.2352941176471,14.823529411764707,1.0574665499190092e307,4.470588235294118,1.5297142761773153e-5,9.94849267530753e-10,8.406500360957914e-5,-0.9999999993678037,1.810316754820901e-5,1.9270280882158227e-5,8.927808112511054e-5,9.94849267530753e-10,-1.0,0.0
615.6899909973145,1487.0,520.2352941176471,14.823529411764707,1.0574665499190092e307,4.470588235294118,1.5297142761773153e-5,9.94849267530753e-10,8.406500360957914e-5,-0.9999999993678037,1.810316754820901e-5,1.9270280882158227e-5,8.927808112511054e-5,9.94849267530753e-10,-1.0,0.0
620.7907228469849,1499.0,487.94444444444446,14.777777777777779,9.987184082568421e306,4.444444444444445,1.5297142761773153e-5,9.94849267530753e-10,8.406500360957914e-5,-0.9999999993678037,1.810316754820901e-5,1.9270280882158227e-5,8.927808112511054e-5,9.94849267530753e-10,-1.0,0.0
625.8668329715729,1511.0,499.94444444444446,14.777777777777779,9.987184082568421e306,4.444444444444445,1.5297142761773153e-5,9.94849267530753e-10,8.406500360957914e-5,-0.9999999993678037,1.810316754820901e-5,1.9270280882158227e-5,8.927808112511054e-5,9.94849267530753e-10,-1.0,0.0
631.2936859130859,1524.0,512.9444444444445,14.777777777777779,9.987184082568421e306,4.444444444444445,1.5297142761773153e-5,9.94849267530753e-10,8.406500360957914e-5,-0.9999999993678037,1.810316754820901e-5,1.9270280882158227e-5,8.927808112511054e-5,9.94849267530753e-10,-1.0,0.0
636.3227589130402,1536.0,524.9444444444445,14.777777777777779,9.987184082568421e306,4.444444444444445,1.5297142761773153e-5,9.94849267530753e-10,8.406500360957914e-5,-0.9999999993678037,1.810316754820901e-5,1.9270280882158227e-5,8.927808112511054e-5,9.94849267530753e-10,-1.0,0.0
641.4015438556671,1548.0,529.2777777777778,14.777777777777779,9.987184082568421e306,4.444444444444445,1.5297142761773153e-5,9.94849267530753e-10,8.406500360957914e-5,-0.9999999993678037,1.810316754820901e-5,1.9270280882158227e-5,8.927808112511054e-5,9.94849267530753e-10,-1.0,0.0
646.511335849762,1560.0,541.2777777777778,14.777777777777779,9.987184082568421e306,4.444444444444445,1.5297142761773153e-5,9.94849267530753e-10,8.406500360957914e-5,-0.9999999993678037,1.810316754820901e-5,1.9270280882158227e-5,8.927808112511054e-5,9.94849267530753e-10,-1.0,0.0
651.5534448623657,1572.0,553.2777777777778,14.777777777777779,9.987184082568421e306,4.444444444444445,1.5297142761773153e-5,9.94849267530753e-10,8.406500360957914e-5,-0.9999999993678037,1.810316754820901e-5,1.9270280882158227e-5,8.927808112511054e-5,9.94849267530753e-10,-1.0,0.0
656.6967117786407,1584.0,565.2777777777778,14.777777777777779,9.987184082568421e306,4.444444444444445,1.5297142761773153e-5,9.94849267530753e-10,8.406500360957914e-5,-0.9999999993678037,1.810316754820901e-5,1.9270280882158227e-5,8.927808112511054e-5,9.94849267530753e-10,-1.0,0.0
661.8273229598999,1596.0,577.2777777777778,14.777777777777779,9.987184082568421e306,4.444444444444445,1.5297142761773153e-5,9.94849267530753e-10,8.406500360957914e-5,-0.9999999993678037,1.810316754820901e-5,1.9270280882158227e-5,8.927808112511054e-5,9.94849267530753e-10,-1.0,0.0
666.9567518234253,1608.0,583.1666666666666,14.777777777777779,9.987184082568421e306,4.444444444444445,1.5297142761773153e-5,9.94849267530753e-10,8.406500360957914e-5,-0.9999999993678037,1.810316754820901e-5,1.9270280882158227e-5,8.927808112511054e-5,9.94849267530753e-10,-1.0,0.0
672.0580699443817,1620.0,595.1666666666666,14.777777777777779,9.987184082568421e306,4.444444444444445,1.5297142761773153e-5,9.94849267530753e-10,8.406500360957914e-5,-0.9999999993678037,1.810316754820901e-5,1.9270280882158227e-5,8.927808112511054e-5,9.94849267530753e-10,-1.0,0.0
677.1446318626404,1632.0,607.1666666666666,14.777777777777779,9.987184082568421e306,4.444444444444445,1.5297142761773153e-5,9.94849267530753e-10,8.406500360957914e-5,-0.9999999993678037,1.810316754820901e-5,1.9270280882158227e-5,8.927808112511054e-5,9.94849267530753e-10,-1.0,0.0
682.2565670013428,1644.0,619.1666666666666,14.777777777777779,9.987184082568421e306,4.444444444444445,1.5297142761773153e-5,9.94849267530753e-10,8.406500360957914e-5,-0.9999999993678037,1.810316754820901e-5,1.9270280882158227e-5,8.927808112511054e-5,9.94849267530753e-10,-1.0,0.0
687.3080399036407,1656.0,631.1666666666666,14.777777777777779,9.987184082568421e306,4.444444444444445,1.5297142761773153e-5,9.94849267530753e-10,8.406500360957914e-5,-0.9999999993678037,1.810316754820901e-5,1.9270280882158227e-5,8.927808112511054e-5,9.94849267530753e-10,-1.0,0.0
692.3141648769379,1668.0,643.1666666666666,14.777777777777779,9.987184082568421e306,4.444444444444445,1.5297142761773153e-5,9.94849267530753e-10,8.406500360957914e-5,-0.9999999993678037,1.810316754820901e-5,1.9270280882158227e-5,8.927808112511054e-5,9.94849267530753e-10,-1.0,0.0
697.4529328346252,1680.0,655.1666666666666,14.777777777777779,9.987184082568421e306,4.444444444444445,1.5297142761773153e-5,9.94849267530753e-10,8.406500360957914e-5,-0.9999999993678037,1.810316754820901e-5,1.9270280882158227e-5,8.927808112511054e-5,9.94849267530753e-10,-1.0,0.0
702.836975812912,1693.0,668.1666666666666,14.777777777777779,9.987184082568421e306,4.444444444444445,1.5297142761773153e-5,9.94849267530753e-10,8.406500360957914e-5,-0.9999999993678037,1.810316754820901e-5,1.9270280882158227e-5,8.927808112511054e-5,9.94849267530753e-10,-1.0,0.0
707.9319958686829,1705.0,680.1666666666666,14.777777777777779,9.987184082568421e306,4.444444444444445,1.5297142761773153e-5,9.94849267530753e-10,8.406500360957914e-5,-0.9999999993678037,1.810316754820901e-5,1.9270280882158227e-5,8.927808112511054e-5,9.94849267530753e-10,-1.0,0.0
712.9766919612885,1717.0,692.1666666666666,14.777777777777779,9.987184082568421e306,4.444444444444445,1.5297142761773153e-5,9.94849267530753e-10,8.406500360957914e-5,-0.9999999993678037,1.810316754820901e-5,1.9270280882158227e-5,8.927808112511054e-5,9.94849267530753e-10,-1.0,0.0
718.0369617938995,1729.0,704.1666666666666,14.777777777777779,9.987184082568421e306,4.444444444444445,1.5297142761773153e-5,9.94849267530753e-10,8.406500360957914e-5,-0.9999999993678037,1.810316754820901e-5,1.9270280882158227e-5,8.927808112511054e-5,9.94849267530753e-10,-1.0,0.0
723.040148973465,1741.0,716.1666666666666,14.777777777777779,9.987184082568421e306,4.444444444444445,1.5297142761773153e-5,9.94849267530753e-10,8.406500360957914e-5,-0.9999999993678037,1.810316754820901e-5,1.9270280882158227e-5,8.927808112511054e-5,9.94849267530753e-10,-1.0,0.0
728.1464638710022,1753.0,714.1666666666666,14.777777777777779,9.987184082568421e306,4.444444444444445,1.5297142761773153e-5,9.94849267530753e-10,8.406500360957914e-5,-0.9999999993678037,1.810316754820901e-5,1.9270280882158227e-5,8.927808112511054e-5,9.94849267530753e-10,-1.0,0.0
733.2495718002319,1765.0,725.6666666666666,14.777777777777779,9.987184082568421e306,4.444444444444445,1.5297142761773153e-5,9.94849267530753e-10,8.406500360957914e-5,-0.9999999993678037,1.810316754820901e-5,1.9270280882158227e-5,8.927808112511054e-5,9.94849267530753e-10,-1.0,0.0
738.3047938346863,1777.0,736.8333333333334,14.777777777777779,9.987184082568421e306,4.444444444444445,1.5297142761773153e-5,9.94849267530753e-10,8.406500360957914e-5,-0.9999999993678037,1.810316754820901e-5,1.9270280882158227e-5,8.927808112511054e-5,9.94849267530753e-10,-1.0,0.0
743.3754148483276,1789.0,748.0555555555555,14.777777777777779,9.987184082568421e306,4.444444444444445,1.5297142761773153e-5,9.94849267530753e-10,8.406500360957914e-5,-0.9999999993678037,1.810316754820901e-5,1.9270280882158227e-5,8.927808112511054e-5,9.94849267530753e-10,-1.0,0.0
748.504457950592,1801.0,759.5555555555555,14.777777777777779,9.987184082568421e306,4.444444444444445,1.5297142761773153e-5,9.94849267530753e-10,8.406500360957914e-5,-0.9999999993678037,1.810316754820901e-5,1.9270280882158227e-5,8.927808112511054e-5,9.94849267530753e-10,-1.0,0.0
753.5431628227234,1813.0,770.8888888888889,14.777777777777779,9.987184082568421e306,4.444444444444445,1.5297142761773153e-5,9.94849267530753e-10,8.406500360957914e-5,-0.9999999993678037,1.810316754820901e-5,1.9270280882158227e-5,8.927808112511054e-5,9.94849267530753e-10,-1.0,0.0
758.6395897865295,1825.0,766.3333333333334,14.777777777777779,9.987184082568421e306,4.444444444444445,1.5297142761773153e-5,9.94849267530753e-10,8.406500360957914e-5,-0.9999999993678037,1.810316754820901e-5,1.9270280882158227e-5,8.927808112511054e-5,9.94849267530753e-10,-1.0,0.0
763.6643588542938,1837.0,777.6666666666666,14.777777777777779,9.987184082568421e306,4.444444444444445,1.5297142761773153e-5,9.94849267530753e-10,8.406500360957914e-5,-0.9999999993678037,1.810316754820901e-5,1.9270280882158227e-5,8.927808112511054e-5,9.94849267530753e-10,-1.0,0.0
768.7342398166656,1849.0,789.1666666666666,14.777777777777779,9.987184082568421e306,4.444444444444445,1.5297142761773153e-5,9.94849267530753e-10,8.406500360957914e-5,-0.9999999993678037,1.810316754820901e-5,1.9270280882158227e-5,8.927808112511054e-5,9.94849267530753e-10,-1.0,0.0
774.1174848079681,1862.0,801.2777777777778,14.777777777777779,9.987184082568421e306,4.444444444444445,1.5297142761773153e-5,9.94849267530753e-10,8.406500360957914e-5,-0.9999999993678037,1.810316754820901e-5,1.9270280882158227e-5,8.927808112511054e-5,9.94849267530753e-10,-1.0,0.0
779.1417598724365,1874.0,812.6111111111111,14.777777777777779,9.987184082568421e306,4.444444444444445,1.5297142761773153e-5,9.94849267530753e-10,8.406500360957914e-5,-0.9999999993678037,1.810316754820901e-5,1.9270280882158227e-5,8.927808112511054e-5,9.94849267530753e-10,-1.0,0.0
784.2177748680115,1886.0,796.3333333333334,14.777777777777779,9.987184082568421e306,4.444444444444445,1.5297142761773153e-5,9.94849267530753e-10,8.406500360957914e-5,-0.9999999993678037,1.810316754820901e-5,1.9270280882158227e-5,8.927808112511054e-5,9.94849267530753e-10,-1.0,0.0
789.3170018196106,1898.0,758.4444444444445,14.777777777777779,9.987184082568421e306,4.444444444444445,1.2383704979617597e-5,7.156221760651563e-10,7.27449776616318e-5,-0.999999999545244,1.0757906644280968e-5,1.520463226465011e-5,4.4123735825367926e-5,7.156221760651563e-10,-1.0,0.0
794.3931438922882,1910.0,717.2222222222222,14.777777777777779,9.987184082568421e306,4.444444444444445,1.2383704979617597e-5,7.156221760651563e-10,7.27449776616318e-5,-0.999999999545244,1.0757906644280968e-5,1.520463226465011e-5,4.4123735825367926e-5,7.156221760651563e-10,-1.0,0.0
799.4696798324585,1922.0,632.0555555555555,14.777777777777779,9.987184082568421e306,4.444444444444445,1.2383704979617597e-5,7.156221760651563e-10,7.27449776616318e-5,-0.999999999545244,1.0757906644280968e-5,1.520463226465011e-5,4.4123735825367926e-5,7.156221760651563e-10,-1.0,0.0
804.824816942215,1935.0,644.6666666666666,14.777777777777779,9.987184082568421e306,4.444444444444445,1.2383704979617597e-5,7.156221760651563e-10,7.27449776616318e-5,-0.999999999545244,1.0757906644280968e-5,1.520463226465011e-5,4.4123735825367926e-5,7.156221760651563e-10,-1.0,0.0
809.846127986908,1947.0,655.5,14.777777777777779,9.987184082568421e306,4.444444444444445,1.2383704979617597e-5,7.156221760651563e-10,7.27449776616318e-5,-0.999999999545244,1.0757906644280968e-5,1.520463226465011e-5,4.4123735825367926e-5,7.156221760651563e-10,-1.0,0.0
815.22975897789,1960.0,668.1666666666666,14.777777777777779,9.987184082568421e306,4.444444444444445,1.2383704979617597e-5,7.156221760651563e-10,7.27449776616318e-5,-0.999999999545244,1.0757906644280968e-5,1.520463226465011e-5,4.4123735825367926e-5,7.156221760651563e-10,-1.0,0.0
820.266851902008,1972.0,679.2777777777778,14.777777777777779,9.987184082568421e306,4.444444444444445,1.2383704979617597e-5,7.156221760651563e-10,7.27449776616318e-5,-0.999999999545244,1.0757906644280968e-5,1.520463226465011e-5,4.4123735825367926e-5,7.156221760651563e-10,-1.0,0.0
825.6616199016571,1985.0,691.5555555555555,14.777777777777779,9.987184082568421e306,4.444444444444445,1.2383704979617597e-5,7.156221760651563e-10,7.27449776616318e-5,-0.999999999545244,1.0757906644280968e-5,1.520463226465011e-5,4.4123735825367926e-5,7.156221760651563e-10,-1.0,0.0
830.6968648433685,1997.0,702.8888888888889,14.777777777777779,9.987184082568421e306,4.444444444444445,1.2383704979617597e-5,7.156221760651563e-10,7.27449776616318e-5,-0.999999999545244,1.0757906644280968e-5,1.520463226465011e-5,4.4123735825367926e-5,7.156221760651563e-10,-1.0,0.0
835.7821209430695,2009.0,714.2222222222222,14.777777777777779,9.987184082568421e306,4.444444444444445,1.2383704979617597e-5,7.156221760651563e-10,7.27449776616318e-5,-0.999999999545244,1.0757906644280968e-5,1.520463226465011e-5,4.4123735825367926e-5,7.156221760651563e-10,-1.0,0.0
841.1725659370422,2022.0,726.8888888888889,14.777777777777779,9.987184082568421e306,4.444444444444445,1.2383704979617597e-5,7.156221760651563e-10,7.27449776616318e-5,-0.999999999545244,1.0757906644280968e-5,1.520463226465011e-5,4.4123735825367926e-5,7.156221760651563e-10,-1.0,0.0
846.3032379150391,2034.0,731.4444444444445,14.777777777777779,9.987184082568421e306,4.444444444444445,1.2383704979617597e-5,7.156221760651563e-10,7.27449776616318e-5,-0.999999999545244,1.0757906644280968e-5,1.520463226465011e-5,4.4123735825367926e-5,7.156221760651563e-10,-1.0,0.0
851.4175307750702,2046.0,742.5555555555555,14.777777777777779,9.987184082568421e306,4.444444444444445,1.2383704979617597e-5,7.156221760651563e-10,7.27449776616318e-5,-0.999999999545244,1.0757906644280968e-5,1.520463226465011e-5,4.4123735825367926e-5,7.156221760651563e-10,-1.0,0.0
856.4836168289185,2058.0,753.7777777777778,14.777777777777779,9.987184082568421e306,4.444444444444445,1.2383704979617597e-5,7.156221760651563e-10,7.27449776616318e-5,-0.999999999545244,1.0757906644280968e-5,1.520463226465011e-5,4.4123735825367926e-5,7.156221760651563e-10,-1.0,0.0
861.6574969291687,2070.0,765.3333333333334,14.777777777777779,9.987184082568421e306,4.444444444444445,1.2383704979617597e-5,7.156221760651563e-10,7.27449776616318e-5,-0.999999999545244,1.0757906644280968e-5,1.520463226465011e-5,4.4123735825367926e-5,7.156221760651563e-10,-1.0,0.0
866.7302479743958,2082.0,735.1666666666666,14.777777777777779,9.987184082568421e306,4.444444444444445,1.2383704979617597e-5,7.156221760651563e-10,7.27449776616318e-5,-0.999999999545244,1.0757906644280968e-5,1.520463226465011e-5,4.4123735825367926e-5,7.156221760651563e-10,-1.0,0.0
871.8679277896881,2094.0,711.4444444444445,14.777777777777779,9.987184082568421e306,4.444444444444445,1.2383704979617597e-5,7.156221760651563e-10,7.27449776616318e-5,-0.999999999545244,1.0757906644280968e-5,1.520463226465011e-5,4.4123735825367926e-5,7.156221760651563e-10,-1.0,0.0
877.0404238700867,2106.0,722.7777777777778,14.777777777777779,9.987184082568421e306,4.444444444444445,1.2383704979617597e-5,7.156221760651563e-10,7.27449776616318e-5,-0.999999999545244,1.0757906644280968e-5,1.520463226465011e-5,4.4123735825367926e-5,7.156221760651563e-10,-1.0,0.0
882.2209827899933,2118.0,733.8888888888889,14.777777777777779,9.987184082568421e306,4.444444444444445,1.2383704979617597e-5,7.156221760651563e-10,7.27449776616318e-5,-0.999999999545244,1.0757906644280968e-5,1.520463226465011e-5,4.4123735825367926e-5,7.156221760651563e-10,-1.0,0.0
887.2630369663239,2130.0,745.2777777777778,14.777777777777779,9.987184082568421e306,4.444444444444445,1.2383704979617597e-5,7.156221760651563e-10,7.27449776616318e-5,-0.999999999545244,1.0757906644280968e-5,1.520463226465011e-5,4.4123735825367926e-5,7.156221760651563e-10,-1.0,0.0
892.3214838504791,2142.0,757.2777777777778,14.777777777777779,9.987184082568421e306,4.444444444444445,1.2383704979617597e-5,7.156221760651563e-10,7.27449776616318e-5,-0.999999999545244,1.0757906644280968e-5,1.520463226465011e-5,4.4123735825367926e-5,7.156221760651563e-10,-1.0,0.0
897.6959898471832,2155.0,769.1666666666666,14.777777777777779,9.987184082568421e306,4.444444444444445,1.2383704979617597e-5,7.156221760651563e-10,7.27449776616318e-5,-0.999999999545244,1.0757906644280968e-5,1.520463226465011e-5,4.4123735825367926e-5,7.156221760651563e-10,-1.0,0.0
902.7515439987183,2167.0,775.7777777777778,14.777777777777779,1.3800160820450745e231,4.333333333333333,1.2383704979617597e-5,7.156221760651563e-10,7.27449776616318e-5,-0.999999999545244,1.0757906644280968e-5,1.520463226465011e-5,4.4123735825367926e-5,7.156221760651563e-10,-1.0,0.0
907.8608558177948,2179.0,786.6666666666666,14.777777777777779,1.3800160820450745e231,4.333333333333333,1.2383704979617597e-5,7.156221760651563e-10,7.27449776616318e-5,-0.999999999545244,1.0757906644280968e-5,1.520463226465011e-5,4.4123735825367926e-5,7.156221760651563e-10,-1.0,0.0
912.9419748783112,2191.0,797.9444444444445,14.777777777777779,1.3800160820450745e231,4.333333333333333,1.2383704979617597e-5,7.156221760651563e-10,7.27449776616318e-5,-0.999999999545244,1.0757906644280968e-5,1.520463226465011e-5,4.4123735825367926e-5,7.156221760651563e-10,-1.0,0.0
918.0988237857819,2203.0,809.3888888888889,14.777777777777779,1.3800160820450745e231,4.333333333333333,1.2383704979617597e-5,7.156221760651563e-10,7.27449776616318e-5,-0.999999999545244,1.0757906644280968e-5,1.520463226465011e-5,4.4123735825367926e-5,7.156221760651563e-10,-1.0,0.0
923.2089328765869,2215.0,820.7222222222222,14.777777777777779,1.3800160820450745e231,4.333333333333333,1.2383704979617597e-5,7.156221760651563e-10,7.27449776616318e-5,-0.999999999545244,1.0757906644280968e-5,1.520463226465011e-5,4.4123735825367926e-5,7.156221760651563e-10,-1.0,0.0
928.3917009830475,2227.0,832.0,14.777777777777779,1.3800160820450745e231,4.333333333333333,1.2383704979617597e-5,7.156221760651563e-10,7.27449776616318e-5,-0.999999999545244,1.0757906644280968e-5,1.520463226465011e-5,4.4123735825367926e-5,7.156221760651563e-10,-1.0,0.0
933.515124797821,2239.0,843.2777777777778,14.777777777777779,1.3800160820450745e231,4.333333333333333,1.2383704979617597e-5,7.156221760651563e-10,7.27449776616318e-5,-0.999999999545244,1.0757906644280968e-5,1.520463226465011e-5,4.4123735825367926e-5,7.156221760651563e-10,-1.0,0.0
938.727128982544,2251.0,854.6666666666666,14.777777777777779,1.3800160820450745e231,4.333333333333333,1.2383704979617597e-5,7.156221760651563e-10,7.27449776616318e-5,-0.999999999545244,1.0757906644280968e-5,1.520463226465011e-5,4.4123735825367926e-5,7.156221760651563e-10,-1.0,0.0
943.8372619152069,2263.0,866.2222222222222,14.777777777777779,1.3800160820450745e231,4.333333333333333,1.2383704979617597e-5,7.156221760651563e-10,7.27449776616318e-5,-0.999999999545244,1.0757906644280968e-5,1.520463226465011e-5,4.4123735825367926e-5,7.156221760651563e-10,-1.0,0.0
948.9914557933807,2275.0,877.7777777777778,14.777777777777779,1.3800160820450745e231,4.333333333333333,1.2383704979617597e-5,7.156221760651563e-10,7.27449776616318e-5,-0.999999999545244,1.0757906644280968e-5,1.520463226465011e-5,4.4123735825367926e-5,7.156221760651563e-10,-1.0,0.0
954.1452069282532,2287.0,888.6666666666666,14.777777777777779,1.3800160820450745e231,4.333333333333333,1.2383704979617597e-5,7.156221760651563e-10,7.27449776616318e-5,-0.999999999545244,1.0757906644280968e-5,1.520463226465011e-5,4.4123735825367926e-5,7.156221760651563e-10,-1.0,0.0
959.1995248794556,2299.0,900.1111111111111,14.777777777777779,1.3800160820450745e231,4.333333333333333,1.2383704979617597e-5,7.156221760651563e-10,7.27449776616318e-5,-0.999999999545244,1.0757906644280968e-5,1.520463226465011e-5,4.4123735825367926e-5,7.156221760651563e-10,-1.0,0.0
964.3729360103607,2311.0,911.5555555555555,14.777777777777779,1.3800160820450745e231,4.333333333333333,1.2383704979617597e-5,7.156221760651563e-10,7.27449776616318e-5,-0.999999999545244,1.0757906644280968e-5,1.520463226465011e-5,4.4123735825367926e-5,7.156221760651563e-10,-1.0,0.0
969.4652547836304,2323.0,914.5555555555555,14.777777777777779,1.3800160820450745e231,4.333333333333333,1.2383704979617597e-5,7.156221760651563e-10,7.27449776616318e-5,-0.999999999545244,1.0757906644280968e-5,1.520463226465011e-5,4.4123735825367926e-5,7.156221760651563e-10,-1.0,0.0
974.5432198047638,2335.0,925.5,14.777777777777779,1.3800160820450745e231,4.333333333333333,1.2383704979617597e-5,7.156221760651563e-10,7.27449776616318e-5,-0.999999999545244,1.0757906644280968e-5,1.520463226465011e-5,4.4123735825367926e-5,7.156221760651563e-10,-1.0,0.0
979.5663909912109,2347.0,936.8333333333334,14.777777777777779,1.3800160820450745e231,4.333333333333333,1.2383704979617597e-5,7.156221760651563e-10,7.27449776616318e-5,-0.999999999545244,1.0757906644280968e-5,1.6620636657269173e-6,4.4123735825367926e-5,7.156221760651563e-10,-1.0,0.0
984.6328568458557,2359.0,948.8333333333334,14.777777777777779,1.3800160820450745e231,4.333333333333333,1.2383704979617597e-5,7.156221760651563e-10,7.27449776616318e-5,-0.999999999545244,1.0757906644280968e-5,1.6620636657269173e-6,4.4123735825367926e-5,7.156221760651563e-10,-1.0,0.0
989.8399620056152,2371.0,960.8333333333334,14.777777777777779,1.3800160820450745e231,4.333333333333333,1.2383704979617597e-5,7.156221760651563e-10,7.27449776616318e-5,-0.999999999545244,1.0757906644280968e-5,1.6620636657269173e-6,4.4123735825367926e-5,7.156221760651563e-10,-1.0,0.0
995.0551619529724,2383.0,972.8333333333334,14.777777777777779,1.3800160820450745e231,4.333333333333333,1.2383704979617597e-5,7.156221760651563e-10,7.27449776616318e-5,-0.999999999545244,1.0757906644280968e-5,1.6620636657269173e-6,4.4123735825367926e-5,7.156221760651563e-10,-1.0,0.0
1000.1330268383026,2395.0,984.8333333333334,14.777777777777779,1.3800160820450745e231,4.333333333333333,1.2383704979617597e-5,7.156221760651563e-10,7.27449776616318e-5,-0.999999999545244,1.0757906644280968e-5,1.6620636657269173e-6,4.4123735825367926e-5,7.156221760651563e-10,-1.0,0.0
1005.2542638778687,2407.0,992.1666666666666,14.777777777777779,1.3800160820450745e231,4.333333333333333,1.2383704979617597e-5,7.156221760651563e-10,7.27449776616318e-5,-0.999999999545244,1.0757906644280968e-5,1.6620636657269173e-6,4.4123735825367926e-5,7.156221760651563e-10,-1.0,0.0
1010.3575849533081,2419.0,1003.5,14.777777777777779,1.3800160820450745e231,4.333333333333333,1.2383704979617597e-5,7.156221760651563e-10,7.27449776616318e-5,-0.999999999545244,1.0757906644280968e-5,1.6620636657269173e-6,4.4123735825367926e-5,7.156221760651563e-10,-1.0,0.0
1015.4737589359283,2431.0,1014.8888888888889,14.777777777777779,1.3800160820450745e231,4.333333333333333,1.2383704979617597e-5,7.156221760651563e-10,7.27449776616318e-5,-0.999999999545244,1.0757906644280968e-5,1.6620636657269173e-6,4.4123735825367926e-5,7.156221760651563e-10,-1.0,0.0
1020.4879329204559,2443.0,1026.2222222222222,14.777777777777779,1.3800160820450745e231,4.333333333333333,1.2383704979617597e-5,7.156221760651563e-10,7.27449776616318e-5,-0.999999999545244,1.0757906644280968e-5,1.6620636657269173e-6,4.4123735825367926e-5,7.156221760651563e-10,-1.0,0.0
1025.6887228488922,2455.0,1037.5,14.777777777777779,1.3800160820450745e231,4.333333333333333,1.2383704979617597e-5,7.156221760651563e-10,7.27449776616318e-5,-0.999999999545244,1.0757906644280968e-5,1.6620636657269173e-6,4.4123735825367926e-5,7.156221760651563e-10,-1.0,0.0
1030.8530349731445,2467.0,1049.0,14.777777777777779,1.3800160820450745e231,4.333333333333333,1.2383704979617597e-5,7.156221760651563e-10,7.27449776616318e-5,-0.999999999545244,1.0757906644280968e-5,1.6620636657269173e-6,4.4123735825367926e-5,7.156221760651563e-10,-1.0,0.0
1036.1013967990875,2479.0,1060.388888888889,14.777777777777779,1.3800160820450745e231,4.333333333333333,1.2383704979617597e-5,7.156221760651563e-10,7.27449776616318e-5,-0.999999999545244,1.0757906644280968e-5,1.6620636657269173e-6,4.4123735825367926e-5,7.156221760651563e-10,-1.0,0.0
1041.189799785614,2491.0,1071.5,14.777777777777779,1.3800160820450745e231,4.333333333333333,1.2383704979617597e-5,7.156221760651563e-10,7.27449776616318e-5,-0.999999999545244,1.0757906644280968e-5,1.6620636657269173e-6,4.4123735825367926e-5,7.156221760651563e-10,-1.0,0.0
1046.2221088409424,2503.0,1082.8333333333333,14.777777777777779,1.3800160820450745e231,4.333333333333333,1.2383704979617597e-5,7.156221760651563e-10,7.27449776616318e-5,-0.999999999545244,1.0757906644280968e-5,1.6620636657269173e-6,4.4123735825367926e-5,7.156221760651563e-10,-1.0,0.0
1051.3266468048096,2515.0,1035.0,14.777777777777779,1.3800160820450745e231,4.333333333333333,1.2383704979617597e-5,7.156221760651563e-10,7.27449776616318e-5,-0.999999999545244,1.0757906644280968e-5,1.520463226465011e-5,4.4123735825367926e-5,7.156221760651563e-10,-1.0,0.0
1056.4744079113007,2527.0,1046.2777777777778,14.777777777777779,1.3800160820450745e231,4.333333333333333,1.2383704979617597e-5,7.156221760651563e-10,7.27449776616318e-5,-0.999999999545244,1.0757906644280968e-5,1.520463226465011e-5,4.4123735825367926e-5,7.156221760651563e-10,-1.0,0.0
1061.5871818065643,2539.0,1002.0526315789474,15.578947368421053,1.3073836566742811e231,4.526315789473684,1.2383704979617597e-5,4.541045162104677e-10,4.844759798461329e-5,-0.9999999997114305,1.0757906644280968e-5,1.520463226465011e-5,4.4123735825367926e-5,4.541045162104677e-10,-1.0,0.0
1066.7459058761597,2551.0,1014.0,15.578947368421053,1.3073836566742811e231,4.526315789473684,1.2383704979617597e-5,3.94238839448327e-10,4.0476760372332166e-5,-0.9999999997494733,1.0757906644280968e-5,1.520463226465011e-5,4.4123735825367926e-5,3.94238839448327e-10,-1.0,0.0
1071.9735708236694,2563.0,1044.6666666666667,14.777777777777779,1.3800160820450745e231,4.333333333333333,6.590656652722011e-6,2.5964819174347487e-10,4.524587249199463e-5,-0.9999999998350015,7.4571930196103615e-6,3.613711677552827e-6,4.805168026491836e-5,2.5964819174347487e-10,-1.0,0.0
1077.0914487838745,2575.0,1056.6666666666667,14.777777777777779,1.3800160820450745e231,4.333333333333333,6.590656652722011e-6,2.5964819174347487e-10,4.524587249199463e-5,-0.9999999998350015,7.4571930196103615e-6,3.613711677552827e-6,4.805168026491836e-5,2.5964819174347487e-10,-1.0,0.0
1082.5133798122406,2588.0,1069.6666666666667,14.777777777777779,1.3800160820450745e231,4.333333333333333,6.590656652722011e-6,2.5964819174347487e-10,4.524587249199463e-5,-0.9999999998350015,7.4571930196103615e-6,3.613711677552827e-6,4.805168026491836e-5,2.5964819174347487e-10,-1.0,0.0
1087.6936450004578,2600.0,1081.6666666666667,14.777777777777779,1.3800160820450745e231,4.333333333333333,6.590656652722011e-6,2.5964819174347487e-10,4.524587249199463e-5,-0.9999999998350015,7.4571930196103615e-6,3.613711677552827e-6,4.805168026491836e-5,2.5964819174347487e-10,-1.0,0.0
1092.870843887329,2612.0,1093.6666666666667,14.777777777777779,1.3800160820450745e231,4.333333333333333,6.590656652722011e-6,2.5964819174347487e-10,4.524587249199463e-5,-0.9999999998350015,7.4571930196103615e-6,3.613711677552827e-6,4.805168026491836e-5,2.5964819174347487e-10,-1.0,0.0
1098.1349558830261,2624.0,1105.6666666666667,14.777777777777779,1.3800160820450745e231,4.333333333333333,6.590656652722011e-6,2.5964819174347487e-10,4.524587249199463e-5,-0.9999999998350015,7.4571930196103615e-6,3.613711677552827e-6,4.805168026491836e-5,2.5964819174347487e-10,-1.0,0.0
1103.3199288845062,2636.0,1117.6666666666667,14.777777777777779,1.3800160820450745e231,4.333333333333333,6.590656652722011e-6,2.5964819174347487e-10,4.524587249199463e-5,-0.9999999998350015,7.4571930196103615e-6,3.613711677552827e-6,4.805168026491836e-5,2.5964819174347487e-10,-1.0,0.0
1108.4955558776855,2648.0,1129.6666666666667,14.777777777777779,1.3800160820450745e231,4.333333333333333,6.590656652722011e-6,2.5964819174347487e-10,4.524587249199463e-5,-0.9999999998350015,7.4571930196103615e-6,3.613711677552827e-6,4.805168026491836e-5,2.5964819174347487e-10,-1.0,0.0
1113.660698890686,2660.0,1141.6666666666667,14.777777777777779,1.3800160820450745e231,4.333333333333333,6.590656652722011e-6,2.5964819174347487e-10,4.524587249199463e-5,-0.9999999998350015,7.4571930196103615e-6,3.613711677552827e-6,4.805168026491836e-5,2.5964819174347487e-10,-1.0,0.0
1118.8214299678802,2672.0,1153.6666666666667,14.777777777777779,1.3800160820450745e231,4.333333333333333,6.590656652722011e-6,2.5964819174347487e-10,4.524587249199463e-5,-0.9999999998350015,7.4571930196103615e-6,3.613711677552827e-6,4.805168026491836e-5,2.5964819174347487e-10,-1.0,0.0
1124.0131089687347,2684.0,1165.6666666666667,14.777777777777779,1.3800160820450745e231,4.333333333333333,6.590656652722011e-6,2.5964819174347487e-10,4.524587249199463e-5,-0.9999999998350015,7.4571930196103615e-6,3.613711677552827e-6,4.805168026491836e-5,2.5964819174347487e-10,-1.0,0.0
1129.173954963684,2696.0,1168.9444444444443,14.777777777777779,1.3800160820450745e231,4.333333333333333,6.590656652722011e-6,2.5964819174347487e-10,4.524587249199463e-5,-0.9999999998350015,7.4571930196103615e-6,3.613711677552827e-6,4.805168026491836e-5,2.5964819174347487e-10,-1.0,0.0
1134.2824249267578,2708.0,1180.4444444444443,14.777777777777779,1.3800160820450745e231,4.333333333333333,6.590656652722011e-6,2.5964819174347487e-10,4.524587249199463e-5,-0.9999999998350015,7.4571930196103615e-6,3.613711677552827e-6,4.805168026491836e-5,2.5964819174347487e-10,-1.0,0.0
1139.397941827774,2720.0,1191.9444444444443,14.777777777777779,1.3800160820450745e231,4.333333333333333,6.590656652722011e-6,2.5964819174347487e-10,4.524587249199463e-5,-0.9999999998350015,7.4571930196103615e-6,3.613711677552827e-6,4.805168026491836e-5,2.5964819174347487e-10,-1.0,0.0
1144.4477288722992,2732.0,1203.9444444444443,14.777777777777779,1.3800160820450745e231,4.333333333333333,6.590656652722011e-6,2.5964819174347487e-10,4.524587249199463e-5,-0.9999999998350015,7.4571930196103615e-6,3.613711677552827e-6,4.805168026491836e-5,2.5964819174347487e-10,-1.0,0.0
1149.6720168590546,2744.0,1215.9444444444443,14.777777777777779,1.3800160820450745e231,4.333333333333333,6.590656652722011e-6,2.5964819174347487e-10,4.524587249199463e-5,-0.9999999998350015,7.4571930196103615e-6,3.613711677552827e-6,4.805168026491836e-5,2.5964819174347487e-10,-1.0,0.0
1154.9379978179932,2756.0,1227.9444444444443,14.777777777777779,1.3800160820450745e231,4.333333333333333,6.590656652722011e-6,2.5964819174347487e-10,4.524587249199463e-5,-0.9999999998350015,7.4571930196103615e-6,3.613711677552827e-6,4.805168026491836e-5,2.5964819174347487e-10,-1.0,0.0
1160.0214169025421,2768.0,1225.7777777777778,14.777777777777779,1.3800160820450745e231,4.333333333333333,6.590656652722011e-6,2.5964819174347487e-10,4.524587249199463e-5,-0.9999999998350015,7.4571930196103615e-6,3.613711677552827e-6,4.805168026491836e-5,2.5964819174347487e-10,-1.0,0.0
1165.0779178142548,2780.0,1237.7777777777778,14.777777777777779,1.3800160820450745e231,4.333333333333333,6.590656652722011e-6,2.5964819174347487e-10,4.524587249199463e-5,-0.9999999998350015,7.4571930196103615e-6,3.613711677552827e-6,4.805168026491836e-5,2.5964819174347487e-10,-1.0,0.0
1170.2882487773895,2792.0,1249.7777777777778,14.777777777777779,1.3800160820450745e231,4.333333333333333,6.590656652722011e-6,2.5964819174347487e-10,4.524587249199463e-5,-0.9999999998350015,7.4571930196103615e-6,3.613711677552827e-6,4.805168026491836e-5,2.5964819174347487e-10,-1.0,0.0
1175.5389168262482,2804.0,1261.7777777777778,14.777777777777779,1.3800160820450745e231,4.333333333333333,6.590656652722011e-6,2.5964819174347487e-10,4.524587249199463e-5,-0.9999999998350015,7.4571930196103615e-6,3.613711677552827e-6,4.805168026491836e-5,2.5964819174347487e-10,-1.0,0.0
1180.7851338386536,2816.0,1273.7777777777778,14.777777777777779,1.3800160820450745e231,4.333333333333333,6.590656652722011e-6,2.5964819174347487e-10,4.524587249199463e-5,-0.9999999998350015,7.4571930196103615e-6,3.613711677552827e-6,4.805168026491836e-5,2.5964819174347487e-10,-1.0,0.0
1185.896423816681,2828.0,1167.1666666666667,14.777777777777779,1.3800160820450745e231,4.333333333333333,6.590656652722011e-6,2.5964819174347487e-10,4.524587249199463e-5,-0.9999999998350015,7.4571930196103615e-6,3.613711677552827e-6,4.805168026491836e-5,2.5964819174347487e-10,-1.0,0.0
1191.0515649318695,2840.0,1179.1666666666667,14.777777777777779,1.3800160820450745e231,4.333333333333333,6.590656652722011e-6,2.5964819174347487e-10,4.524587249199463e-5,-0.9999999998350015,7.4571930196103615e-6,3.613711677552827e-6,4.805168026491836e-5,2.5964819174347487e-10,-1.0,0.0
1196.100739955902,2852.0,1191.1666666666667,14.777777777777779,1.3800160820450745e231,4.333333333333333,6.590656652722011e-6,2.5964819174347487e-10,4.524587249199463e-5,-0.9999999998350015,7.4571930196103615e-6,3.613711677552827e-6,4.805168026491836e-5,2.5964819174347487e-10,-1.0,0.0
1201.3149559497833,2864.0,1203.1666666666667,14.777777777777779,1.3800160820450745e231,4.333333333333333,6.590656652722011e-6,2.5964819174347487e-10,4.524587249199463e-5,-0.9999999998350015,7.4571930196103615e-6,3.613711677552827e-6,4.805168026491836e-5,2.5964819174347487e-10,-1.0,0.0
1206.4197537899017,2876.0,1215.1666666666667,14.777777777777779,1.3800160820450745e231,4.333333333333333,6.590656652722011e-6,2.5964819174347487e-10,4.524587249199463e-5,-0.9999999998350015,7.4571930196103615e-6,3.613711677552827e-6,4.805168026491836e-5,2.5964819174347487e-10,-1.0,0.0
1211.6161379814148,2888.0,1227.1666666666667,14.777777777777779,1.3800160820450745e231,4.333333333333333,6.590656652722011e-6,2.5964819174347487e-10,4.524587249199463e-5,-0.9999999998350015,7.4571930196103615e-6,3.613711677552827e-6,4.805168026491836e-5,2.5964819174347487e-10,-1.0,0.0
1216.7509729862213,2900.0,1239.1666666666667,14.777777777777779,1.3800160820450745e231,4.333333333333333,6.590656652722011e-6,2.5964819174347487e-10,4.524587249199463e-5,-0.9999999998350015,7.4571930196103615e-6,3.613711677552827e-6,4.805168026491836e-5,2.5964819174347487e-10,-1.0,0.0
1221.91787981987,2912.0,1177.4736842105262,15.578947368421053,1.3073836566742811e231,4.526315789473684,6.3054934793965814e-6,2.578513084052853e-10,4.5145907770827165e-5,-0.9999999998361434,4.23912403257399e-6,1.9648347900492685e-6,2.7383417688875795e-5,2.578513084052853e-10,-1.0,0.0
1227.1395299434662,2924.0,1188.9473684210527,15.578947368421053,1.3073836566742811e231,4.526315789473684,6.305145855724094e-6,2.578379799396008e-10,4.514471731598135e-5,-0.9999999998361518,4.237979957439554e-6,1.9602083062729404e-6,2.7382695614076723e-5,2.578379799396008e-10,-1.0,0.0
1232.2263638973236,2936.0,1199.9473684210527,15.578947368421053,1.3073836566742811e231,4.526315789473684,6.304290595726919e-6,2.578070324170979e-10,4.514195119598163e-5,-0.9999999998361715,4.235199028359938e-6,1.9489532613303887e-6,2.738101781373844e-5,2.578070324170979e-10,-1.0,0.0
1237.414589881897,2948.0,1211.421052631579,15.578947368421053,1.3073836566742811e231,4.526315789473684,6.303783730675871e-6,2.577893402416742e-10,4.514036898228824e-5,-0.9999999998361827,4.233593172132062e-6,1.9425019998565843e-6,2.738005811615834e-5,2.577893402416742e-10,-1.0,0.0
1242.6008279323578,2960.0,1222.6842105263158,15.578947368421053,1.3073836566742811e231,4.526315789473684,6.303114836519667e-6,2.5776654780092997e-10,4.513832978947363e-5,-0.9999999998361973,4.231510216945166e-6,1.934176439014273e-6,2.7378821236198495e-5,2.5776654780092997e-10,-1.0,0.0
1247.866159915924,2972.0,1234.3684210526317,15.578947368421053,1.3073836566742811e231,4.526315789473684,6.302783253105314e-6,2.5775543832599815e-10,4.513733551680943e-5,-0.9999999998362042,4.2304899797579545e-6,1.930113217963138e-6,2.7378218156428816e-5,2.5775543832599815e-10,-1.0,0.0
1253.1992418766022,2984.0,1291.111111111111,14.777777777777779,1.3800160820450745e231,4.333333333333333,6.080039499094061e-6,2.1432885065903728e-10,4.099415108738125e-5,-0.9999999998638006,6.6983691235751345e-6,3.6909758871188986e-6,4.353629916477184e-5,2.1432885065903728e-10,-1.0,0.0
1258.4982907772064,2996.0,1303.111111111111,14.777777777777779,1.3800160820450745e231,4.333333333333333,6.080039499094061e-6,2.1432885065903728e-10,4.099415108738125e-5,-0.9999999998638006,6.6983691235751345e-6,3.6909758871188986e-6,4.353629916477184e-5,2.1432885065903728e-10,-1.0,0.0
1263.5609529018402,3008.0,1315.111111111111,14.777777777777779,1.3800160820450745e231,4.333333333333333,6.080039499094061e-6,2.1432885065903728e-10,4.099415108738125e-5,-0.9999999998638006,6.6983691235751345e-6,3.6909758871188986e-6,4.353629916477184e-5,2.1432885065903728e-10,-1.0,0.0
1268.7772948741913,3020.0,1327.111111111111,14.777777777777779,1.3800160820450745e231,4.333333333333333,6.080039499094061e-6,2.1432885065903728e-10,4.099415108738125e-5,-0.9999999998638006,6.6983691235751345e-6,3.6909758871188986e-6,4.353629916477184e-5,2.1432885065903728e-10,-1.0,0.0
1273.982689857483,3032.0,1339.111111111111,14.777777777777779,1.3800160820450745e231,4.333333333333333,6.080039499094061e-6,2.1432885065903728e-10,4.099415108738125e-5,-0.9999999998638006,6.6983691235751345e-6,3.6909758871188986e-6,4.353629916477184e-5,2.1432885065903728e-10,-1.0,0.0
1279.2266299724579,3044.0,1351.111111111111,14.777777777777779,1.3800160820450745e231,4.333333333333333,6.080039499094061e-6,2.1432885065903728e-10,4.099415108738125e-5,-0.9999999998638006,6.6983691235751345e-6,3.6909758871188986e-6,4.353629916477184e-5,2.1432885065903728e-10,-1.0,0.0
1284.4822759628296,3056.0,1363.111111111111,14.777777777777779,1.3800160820450745e231,4.333333333333333,6.080039499094061e-6,2.1432885065903728e-10,4.099415108738125e-5,-0.9999999998638006,6.6983691235751345e-6,3.6909758871188986e-6,4.353629916477184e-5,2.1432885065903728e-10,-1.0,0.0
1289.6452219486237,3068.0,1375.111111111111,14.777777777777779,1.3800160820450745e231,4.333333333333333,6.080039499094061e-6,2.1432885065903728e-10,4.099415108738125e-5,-0.9999999998638006,6.6983691235751345e-6,3.6909758871188986e-6,4.353629916477184e-5,2.1432885065903728e-10,-1.0,0.0
1294.7297689914703,3080.0,1387.111111111111,14.777777777777779,1.3800160820450745e231,4.333333333333333,6.080039499094061e-6,2.1432885065903728e-10,4.099415108738125e-5,-0.9999999998638006,6.6983691235751345e-6,3.6909758871188986e-6,4.353629916477184e-5,2.1432885065903728e-10,-1.0,0.0
1299.966740846634,3092.0,1399.111111111111,14.777777777777779,1.3800160820450745e231,4.333333333333333,6.080039499094061e-6,2.1432885065903728e-10,4.099415108738125e-5,-0.9999999998638006,6.6983691235751345e-6,3.6909758871188986e-6,4.353629916477184e-5,2.1432885065903728e-10,-1.0,0.0
1305.1045258045197,3104.0,1411.111111111111,14.777777777777779,1.3800160820450745e231,4.333333333333333,6.080039499094061e-6,2.1432885065903728e-10,4.099415108738125e-5,-0.9999999998638006,6.6983691235751345e-6,3.6909758871188986e-6,4.353629916477184e-5,2.1432885065903728e-10,-1.0,0.0
1310.3137719631195,3116.0,1423.111111111111,14.777777777777779,1.3800160820450745e231,4.333333333333333,6.080039499094061e-6,2.1432885065903728e-10,4.099415108738125e-5,-0.9999999998638006,6.6983691235751345e-6,3.6909758871188986e-6,4.353629916477184e-5,2.1432885065903728e-10,-1.0,0.0
1315.559033870697,3128.0,1435.111111111111,14.777777777777779,1.3800160820450745e231,4.333333333333333,6.080039499094061e-6,2.1432885065903728e-10,4.099415108738125e-5,-0.9999999998638006,6.6983691235751345e-6,3.6909758871188986e-6,4.353629916477184e-5,2.1432885065903728e-10,-1.0,0.0
1320.6999399662018,3140.0,1447.111111111111,14.777777777777779,1.3800160820450745e231,4.333333333333333,6.080039499094061e-6,2.1432885065903728e-10,4.099415108738125e-5,-0.9999999998638006,6.6983691235751345e-6,3.6909758871188986e-6,4.353629916477184e-5,2.1432885065903728e-10,-1.0,0.0
1325.8342897891998,3152.0,1459.111111111111,14.777777777777779,1.3800160820450745e231,4.333333333333333,6.080039499094061e-6,2.1432885065903728e-10,4.099415108738125e-5,-0.9999999998638006,6.6983691235751345e-6,3.6909758871188986e-6,4.353629916477184e-5,2.1432885065903728e-10,-1.0,0.0
1331.0178809165955,3164.0,1471.111111111111,14.777777777777779,1.3800160820450745e231,4.333333333333333,6.080039499094061e-6,2.1432885065903728e-10,4.099415108738125e-5,-0.9999999998638006,6.6983691235751345e-6,3.6909758871188986e-6,4.353629916477184e-5,2.1432885065903728e-10,-1.0,0.0
1336.1970088481903,3176.0,1384.4444444444443,14.777777777777779,1.3800160820450745e231,4.333333333333333,6.080039499094061e-6,2.1432885065903728e-10,4.099415108738125e-5,-0.9999999998638006,6.6983691235751345e-6,3.6909758871188986e-6,4.353629916477184e-5,2.1432885065903728e-10,-1.0,0.0
1341.4368298053741,3188.0,1396.4444444444443,14.777777777777779,1.3800160820450745e231,4.333333333333333,6.080039499094061e-6,2.1432885065903728e-10,4.099415108738125e-5,-0.9999999998638006,6.6983691235751345e-6,3.6909758871188986e-6,4.353629916477184e-5,2.1432885065903728e-10,-1.0,0.0
1346.6772108078003,3200.0,1408.4444444444443,14.777777777777779,1.3800160820450745e231,4.333333333333333,6.080039499094061e-6,2.1432885065903728e-10,4.099415108738125e-5,-0.9999999998638006,6.6983691235751345e-6,3.6909758871188986e-6,4.353629916477184e-5,2.1432885065903728e-10,-1.0,0.0
1351.8545858860016,3212.0,1420.4444444444443,14.777777777777779,1.3800160820450745e231,4.333333333333333,6.080039499094061e-6,2.1432885065903728e-10,4.099415108738125e-5,-0.9999999998638006,6.6983691235751345e-6,3.6909758871188986e-6,4.353629916477184e-5,2.1432885065903728e-10,-1.0,0.0
1357.008309841156,3224.0,1404.388888888889,14.777777777777779,1.3800160820450745e231,4.333333333333333,6.080039499094061e-6,2.1432885065903728e-10,4.099415108738125e-5,-0.9999999998638006,6.6983691235751345e-6,3.6909758871188986e-6,4.353629916477184e-5,2.1432885065903728e-10,-1.0,0.0
1362.1477267742157,3236.0,1415.5,14.777777777777779,1.3800160820450745e231,4.333333333333333,6.080039499094061e-6,2.1432885065903728e-10,4.099415108738125e-5,-0.9999999998638006,6.6983691235751345e-6,3.6909758871188986e-6,4.353629916477184e-5,2.1432885065903728e-10,-1.0,0.0
1367.385705947876,3248.0,1408.2777777777778,14.777777777777779,1.3800160820450745e231,4.333333333333333,6.080039499094061e-6,2.1432885065903728e-10,4.099415108738125e-5,-0.9999999998638006,6.6983691235751345e-6,3.6909758871188986e-6,4.353629916477184e-5,2.1432885065903728e-10,-1.0,0.0
1372.5338418483734,3260.0,1343.3333333333333,14.777777777777779,1.3800160820450745e231,4.333333333333333,6.080039499094061e-6,2.1432885065903728e-10,4.099415108738125e-5,-0.9999999998638006,6.6983691235751345e-6,3.6909758871188986e-6,4.353629916477184e-5,2.1432885065903728e-10,-1.0,0.0
1377.7126698493958,3272.0,1354.888888888889,14.777777777777779,1.3800160820450745e231,4.333333333333333,6.080039499094061e-6,2.1432885065903728e-10,4.099415108738125e-5,-0.9999999998638006,6.6983691235751345e-6,3.6909758871188986e-6,4.353629916477184e-5,2.1432885065903728e-10,-1.0,0.0
1382.932158946991,3284.0,1366.888888888889,14.777777777777779,1.3800160820450745e231,4.333333333333333,6.080039499094061e-6,2.1432885065903728e-10,4.099415108738125e-5,-0.9999999998638006,6.6983691235751345e-6,3.6909758871188986e-6,4.353629916477184e-5,2.1432885065903728e-10,-1.0,0.0
1388.0647349357605,3296.0,1378.888888888889,14.777777777777779,1.3800160820450745e231,4.333333333333333,6.080039499094061e-6,2.1432885065903728e-10,4.099415108738125e-5,-0.9999999998638006,6.6983691235751345e-6,3.6909758871188986e-6,4.353629916477184e-5,2.1432885065903728e-10,-1.0,0.0
1393.156644821167,3308.0,1390.888888888889,14.777777777777779,1.3800160820450745e231,4.333333333333333,6.080039499094061e-6,2.1432885065903728e-10,4.099415108738125e-5,-0.9999999998638006,6.6983691235751345e-6,3.6909758871188986e-6,4.353629916477184e-5,2.1432885065903728e-10,-1.0,0.0
1398.2986719608307,3320.0,1402.888888888889,14.777777777777779,1.3800160820450745e231,4.333333333333333,6.080039499094061e-6,2.1432885065903728e-10,4.099415108738125e-5,-0.9999999998638006,6.6983691235751345e-6,3.6909758871188986e-6,4.353629916477184e-5,2.1432885065903728e-10,-1.0,0.0
1403.470487833023,3332.0,1414.888888888889,14.777777777777779,1.3800160820450745e231,4.333333333333333,6.080039499094061e-6,2.1432885065903728e-10,4.099415108738125e-5,-0.9999999998638006,6.6983691235751345e-6,3.6909758871188986e-6,4.353629916477184e-5,2.1432885065903728e-10,-1.0,0.0
1408.6582808494568,3344.0,1298.7222222222222,14.777777777777779,1.3800160820450745e231,4.333333333333333,6.080039499094061e-6,2.1432885065903728e-10,4.099415108738125e-5,-0.9999999998638006,6.6983691235751345e-6,3.6909758871188986e-6,4.353629916477184e-5,2.1432885065903728e-10,-1.0,0.0
1413.8072278499603,3356.0,1310.7222222222222,14.777777777777779,1.3800160820450745e231,4.333333333333333,6.080039499094061e-6,2.1432885065903728e-10,4.099415108738125e-5,-0.9999999998638006,6.6983691235751345e-6,3.6909758871188986e-6,4.353629916477184e-5,2.1432885065903728e-10,-1.0,0.0
1418.951683998108,3368.0,1322.7222222222222,14.777777777777779,1.3800160820450745e231,4.333333333333333,6.080039499094061e-6,2.1432885065903728e-10,4.099415108738125e-5,-0.9999999998638006,6.6983691235751345e-6,3.6909758871188986e-6,4.353629916477184e-5,2.1432885065903728e-10,-1.0,0.0
1424.1154699325562,3380.0,1334.7222222222222,14.777777777777779,1.3800160820450745e231,4.333333333333333,6.080039499094061e-6,2.1432885065903728e-10,4.099415108738125e-5,-0.9999999998638006,6.6983691235751345e-6,3.6909758871188986e-6,4.353629916477184e-5,2.1432885065903728e-10,-1.0,0.0
1429.369129896164,3392.0,1346.7222222222222,14.777777777777779,1.3800160820450745e231,4.333333333333333,6.080039499094061e-6,2.1432885065903728e-10,4.099415108738125e-5,-0.9999999998638006,6.6983691235751345e-6,3.6909758871188986e-6,4.353629916477184e-5,2.1432885065903728e-10,-1.0,0.0
1434.5108268260956,3404.0,1358.7222222222222,14.777777777777779,1.3800160820450745e231,4.333333333333333,6.080039499094061e-6,2.1432885065903728e-10,4.099415108738125e-5,-0.9999999998638006,6.6983691235751345e-6,3.6909758871188986e-6,4.353629916477184e-5,2.1432885065903728e-10,-1.0,0.0
1439.6667687892914,3416.0,1299.0,15.578947368421053,1.3073836566742811e231,4.526315789473684,5.678983881213743e-6,1.4473771633441248e-10,3.0695657035950674e-5,-0.9999999999080236,4.312438396637527e-6,3.6909758871188986e-6,1.8618564546686838e-5,1.4473771633441248e-10,-1.0,0.0
1444.8254718780518,3428.0,1311.0,15.578947368421053,1.3073836566742811e231,4.526315789473684,5.678983881213743e-6,1.4473771633441248e-10,3.0695657035950674e-5,-0.9999999999080236,4.312438396637527e-6,3.6909758871188986e-6,1.8618564546686838e-5,1.4473771633441248e-10,-1.0,0.0
1449.9851019382477,3440.0,1323.0,15.578947368421053,1.3073836566742811e231,4.526315789473684,5.678983881213743e-6,1.4473771633441248e-10,3.0695657035950674e-5,-0.9999999999080236,4.312438396637527e-6,3.6909758871188986e-6,1.8618564546686838e-5,1.4473771633441248e-10,-1.0,0.0
1455.1418528556824,3452.0,1335.0,15.578947368421053,1.3073836566742811e231,4.526315789473684,5.678983881213743e-6,1.4473771633441248e-10,3.0695657035950674e-5,-0.9999999999080236,4.312438396637527e-6,3.6909758871188986e-6,1.8618564546686838e-5,1.4473771633441248e-10,-1.0,0.0
1460.2736539840698,3464.0,1347.0,15.578947368421053,1.3073836566742811e231,4.526315789473684,5.678983881213743e-6,1.4473771633441248e-10,3.0695657035950674e-5,-0.9999999999080236,4.312438396637527e-6,3.6909758871188986e-6,1.8618564546686838e-5,1.4473771633441248e-10,-1.0,0.0
1465.3855769634247,3476.0,1359.0,15.578947368421053,1.3073836566742811e231,4.526315789473684,5.678983881213743e-6,1.4473771633441248e-10,3.0695657035950674e-5,-0.9999999999080236,4.312438396637527e-6,3.6909758871188986e-6,1.8618564546686838e-5,1.4473771633441248e-10,-1.0,0.0
1470.5451469421387,3488.0,1371.0,15.578947368421053,1.3073836566742811e231,4.526315789473684,5.678983881213743e-6,1.4473771633441248e-10,3.0695657035950674e-5,-0.9999999999080236,4.312438396637527e-6,3.6909758871188986e-6,1.8618564546686838e-5,1.4473771633441248e-10,-1.0,0.0
1475.698021888733,3500.0,1383.0,15.578947368421053,1.3073836566742811e231,4.526315789473684,5.678983881213743e-6,1.4473771633441248e-10,3.0695657035950674e-5,-0.9999999999080236,4.312438396637527e-6,3.6909758871188986e-6,1.8618564546686838e-5,1.4473771633441248e-10,-1.0,0.0
1480.8396887779236,3512.0,1395.0,15.578947368421053,1.3073836566742811e231,4.526315789473684,5.678983881213743e-6,1.4473771633441248e-10,3.0695657035950674e-5,-0.9999999999080236,4.312438396637527e-6,3.6909758871188986e-6,1.8618564546686838e-5,1.4473771633441248e-10,-1.0,0.0
1486.0708148479462,3524.0,1407.0,15.578947368421053,1.3073836566742811e231,4.526315789473684,5.678983881213743e-6,1.4473771633441248e-10,3.0695657035950674e-5,-0.9999999999080236,4.312438396637527e-6,3.6909758871188986e-6,1.8618564546686838e-5,1.4473771633441248e-10,-1.0,0.0
1491.2856857776642,3536.0,1419.0,15.578947368421053,1.3073836566742811e231,4.526315789473684,5.678983881213743e-6,1.4473771633441248e-10,3.0695657035950674e-5,-0.9999999999080236,4.312438396637527e-6,3.6909758871188986e-6,1.8618564546686838e-5,1.4473771633441248e-10,-1.0,0.0
1496.4400289058685,3548.0,1338.842105263158,15.578947368421053,1.3073836566742811e231,4.526315789473684,5.678983881213743e-6,1.4473771633441248e-10,3.0695657035950674e-5,-0.9999999999080236,4.312438396637527e-6,3.6909758871188986e-6,1.8618564546686838e-5,1.4473771633441248e-10,-1.0,0.0
1501.556834936142,3560.0,1350.842105263158,15.578947368421053,1.3073836566742811e231,4.526315789473684,5.678983881213743e-6,1.4473771633441248e-10,3.0695657035950674e-5,-0.9999999999080236,4.312438396637527e-6,3.6909758871188986e-6,1.8618564546686838e-5,1.4473771633441248e-10,-1.0,0.0
1506.7347497940063,3572.0,1362.842105263158,15.578947368421053,1.3073836566742811e231,4.526315789473684,5.678983881213743e-6,1.4473771633441248e-10,3.0695657035950674e-5,-0.9999999999080236,4.312438396637527e-6,3.6909758871188986e-6,1.8618564546686838e-5,1.4473771633441248e-10,-1.0,0.0
1511.8032109737396,3584.0,1374.842105263158,15.578947368421053,1.3073836566742811e231,4.526315789473684,5.678983881213743e-6,1.4473771633441248e-10,3.0695657035950674e-5,-0.9999999999080236,4.312438396637527e-6,3.6909758871188986e-6,1.8618564546686838e-5,1.4473771633441248e-10,-1.0,0.0
1516.87690782547,3596.0,1386.842105263158,15.578947368421053,1.3073836566742811e231,4.526315789473684,5.678983881213743e-6,1.4473771633441248e-10,3.0695657035950674e-5,-0.9999999999080236,4.312438396637527e-6,3.6909758871188986e-6,1.8618564546686838e-5,1.4473771633441248e-10,-1.0,0.0
1522.0867228507996,3608.0,1384.7368421052631,15.578947368421053,1.3073836566742811e231,4.526315789473684,5.678983881213743e-6,1.4473771633441248e-10,3.0695657035950674e-5,-0.9999999999080236,4.312438396637527e-6,3.6909758871188986e-6,1.8618564546686838e-5,1.4473771633441248e-10,-1.0,0.0
1527.2458839416504,3620.0,1392.7894736842106,15.578947368421053,1.3073836566742811e231,4.526315789473684,5.678983881213743e-6,1.4473771633441248e-10,3.0695657035950674e-5,-0.9999999999080236,4.312438396637527e-6,3.6909758871188986e-6,1.8618564546686838e-5,1.4473771633441248e-10,-1.0,0.0
1532.3679869174957,3632.0,1320.7368421052631,15.578947368421053,1.3073836566742811e231,4.526315789473684,5.678983881213743e-6,1.4473771633441248e-10,3.0695657035950674e-5,-0.9999999999080236,4.312438396637527e-6,3.6909758871188986e-6,1.8618564546686838e-5,1.4473771633441248e-10,-1.0,0.0
1537.543007850647,3644.0,1266.3,15.7,1.2420144738405672e231,4.55,5.678983881213743e-6,1.4473771633441248e-10,3.0695657035950674e-5,-0.9999999999080236,4.312438396637527e-6,3.6909758871188986e-6,1.8618564546686838e-5,1.4473771633441248e-10,-1.0,0.0
1542.6812617778778,3656.0,1278.3,15.7,1.2420144738405672e231,4.55,5.678983881213743e-6,1.4473771633441248e-10,3.0695657035950674e-5,-0.9999999999080236,4.312438396637527e-6,3.6909758871188986e-6,1.8618564546686838e-5,1.4473771633441248e-10,-1.0,0.0
1547.8018999099731,3668.0,1290.3,15.7,1.2420144738405672e231,4.55,5.678983881213743e-6,1.4473771633441248e-10,3.0695657035950674e-5,-0.9999999999080236,4.312438396637527e-6,3.6909758871188986e-6,1.8618564546686838e-5,1.4473771633441248e-10,-1.0,0.0
1552.849664926529,3680.0,1302.3,15.7,1.2420144738405672e231,4.55,5.678983881213743e-6,1.4473771633441248e-10,3.0695657035950674e-5,-0.9999999999080236,4.312438396637527e-6,3.6909758871188986e-6,1.8618564546686838e-5,1.4473771633441248e-10,-1.0,0.0
1557.9959437847137,3692.0,1314.3,15.7,1.2420144738405672e231,4.55,5.678983881213743e-6,1.4473771633441248e-10,3.0695657035950674e-5,-0.9999999999080236,4.312438396637527e-6,3.6909758871188986e-6,1.8618564546686838e-5,1.4473771633441248e-10,-1.0,0.0
1563.4064178466797,3705.0,1327.3,15.7,1.2420144738405672e231,4.55,5.678983881213743e-6,1.4473771633441248e-10,3.0695657035950674e-5,-0.9999999999080236,4.312438396637527e-6,3.6909758871188986e-6,1.8618564546686838e-5,1.4473771633441248e-10,-1.0,0.0
1568.4382328987122,3717.0,1339.3,15.7,1.2420144738405672e231,4.55,5.678983881213743e-6,1.4473771633441248e-10,3.0695657035950674e-5,-0.9999999999080236,4.312438396637527e-6,3.6909758871188986e-6,1.8618564546686838e-5,1.4473771633441248e-10,-1.0,0.0
1573.498928785324,3729.0,1351.3,15.7,1.2420144738405672e231,4.55,5.678983881213743e-6,1.4473771633441248e-10,3.0695657035950674e-5,-0.9999999999080236,4.312438396637527e-6,3.6909758871188986e-6,1.8618564546686838e-5,1.4473771633441248e-10,-1.0,0.0
1578.689710855484,3741.0,1363.3,15.7,1.2420144738405672e231,4.55,5.678983881213743e-6,1.4473771633441248e-10,3.0695657035950674e-5,-0.9999999999080236,4.312438396637527e-6,3.6909758871188986e-6,1.8618564546686838e-5,1.4473771633441248e-10,-1.0,0.0
1583.8259768486023,3753.0,1375.3,15.7,1.2420144738405672e231,4.55,5.678983881213743e-6,1.4473771633441248e-10,3.0695657035950674e-5,-0.9999999999080236,4.312438396637527e-6,3.6909758871188986e-6,1.8618564546686838e-5,1.4473771633441248e-10,-1.0,0.0
1588.9377830028534,3765.0,1387.3,15.7,1.2420144738405672e231,4.55,5.678983881213743e-6,1.4473771633441248e-10,3.0695657035950674e-5,-0.9999999999080236,4.312438396637527e-6,3.6909758871188986e-6,1.8618564546686838e-5,1.4473771633441248e-10,-1.0,0.0
1594.0705218315125,3777.0,1372.95,15.7,1.2420144738405672e231,4.55,5.678983881213743e-6,1.4473771633441248e-10,3.0695657035950674e-5,-0.9999999999080236,4.312438396637527e-6,3.6909758871188986e-6,1.8618564546686838e-5,1.4473771633441248e-10,-1.0,0.0
1599.1810808181763,3789.0,1384.95,15.7,1.2420144738405672e231,4.55,5.678983881213743e-6,1.4473771633441248e-10,3.0695657035950674e-5,-0.9999999999080236,4.312438396637527e-6,3.6909758871188986e-6,1.8618564546686838e-5,1.4473771633441248e-10,-1.0,0.0
1604.2136278152466,3801.0,1396.95,15.7,1.2420144738405672e231,4.55,5.678983881213743e-6,1.4473771633441248e-10,3.0695657035950674e-5,-0.9999999999080236,4.312438396637527e-6,3.6909758871188986e-6,1.8618564546686838e-5,1.4473771633441248e-10,-1.0,0.0
1609.4472579956055,3813.0,1408.95,15.7,1.2420144738405672e231,4.55,5.678983881213743e-6,1.4473771633441248e-10,3.0695657035950674e-5,-0.9999999999080236,4.312438396637527e-6,3.6909758871188986e-6,1.8618564546686838e-5,1.4473771633441248e-10,-1.0,0.0
1614.5081429481506,3825.0,1420.95,15.7,1.2420144738405672e231,4.55,5.678983881213743e-6,1.4473771633441248e-10,3.0695657035950674e-5,-0.9999999999080236,4.312438396637527e-6,3.6909758871188986e-6,1.8618564546686838e-5,1.4473771633441248e-10,-1.0,0.0
1619.5393738746643,3837.0,1400.3,15.7,1.2420144738405672e231,4.55,5.678983881213743e-6,1.4473771633441248e-10,3.0695657035950674e-5,-0.9999999999080236,4.312438396637527e-6,3.6909758871188986e-6,1.8618564546686838e-5,1.4473771633441248e-10,-1.0,0.0
1624.6241278648376,3849.0,1412.3,15.7,1.2420144738405672e231,4.55,5.678983881213743e-6,1.4473771633441248e-10,3.0695657035950674e-5,-0.9999999999080236,4.312438396637527e-6,3.6909758871188986e-6,1.8618564546686838e-5,1.4473771633441248e-10,-1.0,0.0
1630.030648946762,3862.0,1425.3,15.7,1.2420144738405672e231,4.55,5.678983881213743e-6,1.4473771633441248e-10,3.0695657035950674e-5,-0.9999999999080236,4.312438396637527e-6,3.6909758871188986e-6,1.8618564546686838e-5,1.4473771633441248e-10,-1.0,0.0
1635.0781109333038,3874.0,1437.3,15.7,1.2420144738405672e231,4.55,5.678983881213743e-6,1.4473771633441248e-10,3.0695657035950674e-5,-0.9999999999080236,4.312438396637527e-6,3.6909758871188986e-6,1.8618564546686838e-5,1.4473771633441248e-10,-1.0,0.0
1640.2571008205414,3886.0,1444.05,15.7,1.2420144738405672e231,4.55,5.678983881213743e-6,1.4473771633441248e-10,3.0695657035950674e-5,-0.9999999999080236,4.312438396637527e-6,3.6909758871188986e-6,1.8618564546686838e-5,1.4473771633441248e-10,-1.0,0.0
1645.39204788208,3898.0,1456.05,15.7,1.2420144738405672e231,4.55,5.678983881213743e-6,1.4473771633441248e-10,3.0695657035950674e-5,-0.9999999999080236,4.312438396637527e-6,3.6909758871188986e-6,1.8618564546686838e-5,1.4473771633441248e-10,-1.0,0.0
1650.483235836029,3910.0,1319.95,15.7,1.2420144738405672e231,4.55,5.678983881213743e-6,1.4473771633441248e-10,3.0695657035950674e-5,-0.9999999999080236,4.312438396637527e-6,3.6909758871188986e-6,1.8618564546686838e-5,1.4473771633441248e-10,-1.0,0.0
1655.5568809509277,3922.0,1208.65,15.7,1.2420144738405672e231,4.55,5.678983881213743e-6,1.4473771633441248e-10,3.0695657035950674e-5,-0.9999999999080236,4.312438396637527e-6,3.6909758871188986e-6,1.8618564546686838e-5,1.4473771633441248e-10,-1.0,0.0
1660.6219029426575,3934.0,1220.65,15.7,1.2420144738405672e231,4.55,5.678983881213743e-6,1.4473771633441248e-10,3.0695657035950674e-5,-0.9999999999080236,4.312438396637527e-6,3.6909758871188986e-6,1.8618564546686838e-5,1.4473771633441248e-10,-1.0,0.0
1665.719614982605,3946.0,1232.65,15.7,1.2420144738405672e231,4.55,5.678983881213743e-6,1.4473771633441248e-10,3.0695657035950674e-5,-0.9999999999080236,4.312438396637527e-6,3.6909758871188986e-6,1.8618564546686838e-5,1.4473771633441248e-10,-1.0,0.0
1670.7857458591461,3958.0,1185.3809523809523,15.952380952380953,1.1828709274672067e231,4.666666666666667,5.678983881213743e-6,1.4473771633441248e-10,3.0695657035950674e-5,-0.9999999999080236,4.312438396637527e-6,3.6909758871188986e-6,1.8618564546686838e-5,1.4473771633441248e-10,-1.0,0.0
1675.8871278762817,3970.0,1197.3809523809523,15.952380952380953,1.1828709274672067e231,4.666666666666667,5.678983881213743e-6,1.4473771633441248e-10,3.0695657035950674e-5,-0.9999999999080236,4.312438396637527e-6,3.6909758871188986e-6,1.8618564546686838e-5,1.4473771633441248e-10,-1.0,0.0
1680.9437928199768,3982.0,1209.3809523809523,15.952380952380953,1.1828709274672067e231,4.666666666666667,5.678983881213743e-6,1.4473771633441248e-10,3.0695657035950674e-5,-0.9999999999080236,4.312438396637527e-6,3.6909758871188986e-6,1.8618564546686838e-5,1.4473771633441248e-10,-1.0,0.0
1685.9512598514557,3994.0,1221.3809523809523,15.952380952380953,1.1828709274672067e231,4.666666666666667,5.678983881213743e-6,1.4473771633441248e-10,3.0695657035950674e-5,-0.9999999999080236,4.312438396637527e-6,3.6909758871188986e-6,1.8618564546686838e-5,1.4473771633441248e-10,-1.0,0.0
1691.0820708274841,4006.0,1233.3809523809523,15.952380952380953,1.1828709274672067e231,4.666666666666667,5.678983881213743e-6,1.4473771633441248e-10,3.0695657035950674e-5,-0.9999999999080236,4.312438396637527e-6,3.6909758871188986e-6,1.8618564546686838e-5,1.4473771633441248e-10,-1.0,0.0
1696.1973159313202,4018.0,1245.3809523809523,15.952380952380953,1.1828709274672067e231,4.666666666666667,5.678983881213743e-6,1.4473771633441248e-10,3.0695657035950674e-5,-0.9999999999080236,4.312438396637527e-6,3.6909758871188986e-6,1.8618564546686838e-5,1.4473771633441248e-10,-1.0,0.0
1701.266816854477,4030.0,1257.3809523809523,15.952380952380953,1.1828709274672067e231,4.666666666666667,5.678983881213743e-6,1.4473771633441248e-10,3.0695657035950674e-5,-0.9999999999080236,4.312438396637527e-6,3.6909758871188986e-6,1.8618564546686838e-5,1.4473771633441248e-10,-1.0,0.0
1706.4627227783203,4042.0,1269.3809523809523,15.952380952380953,1.1828709274672067e231,4.666666666666667,5.678983881213743e-6,1.4473771633441248e-10,3.0695657035950674e-5,-0.9999999999080236,4.312438396637527e-6,3.6909758871188986e-6,1.8618564546686838e-5,1.4473771633441248e-10,-1.0,0.0
1711.6185188293457,4054.0,1208.0,15.952380952380953,1.1828709274672067e231,4.666666666666667,5.678983881213743e-6,1.4473771633441248e-10,3.0695657035950674e-5,-0.9999999999080236,4.312438396637527e-6,3.6909758871188986e-6,1.8618564546686838e-5,1.4473771633441248e-10,-1.0,0.0
1716.6385598182678,4066.0,1220.0,15.952380952380953,1.1828709274672067e231,4.666666666666667,5.678983881213743e-6,1.4473771633441248e-10,3.0695657035950674e-5,-0.9999999999080236,4.312438396637527e-6,3.6909758871188986e-6,1.8618564546686838e-5,1.4473771633441248e-10,-1.0,0.0
1721.693853855133,4078.0,1179.7142857142858,15.952380952380953,1.1828709274672067e231,4.666666666666667,5.838659398261575e-6,1.3645854805399595e-10,2.4641821151583088e-5,-0.9999999999132848,4.835285195303418e-6,3.6909758871188986e-6,2.3375080664734985e-5,1.3645854805399595e-10,-1.0,0.0
1726.9045078754425,4090.0,1191.6666666666667,15.952380952380953,1.1828709274672067e231,4.666666666666667,5.8382415734038266e-6,1.36430425301118e-10,2.4637192665544205e-5,-0.9999999999133027,4.832193192528992e-6,3.6909758871188986e-6,2.3375158938993005e-5,1.36430425301118e-10,-1.0,0.0
1732.017865896225,4102.0,1203.6666666666667,15.952380952380953,1.1828709274672067e231,4.666666666666667,5.8382415734038266e-6,1.36430425301118e-10,2.4637192665544205e-5,-0.9999999999133027,4.832193192528992e-6,3.6909758871188986e-6,2.3375158938993005e-5,1.36430425301118e-10,-1.0,0.0
1737.2768218517303,4114.0,1215.6666666666667,15.952380952380953,1.1828709274672067e231,4.666666666666667,5.8382415734038266e-6,1.36430425301118e-10,2.4637192665544205e-5,-0.9999999999133027,4.832193192528992e-6,3.6909758871188986e-6,2.3375158938993005e-5,1.36430425301118e-10,-1.0,0.0
1742.4902739524841,4126.0,1227.6666666666667,15.952380952380953,1.1828709274672067e231,4.666666666666667,5.8382415734038266e-6,1.36430425301118e-10,2.4637192665544205e-5,-0.9999999999133027,4.832193192528992e-6,3.6909758871188986e-6,2.3375158938993005e-5,1.36430425301118e-10,-1.0,0.0
1747.8558638095856,4139.0,1185.857142857143,15.952380952380953,1.1828709274672067e231,4.666666666666667,5.749023861333378e-6,1.36430425301118e-10,2.4637192665544205e-5,-0.9999999999133027,4.832193192528992e-6,3.930066764132049e-6,2.3375158938993005e-5,1.36430425301118e-10,-1.0,0.0
1753.0338759422302,4151.0,1185.4761904761904,15.952380952380953,1.1828709274672067e231,4.666666666666667,5.749023861333378e-6,1.36430425301118e-10,2.4637192665544205e-5,-0.9999999999133027,4.832193192528992e-6,3.930066764132049e-6,2.3375158938993005e-5,1.36430425301118e-10,-1.0,0.0
1758.0512919425964,4163.0,1197.4761904761904,15.952380952380953,1.1828709274672067e231,4.666666666666667,5.749023861333378e-6,1.36430425301118e-10,2.4637192665544205e-5,-0.9999999999133027,4.832193192528992e-6,3.930066764132049e-6,2.3375158938993005e-5,1.36430425301118e-10,-1.0,0.0
1763.1692287921906,4175.0,1209.4761904761904,15.952380952380953,1.1828709274672067e231,4.666666666666667,5.749023861333378e-6,1.36430425301118e-10,2.4637192665544205e-5,-0.9999999999133027,4.832193192528992e-6,3.930066764132049e-6,2.3375158938993005e-5,1.36430425301118e-10,-1.0,0.0
1768.2665729522705,4187.0,1221.4761904761904,15.952380952380953,1.1828709274672067e231,4.666666666666667,5.749023861333378e-6,1.36430425301118e-10,2.4637192665544205e-5,-0.9999999999133027,4.832193192528992e-6,3.930066764132049e-6,2.3375158938993005e-5,1.36430425301118e-10,-1.0,0.0
1773.429042816162,4199.0,1233.4761904761904,15.952380952380953,1.1828709274672067e231,4.666666666666667,5.749023861333378e-6,1.36430425301118e-10,2.4637192665544205e-5,-0.9999999999133027,4.832193192528992e-6,3.930066764132049e-6,2.3375158938993005e-5,1.36430425301118e-10,-1.0,0.0
1778.6746838092804,4211.0,1245.4761904761904,15.952380952380953,1.1828709274672067e231,4.666666666666667,5.749023861333378e-6,1.36430425301118e-10,2.4637192665544205e-5,-0.9999999999133027,4.832193192528992e-6,3.930066764132049e-6,2.3375158938993005e-5,1.36430425301118e-10,-1.0,0.0
1783.6884047985077,4223.0,1257.4761904761904,15.952380952380953,1.1828709274672067e231,4.666666666666667,5.749023861333378e-6,1.36430425301118e-10,2.4637192665544205e-5,-0.9999999999133027,4.832193192528992e-6,3.930066764132049e-6,2.3375158938993005e-5,1.36430425301118e-10,-1.0,0.0
1788.7897508144379,4235.0,1269.4761904761904,15.952380952380953,1.1828709274672067e231,4.666666666666667,5.749023861333378e-6,1.36430425301118e-10,2.4637192665544205e-5,-0.9999999999133027,4.832193192528992e-6,3.930066764132049e-6,2.3375158938993005e-5,1.36430425301118e-10,-1.0,0.0
1793.9653029441833,4247.0,1281.4761904761904,15.952380952380953,1.1828709274672067e231,4.666666666666667,5.749023861333378e-6,1.36430425301118e-10,2.4637192665544205e-5,-0.9999999999133027,4.832193192528992e-6,3.930066764132049e-6,2.3375158938993005e-5,1.36430425301118e-10,-1.0,0.0
1799.0728240013123,4259.0,1279.4761904761904,15.952380952380953,1.1828709274672067e231,4.619047619047619,5.749023861333378e-6,1.36430425301118e-10,2.4637192665544205e-5,-0.9999999999133027,4.832193192528992e-6,3.930066764132049e-6,2.3375158938993005e-5,1.36430425301118e-10,-1.0,0.0
