time_stamp,max_are,compl,dim_penalty,age,minus_spearman,valid,max_ae,q75_are,n_params,eqs_orig,minus_r2,mse,mare,ms_processed_e,recursive_compl,mae,eqs_orig_rounded
642.6721739768982,1.2000087497298682e7,1.0,1.0,2427.0,-0.978423069725727,true,5.999989681200031,5.120457532911614e6,0.0,v1,8.099974391530912e11,13.559966149017093,3.6055658606280764e6,13.559966149017093,2.0,3.279996666249291,v1
366.1676769256592,1.2000087497298682e7,1.0,1.0,2987.0,-0.978423069725727,true,5.999989681200031,5.120457532911614e6,0.0,v1,8.099974391530912e11,13.559966149017093,3.6055658606280764e6,13.559966149017093,2.0,3.279996666249291,v1
16.57599711418152,2.1350416465373524e6,2.0,1.0,3755.0,-0.978423069725727,true,1.7917491504280854,797380.7953386491,0.0,log(v1),8.548078117981612e10,1.4310125479086824,525793.9598420704,1.4310125479086824,4.0,1.01860681882059,log(v1)
776.6546769142151,35.254739661476584,2.0,0.0,2149.0,100.0,true,1.1287651980528578e-5,6.734980083683808,1.0,3.02120602440872e-6,0.0058351130582234845,1.6838436055805403e-11,7.337313810248563,1.6838436055805403e-11,1.0,3.0522768317412494e-6,3.02e-6
1502.7391250133514,1.2000087497298682e7,2.0,1.0,625.0,-0.978423069725727,true,2.4494794239832083,3.6207099514063234e6,0.0,sqrt_abs(v1),1.9592818246624823e11,3.27998508818608,2.9951595546077215e6,3.27998508818608,4.0,1.7422876802307954,sqrt_abs(v1)
1502.7391250133514,1.2000087497298682e7,2.0,1.0,625.0,-0.978423069725727,true,2.4494794239832083,3.6207099514063234e6,0.0,sqrt_abs(v1),1.9592818246624823e11,3.27998508818608,2.9951595546077215e6,3.27998508818608,4.0,1.7422876802307954,sqrt_abs(v1)
157.20594906806946,35.25545552354866,2.0,0.0,3442.0,-0.02000400120040014,true,1.1287592325795846e-5,6.735132813476434,1.0,3.02126567914146e-6,0.005832885799803789,1.6838398769824836e-11,7.33746658612141,1.6838398769824836e-11,1.0,3.0523006936343424e-6,3.02e-6
13.889328002929688,2.1350416465373524e6,2.0,1.0,3760.0,-0.978423069725727,true,1.7917491504280854,797380.7953386491,0.0,log(v1),8.548078117981612e10,1.4310125479086824,525793.9598420704,1.4310125479086824,4.0,1.01860681882059,log(v1)
13.889328002929688,2.1350416465373524e6,2.0,1.0,3760.0,-0.978423069725727,true,1.7917491504280854,797380.7953386491,0.0,log(v1),8.548078117981612e10,1.4310125479086824,525793.9598420704,1.4310125479086824,4.0,1.01860681882059,log(v1)
1721.3007259368896,1.2000087497298682e7,2.0,1.0,163.0,-0.978423069725727,true,2.4494794239832083,3.6207099514063234e6,0.0,sqrt_abs(v1),1.9592818246624823e11,3.27998508818608,2.9951595546077215e6,3.27998508818608,4.0,1.7422876802307954,sqrt_abs(v1)
157.20594906806946,35.25545552354866,2.0,0.0,3442.0,-0.02000400120040014,true,1.1287592325795846e-5,6.735132813476434,1.0,3.02126567914146e-6,0.005832885799803789,1.6838398769824836e-11,7.33746658612141,1.6838398769824836e-11,1.0,3.0523006936343424e-6,3.02e-6
1762.6721940040588,1.2320860752983546e7,2.0,1.0,77.0,-0.978423069725727,true,35.99998968120003,8.92341010550487e6,0.0,pow2(v1),1.8931038585315035e13,316.9198197104267,6.756337185630024e6,316.9198197104267,4.0,13.55999666624929,pow2(v1)
13.889328002929688,2.1350416465373524e6,2.0,1.0,3760.0,-0.978423069725727,true,1.7917491504280854,797380.7953386491,0.0,log(v1),8.548078117981612e10,1.4310125479086824,525793.9598420704,1.4310125479086824,4.0,1.01860681882059,log(v1)
1456.086450099945,35.25545756064876,2.0,0.0,726.0,-0.444575144180969,true,1.1287592156038756e-5,6.7351332480935024,1.0,3.02126584889854e-6,0.005832879462390084,1.6838398663731765e-11,7.337467020869607,1.6838398663731765e-11,1.0,3.0523007615371782e-6,3.02e-6
119.02625298500061,1.0,3.0,1.0,3525.0,100.0,true,1.43088580049373e-5,1.0,0.0,(v1-v1),0.6638825945349986,2.7854645665788533e-11,1.0,2.7854645665788533e-11,4.0,3.333750709015124e-6,(v1-v1)
13.633742094039917,1.0675203232686764e6,3.0,1.0,3760.0,-0.978423069725727,true,0.8958694158140578,398689.8976693244,0.0,log(sqrt_abs(v1)),2.137003677407935e10,0.35775048323109604,262896.69992103515,0.35775048323109604,16.0,0.5093017660745136,log(sqrt_abs(v1))
23.769537925720215,1.0675203232686764e6,3.0,1.0,3736.0,-0.978423069725727,true,0.8958694158140578,398689.8976693244,0.0,log(sqrt_abs(v1)),2.137003677407935e10,0.35775048323109604,262896.69992103515,0.35775048323109604,16.0,0.5093017660745136,log(sqrt_abs(v1))
119.02625298500061,1.0,3.0,1.0,3525.0,100.0,true,1.43088580049373e-5,1.0,0.0,(v1-v1),0.6638825945349986,2.7854645665788533e-11,1.0,2.7854645665788533e-11,4.0,3.333750709015124e-6,(v1-v1)
17.643562078475952,1.0675203232686764e6,3.0,1.0,3752.0,-0.978423069725727,true,0.8958694158140578,398689.8976693244,0.0,log(sqrt_abs(v1)),2.137003677407935e10,0.35775048323109604,262896.69992103515,0.35775048323109604,16.0,0.5093017660745136,log(sqrt_abs(v1))
1642.1249959468842,1.0,3.0,1.0,329.0,100.0,true,1.43088580049373e-5,1.0,0.0,(v1-v1),0.6638825945349986,2.7854645665788533e-11,1.0,2.7854645665788533e-11,4.0,3.333750709015124e-6,(v1-v1)
1642.1249959468842,1.0,3.0,1.0,329.0,100.0,true,1.43088580049373e-5,1.0,0.0,(v1-v1),0.6638825945349986,2.7854645665788533e-11,1.0,2.7854645665788533e-11,4.0,3.333750709015124e-6,(v1-v1)
17.643562078475952,1.0675203232686764e6,3.0,1.0,3752.0,-0.978423069725727,true,0.8958694158140578,398689.8976693244,0.0,log(sqrt_abs(v1)),2.137003677407935e10,0.35775048323109604,262896.69992103515,0.35775048323109604,16.0,0.5093017660745136,log(sqrt_abs(v1))
55.785053968429565,12.694255236949926,4.0,0.0,3665.0,-0.978423069725727,true,7.461780882114774e-6,4.843362413176752,1.0,(1.14117952047042e-6*v1),-0.5888101470119468,6.883627302773003e-12,3.2625382797330182,6.883627302773003e-12,3.0,2.115875736649757e-6,(1.14e-6*v1)
360.24427604675293,8.400061848109077e7,4.0,1.0,2999.0,-0.991718960448597,true,6.9999999166672815,2.240199608148831e6,0.0,(v2/pow3(v1)),2.7597009967622296e11,4.619946963871973,9.220810241876826e6,4.619946963871973,9.0,1.0594133329159579,(v2/pow3(v1))
18.27883505821228,3.1749248874619097e7,4.0,1.0,3749.0,-0.9903700106845668,true,2.6457512277318718,3.3868639691756936e6,0.0,(sqrt_abs(v2)/v1),7.951301006422173e10,1.3311075724101766,4.744850603064327e6,1.3311075724101766,9.0,0.9763698201191525,(sqrt_abs(v2)/v1)
1799.205253124237,45.91792553309977,4.0,0.0,1.0,-0.36912997498288214,true,1.039905971106127e-5,7.629868747353957,1.0,(5.58542613410862e-7*v2),-0.1342167300263044,1.4493862900960683e-11,6.146041758517596,1.4493862900960683e-11,3.0,2.8826836829219626e-6,(5.59e-7*v2)
355.49029898643494,3.090209995275864e7,4.0,1.0,3009.0,-0.9843960903010047,true,2.5751560048673774,2.4254244704852323e6,0.0,(v2/exp(v1)),4.256247854847294e10,0.7125278926213062,3.5851406732116654e6,0.7125278926213062,9.0,0.5103410572234551,(v2/exp(v1))
788.3384730815887,3.090209995275864e7,4.0,1.0,2125.0,-0.9843960903010047,true,2.5751560048673774,2.4254244704852323e6,0.0,(v2/exp(v1)),4.256247854847294e10,0.7125278926213062,3.5851406732116654e6,0.7125278926213062,9.0,0.5103410572234551,(v2/exp(v1))
1706.1594469547272,4.852103249833241e6,4.0,1.0,194.0,-0.991718960448597,true,30.85713253834289,4.045971603346005e6,0.0,(pow3(v1)/v2),1.213379049847455e13,203.12877604949236,3.3435632948167957e6,203.12877604949236,9.0,9.950806190058815,(pow3(v1)/v2)
1792.937315940857,4.852103249833241e6,4.0,1.0,14.0,-0.9903700106845668,true,5.142846824057174,1.6260321240949542e6,0.0,(pow2(v1)/v2),4.549440224893383e11,7.616104997948129,1.4278274653779874e6,7.616104997948129,9.0,2.2147109519635766,(pow2(v1)/v2)
54.7180540561676,3.1749248874619097e7,4.0,1.0,3668.0,-0.9903700106845668,true,2.6457512277318718,3.3868639691756936e6,0.0,(sqrt_abs(v2)/v1),7.951301006422173e10,1.3311075724101766,4.744850603064327e6,1.3311075724101766,9.0,0.9763698201191525,(sqrt_abs(v2)/v1)
24.967966079711914,12.69779329365173,4.0,0.0,3733.0,-0.978423069725727,true,7.460011866809962e-6,4.8448721080954815,1.0,(1.14147435635456e-6*v1),-0.5888611901489597,6.882772802281302e-12,3.26352587321251,6.882772802281302e-12,3.0,2.1161233987924306e-6,(1.14e-6*v1)
825.6577699184418,8.400061848109077e7,4.0,1.0,2048.0,-0.991718960448597,true,6.9999999166672815,2.240199608148831e6,0.0,(v2/pow3(v1)),2.7597009967622296e11,4.619946963871973,9.220810241876826e6,4.619946963871973,9.0,1.0594133329159579,(v2/pow3(v1))
1780.1632809638977,45.814338542540014,4.0,0.0,40.0,-0.3804622091333856,true,1.0407691896614157e-5,7.610815429836039,1.0,(5.57309444046163e-7*v2),-0.13385127992855006,1.4499980810370223e-11,6.1315891850472495,1.4499980810370223e-11,3.0,2.880389987903624e-6,(5.57e-7*v2)
54.7180540561676,3.1749248874619097e7,4.0,1.0,3668.0,-0.9903700106845668,true,2.6457512277318718,3.3868639691756936e6,0.0,(sqrt_abs(v2)/v1),7.951301006422173e10,1.3311075724101766,4.744850603064327e6,1.3311075724101766,9.0,0.9763698201191525,(sqrt_abs(v2)/v1)
1788.1607661247253,45.81433915283742,4.0,0.0,24.0,-0.3804622091333856,true,1.0407691845756415e-5,7.6108155420913555,1.0,(5.57309451311555e-7*v2),-0.13385128209985775,1.4499980774020899e-11,6.13158927019663,1.4499980774020899e-11,3.0,2.8803900014172527e-6,(5.57e-7*v2)
24.967966079711914,12.69779329365173,4.0,0.0,3733.0,-0.978423069725727,true,7.460011866809962e-6,4.8448721080954815,1.0,(1.14147435635456e-6*v1),-0.5888611901489597,6.882772802281302e-12,3.26352587321251,6.882772802281302e-12,3.0,2.1161233987924306e-6,(1.14e-6*v1)
788.3384730815887,3.090209995275864e7,4.0,1.0,2125.0,-0.9843960903010047,true,2.5751560048673774,2.4254244704852323e6,0.0,(v2/exp(v1)),4.256247854847294e10,0.7125278926213062,3.5851406732116654e6,0.7125278926213062,9.0,0.5103410572234551,(v2/exp(v1))
1789.6326069831848,25.835874557483063,4.0,0.0,21.0,-0.9833182727354214,true,1.3936140273681624e-5,1.8627285310633837,1.0,(2.23630638753406e-6/v1),0.5616389878279975,2.6143010815006484e-11,5.1541714925042665,2.6143010815006484e-11,3.0,3.451354605482175e-6,(2.24e-6/v1)
278.7931671142578,8.400061848109077e7,4.0,1.0,3173.0,-0.991718960448597,true,6.9999999166672815,2.240199608148831e6,0.0,(v2/pow3(v1)),2.7597009967622296e11,4.619946963871973,9.220810241876826e6,4.619946963871973,9.0,1.0594133329159579,(v2/pow3(v1))
44.37256407737732,3.1749248874619097e7,4.0,1.0,3692.0,-0.9903700106845668,true,2.6457512277318718,3.3868639691756936e6,0.0,(sqrt_abs(v2)/v1),7.951301006422173e10,1.3311075724101766,4.744850603064327e6,1.3311075724101766,9.0,0.9763698201191525,(sqrt_abs(v2)/v1)
771.4829139709473,3.090209995275864e7,4.0,1.0,2160.0,-0.9843960903010047,true,2.5751560048673774,2.4254244704852323e6,0.0,(v2/exp(v1)),4.256247854847294e10,0.7125278926213062,3.5851406732116654e6,0.7125278926213062,9.0,0.5103410572234551,(v2/exp(v1))
360.24427604675293,8.400061848109077e7,4.0,1.0,2999.0,-0.991718960448597,true,6.9999999166672815,2.240199608148831e6,0.0,(v2/pow3(v1)),2.7597009967622296e11,4.619946963871973,9.220810241876826e6,4.619946963871973,9.0,1.0594133329159579,(v2/pow3(v1))
1798.1487700939178,43.839294865299465,4.0,0.0,4.0,-0.44030007641043184,true,1.2988685720426764e-5,3.425141508598202,1.0,(9.24120599157376e-6/v2),0.3404861314394525,2.2440745719552743e-11,6.332788542279397,2.2440745719552743e-11,3.0,3.2095300892823967e-6,(9.24e-6/v2)
1695.968689918518,12.6887375840241,4.0,0.0,216.0,-0.978423069725727,true,7.464539688232113e-6,4.841008021122723,1.0,(1.14071971945086e-6*v1),-0.5887302634120508,6.884964614297819e-12,3.260998112768236,6.884964614297819e-12,3.0,2.115489503793329e-6,(1.14e-6*v1)
506.5777349472046,5.5824196394140335,5.0,0.0,2701.0,-0.9876306581110715,true,1.4305162032639589e-5,0.9997107118463687,1.0,(1.49106164484861e-6/exp(v1)),0.6594528051873141,2.7780487661456308e-11,1.6347471601472134,2.7780487661456308e-11,5.0,3.359736428100318e-6,(1.49e-6/exp(v1))
200.72969007492065,0.6419885067279059,5.0,0.0,3346.0,-0.9857569875096456,true,3.245336577591125e-6,0.4256142356698582,1.0,(3.31475575249256e-8*exp(v1)),-0.9241193503653871,1.2702991277174103e-12,0.2900875384139786,1.2702991277174103e-12,5.0,7.464265792263522e-7,(3.31e-8*exp(v1))
1343.6781809329987,0.7355865451878683,5.0,0.0,964.0,-0.978423069725727,true,2.679482148476989e-6,0.4655305048247466,1.0,(5.38397030391681e-8*pow3(v1)),-0.959076778608055,6.85085495286289e-13,0.29480765302443174,6.85085495286289e-13,5.0,5.584098282586092e-7,(5.38e-8*pow3(v1))
1069.4455230236053,7.849341369270556,5.0,0.0,1542.0,-0.9862683415928166,true,1.428837356950246e-5,0.9983966588416278,1.0,(7.37439675654277e-7/pow2(v1)),0.655560916180425,2.771533451326332e-11,2.032468314917322,2.771533451326332e-11,5.0,3.393493796642272e-6,(7.37e-7/pow2(v1))
412.4337990283966,4.1821435850479905e6,5.0,1.0,2891.0,-0.991718960448597,true,0.3485093952423289,44422.21706894572,0.0,(v2/pow3(exp(v1))),6.738865710246177e8,0.011281367894784945,450657.926377106,0.011281367894784945,33.0,0.046802237142792684,(v2/pow3(exp(v1)))
831.0685849189758,4.1821435850479905e6,5.0,1.0,2037.0,-0.991718960448597,true,0.3485093952423289,44422.21706894572,0.0,(v2/pow3(exp(v1))),6.738865710246177e8,0.011281367894784945,450657.926377106,0.011281367894784945,33.0,0.046802237142792684,(v2/pow3(exp(v1)))
21.666023015975952,0.7354219496854524,5.0,0.0,3739.0,-0.978423069725727,true,2.6805850280580647e-6,0.46543893809822406,1.0,pow3((0.00377590004392339*v1)),-0.959071296117555,6.85177276299411e-13,0.2947847106160631,6.85177276299411e-13,8.0,5.583999386682649e-7,pow3((0.00378*v1))
1799.3094010353088,2.318085543575654,5.0,0.0,1.0,-0.978423069725727,true,4.613831637175486e-6,1.4031307210624535,1.0,pow2((0.000518947288260941*v1)),-0.8634217098224404,2.286423267501251e-12,0.8889342168593464,2.286423267501251e-12,8.0,1.1275247028497827e-6,pow2((0.000519*v1))
86.12528610229492,0.7355923713106249,5.0,0.0,3595.0,-0.9687544912826594,true,2.679443110278917e-6,0.46553374597642644,1.0,(5.38398837715666e-8*pow3(v1)),-0.9590769721536802,6.850822551870015e-13,0.2948085083783004,6.850822551870015e-13,5.0,5.584101969527022e-7,(5.38e-8*pow3(v1))
1799.4639880657196,1.9166656453076366e7,5.0,1.0,1.0,-0.991718960448597,true,185.14284682405716,1.5472911071442947e7,0.0,(pow2(pow2(v1))/v2),3.690227471627751e14,6177.718246825971,1.0955772676444035e7,6177.718246825971,33.0,48.690139523392155,(pow2(pow2(v1))/v2)
311.6512680053711,4.1821435850479905e6,5.0,1.0,3102.0,-0.991718960448597,true,0.3485093952423289,44422.21706894572,0.0,(v2/pow3(exp(v1))),6.738865710246177e8,0.011281367894784945,450657.926377106,0.011281367894784945,33.0,0.046802237142792684,(v2/pow3(exp(v1)))
1664.2566809654236,0.7355990473151517,5.0,0.0,283.0,-0.9687544912826594,true,2.679398377409746e-6,0.46553745992894513,1.0,pow3((0.00377602848150642*v1)),-0.9590771938892727,6.85078543166464e-13,0.294809488506344,6.85078543166464e-13,8.0,5.584106194297997e-7,pow3((0.00378*v1))
1757.7819619178772,0.7352105949431949,5.0,0.0,87.0,-0.978423069725727,true,2.6820012200328036e-6,0.46532135856780255,1.0,(5.38280406708542e-8*pow3(v1)),-0.9590642148393557,6.852958222207111e-13,0.294758552270445,6.852958222207111e-13,5.0,5.583886615840217e-7,(5.38e-8*pow3(v1))
1330.0604009628296,0.7355111501184434,5.0,0.0,994.0,-0.9687544912826594,true,2.6799873365371853e-6,0.4654885615176584,1.0,(5.38373642055561e-8*pow3(v1)),-0.9590742707780828,6.851274782456e-13,0.29479658400529063,6.851274782456e-13,5.0,5.584050570380407e-7,(5.38e-8*pow3(v1))
1436.1130120754242,7.849322924651798,5.0,0.0,769.0,-0.9866090970750243,true,1.4288373612198021e-5,0.9983966621834603,1.0,(7.37438138614049e-7/pow2(v1)),0.6555609178301207,2.7715334540880465e-11,2.032465245862172,2.7715334540880465e-11,5.0,3.3934935739934566e-6,(7.37e-7/pow2(v1))
1514.43834400177,0.6419885064233174,5.0,0.0,600.0,-0.978423069725727,true,3.24533657605139e-6,0.4256142351811832,1.0,(3.31475575531268e-8*exp(v1)),-0.9241193502953997,1.27029912888905e-12,0.29008753811628063,1.27029912888905e-12,5.0,7.464265796463211e-7,(3.31e-8*exp(v1))
1777.006175994873,1.9166656453076366e7,5.0,1.0,47.0,-0.991718960448597,true,185.14284682405716,1.5472911071442947e7,0.0,(pow2(pow2(v1))/v2),3.690227471627751e14,6177.718246825971,1.0955772676444035e7,6177.718246825971,33.0,48.690139523392155,(pow2(pow2(v1))/v2)
752.1818089485168,4.1821435850479905e6,5.0,1.0,2201.0,-0.991718960448597,true,0.3485093952423289,44422.21706894572,0.0,(v2/pow3(exp(v1))),6.738865710246177e8,0.011281367894784945,450657.926377106,0.011281367894784945,33.0,0.046802237142792684,(v2/pow3(exp(v1)))
219.4472301006317,0.9252999317477846,6.0,0.0,3305.0,-0.9801402318925901,true,2.5395123539493145e-6,0.7362736306942994,1.0,pow2(pow2((0.00995637506873128*v1))),-0.9608643034742342,6.55160985029528e-13,0.41847004779712293,6.55160985029528e-13,256.0,5.268104352170988e-7,pow2(pow2((0.00996*v1)))
1774.4015259742737,170.49521551239928,6.0,0.0,52.0,-0.991718960448597,true,9.905584077121642e-5,73.32390184068458,1.0,(v1/(-70791.9807324138-v2)),190.8239207102224,3.2112766604778433e-9,51.928260862366606,3.2112766604778433e-9,7.0,4.966270779308157e-5,(v1/(-70800.0-v2))
1775.3905880451202,0.9252981084520717,6.0,0.0,50.0,-0.9787920233176661,true,2.5394509521536437e-6,0.7362671936030117,1.0,pow2(pow2((0.0099564358225239*v1))),-0.9608637359017164,6.551704866202219e-13,0.4184665933028883,6.551704866202219e-13,256.0,5.267949120756309e-7,pow2(pow2((0.00996*v1)))
270.1524760723114,0.9252981086582762,6.0,0.0,3192.0,-0.9747599521626543,true,2.53945095909784e-6,0.7362671943310104,1.0,(9.82687866199785e-9*pow2(pow2(v1))),-0.9608637359660166,6.551704855437869e-13,0.41846659369357214,6.551704855437869e-13,17.0,5.267949138312104e-7,(9.83e-9*pow2(pow2(v1)))
151.47792100906372,796.4540509135328,6.0,0.0,3454.0,-0.991718960448597,true,0.00038840528498679787,339.275023848726,1.0,(v1/(15040.999923697+v2)),3443.672861681507,5.7666413671158776e-8,238.6363195797827,5.7666413671158776e-8,7.0,0.00021464884295939294,(v1/(15000.0+v2))
1696.161983013153,0.9978088407446831,6.0,0.0,215.0,-0.9866090970750243,true,3.87449082404831e-6,0.9690567096659554,1.0,pow2((1.69777044781072e-5*pow3(v1))),-0.8776344407316323,2.0484914658711123e-12,0.6657704058283688,2.0484914658711123e-12,32.0,1.0681886930960516e-6,pow2((1.7e-5*pow3(v1)))
555.9551270008087,0.9999705807146066,6.0,0.0,2601.0,-0.9899859490256722,true,6.8163527051029166e-6,0.9998696148473825,1.0,(1.9267823952530199e-13*pow3(exp(v1))),-0.6516904311286393,5.830964068487491e-12,0.8587269074120764,5.830964068487491e-12,17.0,1.6659263872684202e-6,(1.93e-13*pow3(exp(v1)))
151.47792100906372,796.4540509135328,6.0,0.0,3454.0,-0.991718960448597,true,0.00038840528498679787,339.275023848726,1.0,(v1/(15040.999923697+v2)),3443.672861681507,5.7666413671158776e-8,238.6363195797827,5.7666413671158776e-8,7.0,0.00021464884295939294,(v1/(15000.0+v2))
1603.4415130615234,1.9749162377320416e7,6.0,1.0,411.0,-0.9918876964689756,true,5.559031129355932,2.0932233771948698e6,0.0,(v1-(sqrt_abs(v2)/v1)),6.097919807629768e11,10.208376245901423,3.0886566865949226e6,10.208376245901423,11.0,2.7267990460488476,(v1-(sqrt_abs(v2)/v1))
1545.6877570152283,0.9978088407441843,6.0,0.0,534.0,-0.9876306581110715,true,3.874490823779557e-6,0.9690567096589116,1.0,pow2(pow3((-0.025701570192809*v1))),-0.8776344407107899,2.04849146622003e-12,0.6657704058069188,2.04849146622003e-12,256.0,1.0681886932376107e-6,pow2(pow3((-0.0257*v1)))
270.1524760723114,0.9252981086582762,6.0,0.0,3192.0,-0.9747599521626543,true,2.53945095909784e-6,0.7362671943310104,1.0,(9.82687866199785e-9*pow2(pow2(v1))),-0.9608637359660166,6.551704855437869e-13,0.41846659369357214,6.551704855437869e-13,17.0,5.267949138312104e-7,(9.83e-9*pow2(pow2(v1)))
1789.1646480560303,0.925298108390597,6.0,0.0,22.0,-0.9806290983691627,true,2.539450950083409e-6,0.7362671933859775,1.0,pow2((9.91306143288261e-5*pow2(v1))),-0.9608637358825469,6.551704869411331e-13,0.41846659318641594,6.551704869411331e-13,32.0,5.267949115522498e-7,pow2((9.91e-5*pow2(v1)))
373.8048770427704,0.9252991974132089,6.0,0.0,2971.0,-0.976284452722899,true,2.5394876243011007e-6,0.73627103814792,1.0,pow2(pow2((-0.00995639953752924*v1))),-0.9608640751198719,6.551648078532479e-13,0.41846865649535003,6.551648078532479e-13,256.0,5.268041832529099e-7,pow2(pow2((-0.00996*v1)))
555.9551270008087,0.9999705807146066,6.0,0.0,2601.0,-0.9899859490256722,true,6.8163527051029166e-6,0.9998696148473825,1.0,(1.9267823952530199e-13*pow3(exp(v1))),-0.6516904311286393,5.830964068487491e-12,0.8587269074120764,5.830964068487491e-12,17.0,1.6659263872684202e-6,(1.93e-13*pow3(exp(v1)))
833.8055880069733,796.4540508984477,6.0,0.0,2032.0,-0.9915986427908554,true,0.00038840528497925534,339.2750238422892,1.0,(v1/(15040.9999239816+v2)),3443.672861548699,5.7666413668935467e-8,238.63631957524905,5.7666413668935467e-8,7.0,0.00021464884295526918,(v1/(15000.0+v2))
132.18020391464233,7.200052998379208e7,6.0,1.0,3497.0,-0.9917915862199245,true,34.83334764219134,6.90524515598057e6,0.0,((v2-pow3(v1))/v1),1.6978375495365934e13,284.23077142430265,1.0218133041726004e7,284.23077142430265,13.0,12.690003286671562,((v2-pow3(v1))/v1)
146.17885208129883,0.9252981085081456,6.0,0.0,3466.0,-0.9801402318925901,true,2.539450954042007e-6,0.7362671938009794,1.0,(9.826878681747201e-9*pow2(pow2(v1))),-0.9608637359192018,6.551704863275023e-13,0.41846659340912856,6.551704863275023e-13,17.0,5.267949125530327e-7,(9.83e-9*pow2(pow2(v1)))
1800.063733100891,0.995473326847931,6.0,0.0,0.0,-0.9579723282283485,true,5.671136893726384e-6,0.9923658309408881,1.0,pow2((8.97712112080786e-6*exp(v1))),-0.7244199493799668,4.61341724938612e-12,0.8191763234260989,4.61341724938612e-12,32.0,1.5433609052249712e-6,pow2((8.98e-6*exp(v1)))
1441.761871099472,9.704209499666482e6,7.0,1.0,756.0,-0.9923249980738181,true,47.46721859818746,6.243667111264664e6,0.0,(pow3(v1)/(sqrt_abs(v1)-v2)),2.8984909676937484e13,485.2291810478605,5.145024386057097e6,485.2291810478605,25.0,15.325333697060923,(pow3(v1)/(sqrt_abs(v1)-v2))
144.54345798492432,5.079036981925748,7.0,0.0,3469.0,-0.9907565981842688,true,2.4684074197271658e-6,0.8442148439470212,1.0,(5.66528736134456e-8*(pow3(v1)-v2)),-0.963357129355723,6.134292054776287e-13,0.8401633582963597,6.134292054776287e-13,7.0,5.825089785585524e-7,(5.67e-8*(pow3(v1)-v2))
604.7544610500336,0.7115722701706942,7.0,0.0,2503.0,-0.991718960448597,true,3.424048583788412e-6,0.44694537617709224,1.0,(pow3(v1)/(v2/3.52748453463158e-7)),-0.9469461275398964,8.881617149118148e-13,0.29925190487580733,8.881617149118148e-13,13.0,6.45450462623474e-7,(pow3(v1)/(v2/3.53e-7))
1214.251601934433,4.1821435850479905e6,7.0,1.0,1237.0,-0.9920813207178127,true,0.3485093952423289,22210.608534472864,0.0,(v2/(v1*pow3(exp(v1)))),6.726385925730807e8,0.011260475797181256,448378.9135257208,0.011260475797181256,67.0,0.0457868858446597,(v2/(v1*pow3(exp(v1))))
1751.3770821094513,43.5057032389465,7.0,0.0,100.0,-0.9917431696299155,true,1.4291687721364066e-5,0.9986560614549784,1.0,(v2/pow3((123.582110312271*v1))),0.7206997041414938,2.8805806800018367e-11,5.198994969024415,2.8805806800018367e-11,17.0,3.6893164937876902e-6,(v2/pow3((124.0*v1)))
1799.721843957901,43.53294076120902,7.0,0.0,0.0,-0.4094171004471633,true,1.1097203373288085e-5,5.215338150296164,1.0,(9.17806759051798e-6*(sqrt_abs(v1)/v2)),-0.03646616272536751,1.6130280893877032e-11,6.535679865941465,1.6130280893877032e-11,10.0,2.8302121145590715e-6,(9.18e-6*(sqrt_abs(v1)/v2))
1336.8050570487976,1.0000006152319707,7.0,0.0,979.0,-0.9922977348105848,true,1.4308858005174656e-5,1.000000016407534,1.0,(v2/pow3((-51492.9608374386*v1))),0.6638825948204843,2.7854645670567776e-11,1.0000000675344767,2.7854645670567776e-11,17.0,3.333750716774436e-6,(v2/pow3((-51500.0*v1)))
1228.9501090049744,9.704209499666482e6,7.0,1.0,1206.0,-0.9923249980738181,true,47.46721859818746,6.243667111264664e6,0.0,(pow3(v1)/(sqrt_abs(v1)-v2)),2.8984909676937484e13,485.2291810478605,5.145024386057097e6,485.2291810478605,25.0,15.325333697060923,(pow3(v1)/(sqrt_abs(v1)-v2))
1523.56467795372,0.7111862887992569,7.0,0.0,580.0,-0.991718960448597,true,3.4265032471067157e-6,0.44661907154454744,1.0,(pow3((0.00706516631182596*v1))/v2),-0.9469232734686384,8.885443092481002e-13,0.29909421465499236,8.885443092481002e-13,17.0,6.453622197500178e-7,(pow3((0.00707*v1))/v2)
1796.8280889987946,5.079296806861965,7.0,0.0,6.0,-0.9910213769851957,true,2.4676532112383228e-6,0.8442049208037856,1.0,(5.66564822665023e-8*(pow3(v1)-v2)),-0.9633599822291751,6.133814462310342e-13,0.8401990393675256,6.133814462310342e-13,7.0,5.825047203479455e-7,(5.67e-8*(pow3(v1)-v2))
1799.2907030582428,0.7352100358686581,7.0,0.0,1.0,-0.978423069725727,true,2.6820049661369317e-6,0.46532104754700027,1.0,(v1*pow2((0.00023200867080301*v1))),-0.9590641960464281,6.852961368284491e-13,0.29475848307651636,6.852961368284491e-13,17.0,5.583886317539333e-7,(v1*pow2((0.000232*v1)))
1799.8066561222076,1.200088302857543e7,7.0,1.0,0.0,-0.991718960448597,true,1.0003875098338086,2.5605677322804555e6,1.0,exp((v1/(15077.8704624115+v2))),5.976006074450066e10,1.0004283490309123,2.646896852852663e6,1.0004283490309123,128.0,1.0002141458166844,exp((v1/(15100.0+v2)))
1747.7685101032257,0.711023422849081,7.0,0.0,108.0,-0.991718960448597,true,3.4275389993561235e-6,0.4464813863660419,1.0,(pow3((0.00706494215708996*v1))/v2),-0.9469135840574974,8.887065172758348e-13,0.29902767681263265,8.887065172758348e-13,17.0,6.453249854156811e-7,(pow3((0.00706*v1))/v2)
42.03612303733826,4.339613922204127,7.0,0.0,3697.0,-0.9919358720819955,true,1.4306797983894073e-5,0.9997478310241521,1.0,(6.35663636195697e-8/(pow3(v1)/v2)),0.6625199614554169,2.7831834163505323e-11,1.1149207790711957,2.7831834163505323e-11,10.0,3.3339893567065895e-6,(6.36e-8/(pow3(v1)/v2))
1482.062243938446,5.079036964244822,7.0,0.0,670.0,-0.9907565981842688,true,2.468407471050586e-6,0.844214844622285,1.0,(-5.6652873367879e-8*(v2-pow3(v1))),-0.9633571291611498,6.1342920873493e-13,0.840163355868285,6.1342920873493e-13,7.0,5.825089788483209e-7,(-5.67e-8*(v2-pow3(v1)))
140.688236951828,1.2559600090486118e8,7.0,1.0,3478.0,-0.9924938491901119,true,1296.000014308858,6.093837560348268e7,0.0,(pow2(pow2(v1))/(v1-v2)),1.6043640245116948e16,268582.6005301826,4.243105843009764e7,268582.6005301826,65.0,274.123336667084,(pow2(pow2(v1))/(v1-v2))
1799.9082379341125,29.258880573898107,7.0,0.0,0.0,-0.9777387821573996,true,1.2728064606187625e-5,4.974045391293773,2.0,(-1.88152277301917e-7*(-14.4016702929036+v1)),0.23261095176855506,2.0634834103110916e-11,6.009980522294349,2.0634834103110916e-11,4.0,3.079577051534124e-6,(-1.88e-7*(-14.4+v1))
1427.1798830032349,5.079386228178658,7.0,0.0,788.0,-0.9920810868274078,true,2.4673936429416227e-6,0.8442015056560835,1.0,(-5.6657724220075e-8*(v2-pow3(v1))),-0.9633609611037091,6.13365059135343e-13,0.8402113193603975,6.13365059135343e-13,7.0,5.825032548427297e-7,(-5.67e-8*(v2-pow3(v1)))
456.2627921104431,0.909023230857752,8.0,0.0,2801.0,-0.9917915862199245,true,2.0036137055110766e-6,0.596834077336023,1.0,(pow2(pow2((-0.0160563127797409*v1)))/v2),-0.9784530475962125,3.6071218387427283e-13,0.344117108832056,3.6071218387427283e-13,513.0,3.9692279932507565e-7,(pow2(pow2((-0.0161*v1)))/v2)
897.0173399448395,0.9942586515976156,8.0,0.0,1901.0,-0.9925876005692901,true,5.362348082012835e-6,0.9845831233530749,1.0,(pow2((-2.38253261023925e-5*exp(v1)))/v2),-0.739908770567375,4.354122737037076e-12,0.8105358305751059,4.354122737037076e-12,65.0,1.5181082221945998e-6,(pow2((-2.38e-5*exp(v1)))/v2)
268.3142600059509,1.6202616440767879,8.0,0.0,3196.0,-0.992514604490131,true,2.612137242871708e-6,0.5993576592340573,1.0,(5.46437620986851e-8*(pow3(v1)-log(v2))),-0.9607792648775376,6.565845950767042e-13,0.44377993642740976,6.565845950767042e-13,9.0,5.600372726695407e-7,(5.46e-8*(pow3(v1)-log(v2)))
1041.5215859413147,0.90902325067509,8.0,0.0,1602.0,-0.9923703185293535,true,2.0036163859446342e-6,0.5968341651570725,1.0,(6.64634963988801e-8*(pow2(pow2(v1))/v2)),-0.9784530449353644,3.6071222841886986e-13,0.3441171122918032,3.6071222841886986e-13,34.0,3.969227772728564e-7,(6.65e-8*(pow2(pow2(v1))/v2))
1799.6541349887848,2.8957321950394452,8.0,0.0,0.0,-0.978423069725727,true,2.1567632183954314e-6,0.7242483964009643,2.0,(1.56490622531108e-7/exp((-0.729726811168649*v1))),-0.9664405552663043,5.618103373807738e-13,0.6493240475882175,5.618103373807738e-13,9.0,5.270504483013018e-7,(1.56e-7/exp((-0.73*v1)))
1041.5215859413147,0.90902325067509,8.0,0.0,1602.0,-0.9923703185293535,true,2.0036163859446342e-6,0.5968341651570725,1.0,(6.64634963988801e-8*(pow2(pow2(v1))/v2)),-0.9784530449353644,3.6071222841886986e-13,0.3441171122918032,3.6071222841886986e-13,34.0,3.969227772728564e-7,(6.65e-8*(pow2(pow2(v1))/v2))
579.2526741027832,0.9942586515986461,8.0,0.0,2554.0,-0.9926601631577818,true,5.3623480823868756e-6,0.984583123355842,1.0,(pow2((2.38253261002543e-5*exp(v1)))/v2),-0.7399087705806089,4.35412273681553e-12,0.8105358305660352,4.35412273681553e-12,65.0,1.5181082220022197e-6,(pow2((2.38e-5*exp(v1)))/v2)
427.50361800193787,0.9090134335205009,8.0,0.0,2860.0,-0.9920813207178127,true,2.0022885471273035e-6,0.5967906601807458,1.0,(pow2(pow2((-0.0160567450405269*v1)))/v2),-0.9784543441287161,3.606904789453313e-13,0.3441153983949548,3.606904789453313e-13,513.0,3.9693370154761233e-7,(pow2(pow2((-0.0161*v1)))/v2)
579.2526741027832,0.9942586515986461,8.0,0.0,2554.0,-0.9926601631577818,true,5.3623480823868756e-6,0.984583123355842,1.0,(pow2((2.38253261002543e-5*exp(v1)))/v2),-0.7399087705806089,4.35412273681553e-12,0.8105358305660352,4.35412273681553e-12,65.0,1.5181082220022197e-6,(pow2((2.38e-5*exp(v1)))/v2)
427.50361800193787,0.9090134335205009,8.0,0.0,2860.0,-0.9920813207178127,true,2.0022885471273035e-6,0.5967906601807458,1.0,(pow2(pow2((-0.0160567450405269*v1)))/v2),-0.9784543441287161,3.606904789453313e-13,0.3441153983949548,3.606904789453313e-13,513.0,3.9693370154761233e-7,(pow2(pow2((-0.0161*v1)))/v2)
1696.3525710105896,0.9999758415267195,8.0,0.0,215.0,-0.9923703185293535,true,6.816353864913038e-6,0.9998707836603663,1.0,(-1.92678238381015e-13*(v2-pow3(exp(v1)))),-0.6516902311470756,5.830967416329229e-12,0.8587292493040483,5.830967416329229e-12,19.0,1.6659273101258456e-6,(-1.93e-13*(v2-pow3(exp(v1))))
1045.5489239692688,0.9972503829893461,8.0,0.0,1594.0,-0.9922979570807584,true,3.409567362585523e-6,0.9512600023269879,1.0,(pow2((4.48190335574425e-5*pow3(v1)))/v2),-0.9071860147284458,1.553775898047281e-12,0.6334112041275275,1.553775898047281e-12,65.0,9.503277831325365e-7,(pow2((4.48e-5*pow3(v1)))/v2)
1647.697201013565,0.9090232508166909,8.0,0.0,318.0,-0.9922977348105848,true,2.0036164050971503e-6,0.5968341657845808,1.0,(pow2((0.000257805151801575*pow2(v1)))/v2),-0.9784530449163513,3.607122287371639e-13,0.3441171123165242,3.607122287371639e-13,65.0,3.9692277711528653e-7,(pow2((0.000258*pow2(v1)))/v2)
666.0858199596405,1.2559600090486118e8,8.0,1.0,2379.0,-0.9924938491901119,true,1296.000014308858,6.093837560348268e7,0.0,(pow3(v1)/((v1-v2)/v1)),1.6043640245116948e16,268582.6005301826,4.243105843009764e7,268582.6005301826,37.0,274.123336667084,(pow3(v1)/((v1-v2)/v1))
1636.4885070323944,0.9090134335232813,8.0,0.0,341.0,-0.9915025465114866,true,2.0022885475033522e-6,0.5967906601930669,1.0,(pow2(pow2((-0.0160567450404042*v1)))/v2),-0.9784543441283535,3.6069047895140076e-13,0.34411539839544014,3.6069047895140076e-13,513.0,3.9693370154451823e-7,(pow2(pow2((-0.0161*v1)))/v2)
1797.231034040451,3.240161487840085e182,9.0,0.0,5.0,-0.9922977348105848,true,3.3434578262219153e177,1.5705372290137028e51,1.0,(pow2((-2.38253261023925e-5*exp(pow3(v1))))/v2),Inf,Inf,3.821995788567604e181,Inf,262145.0,4.680840956710681e176,(pow2((-2.38e-5*exp(pow3(v1))))/v2)
876.6577229499817,0.909021829295599,9.0,0.0,1943.0,-0.991718960448597,true,2.0034241344276464e-6,0.5968278662768274,1.0,(pow2((-0.000257807165909754*(v1*v1)))/v2),-0.9784532353897736,3.60709040068863e-13,0.3441168641447655,3.60709040068863e-13,129.0,3.9692435894705247e-7,(pow2((-0.000258*(v1*v1)))/v2)
1797.3470220565796,0.9090232508132366,9.0,0.0,5.0,-0.9923703185293535,true,2.003616404629939e-6,0.5968341657692731,1.0,(pow2((v1*(0.000257805151806469*v1)))/v2),-0.9784530449168152,3.607122287293994e-13,0.3441171123159211,3.607122287293994e-13,257.0,3.969227771191304e-7,(pow2((v1*(0.000258*v1)))/v2)
1799.8235669136047,0.9954733268479499,9.0,0.0,0.0,-0.9687544912826594,true,5.671136893733784e-6,0.9923658309409198,2.0,(0.000383748481825667*pow2((0.00045826189812184*exp(v1)))),-0.7244199493802437,4.613417249381484e-12,0.8191763234258522,4.613417249381484e-12,33.0,1.5433609052203976e-6,(0.000384*pow2((0.000458*exp(v1))))
1497.9240798950195,0.9090184231926522,9.0,0.0,636.0,-0.9922977348105848,true,2.0029634351824955e-6,0.5968127720428795,1.0,(pow3((0.00405074970908118*v1))*(v1/v2)),-0.9784536885440943,3.607014539248188e-13,0.3441162695010677,3.607014539248188e-13,41.0,3.969281491699829e-7,(pow3((0.00405*v1))*(v1/v2))
1691.2272300720215,1.7369285425310372,9.0,0.0,226.0,-0.992514604490131,true,2.6396617095997732e-6,0.9437109648641173,1.0,(v1*(-1.02350431651251e-8*(v2-pow3(v1)))),-0.9567040285257981,7.248071156769446e-13,0.5584764424399726,7.248071156769446e-13,15.0,5.769995896460376e-7,(v1*(-1.02e-8*(v2-pow3(v1))))
1497.9240798950195,0.9090184231926522,9.0,0.0,636.0,-0.9922977348105848,true,2.0029634351824955e-6,0.5968127720428795,1.0,(pow3((0.00405074970908118*v1))*(v1/v2)),-0.9784536885440943,3.607014539248188e-13,0.3441162695010677,3.607014539248188e-13,41.0,3.969281491699829e-7,(pow3((0.00405*v1))*(v1/v2))
1656.9168701171875,0.7756186530811674,10.0,0.0,298.0,-0.9922977348105848,true,2.071187184864208e-6,0.4567329115142311,1.0,(pow3((0.00385660981025399*v1))/sqrt_abs((v1-v2))),-0.9833183670319201,2.7926307840395396e-13,0.26635849794126437,2.7926307840395396e-13,129.0,3.253653404169782e-7,(pow3((0.00386*v1))/sqrt_abs((v1-v2)))
1754.781975030899,0.9754871691306253,10.0,0.0,93.0,-0.9936182839302465,true,1.3958107388728373e-5,0.9410405880751418,1.0,(5.66528736134456e-8*(v1+(sqrt_abs(log(v1))/v2))),0.5477324266377575,2.5910204524673243e-11,0.790325395787669,2.5910204524673243e-11,36.0,3.139438688008409e-6,(5.67e-8*(v1+(sqrt_abs(log(v1))/v2)))
1625.914551973343,0.911303521662734,10.0,0.0,363.0,-0.9915025465114866,true,2.3120389847729303e-6,0.5224733276223328,1.0,(pow3((v1/sqrt_abs(v2)))*(1.71438424042e-7*v1)),-0.9807124282736894,3.2288845255936196e-13,0.2999113973556591,3.2288845255936196e-13,1537.0,3.6103342742458505e-7,(pow3((v1/sqrt_abs(v2)))*(1.71e-7*v1))
1746.6602990627289,5.467260122591111,10.0,0.0,110.0,-0.9605004087667564,true,2.157222697071853e-6,0.3953216699746656,2.0,(5.61213764629313e-7*exp((v1+(-0.414076854359512*v2)))),-0.9810937094567621,3.165055188785815e-13,0.6644789341858658,3.165055188785815e-13,33.0,3.870224717154931e-7,(5.61e-7*exp((v1+(-0.414*v2))))
1799.4533779621124,0.7003359827326536,10.0,0.0,1.0,-0.9697521007488952,true,2.0951852822741965e-6,0.5179399204300825,2.0,pow2((v1*(7.71890760804486e-5*(1.57219241955987+v1)))),-0.9678872623382057,5.37591373252921e-13,0.29812790705574166,5.37591373252921e-13,512.0,4.794892008567332e-7,pow2((v1*(7.72e-5*(1.57+v1))))
1773.2083189487457,0.7756220597058765,10.0,0.0,55.0,-0.991718960448597,true,2.0709990763740622e-6,0.4567411595576299,1.0,(pow3((0.00385659029275407*v1))/sqrt_abs((v2-v1))),-0.983318300359338,2.792641945531091e-13,0.26636234880239895,2.792641945531091e-13,129.0,3.253718004978375e-7,(pow3((0.00386*v1))/sqrt_abs((v2-v1)))
1799.9108300209045,4.555971307508647,10.0,0.0,0.0,-0.9056963771456414,true,2.4744074345251495e-6,0.9653747535356239,2.0,pow2((0.000412056039463662*(v1+(-3.65132094247031+v1)))),-0.9598584449598304,6.719998128414538e-13,1.02847310659169,6.719998128414538e-13,64.0,6.44873190461128e-7,pow2((0.000412*(v1+(-3.65+v1))))
1799.9147999286652,0.9999231804102275,10.0,0.0,0.0,-0.9911416597797376,true,4.0253085939816345e-6,0.9943562104878174,1.0,pow2((v1*(1.9820353519698e-5*(pow3(v1)/v2)))),-0.8441508240670452,2.6090323843617075e-12,0.7425502822708975,2.6090323843617075e-12,2.097152e6,1.2512424950867998e-6,pow2((v1*(1.98e-5*(pow3(v1)/v2))))
1722.439290046692,0.7756186717050167,10.0,0.0,161.0,-0.9922977348105848,true,2.07118615648437e-6,0.45673295660587787,1.0,(pow3((0.00385660970355331*v1))/sqrt_abs((v1-v2))),-0.9833183666694832,2.792630844714189e-13,0.26635851899373236,2.792630844714189e-13,129.0,3.2536537573392166e-7,(pow3((0.00386*v1))/sqrt_abs((v1-v2)))
1800.0655679702759,0.9999233251162936,10.0,0.0,0.0,-0.9912140515019615,true,4.3209294601666335e-6,0.9945634120840048,1.0,(pow2(pow2((v1*(0.0027357504149409*v1))))/v2),-0.8183065297508261,3.041685302918033e-12,0.7607236808971414,3.041685302918033e-12,6.80564733841877e38,1.325180659316429e-6,(pow2(pow2((v1*(0.00274*v1))))/v2)
694.7399950027466,0.7349716820966583,11.0,0.0,2320.0,-0.9927796317359114,true,2.156034333470421e-6,0.4802271214868246,1.0,(pow3((0.00313350088693836*v1))*exp(pow3((v1/v2)))),-0.9790451574990091,3.50799818908275e-13,0.2894361587569515,3.50799818908275e-13,3.4359738369e10,3.70992360818128e-7,(pow3((0.00313*v1))*exp(pow3((v1/v2))))
1757.5523929595947,0.868530527488146,11.0,0.0,87.0,-0.9931925633136551,true,4.070377495025678e-6,0.8145584447482528,1.0,(1.16283353503274e-8*(v1+(sqrt_abs(pow3(exp(v1)))/v2))),-0.8349380736580441,2.7632607530536654e-12,0.6454014164058407,2.7632607530536654e-12,131076.0,1.2411848130308883e-6,(1.16e-8*(v1+(sqrt_abs(pow3(exp(v1)))/v2)))
1471.0879800319672,0.9748877203931035,11.0,0.0,693.0,-0.993617938712057,true,1.3949529961861935e-5,0.9397743178505003,1.0,(5.66528736134456e-8*(v1+(sqrt_abs(pow3(log(v1)))/v2))),0.5451849671070548,2.586755813675578e-11,0.7904381728070028,2.586755813675578e-11,131076.0,3.1367271299429976e-6,(5.67e-8*(v1+(sqrt_abs(pow3(log(v1)))/v2)))
1129.6386749744415,0.2813614477906473,11.0,0.0,1414.0,-0.991718960448597,true,2.294860713395583e-6,0.12459682088407703,1.0,pow2((exp(pow3((v1/v2)))*(0.000307752043729335*v1))),-0.9840462541586799,2.670777006211863e-13,0.07987572729640635,2.670777006211863e-13,1.7976931348623157e308,2.6456550141768707e-7,pow2((exp(pow3((v1/v2)))*(0.000308*v1)))
1799.7130889892578,3.396293885579955,11.0,0.0,0.0,-0.9696440887824502,true,2.2961673160889e-6,0.438084724841721,2.0,(3.56972339821702e-7+pow2(pow2((0.00492099487846605*(v1+v1))))),-0.9662984579406646,5.641891534515429e-13,0.6866177815968841,5.641891534515429e-13,4.294967297e9,4.978898121156837e-7,(3.57e-7+pow2(pow2((0.00492*(v1+v1)))))
311.5353260040283,0.28136135249586997,11.0,0.0,3102.0,-0.991718960448597,true,2.29486160687587e-6,0.12459684880279005,1.0,pow2((exp(pow3((v1/v2)))*(0.000307752032285584*v1))),-0.9840462519046369,2.6707773835555993e-13,0.07987572433085081,2.6707773835555993e-13,1.7976931348623157e308,2.645654751731362e-7,pow2((exp(pow3((v1/v2)))*(0.000308*v1)))
1461.4856309890747,0.734971955514485,11.0,0.0,714.0,-0.9922016221497278,true,2.156021463743476e-6,0.48022765771318693,1.0,(pow3((0.00313349980937388*v1))*exp(pow3((v1/v2)))),-0.9790451592921023,3.507997888905451e-13,0.289436355353118,3.507997888905451e-13,3.4359738369e10,3.709926296780549e-7,(pow3((0.00313*v1))*exp(pow3((v1/v2))))
1649.7773690223694,0.868530527488146,11.0,0.0,313.0,-0.9931925633136551,true,4.070377495025678e-6,0.8145584447482528,1.0,(1.16283353503274e-8*(v1+(sqrt_abs(pow3(exp(v1)))/v2))),-0.8349380736580441,2.7632607530536654e-12,0.6454014164058407,2.7632607530536654e-12,131076.0,1.2411848130308883e-6,(1.16e-8*(v1+(sqrt_abs(pow3(exp(v1)))/v2)))
757.3266000747681,0.28136558166170894,11.0,0.0,2190.0,-0.991718960448597,true,2.294821954374212e-6,0.12459560977511086,1.0,pow2((exp(pow3((v1/v2)))*(0.000307752540156882*v1))),-0.9840463519214513,2.6707606399888596e-13,0.07987585594169637,2.6707606399888596e-13,1.7976931348623157e308,2.645666399017932e-7,pow2((exp(pow3((v1/v2)))*(0.000308*v1)))
1766.4002470970154,0.9995387743442276,11.0,0.0,69.0,-0.992587385375014,true,3.951012190643956e-6,0.9836485319213684,1.0,(pow3((v1*(0.000695860324677418*v1)))*(v1/v2)),-0.8603008929496639,2.3386680884186154e-12,0.7112463156438298,2.3386680884186154e-12,641.0,1.1735289435909621e-6,(pow3((v1*(0.000696*v1)))*(v1/v2))
843.5080080032349,0.9998990757081891,11.0,0.0,2012.0,-0.993617938712057,true,2.3782948175691916e-6,0.9161368096825796,2.0,(0.000188280787598599/sqrt_abs((v2+exp((32.9349167339478/v1))))),-0.9615747748407193,6.432671601682498e-13,0.49924842519867296,6.432671601682498e-13,1025.0,5.895606464008832e-7,(0.000188/sqrt_abs((v2+exp((32.9/v1)))))
757.3266000747681,0.28136558166170894,11.0,0.0,2190.0,-0.991718960448597,true,2.294821954374212e-6,0.12459560977511086,1.0,pow2((exp(pow3((v1/v2)))*(0.000307752540156882*v1))),-0.9840463519214513,2.6707606399888596e-13,0.07987585594169637,2.6707606399888596e-13,1.7976931348623157e308,2.645666399017932e-7,pow2((exp(pow3((v1/v2)))*(0.000308*v1)))
1799.5568840503693,2.4597535084617514,11.0,0.0,1.0,-0.975652482166544,true,2.2532264171580583e-6,0.9408669855652684,2.0,(pow2((0.000561208420206893*v1))*(-1.38623063844815+sqrt_abs(v1))),-0.9639655472461321,6.032438325374122e-13,0.7344453091758321,6.032438325374122e-13,41.0,5.779786586445155e-7,(pow2((0.000561*v1))*(-1.39+sqrt_abs(v1)))
1507.309515953064,0.7382983719690984,12.0,0.0,615.0,-0.993617938712057,true,2.7373285087343984e-6,0.4778487455829337,1.0,(pow2((0.000226671519348513*v1))*(v1+(log(v1)/v2))),-0.9585494219761671,6.939138418108497e-13,0.2999794643122083,6.939138418108497e-13,89.0,5.61885306653996e-7,(pow2((0.000227*v1))*(v1+(log(v1)/v2)))
1702.2231800556183,0.9751735640438796,12.0,0.0,202.0,-0.9938111681164566,true,1.3953620058072504e-5,0.9396827989032904,1.0,(5.66528736134456e-8*(v1+(sqrt_abs(log((v1*v1)))/v2))),0.5459986996114661,2.5881180630705508e-11,0.7880849641056336,2.5881180630705508e-11,8.589934596e9,3.1359217681770634e-6,(5.67e-8*(v1+(sqrt_abs(log((v1*v1)))/v2)))
1474.778643131256,0.661014266121299,12.0,0.0,685.0,-0.9833362012006953,true,2.1030357976864755e-6,0.1458830849421054,1.0,(pow3(sqrt_abs((v2*v1)))/((v1-v2)/-4.48428394195356e-8)),-0.9852460842683537,2.4699164246186727e-13,0.11760671582010804,2.4699164246186727e-13,2.1474836481e10,2.57921047334519e-7,(pow3(sqrt_abs((v2*v1)))/((v1-v2)/-4.48e-8))
1691.010281085968,0.7382983719690984,12.0,0.0,226.0,-0.993617938712057,true,2.7373285087343984e-6,0.4778487455829337,1.0,(pow2((0.000226671519348513*v1))*(v1+(log(v1)/v2))),-0.9585494219761671,6.939138418108497e-13,0.2999794643122083,6.939138418108497e-13,89.0,5.61885306653996e-7,(pow2((0.000227*v1))*(v1+(log(v1)/v2)))
1350.3621549606323,0.6610031758597351,12.0,0.0,950.0,-0.9833362012006953,true,2.1031172935313008e-6,0.14588544931024625,1.0,(pow3(sqrt_abs((v1*v2)))/((v1-v2)/-4.48425400128246e-8)),-0.9852459768718579,2.4699344035995415e-13,0.11760459522329875,2.4699344035995415e-13,2.1474836481e10,2.5792228008415027e-7,(pow3(sqrt_abs((v1*v2)))/((v1-v2)/-4.48e-8))
1782.281210899353,0.8626524319851041,12.0,0.0,36.0,-0.9920813207178127,true,2.1195404028717464e-6,0.5154990927030013,2.0,(pow3((0.00391613298052479*(0.186589452361613+v1)))*(v1/v2)),-0.9788965538836354,3.5328755516111124e-13,0.3086149658968982,3.5328755516111124e-13,81.0,3.916304383183025e-7,(pow3((0.00392*(0.187+v1)))*(v1/v2))
1665.652368068695,0.4226203898029857,12.0,0.0,280.0,-0.991718960448597,true,2.2361428726775664e-6,0.13943530586668035,1.0,pow2((exp(pow2(pow2((v1/v2))))*(-0.000337543602769635*v1))),-0.9845676347879936,2.583493968729288e-13,0.09916682320566415,2.583493968729288e-13,1.7976931348623157e308,2.6194663813658853e-7,pow2((exp(pow2(pow2((v1/v2))))*(-0.000338*v1)))
1799.9346640110016,0.993873009613853,12.0,0.0,0.0,-0.9922016221497278,true,2.2338863620432446e-6,0.7963779230715471,2.0,pow2(((v1/v2)*(0.000775409299810101*(-0.77171992917398+v1)))),-0.9813885344910527,3.1156992613271097e-13,0.3900076048448096,3.1156992613271097e-13,2.097152e6,3.6781756303962883e-7,pow2(((v1/v2)*(0.000775*(-0.772+v1))))
1800.077026128769,11.594687552510702,12.0,0.0,0.0,-0.93176767343432,true,3.277253835203617e-6,1.086713556296352,1.0,(pow3((0.00171239074187046*(v1+v2)))/sqrt_abs((v1-v2))),-0.9283982023612949,1.1986679281400903e-12,1.3453274259975956,1.1986679281400903e-12,513.0,8.74815521486883e-7,(pow3((0.00171*(v1+v2)))/sqrt_abs((v1-v2)))
1649.2440938949585,0.9724073522343817,13.0,0.0,314.0,-0.9939077400822341,true,1.3914038726078817e-5,0.9315857474794085,1.0,(5.66528736134456e-8*(v1+(sqrt_abs(pow3(log((v1*v1))))/v2))),0.5329143031036951,2.566213799532263e-11,0.7807546334517887,2.566213799532263e-11,1.7976931348623157e308,3.1162448084085687e-6,(5.67e-8*(v1+(sqrt_abs(pow3(log((v1*v1))))/v2)))
1239.6748790740967,0.7113301909772566,13.0,0.0,1183.0,-0.9919847495690249,true,2.080884767425569e-6,0.4071857123769396,2.0,(pow3((0.00301016988185299*v1))*exp((-0.744158370186315/(v1-v2)))),-0.9836157626071336,2.742844528703052e-13,0.2455431591687955,2.742844528703052e-13,257.0,3.149075468919607e-7,(pow3((0.00301*v1))*exp((-0.744/(v1-v2))))
1468.1968829631805,0.7756351518879135,13.0,0.0,699.0,-0.992514604490131,true,2.0714415581564457e-6,0.45676875307682024,2.0,(pow3((0.0038564911012126*v1))/sqrt_abs(((0.000225722080207984+v1)-v2))),-0.9833184261206757,2.792620892137586e-13,0.26636596562148473,2.792620892137586e-13,257.0,3.253608929769508e-7,(pow3((0.00386*v1))/sqrt_abs(((0.000226+v1)-v2)))
1539.2709589004517,1.7544363759791715,13.0,0.0,547.0,-0.991718960448597,true,2.000428156212232e-6,0.2903856853946068,2.0,pow2((0.000343155456458053*(v1+exp(((1.40678740973946*v1)-v2))))),-0.985294511412836,2.461809356520283e-13,0.2499533997878987,2.461809356520283e-13,3.4359738368e10,2.902937749440449e-7,pow2((0.000343*(v1+exp(((1.41*v1)-v2)))))
1789.86945104599,0.9681049284372413,13.0,0.0,20.0,-0.993883583050986,true,1.3852475954888473e-5,0.9261415280759946,1.0,(5.66528736134456e-8*(v1+(v1*(sqrt_abs(pow3(log(v1)))/v2)))),0.5165716386991999,2.538854950553539e-11,0.7790808456192793,2.538854950553539e-11,262150.0,3.099765958456792e-6,(5.67e-8*(v1+(v1*(sqrt_abs(pow3(log(v1)))/v2))))
1798.6988360881805,0.7785208638696745,13.0,0.0,2.0,-0.992514604490131,true,2.081297750208367e-6,0.46317013395774853,2.0,(pow3((0.00383642822672365*v1))/sqrt_abs(((v1--0.0325695493597313)-v2))),-0.9833094426189817,2.7941247978659485e-13,0.26805202077772805,2.7941247978659485e-13,257.0,3.25734673350251e-7,(pow3((0.00384*v1))/sqrt_abs(((v1--0.0326)-v2)))
1788.9450070858002,0.7663601050342945,13.0,0.0,22.0,-0.9922977348105848,true,2.0096619106855712e-6,0.4356961291667712,2.0,(pow3((0.00391071359368241*v1))/sqrt_abs(((0.983656791625685*v1)-v2))),-0.9835029797326482,2.7617252298791907e-13,0.258104725657082,2.7617252298791907e-13,257.0,3.2157474508026415e-7,(pow3((0.00391*v1))/sqrt_abs(((0.984*v1)-v2)))
1769.073497056961,0.7663601142336511,13.0,0.0,63.0,-0.9920329181982164,true,2.0096621695759315e-6,0.4356961494748022,2.0,((5.9809202979977e-8*pow3(v1))/sqrt_abs(((0.983656814416852*v1)-v2))),-0.983502979777835,2.7617252223145993e-13,0.2581047320155871,2.7617252223145993e-13,161.0,3.2157474183574706e-7,((5.98e-8*pow3(v1))/sqrt_abs(((0.984*v1)-v2)))
1744.0885219573975,0.9892310526845481,13.0,0.0,115.0,-0.9940044839618581,true,1.415476666693785e-5,0.969289675990515,1.0,(5.66528736134456e-8*(sqrt_abs(v1)+(sqrt_abs(log((v1*v1)))/v2))),0.6079578353636319,2.6918423148779558e-11,0.8226662354134548,2.6918423148779558e-11,8.589934598e9,3.2230374010162287e-6,(5.67e-8*(sqrt_abs(v1)+(sqrt_abs(log((v1*v1)))/v2)))
1682.8174970149994,1.754436373271877,13.0,0.0,243.0,-0.991718960448597,true,2.0004281536901933e-6,0.2903856839099634,2.0,pow2((0.000343155456255246*(v1+exp(((1.40678741001921*v1)-v2))))),-0.9852945114136332,2.4618093563868166e-13,0.24995339909362105,2.4618093563868166e-13,3.4359738368e10,2.9029377473722213e-7,pow2((0.000343*(v1+exp(((1.41*v1)-v2)))))
1627.741651058197,0.7117958525264365,13.0,0.0,359.0,-0.9920329181982164,true,2.082219272327405e-6,0.4081256794936359,2.0,(pow3((0.00300811870519591*v1))*exp((-0.746310932043072/(v1-v2)))),-0.9836154048305814,2.7429044231879366e-13,0.2457370029233853,2.7429044231879366e-13,257.0,3.148425158460536e-7,(pow3((0.00301*v1))*exp((-0.746/(v1-v2))))
1799.3927989006042,0.28122191131066965,13.0,0.0,1.0,-0.991718960448597,true,2.296169002243677e-6,0.12463770118235414,1.0,pow2((exp(pow3((v1/v2)))*(0.000153867643314238*(v1+v1)))),-0.9840429344806522,2.671332745273553e-13,0.07987138494738914,2.671332745273553e-13,1.7976931348623157e308,2.6452707253049284e-7,pow2((exp(pow3((v1/v2)))*(0.000154*(v1+v1))))
1648.9743390083313,1.7544363574658777,13.0,0.0,315.0,-0.991718960448597,true,2.0004281389639664e-6,0.290385675242141,2.0,pow2((0.00034315545507119*(v1+exp(((1.40678741165256*v1)-v2))))),-0.9852945114182887,2.461809355607457e-13,0.24995339504021133,2.461809355607457e-13,3.4359738368e10,2.902937735296926e-7,pow2((0.000343*(v1+exp(((1.41*v1)-v2)))))
1792.748927116394,0.5670639085548711,13.0,0.0,15.0,-0.991718960448597,true,2.109258844752686e-6,0.23424180102703399,2.0,(pow3((0.0036438611073275*(0.317618146634885+v1)))/sqrt_abs((v1-v2))),-0.9843934338184844,2.6126565208002817e-13,0.15827568140840167,2.6126565208002817e-13,257.0,2.8637729524297504e-7,(pow3((0.00364*(0.318+v1)))/sqrt_abs((v1-v2)))
1798.993667125702,0.2812219096322567,13.0,0.0,2.0,-0.991718960448597,true,2.2961690179804126e-6,0.12463770167408214,1.0,pow2((exp(pow3((v1/v2)))*(0.000153867643213454*(v1+v1)))),-0.9840429344404907,2.671332751996881e-13,0.07987138489515726,2.671332751996881e-13,1.7976931348623157e308,2.6452707206825145e-7,pow2((exp(pow3((v1/v2)))*(0.000154*(v1+v1))))
1786.393249988556,0.766360103843927,13.0,0.0,28.0,-0.992514604490131,true,2.009661902986721e-6,0.4356961264727367,2.0,(pow3((0.00391071360055785*v1))/sqrt_abs(((0.98365678946661*v1)-v2))),-0.9835029797408701,2.7617252285027893e-13,0.2581047247518664,2.7617252285027893e-13,257.0,3.2157474492086515e-7,(pow3((0.00391*v1))/sqrt_abs(((0.984*v1)-v2)))
1704.4315750598907,1.754436344430467,13.0,0.0,198.0,-0.991718960448597,true,2.000428126759963e-6,0.2903856680928015,2.0,pow2((-0.000343155454094547*(v1+exp(((1.40678741300073*v1)-v2))))),-0.9852945114221558,2.461809354960074e-13,0.24995339169708797,2.461809354960074e-13,3.4359738368e10,2.9029377253268696e-7,pow2((-0.000343*(v1+exp(((1.41*v1)-v2)))))
1420.1551821231842,0.5670644183276223,13.0,0.0,803.0,-0.9919840476950156,true,2.1092584420014875e-6,0.2342424980235356,2.0,(pow3((0.00364386153488204*(0.31761747487579+v1)))/sqrt_abs((v2-v1))),-0.9843934338811814,2.612656510304332e-13,0.15827587941502622,2.612656510304332e-13,257.0,2.8637736075497286e-7,(pow3((0.00364*(0.318+v1)))/sqrt_abs((v2-v1)))
1794.7010381221771,0.9998871188330201,13.0,0.0,11.0,-0.993617938712057,true,2.3813208253247008e-6,0.9127655623841331,2.0,(0.000300303625485834/sqrt_abs((v2+exp(((32.6447060382524+v1)/v1))))),-0.9616647009047823,6.417617302425916e-13,0.49791138904272136,6.417617302425916e-13,1.361129467683754e39,5.887681788815521e-7,(0.0003/sqrt_abs((v2+exp(((32.6+v1)/v1)))))
1800.1269450187683,10.497980879754772,13.0,0.0,0.0,-0.8970299144325768,true,2.153144863456315e-6,1.32722002546744,3.0,(8.33191270935858e-7*(0.745576569950852+exp(((1.60914701685782*v1)-v2)))),-0.9619713748941349,6.366277770800388e-13,1.7894431293846786,6.366277770800388e-13,34.0,6.535599162258468e-7,(8.33e-7*(0.746+exp(((1.61*v1)-v2))))
675.6246440410614,0.7528467007279576,14.0,0.0,2359.0,-0.993617938712057,true,2.5770328803717593e-6,0.48271028910660385,1.0,(pow2((0.000226671519348513*v1))*(v1+(sqrt_abs(pow3(log(v1)))/v2))),-0.9596083681939899,6.761862859283252e-13,0.3025696036637066,6.761862859283252e-13,1.048601e6,5.591689332895194e-7,(pow2((0.000227*v1))*(v1+(sqrt_abs(pow3(log(v1)))/v2)))
1630.8468000888824,0.974025491831414,14.0,0.0,352.0,-0.993908061708361,true,1.3937192455804918e-5,0.9368859839619437,2.0,(5.66528736134456e-8*(v1+(sqrt_abs(pow3(log(v1)))/(0.61139641614652*v2)))),0.5409113547870172,2.5796014653292117e-11,0.7870719692130117,2.5796014653292117e-11,196612.0,3.1296070407035864e-6,(5.67e-8*(v1+(sqrt_abs(pow3(log(v1)))/(0.611*v2))))
1799.17045211792,3.726043137609048,14.0,0.0,1.0,-0.7034298131677984,true,3.966251336795461e-6,2.5068226632684434,3.0,(pow2(v1)*pow2((0.000590719532112125+(-5.53775062787199e-5/(-3.93497187305258+v1))))),-0.8322166941141146,2.8088186927588215e-12,1.3930471819922827,2.8088186927588215e-12,129.0,1.3474715415315054e-6,(pow2(v1)*pow2((0.000591+(-5.54e-5/(-3.93+v1)))))
1799.6720550060272,0.9875765715223617,14.0,0.0,0.0,-0.990423184129075,true,3.265634952145618e-6,0.9033944033824585,1.0,(pow2((v1*(4.04261822924021e-5*v1)))*(v1+(log(v1)/v2))),-0.9263488880850939,1.232974989953772e-12,0.5591834677491195,1.232974989953772e-12,1409.0,8.050894900782221e-7,(pow2((v1*(4.04e-5*v1)))*(v1+(log(v1)/v2)))
1765.8569209575653,0.7349731375840635,14.0,0.0,70.0,-0.9922009482598823,true,2.155965823945284e-6,0.48022997598510675,2.0,(pow3((0.0518623047066678*v1))*(0.00022056248361942*exp(pow3((v1/v2))))),-0.9790451670039124,3.5079965978904614e-13,0.28943720529897,3.5079965978904614e-13,3.4359738377e10,3.7099379204242625e-7,(pow3((0.0519*v1))*(0.000221*exp(pow3((v1/v2)))))
1798.3264338970184,0.4894266980380533,14.0,0.0,3.0,-0.991718960448597,true,2.157559870141567e-6,0.25365022633105816,2.0,pow2((exp(pow3((v1/v2)))*(0.000324303285286296*(-0.273774834669156+v1)))),-0.9846944675169435,2.5622612162783223e-13,0.1688428532308962,2.5622612162783223e-13,1.7976931348623157e308,2.7822685946785495e-7,pow2((exp(pow3((v1/v2)))*(0.000324*(-0.274+v1))))
675.6246440410614,0.7528467007279576,14.0,0.0,2359.0,-0.993617938712057,true,2.5770328803717593e-6,0.48271028910660385,1.0,(pow2((0.000226671519348513*v1))*(v1+(sqrt_abs(pow3(log(v1)))/v2))),-0.9596083681939899,6.761862859283252e-13,0.3025696036637066,6.761862859283252e-13,1.048601e6,5.591689332895194e-7,(pow2((0.000227*v1))*(v1+(sqrt_abs(pow3(log(v1)))/v2)))
1737.0268330574036,1.0208072153478531,14.0,0.0,130.0,-0.9936903653635781,true,3.3142743842311807e-6,0.9828353028976955,1.0,((-1.73392182503796e-9/(v1-v2))*(v1*(pow2(pow2(v1))-v2))),-0.8867709007665879,1.8955402554015714e-12,0.7029819800301823,1.8955402554015714e-12,186.0,1.0952096534918397e-6,((-1.73e-9/(v1-v2))*(v1*(pow2(pow2(v1))-v2)))
1799.7597019672394,1.3964595450796315,14.0,0.0,0.0,-0.991718960448597,true,3.381937534177293e-6,0.47549036265111194,2.0,(pow3(v1)/(((-0.711885424883117/(v1-v2))-v2)/-3.18100592006153e-7)),-0.9519060295837763,8.051292254663038e-13,0.3385126449158839,8.051292254663038e-13,33.0,6.206410305298091e-7,(pow3(v1)/(((-0.712/(v1-v2))-v2)/-3.18e-7))
1737.0268330574036,1.0208072153478531,14.0,0.0,130.0,-0.9936903653635781,true,3.3142743842311807e-6,0.9828353028976955,1.0,((-1.73392182503796e-9/(v1-v2))*(v1*(pow2(pow2(v1))-v2))),-0.8867709007665879,1.8955402554015714e-12,0.7029819800301823,1.8955402554015714e-12,186.0,1.0952096534918397e-6,((-1.73e-9/(v1-v2))*(v1*(pow2(pow2(v1))-v2)))
1799.416955947876,0.49009862843726715,14.0,0.0,1.0,-0.991718960448597,true,2.157274389105397e-6,0.2538376584091047,2.0,pow2((exp(pow3((v1/v2)))*((0.000324338653155295*v1)-8.89764711993185e-5))),-0.9846946526889284,2.5622302170957637e-13,0.16906059996645287,2.5622302170957637e-13,1.7976931348623157e308,2.7827794511126724e-7,pow2((exp(pow3((v1/v2)))*((0.000324*v1)-8.9e-5)))
1755.890615940094,0.34668666397600445,14.0,0.0,91.0,-0.991718960448597,true,2.0093890017692973e-6,0.1235347480946249,2.0,pow2((v1*(0.000312471637827076+((-4.53397237004868e-5*v1)/(v1-v2))))),-0.9853047600356282,2.460093660007941e-13,0.08289378415115835,2.460093660007941e-13,5.36870912e8,2.558899914087769e-7,pow2((v1*(0.000312+((-4.53e-5*v1)/(v1-v2)))))
1609.9703550338745,1.1961389698402038,14.0,0.0,397.0,-0.9922977348105848,true,2.0574971763752874e-6,0.3930571215821155,2.0,pow2((0.000387448377133687*(v1+pow2(exp(((1.26040834993545*v1)-v2)))))),-0.9841581922388268,2.6520377299597753e-13,0.28257015118078244,2.6520377299597753e-13,1.7976931348623157e308,3.2560163360854965e-7,pow2((0.000387*(v1+pow2(exp(((1.26*v1)-v2))))))
1797.6156029701233,1.058410766977895,14.0,0.0,5.0,-0.9829297233523525,true,2.1740787856352303e-6,0.8717705077711816,3.0,(pow3((0.00590100017685066*(-1.24860894996146+v1)))/sqrt_abs((3.70075430001932-v2))),-0.9787672693365126,3.554518756858866e-13,0.44518215747241724,3.554518756858866e-13,129.0,4.198515890602569e-7,(pow3((0.0059*(-1.25+v1)))/sqrt_abs((3.7-v2)))
1800.0917189121246,0.4894266864868475,14.0,0.0,0.0,-0.991718960448597,true,2.1575598750540684e-6,0.2536502231100368,2.0,pow2((exp(pow3((v1/v2)))*(0.000324303284678386*(-0.273774825092784+v1)))),-0.9846944675137081,2.562261216819936e-13,0.16884284948783101,2.562261216819936e-13,1.7976931348623157e308,2.782268585897557e-7,pow2((exp(pow3((v1/v2)))*(0.000324*(-0.274+v1))))
1786.430223941803,1.1847337368582471,15.0,0.0,27.0,-0.9922977348105848,true,2.079451282729854e-6,0.27534726790522146,2.0,pow2((0.000182084759776498*(exp(((1.49883939477485*v1)-v2))+(v1+v1)))),-0.9845836210084813,2.5808177552230984e-13,0.238719893059663,2.5808177552230984e-13,1.37438953472e11,2.990525711114539e-7,pow2((0.000182*(exp(((1.5*v1)-v2))+(v1+v1))))
1708.9524960517883,0.7113259994904302,15.0,1.0,188.0,-0.9922979570807584,true,2.0808736025005664e-6,0.40717725106849134,2.0,(pow3((v1+(-0.996989811680822*v1)))*exp((-0.744139094787388/(v1-v2)))),-0.9836157647228684,2.742844174513146e-13,0.24554140711667016,2.742844174513146e-13,1025.0,3.1490810710780487e-7,(pow3((v1+(-0.997*v1)))*exp((-0.744/(v1-v2))))
1798.6816039085388,0.3446286771797439,15.0,0.0,2.0,-0.991718960448597,true,2.0076273613330657e-6,0.12339730986693058,2.0,(pow2(v1)*pow2((0.000266805560442502+((-4.53923253533881e-5*v2)/(v1-v2))))),-0.9853046298428298,2.460115455261282e-13,0.08260070900503308,2.460115455261282e-13,65537.0,2.5581982952648957e-7,(pow2(v1)*pow2((0.000267+((-4.54e-5*v2)/(v1-v2)))))
1586.540843963623,0.9999999999843181,15.0,0.0,447.0,-0.9937145270889953,true,3.2030798410863414e-6,0.9988677233638251,2.0,(4.43661009072132/(v2+(exp((v1+(41.2123050328935/v1)))+sqrt_abs(v2)))),-0.9389245033363347,1.022449735345593e-12,0.5699687097512458,1.022449735345593e-12,39.0,7.289096853467928e-7,(4.44/(v2+(exp((v1+(41.2/v1)))+sqrt_abs(v2))))
1799.2410249710083,0.9064442882178907,15.0,0.0,1.0,-0.9888283538113896,true,2.3352643584667363e-6,0.6598745804971814,2.0,(pow3(sqrt_abs((v1*(0.0816025636877704*v1))))/((v1-v2)/-2.51316256551394e-6)),-0.9717196765281789,4.734338782127871e-13,0.4015956405272446,4.734338782127871e-13,1.7014118346046923e39,5.06892525093285e-7,(pow3(sqrt_abs((v1*(0.0816*v1))))/((v1-v2)/-2.51e-6))
1794.840548992157,0.35217070774698495,15.0,0.0,10.0,-0.9833362012006953,true,2.0822955369048983e-6,0.1481753714686754,2.0,(-3.28804191288441e-8+(pow3(sqrt_abs((v2*v1)))/((v1-v2)/-4.50398358609029e-8))),-0.9852939273027158,2.461907140946195e-13,0.09955146815323083,2.461907140946195e-13,2.1474836482e10,2.5543313917890014e-7,(-3.29e-8+(pow3(sqrt_abs((v2*v1)))/((v1-v2)/-4.5e-8)))
1450.5536329746246,0.6953504835113694,15.0,0.0,737.0,-0.991718960448597,true,2.0233023835335575e-6,0.2461242832230787,2.0,(pow3(v1)/((exp(((1.35463876200485*v1)-v2))-v2)/-2.22450792975564e-7)),-0.985511560168435,2.425473762895669e-13,0.1863498386946878,2.425473762895669e-13,141.0,2.771644153295959e-7,(pow3(v1)/((exp(((1.35*v1)-v2))-v2)/-2.22e-7))
1662.5697870254517,0.9660927253344349,15.0,0.0,286.0,-0.9942216158471902,true,1.3823683626413322e-5,0.9157037361312783,1.0,(5.66528736134456e-8*(v1+(sqrt_abs((v2*pow3(log((v1*v1)))))/v2))),0.5038593144947612,2.5175735640262504e-11,0.7602140132641082,2.5175735640262504e-11,1.7976931348623157e308,3.0702637125585506e-6,(5.67e-8*(v1+(sqrt_abs((v2*pow3(log((v1*v1)))))/v2)))
1564.8327989578247,0.7663751541173598,15.0,0.0,493.0,-0.992514604490131,true,2.0097598734884443e-6,0.4357301867969651,2.0,(pow3((0.00391062666796575*v1))/sqrt_abs(((0.491842052734825*(v1+v1))-v2))),-0.9835028758275114,2.7617426243803346e-13,0.2581161678838794,2.7617426243803346e-13,1025.0,3.2157674625474654e-7,(pow3((0.00391*v1))/sqrt_abs(((0.492*(v1+v1))-v2)))
1799.68115401268,0.9999999999843183,15.0,0.0,0.0,-0.9807558363472374,true,3.2031272031808953e-6,0.998867723470271,3.0,(4.43660974747678/(v2+(-0.795210445621736+exp((v1+(41.2123050669978/v1)))))),-0.9389254188552325,1.0224344088708857e-12,0.5699686775155128,1.0224344088708857e-12,36.0,7.289033158865e-7,(4.44/(v2+(-0.795+exp((v1+(41.2/v1))))))
1798.8372039794922,0.5075649856399475,15.0,0.0,2.0,-0.9833362012006953,true,2.266039896109987e-6,0.17790282977426142,1.0,(pow3(sqrt_abs((v2*(v1+log(v1)))))/((v1-v2)/-2.98970102781289e-8)),-0.9842910536533295,2.629795730219043e-13,0.1259593280851201,2.629795730219043e-13,1.7976931348623157e308,2.726213406589809e-7,(pow3(sqrt_abs((v2*(v1+log(v1)))))/((v1-v2)/-2.99e-8))
1692.8191349506378,1.1847337373523517,15.0,0.0,222.0,-0.9922977348105848,true,2.079451282102292e-6,0.2753472682289171,2.0,pow2((0.000182084759799954*(exp(((1.49883939470715*v1)-v2))+(v1+v1)))),-0.9845836210087439,2.5808177551791453e-13,0.2387198932188281,2.5808177551791453e-13,1.37438953472e11,2.990525711626875e-7,pow2((0.000182*(exp(((1.5*v1)-v2))+(v1+v1))))
1257.9424951076508,0.6953425928488755,15.0,0.0,1145.0,-0.9916228548738307,true,2.023375089518345e-6,0.24611712413935988,2.0,(pow3(v1)/((exp(((1.35463204661062*v1)-v2))-v2)/-2.22456555380908e-7)),-0.9855115488779485,2.4254756530079924e-13,0.18634716964144815,2.4254756530079924e-13,141.0,2.7715918089317847e-7,(pow3(v1)/((exp(((1.35*v1)-v2))-v2)/-2.22e-7))
1796.4537971019745,0.3254679135250084,15.0,0.0,7.0,-0.9833362012006953,true,2.0408887695360935e-6,0.13085167530112596,2.0,(pow3(sqrt_abs((v2*(-0.174857028666726+v1))))/((v1-v2)/-4.71157094111895e-8)),-0.985271887428234,2.4655967816469465e-13,0.09394468722307563,2.4655967816469465e-13,1.7014118346046923e39,2.5599286544812254e-7,(pow3(sqrt_abs((v2*(-0.175+v1))))/((v1-v2)/-4.71e-8))
1798.7588319778442,2.9074090435408855,15.0,0.0,2.0,-0.963008865434522,true,2.267846523213171e-6,0.6092252763051951,3.0,(pow2((0.000228004291998714*v1))*(2.04416153994516+((1.89829003612668*v1)-v2))),-0.9777206160445392,3.729736387469378e-13,0.4899978768823911,3.729736387469378e-13,49.0,4.1787533764771583e-7,(pow2((0.000228*v1))*(2.04+((1.9*v1)-v2)))
1771.634467124939,5.1562107024672175,15.0,0.0,58.0,-0.9924664358609395,true,2.246566126755106e-6,0.8392745673974904,3.0,(5.77442723441812e-8*(pow3((v1+(-0.00202120267638114/(-3.9870951306985+v1))))-v2)),-0.9659377769618109,5.70227224224898e-13,0.8232842261043857,5.70227224224898e-13,67.0,5.340326309560288e-7,(5.77e-8*(pow3((v1+(-0.00202/(-3.99+v1))))-v2))
1547.0709249973297,0.2099664549665422,15.0,0.0,531.0,-0.991718960448597,true,2.0710423244832136e-6,0.10620983335621047,1.0,(pow2(v1)*((-9.01879840396276e-8*v2)/((v1*(v1/v2))-v2))),-0.9853174175666094,2.4579746941527634e-13,0.07772788887041927,2.4579746941527634e-13,161.0,2.5299918294062e-7,(pow2(v1)*((-9.02e-8*v2)/((v1*(v1/v2))-v2)))
1798.4592599868774,0.5714661891374716,15.0,0.0,3.0,-0.991718960448597,true,2.1436725437887735e-6,0.18311912525153778,2.0,pow2((exp(pow2(pow3((v1/(-0.237538124079095+v2)))))*(-0.000356895729903154*v1))),-0.9848743698275364,2.532144216842895e-13,0.13362311902798651,2.532144216842895e-13,1.7976931348623157e308,2.702753410846132e-7,pow2((exp(pow2(pow3((v1/(-0.238+v2)))))*(-0.000357*v1)))
1684.34339594841,0.9985251590868549,15.0,0.0,240.0,-0.994294232358422,true,1.2625128816075359e-5,0.8938013815854953,2.0,(pow2((0.000226671519348513*v1))*(0.00377602848150642+sqrt_abs((pow3(log(v1))/v2)))),0.22481535543806963,2.050432995921735e-11,0.8685253927440522,2.050432995921735e-11,6.8719476745e10,2.8189384411128386e-6,(pow2((0.000227*v1))*(0.00378+sqrt_abs((pow3(log(v1))/v2))))
1799.8873279094696,1.4812315141070551,15.0,0.0,0.0,-0.978423069725727,true,2.299325844647252e-6,0.6639682583488693,3.0,pow2((0.000463708387713807*(v1+(0.508928010010183/(v1*(-5.94653372896968+v1)))))),-0.9550789174535668,7.520126969079937e-13,0.4549464215696784,7.520126969079937e-13,2048.0,6.593200897623833e-7,pow2((0.000464*(v1+(0.509/(v1*(-5.95+v1))))))
1799.5429770946503,0.7663806112961529,15.0,0.0,1.0,-0.991718960448597,true,2.0097954586226828e-6,0.4357425369140169,2.0,(pow3((0.00392132512692829*v1))/sqrt_abs(((v1+(-0.0165762812712076*v2))-v2))),-0.98350283803136,2.7617489517402623e-13,0.25812031700882065,2.7617489517402623e-13,1025.0,3.2157747063256074e-7,(pow3((0.00392*v1))/sqrt_abs(((v1+(-0.0166*v2))-v2)))
1235.8438971042633,0.7072952015987077,15.0,0.0,1192.0,-0.991718960448597,true,2.0083674083638426e-6,0.2063824545734549,3.0,(pow2((0.00072774875481596*v1))/(v2+(-1.29205838977633*(-1.78195562030398+v1)))),-0.9853659529618197,2.449849504068595e-13,0.14148604048863853,2.449849504068595e-13,49.0,2.6858247812056776e-7,(pow2((0.000728*v1))/(v2+(-1.29*(-1.78+v1))))
1568.3713870048523,1.189832591230986,15.0,0.0,486.0,-0.9922977348105848,true,2.073023143998857e-6,0.21811023041359656,2.0,(pow3((0.00377633229843937*(v1+(0.612179504251503/v1))))/sqrt_abs((v1-v2))),-0.9844978143628533,2.5951824328607384e-13,0.18079851868658448,2.5951824328607384e-13,1025.0,2.861716604880072e-7,(pow3((0.00378*(v1+(0.612/v1))))/sqrt_abs((v1-v2)))
1799.512883901596,0.8416282649493784,15.0,0.0,1.0,-0.9306083167075234,true,2.640026967708452e-6,0.5057116972472,3.0,(pow2((8.45111029082414e-5*v1))*(-6.57630442612756+(v2+(7.4932889950516*v1)))),-0.9575985040134887,7.098329234784145e-13,0.3392716729217685,7.098329234784145e-13,49.0,5.741080176384438e-7,(pow2((8.45e-5*v1))*(-6.58+(v2+(7.49*v1))))
1792.7611911296844,0.9750025907354396,15.0,0.0,15.0,-0.9919840476950156,true,2.099225174104873e-6,0.34550550467982527,2.0,(pow3((0.00373558834847278*(v1+(1.14924779350394/v2))))/sqrt_abs((v1-v2))),-0.9845725875588418,2.582664837650604e-13,0.21799980940249022,2.582664837650604e-13,1025.0,2.9314983796734735e-7,(pow3((0.00374*(v1+(1.15/v2))))/sqrt_abs((v1-v2)))
643.0812389850616,0.5592521688648006,16.0,0.0,2426.0,-0.993617938712057,true,2.2047637840274756e-6,0.34201243549175764,1.0,(((5.79794618223434e-8*v1)/(v1-v2))*(v1*((v1/v1)-v2))),-0.9824208180510529,2.942887231891469e-13,0.21911983277330072,2.942887231891469e-13,196.0,3.3642130548664273e-7,(((5.8e-8*v1)/(v1-v2))*(v1*((v1/v1)-v2)))
1733.061136007309,0.9998859924079195,16.0,0.0,138.0,-0.9940768228639664,true,1.3621621981757802e-5,0.9462092179701675,2.0,(pow2((0.000226671519348513*v1))*(0.000291893119431718+sqrt_abs((log(v1)/(v2+v1))))),0.46432879436739394,2.451396501128381e-11,0.9162049636536267,2.451396501128381e-11,1.048585e6,3.080535056377595e-6,(pow2((0.000227*v1))*(0.000292+sqrt_abs((log(v1)/(v2+v1)))))
1798.6695790290833,0.803847875270853,16.0,0.0,2.0,-0.991718960448597,true,2.0255849779638623e-6,0.21434085885777915,3.0,pow2((0.000383916783315349*(exp(((1.37747260100048*v1)-v2))+(-0.413578691410089+v1)))),-0.9856192531923125,2.407445140980654e-13,0.16725376013385962,2.407445140980654e-13,6.8719476736e10,2.6689920508506626e-7,pow2((0.000384*(exp(((1.38*v1)-v2))+(-0.414+v1))))
1613.8873219490051,0.7224907036868584,16.0,0.0,388.0,-0.991718960448597,true,2.0276183255948587e-6,0.20224705384834668,3.0,pow2((0.000387835907784094*(exp(((1.37473280073938*v1)-v2))+(v1-0.448816954002522)))),-0.9856228729650564,2.4068391638071247e-13,0.16956227844150376,2.4068391638071247e-13,6.8719476736e10,2.6673765082899095e-7,pow2((0.000388*(exp(((1.37*v1)-v2))+(v1-0.449))))
1799.6808149814606,1.409384164374632,16.0,0.0,0.0,-0.9475132014950669,true,4.988007198196766e-6,0.8591727530530981,1.0,(pow3((0.00670965126846631*v1))/sqrt_abs((((v2*v1)/(v1-v2))-v2))),-0.8249893730325524,2.9298094817129282e-12,0.5362961297722331,2.9298094817129282e-12,6.7108865e7,1.2080989657986192e-6,(pow3((0.00671*v1))/sqrt_abs((((v2*v1)/(v1-v2))-v2)))
1794.491511106491,0.7042232552431024,16.0,0.0,11.0,-0.991718960448597,true,2.0266250553587872e-6,0.19926753648624343,3.0,pow2((0.000388546829879101*(exp(((1.37431920653007*v1)-v2))+(v1-0.456348314718512)))),-0.9856233711797622,2.4067557589194174e-13,0.17003895736060692,2.4067557589194174e-13,6.8719476736e10,2.667431201988664e-7,pow2((0.000389*(exp(((1.37*v1)-v2))+(v1-0.456))))
1594.0713639259338,0.7110180999103769,16.0,0.0,431.0,-0.991718960448597,true,2.0278860283697166e-6,0.2005210469337926,3.0,pow2((0.000388393462879502*(exp(((1.37434497744614*v1)-v2))+(-0.453787377251466+v1)))),-0.985623057897818,2.4068082046723484e-13,0.16988359914909448,2.4068082046723484e-13,6.8719476736e10,2.6672887655244485e-7,pow2((0.000388*(exp(((1.37*v1)-v2))+(-0.454+v1))))
643.0812389850616,0.5592521688648006,16.0,0.0,2426.0,-0.993617938712057,true,2.2047637840274756e-6,0.34201243549175764,1.0,(((5.79794618223434e-8*v1)/(v1-v2))*(v1*((v1/v1)-v2))),-0.9824208180510529,2.942887231891469e-13,0.21911983277330072,2.942887231891469e-13,196.0,3.3642130548664273e-7,(((5.8e-8*v1)/(v1-v2))*(v1*((v1/v1)-v2)))
1797.4048249721527,0.7119534640120894,16.0,0.0,5.0,-0.9919847495690249,true,2.082670231841658e-6,0.40844383471822576,3.0,(pow3((0.00244842072985543*v1))*exp((0.61692208438837+(-0.747040167163588/(v1-v2))))),-0.9836152193351311,2.7429354765210136e-13,0.245802623281973,2.7429354765210136e-13,513.0,3.148205149925784e-7,(pow3((0.00245*v1))*exp((0.617+(-0.747/(v1-v2)))))
1664.5888679027557,2.725407259925927,16.0,0.0,282.0,-0.994028909227975,true,7.183732371014327e-6,2.0153080882370475,2.0,(pow2((0.000824381093131753*v1))*(-0.000104590606822265+sqrt_abs((log((v1*v1))/v2)))),-0.19774334244430236,1.3430379644952625e-11,1.4172265370862829,1.3430379644952625e-11,2.9514790517935283e20,2.961677692729836e-6,(pow2((0.000824*v1))*(-0.000105+sqrt_abs((log((v1*v1))/v2))))
1759.1286659240723,0.7019224701315948,16.0,0.0,84.0,-0.9927796317359114,true,2.0883622228781696e-6,0.38930267105612326,3.0,(pow3((0.00308746928814793*v1))*exp((-0.497311257823436/((v1+0.256296399392053)-v2)))),-0.9836290058118221,2.7406275166657377e-13,0.24214116626688817,2.7406275166657377e-13,513.0,3.1296590739281995e-7,(pow3((0.00309*v1))*exp((-0.497/((v1+0.256)-v2))))
1640.082503080368,0.9998859924079195,16.0,0.0,333.0,-0.9940768228639664,true,1.3621621981757802e-5,0.9462092179701675,2.0,(pow2((0.000226671519348513*v1))*(0.000291893119431718+sqrt_abs((log(v1)/(v2+v1))))),0.46432879436739394,2.451396501128381e-11,0.9162049636536267,2.451396501128381e-11,1.048585e6,3.080535056377595e-6,(pow2((0.000227*v1))*(0.000292+sqrt_abs((log(v1)/(v2+v1)))))
1731.7535729408264,0.9999996047598848,16.0,0.0,141.0,-0.9936904273999746,true,6.995609080347212e-6,0.9999876225993256,1.0,(pow2((4.9656965237337e-8*v1))*(v1+pow3(exp((v1+(log(v1)/v2)))))),-0.6398176345665059,6.02972360980756e-12,0.8634168978420783,6.02972360980756e-12,1.7976931348623157e308,1.688343757836417e-6,(pow2((4.97e-8*v1))*(v1+pow3(exp((v1+(log(v1)/v2))))))
1799.2864570617676,0.48742859358013174,16.0,0.0,1.0,-0.991718960448597,true,2.15840774305935e-6,0.2530934325454212,2.0,pow2((exp(pow3((v1/v2)))*(0.000162099124407968*(v1+(-0.544238899701577+v1))))),-0.9846938887439829,2.562358107223576e-13,0.1681954829563269,2.562358107223576e-13,1.7976931348623157e308,2.7807503983050873e-7,pow2((exp(pow3((v1/v2)))*(0.000162*(v1+(-0.544+v1)))))
1799.7899460792542,0.7370988612629942,16.0,0.0,0.0,-0.9309198675126664,true,2.6693488064663774e-6,0.4687670262297092,2.0,(pow2((0.000233121497999954*v1))*(v1+(v1*((-0.413865680947092/v2)/v2)))),-0.958958118744005,6.87071950627981e-13,0.30025607944468435,6.87071950627981e-13,137.0,5.601788627421148e-7,(pow2((0.000233*v1))*(v1+(v1*((-0.414/v2)/v2))))
1798.4788789749146,0.48742863814220044,16.0,0.0,3.0,-0.991718960448597,true,2.1584077240215274e-6,0.2530934449465316,2.0,pow2((exp(pow3((v1/v2)))*(0.000162099125579221*(-0.544238973500903+(v1+v1))))),-0.9846938887576142,2.562358104941584e-13,0.16819549739101083,2.562358104941584e-13,1.7976931348623157e308,2.78075043215272e-7,pow2((exp(pow3((v1/v2)))*(0.000162*(-0.544+(v1+v1)))))
1781.7920260429382,0.7676496530145589,16.0,0.0,37.0,-0.991718960448597,true,2.026452565226309e-6,0.20898044167209634,3.0,pow2((0.000165533362707294+(-0.000385644914957211*(v1+exp(((1.37626523236613*v1)-v2)))))),-0.9856213736278461,2.4070901641292813e-13,0.168256805643138,2.4070901641292813e-13,6.8719476736e10,2.6676864879581156e-7,pow2((0.000166+(-0.000386*(v1+exp(((1.38*v1)-v2))))))
1799.88649892807,8.236861428315751e11,16.0,0.0,0.0,-0.9925333360098664,true,8.499452545609327e6,0.9999999999999999,1.0,pow2((1.83818242777618e-12*(v1+(v1+exp((v1+((v1*v1)-v2))))))),6.0413637185830253e23,1.0113697100504232e13,9.715950830086551e10,1.0113697100504232e13,4.290498537581631e155,1.1899233565342799e6,pow2((1.84e-12*(v1+(v1+exp((v1+((v1*v1)-v2)))))))
1714.04137301445,0.9998859924079195,16.0,0.0,178.0,-0.9940768228639664,true,1.3621621981757802e-5,0.9462092179701675,2.0,(pow2((0.000226671519348513*v1))*(0.000291893119431718+sqrt_abs((log(v1)/(v1+v2))))),0.46432879436739394,2.451396501128381e-11,0.9162049636536267,2.451396501128381e-11,1.048585e6,3.080535056377595e-6,(pow2((0.000227*v1))*(0.000292+sqrt_abs((log(v1)/(v1+v2)))))
1799.0837941169739,0.4874285169259538,16.0,0.0,2.0,-0.991718960448597,true,2.1584077757857233e-6,0.2530934112123796,2.0,pow2((exp(pow3((v1/v2)))*(0.000162099122393386*(v1+(-0.544238772755953+v1))))),-0.9846938887205727,2.562358111142599e-13,0.1681954581261511,2.562358111142599e-13,1.7976931348623157e308,2.780750340082117e-7,pow2((exp(pow3((v1/v2)))*(0.000162*(v1+(-0.544+v1)))))
1792.2243630886078,0.7239676815783908,16.0,0.0,16.0,-0.991718960448597,true,2.022819523654998e-6,0.20094952384037335,3.0,(pow2((0.000371056516544214*v1))*(0.817324266222253+exp(((1.25127735738066*v1)-v2)))),-0.9855289768796818,2.4225580744809e-13,0.1417205509184224,2.4225580744809e-13,265.0,2.6593004366762284e-7,(pow2((0.000371*v1))*(0.817+exp(((1.25*v1)-v2))))
1745.8749370574951,2.7409237879307615,16.0,0.0,112.0,-0.9937145891208783,true,1.1495533216381707e-5,0.9913266042347351,2.0,(sqrt_abs((-9.55585359602219e-12*v1))*(0.000291893119431718+sqrt_abs((log(v1)/(v2+v1))))),-0.12527423612126654,1.4643566972576935e-11,0.777395585237359,1.4643566972576935e-11,1.048585e6,2.0809121251884933e-6,(sqrt_abs((-9.56e-12*v1))*(0.000292+sqrt_abs((log(v1)/(v2+v1)))))
1712.6120369434357,0.9994024333334597,16.0,0.0,181.0,-0.9936904273999746,true,1.0706735269038836e-5,0.7180575633463122,2.0,(pow2((0.000518947293037244*v1))*(0.000291893119431718+sqrt_abs((log(v1)/(v2+v1))))),-0.22814620458014911,1.2921412873618317e-11,0.5607913505723309,1.2921412873618317e-11,1.048585e6,2.006530032731138e-6,(pow2((0.000519*v1))*(0.000292+sqrt_abs((log(v1)/(v2+v1)))))
1798.5394361019135,0.760376954615643,16.0,0.0,3.0,-0.9919840476950156,true,2.026691221557218e-6,0.20790881625615504,3.0,pow2((0.000386002228175549*(v1+(-0.432403544992096+exp(((1.37601223044336*v1)-v2)))))),-0.9856216905286712,2.407037112548459e-13,0.16847232102682888,2.407037112548459e-13,6.8719476736e10,2.66763505607773e-7,pow2((0.000386*(v1+(-0.432+exp(((1.38*v1)-v2))))))
1799.4993920326233,0.28122189102300055,16.0,0.0,1.0,-0.991718960448597,true,2.296169192460106e-6,0.12463770712607534,2.0,pow2((exp(pow3((v1/v2)))*(0.000136555879284098*(v1+(1.25354840674279*v1))))),-0.9840429339952038,2.671332826541259e-13,0.07987138431604068,2.671332826541259e-13,1.7976931348623157e308,2.6452706694319014e-7,pow2((exp(pow3((v1/v2)))*(0.000137*(v1+(1.25*v1)))))
1296.3413259983063,0.830134700053076,17.0,0.0,1064.0,-0.9911411103854544,true,2.020759488108647e-6,0.35255127089135585,3.0,(pow3(v1)/(((-0.673300634747877/((1.12860500992907*v1)-v2))-v2)/-2.31464472265611e-7)),-0.9857418412016133,2.3869229865139513e-13,0.2075466309996424,2.3869229865139513e-13,37.0,2.776547107984379e-7,(pow3(v1)/(((-0.673/((1.13*v1)-v2))-v2)/-2.31e-7))
1319.1257629394531,0.8332564810159053,17.0,0.0,1016.0,-0.9914541159517954,true,2.020298853764714e-6,0.35367629402267775,3.0,(pow3((-0.00613818796508954*v1))/((-0.67610627106429/((1.12848838123697*v1)-v2))-v2)),-0.9857418123762289,2.3869278121000226e-13,0.20788727704885449,2.3869278121000226e-13,65.0,2.7773833900975613e-7,(pow3((-0.00614*v1))/((-0.676/((1.13*v1)-v2))-v2))
1765.7121179103851,0.6912186790374389,17.0,0.0,70.0,-0.9918879327894038,true,2.0899430017503608e-6,0.3318758500551965,2.0,(pow3((0.00438734020276647*v1))/sqrt_abs((((-0.79521797349302*v1)/(v1-v2))-v2))),-0.9848509784977931,2.5360601013156914e-13,0.20609670617326345,2.5360601013156914e-13,262145.0,2.8457648116295407e-7,(pow3((0.00439*v1))/sqrt_abs((((-0.795*v1)/(v1-v2))-v2)))
1799.6624310016632,0.21796606943599314,17.0,0.0,0.0,-0.991718960448597,true,2.088058236323061e-6,0.12337252708054429,3.0,(pow2(v1)*(7.72927493421167e-8+((-4.19478699214902e-8*v1)/((0.0399989889624815+v1)-v2)))),-0.9852913039386808,2.4623463118100943e-13,0.08096788048713048,2.4623463118100943e-13,69.0,2.5373608024974143e-7,(pow2(v1)*(7.73e-8+((-4.19e-8*v1)/((0.04+v1)-v2))))
1599.6336591243744,0.8505348926129064,17.0,0.0,419.0,-0.9919840476950156,true,2.0181814510804556e-6,0.35978892958443487,3.0,(pow3(v1)/(((-0.691558959189982/((1.12785807672938*v1)-v2))-v2)/-2.30178569260107e-7)),-0.9857391571989227,2.38737230874474e-13,0.2097752449484636,2.38737230874474e-13,37.0,2.7819121971141806e-7,(pow3(v1)/(((-0.692/((1.13*v1)-v2))-v2)/-2.3e-7))
1799.3223071098328,0.23471164196968372,17.0,0.0,1.0,-0.991718960448597,true,2.0847725521791715e-6,0.1310757628318595,3.0,(pow2((1.21599169372481*v1))*(5.07890546964416e-8+((-2.98089422361369e-8*v1)/(v1-v2)))),-0.9852865654786825,2.463139565641145e-13,0.0843851295876037,2.463139565641145e-13,113.0,2.5430145648173584e-7,(pow2((1.22*v1))*(5.08e-8+((-2.98e-8*v1)/(v1-v2))))
1798.362272977829,0.9998859924079195,17.0,0.0,3.0,-0.9942215632283904,true,1.3383982457503122e-5,0.9276088893789554,3.0,(pow2((0.000226671519348513*v1))*(0.000291893119431718+sqrt_abs((log(v1)/(-0.174855127117488-v2))))),0.4010045546884973,2.3453869627087498e-11,0.8957597700329224,2.3453869627087498e-11,65545.0,3.00407402288713e-6,(pow2((0.000227*v1))*(0.000292+sqrt_abs((log(v1)/(-0.175-v2)))))
1799.8302199840546,1.0136056782753435,17.0,0.0,0.0,-0.9911422183238325,true,2.0193259379102053e-6,0.5812871044697371,3.0,(pow2(v1)*(-3.43980306843272e-8+((-3.54728862353098e-7*v1)/((-4.66397254495558+v1)-v2)))),-0.9794689137450296,3.4370582073776945e-13,0.3497404077126196,3.4370582073776945e-13,69.0,3.8655034312697045e-7,(pow2(v1)*(-3.44e-8+((-3.55e-7*v1)/((-4.66+v1)-v2))))
1487.7472479343414,0.8292783132034975,17.0,0.0,658.0,-0.9914541159517954,true,2.021280905558105e-6,0.3521633133449349,3.0,(pow3(v1)/((v2+(-0.672728831372817/(v2+(-1.12863728587342*v1))))/2.31474465908161e-7)),-0.9857418694324757,2.3869182604553283e-13,0.207466803175587,2.3869182604553283e-13,37.0,2.7762708308832413e-7,(pow3(v1)/((v2+(-0.673/(v2+(-1.13*v1))))/2.31e-7))
1712.0893681049347,1.1846826230108445,17.0,0.0,182.0,-0.9922977348105848,true,2.0795160846960252e-6,0.2753137837637899,2.0,pow2((0.000182082333383854*(v1+(v1+exp((v1+((0.498846395573313*v1)-v2))))))),-0.9845835937528128,2.5808223180269284e-13,0.23870342838758574,2.5808223180269284e-13,1.0889035741470031e40,2.9904727397687593e-7,pow2((0.000182*(v1+(v1+exp((v1+((0.499*v1)-v2)))))))
1212.6647999286652,0.9669032398877775,17.0,0.0,1241.0,-0.992820213835179,true,2.153072023271781e-6,0.6753072296947404,2.0,((v2+pow3(v1))*((1.96214882965284e-6*exp((-6.11074415664516/v1)))/(v2+v1))),-0.9728413670746129,4.5465593509336095e-13,0.40997437531568764,4.5465593509336095e-13,223.0,4.7288659066939035e-7,((v2+pow3(v1))*((1.96e-6*exp((-6.11/v1)))/(v2+v1)))
1799.9892981052399,5.123158481576153,17.0,0.0,0.0,-0.9893101215842574,true,2.0372543725570597e-6,0.4258062322503444,4.0,(0.00017071365262287*(0.00298750184350608+(pow2(pow3((v1/(3.88211156049734+v2))))/0.40778424802693))),-0.979661694002477,3.4047853428126363e-13,0.9869832653868894,3.4047853428126363e-13,3.402823669209385e38,4.3211906438728795e-7,(0.000171*(0.00299+(pow2(pow3((v1/(3.88+v2))))/0.408)))
1799.5755169391632,0.9972192097489093,17.0,0.0,1.0,-0.9792815602663242,true,2.319499956380387e-6,0.8351020680861292,4.0,(pow2((0.0008336604252976*(2.87092341794846+v1)))/(-0.995868077114607+exp((10.2565670981607/v1)))),-0.9639127070013614,6.041284179641832e-13,0.4593408165887432,6.041284179641832e-13,145.0,5.400154724304678e-7,(pow2((0.000834*(2.87+v1)))/(-0.996+exp((10.3/v1))))
1790.7150750160217,0.8304353973101267,17.0,0.0,19.0,-0.9919358720819955,true,2.020705497756988e-6,0.3526617416953648,3.0,(pow3(v1)/((v2+(-0.673566424763666/(v2+(-1.12859373815055*v1))))/2.31446855493296e-7)),-0.9857418435701769,2.386922589998602e-13,0.20757911893453992,2.386922589998602e-13,37.0,2.776628875981186e-7,(pow3(v1)/((v2+(-0.674/(v2+(-1.13*v1))))/2.31e-7))
1324.3025000095367,0.9999999999998749,17.0,0.0,1006.0,-0.9939076827486909,true,3.983539155795104e-6,0.9999551492660221,2.0,(0.0434571354856028/(v2+(exp((42.4178546950491/v1))+(v1*(v1+exp(v1)))))),-0.8828377380362866,1.961384356757199e-12,0.698242555587996,1.961384356757199e-12,24.0,1.04114499827568e-6,(0.0435/(v2+(exp((42.4/v1))+(v1*(v1+exp(v1))))))
1792.7521479129791,0.9998859924079195,17.0,0.0,15.0,-0.9942457120558157,true,1.3286519609285604e-5,0.9199803561710769,3.0,(pow2((0.000226671519348513*v1))*(0.000291893119431718+sqrt_abs((log(v1)/(-1.12859522222077+v2))))),0.3728711702774774,2.2982895619232462e-11,0.88174276576111,2.2982895619232462e-11,65545.0,2.9639206036555133e-6,(pow2((0.000227*v1))*(0.000292+sqrt_abs((log(v1)/(-1.13+v2)))))
1800.0860769748688,0.8228909240804856,17.0,0.0,0.0,-0.9922977348105848,true,2.4800910080289145e-6,0.6468296493247769,2.0,(pow3((0.00403349770484118*v1))/sqrt_abs(((v1*((1.39624964121279*v1)-v2))-v2))),-0.9479167023105093,8.719135634999463e-13,0.46322775954053325,8.719135634999463e-13,65537.0,7.074053851736776e-7,(pow3((0.00403*v1))/sqrt_abs(((v1*((1.4*v1)-v2))-v2)))
1480.9191620349884,1.2789162861747414,18.0,0.0,672.0,-0.9927796317359114,true,2.0287594470905977e-6,0.2901897222997319,3.0,((9.0421963779647e-8*pow3(v1))/sqrt_abs(((-1.65680015998482/((1.10527595581603*v1)-v2))-v2))),-0.9854342509525537,2.4384159069035864e-13,0.24188408842927253,2.4384159069035864e-13,1281.0,2.823166203777364e-7,((9.04e-8*pow3(v1))/sqrt_abs(((-1.66/((1.11*v1)-v2))-v2)))
1798.6759600639343,4.764718930451715,18.0,0.0,2.0,-0.9888283538113896,true,2.08091458701362e-6,0.46089589959080035,3.0,(4.71185589581125e-7+(pow3(sqrt_abs((v1*(0.0808970829489852*v1))))/((v1-v2)/-2.40012491771894e-6))),-0.9800662031868925,3.3370674639342946e-13,0.9636270017870584,3.3370674639342946e-13,1.7014118346046923e39,4.296721865071367e-7,(4.71e-7+(pow3(sqrt_abs((v1*(0.0809*v1))))/((v1-v2)/-2.4e-6)))
1798.1771070957184,4.607089993248385,18.0,0.0,3.0,-0.9657765142121304,true,2.0792916806449707e-6,0.8659146332598224,2.0,((4.74276006773399e-7*(v1*exp(pow3((v1/v2)))))/sqrt_abs(((1.13487051324943*v1)-v2))),-0.9732330929610643,4.480981492248983e-13,0.7010199545998119,4.480981492248983e-13,2.74877907009e11,4.882322519221673e-7,((4.74e-7*(v1*exp(pow3((v1/v2)))))/sqrt_abs(((1.13*v1)-v2)))
1688.4375569820404,0.7120358129511083,18.0,0.0,231.0,-0.9919358720819955,true,2.0132719788127565e-6,0.29685645513803344,3.0,(pow3((-0.00644349317914066*v1))/(log((-0.873186070185673/((1.15228191968707*v1)-v2)))-v2)),-0.9858011380459895,2.3769962489266895e-13,0.18272490487821302,2.3769962489266895e-13,529.0,2.723480665177811e-7,(pow3((-0.00644*v1))/(log((-0.873/((1.15*v1)-v2)))-v2))
1797.2683091163635,0.7213055381720285,18.0,0.0,5.0,-0.991718960448597,true,2.0154024722119385e-6,0.1952009244469063,3.0,pow2((0.000356687242690316*(exp(((1.39420214690835*v1)-v2))+(v1+(-0.519898121586372/v1))))),-0.9856408461323357,2.4038303204686383e-13,0.16818624945366437,2.4038303204686383e-13,2.74877906944e11,2.678944783254968e-7,pow2((0.000357*(exp(((1.39*v1)-v2))+(v1+(-0.52/v1)))))
1698.0223500728607,1.1878589670519735,18.0,0.0,211.0,-0.9922977348105848,true,2.0755254122872163e-6,0.2773945916501974,3.0,(0.00219333305229871*pow2((0.00389112214306111*(exp(((1.49841192880452*v1)-v2))+(v1+v1))))),-0.9845848779387858,2.580607335639566e-13,0.23972655921879785,2.580607335639566e-13,1.37438953473e11,2.993757015621695e-7,(0.00219*pow2((0.00389*(exp(((1.5*v1)-v2))+(v1+v1)))))
1684.240121126175,0.23691243690081532,18.0,0.0,240.0,-0.991718960448597,true,2.0065166750774957e-6,0.1174550275061444,2.0,pow2((exp(pow3((v1/v2)))*(0.000299006045225167*(v1+pow2((0.00125171524461664*exp(v1))))))),-0.9857474359941013,2.3859863761855687e-13,0.08511646413876402,2.3859863761855687e-13,1.7976931348623157e308,2.532928205377721e-7,pow2((exp(pow3((v1/v2)))*(0.000299*(v1+pow2((0.00125*exp(v1)))))))
1799.789123058319,0.9998859924079195,18.0,0.0,0.0,-0.9930632285689571,true,1.2626263007310182e-5,0.8713121292471047,2.0,(pow2((0.000226671519348513*v1))*(0.000291893119431718+sqrt_abs((v1*(log(v1)/(v2+v1)))))),0.21793616961632822,2.0389167216267167e-11,0.8439114829679771,2.0389167216267167e-11,2.74877906953e11,2.7865865204072013e-6,(pow2((0.000227*v1))*(0.000292+sqrt_abs((v1*(log(v1)/(v2+v1))))))
1797.9623260498047,0.23972660653180278,18.0,0.0,4.0,-0.9900809500208461,true,2.1270474586225236e-6,0.14855467811808465,2.0,pow2((exp(pow3((v1/v2)))*(0.000269975444111198*(v1+(v1*(0.0211228250414793*v2)))))),-0.9849138598857915,2.525533284174739e-13,0.09657135279812586,2.525533284174739e-13,1.7976931348623157e308,2.658653916426601e-7,pow2((exp(pow3((v1/v2)))*(0.00027*(v1+(v1*(0.0211*v2))))))
842.4984629154205,0.23395812384238976,18.0,0.0,2014.0,-0.991718960448597,true,2.018907607871405e-6,0.11779869127592629,2.0,pow2((exp(pow3((v1/v2)))*(0.000299644394486562*(v1+pow3((0.00155064319627039*exp(v1))))))),-0.9858576807387891,2.3675305770211216e-13,0.084063945325736,2.3675305770211216e-13,1.7976931348623157e308,2.5106907108120876e-7,pow2((exp(pow3((v1/v2)))*(0.0003*(v1+pow3((0.00155*exp(v1)))))))
1798.4841771125793,0.5479480196156276,18.0,0.0,3.0,-0.991718960448597,true,2.0015148324242744e-6,0.19051305637366037,3.0,pow2((exp(((v2*-0.062216351586292)/((0.265619955490958+v1)-v2)))*(-0.00032330096514803*v1))),-0.9850818405170614,2.497412063494223e-13,0.13931526634911878,2.497412063494223e-13,1.7976931348623157e308,2.7600013542833656e-7,pow2((exp(((v2*-0.0622)/((0.266+v1)-v2)))*(-0.000323*v1)))
1764.4798641204834,0.9999369807219175,18.0,0.0,73.0,-0.993617938712057,true,2.419622889082307e-6,0.9315891365833401,3.0,((-5.26420262145056e-5*v2)*(exp((-15.6639687143574/v1))/((log(v1)*2.63561165786679)-v2))),-0.9745148359460707,4.2664080794419246e-13,0.46534364991804056,4.2664080794419246e-13,172.0,4.621764957353024e-7,((-5.26e-5*v2)*(exp((-15.7/v1))/((log(v1)*2.64)-v2)))
1725.8387010097504,1.2474771537569467,18.0,0.0,154.0,-0.9922009482598823,true,2.0096823243539126e-6,0.28944463097169043,3.0,(pow3((0.00449013582483129*v1))/sqrt_abs(((-1.652815902399/((1.10523802914069*v1)-v2))-v2))),-0.9854314586963308,2.438883351589604e-13,0.23948737740978884,2.438883351589604e-13,2049.0,2.8228027989996855e-7,(pow3((0.00449*v1))/sqrt_abs(((-1.65/((1.11*v1)-v2))-v2)))
1794.7302570343018,1.2365824765534945,18.0,0.0,11.0,-0.9922977348105848,true,2.044797637576283e-6,0.1873103655286777,3.0,(pow3((0.00300586303097287*(1.01548614003303+v1)))/sqrt_abs(((v1+(0.0692256203572863*v1))-v2))),-0.9853287593205623,2.4560759992651343e-13,0.1772117417597978,2.4560759992651343e-13,2049.0,2.714426722289011e-7,(pow3((0.00301*(1.02+v1)))/sqrt_abs(((v1+(0.0692*v1))-v2)))
696.8733849525452,0.23382628159571306,18.0,0.0,2316.0,-0.991718960448597,true,2.018409430113587e-6,0.11790505310659712,2.0,pow2((exp(pow3((v1/v2)))*(0.000299670187216733*(v1+pow3((0.00154924093598416*exp(v1))))))),-0.9858579916708375,2.3674785246583883e-13,0.08403168486917076,2.3674785246583883e-13,1.7976931348623157e308,2.5106058146988985e-7,pow2((exp(pow3((v1/v2)))*(0.0003*(v1+pow3((0.00155*exp(v1)))))))
1688.4375569820404,0.7120358129511083,18.0,0.0,231.0,-0.9919358720819955,true,2.0132719788127565e-6,0.29685645513803344,3.0,(pow3((-0.00644349317914066*v1))/(log((-0.873186070185673/((1.15228191968707*v1)-v2)))-v2)),-0.9858011380459895,2.3769962489266895e-13,0.18272490487821302,2.3769962489266895e-13,529.0,2.723480665177811e-7,(pow3((-0.00644*v1))/(log((-0.873/((1.15*v1)-v2)))-v2))
1800.0471580028534,0.2504090840572245,18.0,0.0,0.0,-0.991718960448597,true,2.050965961726657e-6,0.13511045500952384,2.0,pow2((exp(pow3((v1/v2)))*(0.000294348484155953*(v1+pow2((0.0161152816594023*pow2(v1))))))),-0.985273521302425,2.4653232588226783e-13,0.09210061751079923,2.4653232588226783e-13,1.7976931348623157e308,2.618762018724186e-7,pow2((exp(pow3((v1/v2)))*(0.000294*(v1+pow2((0.0161*pow2(v1)))))))
327.7352089881897,0.2839285161318487,19.0,0.0,3068.0,-0.991718960448597,true,2.0185570745940348e-6,0.1074676641978927,3.0,pow2((exp(pow3((v1/v2)))*(0.000309740275953607*(v1+(0.0349913063211848/(-5.15029574954906+v1)))))),-0.9864611242801684,2.2665095910475029e-13,0.07691060227902148,2.2665095910475029e-13,1.7976931348623157e308,2.4053312509300004e-7,pow2((exp(pow3((v1/v2)))*(0.00031*(v1+(0.035/(-5.15+v1))))))
1799.2156159877777,0.9683138405551464,19.0,0.0,1.0,-0.991718960448597,true,2.0083354273253976e-6,0.18998974415591505,4.0,(pow2((0.00032708154133464*v1))*(0.312162390506944+sqrt_abs((2.20107640485377/(v2+(-1.12248904650476*v1)))))),-0.9854893893824916,2.4291853191593764e-13,0.16281691525043232,2.4291853191593764e-13,521.0,2.760576443403121e-7,(pow2((0.000327*v1))*(0.312+sqrt_abs((2.2/(v2+(-1.12*v1))))))
1797.2363369464874,0.9998859924079195,19.0,0.0,5.0,-0.9942215632283904,true,1.3376476771079092e-5,0.9270214103633017,3.0,(pow2((0.000226671519348513*v1))*(0.000291893119431718+sqrt_abs((log(v1)/(v2+(0.00995637506873128*v1)))))),0.3987489279116172,2.3416108738891045e-11,0.8945073748919286,2.3416108738891045e-11,1.6777225e7,3.000708527206385e-6,(pow2((0.000227*v1))*(0.000292+sqrt_abs((log(v1)/(v2+(0.00996*v1))))))
823.6923820972443,0.2818750431605687,19.0,0.0,2052.0,-0.991718960448597,true,2.021965022770139e-6,0.10781629510694339,3.0,pow2((exp(pow3((v1/v2)))*(0.000309600663436915*(v1+(0.037451409058331/(-5.16290060233456+v1)))))),-0.9864634285952629,2.2661238313750917e-13,0.07699217315534695,2.2661238313750917e-13,1.7976931348623157e308,2.403984532919186e-7,pow2((exp(pow3((v1/v2)))*(0.00031*(v1+(0.0375/(-5.16+v1))))))
1797.8110089302063,0.23470390377517425,19.0,0.0,4.0,-0.991718960448597,true,2.0847979802712528e-6,0.13107320170740047,3.0,(pow2(v1)*(7.50993335713939e-8+((-4.40743087285906e-8*v1)/((v1+(0.000273093712186388/v1))-v2)))),-0.9852865494384048,2.463142250904238e-13,0.08438062775663807,2.463142250904238e-13,93.0,2.543014746462049e-7,(pow2(v1)*(7.51e-8+((-4.41e-8*v1)/((v1+(0.000273/v1))-v2))))
1794.947382926941,0.7606460172787265,19.0,0.0,10.0,-0.991718960448597,true,2.013205654266524e-6,0.20283502910051976,4.0,pow2((0.000359387544073735*(exp(((1.38729590427419*v1)-v2))+((1.07120388807904*v1)-0.427883918406544)))),-0.9856530157390218,2.40179303680906e-13,0.16005252684974336,2.40179303680906e-13,1.37438953472e11,2.6537432950540866e-7,pow2((0.000359*(exp(((1.39*v1)-v2))+((1.07*v1)-0.428))))
1799.7685720920563,2.2727711758309894,19.0,0.0,0.0,-0.9317870495038287,true,4.739793528545829e-6,1.3703072431720396,4.0,(pow2((0.0555071178263604*v1))*(8.62139127546906e-5+(2.8610170599950504e-9/pow3(((1.22777699892753*v1)-v2))))),-0.8610453358793694,2.326205554046626e-12,0.8691498839693008,2.326205554046626e-12,273.0,1.126737944760986e-6,(pow2((0.0555*v1))*(8.62e-5+(2.86e-9/pow3(((1.23*v1)-v2)))))
1799.8140449523926,0.6946737389052913,19.0,0.0,0.0,-0.990539690693281,true,2.2780908943774223e-6,0.3747313707075794,3.0,(pow2(v1)*((-3.66596644993862e-7*v1)/((v1+(1987.03734843306/(-361.980955102521+v1)))-v2))),-0.9768687920630357,3.872338126632544e-13,0.25750577396252583,3.872338126632544e-13,101.0,4.01770415882129e-7,(pow2(v1)*((-3.67e-7*v1)/((v1+(1990.0/(-362.0+v1)))-v2)))
1794.6051259040833,0.9998859924079195,19.0,0.0,11.0,-0.994414844933198,true,1.1978026862653282e-5,0.8229094400479087,3.0,(pow2((0.000226671519348513*v1))*(0.000291893119431718+sqrt_abs(((v1*log(v1))/(-0.226652143920769+v2))))),0.06890936020965954,1.789434637712866e-11,0.7973943286341563,1.789434637712866e-11,2.147483657e9,2.5947327854561918e-6,(pow2((0.000227*v1))*(0.000292+sqrt_abs(((v1*log(v1))/(-0.227+v2)))))
900.6700539588928,0.28393158548943576,19.0,0.0,1894.0,-0.991718960448597,true,2.018775800488192e-6,0.1074659968287727,3.0,pow2((exp(pow3((v1/v2)))*(0.00030974173257331*(v1+(0.0350134863305896/(-5.15027590752695+v1)))))),-0.9864611773412675,2.266500708220564e-13,0.07691023066226664,2.266500708220564e-13,1.7976931348623157e308,2.405254682005055e-7,pow2((exp(pow3((v1/v2)))*(0.00031*(v1+(0.035/(-5.15+v1))))))
1723.280925989151,0.9999468114120235,19.0,0.0,159.0,-0.993617938712057,true,2.377146515104932e-6,0.9360621843640686,3.0,((-5.43218252516007e-5*v2)*(pow2(exp((-7.93248841997908/v1)))/((2.64278151027488*log(v1))-v2))),-0.974634102441774,4.246441971325131e-13,0.46824460728741363,4.246441971325131e-13,5380.0,4.642667828616334e-7,((-5.43e-5*v2)*(pow2(exp((-7.93/v1)))/((2.64*log(v1))-v2)))
1799.4258949756622,6.797476220131407,19.0,0.0,1.0,-0.988997159687775,true,2.1798157990925613e-6,0.6744941807775015,4.0,(1.55898390967807e-5*(0.0416791682694355+(pow2(pow3((v1/(v2+(5.99921742543132/v1)))))/0.241733811872413))),-0.9729157321433339,4.5341100792966476e-13,1.3191378503828526,4.5341100792966476e-13,1.7976931348623157e308,5.374794746674113e-7,(1.56e-5*(0.0417+(pow2(pow3((v1/(v2+(6.0/v1)))))/0.242)))
1630.1447529792786,0.8294003264871548,19.0,1.0,354.0,-0.9919840476950156,true,2.021061878975161e-6,0.3522499360154402,3.0,(pow3(v1)/(v1+((v2+(-0.672730784075171/(v2+(-1.12863269152932*v1))))/2.31490293872605e-7))),-0.9857418518202103,2.386921208880978e-13,0.20747271377349052,2.386921208880978e-13,45.0,2.7763264291339875e-7,(pow3(v1)/(v1+((v2+(-0.673/(v2+(-1.13*v1))))/2.31e-7)))
1799.97505402565,6.620297262937272,19.0,0.0,0.0,-0.9294745641940627,true,2.122012774423349e-6,1.8801358589539174,4.0,(1.7762159780383e-5*(0.0285864246252396+pow2(pow3((v1/(v2+(-0.000200748141647618/(-5.99965443970907+v1)))))))),-0.9581208919986384,7.010877558360577e-13,1.3058636361227196,7.010877558360577e-13,1.7976931348623157e308,6.508327636962932e-7,(1.78e-5*(0.0286+pow2(pow3((v1/(v2+(-0.000201/(-6.0+v1))))))))
1787.7306690216064,0.28385686113878916,19.0,0.0,25.0,-0.991718960448597,true,2.0186826483931135e-6,0.10748840836470928,3.0,pow2((exp(pow3((v1/v2)))*(0.00030973549975207*(v1+(0.0350785368633596/(-5.15073272728884+v1)))))),-0.9864612293116716,2.2664920079841619e-13,0.07691343340699705,2.2664920079841619e-13,1.7976931348623157e308,2.4052818141024444e-7,pow2((exp(pow3((v1/v2)))*(0.00031*(v1+(0.0351/(-5.15+v1))))))
1797.5639719963074,0.4836329162915752,19.0,0.0,5.0,-0.991718960448597,true,1.9969338925621554e-6,0.15636388526306022,4.0,(pow2((0.000529773080102446*(-0.164188618393388+v1)))/(0.35337842056464+sqrt_abs((v2+(-1.13688333152171*v1))))),-0.9856988043315006,2.394127682154684e-13,0.1119798577089182,2.394127682154684e-13,529.0,2.6165247744237323e-7,(pow2((0.00053*(-0.164+v1)))/(0.353+sqrt_abs((v2+(-1.14*v1)))))
1610.8841059207916,0.9998859924079195,19.0,0.0,395.0,-0.994414844933198,true,1.2761090679480338e-5,0.8788544080512981,3.0,(pow2((0.000226671519348513*v1))*(0.000291893119431718+sqrt_abs((log(v1)/(v2+(-0.634181059593412*v2)))))),0.23733484925005843,2.071391569873609e-11,0.8251208607878223,2.071391569873609e-11,1.6777225e7,2.78119031464146e-6,(pow2((0.000227*v1))*(0.000292+sqrt_abs((log(v1)/(v2+(-0.634*v2))))))
1800.00767993927,0.7923547074567281,19.0,0.0,0.0,-0.9915025465114866,true,2.109857442142915e-6,0.393092748208,2.0,(pow3((0.00531200453367642*v1))/sqrt_abs(((v1+(v2*((1.02276566050015*v1)-v2)))-v2))),-0.9842793845078931,2.6317492329025826e-13,0.23472471282505702,2.6317492329025826e-13,262145.0,3.051944031934674e-7,(pow3((0.00531*v1))/sqrt_abs(((v1+(v2*((1.02*v1)-v2)))-v2)))
1798.7022709846497,0.3736730191855897,20.0,0.0,2.0,-0.991718960448597,true,2.0534990301355185e-6,0.12589602021463578,3.0,(pow2(v1)*pow2((0.00026183251967436+((v2*(-4.14447617032424e-5+(-3.15150624228438e-5/v2)))/(v1-v2))))),-0.9854032127279687,2.4436119390680516e-13,0.0894391610297529,2.4436119390680516e-13,1.099511627777e12,2.5511854239481744e-7,(pow2(v1)*pow2((0.000262+((v2*(-4.14e-5+(-3.15e-5/v2)))/(v1-v2)))))
1588.7002909183502,0.9998859924079195,20.0,0.0,443.0,-0.9945835903650991,true,1.3372540145567048e-5,0.9267132859959675,3.0,(pow2((0.000226671519348513*v1))*(0.000291893119431718+sqrt_abs((log(v1)/(v2+(0.159649942158286/pow3(v2))))))),0.3977240444621597,2.339895141936193e-11,0.8942005893857954,2.339895141936193e-11,4.294967305e9,2.9994886056703024e-6,(pow2((0.000227*v1))*(0.000292+sqrt_abs((log(v1)/(v2+(0.16/pow3(v2)))))))
1798.7249529361725,0.8333105766754957,20.0,0.0,2.0,-0.9914059403387754,true,2.0202939168109903e-6,0.3536945489914469,4.0,(pow3((0.0821576953715644*v1))/(((-0.67615781826505/((1.12848635740423*v1)-v2))-v2)/-0.000417030939483663)),-0.9857418105492739,2.386928117946047e-13,0.20789338445688926,2.386928117946047e-13,73.0,2.777397686052359e-7,(pow3((0.0822*v1))/(((-0.676/((1.13*v1)-v2))-v2)/-0.000417))
1770.0613300800323,0.9998859924079195,20.0,0.0,61.0,-0.9945112122989571,true,1.3372558436159702e-5,0.9267147176224385,3.0,(pow2((0.000226671519348513*v1))*(0.000291893119431718+sqrt_abs((log(v1)/(v2+(0.159649942158286/pow3(v1))))))),0.3977365112323885,2.339916012246902e-11,0.8942563845549834,2.339916012246902e-11,4.294967305e9,2.9995410599580457e-6,(pow2((0.000227*v1))*(0.000292+sqrt_abs((log(v1)/(v2+(0.16/pow3(v1)))))))
1611.139307975769,0.9999999999913368,20.0,0.0,394.0,-0.9936903653635781,true,3.2361982261057103e-6,0.9990908588389674,4.0,(0.136435936702733/(v2+((0.0263511834496155*exp((v1+(41.960178250538/v1))))+(-0.0225825672756467+v1)))),-0.9414129239880874,9.807917026516604e-13,0.5690954647855553,9.807917026516604e-13,39.0,7.08823399737925e-7,(0.136/(v2+((0.0264*exp((v1+(42.0/v1))))+(-0.0226+v1))))
1799.6675589084625,0.7304905011930045,20.0,1.0,0.0,-0.9914059403387754,true,2.0856949141476126e-6,0.38547498252760165,3.0,(pow3((v1+(-0.997152029687115*v1)))*exp((-1.24772444090047/((v1+(-0.0654275421908368*v1))-v2)))),-0.9845330556601768,2.589282774717946e-13,0.23263913216382953,2.589282774717946e-13,8193.0,3.008115915572846e-7,(pow3((v1+(-0.997*v1)))*exp((-1.25/((v1+(-0.0654*v1))-v2))))
1709.1206760406494,0.9998859924079195,20.0,0.0,188.0,-0.9936904273999746,true,7.584543561345338e-6,0.5847766935531897,3.0,(pow2((0.000226671519348513*v1))*(0.000291893119431718+sqrt_abs((log(pow3(v1))/((1.40678741001921+v1)-v2))))),-0.6772794969597611,5.402583866671852e-12,0.5038675664089864,5.402583866671852e-12,1.9342813113834067e25,1.321937021493971e-6,(pow2((0.000227*v1))*(0.000292+sqrt_abs((log(pow3(v1))/((1.41+v1)-v2)))))
1798.762659072876,0.2542102073641674,20.0,0.0,2.0,-0.991718960448597,true,2.0550720623021618e-6,0.15643674357717238,3.0,pow2((exp(pow3(((1.00010878680948*v1)/v2)))*(0.00028056047957089*(v1+pow2((0.133905265431502*v1)))))),-0.9850676546401931,2.4997868859421774e-13,0.1022761864161929,2.4997868859421774e-13,1.7976931348623157e308,2.6505658146560803e-7,pow2((exp(pow3(((1.0*v1)/v2)))*(0.000281*(v1+pow2((0.134*v1))))))
1798.7817249298096,0.7213673765941928,20.0,0.0,2.0,-0.9833362012006953,true,2.058393124998166e-6,0.1772311929363359,3.0,(pow3(sqrt_abs((v2*(v1+(-0.0538386011594845/(-4.69113842362672+v1))))))/((v1-v2)/-4.54736768576829e-8)),-0.9860718889134051,2.331670518010705e-13,0.13126128750703192,2.331670518010705e-13,1.7976931348623157e308,2.5830091697623487e-7,(pow3(sqrt_abs((v2*(v1+(-0.0538/(-4.69+v1))))))/((v1-v2)/-4.55e-8))
1799.7533569335938,0.8503357001371628,20.0,0.0,0.0,-0.991718960448597,true,2.0181922374090493e-6,0.35972071755129204,4.0,(pow3((1.06986172553439*v1))/(((-0.69137869499245/((1.12786517266334*v1)-v2))-v2)/-1.8797808616443e-7)),-0.9857392105577665,2.387363376073086e-13,0.20975325835555494,2.387363376073086e-13,73.0,2.781862289306835e-7,(pow3((1.07*v1))/(((-0.691/((1.13*v1)-v2))-v2)/-1.88e-7))
1799.8381729125977,9.512357824883413,20.0,0.0,0.0,-0.935053522626251,true,2.0234394257837996e-6,0.9849168777026044,4.0,(1.29019778174391e-5*(-0.0602752122926642+sqrt_abs(((0.0353859749384412*v1)/(((2.29911316733761*v1)-v2)-v2))))),-0.9642591534795814,5.983286434340126e-13,1.1067228441947088,5.983286434340126e-13,4.194306e6,5.653143612113448e-7,(1.29e-5*(-0.0603+sqrt_abs(((0.0354*v1)/(((2.3*v1)-v2)-v2)))))
941.014790058136,0.82931325079693,20.0,0.0,1813.0,-0.9922009482598823,true,2.021234487428938e-6,0.3521893518034033,4.0,(pow3((-0.404439523459645*v1))/((v2+(-0.672726433440186/(v2+(-1.12863606340316*v1))))/-3.49906468927828e-6)),-0.9857418690617851,2.386918322511735e-13,0.20746829925225943,2.386918322511735e-13,73.0,2.7762834769185833e-7,(pow3((-0.404*v1))/((v2+(-0.673/(v2+(-1.13*v1))))/-3.5e-6))
1799.4241380691528,0.938104138918692,20.0,0.0,1.0,-0.990423184129075,true,1.9957644523513847e-6,0.291705980784323,3.0,((v2+pow3(v1))*((-3.03579895852974e-7*(-2.73685160726164+sqrt_abs((-5.8613272863231+v1))))/(v2+v1))),-0.9752043699428321,4.1509749039439143e-13,0.22535134642391552,4.1509749039439143e-13,247.0,3.9115223367302846e-7,((v2+pow3(v1))*((-3.04e-7*(-2.74+sqrt_abs((-5.86+v1))))/(v2+v1)))
1798.9308199882507,0.254254398153706,20.0,0.0,2.0,-0.991718960448597,true,2.069983416598526e-6,0.14568659264247247,2.0,pow2((exp(pow3((v1/v2)))*(0.000290661937612858*(v1+(v1*(v1*(0.00190723621959165*v1))))))),-0.9851601627320514,2.484300335819016e-13,0.09612330010493672,2.484300335819016e-13,1.7976931348623157e308,2.6398537423208673e-7,pow2((exp(pow3((v1/v2)))*(0.000291*(v1+(v1*(v1*(0.00191*v1)))))))
1797.9145069122314,0.9998859924079195,20.0,0.0,4.0,-0.9927497364792586,true,1.216411016587389e-5,0.8407549930857736,2.0,(pow2((0.000226671519348513*v1))*(0.000291893119431718+sqrt_abs(((v1*log(v1))/(v2+(v1/v1)))))),0.11338585331785511,1.8638916312564458e-11,0.8163603108269837,1.8638916312564458e-11,1.4757395258967641e20,2.659618410306462e-6,(pow2((0.000227*v1))*(0.000292+sqrt_abs(((v1*log(v1))/(v2+(v1/v1))))))
412.12923407554626,0.6725935461454376,20.0,0.0,2892.0,-0.9924666511332004,true,2.0135173446486516e-6,0.2363951951549718,4.0,((-2.83702883598231e-6*v2)*(exp((-4.27906343714767/v1))/((-1.03211866633926+(1.20675721249596*v1))-v2))),-0.9854943282614578,2.428358513686218e-13,0.19955703617238563,2.428358513686218e-13,148.0,2.7348681381901006e-7,((-2.84e-6*v2)*(exp((-4.28/v1))/((-1.03+(1.21*v1))-v2)))
1577.4927561283112,0.6406773609030209,20.0,0.0,467.0,-0.9932558376295014,true,2.1712925773217687e-6,0.46549904518739693,3.0,(pow2((0.000774544088969254*(-1.31542050062883+v1)))/(0.0846807453679062+sqrt_abs((v2+(v1*(v1-v2)))))),-0.9822585614489366,2.970050207054051e-13,0.26066079452823676,2.970050207054051e-13,32785.0,3.468698479656622e-7,(pow2((0.000775*(-1.32+v1)))/(0.0847+sqrt_abs((v2+(v1*(v1-v2))))))
1799.4601500034332,0.33366596693026535,20.0,0.0,1.0,-0.991718960448597,true,2.1431902715866483e-6,0.12800469078409846,4.0,(pow2((0.000504124059579751*v1))*(0.424681568323049+(pow2(pow3((v1/(0.0371729134471118+v2))))/0.424476349677941))),-0.984805026216907,2.543752858640166e-13,0.08764817362902633,2.543752858640166e-13,2.722258935367508e39,2.6145185993441876e-7,(pow2((0.000504*v1))*(0.425+(pow2(pow3((v1/(0.0372+v2))))/0.424)))
1797.0730941295624,0.7741950836021975,20.0,0.0,6.0,-0.991718960448597,true,2.0319498421201145e-6,0.45391699726030443,3.0,(pow3((0.00385841738132512*(v1+(-0.00944942826243147/((1.24126649735097*v1)-v2)))))/sqrt_abs((v2-v1))),-0.985904962711034,2.3596152193655696e-13,0.25768192270857576,2.3596152193655696e-13,8193.0,2.970691385523531e-7,(pow3((0.00386*(v1+(-0.00945/((1.24*v1)-v2)))))/sqrt_abs((v2-v1)))
1715.031711101532,0.9998859924079195,20.0,0.0,176.0,-0.9945112122989571,true,1.3372558436159702e-5,0.9267147176224385,3.0,(pow2((0.000226671519348513*v1))*(0.000291893119431718+sqrt_abs((log(v1)/(v2+(0.159649942158286/pow3(v1))))))),0.3977365112323885,2.339916012246902e-11,0.8942563845549834,2.339916012246902e-11,4.294967305e9,2.9995410599580457e-6,(pow2((0.000227*v1))*(0.000292+sqrt_abs((log(v1)/(v2+(0.16/pow3(v1)))))))
1588.7002909183502,0.9998859924079195,20.0,0.0,443.0,-0.9945835903650991,true,1.3372540145567048e-5,0.9267132859959675,3.0,(pow2((0.000226671519348513*v1))*(0.000291893119431718+sqrt_abs((log(v1)/(v2+(0.159649942158286/pow3(v2))))))),0.3977240444621597,2.339895141936193e-11,0.8942005893857954,2.339895141936193e-11,4.294967305e9,2.9994886056703024e-6,(pow2((0.000227*v1))*(0.000292+sqrt_abs((log(v1)/(v2+(0.16/pow3(v2)))))))
412.12923407554626,0.6725935461454376,20.0,0.0,2892.0,-0.9924666511332004,true,2.0135173446486516e-6,0.2363951951549718,4.0,((-2.83702883598231e-6*v2)*(exp((-4.27906343714767/v1))/((-1.03211866633926+(1.20675721249596*v1))-v2))),-0.9854943282614578,2.428358513686218e-13,0.19955703617238563,2.428358513686218e-13,148.0,2.7348681381901006e-7,((-2.84e-6*v2)*(exp((-4.28/v1))/((-1.03+(1.21*v1))-v2)))
1799.0087530612946,0.7741728060180334,20.0,0.0,2.0,-0.9919358720819955,true,2.0318076039455983e-6,0.4538664046106864,3.0,(pow3((0.00385851170612376*(v1+(-0.00949818440437977/((1.24121681550486*v1)-v2)))))/sqrt_abs((v1-v2))),-0.9859053694373338,2.35954713032491e-13,0.25765098447606216,2.35954713032491e-13,8193.0,2.9704670834454844e-7,(pow3((0.00386*(v1+(-0.0095/((1.24*v1)-v2)))))/sqrt_abs((v1-v2)))
1577.4927561283112,0.6406773609030209,20.0,0.0,467.0,-0.9932558376295014,true,2.1712925773217687e-6,0.46549904518739693,3.0,(pow2((0.000774544088969254*(-1.31542050062883+v1)))/(0.0846807453679062+sqrt_abs((v2+(v1*(v1-v2)))))),-0.9822585614489366,2.970050207054051e-13,0.26066079452823676,2.970050207054051e-13,32785.0,3.468698479656622e-7,(pow2((0.000775*(-1.32+v1)))/(0.0847+sqrt_abs((v2+(v1*(v1-v2))))))
1800.0561850070953,1.24220706807815,20.0,0.0,0.0,-0.991718960448597,true,2.009940795822501e-6,0.28941356208309915,3.0,(pow3((0.00224511488059878*(v1+v1)))/sqrt_abs(((-1.65211229953748/((1.10526129968116*v1)-v2))-v2))),-0.9854314129559087,2.4388910088801627e-13,0.23910193575212926,2.4388910088801627e-13,8193.0,2.822251178817319e-7,(pow3((0.00225*(v1+v1)))/sqrt_abs(((-1.65/((1.11*v1)-v2))-v2)))
1800.0835149288177,1.9982798697250939,20.0,0.0,0.0,-0.991718960448597,true,2.0018866880152494e-6,0.22862023945142332,3.0,(pow3((0.00363315229162149*(v1+(0.843898364694246/v1))))/sqrt_abs(((v1+(0.0265551516102884*v2))-v2))),-0.9847150155207336,2.558821325948353e-13,0.2836607375296548,2.558821325948353e-13,8193.0,2.925364853112022e-7,(pow3((0.00363*(v1+(0.844/v1))))/sqrt_abs(((v1+(0.0266*v2))-v2)))
1793.3321459293365,0.9998859924079195,21.0,0.0,13.0,-0.9942698602967169,true,1.1954227977681991e-5,0.92637380324221,3.0,(pow2((0.000226671519348513*v1))*(0.000291893119431718+sqrt_abs((log(v1)/((v1*(-5.0176969051097+v1))-v2))))),0.1537062347527678,1.9313909813709172e-11,0.9016475261687773,1.9313909813709172e-11,1.099511627785e12,2.8395486779628147e-6,(pow2((0.000227*v1))*(0.000292+sqrt_abs((log(v1)/((v1*(-5.02+v1))-v2)))))
1796.265897989273,0.23533355745924492,21.0,0.0,7.0,-0.991718960448597,true,2.082746456891407e-6,0.13128486998279698,3.0,(pow2(v1)*(7.50325805532081e-8+((-4.42559453424737e-8*v1)/((v1+(-0.0432702577257856/(v1+v1)))-v2)))),-0.9852876060880807,2.462965359803791e-13,0.08473949656006147,2.462965359803791e-13,117.0,2.543003845154042e-7,(pow2(v1)*(7.5e-8+((-4.43e-8*v1)/((v1+(-0.0433/(v1+v1)))-v2))))
1550.7316191196442,0.7216084437587152,21.0,0.0,523.0,-0.9919847495690249,true,2.0381254003523367e-6,0.4200731485727788,4.0,(pow3((0.00295896881220802*v1))*exp((-0.817574242795782/((v1+(-0.0536434051354318/(-4.32718948714465+v1)))-v2)))),-0.9863687876616539,2.281967435243625e-13,0.24214332280164538,2.281967435243625e-13,4097.0,2.827492810931851e-7,(pow3((0.00296*v1))*exp((-0.818/((v1+(-0.0536/(-4.33+v1)))-v2))))
1796.7739720344543,0.270300137313738,21.0,0.0,6.0,-0.991718960448597,true,1.99554821441609e-6,0.11112657067555108,3.0,pow2((exp(pow3((v1/v2)))*(0.000308567314094634*(v1+(0.00884882440281618/((1.19199293645534*v1)-v2)))))),-0.9863006169859259,2.2933797189194115e-13,0.0771884961186387,2.2933797189194115e-13,1.7976931348623157e308,2.4255551808096827e-7,pow2((exp(pow3((v1/v2)))*(0.000309*(v1+(0.00885/((1.19*v1)-v2))))))
1799.686863899231,0.9786643603934093,21.0,0.0,0.0,-0.984035071546714,true,2.0098034836365146e-6,0.5235730993891649,4.0,pow2((0.00011568519430024*(exp(((1.53273779253519*v1)-v2))+(((4.61641137207386*v1)-v2)--0.660139582661668)))),-0.9848986138063196,2.5280855925099454e-13,0.27800320280658913,2.5280855925099454e-13,5.49755813888e11,2.985336687220926e-7,pow2((0.000116*(exp(((1.53*v1)-v2))+(((4.62*v1)-v2)--0.66))))
1798.8006429672241,0.959097961063332,21.0,0.0,2.0,-0.991718960448597,true,1.9967055262994454e-6,0.21335441541460162,4.0,(pow2((0.000942825585430066*v1))*(0.0440089678897116+sqrt_abs((-0.0587008531475334/(((2.24906458036529*v1)-v2)-v2))))),-0.9855171562335,2.424536939528321e-13,0.16608233920758209,2.424536939528321e-13,2057.0,2.7715138618944783e-7,(pow2((0.000943*v1))*(0.044+sqrt_abs((-0.0587/(((2.25*v1)-v2)-v2)))))
1660.3257400989532,0.9998859924079195,21.0,0.0,291.0,-0.9945112122989571,true,1.3118925536547907e-5,0.9068625684939737,2.0,(pow2((0.000226671519348513*v1))*(0.000291893119431718+sqrt_abs((log(pow3(v1))/(((v1/v1)-v2)-v2))))),0.3291816966675072,2.2251500981937973e-11,0.8643591469382755,2.2251500981937973e-11,3.5681192317649e44,2.906779214104047e-6,(pow2((0.000227*v1))*(0.000292+sqrt_abs((log(pow3(v1))/(((v1/v1)-v2)-v2)))))
1799.752909898758,0.7119509007049317,21.0,0.0,0.0,-0.9922979570807584,true,2.0826723619427396e-6,0.40843755496814826,4.0,(pow3((0.00244843078499789*v1))*exp((0.616921652738026+(-0.747044610813543/((v1+(-0.000129798858831503/v1))-v2))))),-0.9836150421249583,2.7429651428363335e-13,0.2458057468558993,2.7429651428363335e-13,4097.0,3.1482339689074963e-7,(pow3((0.00245*v1))*exp((0.617+(-0.747/((v1+(-0.00013/v1))-v2)))))
1799.7913110256195,0.32546481512439945,21.0,0.0,0.0,-0.9833362012006953,true,2.0408864021510614e-6,0.13084994318265936,3.0,(pow3(sqrt_abs((v2*(-0.174857028018188+v1))))/(((v1+(-0.000124245962831929/pow3(v1)))-v2)/-4.7115745596938e-8)),-0.985271874704394,2.4655989117134325e-13,0.09395505671594999,2.4655989117134325e-13,3.4028236692093846e39,2.5599445064154694e-7,(pow3(sqrt_abs((v2*(-0.175+v1))))/(((v1+(-0.000124/pow3(v1)))-v2)/-4.71e-8))
1705.7703840732574,0.28200507832411337,21.0,0.0,195.0,-0.991718960448597,true,2.0147638938260544e-6,0.11582324461466457,3.0,pow2((exp(pow3((v1/v2)))*(0.00031030877037976*(v1+(0.152933562757053/(v1*(-5.12666960678348+v1))))))),-0.986462148189942,2.2663381808528495e-13,0.08123066419248602,2.2663381808528495e-13,1.7976931348623157e308,2.4125058798973034e-7,pow2((exp(pow3((v1/v2)))*(0.00031*(v1+(0.153/(v1*(-5.13+v1)))))))
1799.8794350624084,3.710050653591588,21.0,0.0,0.0,-0.9594441285007941,true,2.4470855852167332e-6,0.9956718611387343,4.0,(pow2((0.00104201179332184*v1))*(-0.81986010642045+sqrt_abs(((2.21854666569678+(v1+v1))/(4.26802873516355+v2))))),-0.9743645874910721,4.291560800490663e-13,0.735367543512009,4.291560800490663e-13,524297.0,4.811366377797467e-7,(pow2((0.00104*v1))*(-0.82+sqrt_abs(((2.22+(v1+v1))/(4.27+v2)))))
1799.8826150894165,0.24516389753927245,21.0,0.0,0.0,-0.991718960448597,true,2.0376384370592662e-6,0.13102241627009084,2.0,pow2((exp(pow3((v1/v2)))*(0.000295507491908582*(v1+(v1*(v2*pow3((0.0326291389534584*v1)))))))),-0.9853601154848721,2.450826741600205e-13,0.09023108002977485,2.450826741600205e-13,1.7976931348623157e308,2.605367535374081e-7,pow2((exp(pow3((v1/v2)))*(0.000296*(v1+(v1*(v2*pow3((0.0326*v1))))))))
1799.9183399677277,0.2591438826407467,21.0,0.0,0.0,-0.991718960448597,true,2.047151399554705e-6,0.10371935926081728,3.0,pow2((v1*(0.000297712026495303+((-5.71019345911516e-5*v1)/((v1+((0.971662596950889*v2)-v2))-v2))))),-0.9853510615820439,2.452342433007766e-13,0.075907555134973,2.452342433007766e-13,5.764607523034235e17,2.519319351588405e-7,pow2((v1*(0.000298+((-5.71e-5*v1)/((v1+((0.972*v2)-v2))-v2)))))
1799.9689860343933,0.9183986397903755,21.0,0.0,0.0,-0.9893101215842574,true,2.0223521200050003e-6,0.3333830151334845,4.0,(pow2((0.000448704238895021*(-0.760507657284465+v1)))/(-1.26840690149249+sqrt_abs((v2+(v1*(-0.112622920732875*v1)))))),-0.9853754974891266,2.4482516784344233e-13,0.2377945794363461,2.4482516784344233e-13,8209.0,2.848382631992281e-7,(pow2((0.000449*(-0.761+v1)))/(-1.27+sqrt_abs((v2+(v1*(-0.113*v1))))))
1799.5366840362549,0.6885017722340974,21.0,0.0,1.0,-0.9911411103854544,true,2.0685183331666504e-6,0.3351373114398116,3.0,pow2((exp(pow3((v1/v2)))*(0.00033560865885278*(v1+(-0.44642889447052+(-0.00543523419638823/pow2(pow2(v1)))))))),-0.984504963021517,2.593985693651384e-13,0.2398145515148871,2.593985693651384e-13,1.7976931348623157e308,2.974760058465857e-7,pow2((exp(pow3((v1/v2)))*(0.000336*(v1+(-0.446+(-0.00544/pow2(pow2(v1))))))))
1800.0547709465027,2.2380223197579783,21.0,0.0,0.0,-0.9914059403387754,true,2.178756858138025e-6,0.859729961368503,3.0,(pow2((0.000948855005884727*(v1+(0.0110228573931034*exp(v1)))))/(0.862354573074816+sqrt_abs((v2+(v2*v1))))),-0.9691094609519135,5.171308495177328e-13,0.5879620965978087,5.171308495177328e-13,33025.0,5.480424327057733e-7,(pow2((0.000949*(v1+(0.011*exp(v1)))))/(0.862+sqrt_abs((v2+(v2*v1)))))
1800.0930309295654,0.4817617335350358,21.0,0.0,0.0,-0.991718960448597,true,2.0475287993915607e-6,0.1606325326639007,3.0,pow2((0.000254309423827529*(v1+(v1*((v2*(-0.168319989962599+(-0.0999549695294622/v1)))/(v1-v2)))))),-0.9853941967192359,2.445121286719112e-13,0.11190456236784364,2.445121286719112e-13,3.022314549036573e23,2.586853426285936e-7,pow2((0.000254*(v1+(v1*((v2*(-0.168+(-0.1/v1)))/(v1-v2))))))
1799.1736929416656,1.2844736257677998,22.0,0.0,1.0,-0.9731261572157007,true,2.658178699879034e-6,0.3978639181990592,3.0,(pow3((0.00546241309384603*v1))/sqrt_abs((((-1.52250648066761*v1)/((v1+(0.881165973603504*v1))-v2))-v2))),-0.9691003123879925,5.172840033563546e-13,0.28606249806815937,5.172840033563546e-13,1.34217729e8,4.788736792572184e-7,(pow3((0.00546*v1))/sqrt_abs((((-1.52*v1)/((v1+(0.881*v1))-v2))-v2)))
1561.644572019577,0.2798982831951961,22.0,0.0,500.0,-0.991718960448597,true,2.0404513195806414e-6,0.13675837933379015,4.0,(pow2(v1)*(6.95088678463447e-8+((-4.71403211176103e-8*v1)/((v1+(-0.0432919419928698/(-4.68852033892824+v1)))-v2)))),-0.9867104178279864,2.2247759767645878e-13,0.09406998315937166,2.2247759767645878e-13,105.0,2.4495607459901486e-7,(pow2(v1)*(6.95e-8+((-4.71e-8*v1)/((v1+(-0.0433/(-4.69+v1)))-v2))))
1781.613088130951,0.9998859924079195,22.0,0.0,37.0,-0.9944149617532625,true,1.2567908582832979e-5,0.8656091580959506,2.0,(pow2((0.000226671519348513*v1))*(0.000291893119431718+sqrt_abs((v1*(log(v1)/(v2+(v1*(v1/v2)))))))),0.20156999595806568,2.0115185163895812e-11,0.8325995645669453,2.0115185163895812e-11,1.298074214633707e33,2.7577641503560574e-6,(pow2((0.000227*v1))*(0.000292+sqrt_abs((v1*(log(v1)/(v2+(v1*(v1/v2))))))))
1672.513417005539,0.9998859924079195,22.0,0.0,265.0,-0.9944875849958708,true,1.2471524789354925e-5,0.856189740959273,3.0,(pow2((0.000226671519348513*v1))*(0.000291893119431718+sqrt_abs((log(pow3(v1))/(((1.42483954885149*v1)-v2)-v2))))),0.17482614608646796,1.966747300898828e-11,0.8245800011197892,1.966747300898828e-11,8.307674973655724e34,2.725039970931869e-6,(pow2((0.000227*v1))*(0.000292+sqrt_abs((log(pow3(v1))/(((1.42*v1)-v2)-v2)))))
1643.989963054657,0.9998859924079195,22.0,0.0,325.0,-0.9936905584669793,true,9.336669812735694e-6,0.6529347328530126,2.0,(pow2((0.000226671519348513*v1))*(0.000291893119431718+sqrt_abs((log(pow3(v1))/((v1+(log(v1)/v2))-v2))))),-0.42561994035340756,9.615554061025299e-12,0.6504882692412388,9.615554061025299e-12,6.582018229284824e63,1.8978913383888485e-6,(pow2((0.000227*v1))*(0.000292+sqrt_abs((log(pow3(v1))/((v1+(log(v1)/v2))-v2)))))
1380.4968149662018,1.2545344866119572,22.0,0.0,886.0,-0.9922977348105848,true,2.0205443334335633e-6,0.2180342534868905,3.0,(pow3((0.00713115372543231*v1))*(exp((-1.13829217085265/(v2*((1.12885668583178*v1)-v2))))/(v2+v1))),-0.9855263797701351,2.4229928501460386e-13,0.20935086097458921,2.4229928501460386e-13,131081.0,2.8259502176030466e-7,(pow3((0.00713*v1))*(exp((-1.14/(v2*((1.13*v1)-v2))))/(v2+v1)))
1561.644572019577,0.2798982831951961,22.0,0.0,500.0,-0.991718960448597,true,2.0404513195806414e-6,0.13675837933379015,4.0,(pow2(v1)*(6.95088678463447e-8+((-4.71403211176103e-8*v1)/((v1+(-0.0432919419928698/(-4.68852033892824+v1)))-v2)))),-0.9867104178279864,2.2247759767645878e-13,0.09406998315937166,2.2247759767645878e-13,105.0,2.4495607459901486e-7,(pow2(v1)*(6.95e-8+((-4.71e-8*v1)/((v1+(-0.0433/(-4.69+v1)))-v2))))
1799.805176973343,0.9987467855854003,22.0,0.0,0.0,-0.9309969008784855,true,4.302575199607287e-6,0.9828175416908775,3.0,pow2((exp(pow3(((-1.19533386900299*v1)/v2)))*(8.05036359266181e-6*(v1+pow2((v1*(-0.0128332180320787+v1))))))),-0.8557623524252588,2.414646669216534e-12,0.6331240000588846,2.414646669216534e-12,1.7976931348623157e308,1.0267438710295278e-6,pow2((exp(pow3(((-1.2*v1)/v2)))*(8.05e-6*(v1+pow2((v1*(-0.0128+v1)))))))
1672.513417005539,0.9998859924079195,22.0,0.0,265.0,-0.9944875849958708,true,1.2471524789354925e-5,0.856189740959273,3.0,(pow2((0.000226671519348513*v1))*(0.000291893119431718+sqrt_abs((log(pow3(v1))/(((1.42483954885149*v1)-v2)-v2))))),0.17482614608646796,1.966747300898828e-11,0.8245800011197892,1.966747300898828e-11,8.307674973655724e34,2.725039970931869e-6,(pow2((0.000227*v1))*(0.000292+sqrt_abs((log(pow3(v1))/(((1.42*v1)-v2)-v2)))))
1792.5500349998474,0.9998859924079195,22.0,0.0,15.0,-0.9944872206550367,true,1.2305201764421048e-5,0.8552174961689468,2.0,(pow2((0.000226671519348513*v1))*(0.000291893119431718+sqrt_abs(((v1*log(v1))/(v2+((v2+v1)/v1)))))),0.1485875238068357,1.922821874383872e-11,0.8353280819075048,1.922821874383872e-11,1.0141204801825835e31,2.714162273026988e-6,(pow2((0.000227*v1))*(0.000292+sqrt_abs(((v1*log(v1))/(v2+((v2+v1)/v1))))))
1751.5793690681458,0.4426639946211198,22.0,0.0,100.0,-0.9912371926757291,true,2.0156047095162613e-6,0.12589867818588052,4.0,pow2(((0.538238816950559+pow2(pow3((v1/(v2+(0.0552218079358541/(-4.60084064957875+v1)))))))*(0.000635097289644616*v1))),-0.9867107028578722,2.2247282606186221e-13,0.10153582365265904,2.2247282606186221e-13,1.7976931348623157e308,2.483938682770772e-7,pow2(((0.538+pow2(pow3((v1/(v2+(0.0552/(-4.6+v1)))))))*(0.000635*v1)))
1799.4059429168701,1.0230308389930454,22.0,1.0,1.0,-0.991718960448597,true,3.4636542034395563e-6,0.507628112991672,3.0,(pow3(v1)/(v1+((v2+(-0.671616699180131/(v2+(v1*exp((-15.6637152927093/v1))))))/3.46933166806112e-7))),-0.9456061713929441,9.105935882925686e-13,0.32706999016663163,9.105935882925686e-13,101.0,6.583455490837852e-7,(pow3(v1)/(v1+((v2+(-0.672/(v2+(v1*exp((-15.7/v1))))))/3.47e-7)))
1738.0760741233826,0.35253349162985437,22.0,0.0,128.0,-0.991718960448597,true,2.016740174831893e-6,0.10794775588491956,4.0,(pow2((-0.000776830479635859*v1))*(0.181359082198132+pow2(pow3((v1/(v2+(0.0360561068651537/(-4.80682493708367+v1)))))))),-0.9867039680920219,2.2258557110590652e-13,0.08668866011001988,2.2258557110590652e-13,1.7976931348623157e308,2.446098128330941e-7,(pow2((-0.000777*v1))*(0.181+pow2(pow3((v1/(v2+(0.0361/(-4.81+v1))))))))
1798.5049879550934,6.58851269777632,22.0,0.0,3.0,-0.9294745641940627,true,2.1428503847480883e-6,1.8921519519130419,5.0,(1.75306913251816e-5*(0.02868058643586+(pow2(pow3((v1/(v2+(-0.0211804973979498/(-5.96226733191431+v1))))))/0.968639762002687))),-0.9578105516087171,7.062830873008083e-13,1.2967893289502472,7.062830873008083e-13,1.7976931348623157e308,6.527859148158874e-7,(1.75e-5*(0.0287+(pow2(pow3((v1/(v2+(-0.0212/(-5.96+v1))))))/0.969)))
1786.7069039344788,0.9998859924079195,22.0,0.0,27.0,-0.9947043781715608,true,1.2828692099294118e-5,0.8841456516931647,3.0,(pow2((0.000226671519348513*v1))*(0.000291893119431718+(sqrt_abs((log(v1)/(v2+pow3((v1/v2)))))/0.605800338519481))),0.2539389923708455,2.0991881538833613e-11,0.829528768949989,2.0991881538833613e-11,1.393796574908164e42,2.801107476932711e-6,(pow2((0.000227*v1))*(0.000292+(sqrt_abs((log(v1)/(v2+pow3((v1/v2)))))/0.606)))
1799.9337599277496,0.24917792923436716,22.0,0.0,0.0,-0.9912371926757291,true,2.013735211681016e-6,0.0895768120746482,4.0,pow2((v1*(0.000298653471987073+((-4.91933976980208e-5*v1)/((v1+(-0.0491423295876661/(-4.34643319797585+v1)))-v2))))),-0.9867788559745768,2.2133189164554042e-13,0.07604994555341216,2.2133189164554042e-13,9.007199254740992e15,2.4262478150115654e-7,pow2((v1*(0.000299+((-4.92e-5*v1)/((v1+(-0.0491/(-4.35+v1)))-v2)))))
1752.6463611125946,0.8303976796266661,22.0,0.0,98.0,-0.9919840476950156,true,2.0207885719051482e-6,0.35263464833137087,4.0,(pow3((0.0151411024759784*(v1+v1)))/((v2+(-0.67356670528893/(v2+(-1.12859522222077*v1))))/0.00833449465386946)),-0.9857418536540639,2.3869209018801065e-13,0.2075773465477068,2.3869209018801065e-13,289.0,2.7766090355802785e-7,(pow3((0.0151*(v1+v1)))/((v2+(-0.674/(v2+(-1.13*v1))))/0.00833))
1782.8136630058289,0.6898240703311115,22.0,0.0,35.0,-0.9927796317359114,true,2.066729911405743e-6,0.3371612909932721,4.0,pow2((exp(pow3((v1/v2)))*(0.000335696766911677*(v1+(-0.446546905322594+(-0.0054648481654684/(-0.175170594756608+v1))))))),-0.9844979739696339,2.595155713485614e-13,0.24055510296028315,2.595155713485614e-13,1.7976931348623157e308,2.9778517304128484e-7,pow2((exp(pow3((v1/v2)))*(0.000336*(v1+(-0.447+(-0.00546/(-0.175+v1)))))))
1302.2927811145782,0.4666624601986994,22.0,0.0,1052.0,-0.991718960448597,true,2.0083823117607914e-6,0.13645611500310653,4.0,(pow2((0.000503642358263894*(v1+(0.0064192777649732*exp(v1)))))/(0.864424165303516+sqrt_abs((v2+(-1.23791131677453*v1))))),-0.9866427779287995,2.2360994044565873e-13,0.09762394511829785,2.2360994044565873e-13,8449.0,2.4959167425496807e-7,(pow2((0.000504*(v1+(0.00642*exp(v1)))))/(0.864+sqrt_abs((v2+(-1.24*v1)))))
1800.0253069400787,0.9744151201213206,22.0,0.0,0.0,-0.991718960448597,true,2.3513088945295397e-6,0.6004208824366675,4.0,(v2*((5.63205827278988e-6*exp((-7.79035171259023/v1)))/(v2+((-0.51811678856433*v1)+(-0.498551246920435*v1))))),-0.9812820577257112,3.1335242724184425e-13,0.36550040406993,3.1335242724184425e-13,147.0,3.655543902175173e-7,(v2*((5.63e-6*exp((-7.79/v1)))/(v2+((-0.518*v1)+(-0.499*v1)))))
1800.0978639125824,0.7754497833717737,22.0,0.0,0.0,-0.991718960448597,true,2.0681022141945037e-6,0.45646022069043896,3.0,(pow3((0.00385636061820094*(v1+(-0.00231448956237088/((v1*(-1.33736312001159+v1))-v2)))))/sqrt_abs((v1-v2))),-0.9834432981122556,2.771716381864662e-13,0.25930377275656685,2.771716381864662e-13,131073.0,3.164037655233891e-7,(pow3((0.00386*(v1+(-0.00231/((v1*(-1.34+v1))-v2)))))/sqrt_abs((v1-v2)))
1798.6701219081879,0.32137240403817613,23.0,0.0,2.0,-0.991718960448597,true,2.3039634248943683e-6,0.12716453229337876,3.0,pow2((exp(pow3((v1/v2)))*(0.000307314719613463*(v1+(0.0349799694887231/(v1+((-0.413578325887998*v1)/v1))))))),-0.9839710107693369,2.683373315324795e-13,0.09040213062720091,2.683373315324795e-13,1.7976931348623157e308,2.660123719943539e-7,pow2((exp(pow3((v1/v2)))*(0.000307*(v1+(0.035/(v1+((-0.414*v1)/v1)))))))
379.2317519187927,1.003513271844225,23.0,0.0,2959.0,-0.9939076827486909,true,3.912155885772248e-6,0.9979573398405798,1.0,(((v1*(-2.92770494568914e-10*v1))/(v1-v2))*((v1*((v1+pow3(v1))-v2))-sqrt_abs(pow3(v1)))),-0.8404016464481392,2.6717964366186027e-12,0.7572512633248378,2.6717964366186027e-12,958.0,1.2783799711022434e-6,(((v1*(-2.93e-10*v1))/(v1-v2))*((v1*((v1+pow3(v1))-v2))-sqrt_abs(pow3(v1))))
1799.1551949977875,0.249054824578282,23.0,0.0,1.0,-0.9912371926757291,true,2.0133314321765263e-6,0.08962416988261873,4.0,(pow2(v1)*pow2((0.000298639616608782+((-4.91892590167096e-5*v1)/((v1+(-0.0490128766895285/(-4.34511025158447+v1)))-v2))))),-0.9867783374847126,2.2134057155570687e-13,0.07606252589747023,2.2134057155570687e-13,2.68435457e8,2.4266915414499313e-7,(pow2(v1)*pow2((0.000299+((-4.92e-5*v1)/((v1+(-0.049/(-4.35+v1)))-v2)))))
1799.7087581157684,1.2859406354464962,23.0,0.0,0.0,-0.9783284948545135,true,2.1187352119528185e-6,0.6444874365453644,5.0,(pow2(pow2((0.0101900500032515*(-0.148069231364077+v1))))/(-1.61092536588732+sqrt_abs(((-0.41293283323343/(38.8497639210433-v2))-v2)))),-0.9813963830688638,3.114385350389953e-13,0.38711820841493577,3.114385350389953e-13,4.259841e6,3.724475614039643e-7,(pow2(pow2((0.0102*(-0.148+v1))))/(-1.61+sqrt_abs(((-0.413/(38.8-v2))-v2))))
1691.9202919006348,0.38572815382761877,23.0,0.0,224.0,-0.9912371926757291,true,2.017433390253492e-6,0.11898598883229347,4.0,pow2((exp(((-0.100392914005574*v1)/((v1+(-0.0163173029208346/(-4.08622537119846+v1)))-v2)))*(0.000322144794913417*v1))),-0.9867537682610141,2.2175187883342732e-13,0.088124581350988,2.2175187883342732e-13,1.7976931348623157e308,2.462602785889202e-7,pow2((exp(((-0.1*v1)/((v1+(-0.0163/(-4.09+v1)))-v2)))*(0.000322*v1)))
1799.255840063095,2.719766551455912,23.0,0.0,1.0,-0.983625261864416,true,2.026356367948769e-6,0.6314556229218223,4.0,(v1*(1.27346546304102e-7+((-2.5761840654393e-7*v1)/((v1+(0.00534349726830961/((1.17113772807102*v1)-v2)))-v2)))),-0.98270238488848,2.8957508262728667e-13,0.44978079408853433,2.8957508262728667e-13,65.0,3.545814800106288e-7,(v1*(1.27e-7+((-2.58e-7*v1)/((v1+(0.00534/((1.17*v1)-v2)))-v2))))
1791.492341041565,0.9998859924079195,23.0,0.0,17.0,-0.994414844933198,true,1.1955643391232252e-5,0.8210069741086006,3.0,(pow2((0.000226671519348513*v1))*(0.000291893119431718+sqrt_abs((v1*(log(v1)/(v2+(v1*(-0.414076854359512/v2)))))))),0.06405790451280269,1.7813129361070513e-11,0.7966832469149712,1.7813129361070513e-11,3.022314549036573e23,2.5892158531843177e-6,(pow2((0.000227*v1))*(0.000292+sqrt_abs((v1*(log(v1)/(v2+(v1*(-0.414/v2))))))))
1793.4903540611267,0.3075903066046879,23.0,0.0,13.0,-0.991718960448597,true,2.1378834972870112e-6,0.1468815807874432,4.0,(pow2(v1)*(6.68825577970556e-8+((-4.5200614990881e-8*v1)/((v1+(-9.36251097169416e-5/pow3((-4.08622862674473+v1))))-v2)))),-0.9858268018420645,2.3726999365038154e-13,0.10633969805189862,2.3726999365038154e-13,165.0,2.614650234254803e-7,(pow2(v1)*(6.69e-8+((-4.52e-8*v1)/((v1+(-9.36e-5/pow3((-4.09+v1))))-v2))))
1768.741926908493,0.9368188847230261,23.0,0.0,64.0,-0.9922016221497278,true,2.0409561087044977e-6,0.4313490456835673,4.0,pow2((exp(pow2(pow3((v1/(v2+(0.0296233874533668/(-4.10722893217585+v1)))))))*(0.000455731663294615*(-0.803146462021922+v1)))),-0.9861895341800825,2.3119758158224623e-13,0.2994777570620147,2.3119758158224623e-13,1.7976931348623157e308,2.8599688325833776e-7,pow2((exp(pow2(pow3((v1/(v2+(0.0296/(-4.11+v1)))))))*(0.000456*(-0.803+v1))))
1799.873980998993,2.7533746549309592,23.0,0.0,0.0,-0.993617938712057,true,7.789737745215778e-6,1.8978926458273178,3.0,((v2+pow3(v1))*((1.96214882965284e-6*(0.000291893119431718+sqrt_abs((log(v1)/(-0.803146462021922+v2)))))/(v2+v1))),-0.1629598349101139,1.4012681713957006e-11,1.3760241886372528,1.4012681713957006e-11,196663.0,2.9973887600578276e-6,((v2+pow3(v1))*((1.96e-6*(0.000292+sqrt_abs((log(v1)/(-0.803+v2)))))/(v2+v1)))
1799.8898930549622,0.8680119451599261,23.0,1.0,0.0,-0.991718960448597,true,3.447526411952175e-6,0.4731787387287127,2.0,(pow3(v1)/(v1+((v2+(-0.671533791868118/(v2+(v1*exp(((v1/v2)/v1))))))/3.49562129021236e-7))),-0.9461419608534872,9.016240698758776e-13,0.31351539037583975,9.016240698758776e-13,16421.0,6.52818286378008e-7,(pow3(v1)/(v1+((v2+(-0.672/(v2+(v1*exp(((v1/v2)/v1))))))/3.5e-7)))
977.1443541049957,0.7006028252324639,23.0,0.0,1739.0,-0.991718960448597,true,2.028453379236543e-6,0.13587623231156334,4.0,(pow2((0.000536411124525429*(v1+pow2((0.00320994277697737*exp(v1))))))/(0.763875013875437+sqrt_abs((v2+(-1.22859268192354*v1))))),-0.9867780925154592,2.213446725251946e-13,0.11994975220289814,2.213446725251946e-13,1.133871366145e12,2.43407084301064e-7,(pow2((0.000536*(v1+pow2((0.00321*exp(v1))))))/(0.764+sqrt_abs((v2+(-1.23*v1)))))
911.7650380134583,0.6451480486643799,23.0,0.0,1872.0,-0.9929483141524352,true,2.048302968916969e-6,0.24210484586422462,5.0,(v2*((2.74068944684224e-6*exp((-4.16222641136038/v1)))/(v2+((-1.2093378629742*v1)+(1.01248375849874*1.02517332545607))))),-0.9854538096489546,2.4351416340689345e-13,0.1926946890746626,2.4351416340689345e-13,129.0,2.7407500744057913e-7,(v2*((2.74e-6*exp((-4.16/v1)))/(v2+((-1.21*v1)+(1.01*1.03)))))
1800.0064299106598,0.6409669536748588,23.0,0.0,0.0,-0.990659365897078,true,2.0503563630019796e-6,0.35908284465891205,4.0,(pow2((0.000271183011700568*(v1+pow2((0.00363767007607951*exp(v1))))))/(-2.67325040294318+sqrt_abs((v2+(14.4948358280003/v1))))),-0.9853151991564979,2.4583460726851223e-13,0.22124068428221322,2.4583460726851223e-13,1.133871366145e12,2.823067987793203e-7,(pow2((0.000271*(v1+pow2((0.00364*exp(v1))))))/(-2.67+sqrt_abs((v2+(14.5/v1)))))
1800.0960810184479,0.3366658750645292,23.0,0.0,0.0,-0.991718960448597,true,2.0079766116751285e-6,0.1279780589053611,3.0,pow2((0.000271697044690703*(v1+(v1*((v2*(-0.16610068871324+((0.0578642778697214/v1)/v1)))/(v1-v2)))))),-0.9852350340219121,2.471766318957118e-13,0.08497393204777598,2.471766318957118e-13,5.575186299632656e42,2.5829940993541586e-7,pow2((0.000272*(v1+(v1*((v2*(-0.166+((0.0579/v1)/v1)))/(v1-v2))))))
1607.4681041240692,0.6360754642177013,24.0,0.0,402.0,-0.9919358720819955,true,2.020541052454942e-6,0.2941004322115313,4.0,pow2((exp(pow3((v1/v2)))*(0.000338127759927623*(v1+(-0.415784270512111+(-0.0183676739116501/((1.21666186393998*v1)-v2))))))),-0.9863867825554451,2.278954954723712e-13,0.21175103384167582,2.278954954723712e-13,1.7976931348623157e308,2.739775163428848e-7,pow2((exp(pow3((v1/v2)))*(0.000338*(v1+(-0.416+(-0.0184/((1.22*v1)-v2)))))))
1707.56161403656,0.29168634246556535,24.0,0.0,191.0,-0.991718960448597,true,2.008564582806001e-6,0.13462143458192943,4.0,(pow2(v1)*(6.81526393241172e-8+((-4.75452283335896e-8*v1)/((v1+(-0.0122412404532438/((1.21755008729309*v1)-v2)))-v2)))),-0.9867391480063272,2.219966328895039e-13,0.09697522312345623,2.219966328895039e-13,129.0,2.4456118365664447e-7,(pow2(v1)*(6.82e-8+((-4.75e-8*v1)/((v1+(-0.0122/((1.22*v1)-v2)))-v2))))
1795.9563360214233,0.9811325894055433,24.0,0.0,8.0,-0.9912371926757291,true,2.0108377398970258e-6,0.32454365289330417,4.0,(pow2(v1)*(1.13923628503776e-7+(-8.05074787006165e-8/((v1+(v1*(-0.108148714887356/((-0.0038350870648714+v1)-v2))))-v2)))),-0.9849646185583856,2.517035900740255e-13,0.21646770621265737,2.517035900740255e-13,77.0,2.982489302738252e-7,(pow2(v1)*(1.14e-7+(-8.05e-8/((v1+(v1*(-0.108/((-0.00384+v1)-v2))))-v2))))
1728.8906319141388,0.2896430968690353,24.0,0.0,147.0,-0.991718960448597,true,2.0160522229281835e-6,0.13181424082921586,4.0,(pow2(v1)*(6.83820525685537e-8+((-4.75190983228534e-8*v1)/((v1+(-0.0118844902261706/((1.21667888191456*v1)-v2)))-v2)))),-0.9867545869237799,2.2173817380319524e-13,0.09634578386270654,2.2173817380319524e-13,129.0,2.4402404690961994e-7,(pow2(v1)*(6.84e-8+((-4.75e-8*v1)/((v1+(-0.0119/((1.22*v1)-v2)))-v2))))
1799.7539720535278,0.32542920175615125,24.0,0.0,0.0,-0.9833362012006953,true,2.041274328461143e-6,0.1308336396185897,4.0,(pow3(sqrt_abs((v2*(-0.174852691763296+v1))))/(((v1+(-0.000114904447790141/pow3((2.18145390565288*v1))))-v2)/-4.71141784526506e-8)),-0.9852715155785866,2.465659032073773e-13,0.09394960112139375,2.465659032073773e-13,4.7639531368931385e39,2.5600549971771273e-7,(pow3(sqrt_abs((v2*(-0.175+v1))))/(((v1+(-0.000115/pow3((2.18*v1))))-v2)/-4.71e-8))
1799.7672839164734,0.2655833005290567,24.0,0.0,0.0,-0.991718960448597,true,2.095474572813106e-6,0.12597643898872485,4.0,(pow2(v1)*(7.10860606758667e-8+((v1*(-4.19917171493996e-6/(87.9398158096779+v1)))/((v1+(-1.82508344309936e-5*v1))-v2)))),-0.9852068330599347,2.4764873720283914e-13,0.09159334052312655,2.4764873720283914e-13,261.0,2.570914195658042e-7,(pow2(v1)*(7.11e-8+((v1*(-4.2e-6/(87.9+v1)))/((v1+(-1.83e-5*v1))-v2))))
1519.4213500022888,1.5315288644376783,24.0,0.0,589.0,-0.9936904273999746,true,3.9629379261298835e-6,0.9944946318553195,2.0,((v2+pow3(v1))*((1.96214882965284e-6*(0.000291893119431718+sqrt_abs((log(v1)/(v2+(v1+v1))))))/(v2+v1))),-0.8982627500120992,1.7031580585868768e-12,0.6937432959398367,1.7031580585868768e-12,8.05306423e8,9.949441242133542e-7,((v2+pow3(v1))*((1.96e-6*(0.000292+sqrt_abs((log(v1)/(v2+(v1+v1))))))/(v2+v1)))
1720.716460943222,0.27828944197755284,24.0,0.0,164.0,-0.991718960448597,true,2.0245888053722888e-6,0.0991469085002754,4.0,pow2((v1*(0.000302573684365689+((-4.87950371337096e-5*v1)/((v1+(-0.0125390112836336/((1.2270654118766*v1)-v2)))-v2))))),-0.9868739334729094,2.1974022283697034e-13,0.07509856641861458,2.1974022283697034e-13,3.6893488147419103e19,2.379548637661926e-7,pow2((v1*(0.000303+((-4.88e-5*v1)/((v1+(-0.0125/((1.23*v1)-v2)))-v2)))))
1029.958862066269,0.7201574994268832,24.0,0.0,1627.0,-0.9927796317359114,true,2.004585293314308e-6,0.19688034302895968,4.0,((-2.77025868018346e-6*v2)*(pow2(exp((-2.3443647101443/v1)))/((v1*sqrt_abs((-0.672581817576573+(-0.060404066411995*v2))))-v2))),-0.9858085657577441,2.375752794131787e-13,0.2092511365014709,2.375752794131787e-13,26884.0,2.702957720789163e-7,((-2.77e-6*v2)*(pow2(exp((-2.34/v1)))/((v1*sqrt_abs((-0.673+(-0.0604*v2))))-v2)))
1514.3640229701996,2.1099202118836096,24.0,0.0,600.0,-0.9943906452968874,true,5.76417424665573e-6,1.609328080308002,2.0,((v2+pow3(v1))*((1.96214882965284e-6*(0.000291893119431718+sqrt_abs((log(v1)/(v2+(v1/v2))))))/(v2+v1))),-0.5381304825510989,7.73204299066743e-12,1.1400172970646298,7.73204299066743e-12,1.2884901943e10,2.2460205344846146e-6,((v2+pow3(v1))*((1.96e-6*(0.000292+sqrt_abs((log(v1)/(v2+(v1/v2))))))/(v2+v1)))
1501.1245839595795,1.9679732201955127,24.0,0.0,629.0,-0.9942215632283904,true,5.620017526969497e-6,1.5216506351785284,2.0,((v2+pow3(v1))*((1.96214882965284e-6*(0.000291893119431718+sqrt_abs((log(v1)/(v2+(v1/v1))))))/(v2+v1))),-0.5733719578514349,7.142074196922799e-12,1.0916914657844063,7.142074196922799e-12,1.2884901943e10,2.151083578527694e-6,((v2+pow3(v1))*((1.96e-6*(0.000292+sqrt_abs((log(v1)/(v2+(v1/v1))))))/(v2+v1)))
295.86104106903076,0.991767077351581,24.0,0.0,3136.0,-0.993617938712057,true,2.378133302336002e-6,0.7002834646105875,4.0,((-9.87152649304268e-6*v2)*(pow2(exp((-4.55882638323984/v1)))/((log(v1)*(1.4856189517153+(v1*0.28564950726891)))-v2))),-0.9809236989904728,3.1935162191104105e-13,0.38989097781578946,3.1935162191104105e-13,14596.0,3.7100155504236854e-7,((-9.87e-6*v2)*(pow2(exp((-4.56/v1)))/((log(v1)*(1.49+(v1*0.286)))-v2)))
1799.875118970871,0.8549698224773401,24.0,0.0,0.0,-0.991718960448597,true,2.385868833516366e-6,0.3677270223693865,3.0,pow2((exp(pow2(pow3((v1/(v2+(0.0101996135039452/(-4.11648616528646+v1)))))))*(0.000129267514007549*(v1+(v1+v1))))),-0.9822752227268408,2.9672609838607653e-13,0.2394486884503593,2.9672609838607653e-13,1.7976931348623157e308,3.4550605881662073e-7,pow2((exp(pow2(pow3((v1/(v2+(0.0102/(-4.12+v1)))))))*(0.000129*(v1+(v1+v1)))))
1799.9016830921173,0.3588528714864489,24.0,0.0,0.0,-0.991718960448597,true,2.01196463985165e-6,0.12063914044759477,4.0,pow2((v1*(0.898727123024302*(0.000350267324542786+((-9.53687869443676e-5*v1)/((v1+((0.0928781528019277+v1)-v2))-v2)))))),-0.9853159895918394,2.458213747865847e-13,0.08473912843817363,2.458213747865847e-13,2.305843009213694e18,2.563422972744445e-7,pow2((v1*(0.899*(0.00035+((-9.54e-5*v1)/((v1+((0.0929+v1)-v2))-v2))))))
1799.9070761203766,0.3765267851394722,24.0,0.0,0.0,-0.991718960448597,true,2.018164389439876e-6,0.19476782105810655,4.0,pow2((exp(pow2((v1/(v2+(-0.072177477357777/(-5.60976772161911+v1))))))*(0.000270103207533865*(v1+(-0.0583655168383048/v1))))),-0.9859444867709135,2.3529985945698346e-13,0.1166085849584549,2.3529985945698346e-13,1.7976931348623157e308,2.5227516111243304e-7,pow2((exp(pow2((v1/(v2+(-0.0722/(-5.61+v1))))))*(0.00027*(v1+(-0.0584/v1)))))
1799.9645810127258,0.6913164822188128,24.0,0.0,0.0,-0.9804386006731685,true,1.9965715163383093e-6,0.2556635735029267,4.0,((-2.85817419035736e-6*v2)*(pow2(exp((-2.12700291316626/v1)))/((log(v1)*(1.25755214806338+(0.367167850126694*v1)))-v2))),-0.9856137572532295,2.408365202505782e-13,0.20311356554970664,2.408365202505782e-13,14596.0,2.737677412462418e-7,((-2.86e-6*v2)*(pow2(exp((-2.13/v1)))/((log(v1)*(1.26+(0.367*v1)))-v2)))
1561.3949151039124,0.9998859924079195,24.0,0.0,501.0,-0.9945836359382294,true,1.3372459625403354e-5,0.9267069835868559,3.0,(pow2((0.000226671519348513*v1))*(0.000291893119431718+sqrt_abs((log(v1)/(v2+(0.159649942158286/((v2-pow3(v1))-v2))))))),0.3976880070539046,2.3398348126052077e-11,0.8941189919687105,2.3398348126052077e-11,2.81474976710665e14,2.9993895486877325e-6,(pow2((0.000227*v1))*(0.000292+sqrt_abs((log(v1)/(v2+(0.16/((v2-pow3(v1))-v2)))))))
1592.4372780323029,0.6360835640625381,24.0,0.0,435.0,-0.9921045993622071,true,2.020542072739788e-6,0.29410500330494654,4.0,pow2((exp(pow3((v1/v2)))*(0.000338128230376565*(v1+(-0.415791701186453+(-0.0183679987681111/((1.21666235386604*v1)-v2))))))),-0.9863867758796262,2.2789560723059965e-13,0.2117539758044832,2.2789560723059965e-13,1.7976931348623157e308,2.739783953344956e-7,pow2((exp(pow3((v1/v2)))*(0.000338*(v1+(-0.416+(-0.0184/((1.22*v1)-v2)))))))
1742.554594039917,0.9998859924079195,24.0,0.0,119.0,-0.9944149617532625,true,1.2545293617760428e-5,0.8622959570138491,2.0,(pow2((0.000226671519348513*v1))*(0.000291893119431718+sqrt_abs(((v1*log(v1))/(v2+(((v1*v1)-v2)/v1)))))),0.19554202461179337,2.0014272391272655e-11,0.8255957763814579,2.0014272391272655e-11,1.8268770466636286e47,2.7472458247765995e-6,(pow2((0.000227*v1))*(0.000292+sqrt_abs(((v1*log(v1))/(v2+(((v1*v1)-v2)/v1))))))
1799.50448012352,0.7739534543799457,24.0,0.0,1.0,-0.9920329181982164,true,2.0270449584852746e-6,0.45334029756863325,3.0,(pow3((0.00386327406242226*(v1+(-0.00932141826324931/((v1*((1.37593089209923*v1)-v2))-v2)))))/sqrt_abs((v2-v1))),-0.9833781032169286,2.7826304975271113e-13,0.26430961654554797,2.7826304975271113e-13,2.097153e6,3.250285735164001e-7,(pow3((0.00386*(v1+(-0.00932/((v1*((1.38*v1)-v2))-v2)))))/sqrt_abs((v2-v1)))
1761.6930711269379,0.6319284315371847,24.0,0.0,79.0,-0.9934729454689333,true,2.1770570730148454e-6,0.5066647171767592,3.0,(pow2((0.000256124725935228*(v1+(v1+(-3.91129331228841+v1)))))/(0.0732971922815021+sqrt_abs((v2+(v1*(v1-v2)))))),-0.9822445272994521,2.9723996291971553e-13,0.2685929353247943,2.9723996291971553e-13,524545.0,3.483543322262415e-7,(pow2((0.000256*(v1+(v1+(-3.91+v1)))))/(0.0733+sqrt_abs((v2+(v1*(v1-v2))))))
1799.085942029953,0.340418529551764,24.0,0.0,2.0,-0.991718960448597,true,2.1557598025698027e-6,0.17626535093674614,4.0,pow2((exp(pow3((v1/v2)))*(0.000323696467425374*(v1+(-0.261354384103306+(-0.000645357362769918/pow2((0.0198730128051474*pow2(v1))))))))),-0.984624107543253,2.5740400048937925e-13,0.11779095858554552,2.5740400048937925e-13,1.7976931348623157e308,2.7827299995251707e-7,pow2((exp(pow3((v1/v2)))*(0.000324*(v1+(-0.261+(-0.000645/pow2((0.0199*pow2(v1)))))))))
1800.0528581142426,0.2850349905710812,24.0,0.0,0.0,-0.991718960448597,true,2.016242956533751e-6,0.10714964342648313,4.0,pow2((0.386495683622246*(exp(pow3((v1/v2)))*(0.000400795432764892*(v1+(v1+(0.0671910631387361/(-5.14356167869875+v1)))))))),-0.9864591774964967,2.266835497271533e-13,0.0768673699514882,2.266835497271533e-13,1.7976931348623157e308,2.406226134991494e-7,pow2((0.386*(exp(pow3((v1/v2)))*(0.000401*(v1+(v1+(0.0672/(-5.14+v1))))))))
1799.1668729782104,0.23644592799304207,25.0,0.0,1.0,-0.991718960448597,true,2.0803277617051334e-6,0.13189363533046095,4.0,(pow2(v1)*(7.49071438972329e-8+((-4.436272636775e-8*v1)/((v1+(-0.0317728732866817/(v1+exp((-70791.9692574718-v2)))))-v2)))),-0.9852888697076133,2.462753820393178e-13,0.08512721065759692,2.462753820393178e-13,189.0,2.543810717607641e-7,(pow2(v1)*(7.49e-8+((-4.44e-8*v1)/((v1+(-0.0318/(v1+exp((-70800.0-v2)))))-v2))))
1728.3531079292297,0.2730158217855495,25.0,0.0,148.0,-0.991718960448597,true,2.0241775121597663e-6,0.09441332179147494,4.0,(pow2(v1)*pow2((0.000252897575573061+((v2*(-4.8845992223397e-5+(5.03929388332297e-7/((1.23004292138842*v1)-v2))))/(v1-v2))))),-0.9868774583046104,2.1968121450405887e-13,0.07495175885984778,2.1968121450405887e-13,1.8446744073709552e19,2.3780514058990128e-7,(pow2(v1)*pow2((0.000253+((v2*(-4.88e-5+(5.04e-7/((1.23*v1)-v2))))/(v1-v2)))))
1405.561331987381,0.6284476857293501,25.0,0.0,833.0,-0.9919358720819955,true,2.0272725527778147e-6,0.19594837315035402,4.0,((1.00381270071203e-5*pow2(exp((-2.30214749423254/v1))))/sqrt_abs((v2+((v1*(-0.315383270606661*v1))+(0.0104388505470466*exp(v1)))))),-0.986679285446348,2.2299877715277448e-13,0.1697930629590087,2.2299877715277448e-13,4.210689e6,2.5810843191220943e-7,((1.0e-5*pow2(exp((-2.3/v1))))/sqrt_abs((v2+((v1*(-0.315*v1))+(0.0104*exp(v1))))))
1793.9188950061798,1.4647475059513566,25.0,0.0,12.0,-0.9903700106845668,true,2.000399719623245e-6,0.20894034315833776,5.0,(pow2(pow2((0.00941115188350358*(1.32173950318871+v1))))/(0.299042792836462+sqrt_abs(((-2.1462372577795/((1.08984367853638*v1)-v2))-v2)))),-0.985121891759401,2.490707184390932e-13,0.20088844994225577,2.490707184390932e-13,1.6842753e7,2.850711470155456e-7,(pow2(pow2((0.00941*(1.32+v1))))/(0.299+sqrt_abs(((-2.15/((1.09*v1)-v2))-v2))))
1798.2467949390411,0.23878637872618783,25.0,0.0,3.0,-0.9912371926757291,true,2.0174607576143297e-6,0.09506705767286663,4.0,(pow2(v1)*pow2((0.000297004103768561+((-4.99309380263701e-5*v1)/((v1+(v2*(-0.00917800212881563/(-4.34669446209031+v1))))-v2))))),-0.9867629825486628,2.215976247301883e-13,0.07662339784187923,2.215976247301883e-13,8.796093022209e12,2.431461049150463e-7,(pow2(v1)*pow2((0.000297+((-4.99e-5*v1)/((v1+(v2*(-0.00918/(-4.35+v1))))-v2)))))
1798.3222908973694,0.4237579193874261,25.0,0.0,3.0,-0.9912371926757291,true,2.0338541386255597e-6,0.1328177224869463,4.0,pow2((exp(((-0.0992174355193808*v1)/((v1+(-0.0083899513608214/((1.23809773608391*v1)-v2)))-v2)))*(-0.000326704641562491*v1))),-0.9868067742953729,2.208645179643001e-13,0.09436470562807038,2.208645179643001e-13,1.7976931348623157e308,2.4479761943166404e-7,pow2((exp(((-0.0992*v1)/((v1+(-0.00839/((1.24*v1)-v2)))-v2)))*(-0.000327*v1)))
1017.9412751197815,0.5784959698793923,25.0,0.0,1652.0,-0.9862268078379028,true,2.0289219947573e-6,0.13468382311474633,4.0,(pow3(sqrt_abs((v1*((0.0357546818538524/((1.22180806675218*v1)-v2))-v2))))/(((1.01427787966283*v1)-v2)/-4.24573527651154e-8)),-0.9868619248397061,2.199412563857948e-13,0.10344712167448708,2.199412563857948e-13,1.7976931348623157e308,2.4051529578591197e-7,(pow3(sqrt_abs((v1*((0.0358/((1.22*v1)-v2))-v2))))/(((1.01*v1)-v2)/-4.25e-8))
1400.465908050537,0.2550268474613334,25.0,0.0,844.0,-0.991718960448597,true,2.01385680369447e-6,0.11909086301864062,4.0,(pow2(v1)*(7.26506884090205e-8+((-4.51778799457849e-8*v1)/((v1+(-0.00016245962635564/pow3(((1.22285945114788*v1)-v2))))-v2)))),-0.9868241312640668,2.2057394925807753e-13,0.08775870004798961,2.2057394925807753e-13,453.0,2.410288997600789e-7,(pow2(v1)*(7.27e-8+((-4.52e-8*v1)/((v1+(-0.000162/pow3(((1.22*v1)-v2))))-v2))))
1799.8262219429016,1.795584311107599,25.0,0.0,0.0,-0.991718960448597,true,2.0007910957267593e-6,0.2624936518414148,3.0,pow2((exp(pow3((v1/v2)))*(1.79679545820771e-5*(v1+pow2((exp(((-0.00939702778102763*v1)-v2))+(3.90195478881319+v1))))))),-0.985133662198882,2.488736724322705e-13,0.3475737744728668,2.488736724322705e-13,1.7976931348623157e308,2.893068405794898e-7,pow2((exp(pow3((v1/v2)))*(1.8e-5*(v1+pow2((exp(((-0.0094*v1)-v2))+(3.9+v1)))))))
1799.828299999237,0.3075555476482072,25.0,0.0,0.0,-0.991718960448597,true,2.1379359207152026e-6,0.146806418023391,4.0,(pow2(v1)*(6.68862723447248e-8+((-4.51993242339672e-8*v1)/((v1+(-0.0058604981103799/pow3((v1*(-4.08560672152711+v1)))))-v2)))),-0.9858261030457011,2.372816920269144e-13,0.10632315395471573,2.372816920269144e-13,1605.0,2.6145305610980773e-7,(pow2(v1)*(6.69e-8+((-4.52e-8*v1)/((v1+(-0.00586/pow3((v1*(-4.09+v1)))))-v2))))
1799.8309149742126,0.5346402195651989,25.0,0.0,0.0,-0.9833362012006953,true,2.095277392754799e-6,0.12384477187081727,4.0,(pow3(sqrt_abs((v2*(v1+(-0.0538398632848353/(v1+(-0.0432915929367119/(-4.68851960544272+v1))))))))/((v1-v2)/-4.49727515288888e-8)),-0.9852687467724385,2.466122551040962e-13,0.10307664578023448,2.466122551040962e-13,1.7976931348623157e308,2.5604498459206235e-7,(pow3(sqrt_abs((v2*(v1+(-0.0538/(v1+(-0.0433/(-4.69+v1))))))))/((v1-v2)/-4.5e-8))
1712.9571170806885,0.7120798992023843,25.0,0.0,180.0,-0.9917199474945748,true,2.0235526765056493e-6,0.2657977434540764,5.0,pow2(((0.00040048784734847*(v1+(pow2(pow3((v1/(v2+(-0.0737163293332911/(-5.59168337308191+v1))))))/0.139357431327412)))-0.000222867783826988)),-0.986431404937319,2.2714848324930801e-13,0.2132484722632997,2.2714848324930801e-13,1.7976931348623157e308,2.636792815438012e-7,pow2(((0.0004*(v1+(pow2(pow3((v1/(v2+(-0.0737/(-5.59+v1))))))/0.139)))-0.000223))
1701.4889709949493,0.6906241229012294,25.0,0.0,204.0,-0.9927278752998048,true,2.0171971580796516e-6,0.19158990285015615,4.0,((-1.4428316038465e-6*v2)*(pow2(exp((-1.78409497200912/v1)))/((log(v1)*(2.52039572504919+(0.023148393970885*pow2(v2))))-v2))),-0.9862625789700263,2.2997475687796746e-13,0.1971558183541173,2.2997475687796746e-13,20740.0,2.6112831446870074e-7,((-1.44e-6*v2)*(pow2(exp((-1.78/v1)))/((log(v1)*(2.52+(0.0231*pow2(v2))))-v2)))
1785.6900210380554,0.9279637556085325,25.0,0.0,29.0,-0.9922016221497278,true,2.0483240442976304e-6,0.4219616979627412,4.0,pow2((exp(pow2(pow3((v1/(v2+(0.0276307834162272/(-4.10093110974296+v1)))))))*(0.000227099059512421*(v1+(-1.57817522421054+v1))))),-0.9861895433341966,2.311974283354928e-13,0.29538912962760017,2.311974283354928e-13,1.7976931348623157e308,2.8518350583867874e-7,pow2((exp(pow2(pow3((v1/(v2+(0.0276/(-4.1+v1)))))))*(0.000227*(v1+(-1.58+v1)))))
1790.6195919513702,1.4956350483055363,25.0,0.0,19.0,-0.9936904273999746,true,4.048648320409247e-6,0.9934366195180193,3.0,((v2+pow3(v1))*((1.96214882965284e-6*(0.000291893119431718+sqrt_abs((log(v1)/(v1+(7.31907210714074+v1))))))/(v2+v1))),-0.9065512825688185,1.5644017916392757e-12,0.6356694787495838,1.5644017916392757e-12,5.0331703e7,9.1965142926354e-7,((v2+pow3(v1))*((1.96e-6*(0.000292+sqrt_abs((log(v1)/(v1+(7.32+v1))))))/(v2+v1)))
1798.8710689544678,0.34760648913309994,25.0,0.0,2.0,-0.991718960448597,true,2.0174988540912594e-6,0.10627500502904041,5.0,(pow2((0.000506724382120814*v1))*(0.42467308436981+(pow2(pow3((v1/(v2+(0.0371526174762002/(-4.80092274569694+v1))))))/0.424445869973652))),-0.9866963526009227,2.2271306015280985e-13,0.08626353428463844,2.2271306015280985e-13,1.7976931348623157e308,2.4489290966286594e-7,(pow2((0.000507*v1))*(0.425+(pow2(pow3((v1/(v2+(0.0372/(-4.8+v1))))))/0.424)))
1799.903911113739,0.6642394177130196,25.0,0.0,0.0,-0.9919358720819955,true,2.0681735577345864e-6,0.21209921713910135,4.0,(pow3((0.00620402926887234*(0.00898745143248579+v1)))*(exp(pow2(pow3((v1/(v2+(-0.0343402707853656/(-5.88484372661222+v1)))))))/v2)),-0.9854752933995902,2.4315450926813907e-13,0.1557227124236336,2.4315450926813907e-13,1.7976931348623157e308,2.6588752029415015e-7,(pow3((0.0062*(0.00899+v1)))*(exp(pow2(pow3((v1/(v2+(-0.0343/(-5.88+v1)))))))/v2))
1799.0471580028534,1.2687847463879582,25.0,0.0,2.0,-0.9906590713482876,true,2.0204956213950456e-6,0.18885532544356917,5.0,(pow2((0.000497223102577036*(v1+(0.00270871988867623*exp(v1)))))/(0.48274623814422+sqrt_abs((v2+(-0.636945028320842+(-1.01453368856567*v1)))))),-0.9857230428032057,2.3900699797480356e-13,0.18228543222441715,2.3900699797480356e-13,16641.0,2.720555836030017e-7,(pow2((0.000497*(v1+(0.00271*exp(v1)))))/(0.483+sqrt_abs((v2+(-0.637+(-1.01*v1))))))
1799.0027348995209,0.30933867134945514,25.0,0.0,2.0,-0.991718960448597,true,2.14595278027043e-6,0.1327702699683149,5.0,pow2((exp(pow3((v1/v2)))*(0.000327699536766578*(v1+(-0.55476455035759+(-0.0197105708795725/(-0.0981808292044428+(0.0619456783944142/v1)))))))),-0.9847839059826706,2.547288544649284e-13,0.09926834044980343,2.547288544649284e-13,1.7976931348623157e308,2.687685193199877e-7,pow2((exp(pow3((v1/v2)))*(0.000328*(v1+(-0.555+(-0.0197/(-0.0982+(0.0619/v1))))))))
1796.1700820922852,0.43812379881406543,25.0,0.0,8.0,-0.991718960448597,true,2.0482344168393347e-6,0.14107776835952446,3.0,pow2((0.000268156601523884*(v1+(v1*((v2*(-0.158090794358935+((0.0597028168136255/(v1-v2))/v1)))/(v1-v2)))))),-0.9853959145382033,2.44483371090811e-13,0.09799030854671034,2.44483371090811e-13,1.0284403483257538e62,2.575063440576397e-7,pow2((0.000268*(v1+(v1*((v2*(-0.158+((0.0597/(v1-v2))/v1)))/(v1-v2))))))
1146.0194261074066,1.0375240070532064,25.0,0.0,1381.0,-0.991718960448597,true,2.034588919124741e-6,0.16688881891731497,5.0,(pow2(pow2((0.0080192652247142*(2.25868224732846+v1))))/(1.42777158718727+sqrt_abs((v2+(v1*(-1.45114497266899+(0.0402397835506574*v2))))))),-0.9868568335661817,2.2002648813260035e-13,0.17499832150605507,2.2002648813260035e-13,1.34283265e8,2.489318635178902e-7,(pow2(pow2((0.00802*(2.26+v1))))/(1.43+sqrt_abs((v2+(v1*(-1.45+(0.0402*v2)))))))
1699.2479910850525,0.7798076571384539,25.0,0.0,209.0,-0.9922977348105848,true,2.0052695588963023e-6,0.46675818498515625,4.0,(pow3((0.00381662367849251*(v1+(-0.0116815420038136/((1.23948688999336*v1)-v2)))))/sqrt_abs(((v1+(0.0108066679660062*v2))-v2))),-0.9859349097670997,2.354601857015458e-13,0.2620877728789441,2.354601857015458e-13,65537.0,2.973206650942342e-7,(pow3((0.00382*(v1+(-0.0117/((1.24*v1)-v2)))))/sqrt_abs(((v1+(0.0108*v2))-v2)))
633.3229460716248,0.27684616595928047,26.0,0.0,2446.0,-0.991718960448597,true,2.035728657616624e-6,0.09764471866708482,4.0,pow2((0.000253306104307308*(v1+(v1*((v2*(-0.193034194051112+(0.00203760012309114/((1.22832251672427*v1)-v2))))/(v1-v2)))))),-0.986892592254903,2.1942786079730832e-13,0.07472798223789207,2.1942786079730832e-13,8.507059173023462e37,2.360803414325068e-7,pow2((0.000253*(v1+(v1*((v2*(-0.193+(0.00204/((1.23*v1)-v2))))/(v1-v2))))))
1799.2254889011383,0.5947532758299855,26.0,0.0,1.0,-0.991718960448597,true,2.117354997759806e-6,0.281779089338543,4.0,(pow2((0.000180651360134556*v1))*(v1+(sqrt_abs((4.26904529587186*(exp(((2.0767650365058*v1)-v2))+(v1--0.0827720043156132))))/v2))),-0.9792163914977378,3.4793323302283476e-13,0.20033466485775148,3.4793323302283476e-13,1.099511627801e12,3.4304813509770414e-7,(pow2((0.000181*v1))*(v1+(sqrt_abs((4.27*(exp(((2.08*v1)-v2))+(v1--0.0828))))/v2)))
1799.2138719558716,0.9380147284435568,26.0,0.0,1.0,-0.9914541159517954,true,2.132468722601225e-6,0.7205690686015138,4.0,(pow2(pow2((0.00623800165797046*(v1+v1))))/(1.38726449876625+sqrt_abs((v2+(v1*(-1.54294299463364+(v2*(0.0145912732032608*v1)))))))),-0.9823958384429498,2.9470690061035745e-13,0.39013564476122153,2.9470690061035745e-13,2.251804108652545e15,3.733082075202972e-7,(pow2(pow2((0.00624*(v1+v1))))/(1.39+sqrt_abs((v2+(v1*(-1.54+(v2*(0.0146*v1))))))))
1799.6353089809418,0.2879183315243866,26.0,0.0,0.0,-0.991718960448597,true,2.3034138651253893e-6,0.12642552880216723,3.0,pow2((exp(pow3((v1/v2)))*(0.000307345581794258*(v1+(0.0349716326618865/(v1+((0.000183966371698828*(v1+exp(v2)))/v1))))))),-0.9839805572715761,2.6817751590721127e-13,0.08230056841414443,2.6817751590721127e-13,1.7976931348623157e308,2.650906509557186e-7,pow2((exp(pow3((v1/v2)))*(0.000307*(v1+(0.035/(v1+((0.000184*(v1+exp(v2)))/v1)))))))
1799.682070016861,0.2342241801328789,26.0,0.0,0.0,-0.991718960448597,true,2.0856502269559604e-6,0.13094086601180757,4.0,(pow2(v1)*(7.5167109649476e-8+((-4.39828965302288e-8*v1)/((v1+(-0.0122307112160152/((v1*(0.00296303384132112*v1))-v2)))-v2)))),-0.9852859575845473,2.463241331689991e-13,0.08423163011135663,2.463241331689991e-13,177.0,2.5429938911288975e-7,(pow2(v1)*(7.52e-8+((-4.4e-8*v1)/((v1+(-0.0122/((v1*(0.00296*v1))-v2)))-v2))))
1799.33696103096,0.32513221750034244,26.0,0.0,1.0,-0.9833362012006953,true,2.040558326732721e-6,0.13062995633511632,4.0,(pow3(sqrt_abs((v2*(-0.174857017644121+v1))))/(((v1+(-0.000115346086103802/pow3(((0.256296324733025+v1)-v2))))-v2)/-4.71037659950761e-8)),-0.985272095791541,2.4655619000627353e-13,0.09395371670429632,2.4655619000627353e-13,1.2930729942995662e40,2.5602308485956173e-7,(pow3(sqrt_abs((v2*(-0.175+v1))))/(((v1+(-0.000115/pow3(((0.256+v1)-v2))))-v2)/-4.71e-8))
1411.5424349308014,0.33768994672522923,26.0,0.0,821.0,-0.9833362012006953,true,2.023208567672606e-6,0.13005043162350946,4.0,(pow3(sqrt_abs((v2*(-0.174858561396362+v1))))/(((v1+(-0.000124841672183657/pow3(((1.22338737663518*v1)-v2))))-v2)/-4.7550206905229e-8)),-0.986921945378771,2.189364674338497e-13,0.09074039029342071,2.189364674338497e-13,1.2930729942995662e40,2.373037225964617e-7,(pow3(sqrt_abs((v2*(-0.175+v1))))/(((v1+(-0.000125/pow3(((1.22*v1)-v2))))-v2)/-4.76e-8))
1797.832288980484,0.9998859924079195,26.0,0.0,4.0,-0.9947044809283869,true,1.2254308838028293e-5,0.8453676696503101,3.0,(pow2((0.000226671519348513*v1))*(0.000291893119431718+sqrt_abs((v1*(log(v1)/(v2+(v1*(log(v1)/(-0.742555328054178+v2))))))))),0.13154463652743642,1.8942907996644855e-11,0.8157681789608161,1.8942907996644855e-11,4.417117661945961e71,2.675418551618739e-6,(pow2((0.000227*v1))*(0.000292+sqrt_abs((v1*(log(v1)/(v2+(v1*(log(v1)/(-0.743+v2)))))))))
1539.4008331298828,1.2183130455719748,26.0,0.0,547.0,-0.991718960448597,true,2.026987578131837e-6,0.13414359328700506,4.0,(pow2((v1+(-0.0023965378671242/pow3(((1.21230024213952*v1)-v2)))))*((-7.59484668681651e-8*v2)/(exp((0.284412304324221*v1))-v2))),-0.9868983069625061,2.1933219229527947e-13,0.14980233367245252,2.1933219229527947e-13,1.065151889409e12,2.4224609271805556e-7,(pow2((v1+(-0.0024/pow3(((1.21*v1)-v2)))))*((-7.59e-8*v2)/(exp((0.284*v1))-v2)))
1799.8294260501862,1.3730410766899452,26.0,0.0,0.0,-0.9816018372183708,true,2.0426074703638607e-6,0.5509919585790658,5.0,(pow3((0.00204063405272357*v1))*exp((0.615850909143928+((-1.16021728556881*v1)/((-3.16350967753678/((-1.00585280116261+v1)-v2))-v2))))),-0.9838043544091036,2.7112728430769007e-13,0.32070221764044093,2.7112728430769007e-13,5.36870913e8,3.279336939745766e-7,(pow3((0.00204*v1))*exp((0.616+((-1.16*v1)/((-3.16/((-1.01+v1)-v2))-v2)))))
633.3229460716248,0.27684616595928047,26.0,0.0,2446.0,-0.991718960448597,true,2.035728657616624e-6,0.09764471866708482,4.0,pow2((0.000253306104307308*(v1+(v1*((v2*(-0.193034194051112+(0.00203760012309114/((1.22832251672427*v1)-v2))))/(v1-v2)))))),-0.986892592254903,2.1942786079730832e-13,0.07472798223789207,2.1942786079730832e-13,8.507059173023462e37,2.360803414325068e-7,pow2((0.000253*(v1+(v1*((v2*(-0.193+(0.00204/((1.23*v1)-v2))))/(v1-v2))))))
1799.4218900203705,0.42936967683258337,26.0,0.0,1.0,-0.991718960448597,true,2.025517539255912e-6,0.16388056719463237,4.0,pow2(((0.53832457146894+pow2(pow3((v1/(v2+(0.05513576870832/(v1+((0.531669010930093*v1)-v2))))))))*(0.000632067692098432*v1))),-0.9842204502569271,2.6416152696267425e-13,0.11177982883474773,2.6416152696267425e-13,1.7976931348623157e308,2.787890886681836e-7,pow2(((0.538+pow2(pow3((v1/(v2+(0.0551/(v1+((0.532*v1)-v2))))))))*(0.000632*v1)))
1790.0741789340973,0.9998859924079195,26.0,0.0,20.0,-0.994897281182939,true,1.342177143037501e-5,0.9305666772921656,3.0,(pow2((0.000226671519348513*v1))*(0.000291893119431718+sqrt_abs((log(v1)/(v2+(v2/(v2+exp(((1.26040834993545*v1)-v2))))))))),0.4121656514780685,2.3640714779104944e-11,0.9016779162903439,2.3640714779104944e-11,4.9732323640978664e86,3.0204550618640707e-6,(pow2((0.000227*v1))*(0.000292+sqrt_abs((log(v1)/(v2+(v2/(v2+exp(((1.26*v1)-v2)))))))))
1799.5796859264374,1.7054444599823102,26.0,0.0,1.0,-0.9782321552686096,true,2.026703854727449e-6,0.5684740675028378,6.0,((1.36967721477559e-6*(-1.06777902983601+v1))/(0.336872259775888+sqrt_abs((v2+(v1*(-1.10443769096687+(-0.0115981493332693*(0.00116881957040677+v1)))))))),-0.9836213095041809,2.74191593643155e-13,0.4599286873118199,2.74191593643155e-13,32773.0,3.4412159832788493e-7,((1.37e-6*(-1.07+v1))/(0.337+sqrt_abs((v2+(v1*(-1.1+(-0.0116*(0.00117+v1))))))))
1606.8509409427643,0.9998859924079195,26.0,0.0,404.0,-0.9945837866356417,true,1.337095001868827e-5,0.9265888248713303,3.0,(pow2((0.000226671519348513*v1))*(0.000291893119431718+sqrt_abs((log(v1)/(v2+(0.159649942158286/((log(v1)/(v2+v1))-v2))))))),0.397229810882362,2.3390677577633782e-11,0.8939042808910207,2.3390677577633782e-11,4.951760157141521e27,2.998728344407416e-6,(pow2((0.000227*v1))*(0.000292+sqrt_abs((log(v1)/(v2+(0.16/((log(v1)/(v2+v1))-v2)))))))
633.3229460716248,0.27684616595928047,26.0,0.0,2446.0,-0.991718960448597,true,2.035728657616624e-6,0.09764471866708482,4.0,pow2((0.000253306104307308*(v1+(v1*((v2*(-0.193034194051112+(0.00203760012309114/((1.22832251672427*v1)-v2))))/(v1-v2)))))),-0.986892592254903,2.1942786079730832e-13,0.07472798223789207,2.1942786079730832e-13,8.507059173023462e37,2.360803414325068e-7,pow2((0.000253*(v1+(v1*((v2*(-0.193+(0.00204/((1.23*v1)-v2))))/(v1-v2))))))
1715.7010819911957,0.9686718349211271,27.0,0.0,174.0,-0.991718960448597,true,2.013124567932193e-6,0.15571309013344872,5.0,(pow2(pow2((0.00803534163195826*(2.2269279848143+v1))))/(1.40410956289473+sqrt_abs((v2+(v1*(-1.32869629669147+(v2*(0.00394068754284932*v1)))))))),-0.9869077992023809,2.1917328506279042e-13,0.1655836363427796,2.1917328506279042e-13,3.4359803905e10,2.4621705780884845e-7,(pow2(pow2((0.00804*(2.23+v1))))/(1.4+sqrt_abs((v2+(v1*(-1.33+(v2*(0.00394*v1))))))))
1761.3363690376282,0.6941513374414666,27.0,0.0,79.0,-0.9919840476950156,true,2.015124203944347e-6,0.3368998936132324,4.0,(pow3((0.00437278532661958*v1))/sqrt_abs((((-0.829082391096308*v1)/((v1+((-0.228216501535833/(-4.665585670898+v1))/v2))-v2))-v2))),-0.9865443863754992,2.2525708902614634e-13,0.20440588789781258,2.2525708902614634e-13,3.5184372088833e13,2.6844419287376007e-7,(pow3((0.00437*v1))/sqrt_abs((((-0.829*v1)/((v1+((-0.228/(-4.67+v1))/v2))-v2))-v2)))
1657.9510381221771,0.7123251671300317,27.0,0.0,296.0,-0.9925627731193225,true,2.037502059444453e-6,0.4092072158121999,5.0,(pow3((0.00244736855076227*v1))*exp((0.616921374254961+(-0.747034657604615/((v1+(-0.00015313463884417/pow3(((1.22743116201178*v1)-v2))))-v2))))),-0.9862879956006902,2.295492633705012e-13,0.2395539248119617,2.295492633705012e-13,4.398046511105e12,2.824234505217216e-7,(pow3((0.00245*v1))*exp((0.617+(-0.747/((v1+(-0.000153/pow3(((1.23*v1)-v2))))-v2)))))
1796.352546930313,0.3803101836786328,27.0,0.0,7.0,-0.991718960448597,true,2.0136682716629834e-6,0.14439926925548982,4.0,(pow2((0.000315609661572321*v1))*(0.359757626005501+sqrt_abs((log(pow3((v1+(0.403310265302641*v1))))/(((2.22022694066457*v1)-v2)-v2))))),-0.9856228655641286,2.406840402778067e-13,0.10682016193592052,2.406840402778067e-13,1.7976931348623157e308,2.5613065006130695e-7,(pow2((0.000316*v1))*(0.36+sqrt_abs((log(pow3((v1+(0.403*v1))))/(((2.22*v1)-v2)-v2)))))
1779.2512819766998,0.9998859924079195,27.0,0.0,42.0,-0.994800745579089,true,1.3221921810953162e-5,0.9149242095598566,4.0,(pow2((0.000226671519348513*v1))*(0.000291893119431718+sqrt_abs((log(v1)/(log((v1+(0.0309845575451777/((1.22637541199277*v1)-v2))))-v2))))),0.3576072021383405,2.272736531597308e-11,0.8810719738096395,2.272736531597308e-11,1.7976931348623157e308,2.949656667761951e-6,(pow2((0.000227*v1))*(0.000292+sqrt_abs((log(v1)/(log((v1+(0.031/((1.23*v1)-v2))))-v2)))))
1798.811280965805,0.4707094960328327,27.0,0.0,2.0,-0.991718960448597,true,2.020541456545777e-6,0.1390808329259929,5.0,(pow2((v1*(0.000281698458437248+((-3.16165185045178e-5*v1)/((0.215161645521527+v1)-v2)))))*(1.43567254413903+(v1*(-0.221287359266117/v2)))),-0.9852485951411665,2.469496085631151e-13,0.11256460947622714,2.469496085631151e-13,2.74877906945e11,2.6496649560977337e-7,(pow2((v1*(0.000282+((-3.16e-5*v1)/((0.215+v1)-v2)))))*(1.44+(v1*(-0.221/v2))))
1799.8075680732727,0.3692928445574798,27.0,0.0,0.0,-0.991718960448597,true,2.086612559189189e-6,0.12561643308398143,4.0,(pow2(v1)*(1.05822573071222e-7+(v1*((-6.641939856216101e-9*v1)/((v1+(-9.38907060036851e-5/pow3(((1.23415729242726*v1)-v2))))-v2))))),-0.9867703062092522,2.2147502114543703e-13,0.0905691043206687,2.2147502114543703e-13,905.0,2.372363399014575e-7,(pow2(v1)*(1.06e-7+(v1*((-6.64e-9*v1)/((v1+(-9.39e-5/pow3(((1.23*v1)-v2))))-v2)))))
1798.4278900623322,0.346479997509846,27.0,0.0,3.0,-0.991718960448597,true,1.9987620055776303e-6,0.16157841783579657,4.0,pow2((v1*(-0.000235045626817486+((v1*(0.00018917620072682+((-3.30959727346066e-5*v1)/(v1-v2))))/((0.000861216657537163*exp(v1))-v2))))),-0.9854637543256223,2.433476820423136e-13,0.1014163636694986,2.433476820423136e-13,5.288447750321989e123,2.5471233324751703e-7,pow2((v1*(-0.000235+((v1*(0.000189+((-3.31e-5*v1)/(v1-v2))))/((0.000861*exp(v1))-v2)))))
1799.436469078064,0.33410073947045604,27.0,0.0,1.0,-0.9912371926757291,true,2.0154546765553783e-6,0.11404680001094494,5.0,pow2((0.000328001979469484*(v1+(pow2(pow3((v1/(v2+(2.14301924583737/(v2+(0.0385412042937099/(-5.01816570898091+v1))))))))/0.0652551208942743)))),-0.9866803362333021,2.2298118618910162e-13,0.08776276638164053,2.2298118618910162e-13,1.7976931348623157e308,2.456289892208921e-7,pow2((0.000328*(v1+(pow2(pow3((v1/(v2+(2.14/(v2+(0.0385/(-5.02+v1))))))))/0.0653))))
1644.0799489021301,2.5199203697400407,27.0,0.0,325.0,-0.994414844933198,true,6.1431137180291766e-6,1.5726870623648348,3.0,((v2+pow3(v1))*((1.96214882965284e-6*(0.000291893119431718+sqrt_abs((log(v1)/(v2+((v2+-4.00380715651845)/v1))))))/(v2+v1))),-0.4813780292607269,8.682121729551836e-12,1.167977225341898,8.682121729551836e-12,3.298534883383e12,2.373818327079579e-6,((v2+pow3(v1))*((1.96e-6*(0.000292+sqrt_abs((log(v1)/(v2+((v2+-4.0)/v1))))))/(v2+v1)))
1673.9843349456787,0.9998859924079195,27.0,0.0,262.0,-0.9946801925878117,true,1.3385896140899556e-5,0.9277586756575842,3.0,(pow2((0.000226671519348513*v1))*(0.000291893119431718+sqrt_abs((log(v1)/(v2+(log(v1)/(v2+exp(((1.26040834993545*v1)-v2))))))))),0.40163234419872706,2.3464379295508565e-11,0.8958975669219333,2.3464379295508565e-11,3.7739624248215414e168,3.0049191496390518e-6,(pow2((0.000227*v1))*(0.000292+sqrt_abs((log(v1)/(v2+(log(v1)/(v2+exp(((1.26*v1)-v2)))))))))
1782.6870119571686,0.6571325522932423,27.0,0.0,35.0,-0.992514604490131,true,2.020608670872694e-6,0.3060135884929133,5.0,pow2((exp(pow3((v1/v2)))*(0.000339398919003882*(v1+(-0.0056572786243533/(0.0129908079477992+(-0.000594285570699252/((1.22764402161581*v1)-v2)))))))),-0.9863694125788052,2.2818628194139085e-13,0.21942309061232268,2.2818628194139085e-13,1.7976931348623157e308,2.761450598246793e-7,pow2((exp(pow3((v1/v2)))*(0.000339*(v1+(-0.00566/(0.013+(-0.000594/((1.23*v1)-v2))))))))
1799.8922369480133,0.7438966452015033,27.0,0.0,0.0,-0.9703284713332617,true,2.1107269849406034e-6,0.2745577559110244,4.0,pow2((exp(pow2(pow3((v1/(v2+(-0.300072570267726/(-3.3239649310922+v1)))))))*(0.000227590400630091*(v1+(0.0931867181496378*(v2*v1)))))),-0.9851257207103825,2.490066189207666e-13,0.1916442725628583,2.490066189207666e-13,1.7976931348623157e308,3.0571084251884594e-7,pow2((exp(pow2(pow3((v1/(v2+(-0.3/(-3.32+v1)))))))*(0.000228*(v1+(0.0932*(v2*v1))))))
1799.495090007782,1.1162755923421257,27.0,0.0,1.0,-0.991718960448597,true,2.0001465605404164e-6,0.19568321695525687,4.0,(pow3((0.00372563978857757*(v1+(0.613322074034909/v1))))/sqrt_abs(((v1+(0.00756101330804821*(v1+((2.11974694665603*v1)-v2))))-v2))),-0.9846134499399206,2.5758241678236076e-13,0.17711978478350235,2.5758241678236076e-13,262145.0,2.870933261850332e-7,(pow3((0.00373*(v1+(0.613/v1))))/sqrt_abs(((v1+(0.00756*(v1+((2.12*v1)-v2))))-v2)))
1275.7357769012451,0.33852611810661415,27.0,0.0,1108.0,-0.991718960448597,true,2.038694958851586e-6,0.11446895604257146,5.0,(pow2((0.000551063845065465*(v1+(0.00946708806295907*pow3(v1)))))/(1.44974331512641+sqrt_abs((v2+(v1*(-1.44999760302087+(0.0400046126911678*v2))))))),-0.9869281906748156,2.1883191648237577e-13,0.08453986925185043,2.1883191648237577e-13,524545.0,2.3855401033139313e-7,(pow2((0.000551*(v1+(0.00947*pow3(v1)))))/(1.45+sqrt_abs((v2+(v1*(-1.45+(0.04*v2)))))))
1800.0200231075287,0.5171339782614226,27.0,0.0,0.0,-0.991718960448597,true,2.157261677218849e-6,0.2503715265936362,4.0,pow2((exp(pow3((v1/v2)))*(0.000326014845608228*(v1+(-0.34154800751962+(0.264465815372766/(v2+(-0.00538610352863464/(v2-pow3(v1)))))))))),-0.9847005370445825,2.5612451317162164e-13,0.16216089568178202,2.5612451317162164e-13,1.7976931348623157e308,2.776279640496457e-7,pow2((exp(pow3((v1/v2)))*(0.000326*(v1+(-0.342+(0.264/(v2+(-0.00539/(v2-pow3(v1))))))))))
1800.0737509727478,1.9233147591826512,27.0,0.0,0.0,-0.9770043058904794,true,2.032517515810943e-6,0.5903201061584469,5.0,((1.349097252901e-6*(-1.0899792648523+v1))/(0.386456664756451+sqrt_abs((v2+(v1*(-1.20899819366467+(0.00921480744333052*(v1+(v1-v2))))))))),-0.9835650537212202,2.75133357747288e-13,0.4863374336483052,2.75133357747288e-13,2.097157e6,3.4575199350344553e-7,((1.35e-6*(-1.09+v1))/(0.386+sqrt_abs((v2+(v1*(-1.21+(0.00921*(v1+(v1-v2)))))))))
1800.0795300006866,1.013380985806068,27.0,0.0,0.0,-0.991718960448597,true,2.034801895272567e-6,0.1642806677671132,5.0,(pow2(pow2((0.00801170774872677*(2.25751955308106+v1))))/(1.41555269397089+sqrt_abs((v2+(v1*(-1.34127638407913+(0.00362551477080541*(v2*v2)))))))),-0.9868461940452998,2.2020460171176237e-13,0.1725133227222837,2.2020460171176237e-13,8.590000129e9,2.481819411499994e-7,(pow2(pow2((0.00801*(2.26+v1))))/(1.42+sqrt_abs((v2+(v1*(-1.34+(0.00363*(v2*v2))))))))
1562.5299589633942,1.1975173702124335,28.0,0.0,498.0,-0.9927796317359114,true,2.0174534850267344e-6,0.3473638578133948,4.0,(pow3((0.00150276311059141*(v1+((v1*(-1.49009077080035/(v1-v2)))/sqrt_abs((v1*((0.00721355758235678*exp(v1))-v2)))))))/0.130790966813894),-0.9855562585907326,2.4179909109263687e-13,0.24870288579521677,2.4179909109263687e-13,1.7976931348623157e308,2.888295393936786e-7,(pow3((0.0015*(v1+((v1*(-1.49/(v1-v2)))/sqrt_abs((v1*((0.00721*exp(v1))-v2)))))))/0.131)
1798.6837549209595,0.5142271937225309,28.0,0.0,2.0,-0.991718960448597,true,2.0293815398411288e-6,0.2462991711283716,4.0,(pow2((v1+(-0.295930715485623+(-0.0233807127567239/((1.22650166137328*v1)-v2)))))*((-1.03027876977812e-7*v2)/((v1*(v1/v2))-v2))),-0.9867313592311301,2.2212702284249603e-13,0.1665683978170651,2.2212702284249603e-13,20481.0,2.5674372404549585e-7,(pow2((v1+(-0.296+(-0.0234/((1.23*v1)-v2)))))*((-1.03e-7*v2)/((v1*(v1/v2))-v2)))
1786.4344930648804,0.9998859924079195,28.0,0.0,27.0,-0.9942941727627813,true,1.3372373509512893e-5,0.9267002431935458,4.0,(pow2((0.000226671519348513*v1))*(0.000291893119431718+sqrt_abs((log(v1)/(v2+((-0.0122412404532438/((v1*(-4.665585670898+v1))-v2))/v1)))))),0.39768932229615994,2.3398370144196332e-11,0.8941901139265016,2.3398370144196332e-11,7.922816251426434e28,2.999453998719977e-6,(pow2((0.000227*v1))*(0.000292+sqrt_abs((log(v1)/(v2+((-0.0122/((v1*(-4.67+v1))-v2))/v1))))))
1799.6587319374084,0.8132395707545462,28.0,0.0,0.0,-0.9917915862199245,true,2.254681096759076e-6,0.5813118662578225,3.0,(((v1*(1.70452680096589e-8*v1))/(v1-v2))*((v1*((v1+(0.0291741600235565/(-5.15272235046036+v1)))-v2))-sqrt_abs(pow3(v1)))),-0.9768352883165056,3.877946905708306e-13,0.3511425662466479,3.877946905708306e-13,958.0,4.232052710345083e-7,(((v1*(1.7e-8*v1))/(v1-v2))*((v1*((v1+(0.0292/(-5.15+v1)))-v2))-sqrt_abs(pow3(v1))))
1681.339704990387,0.9998859924079195,28.0,0.0,246.0,-0.994414844933198,true,1.1754333569590226e-5,0.8072601785727803,4.0,(pow2((0.000226671519348513*v1))*(0.000291893119431718+sqrt_abs((v1*(log(v1)/(v2+(v1*(((1.95146202448049+v1)/-5.00703483729269)/v2)))))))),0.021675671569721944,1.7103618915422546e-11,0.7869241002134573,1.7103618915422546e-11,2.3945242826029513e52,2.537861236527738e-6,(pow2((0.000227*v1))*(0.000292+sqrt_abs((v1*(log(v1)/(v2+(v1*(((1.95+v1)/-5.01)/v2))))))))
1798.7892730236053,0.2347114065785364,28.0,0.0,2.0,-0.991718960448597,true,2.084772638991187e-6,0.13107578159296165,5.0,(pow2(v1)*(7.50984584496387e-8+((-4.40765685569873e-8*v1)/((v1+(4.65677766452749e-5/pow3((v1+(-0.00176810490514708/(-3.98684159950362+v1))))))-v2)))),-0.985286566652855,2.463139369075853e-13,0.08438444683972275,2.463139369075853e-13,837.0,2.543013884851595e-7,(pow2(v1)*(7.51e-8+((-4.41e-8*v1)/((v1+(4.66e-5/pow3((v1+(-0.00177/(-3.99+v1))))))-v2))))
1446.129539012909,1.2185248856096567,28.0,0.0,747.0,-0.9922977348105848,true,2.026982243976619e-6,0.13417481491317956,4.0,(pow2((v1+(v1+(-0.00479082719841517/pow3(((1.21229836838866*v1)-v2))))))*((-1.89892310192974e-8*v2)/(exp((0.284406644647455*v1))-v2))),-0.9868986567416625,2.1932633672921125e-13,0.14982525356256096,2.1932633672921125e-13,4.260607557633e12,2.4222994883188264e-7,(pow2((v1+(v1+(-0.00479/pow3(((1.21*v1)-v2))))))*((-1.9e-8*v2)/(exp((0.284*v1))-v2)))
1799.762538909912,0.2123073327405538,28.0,0.0,0.0,-0.991718960448597,true,2.3370644089207812e-6,0.10899864013674868,4.0,pow2((exp(pow3(((v1+(0.0274476617462054/(v1+v1)))/(v2+(-0.031509816560447/((1.30609664162035*v1)-v2))))))*(0.00030384780491638*v1))),-0.983857501895852,2.702375554192074e-13,0.07912410865836693,2.702375554192074e-13,1.7976931348623157e308,2.6366861175713863e-7,pow2((exp(pow3(((v1+(0.0274/(v1+v1)))/(v2+(-0.0315/((1.31*v1)-v2))))))*(0.000304*v1)))
1799.7720980644226,0.23471136419758423,28.0,0.0,0.0,-0.991718960448597,true,2.084772634764633e-6,0.13107575789269763,5.0,(pow2(v1)*(7.50984626406026e-8+((-4.40765678707852e-8*v1)/((v1+(4.66172533730086e-5/pow3((v1+(-0.00176807010165911/(v1+0.212911634589172))))))-v2)))),-0.9852865659420798,2.4631394880649535e-13,0.0843844319755707,2.4631394880649535e-13,837.0,2.543013909223303e-7,(pow2(v1)*(7.51e-8+((-4.41e-8*v1)/((v1+(4.66e-5/pow3((v1+(-0.00177/(v1+0.213))))))-v2))))
1799.8100728988647,0.9998859924079195,28.0,0.0,0.0,-0.9928462417515906,true,1.2231371936632775e-5,0.843062552965713,3.0,(pow2((0.000226671519348513*v1))*(0.000291893119431718+sqrt_abs((v1*(log(v1)/(v2+(v1*(log(v1)/(v2+(0.00706516631182596*v1)))))))))),0.12606261968294108,1.8851134912871493e-11,0.8140364280856633,1.8851134912871493e-11,1.5030672529752533e110,2.6681760054924665e-6,(pow2((0.000227*v1))*(0.000292+sqrt_abs((v1*(log(v1)/(v2+(v1*(log(v1)/(v2+(0.00707*v1))))))))))
1614.1450381278992,2.170128836260237,28.0,0.0,388.0,-0.9943666717542945,true,5.3404564608787535e-6,1.6810142708423281,3.0,((v2+pow3(v1))*((1.96214882965284e-6*(0.000291893119431718+sqrt_abs((log(v1)/(v2+exp(((1.26040834993545*v1)-v2)))))))/(v2+v1))),-0.5845414812302963,6.955087977464888e-12,1.1526139847533345,6.955087977464888e-12,4.181389724724492e42,2.136335612217787e-6,((v2+pow3(v1))*((1.96e-6*(0.000292+sqrt_abs((log(v1)/(v2+exp(((1.26*v1)-v2)))))))/(v2+v1)))
1779.3766770362854,0.35461746373057423,28.0,0.0,42.0,-0.991718960448597,true,2.038070313468484e-6,0.1215367908370045,5.0,pow2((exp(((v2*(-0.156357435799727+(-1.41144545788585e-5/((1.25010525463524*v1)-v2))))/((-0.419500701525754+v1)-v2)))*(-0.000270944953486738*v1))),-0.9869306993068474,2.1878992009598416e-13,0.084147545897839,2.1878992009598416e-13,1.7976931348623157e308,2.3902728145137187e-7,pow2((exp(((v2*(-0.156+(-1.41e-5/((1.25*v1)-v2))))/((-0.42+v1)-v2)))*(-0.000271*v1)))
1671.6486370563507,0.9479768396727525,28.0,0.0,267.0,-0.992820213835179,true,2.027534796290041e-6,0.39842981059015725,4.0,((-4.88291455449873e-6*v2)*(pow2(exp((-3.28509630704991/v1)))/((log(v1)*(2.64419768093303+(0.000422728345167641*pow2((v1+pow2(v1))))))-v2))),-0.9859595212492833,2.350481709850105e-13,0.30564662613446575,2.350481709850105e-13,205060.0,2.8754368355750206e-7,((-4.88e-6*v2)*(pow2(exp((-3.29/v1)))/((log(v1)*(2.64+(0.000423*pow2((v1+pow2(v1))))))-v2)))
1799.9413750171661,0.8467220717733535,28.0,0.0,0.0,-0.990423184129075,true,2.0125505327884485e-6,0.20065862625842726,5.0,((-3.49114369036475e-6*v2)*(pow2(exp((-2.57705796385743/v1)))/((log(v1)*(2.23904356093853+(0.200300270889762*pow2((-0.407811691364269*v1)))))-v2))),-0.9859341452689641,2.3547298397514477e-13,0.2501812613605571,2.3547298397514477e-13,33028.0,2.759888183588594e-7,((-3.49e-6*v2)*(pow2(exp((-2.58/v1)))/((log(v1)*(2.24+(0.2*pow2((-0.408*v1)))))-v2)))
1798.5819211006165,0.3566036564028113,28.0,0.0,3.0,-0.991718960448597,true,2.038081424498027e-6,0.12004264416528984,5.0,pow2((exp(((v2*(-0.153755310892643+(4.12194956729164e-5/((1.24968518968721*v1)-v2))))/((-0.401049004204787+v1)-v2)))*(0.00027186751236129*v1))),-0.9869293767555484,2.188120605991237e-13,0.0842210841919642,2.188120605991237e-13,1.7976931348623157e308,2.3917552928769123e-7,pow2((exp(((v2*(-0.154+(4.12e-5/((1.25*v1)-v2))))/((-0.401+v1)-v2)))*(0.000272*v1)))
1799.549868106842,0.8867991441474214,28.0,0.0,1.0,-0.991718960448597,true,2.011412054782173e-6,0.26869980851102815,5.0,pow2((exp(pow3((v1/v2)))*(0.000265820453452628*(v1+(-0.308836635086269+(-0.0989143176684418/(-0.130304611497897+((0.000845112641786896*exp(v1))/v1)))))))),-0.9858834345211535,2.3632192002168497e-13,0.2000758963317759,2.3632192002168497e-13,1.7976931348623157e308,2.6192476899477e-7,pow2((exp(pow3((v1/v2)))*(0.000266*(v1+(-0.309+(-0.0989/(-0.13+((0.000845*exp(v1))/v1))))))))
1799.0642399787903,0.6814544555571247,28.0,0.0,2.0,-0.9922977348105848,true,2.0685653964425834e-6,0.334409216968879,5.0,pow2((exp(pow3((v1/v2)))*(0.000335567406406113*(v1+(-0.446542012833767+(-0.00547106221233628/((-1.33359229807917/exp((32.9343508488382/v1)))-v2))))))),-0.984511184771884,2.5929441258601126e-13,0.23761401599344886,2.5929441258601126e-13,1.7976931348623157e308,2.9711196963329857e-7,pow2((exp(pow3((v1/v2)))*(0.000336*(v1+(-0.447+(-0.00547/((-1.33/exp((32.9/v1)))-v2)))))))
1799.5719361305237,0.4444886798406742,28.0,0.0,1.0,-0.991718960448597,true,2.035789155784148e-6,0.16578245872330627,6.0,(pow2((0.000621097848475671*(v1+(-0.265545469983809*exp((0.114967648437146/v1))))))/(0.98738890204492+sqrt_abs((v2+(-0.693085103907498+(-1.05091749666956*v1)))))),-0.9859259411245744,2.356103275207259e-13,0.11751335944388408,2.356103275207259e-13,266241.0,2.607179417359181e-7,(pow2((0.000621*(v1+(-0.266*exp((0.115/v1))))))/(0.987+sqrt_abs((v2+(-0.693+(-1.05*v1))))))
1712.6716840267181,0.6633349448034934,28.0,0.0,181.0,-0.9919358720819955,true,2.0024679217215796e-6,0.21629540080246407,5.0,(pow3((0.00450522957995856*(v1+(-1.39218553592868e-7/((1.24999986317055*v1)-v2)))))/sqrt_abs(((-1.33418310883783/((1.1164740116399*v1)-v2))-v2))),-0.9866728852313807,2.2310592156349285e-13,0.1637055491588854,2.2310592156349285e-13,131073.0,2.5541954981205546e-7,(pow3((0.00451*(v1+(-1.39e-7/((1.25*v1)-v2)))))/sqrt_abs(((-1.33/((1.12*v1)-v2))-v2)))
1799.0595800876617,1.7046035174235803,28.0,0.0,2.0,-0.9766916982538002,true,2.0274944064855996e-6,0.568521923728728,5.0,((1.36905821662895e-6*(-1.06771426831969+v1))/(0.33753590324851+sqrt_abs((v2+(v1*(-1.1024486863232+(-0.0112322767053953*(v1+exp((v1-v2)))))))))),-0.9836010637692014,2.745305224689935e-13,0.45950209144159637,2.745305224689935e-13,3.5184372088837e13,3.443185006030819e-7,((1.37e-6*(-1.07+v1))/(0.338+sqrt_abs((v2+(v1*(-1.1+(-0.0112*(v1+exp((v1-v2))))))))))
1800.072107076645,2.4472199891908075,28.0,0.0,0.0,-0.9791929983540313,true,4.476512117242712e-6,1.4494232401661191,5.0,(pow2((0.000310583602690092*v1))*(2.73626912190703+sqrt_abs((0.0618992856591695/(v2+(((v1+(-0.413608922487135/(0.00591817109721127-v2)))-v2)/v1)))))),-0.864237058489414,2.272773717775075e-12,0.9451053238134967,2.272773717775075e-12,8.388617e6,1.1422997830918427e-6,(pow2((0.000311*v1))*(2.74+sqrt_abs((0.0619/(v2+(((v1+(-0.414/(0.00592-v2)))-v2)/v1))))))
958.0105459690094,0.20638361797957858,29.0,0.0,1778.0,-0.991718960448597,true,2.0331424047540746e-6,0.1189008363162398,5.0,pow2((0.000223788441143048*(v1+(v1*((v2*(-0.29891237479058+(0.002735156722927/((1.23456763770583*v1)-v2))))/((v1-0.264576302381989)-v2)))))),-0.986945359290044,2.1854450095478331e-13,0.08205346707176485,2.1854450095478331e-13,9.134385233318143e46,2.3635214830994328e-7,pow2((0.000224*(v1+(v1*((v2*(-0.299+(0.00274/((1.23*v1)-v2))))/((v1-0.265)-v2))))))
1621.4645509719849,0.6405411328820437,29.0,0.0,372.0,-0.9919840476950156,true,2.0257491683679583e-6,0.19320622548305438,5.0,((9.89754107117793e-6*pow2(pow2(exp((-1.15591184714541/v1)))))/sqrt_abs((v2+((v1*(-0.319289248013175*v1))+(0.0098038125652822*exp((1.02633088813695*v1))))))),-0.9866863348959464,2.2288076406618588e-13,0.1698082049632671,2.2288076406618588e-13,3.035420144102702e82,2.548505156987531e-7,((9.9e-6*pow2(pow2(exp((-1.16/v1)))))/sqrt_abs((v2+((v1*(-0.319*v1))+(0.0098*exp((1.03*v1)))))))
1799.6456859111786,0.20016625963992918,29.0,0.0,0.0,-0.991718960448597,true,2.0166815909905373e-6,0.12046579280477589,5.0,pow2((0.000223240264579932*(v1+(v1*((v2*(-0.298907033628639+(0.00239063778663829/((1.23742839426608*v1)-v2))))/((-0.265579055087595+v1)-v2)))))),-0.9869307798082784,2.1878857244150286e-13,0.08326693380585713,2.1878857244150286e-13,9.134385233318143e46,2.386427626412372e-7,pow2((0.000223*(v1+(v1*((v2*(-0.299+(0.00239/((1.24*v1)-v2))))/((-0.266+v1)-v2))))))
1799.7028269767761,0.36303025347485396,29.0,0.0,0.0,-0.991718960448597,true,2.0704813585847215e-6,0.2184098646459453,6.0,(pow2(v1)*pow2((0.000247174021177638+((-9.93280316048608e-5*v1)/((v1+(-0.0117225452199558/(0.0147815122960444+(0.000737607375608821/(-3.93581553803946+v1)))))-v2))))),-0.9864152419187362,2.2741906433296763e-13,0.14017242355826282,2.2741906433296763e-13,1.7179869185e10,2.6431243883541554e-7,(pow2(v1)*pow2((0.000247+((-9.93e-5*v1)/((v1+(-0.0117/(0.0148+(0.000738/(-3.94+v1)))))-v2)))))
957.1887891292572,0.20657283133903606,29.0,0.0,1780.0,-0.9912371926757291,true,2.020673837721206e-6,0.09940363974882095,5.0,pow2((exp(pow3(((v1+(0.0274537456297829/(-5.18487387230167+v1)))/(v2+(-0.0316445406489445/((1.3060246574126*v1)-v2))))))*(0.000305361090333311*v1))),-0.9869163979669626,2.190293352784873e-13,0.07532166144384428,2.190293352784873e-13,1.7976931348623157e308,2.3615332654138587e-7,pow2((exp(pow3(((v1+(0.0275/(-5.18+v1)))/(v2+(-0.0316/((1.31*v1)-v2))))))*(0.000305*v1)))
1744.1695449352264,0.9998859924079195,29.0,0.0,115.0,-0.9942941727627813,true,1.153414719001507e-5,0.7948865675835692,3.0,(pow2((0.000226671519348513*v1))*(0.000291893119431718+sqrt_abs((v1*(log(v1)/(v2+(v1*((v2+((-0.43181761752001*v1)-v2))/v2)))))))),-0.022050668971277165,1.6371607097983273e-11,0.7788977112943068,1.6371607097983273e-11,1.8971375900641885e81,2.4874226898112663e-6,(pow2((0.000227*v1))*(0.000292+sqrt_abs((v1*(log(v1)/(v2+(v1*((v2+((-0.432*v1)-v2))/v2))))))))
1767.3394360542297,0.19980513271915679,29.0,0.0,67.0,-0.991718960448597,true,2.019626381835593e-6,0.12073184231579775,5.0,pow2((0.000222786250557364*(v1+(v1*((v2*(-0.30116712513724+(0.0024239337241932/((1.23730448461437*v1)-v2))))/((-0.270519455139073+v1)-v2)))))),-0.986933980977534,2.187349824612791e-13,0.0833312239157663,2.187349824612791e-13,9.134385233318143e46,2.3835509032875196e-7,pow2((0.000223*(v1+(v1*((v2*(-0.301+(0.00242/((1.24*v1)-v2))))/((-0.271+v1)-v2))))))
1796.4991199970245,0.32697468258261353,29.0,0.0,7.0,-0.991718960448597,true,2.0145040025692915e-6,0.1626677573593491,5.0,pow2((exp(pow2((v1/(v2+(0.0309413945854488/(-5.33258369379997+v1))))))*(0.000136038594218043*(v1+(v1+(0.259690257865846/(-5.4829652304753+v1))))))),-0.986118519757371,2.3238641641247365e-13,0.10543229981014494,2.3238641641247365e-13,1.7976931348623157e308,2.472221816623104e-7,pow2((exp(pow2((v1/(v2+(0.0309/(-5.33+v1))))))*(0.000136*(v1+(v1+(0.26/(-5.48+v1)))))))
1721.4120559692383,0.31152772197722833,29.0,0.0,163.0,-0.991718960448597,true,2.046414463422994e-6,0.10974875919975198,5.0,(pow2((0.000547556340825853*(v1+(0.00953256464680161*pow3(v1)))))/(1.43687514544357+sqrt_abs((v2+(v1*(-1.32886113344584+(v2*(0.00393724843016244*v1)))))))),-0.9869616917578986,2.1827108316290844e-13,0.08252781265670475,2.1827108316290844e-13,1.34217985e8,2.3594938692300846e-7,(pow2((0.000548*(v1+(0.00953*pow3(v1)))))/(1.44+sqrt_abs((v2+(v1*(-1.33+(v2*(0.00394*v1))))))))
1070.268394947052,0.605497286285486,29.0,0.0,1541.0,-0.9919358720819955,true,2.0265065893375164e-6,0.20713193863373955,5.0,(pow2((0.000636611690760521*(-0.41575540908812+v1)))/(0.984154418411119+sqrt_abs((v2+(v1*(-1.26098075920623+(0.000756598748238371*pow3((v1+(v1-v2)))))))))),-0.9868164539033408,2.207024740490532e-13,0.16726119333870826,2.207024740490532e-13,6.96898287454082e41,2.5030694851988375e-7,(pow2((0.000637*(-0.416+v1)))/(0.984+sqrt_abs((v2+(v1*(-1.26+(0.000757*pow3((v1+(v1-v2))))))))))
1800.0819590091705,0.3760804681577839,29.0,0.0,0.0,-0.991718960448597,true,2.026478174926774e-6,0.11823717828622807,4.0,pow2((0.000279023964542446*(v1+(v1*((v2*(-0.137934873631574+pow3((0.00115350952627773/((v1*v1)-v2)))))/((0.116919770968863+v1)-v2)))))),-0.9853442280374272,2.4534864197563875e-13,0.09038111688380751,2.4534864197563875e-13,1.7976931348623157e308,2.5781985340052494e-7,pow2((0.000279*(v1+(v1*((v2*(-0.138+pow3((0.00115/((v1*v1)-v2)))))/((0.117+v1)-v2))))))
1789.4498229026794,0.22033683148885475,30.0,0.0,21.0,-0.991718960448597,true,2.031296978731647e-6,0.10060281824960615,5.0,(pow2(v1)*pow2((0.000218172866748753+((-6.99724796171145e-5*v2)/((v1+(0.863441635811454*((v1*(0.00461528258702206*v1))+(-0.0931165873585034*v1))))-v2))))),-0.9853777779140841,2.4478699181505727e-13,0.07625033266719247,2.4478699181505727e-13,5.62949953421313e14,2.5099023261140203e-7,(pow2(v1)*pow2((0.000218+((-7.0e-5*v2)/((v1+(0.863*((v1*(0.00462*v1))+(-0.0931*v1))))-v2)))))
1797.7200241088867,0.7182267561449364,30.0,0.0,4.0,-0.9912371926757291,true,2.03794429975054e-6,0.16596255010633088,5.0,(pow2(v1)*pow2((0.000304963587437517+(-0.000103699233517364/((v1+(-0.104855355887844*(v1*((v1+(-0.00548769755428923/(-3.97821678458662+v1)))-v2))))-v2))))),-0.9867112299049127,2.2246400289813116e-13,0.12534419646050096,2.2246400289813116e-13,6.7108865e7,2.4898468424347596e-7,(pow2(v1)*pow2((0.000305+(-0.000104/((v1+(-0.105*(v1*((v1+(-0.00549/(-3.98+v1)))-v2))))-v2)))))
1222.332880973816,0.49270453635577477,30.0,0.0,1220.0,-0.991718960448597,true,2.0284841961713946e-6,0.13611684234018193,4.0,(pow2((v1+(-0.00215326164737513/pow3(((1.21191154842848*v1)-v2)))))*((-1.01322395286152e-7*v2)/((v1*(exp((0.294118032523482*v1))/v2))-v2))),-0.986933353170092,2.187454924298932e-13,0.0974796628240765,2.187454924298932e-13,3.848290697217e12,2.383336151126565e-7,(pow2((v1+(-0.00215/pow3(((1.21*v1)-v2)))))*((-1.01e-7*v2)/((v1*(exp((0.294*v1))/v2))-v2)))
1797.7518689632416,0.23153553623607817,30.0,0.0,4.0,-0.991718960448597,true,2.09566079191652e-6,0.1321481483296617,6.0,(pow2(v1)*(7.5693467162454e-8+((-4.2523919333842e-8*v1)/((v1+(-0.0432405352279356/(v2*(-0.193040110933697+(0.00203837136604419/(1.22832192144906-v2))))))-v2)))),-0.985261526427221,2.467331291118397e-13,0.08365466340846403,2.467331291118397e-13,201.0,2.550043074704544e-7,(pow2(v1)*(7.57e-8+((-4.25e-8*v1)/((v1+(-0.0432/(v2*(-0.193+(0.00204/(1.23-v2))))))-v2))))
1799.721009016037,0.7267544267545959,30.0,0.0,0.0,-0.9919840476950156,true,2.0584103597217547e-6,0.26131463307554453,4.0,(pow3((-0.00580255365011707*v1))/(((-1.16303538316615*v1)/((v1+((-0.133018713106349/(0.0105144859806317*exp(pow3((v1/v2)))))/v2))-v2))-v2)),-0.9849923629470737,2.512391281470476e-13,0.18222659489419823,2.512391281470476e-13,2.06158430449e11,2.771076437195754e-7,(pow3((-0.0058*v1))/(((-1.16*v1)/((v1+((-0.133/(0.0105*exp(pow3((v1/v2)))))/v2))-v2))-v2))
1796.349070072174,0.2738057130831626,30.0,0.0,7.0,-0.991718960448597,true,2.0190992107077055e-6,0.12416000331502602,4.0,pow2((exp(pow3((v1/v2)))*(0.000310115585951583*(v1+(-0.0276596387130034/(v1+(-0.00514420875788134+(v1/(((2.19520685520567*v1)-v2)-v2))))))))),-0.9862535116535253,2.301265505736927e-13,0.08347123037051783,2.301265505736927e-13,1.7976931348623157e308,2.4549197324174264e-7,pow2((exp(pow3((v1/v2)))*(0.00031*(v1+(-0.0277/(v1+(-0.00514+(v1/(((2.2*v1)-v2)-v2)))))))))
1798.7602779865265,0.2704906683987515,30.0,0.0,2.0,-0.991718960448597,true,2.0130076945594765e-6,0.12853504819973885,5.0,(pow2(v1)*(7.03669878770364e-8+((v1*(-4.27963756390536e-6/(87.9398299527105+v1)))/((v1+(-0.000155304826083707/pow3(((1.2219209341452*v1)-v2))))-v2)))),-0.986788813396416,2.2116519691720621e-13,0.09075228430623554,2.2116519691720621e-13,1341.0,2.421157226815974e-7,(pow2(v1)*(7.04e-8+((v1*(-4.28e-6/(87.9+v1)))/((v1+(-0.000155/pow3(((1.22*v1)-v2))))-v2))))
1736.0056490898132,0.27445457404647616,30.0,0.0,132.0,-0.991718960448597,true,2.0319463603323567e-6,0.10948299250220536,5.0,pow2((exp(((-0.146250879507398*v1)/((v1+(0.336578064734729/((v1+(-0.00823265014921528/(-3.99837331095607+v1)))-v2)))-v2)))*(0.000303579916966372*v1))),-0.9869599477701364,2.1830027882930983e-13,0.07891802784537949,2.1830027882930983e-13,1.7976931348623157e308,2.3662243265169142e-7,pow2((exp(((-0.146*v1)/((v1+(0.337/((v1+(-0.00823/(-4.0+v1)))-v2)))-v2)))*(0.000304*v1)))
1753.3732769489288,0.4993298115915754,30.0,0.0,96.0,-0.991718960448597,true,2.029201437267249e-6,0.1365135740792305,4.0,(pow2((v1+(-0.00209373765798639/pow3(((1.21180337970379*v1)-v2)))))*((-1.01816149287813e-7*v2)/((v1*(exp((0.293747583625424*v1))/v2))-v2))),-0.9869535610456102,2.1840719739990388e-13,0.09901089144342584,2.1840719739990388e-13,3.848290697217e12,2.380662501174653e-7,(pow2((v1+(-0.00209/pow3(((1.21*v1)-v2)))))*((-1.02e-7*v2)/((v1*(exp((0.294*v1))/v2))-v2)))
1795.0950479507446,0.7725696372126893,30.0,0.0,10.0,-0.9912371926757291,true,2.064966374819123e-6,0.30154847891611475,4.0,pow2((exp(((v2*(-0.0174616158140588+(8.179604234216132e-9/((1.24999975271781*v1)-v2))))/((v1+pow2((v1/v2)))-v2)))*(-0.000369988324118902*v1))),-0.9857059029551273,2.392939319186742e-13,0.19167387449010057,2.392939319186742e-13,1.7976931348623157e308,2.832192327847859e-7,pow2((exp(((v2*(-0.0175+(8.18e-9/((1.25*v1)-v2))))/((v1+pow2((v1/v2)))-v2)))*(-0.00037*v1)))
1396.730190038681,0.7799212385298181,30.0,0.0,852.0,-0.9923212769861557,true,2.0073824016206783e-6,0.27035075290749455,5.0,pow2((exp(pow2(pow3((v1/(v2+(-0.0221635669057364/(-3.93259692005409+v1)))))))*(0.000315106754233112*(v1+(0.0565259754197504*(v2*(-2.31177196118629+v1))))))),-0.9864512112127084,2.2681691130742636e-13,0.19947197067580127,2.2681691130742636e-13,1.7976931348623157e308,2.7053111073286924e-7,pow2((exp(pow2(pow3((v1/(v2+(-0.0222/(-3.93+v1)))))))*(0.000315*(v1+(0.0565*(v2*(-2.31+v1)))))))
1218.6722390651703,0.33119490126963064,30.0,0.0,1228.0,-0.991718960448597,true,2.0474425828697916e-6,0.12907291522543105,4.0,pow2((exp(pow2(pow3((v1/(v2+(0.0421705551932411/(-4.17496209783997+v1)))))))*(0.000159960895544623*(v1+(v1+(0.0940514121343744*(pow3(v1)/v2))))))),-0.9869438373049936,2.1856998012887256e-13,0.08512401328747714,2.1856998012887256e-13,1.7976931348623157e308,2.4094277437858195e-7,pow2((exp(pow2(pow3((v1/(v2+(0.0422/(-4.17+v1)))))))*(0.00016*(v1+(v1+(0.0941*(pow3(v1)/v2)))))))
1799.4388210773468,0.608993219647336,30.0,0.0,1.0,-0.9921045993622071,true,2.006445634964183e-6,0.29473181535231185,6.0,pow2(((exp(pow3((v1/v2)))*(0.000329179395605941*(v1+(-0.00173064738925315/(0.012121807003209+(-0.00144101076261605/((1.23763089433064*v1)-v2)))))))-7.75812303782919e-5)),-0.9864117483416819,2.274775494395934e-13,0.2004394955586436,2.274775494395934e-13,1.7976931348623157e308,2.7159907697845456e-7,pow2(((exp(pow3((v1/v2)))*(0.000329*(v1+(-0.00173/(0.0121+(-0.00144/((1.24*v1)-v2)))))))-7.76e-5))
1799.8937799930573,0.6935140316874816,30.0,0.0,0.0,-0.9791929983540313,true,2.016428161466365e-6,0.23079573892229507,4.0,pow2((exp(pow2(pow3((v1/(v2+(0.0351105390479436/v1))))))*(0.000185293382618104*(v1+(v1+(0.104883646367875*(pow3((-2.31065850914507+v1))/v2))))))),-0.984448795860899,2.603388498646209e-13,0.15282300822022218,2.603388498646209e-13,1.7976931348623157e308,2.8868937808793985e-7,pow2((exp(pow2(pow3((v1/(v2+(0.0351/v1))))))*(0.000185*(v1+(v1+(0.105*(pow3((-2.31+v1))/v2)))))))
1799.9405620098114,0.22867218759859076,30.0,0.0,0.0,-0.991718960448597,true,2.025005363049052e-6,0.10404367198065982,5.0,pow2((0.00022931812620817*(v1+(v1*((v2*(-0.284371544377908+pow3((0.0303757943194374/((1.22936186217035*v1)-v2)))))/((-0.278997315368094+v1)-v2)))))),-0.9869565305733102,2.1835748527348864e-13,0.08105926773136886,2.1835748527348864e-13,1.7976931348623157e308,2.3727216005267632e-7,pow2((0.000229*(v1+(v1*((v2*(-0.284+pow3((0.0304/((1.23*v1)-v2)))))/((-0.279+v1)-v2))))))
1794.2746119499207,0.6495296455980851,30.0,0.0,12.0,-0.9925627731193225,true,2.0837308800620793e-6,0.31684451445507583,4.0,pow2((exp(pow3((v1/v2)))*(0.000333352773966882*(v1+(-0.415758437072514+(-0.0183822278996083/(((v1*((1.40678732909051*v1)-v2))-v2)-v2))))))),-0.984582220157614,2.5810522681909504e-13,0.22564745073632886,2.5810522681909504e-13,1.7976931348623157e308,2.9344264167661633e-7,pow2((exp(pow3((v1/v2)))*(0.000333*(v1+(-0.416+(-0.0184/(((v1*((1.41*v1)-v2))-v2)-v2)))))))
1799.0515310764313,0.7321998091553891,30.0,0.0,2.0,-0.9906590713482876,true,2.025638493050276e-6,0.26154691654729834,6.0,pow2((exp(pow3(((0.784293077040893*(1.14139284204633+v1))/v2)))*(0.000345131116624141*(v1+(-0.517142448609869+(-0.0139258880076523/((1.16290156123761*v1)-v2))))))),-0.9860902947136797,2.3285892486559523e-13,0.19970134658773106,2.3285892486559523e-13,1.7976931348623157e308,2.6969747460091395e-7,pow2((exp(pow3(((0.784*(1.14+v1))/v2)))*(0.000345*(v1+(-0.517+(-0.0139/((1.16*v1)-v2)))))))
1594.8081641197205,0.6369945282375633,30.0,0.0,430.0,-0.9920329181982164,true,2.0190141981937924e-6,0.29489677641723955,6.0,pow2((exp(pow3((v1/v2)))*(0.000338138175873375*(v1+(-0.446556591690278+(-0.00547361498380796/(-0.175170727291848+(-0.0655384544000278/((1.13597529937493*v1)-v2))))))))),-0.9863987812827376,2.276946277559403e-13,0.21208594039008666,2.276946277559403e-13,1.7976931348623157e308,2.742239948745527e-7,pow2((exp(pow3((v1/v2)))*(0.000338*(v1+(-0.447+(-0.00547/(-0.175+(-0.0655/((1.14*v1)-v2)))))))))
1750.7859060764313,0.9998859924079195,30.0,0.0,102.0,-0.9944872755605448,true,1.1989424223937698e-5,0.8230061938911949,4.0,(pow2((0.000226671519348513*v1))*(0.000291893119431718+sqrt_abs(((v1*log(v1))/(v2+(((v1+(-0.283947144883536/(-0.000518947288578253-v2)))-v2)/v1)))))),0.0695845305311178,1.7905649235954183e-11,0.7874398988962128,1.7905649235954183e-11,4.789048565205903e52,2.5862468322671503e-6,(pow2((0.000227*v1))*(0.000292+sqrt_abs(((v1*log(v1))/(v2+(((v1+(-0.284/(-0.000519-v2)))-v2)/v1))))))
1798.5773050785065,0.2287272012510898,30.0,0.0,3.0,-0.991718960448597,true,2.0250079086713375e-6,0.10399159751281573,5.0,pow2((0.000229342078032982*(v1+(v1*((v2*(-0.284274625363324+pow3((0.0303746256256114/((1.22935968711808*v1)-v2)))))/((-0.278779932240579+v1)-v2)))))),-0.9869565269361104,2.1835754616294854e-13,0.08105052080684111,2.1835754616294854e-13,1.7976931348623157e308,2.3727164448085593e-7,pow2((0.000229*(v1+(v1*((v2*(-0.284+pow3((0.0304/((1.23*v1)-v2)))))/((-0.279+v1)-v2))))))
