time,generation,mean age hall_of_fame,mean compl,mean recursive_compl,mean n_params,min mae,min mse,min max_ae,min minus_r2,min mare,min q75_are,min max_are,min ms_processed_e,min minus_spearman,max penalty
12.857610940933228,1.0,0.0,8.142857142857142,6.135774974285715e8,1.0,2.617866413874112e-7,1.1266133122378678e-13,1.0604412520403503e-6,-0.9932495024170573,0.27024515374052316,0.37920898256182667,0.620207527558496,1.1266133122378678e-13,-0.9955733447357991,1.0
17.88613796234131,11.0,4.555555555555555,9.222222222222221,112.0,1.4444444444444444,2.3109677869326408e-7,1.0127238786414706e-13,1.0251775184220197e-6,-0.9939319107801257,0.29344056401932717,0.29890041578948273,0.7093523002631171,1.0127238786414706e-13,-0.9951637161517001,0.0
22.922152996063232,26.0,8.090909090909092,11.545454545454545,1.6342664862384688e307,1.6363636363636365,1.5237883990392928e-7,6.674623426910841e-14,1.0005942228958549e-6,-0.9960006659941809,0.11988088902376962,0.13483583058819082,0.5701341444783763,6.674623426910841e-14,-0.9955008674454763,0.0
28.160166025161743,40.0,8.416666666666666,9.333333333333334,1.9676527011957136e20,1.4166666666666667,1.463732461939611e-7,6.613744693574555e-14,9.988024740532834e-7,-0.9960371436158968,0.08504284309387616,0.11990851264568854,0.3057505335963365,6.613744693574555e-14,-0.9953806748737378,0.0
33.1700279712677,50.0,9.272727272727273,9.727272727272727,3.050505909090909e6,1.6363636363636365,1.2483936890089785e-7,6.144229986285033e-14,9.975581144368724e-7,-0.9963184697694479,0.03778137101092679,0.054634850736211875,0.11536737795788368,6.144229986285033e-14,-0.9954527558601379,0.0
39.34740090370178,63.0,19.0,11.25,3.4955141666666665e6,1.8333333333333333,1.2483936890089785e-7,6.119654360204825e-14,1.0195300327126493e-6,-0.9963331951151058,0.03778137101092679,0.054634850736211875,0.11536737795788368,6.119654360204825e-14,-0.9954527558601379,0.0
44.42880296707153,76.0,26.46153846153846,11.23076923076923,2.581382230769231e6,1.6923076923076923,1.2483936890089785e-7,6.087442888132793e-14,1.0195300327126493e-6,-0.9963524957448785,0.03778137101092679,0.054634850736211875,0.11536737795788368,6.087442888132793e-14,-0.9954527558601379,0.0
49.4415020942688,89.0,28.428571428571427,11.571428571428571,2.3968485e6,1.5,1.2483936890089785e-7,6.087280617203658e-14,1.0046471180424462e-6,-0.9963525929751795,0.03778137101092679,0.054634850736211875,0.11536737795788368,6.087280617203658e-14,-0.9954527558601379,0.0
54.56401801109314,102.0,32.0,12.533333333333333,2.376894533333333e6,1.8666666666666667,1.2483936890089785e-7,6.08722773512912e-14,1.0200829994310538e-6,-0.9963526246613235,0.03778137101092679,0.054634850736211875,0.11536737795788368,6.08722773512912e-14,-0.9954527558601379,0.0
59.84431004524231,116.0,32.10526315789474,13.210526315789474,5.8389235578947365e7,1.7894736842105263,1.2483936890089785e-7,6.086988151054584e-14,1.0200829976666334e-6,-0.9963527682164989,0.03778137101092679,0.054634850736211875,0.11536737795788368,6.086988151054584e-14,-0.9955251109383669,1.0
65.12871408462524,130.0,38.68421052631579,13.210526315789474,5.8389213473684214e7,1.7894736842105263,1.2483936890089785e-7,6.086808341417382e-14,1.0200829976666334e-6,-0.9963528759557301,0.03778137101092679,0.054634850736211875,0.11536737795788368,6.086808341417382e-14,-0.9955251109383669,1.0
70.46902990341187,144.0,49.111111111111114,12.944444444444445,6.163303005555555e7,1.7222222222222223,1.2483936890089785e-7,6.086555869968165e-14,1.022570419396838e-6,-0.9963530272328266,0.03778137101092679,0.054634850736211875,0.11536737795788368,6.086555869968165e-14,-0.9955251109383669,1.0
75.74983406066895,158.0,55.333333333333336,12.944444444444445,6.163303005555555e7,1.7222222222222223,1.2483936890089785e-7,6.086360446340147e-14,1.022570419396838e-6,-0.9963531443277264,0.03778137101092679,0.054634850736211875,0.11536737795788368,6.086360446340147e-14,-0.9955008674454763,1.0
80.97586798667908,171.0,52.529411764705884,13.058823529411764,1.914577097647059e8,1.6470588235294117,1.2483936890089785e-7,6.086249398898337e-14,1.0111047450657866e-6,-0.9963532108656838,0.03778137101092679,0.054634850736211875,0.11536737795788368,6.086249398898337e-14,-0.9955251109383669,1.0
86.06661605834961,184.0,59.611111111111114,13.055555555555555,1.808211846111111e8,1.6666666666666667,1.2483936890089785e-7,6.086074184017174e-14,9.997985118894112e-7,-0.9963533158518063,0.03778137101092679,0.054634850736211875,0.11536737795788368,6.086074184017174e-14,-0.9955251109383669,1.0
91.08384609222412,197.0,64.5,13.055555555555555,1.808211846111111e8,1.6666666666666667,1.2483936890089785e-7,6.085974739197022e-14,9.997984539791408e-7,-0.9963533754376475,0.03778137101092679,0.054634850736211875,0.11536737795788368,6.085974739197022e-14,-0.9955251109383669,1.0
96.36489701271057,211.0,67.42105263157895,13.894736842105264,1.7174578631578946e8,1.8421052631578947,1.2483936890089785e-7,6.084275650169254e-14,9.997984539791408e-7,-0.9963543935062474,0.03778137101092679,0.054634850736211875,0.11536737795788368,6.084275650169254e-14,-0.9955251109383669,1.0
101.66910099983215,225.0,66.78947368421052,13.894736842105264,1.7174579057894737e8,1.894736842105263,1.24795754103167e-7,6.084275650169254e-14,9.997972927674026e-7,-0.9963543935062474,0.037479793995073674,0.050768791152595964,0.11021812162331342,6.084275650169254e-14,-0.9955251109383669,1.0
106.67640590667725,238.0,58.31578947368421,13.894736842105264,1.7174579057894737e8,1.894736842105263,1.2461144979119727e-7,6.084275650169254e-14,9.997972927674026e-7,-0.9963543935062474,0.037479793995073674,0.050768791152595964,0.11021812162331342,6.084275650169254e-14,-0.9955251109383669,1.0
112.02468490600586,252.0,72.3157894736842,13.894736842105264,1.7174579057894737e8,1.894736842105263,1.2461144979119727e-7,6.084275650169254e-14,9.997972927674026e-7,-0.9963543935062474,0.037479793995073674,0.050768791152595964,0.11021812162331342,6.084275650169254e-14,-0.9955251109383669,1.0
117.30395197868347,266.0,75.35,13.65,1.631585031e8,1.85,1.2461144979119727e-7,6.084275650169254e-14,9.997972927674026e-7,-0.9963543935062474,0.037479793995073674,0.050768791152595964,0.11021812162331342,6.084275650169254e-14,-0.9955251109383669,1.0
122.33687996864319,279.0,83.75,13.65,1.631585031e8,1.85,1.2461144979119727e-7,6.084275650169254e-14,9.997972927674026e-7,-0.9963543935062474,0.03747979399361086,0.05076879112285451,0.11021812158644502,6.084275650169254e-14,-0.9955251109383669,1.0
127.39792704582214,292.0,76.57894736842105,13.210526315789474,1.0110488321052632e8,1.7894736842105263,1.3331647448099684e-7,6.084275650169254e-14,9.997972927674026e-7,-0.9963543935062474,0.07197271184778137,0.10430404071673646,0.27325224688545635,6.084275650169254e-14,-0.9955251109383669,1.0
132.40891003608704,305.0,85.10526315789474,13.210526315789474,4.45938802631579e7,1.894736842105263,1.3331647448099684e-7,6.084275650169254e-14,9.997972927674026e-7,-0.9963543935062474,0.07197271184778137,0.10430404071673646,0.27325224688545635,6.084275650169254e-14,-0.9955251109383669,0.0
137.50189995765686,318.0,85.52631578947368,12.789473684210526,4.629964166978421e11,1.8421052631578947,1.347067573420838e-7,5.979752384262754e-14,9.997972927674026e-7,-0.9964170222756928,0.07790473314982686,0.10430404071673646,0.28604267475105594,5.979752384262754e-14,-0.9955251109383669,0.0
142.53802013397217,331.0,95.78947368421052,12.789473684210526,4.629964167104211e11,1.8421052631578947,1.347067573420838e-7,5.979752384262754e-14,9.997972927674026e-7,-0.9964170222756928,0.07790473314982686,0.10430404071673646,0.28604267475105594,5.979752384262754e-14,-0.9955251109383669,0.0
147.631108045578,344.0,92.57894736842105,12.789473684210526,4.629964167104211e11,1.8421052631578947,1.347067573420838e-7,5.979752384262754e-14,9.997972927674026e-7,-0.9964170222756928,0.07790473314982686,0.10430404140022528,0.28604267475105594,5.979752384262754e-14,-0.9955251109383669,0.0
152.88913893699646,357.0,100.73684210526316,12.789473684210526,3.1202920889213626e78,1.8421052631578947,1.347078737144116e-7,5.979752384262754e-14,9.997972927674026e-7,-0.9964170222756928,0.07790473314982686,0.10430404140022528,0.28604267475105594,5.979752384262754e-14,-0.9956695085761919,0.0
158.13112998008728,370.0,100.84210526315789,12.789473684210526,3.1202920889213626e78,1.8421052631578947,1.347078737144116e-7,5.979752384262754e-14,9.997972927674026e-7,-0.9964170222756928,0.07790479724700204,0.10430404140022528,0.28600333288747254,5.979752384262754e-14,-0.9956695085761919,0.0
163.53512597084045,383.0,102.57894736842105,12.789473684210526,3.1202920889213626e78,1.8421052631578947,1.3470801187891787e-7,5.979752384262754e-14,9.997859204984026e-7,-0.9964170222756928,0.07790479724700204,0.10430404602299315,0.28600333288747254,5.979752384262754e-14,-0.9956695085761919,0.0
168.88241004943848,396.0,115.57894736842105,12.789473684210526,3.1202920889213626e78,1.8421052631578947,1.3470801187891787e-7,5.979752384262754e-14,9.997859204984026e-7,-0.9964170222756928,0.07790479724700204,0.10430404602299315,0.28600333288747254,5.979752384262754e-14,-0.9956695085761919,0.0
174.24006009101868,409.0,123.3157894736842,12.789473684210526,3.1202920889213626e78,1.8421052631578947,1.3470801187891787e-7,5.968734852215899e-14,9.997859204984026e-7,-0.9964236238152491,0.07790479724700204,0.10430404602299315,0.28600333288747254,5.968734852215899e-14,-0.9956695085761919,0.0
179.5173830986023,422.0,120.84210526315789,12.789473684210526,3.1202920889213626e78,1.8421052631578947,1.3470801187891787e-7,5.968734852215899e-14,9.997859204984026e-7,-0.9964236238152491,0.07790479724700204,0.10430404602299315,0.28600333288747254,5.968734852215899e-14,-0.9956695085761919,0.0
184.87884306907654,435.0,126.89473684210526,12.789473684210526,3.1202920889213626e78,1.8421052631578947,1.3470801187891787e-7,5.968734852215899e-14,9.997859204984026e-7,-0.9964236238152491,0.07790479724700204,0.10430404602299315,0.28600333288747254,5.968734852215899e-14,-0.9956695085761919,0.0
189.9096179008484,447.0,135.1578947368421,12.789473684210526,3.1202920889213626e78,1.894736842105263,1.3470801187891787e-7,5.968734852215899e-14,9.997859204984026e-7,-0.9964236238152491,0.07790479724700204,0.10785537946611384,0.28600333288747254,5.968734852215899e-14,-0.9956695085761919,0.0
195.25447010993958,460.0,148.1578947368421,12.789473684210526,3.1202920889213626e78,1.894736842105263,1.3470801187891787e-7,5.968734852215899e-14,9.997859204984026e-7,-0.9964236238152491,0.07790479724700204,0.10785537946611384,0.28600333288747254,5.968734852215899e-14,-0.9956695085761919,0.0
200.5007529258728,473.0,156.21052631578948,12.789473684210526,3.1202920889213626e78,1.894736842105263,1.3471186401349843e-7,5.968734852215899e-14,9.997859204984026e-7,-0.9964236238152491,0.07790479724700204,0.10785537946611384,0.28600333288747254,5.968734852215899e-14,-0.9956695085761919,0.0
205.78221201896667,486.0,169.21052631578948,12.789473684210526,3.1202920889213626e78,1.894736842105263,1.3471186401349843e-7,5.968734852215899e-14,9.997859204984026e-7,-0.9964236238152491,0.07790479724700204,0.10785537946611384,0.28600333288747254,5.968734852215899e-14,-0.9956695085761919,0.0
211.14390897750854,499.0,182.21052631578948,12.789473684210526,3.1202920889213626e78,1.894736842105263,1.3471186401349843e-7,5.968734852215899e-14,9.997859204984026e-7,-0.9964236238152491,0.07790479724700204,0.10785537946611384,0.28600333288747254,5.968734852215899e-14,-0.9956695085761919,0.0
216.35783696174622,512.0,195.21052631578948,12.789473684210526,3.1202920889213626e78,1.894736842105263,1.3471186401349843e-7,5.968734852215899e-14,9.997859204984026e-7,-0.9964236238152491,0.07790479724700204,0.10785537946611384,0.28600333288747254,5.968734852215899e-14,-0.9956695085761919,0.0
221.47772002220154,525.0,198.1578947368421,12.789473684210526,3.1202920889213626e78,1.894736842105263,1.3471186401349843e-7,5.968734852215899e-14,9.997859204984026e-7,-0.9964236238152491,0.07790479724700204,0.10785537946611384,0.28600333288747254,5.968734852215899e-14,-0.9956695085761919,0.0
226.880597114563,539.0,212.1578947368421,12.789473684210526,3.1202920889213626e78,1.894736842105263,1.3471186401349843e-7,5.968734852215899e-14,9.997859204984026e-7,-0.9964236238152491,0.07790479724700204,0.10785537946611384,0.28600333288747254,5.968734852215899e-14,-0.9956695085761919,0.0
231.89834213256836,552.0,192.3684210526316,12.789473684210526,3.1202920889213626e78,1.7894736842105263,1.3471186401349843e-7,5.968734852215899e-14,9.997859204984026e-7,-0.9964236238152491,0.07790479724700204,0.10785537946611384,0.28600333288747254,5.968734852215899e-14,-0.9956695085761919,0.0
236.96710896492004,565.0,205.3684210526316,12.789473684210526,3.1202920889213626e78,1.7894736842105263,1.3471186401349843e-7,5.968734852215899e-14,9.997859204984026e-7,-0.9964236238152491,0.07790479724700204,0.10785537946611384,0.28600333288747254,5.968734852215899e-14,-0.9956695085761919,0.0
242.30856800079346,579.0,200.52631578947367,12.789473684210526,3.1202920889213626e78,1.7894736842105263,1.347119707351036e-7,5.968734852215899e-14,9.997859204984026e-7,-0.9964236238152491,0.07790479724700204,0.10785537946611384,0.28600333288747254,5.968734852215899e-14,-0.9956695085761919,0.0
247.40657711029053,592.0,200.68421052631578,12.789473684210526,3.1202920889213626e78,1.7894736842105263,1.347119707351036e-7,5.968734852215899e-14,9.997859204984026e-7,-0.9964236238152491,0.07790479724700204,0.10785537946611384,0.28600333288747254,5.968734852215899e-14,-0.9955008674454763,0.0
252.69377613067627,605.0,195.6315789473684,12.789473684210526,3.1202920889213626e78,1.7894736842105263,1.347119707351036e-7,5.968734852215899e-14,9.997859204984026e-7,-0.9964236238152491,0.07790479724700204,0.10785537946611384,0.28600333288747254,5.968734852215899e-14,-0.9953806748737378,0.0
257.9196970462799,618.0,208.6315789473684,12.789473684210526,3.1202920889213626e78,1.7894736842105263,1.347119707351036e-7,5.968734852215899e-14,9.997859204984026e-7,-0.9964236238152491,0.07790479724700204,0.10785537946611384,0.28600333288747254,5.968734852215899e-14,-0.9953806748737378,0.0
263.1647880077362,631.0,213.11111111111111,13.0,3.293641649416994e78,1.8333333333333333,1.347119707351036e-7,5.968734852215899e-14,9.997859204984026e-7,-0.9964236238152491,0.07790479724700204,0.10785537946611384,0.28600333288747254,5.968734852215899e-14,-0.9953806748737378,0.0
268.3606240749359,644.0,226.11111111111111,13.0,3.293641649416994e78,1.8333333333333333,1.347119707351036e-7,5.968734852215899e-14,9.997859204984026e-7,-0.9964236238152491,0.07790479724700204,0.10785537946611384,0.28600333288747254,5.968734852215899e-14,-0.9953806748737378,0.0
273.4369230270386,657.0,235.88888888888889,13.0,3.293641649416994e78,1.8333333333333333,1.347119707351036e-7,5.968734852215899e-14,9.997859204984026e-7,-0.9964236238152491,0.07790479724700204,0.10785537946611384,0.28600333288747254,5.968734852215899e-14,-0.9953806748737378,0.0
278.68743896484375,670.0,235.94444444444446,13.0,3.293641649416994e78,1.8333333333333333,1.347119707351036e-7,5.968734852215899e-14,9.997859204984026e-7,-0.9964236238152491,0.07790479724700204,0.10785537946611384,0.28600333288747254,5.968734852215899e-14,-0.9953806748737378,0.0
284.0195701122284,683.0,248.94444444444446,13.0,3.293641649416994e78,1.8333333333333333,1.347119707351036e-7,5.968734852215899e-14,9.997859204984026e-7,-0.9964236238152491,0.07790479724700204,0.10785537946611384,0.28600333288747254,5.968734852215899e-14,-0.9953806748737378,0.0
289.2257339954376,696.0,219.77777777777777,13.0,3.293641649416994e78,1.8333333333333333,1.347119707351036e-7,5.968734852215899e-14,9.996774070074715e-7,-0.9964236238152491,0.07790479724700204,0.10785537946611384,0.28600333288747254,5.968734852215899e-14,-0.9953806748737378,0.0
294.41604590415955,709.0,228.16666666666666,13.0,3.293641649416994e78,1.8333333333333333,1.347119707351036e-7,5.968734852215899e-14,9.996774070074715e-7,-0.9964236238152491,0.07790479724700204,0.10785537946611384,0.28600333288747254,5.968734852215899e-14,-0.9953806748737378,0.0
299.8191180229187,722.0,221.7058823529412,12.529411764705882,3.4873852758532877e78,1.8235294117647058,1.3471209350815215e-7,5.968734852215899e-14,9.996774070074715e-7,-0.9964236238152491,0.07790479724700204,0.11007114733296196,0.28600333288747254,5.968734852215899e-14,-0.9953806748737378,0.0
305.13714504241943,735.0,228.76470588235293,12.529411764705882,3.4873852758532877e78,1.8235294117647058,1.3471209350815215e-7,5.968734852215899e-14,9.996774070074715e-7,-0.9964236238152491,0.07790479724700204,0.11007114733296196,0.28600333288747254,5.968734852215899e-14,-0.9956695085761919,0.0
310.4738030433655,748.0,241.35294117647058,12.529411764705882,3.4873852758532877e78,1.8235294117647058,1.3471209350815215e-7,5.968734852215899e-14,9.996774070074715e-7,-0.9964236238152491,0.07790479724700204,0.11007114733296196,0.28600333288747254,5.968734852215899e-14,-0.9956695085761919,0.0
315.7654700279236,761.0,223.7058823529412,12.529411764705882,3.4873852758532877e78,1.8235294117647058,1.3471209350815215e-7,5.968734852215899e-14,9.996774070074715e-7,-0.9964236238152491,0.07790479724700204,0.11007114733296196,0.28600333288747254,5.968734852215899e-14,-0.9956695085761919,0.0
321.0621829032898,774.0,236.7058823529412,12.529411764705882,3.4873852758532877e78,1.8235294117647058,1.3471209350815215e-7,5.968734852215899e-14,9.996774070074715e-7,-0.9964236238152491,0.07790479724700204,0.11007114733296196,0.28600333288747254,5.968734852215899e-14,-0.9956695085761919,0.0
326.09420800209045,786.0,205.0,12.529411764705882,3.4873852758532877e78,1.8235294117647058,1.3471209350815215e-7,5.968734852215899e-14,9.996774070074715e-7,-0.9964236238152491,0.07790479724700204,0.11007114733296196,0.28600333288747254,5.968734852215899e-14,-0.9956695085761919,0.0
331.16466093063354,798.0,217.0,12.529411764705882,3.4873852758532877e78,1.8235294117647058,1.3471209350815215e-7,5.968734852215899e-14,9.996774070074715e-7,-0.9964236238152491,0.07790479724700204,0.11007114733296196,0.28600333288747254,5.968734852215899e-14,-0.9956695085761919,0.0
336.17864513397217,810.0,229.0,12.529411764705882,3.4873852758532877e78,1.8235294117647058,1.3471209350815215e-7,5.968734852215899e-14,9.996774070074715e-7,-0.9964236238152491,0.07790479724700204,0.11007114733296196,0.28600333288747254,5.968734852215899e-14,-0.9956695085761919,0.0
341.3290419578552,822.0,241.0,12.529411764705882,3.4873852758532877e78,1.8235294117647058,1.3471209350815215e-7,5.968734852215899e-14,9.996774070074715e-7,-0.9964236238152491,0.07790479724700204,0.11007114733296196,0.28600333288747254,5.968734852215899e-14,-0.9956695085761919,0.0
346.5397319793701,834.0,224.5625,11.8125,206.0625,1.625,1.282852855436413e-7,5.968734852215899e-14,9.996774070074715e-7,-0.9964236238152491,0.07714399423776808,0.11031534803075804,0.2886618661393963,5.968734852215899e-14,-0.9953806748737378,0.0
351.8859450817108,846.0,236.5625,11.8125,206.0625,1.625,1.282852855436413e-7,5.968734852215899e-14,9.996774070074715e-7,-0.9964236238152491,0.07714399423776808,0.11031534803075804,0.2886618661393963,5.968734852215899e-14,-0.9953806748737378,0.0
357.1142599582672,858.0,248.5625,11.8125,206.0625,1.625,1.282852855436413e-7,5.968734852215899e-14,9.996774070074715e-7,-0.9964236238152491,0.07714399423776808,0.11031534803075804,0.2886618661393963,5.968734852215899e-14,-0.9953806748737378,0.0
362.45799112319946,870.0,243.05882352941177,12.705882352941176,1.0574665499190092e307,1.8235294117647058,1.282852855436413e-7,5.929585897940577e-14,9.996774070074715e-7,-0.9964470812800543,0.07714399423776808,0.11031534803075804,0.29278256042678047,5.929585897940577e-14,-0.9953806748737378,0.0
367.7620749473572,882.0,254.64705882352942,12.705882352941176,1.0574665499190092e307,1.8235294117647058,1.282852855436413e-7,5.92958293939963e-14,9.996774070074715e-7,-0.9964470830527676,0.07714399423776808,0.11031534803075804,0.2927821220970353,5.92958293939963e-14,-0.9953806748737378,0.0
373.21455812454224,894.0,240.33333333333334,13.666666666666666,9.987184082568421e306,1.9444444444444444,1.282852855436413e-7,5.875407433001044e-14,1.000856821975111e-6,-0.996479544201684,0.07433402914065083,0.08992639110373876,0.2927821220970353,5.875407433001044e-14,-0.9953806748737378,0.0
378.65315198898315,906.0,250.3125,11.8125,1.374389536580625e11,1.6875,1.282852855436413e-7,5.826240919977713e-14,1.000856821975111e-6,-0.9965090040370793,0.06873234345121311,0.09026996605648234,0.2927821220970353,5.826240919977713e-14,-0.9953806748737378,0.0
384.06803607940674,918.0,262.3125,11.8125,1.374389536580625e11,1.6875,1.282852855436413e-7,5.826240919977713e-14,1.000856821975111e-6,-0.9965090040370793,0.06873234345121311,0.09026996605648234,0.2927821220970353,5.826240919977713e-14,-0.9953806748737378,0.0
389.369460105896,930.0,274.3125,11.8125,1.374389536580625e11,1.6875,1.282852855436413e-7,5.826240919977713e-14,1.000856821975111e-6,-0.9965090040370793,0.06873234345121311,0.09026996605648234,0.2927821220970353,5.826240919977713e-14,-0.9953806748737378,0.0
394.471302986145,941.0,285.3125,11.8125,1.374389536580625e11,1.6875,1.282852855436413e-7,5.826240919977713e-14,1.000856821975111e-6,-0.9965090040370793,0.06873234345121311,0.09026996605648234,0.2927821220970353,5.826240919977713e-14,-0.9953806748737378,0.0
399.4929699897766,952.0,296.3125,11.8125,1.374389536580625e11,1.6875,1.282852855436413e-7,5.826240919977713e-14,1.000856821975111e-6,-0.9965090040370793,0.06873234345121311,0.09026996605648234,0.2927821220970353,5.826240919977713e-14,-0.9953806748737378,0.0
404.7323639392853,963.0,307.3125,11.8125,1.374389536580625e11,1.6875,1.282852855436413e-7,5.826240919977713e-14,1.000856821975111e-6,-0.9965090040370793,0.06873234345121311,0.09026996605648234,0.2927821220970353,5.826240919977713e-14,-0.9953806748737378,0.0
409.8863730430603,974.0,318.3125,11.8125,1.374389536580625e11,1.6875,1.282852855436413e-7,5.826240919977713e-14,1.000856821975111e-6,-0.9965090040370793,0.06873234345121311,0.09026996605648234,0.2927821220970353,5.826240919977713e-14,-0.9953806748737378,0.0
415.0300579071045,985.0,329.3125,11.8125,1.374389536580625e11,1.6875,1.282852855436413e-7,5.826240919977713e-14,1.000856821975111e-6,-0.9965090040370793,0.06873234345121311,0.09026996605648234,0.2927821220970353,5.826240919977713e-14,-0.9953806748737378,0.0
420.1984009742737,996.0,340.3125,11.8125,1.374389536580625e11,1.6875,1.282852855436413e-7,5.826240919977713e-14,1.000856821975111e-6,-0.9965090040370793,0.06873234345121311,0.09026996605648234,0.2927821220970353,5.826240919977713e-14,-0.9953806748737378,0.0
425.5036680698395,1007.0,351.3125,11.8125,1.374389536580625e11,1.6875,1.282852855436413e-7,5.826240919977713e-14,1.000856821975111e-6,-0.9965090040370793,0.06873234345121311,0.09026996605648234,0.2927821220970353,5.826240919977713e-14,-0.9953806748737378,0.0
430.9221589565277,1018.0,341.47058823529414,12.764705882352942,1.2950431737652942e11,1.7647058823529411,1.282852855436413e-7,5.81506243572351e-14,1.000856821975111e-6,-0.9965157020167782,0.06873234345121311,0.09026996605648234,0.2927821220970353,5.81506243572351e-14,-0.9953806748737378,0.0
436.34110498428345,1029.0,328.52941176470586,12.764705882352942,1.2950431737652942e11,1.7647058823529411,1.282852855436413e-7,5.81506243572351e-14,1.000856821975111e-6,-0.9965157020167782,0.06872146274802984,0.09027177765170649,0.2927821220970353,5.81506243572351e-14,-0.9955490430584962,0.0
441.5338909626007,1040.0,339.52941176470586,12.764705882352942,1.2950431737652942e11,1.7647058823529411,1.282852855436413e-7,5.81506243572351e-14,1.000856821975111e-6,-0.9965157020167782,0.06872146274802984,0.09027177765170649,0.2927821220970353,5.81506243572351e-14,-0.9955490430584962,0.0
446.87130308151245,1051.0,350.52941176470586,12.764705882352942,1.2950431737652942e11,1.7647058823529411,1.282852855436413e-7,5.81506243572351e-14,1.000856821975111e-6,-0.9965157020167782,0.06872146274802984,0.09027177765170649,0.2927821220970353,5.81506243572351e-14,-0.9955490430584962,0.0
452.194797039032,1062.0,331.5882352941176,12.764705882352942,1.2950431737652942e11,1.7647058823529411,1.282852855436413e-7,5.81506243572351e-14,1.000856821975111e-6,-0.9965157020167782,0.06872146274802984,0.09027177765170649,0.2927821220970353,5.81506243572351e-14,-0.9955490430584962,0.0
457.5661931037903,1073.0,342.5882352941176,12.764705882352942,1.2950431737652942e11,1.7647058823529411,1.282852855436413e-7,5.81506243572351e-14,1.000856821975111e-6,-0.9965157020167782,0.06872146274802984,0.09027177765170649,0.2927821220970353,5.81506243572351e-14,-0.9955490430584962,0.0
462.59898710250854,1083.0,337.7647058823529,12.764705882352942,1.2950431737652942e11,1.7647058823529411,1.28130707809724e-7,5.81506243572351e-14,1.000856821975111e-6,-0.9965157020167782,0.06872146274802984,0.09027177765170649,0.2927821220970353,5.81506243572351e-14,-0.9955490430584962,0.0
467.70084404945374,1093.0,342.88235294117646,12.705882352941176,4.0381162706650645e155,1.8823529411764706,1.28130707809724e-7,5.731243108446682e-14,1.000856821975111e-6,-0.9965659252974762,0.06872146274802984,0.08908531784142339,0.2927821220970353,5.731243108446682e-14,-0.9955490430584962,0.0
472.7516710758209,1103.0,352.52941176470586,12.705882352941176,4.0381162706650645e155,1.8823529411764706,1.28130707809724e-7,5.730662903389201e-14,1.000856821975111e-6,-0.9965662729476233,0.06872146274802984,0.08840951432466675,0.2927821220970353,5.730662903389201e-14,-0.9955490430584962,0.0
477.7558081150055,1113.0,321.7894736842105,14.263157894736842,2.5291359800481192e156,2.1578947368421053,1.28130707809724e-7,5.729231295379743e-14,1.000856821975111e-6,-0.9965671307456188,0.06872146274802984,0.08830949622700768,0.2927821220970353,5.729231295379743e-14,-0.9955490430584962,1.0
483.19901490211487,1124.0,327.63157894736844,14.210526315789474,2.7097885500515565e156,2.1052631578947367,1.28130707809724e-7,5.729231295379743e-14,1.000856821975111e-6,-0.9965671307456188,0.070687440400233,0.08830857737264883,0.2927821220970353,5.729231295379743e-14,-0.9955490430584962,1.0
488.5742859840393,1135.0,338.42105263157896,14.210526315789474,2.7097885500515565e156,2.1052631578947367,1.28130707809724e-7,5.729231295379743e-14,1.000856821975111e-6,-0.9965671307456188,0.070687440400233,0.08830857737264883,0.2927821220970353,5.729231295379743e-14,-0.9955490430584962,1.0
493.9961030483246,1146.0,349.42105263157896,14.210526315789474,2.7097885500515565e156,2.1052631578947367,1.28130707809724e-7,5.729231295379743e-14,1.000856821975111e-6,-0.9965671307456188,0.070687440400233,0.08830857737264883,0.2927821220970353,5.729231295379743e-14,-0.9955490430584962,1.0
499.4602680206299,1157.0,294.6190476190476,15.095238095238095,3.1055037033924187e156,2.4285714285714284,1.263926623112393e-7,5.690852804368515e-14,1.000856821975111e-6,-0.9965901265604199,0.04454980487462464,0.061520995584499596,0.14973157302603934,5.690852804368515e-14,-0.9955490430584962,1.0
504.8348159790039,1168.0,289.0,15.318181818181818,2.9643444441473088e156,2.4545454545454546,1.263926623112393e-7,5.690852804368515e-14,1.000856821975111e-6,-0.9965901265604199,0.04454980487462464,0.061520995584499596,0.14973157302603934,5.690852804368515e-14,-0.9955490430584962,1.0
510.2267119884491,1179.0,290.4761904761905,15.333333333333334,3.1055037033924187e156,2.4761904761904763,1.2661435950056736e-7,5.689854124904501e-14,1.000856821975111e-6,-0.9965907249541398,0.04119048010005795,0.061618546078395,0.13125943379405655,5.689854124904501e-14,-0.9953806748737378,1.0
515.6565051078796,1190.0,292.45,15.3,3.2607788885620395e156,2.55,1.2661435950056736e-7,5.689854124904501e-14,1.000856821975111e-6,-0.9965907249541398,0.04564034012130857,0.061618546078395,0.15309075822283022,5.689854124904501e-14,-0.9953806748737378,1.0
521.1373379230499,1201.0,299.6,15.3,3.2607788885620395e156,2.55,1.2661435950056736e-7,5.689854124904501e-14,1.000856821975111e-6,-0.9965907249541398,0.04564034012130857,0.061618546078395,0.15309075822283022,5.689854124904501e-14,-0.9953806748737378,1.0
526.1822369098663,1211.0,309.6,15.3,3.2607788885620395e156,2.55,1.2661435950056736e-7,5.689854124904501e-14,1.000856821975111e-6,-0.9965907249541398,0.04564034012130857,0.061618546078395,0.15309075822283022,5.689854124904501e-14,-0.9953806748737378,1.0
531.6018579006195,1222.0,304.9,14.45,2.5742991225489786e156,2.4,1.2661435950056736e-7,5.689854124904501e-14,1.000856821975111e-6,-0.9965907249541398,0.04564034012130857,0.061618546078395,0.15309075822283022,5.689854124904501e-14,-0.9954527558601379,0.0
537.0088429450989,1233.0,315.9,14.45,2.5742991225489786e156,2.4,1.2661435950056736e-7,5.689854124904501e-14,1.000856821975111e-6,-0.9965907249541398,0.04564034012130857,0.061618546078395,0.15309075822283022,5.689854124904501e-14,-0.9954527558601379,0.0
542.3432579040527,1244.0,326.9,14.45,2.5742991225489786e156,2.4,1.2661435950056736e-7,5.689854124904501e-14,1.000856821975111e-6,-0.9965907249541398,0.04564034012130857,0.061618546078395,0.15309075822283022,5.689854124904501e-14,-0.9954527558601379,0.0
547.7103040218353,1255.0,337.9,14.45,2.5742991225489786e156,2.4,1.2661435950056736e-7,5.689854124904501e-14,1.000856821975111e-6,-0.9965907249541398,0.04564034012130857,0.061618546078395,0.15309075822283022,5.689854124904501e-14,-0.9954527558601379,0.0
552.8021790981293,1265.0,343.8,14.45,2.5742991225489786e156,2.4,1.2661435950056736e-7,5.689854124904501e-14,1.000856821975111e-6,-0.9965907249541398,0.04564034012130857,0.061618546078395,0.15309075822283022,5.689854124904501e-14,-0.9954527558601379,0.0
558.2641749382019,1276.0,348.4,14.45,2.5742991225489786e156,2.4,1.2661435950056736e-7,5.689854124904501e-14,1.000856821975111e-6,-0.9965907249541398,0.04564034012130857,0.061618546078395,0.15309075822283022,5.689854124904501e-14,-0.9954527558601379,0.0
563.2782480716705,1286.0,358.4,14.45,2.5742991225489786e156,2.4,1.2661435950056736e-7,5.689854124904501e-14,1.000856821975111e-6,-0.9965907249541398,0.04564034012130857,0.061618546078395,0.15309075822283022,5.689854124904501e-14,-0.9954527558601379,0.0
568.3614299297333,1296.0,368.4,14.45,2.5742991225489786e156,2.4,1.2661435950056736e-7,5.689854124904501e-14,1.000856821975111e-6,-0.9965907249541398,0.04564034012130857,0.061618546078395,0.15309075822283022,5.689854124904501e-14,-0.9954527558601379,0.0
573.4334869384766,1306.0,378.4,14.45,2.5742991225489786e156,2.4,1.2661435950056736e-7,5.689854124904501e-14,1.000856821975111e-6,-0.9965907249541398,0.04564034012130857,0.061618546078395,0.15309075822283022,5.689854124904501e-14,-0.9954527558601379,0.0
578.8961050510406,1317.0,389.4,14.45,2.5742991225489786e156,2.4,1.2661435950056736e-7,5.689854124904501e-14,1.000856821975111e-6,-0.9965907249541398,0.04564034012130857,0.061618546078395,0.15309075822283022,5.689854124904501e-14,-0.9954527558601379,0.0
584.3487060070038,1328.0,400.4,14.45,2.5742991225489786e156,2.4,1.2661435950056736e-7,5.689854124904501e-14,1.000856821975111e-6,-0.9965907249541398,0.04564034012130857,0.061618546078395,0.15309075822283022,5.689854124904501e-14,-0.9954527558601379,0.0
589.4940400123596,1338.0,376.05,14.45,2.5742991225489786e156,2.4,1.2661435950056736e-7,5.689854124904501e-14,1.000856821975111e-6,-0.9965907249541398,0.04564034012130857,0.061618546078395,0.15309075822283022,5.689854124904501e-14,-0.9954527558601379,0.0
594.7074949741364,1348.0,379.85,14.45,2.5742991225489786e156,2.4,1.2661435950056736e-7,5.689854124904501e-14,1.000856821975111e-6,-0.9965907249541398,0.04564034012130857,0.061618546078395,0.15309075822283022,5.689854124904501e-14,-0.9954527558601379,0.0
599.8561670780182,1358.0,380.85,14.45,2.5742991225489786e156,2.4,1.2661435950056736e-7,5.689137779897037e-14,1.000856821975111e-6,-0.9965911541772983,0.04564034012130857,0.061618546078395,0.15309075822283022,5.689137779897037e-14,-0.9954527558601379,0.0
605.0615310668945,1368.0,385.85,14.45,2.5742991225489786e156,2.4,1.2661435950056736e-7,5.689137779897037e-14,1.000856821975111e-6,-0.9965911541772983,0.04564034012130857,0.061618546078395,0.15309075822283022,5.689137779897037e-14,-0.9954527558601379,0.0
610.4962849617004,1379.0,394.55,14.45,2.5742991225489786e156,2.4,1.2661435950056736e-7,5.689137779897037e-14,1.000856821975111e-6,-0.9965911541772983,0.04564034012130857,0.061618546078395,0.15309075822283022,5.689137779897037e-14,-0.9954527558601379,0.0
615.5045070648193,1389.0,385.3333333333333,13.80952380952381,2.4517134500466464e156,2.2857142857142856,1.2661435950056736e-7,5.689137779897037e-14,1.000856821975111e-6,-0.9965911541772983,0.04564034012130857,0.061618546078395,0.15309075822283022,5.689137779897037e-14,-0.9954527558601379,1.0
620.5309510231018,1399.0,395.3333333333333,13.80952380952381,2.4517134500466464e156,2.2857142857142856,1.2661435950056736e-7,5.689137779897037e-14,1.000856821975111e-6,-0.9965911541772983,0.04564034012130857,0.061618546078395,0.15309075822283022,5.689137779897037e-14,-0.9954527558601379,1.0
626.023540019989,1410.0,406.3333333333333,13.80952380952381,2.4517134500466464e156,2.2857142857142856,1.2661435950056736e-7,5.689137779897037e-14,1.000856821975111e-6,-0.9965911541772983,0.04564034012130857,0.061618546078395,0.15309075822283022,5.689137779897037e-14,-0.9954527558601379,1.0
631.2223610877991,1420.0,416.3333333333333,13.80952380952381,2.4517134500466464e156,2.2857142857142856,1.2661435950056736e-7,5.689137779897037e-14,1.000856821975111e-6,-0.9965911541772983,0.04564034012130857,0.061618546078395,0.15309075822283022,5.689137779897037e-14,-0.9954527558601379,1.0
636.6976780891418,1431.0,405.1818181818182,14.363636363636363,2.9643444441473088e156,2.3636363636363638,1.2661435950056736e-7,5.689137779897037e-14,1.000856821975111e-6,-0.9965911541772983,0.04564034012130857,0.061618546078395,0.15309075822283022,5.689137779897037e-14,-0.9954527558601379,1.0
641.8712830543518,1441.0,396.7826086956522,14.434782608695652,2.8354599030974258e156,2.347826086956522,1.2661435950056736e-7,5.689137779897037e-14,1.000856821975111e-6,-0.9965911541772983,0.04564034012130857,0.061618546078395,0.15309075822283022,5.689137779897037e-14,-0.9954527558601379,1.0
647.3253099918365,1452.0,382.7391304347826,14.434782608695652,2.8354599030974258e156,2.347826086956522,1.2661435950056736e-7,5.689137779897037e-14,1.000856821975111e-6,-0.9965911541772983,0.04564034012130857,0.061618546078395,0.15309075822283022,5.689137779897037e-14,-0.9954527558601379,1.0
652.7509129047394,1463.0,389.7826086956522,14.434782608695652,2.9846946348393954e156,2.347826086956522,1.2661435950056736e-7,5.689137779897037e-14,1.000856821975111e-6,-0.9965911541772983,0.04564034012130857,0.061618546078395,0.15309075822283022,5.689137779897037e-14,-0.9954527558601379,1.0
658.2128701210022,1474.0,414.3181818181818,14.363636363636363,3.1203625727866407e156,2.3636363636363638,1.2661435950056736e-7,5.689137779897037e-14,1.000856821975111e-6,-0.9965911541772983,0.04564034012130857,0.061618546078395,0.15309075822283022,5.689137779897037e-14,-0.9954527558601379,1.0
663.5388901233673,1485.0,431.42857142857144,13.80952380952381,2.6151610133830893e156,2.2857142857142856,1.2661435950056736e-7,5.689137779897037e-14,1.000856821975111e-6,-0.9965911541772983,0.04564034012130857,0.061618546078395,0.15309075822283022,5.689137779897037e-14,-0.9954527558601379,1.0
668.9146699905396,1496.0,440.23809523809524,13.80952380952381,2.6151610133830893e156,2.2857142857142856,1.2661435950056736e-7,5.689137779897037e-14,1.000856821975111e-6,-0.9965911541772983,0.04564034012130857,0.061618546078395,0.15309075822283022,5.689137779897037e-14,-0.9954527558601379,1.0
674.2737491130829,1507.0,451.23809523809524,13.80952380952381,2.6151610133830893e156,2.2857142857142856,1.2661435950056736e-7,5.689137779897037e-14,1.000856821975111e-6,-0.9965911541772983,0.04564034012130857,0.061618546078395,0.15309075822283022,5.689137779897037e-14,-0.9954527558601379,1.0
679.4482109546661,1517.0,461.23809523809524,13.80952380952381,2.6151610133830893e156,2.2857142857142856,1.2661435950056736e-7,5.689137779897037e-14,1.000856821975111e-6,-0.9965911541772983,0.04564034012130857,0.061618546078395,0.15309075822283022,5.689137779897037e-14,-0.9954527558601379,1.0
684.476588010788,1527.0,471.23809523809524,13.80952380952381,2.6151610133830893e156,2.2857142857142856,1.2661435950056736e-7,5.689137779897037e-14,1.000856821975111e-6,-0.9965911541772983,0.04564034012130857,0.061618546078395,0.15309075822283022,5.689137779897037e-14,-0.9954527558601379,1.0
689.9444799423218,1538.0,477.76190476190476,13.80952380952381,2.6151610133830893e156,2.2857142857142856,1.2661435950056736e-7,5.689137779897037e-14,1.000856821975111e-6,-0.9965911541772983,0.04564034012130857,0.061618546078395,0.15309075822283022,5.689137779897037e-14,-0.9954527558601379,1.0
695.4045169353485,1549.0,488.76190476190476,13.80952380952381,2.6151610133830893e156,2.2857142857142856,1.2661435950056736e-7,5.689137779897037e-14,1.000856821975111e-6,-0.9965911541772983,0.04564034012130857,0.061618546078395,0.15309075822283022,5.689137779897037e-14,-0.9954527558601379,1.0
700.6576340198517,1559.0,498.76190476190476,13.80952380952381,2.6151610133830893e156,2.2857142857142856,1.2661435950056736e-7,5.689137779897037e-14,1.000856821975111e-6,-0.9965911541772983,0.04564034012130857,0.061618546078395,0.15309075822283022,5.689137779897037e-14,-0.9954527558601379,1.0
705.8420510292053,1569.0,508.76190476190476,13.80952380952381,2.6151610133830893e156,2.2857142857142856,1.2661435950056736e-7,5.689137779897037e-14,1.000856821975111e-6,-0.9965911541772983,0.04564034012130857,0.061618546078395,0.15309075822283022,5.689137779897037e-14,-0.9954527558601379,1.0
711.0061919689178,1579.0,518.7619047619048,13.80952380952381,2.6151610133830893e156,2.2857142857142856,1.2661435950056736e-7,5.689137779897037e-14,1.000856821975111e-6,-0.9965911541772983,0.04564034012130857,0.061618546078395,0.15309075822283022,5.689137779897037e-14,-0.9954527558601379,1.0
716.1823511123657,1589.0,528.7619047619048,13.80952380952381,2.6151610133830893e156,2.2857142857142856,1.2661435950056736e-7,5.689137779897037e-14,1.000856821975111e-6,-0.9965911541772983,0.04564034012130857,0.061618546078395,0.15309075822283022,5.689137779897037e-14,-0.9954527558601379,1.0
721.404923915863,1599.0,498.95238095238096,13.80952380952381,2.6151610133830893e156,2.2857142857142856,1.2661435950056736e-7,5.689137779897037e-14,1.000856821975111e-6,-0.9965911541772983,0.04564034012130857,0.061618546078395,0.15309075822283022,5.689137779897037e-14,-0.9954527558601379,1.0
726.5546519756317,1609.0,508.95238095238096,13.80952380952381,2.6151610133830893e156,2.2857142857142856,1.2661435950056736e-7,5.689137779897037e-14,1.000856821975111e-6,-0.9965911541772983,0.04564034012130857,0.061618546078395,0.15309075822283022,5.689137779897037e-14,-0.9954527558601379,1.0
731.7318489551544,1619.0,518.952380952381,13.80952380952381,2.6151610133830893e156,2.2857142857142856,1.2661435950056736e-7,5.689137779897037e-14,1.000856821975111e-6,-0.9965911541772983,0.04564034012130857,0.061618546078395,0.15309075822283022,5.689137779897037e-14,-0.9954527558601379,1.0
736.8730111122131,1629.0,528.952380952381,13.80952380952381,2.6151610133830893e156,2.2857142857142856,1.2661435950056736e-7,5.689137779897037e-14,1.000856821975111e-6,-0.9965911541772983,0.04564034012130857,0.061618546078395,0.15309075822283022,5.689137779897037e-14,-0.9954527558601379,1.0
742.1184389591217,1639.0,538.952380952381,13.80952380952381,2.6151610133830893e156,2.2857142857142856,1.2661435950056736e-7,5.689137779897037e-14,1.000856821975111e-6,-0.9965911541772983,0.04564034012130857,0.061618546078395,0.15309075822283022,5.689137779897037e-14,-0.9954527558601379,1.0
747.3254101276398,1649.0,548.952380952381,13.80952380952381,2.6151610133830893e156,2.2857142857142856,1.2661435950056736e-7,5.689137779897037e-14,1.000856821975111e-6,-0.9965911541772983,0.04564034012130857,0.061618546078395,0.15309075822283022,5.689137779897037e-14,-0.9954527558601379,1.0
752.4927709102631,1659.0,558.952380952381,13.80952380952381,2.6151610133830893e156,2.2857142857142856,1.2661435950056736e-7,5.689137779897037e-14,1.000856821975111e-6,-0.9965911541772983,0.04564034012130857,0.061618546078395,0.15309075822283022,5.689137779897037e-14,-0.9954527558601379,1.0
757.7036509513855,1669.0,568.952380952381,13.80952380952381,2.6151610133830893e156,2.2857142857142856,1.2661435950056736e-7,5.689137779897037e-14,1.000856821975111e-6,-0.9965911541772983,0.04564034012130857,0.061618546078395,0.15309075822283022,5.689137779897037e-14,-0.9954527558601379,1.0
762.9883460998535,1679.0,578.952380952381,13.80952380952381,2.6151610133830893e156,2.2857142857142856,1.2661435950056736e-7,5.689137779897037e-14,1.000856821975111e-6,-0.9965911541772983,0.04564034012130857,0.061618546078395,0.15309075822283022,5.689137779897037e-14,-0.9954527558601379,1.0
768.3340110778809,1689.0,588.952380952381,13.80952380952381,2.6151610133830893e156,2.2857142857142856,1.2661435950056736e-7,5.689137779897037e-14,1.000856821975111e-6,-0.9965911541772983,0.04564034012130857,0.061618546078395,0.15309075822283022,5.689137779897037e-14,-0.9954527558601379,1.0
773.7926080226898,1699.0,598.952380952381,13.80952380952381,2.6151610133830893e156,2.2857142857142856,1.2661435950056736e-7,5.689137779897037e-14,1.000856821975111e-6,-0.9965911541772983,0.04564034012130857,0.061618546078395,0.15309075822283022,5.689137779897037e-14,-0.9954527558601379,1.0
779.1561260223389,1709.0,608.952380952381,13.80952380952381,2.6151610133830893e156,2.2857142857142856,1.2661435950056736e-7,5.689137779897037e-14,1.000856821975111e-6,-0.9965911541772983,0.04564034012130857,0.061618546078395,0.15309075822283022,5.689137779897037e-14,-0.9954527558601379,1.0
784.3664081096649,1719.0,618.952380952381,13.80952380952381,2.6151610133830893e156,2.2857142857142856,1.2661435950056736e-7,5.689137779897037e-14,1.000856821975111e-6,-0.9965911541772983,0.04564034012130857,0.061618546078395,0.15309075822283022,5.689137779897037e-14,-0.9954527558601379,1.0
789.6265239715576,1729.0,628.952380952381,13.80952380952381,2.6151610133830893e156,2.2857142857142856,1.2661435950056736e-7,5.689137779897037e-14,1.000856821975111e-6,-0.9965911541772983,0.04564034012130857,0.061618546078395,0.15309075822283022,5.689137779897037e-14,-0.9954527558601379,1.0
794.8330230712891,1739.0,612.0952380952381,13.80952380952381,2.6151610133830893e156,2.2857142857142856,1.2479768690552894e-7,5.689137779897037e-14,1.000856821975111e-6,-0.9965911541772983,0.0387421813147324,0.05389887645626596,0.11838287046344556,5.689137779897037e-14,-0.9954527558601379,1.0
799.9437439441681,1749.0,622.0952380952381,13.80952380952381,2.6151610133830893e156,2.2857142857142856,1.2479768690552894e-7,5.689137779897037e-14,1.000856821975111e-6,-0.9965911541772983,0.0387421813147324,0.05389887645626596,0.11838287046344556,5.689137779897037e-14,-0.9954527558601379,1.0
805.1804919242859,1759.0,606.3333333333334,13.80952380952381,2.6151610133830893e156,2.2857142857142856,1.2479768690552894e-7,5.689137779897037e-14,1.000856821975111e-6,-0.9965911541772983,0.0387421813147324,0.05389887645626596,0.11838287046344556,5.689137779897037e-14,-0.9953806748737378,1.0
810.5425720214844,1769.0,615.9047619047619,13.80952380952381,2.6151610133830893e156,2.2857142857142856,1.2479768690552894e-7,5.689137779897037e-14,1.000856821975111e-6,-0.9965911541772983,0.0387421813147324,0.05389887645626596,0.11838287046344556,5.689137779897037e-14,-0.9953806748737378,1.0
816.035805940628,1779.0,625.9047619047619,13.80952380952381,2.6151610133830893e156,2.2857142857142856,1.2479768690552894e-7,5.689137779897037e-14,1.000856821975111e-6,-0.9965911541772983,0.0387421813147324,0.05389887645626596,0.11838287046344556,5.689137779897037e-14,-0.9953806748737378,1.0
821.4883809089661,1789.0,635.9047619047619,13.80952380952381,2.6151610133830893e156,2.2857142857142856,1.2479768690552894e-7,5.689137779897037e-14,1.000856821975111e-6,-0.9965911541772983,0.0387421813147324,0.05389887645626596,0.11838287046344556,5.689137779897037e-14,-0.9953806748737378,1.0
827.0210399627686,1799.0,645.9047619047619,13.80952380952381,2.6151610133830893e156,2.2857142857142856,1.2479768690552894e-7,5.689137779897037e-14,1.000856821975111e-6,-0.9965911541772983,0.0387421813147324,0.05389887645626596,0.11838287046344556,5.689137779897037e-14,-0.9953806748737378,1.0
832.4996979236603,1809.0,655.9047619047619,13.80952380952381,2.6151610133830893e156,2.2857142857142856,1.2479768690552894e-7,5.689137779897037e-14,1.000856821975111e-6,-0.9965911541772983,0.0387421813147324,0.05389887645626596,0.11838287046344556,5.689137779897037e-14,-0.9953806748737378,1.0
837.9012660980225,1819.0,665.9047619047619,13.80952380952381,2.6151610133830893e156,2.2857142857142856,1.2479768690552894e-7,5.689137779897037e-14,1.000856821975111e-6,-0.9965911541772983,0.0387421813147324,0.05389887645626596,0.11838287046344556,5.689137779897037e-14,-0.9953806748737378,1.0
843.2109289169312,1829.0,675.9047619047619,13.80952380952381,2.6151610133830893e156,2.2857142857142856,1.2479768690552894e-7,5.689137779897037e-14,1.000856821975111e-6,-0.9965911541772983,0.0387421813147324,0.05389887645626596,0.11838287046344556,5.689137779897037e-14,-0.9953806748737378,1.0
848.549073934555,1839.0,663.3333333333334,13.80952380952381,2.288265886710203e156,2.2857142857142856,1.2479768690552894e-7,5.671449480478317e-14,1.000856821975111e-6,-0.99660175274037,0.0387421813147324,0.05389887645626596,0.11838287046344556,5.671449480478317e-14,-0.9953806748737378,1.0
853.6898510456085,1849.0,673.3333333333334,13.80952380952381,2.288265886710203e156,2.2857142857142856,1.2479768690552894e-7,5.671449480478317e-14,1.000856821975111e-6,-0.99660175274037,0.0387421813147324,0.05389887645626596,0.11838287046344556,5.671449480478317e-14,-0.9953806748737378,1.0
859.0515699386597,1859.0,652.5,14.0,2.1842538009506485e156,2.3181818181818183,1.2479768690552894e-7,5.671449480478317e-14,1.000856821975111e-6,-0.99660175274037,0.0387421813147324,0.05389887645626596,0.11838287046344556,5.671449480478317e-14,-0.9953806748737378,1.0
864.402843952179,1869.0,638.1363636363636,14.0,2.1842538009506485e156,2.3181818181818183,1.2479768690552894e-7,5.671449480478317e-14,1.000856821975111e-6,-0.99660175274037,0.0387421813147324,0.05389887645626596,0.11838287046344556,5.671449480478317e-14,-0.9953806748737378,1.0
869.5889179706573,1879.0,648.1363636363636,14.0,2.1842538009506485e156,2.3181818181818183,1.2479768690552894e-7,5.671449480478317e-14,1.000856821975111e-6,-0.99660175274037,0.0387421813147324,0.05389887645626596,0.11838287046344556,5.671449480478317e-14,-0.9953806748737378,1.0
874.7544510364532,1889.0,658.1363636363636,14.0,2.1842538009506485e156,2.3181818181818183,1.2479768690552894e-7,5.671449480478317e-14,1.000856821975111e-6,-0.99660175274037,0.0387421813147324,0.05389887645626596,0.11838287046344556,5.671449480478317e-14,-0.9953806748737378,1.0
879.9969589710236,1899.0,649.6818181818181,14.0,2.1842538009506485e156,2.3181818181818183,1.2479768690552894e-7,5.671449480478317e-14,1.000856821975111e-6,-0.99660175274037,0.0387421813147324,0.05389887645626596,0.11838287046344556,5.671449480478317e-14,-0.9953806748737378,1.0
885.4785449504852,1909.0,659.6818181818181,14.0,2.1842538009506485e156,2.3181818181818183,1.2479768690552894e-7,5.671449480478317e-14,1.000856821975111e-6,-0.99660175274037,0.0387421813147324,0.05389887645626596,0.11838287046344556,5.671449480478317e-14,-0.9953806748737378,1.0
890.9415609836578,1919.0,667.2272727272727,14.0,2.1842538009506485e156,2.3181818181818183,1.2479768690552894e-7,5.671449480478317e-14,1.000856821975111e-6,-0.99660175274037,0.0387421813147324,0.05389887645626596,0.11838287046344556,5.671449480478317e-14,-0.9953806748737378,1.0
896.2538619041443,1929.0,647.9545454545455,14.0,2.1842538009506485e156,2.3181818181818183,1.2479768690552894e-7,5.671449480478317e-14,1.000856821975111e-6,-0.99660175274037,0.0387421813147324,0.05389887645626596,0.11838287046344556,5.671449480478317e-14,-0.9953806748737378,1.0
901.5656070709229,1939.0,657.9545454545455,14.0,2.1842538009506485e156,2.3181818181818183,1.2479768690552894e-7,5.671449480478317e-14,1.000856821975111e-6,-0.99660175274037,0.0387421813147324,0.05389887645626596,0.11838287046344556,5.671449480478317e-14,-0.9953806748737378,1.0
906.9369249343872,1949.0,667.9545454545455,14.0,2.1842538009506485e156,2.3181818181818183,1.2479768690552894e-7,5.671449480478317e-14,1.000856821975111e-6,-0.99660175274037,0.0387421813147324,0.05389887645626596,0.11838287046344556,5.671449480478317e-14,-0.9953806748737378,1.0
912.2651579380035,1959.0,677.9545454545455,14.0,2.1842538009506485e156,2.3181818181818183,1.2479768690552894e-7,5.671449480478317e-14,1.000856821975111e-6,-0.99660175274037,0.0387421813147324,0.05389887645626596,0.11838287046344556,5.671449480478317e-14,-0.9953806748737378,1.0
917.6603491306305,1969.0,687.9545454545455,14.0,2.1842538009506485e156,2.3181818181818183,1.2479768690552894e-7,5.671449480478317e-14,1.000856821975111e-6,-0.99660175274037,0.0387421813147324,0.05389887645626596,0.11838287046344556,5.671449480478317e-14,-0.9953806748737378,1.0
923.0796320438385,1979.0,697.9545454545455,14.0,2.1842538009506485e156,2.3181818181818183,1.2479768690552894e-7,5.671449480478317e-14,1.000856821975111e-6,-0.99660175274037,0.0387421813147324,0.05389887645626596,0.11838287046344556,5.671449480478317e-14,-0.9953806748737378,1.0
928.432923078537,1989.0,707.9545454545455,14.0,2.1842538009506485e156,2.3181818181818183,1.2479768690552894e-7,5.671449480478317e-14,1.000856821975111e-6,-0.99660175274037,0.0387421813147324,0.05389887645626596,0.11838287046344556,5.671449480478317e-14,-0.9953806748737378,1.0
933.9355120658875,1999.0,697.1363636363636,14.0,2.1842538009506485e156,2.3181818181818183,1.2479768690552894e-7,5.671449480478317e-14,1.000856821975111e-6,-0.99660175274037,0.0387421813147324,0.05389887645626596,0.11838287046344556,5.671449480478317e-14,-0.9953806748737378,1.0
939.395210981369,2009.0,706.9090909090909,14.0,2.1842538009506485e156,2.3181818181818183,1.2479768690552894e-7,5.671449480478317e-14,1.000856821975111e-6,-0.99660175274037,0.0387421813147324,0.05389887645626596,0.11838287046344556,5.671449480478317e-14,-0.9953806748737378,1.0
944.8336999416351,2019.0,716.9090909090909,14.0,2.1842538009506485e156,2.3181818181818183,1.2479768690552894e-7,5.671449480478317e-14,1.000856821975111e-6,-0.99660175274037,0.0387421813147324,0.05389887645626596,0.11838287046344556,5.671449480478317e-14,-0.9953806748737378,1.0
950.211443901062,2029.0,701.5909090909091,14.0,2.1842538009506485e156,2.272727272727273,1.2450633837032828e-7,5.671449480478317e-14,1.000856821975111e-6,-0.99660175274037,0.03780841979711847,0.05389887645626596,0.11044671418964049,5.671449480478317e-14,-0.9953806748737378,1.0
955.5140459537506,2039.0,551.8181818181819,14.0,2.1842538009506485e156,2.272727272727273,1.2450633837032828e-7,5.671449480478317e-14,1.000856821975111e-6,-0.99660175274037,0.03780841979711847,0.05389887645626596,0.11044671418964049,5.671449480478317e-14,-0.9954047222416189,1.0
960.7021191120148,2049.0,561.8181818181819,14.0,2.1842538009506485e156,2.272727272727273,1.2450633837032828e-7,5.671449480478317e-14,1.000856821975111e-6,-0.99660175274037,0.03780841979711847,0.05389887645626596,0.11044671418964049,5.671449480478317e-14,-0.9954047222416189,1.0
965.9517810344696,2059.0,571.8181818181819,14.0,2.1842538009506485e156,2.272727272727273,1.2450633837032828e-7,5.671449480478317e-14,1.000856821975111e-6,-0.99660175274037,0.03780841979711847,0.05389887645626596,0.11044671418964049,5.671449480478317e-14,-0.9954047222416189,1.0
971.1915190219879,2069.0,594.2380952380952,13.285714285714286,8.172378166822154e155,2.142857142857143,1.2450633837032828e-7,5.671449480478317e-14,1.000856821975111e-6,-0.99660175274037,0.03780841979711847,0.05389887645626596,0.11044671418964049,5.671449480478317e-14,-0.9954047222416189,1.0
976.4791750907898,2079.0,603.8571428571429,13.285714285714286,8.172378166822154e155,2.142857142857143,1.2450633837032828e-7,5.671449480478317e-14,1.000856821975111e-6,-0.99660175274037,0.03780841979711847,0.05389887645626596,0.11044671418964049,5.671449480478317e-14,-0.9954047222416189,1.0
981.7576169967651,2089.0,613.8571428571429,13.285714285714286,8.172378166822154e155,2.142857142857143,1.2450633837032828e-7,5.671449480478317e-14,1.000856821975111e-6,-0.99660175274037,0.03780841979711847,0.05389887645626596,0.11044671418964049,5.671449480478317e-14,-0.9954047222416189,1.0
986.9483931064606,2099.0,623.8571428571429,13.285714285714286,8.172378166822154e155,2.142857142857143,1.2450633837032828e-7,5.671449480478317e-14,1.000856821975111e-6,-0.99660175274037,0.03780841979711847,0.05389887645626596,0.11044671418964049,5.671449480478317e-14,-0.9954047222416189,1.0
992.1449279785156,2109.0,633.8571428571429,13.285714285714286,8.172378166822154e155,2.142857142857143,1.2450633837032828e-7,5.671449480478317e-14,1.000856821975111e-6,-0.99660175274037,0.03780841979711847,0.05389887645626596,0.11044671418964049,5.671449480478317e-14,-0.9954047222416189,1.0
997.5026249885559,2119.0,643.8571428571429,13.285714285714286,8.172378166822154e155,2.142857142857143,1.2450633837032828e-7,5.671449480478317e-14,1.000856821975111e-6,-0.99660175274037,0.03780841979711847,0.05389887645626596,0.11044671418964049,5.671449480478317e-14,-0.9954047222416189,1.0
1002.8902220726013,2129.0,644.5238095238095,13.285714285714286,8.172378166822154e155,2.142857142857143,1.2450633837032828e-7,5.671449480478317e-14,1.000856821975111e-6,-0.99660175274037,0.03780841979711847,0.05389887645626596,0.11044671418964049,5.671449480478317e-14,-0.9954047222416189,1.0
1008.3233621120453,2139.0,654.5238095238095,13.285714285714286,8.172378166822154e155,2.142857142857143,1.2450633837032828e-7,5.671449480478317e-14,1.000856821975111e-6,-0.99660175274037,0.03780841979711847,0.05389887645626596,0.11044671418964049,5.671449480478317e-14,-0.9954047222416189,1.0
1013.6270930767059,2149.0,664.5238095238095,13.285714285714286,8.172378166822154e155,2.142857142857143,1.2450633837032828e-7,5.671449480478317e-14,1.000856821975111e-6,-0.99660175274037,0.03780841979711847,0.05389887645626596,0.11044671418964049,5.671449480478317e-14,-0.9954047222416189,1.0
1018.8940589427948,2159.0,658.8571428571429,13.285714285714286,8.172378166822154e155,2.142857142857143,1.2450633837032828e-7,5.6713441440485456e-14,1.000856821975111e-6,-0.996601815856375,0.03780841979711847,0.05389887645626596,0.11044671418964049,5.6713441440485456e-14,-0.9954047222416189,1.0
1024.0432291030884,2169.0,668.8095238095239,13.285714285714286,8.172378166822154e155,2.142857142857143,1.2450633837032828e-7,5.6713441292568956e-14,1.000856821975111e-6,-0.9966018158652379,0.03780841979711847,0.05389887645626596,0.11044671418964049,5.6713441292568956e-14,-0.9954047222416189,1.0
1029.2998270988464,2179.0,672.5714285714286,13.285714285714286,8.172378166822154e155,2.142857142857143,1.2450633837032828e-7,5.6713441292568956e-14,1.000856821975111e-6,-0.9966018158652379,0.03780841979711847,0.05389887645626596,0.11044671418964049,5.6713441292568956e-14,-0.9954047222416189,1.0
1034.5253500938416,2189.0,682.5714285714286,13.285714285714286,8.172378166822154e155,2.142857142857143,1.2450633837032828e-7,5.6713441292568956e-14,1.000856821975111e-6,-0.9966018158652379,0.03780841979711847,0.05389887645626596,0.11044671418964049,5.6713441292568956e-14,-0.9954047222416189,1.0
1039.887363910675,2199.0,692.5714285714286,13.285714285714286,8.172378166822154e155,2.142857142857143,1.2450633837032828e-7,5.6713441292568956e-14,1.000856821975111e-6,-0.9966018158652379,0.03780841979711847,0.05389887645626596,0.11044671418964049,5.6713441292568956e-14,-0.9954047222416189,1.0
1044.8990099430084,2208.0,701.5714285714286,13.285714285714286,8.172378166822154e155,2.142857142857143,1.2450633837032828e-7,5.6713441292568956e-14,1.000856821975111e-6,-0.9966018158652379,0.03780841979711847,0.05389887645626596,0.11044671418964049,5.6713441292568956e-14,-0.9954047222416189,1.0
1050.3762609958649,2218.0,679.3636363636364,13.818181818181818,7.800906431966602e155,2.272727272727273,1.2450633837032828e-7,5.6713441292568956e-14,1.000856821975111e-6,-0.9966018158652379,0.03780841979711847,0.05389887645626596,0.11044671418964049,5.6713441292568956e-14,-0.9954047222416189,1.0
1055.9125950336456,2228.0,689.3636363636364,13.818181818181818,7.800906431966602e155,2.272727272727273,1.2450633837032828e-7,5.6713441292568956e-14,1.000856821975111e-6,-0.9966018158652379,0.03780841979711847,0.05389887645626596,0.11044671418964049,5.6713441292568956e-14,-0.9954047222416189,1.0
1061.4396409988403,2238.0,699.3636363636364,13.818181818181818,7.800906431966602e155,2.272727272727273,1.2450633837032828e-7,5.6713441292568956e-14,1.000856821975111e-6,-0.9966018158652379,0.03780841979711847,0.05389887645626596,0.11044671418964049,5.6713441292568956e-14,-0.9954047222416189,1.0
1066.8739349842072,2248.0,703.9545454545455,13.818181818181818,7.800906431966602e155,2.272727272727273,1.2450633837032828e-7,5.6713441292568956e-14,1.000856821975111e-6,-0.9966018158652379,0.03780841979711847,0.05389887645626596,0.11044671418964049,5.6713441292568956e-14,-0.9954047222416189,1.0
1072.275326013565,2258.0,713.3636363636364,13.818181818181818,7.800906431966602e155,2.272727272727273,1.2450633837032828e-7,5.6713441292568956e-14,1.000856821975111e-6,-0.9966018158652379,0.03780841979711847,0.05389887645626596,0.11044671418964049,5.6713441292568956e-14,-0.9954047222416189,1.0
1077.6833760738373,2268.0,723.3636363636364,13.818181818181818,7.800906431966602e155,2.272727272727273,1.2450633837032828e-7,5.6713441292568956e-14,1.000856821975111e-6,-0.9966018158652379,0.03780841979711847,0.05389887645626596,0.11044671418964049,5.6713441292568956e-14,-0.9954047222416189,1.0
1083.0472841262817,2278.0,733.3636363636364,13.818181818181818,7.800906431966602e155,2.272727272727273,1.2450633837032828e-7,5.6713441292568956e-14,1.000856821975111e-6,-0.9966018158652379,0.03780841979711847,0.05389887645626596,0.11044671418964049,5.6713441292568956e-14,-0.9954047222416189,1.0
1088.048630952835,2287.0,742.3636363636364,13.818181818181818,7.800906431966602e155,2.272727272727273,1.2450633837032828e-7,5.6713441292568956e-14,1.000856821975111e-6,-0.9966018158652379,0.03780841979711847,0.05389887645626596,0.11044671418964049,5.6713441292568956e-14,-0.9954047222416189,1.0
1093.1880140304565,2296.0,662.4090909090909,13.818181818181818,7.800906431966602e155,2.272727272727273,1.2450633837032828e-7,5.6713441292568956e-14,1.000856821975111e-6,-0.9966018158652379,0.03780841979711847,0.05389887645626596,0.11044671418964049,5.6713441292568956e-14,-0.9954047222416189,1.0
1098.3308959007263,2305.0,671.4090909090909,13.818181818181818,7.800906431966602e155,2.272727272727273,1.2450633837032828e-7,5.6713441292568956e-14,1.000856821975111e-6,-0.9966018158652379,0.03780841979711847,0.05389887645626596,0.11044671418964049,5.6713441292568956e-14,-0.9954047222416189,1.0
1103.3957850933075,2314.0,680.4090909090909,13.818181818181818,7.800906431966602e155,2.272727272727273,1.2450633837032828e-7,5.6713441292568956e-14,1.000856821975111e-6,-0.9966018158652379,0.03780841979711847,0.05389887645626596,0.11044671418964049,5.6713441292568956e-14,-0.9954047222416189,1.0
1108.5908451080322,2323.0,689.4090909090909,13.818181818181818,7.800906431966602e155,2.272727272727273,1.2450633837032828e-7,5.6713441292568956e-14,1.000856821975111e-6,-0.9966018158652379,0.03780841979711847,0.05389887645626596,0.11044671418964049,5.6713441292568956e-14,-0.9954047222416189,1.0
1113.7964091300964,2332.0,643.0,13.818181818181818,7.800906431966602e155,2.272727272727273,1.2450633837032828e-7,5.6713441292568956e-14,1.000856821975111e-6,-0.9966018158652379,0.03780841979711847,0.05389887645626596,0.11044671418964049,5.6713441292568956e-14,-0.9954047222416189,1.0
1118.9468779563904,2341.0,652.0,13.818181818181818,7.800906431966602e155,2.272727272727273,1.2450633837032828e-7,5.6713441292568956e-14,1.000856821975111e-6,-0.9966018158652379,0.03780841979711847,0.05389887645626596,0.11044671418964049,5.6713441292568956e-14,-0.9954047222416189,1.0
1124.2541949748993,2350.0,661.0,13.818181818181818,7.800906431966602e155,2.272727272727273,1.2450633837032828e-7,5.6713441292568956e-14,1.000856821975111e-6,-0.9966018158652379,0.03780841979711847,0.05389887645626596,0.11044671418964049,5.6713441292568956e-14,-0.9954047222416189,1.0
1129.554337978363,2359.0,670.0,13.818181818181818,7.800906431966602e155,2.272727272727273,1.2450633837032828e-7,5.6713441292568956e-14,1.000856821975111e-6,-0.9966018158652379,0.03780841979711847,0.05389887645626596,0.11044671418964049,5.6713441292568956e-14,-0.9954047222416189,1.0
1134.7296380996704,2368.0,679.0,13.818181818181818,7.800906431966602e155,2.272727272727273,1.2450633837032828e-7,5.6713441292568956e-14,1.000856821975111e-6,-0.9966018158652379,0.03780841979711847,0.05389887645626596,0.11044671418964049,5.6713441292568956e-14,-0.9954047222416189,1.0
1139.868812084198,2377.0,667.1363636363636,13.818181818181818,7.800906431966602e155,2.272727272727273,1.2450633837032828e-7,5.6713441292568956e-14,1.000856821975111e-6,-0.9966018158652379,0.03780841979711847,0.05389887645626596,0.11044671418964049,5.6713441292568956e-14,-0.9954047222416189,1.0
1145.123822927475,2386.0,676.1363636363636,13.818181818181818,7.800906431966602e155,2.272727272727273,1.2450633837032828e-7,5.6713441292568956e-14,1.000856821975111e-6,-0.9966018158652379,0.03780841979711847,0.05389887645626596,0.11044671418964049,5.6713441292568956e-14,-0.9954047222416189,1.0
1150.2260711193085,2395.0,685.1363636363636,13.818181818181818,7.800906431966602e155,2.272727272727273,1.2450633837032828e-7,5.6713441292568956e-14,1.000856821975111e-6,-0.9966018158652379,0.03780841979711847,0.05389887645626596,0.11044671418964049,5.6713441292568956e-14,-0.9954047222416189,1.0
1155.3865051269531,2404.0,694.1363636363636,13.818181818181818,7.800906431966602e155,2.272727272727273,1.2450633837032828e-7,5.6713441292568956e-14,1.000856821975111e-6,-0.9966018158652379,0.03780841979711847,0.05389887645626596,0.11044671418964049,5.6713441292568956e-14,-0.9954047222416189,1.0
1160.8509249687195,2414.0,704.1363636363636,13.818181818181818,7.800906431966602e155,2.272727272727273,1.2450633837032828e-7,5.6713441292568956e-14,1.000856821975111e-6,-0.9966018158652379,0.03780841979711847,0.05389887645626596,0.11044671418964049,5.6713441292568956e-14,-0.9954047222416189,1.0
1165.8583850860596,2423.0,713.1363636363636,13.818181818181818,7.800906431966602e155,2.272727272727273,1.2450633837032828e-7,5.6713441292568956e-14,1.000856821975111e-6,-0.9966018158652379,0.03780841979711847,0.05389887645626596,0.11044671418964049,5.6713441292568956e-14,-0.9954047222416189,1.0
1170.8941669464111,2432.0,722.1363636363636,13.818181818181818,7.800906431966602e155,2.272727272727273,1.2450633837032828e-7,5.6713441292568956e-14,1.000856821975111e-6,-0.9966018158652379,0.03780841979711847,0.05389887645626596,0.11044671418964049,5.6713441292568956e-14,-0.9954047222416189,1.0
1176.4240770339966,2442.0,732.1363636363636,13.818181818181818,7.800906431966602e155,2.272727272727273,1.2450633837032828e-7,5.6713441292568956e-14,1.000856821975111e-6,-0.9966018158652379,0.03780841979711847,0.05389887645626596,0.11044671418964049,5.6713441292568956e-14,-0.9954047222416189,1.0
1181.63308095932,2451.0,741.1363636363636,13.818181818181818,7.800906431966602e155,2.272727272727273,1.2450633837032828e-7,5.6713441292568956e-14,1.000856821975111e-6,-0.9966018158652379,0.03780841979711847,0.05389887645626596,0.11044671418964049,5.6713441292568956e-14,-0.9954047222416189,1.0
1186.9786801338196,2460.0,750.1363636363636,13.818181818181818,7.800906431966602e155,2.272727272727273,1.2450633837032828e-7,5.6713441292568956e-14,1.000856821975111e-6,-0.9966018158652379,0.03780841979711847,0.05389887645626596,0.11044671418964049,5.6713441292568956e-14,-0.9954047222416189,1.0
1192.1895270347595,2469.0,759.1363636363636,13.818181818181818,7.800906431966602e155,2.272727272727273,1.2450633837032828e-7,5.6713441292568956e-14,1.000856821975111e-6,-0.9966018158652379,0.03780841979711847,0.05389887645626596,0.11044671418964049,5.6713441292568956e-14,-0.9954047222416189,1.0
1197.3677310943604,2478.0,749.8636363636364,13.818181818181818,7.800906431966602e155,2.272727272727273,1.2450633837032828e-7,5.6713441292568956e-14,1.000856821975111e-6,-0.9966018158652379,0.03780841979711847,0.05389887645626596,0.11044671418964049,5.6713441292568956e-14,-0.9954047222416189,1.0
1202.5967860221863,2487.0,694.8260869565217,14.478260869565217,1.343112585677728e156,2.391304347826087,1.2450633837032828e-7,5.6713441292568956e-14,1.000856821975111e-6,-0.9966018158652379,0.03780841979711847,0.05389887645626596,0.11044671418964049,5.6713441292568956e-14,-0.9954047222416189,1.0
1207.8777830600739,2496.0,659.9565217391304,14.478260869565217,1.343112585677728e156,2.391304347826087,1.2450633837032828e-7,5.6713441292568956e-14,1.000856821975111e-6,-0.9966018158652379,0.03780841979711847,0.05389887645626596,0.11044671418964049,5.6713441292568956e-14,-0.9954047222416189,1.0
1213.297532081604,2505.0,668.7391304347826,14.478260869565217,1.343112585677728e156,2.391304347826087,1.2450633837032828e-7,5.6713441292568956e-14,1.000856821975111e-6,-0.9966018158652379,0.03780841979711847,0.05389887645626596,0.11044671418964049,5.6713441292568956e-14,-0.9954047222416189,1.0
1218.7300469875336,2514.0,677.7391304347826,14.478260869565217,1.343112585677728e156,2.391304347826087,1.2450633837032828e-7,5.6713441292568956e-14,1.000856821975111e-6,-0.9966018158652379,0.03780841979711847,0.05389887645626596,0.11044671418964049,5.6713441292568956e-14,-0.9954047222416189,1.0
1224.1796281337738,2523.0,664.0869565217391,14.478260869565217,1.343112585677728e156,2.391304347826087,1.2450633837032828e-7,5.6713441292568956e-14,1.000856821975111e-6,-0.9966018158652379,0.03780841979711847,0.05389887645626596,0.11044671418964049,5.6713441292568956e-14,-0.9954047222416189,1.0
1229.5865840911865,2532.0,670.9565217391304,14.478260869565217,7.816057108097024e306,2.391304347826087,1.2450633837032828e-7,5.6713441292568956e-14,1.000856821975111e-6,-0.9966018158652379,0.03780841979711847,0.05389887645626596,0.11044671418964049,5.6713441292568956e-14,-0.9954047222416189,1.0
1235.0221540927887,2541.0,679.5652173913044,14.478260869565217,7.816057108097024e306,2.391304347826087,1.2450633837032828e-7,5.6713441292568956e-14,1.000856821975111e-6,-0.9966018158652379,0.03780841979711847,0.05389887645626596,0.11044671418964049,5.6713441292568956e-14,-0.9954047222416189,1.0
1240.3954260349274,2550.0,688.1304347826087,14.478260869565217,7.816057108097024e306,2.391304347826087,1.2450633837032828e-7,5.6713441292568956e-14,1.000856821975111e-6,-0.9966018158652379,0.03780841979711847,0.05389887645626596,0.11044671418964049,5.6713441292568956e-14,-0.9954047222416189,1.0
1245.7285299301147,2559.0,696.7391304347826,14.478260869565217,7.816057108097024e306,2.391304347826087,1.2450633837032828e-7,5.6713441292568956e-14,1.000856821975111e-6,-0.9966018158652379,0.03780841979711847,0.05389887645626596,0.11044671418964049,5.6713441292568956e-14,-0.9954047222416189,1.0
1251.096470117569,2568.0,705.3478260869565,14.478260869565217,7.816057108097024e306,2.391304347826087,1.2450633837032828e-7,5.6713441292568956e-14,1.000856821975111e-6,-0.9966018158652379,0.03780841979711847,0.05389887645626596,0.11044671418964049,5.6713441292568956e-14,-0.9954047222416189,1.0
1256.5633280277252,2577.0,713.9565217391304,14.478260869565217,7.816057108097024e306,2.391304347826087,1.2450633837032828e-7,5.6713441292568956e-14,1.000856821975111e-6,-0.9966018158652379,0.03780841979711847,0.05389887645626596,0.11044671418964049,5.6713441292568956e-14,-0.9954047222416189,1.0
1262.0892601013184,2586.0,722.5652173913044,14.478260869565217,7.816057108097024e306,2.391304347826087,1.2450633837032828e-7,5.6713441292568956e-14,1.000856821975111e-6,-0.9966018158652379,0.03780841979711847,0.05389887645626596,0.11044671418964049,5.6713441292568956e-14,-0.9954047222416189,1.0
1267.6252059936523,2595.0,726.4347826086956,14.478260869565217,7.816057108097024e306,2.391304347826087,1.2450633837032828e-7,5.6713441292568956e-14,1.000856821975111e-6,-0.9966018158652379,0.03780841979711847,0.05389887645626596,0.11044671418964049,5.6713441292568956e-14,-0.9954047222416189,1.0
1273.1772999763489,2604.0,734.9565217391304,14.478260869565217,7.816057108097024e306,2.391304347826087,1.2450633837032828e-7,5.6713441292568956e-14,1.000856821975111e-6,-0.9966018158652379,0.03780841979711847,0.05389887645626596,0.11044671418964049,5.6713441292568956e-14,-0.9954047222416189,1.0
1278.7250220775604,2613.0,743.6521739130435,14.478260869565217,7.816057108097024e306,2.391304347826087,1.2450633837032828e-7,5.6713441292568956e-14,1.000856821975111e-6,-0.9966018158652379,0.03780841979711847,0.05389887645626596,0.11044671418964049,5.6713441292568956e-14,-0.9954047222416189,1.0
1284.2988250255585,2622.0,751.0869565217391,14.478260869565217,7.816057108097024e306,2.347826086956522,1.2424210721572592e-7,5.6713441292568956e-14,1.000856821975111e-6,-0.9966018158652379,0.03780841979711847,0.05389887645626596,0.11044671418964049,5.6713441292568956e-14,-0.9954047222416189,1.0
1289.6977229118347,2631.0,759.6086956521739,14.478260869565217,7.816057108097024e306,2.347826086956522,1.2424210721572592e-7,5.6713441292568956e-14,1.000856821975111e-6,-0.9966018158652379,0.03780841979711847,0.05389887645626596,0.11044671418964049,5.6713441292568956e-14,-0.9954047222416189,1.0
1295.0528321266174,2640.0,768.2608695652174,14.478260869565217,7.816057108097024e306,2.347826086956522,1.2424210721572592e-7,5.6713441292568956e-14,1.000856821975111e-6,-0.9966018158652379,0.03780841979711847,0.05389887645626596,0.11044671418964049,5.6713441292568956e-14,-0.9954047222416189,1.0
1300.339716911316,2649.0,776.7391304347826,14.478260869565217,7.816057108097024e306,2.347826086956522,1.2424210721572592e-7,5.6713441292568956e-14,1.000856821975111e-6,-0.9966018158652379,0.03780841979711847,0.05389887645626596,0.11044671418964049,5.6713441292568956e-14,-0.9954047222416189,1.0
1305.5884320735931,2658.0,783.7826086956521,14.478260869565217,7.816057108097024e306,2.347826086956522,1.239502841334475e-7,5.6713441292568956e-14,1.000856821975111e-6,-0.9966018158652379,0.03780841979711847,0.05389887645626596,0.11044671418964049,5.6713441292568956e-14,-0.9954047222416189,1.0
1311.0765719413757,2667.0,792.3478260869565,14.478260869565217,7.816057108097024e306,2.347826086956522,1.239502841334475e-7,5.6713441292568956e-14,1.000856821975111e-6,-0.9966018158652379,0.03780841979711847,0.05389887645626596,0.11044671418964049,5.6713441292568956e-14,-0.9954047222416189,1.0
1316.5600011348724,2676.0,801.3478260869565,14.478260869565217,7.816057108097024e306,2.347826086956522,1.239502841334475e-7,5.6713441292568956e-14,1.000856821975111e-6,-0.9966018158652379,0.03780841979711847,0.05389887645626596,0.11044671418964049,5.6713441292568956e-14,-0.9954047222416189,1.0
1321.88125705719,2685.0,809.4782608695652,14.478260869565217,7.816057108097024e306,2.347826086956522,1.239502841334475e-7,5.6713441292568956e-14,1.000856821975111e-6,-0.9966018158652379,0.03780841979711847,0.05389887645626596,0.11044671418964049,5.6713441292568956e-14,-0.9954047222416189,1.0
1327.108302116394,2694.0,818.2173913043479,14.478260869565217,7.816057108097024e306,2.347826086956522,1.239502841334475e-7,5.6713441292568956e-14,1.000856821975111e-6,-0.9966018158652379,0.03780841979711847,0.05389887645626596,0.11044671418964049,5.6713441292568956e-14,-0.9954047222416189,1.0
1332.3521521091461,2703.0,797.1304347826087,14.478260869565217,7.816057108097024e306,2.347826086956522,1.239502841334475e-7,5.6713441292568956e-14,1.000856821975111e-6,-0.9966018158652379,0.037808419797593855,0.05389887645626596,0.11044671419310133,5.6713441292568956e-14,-0.9954047222416189,1.0
1337.6324949264526,2712.0,805.9130434782609,14.478260869565217,7.816057108097024e306,2.347826086956522,1.239502841334475e-7,5.6713441292568956e-14,1.000856821975111e-6,-0.9966018158652379,0.037808419797593855,0.05389887645626596,0.11044671419310133,5.6713441292568956e-14,-0.9954047222416189,1.0
1342.9916100502014,2721.0,814.3478260869565,14.478260869565217,7.816057108097024e306,2.347826086956522,1.239502841334475e-7,5.6713441292568956e-14,1.000856821975111e-6,-0.9966018158652379,0.037808419797593855,0.05389887645626596,0.11044671419310133,5.6713441292568956e-14,-0.9954047222416189,1.0
1348.3486549854279,2730.0,823.0,14.478260869565217,7.816057108097024e306,2.347826086956522,1.239502841334475e-7,5.6713441292568956e-14,1.000856821975111e-6,-0.9966018158652379,0.037808419797593855,0.05389887645626596,0.11044671419310133,5.6713441292568956e-14,-0.9954047222416189,1.0
1353.6267790794373,2739.0,831.5652173913044,14.478260869565217,7.816057108097024e306,2.347826086956522,1.239502841334475e-7,5.6713441292568956e-14,1.000856821975111e-6,-0.9966018158652379,0.037808419797593855,0.05389887645626596,0.11044671419310133,5.6713441292568956e-14,-0.9954047222416189,1.0
1358.979866027832,2748.0,840.304347826087,14.478260869565217,7.816057108097024e306,2.347826086956522,1.239502841334475e-7,5.6713441292568956e-14,1.000856821975111e-6,-0.9966018158652379,0.037808419797593855,0.05389887645626596,0.11044671419310133,5.6713441292568956e-14,-0.9954047222416189,1.0
1364.1831889152527,2757.0,848.7826086956521,14.478260869565217,7.816057108097024e306,2.347826086956522,1.239502841334475e-7,5.6713441292568956e-14,1.000856821975111e-6,-0.9966018158652379,0.037808419797593855,0.05389887645626596,0.11044671419310133,5.6713441292568956e-14,-0.9954047222416189,1.0
1369.59765791893,2766.0,857.3913043478261,14.478260869565217,7.816057108097024e306,2.347826086956522,1.239502841334475e-7,5.6713441292568956e-14,1.000856821975111e-6,-0.9966018158652379,0.037808419797593855,0.05389887645626596,0.11044671419310133,5.6713441292568956e-14,-0.9954047222416189,1.0
1374.7943561077118,2775.0,866.0,14.478260869565217,7.816057108097024e306,2.347826086956522,1.239502841334475e-7,5.6713441292568956e-14,1.000856821975111e-6,-0.9966018158652379,0.037808419797593855,0.05389887645626596,0.11044671419310133,5.6713441292568956e-14,-0.9954047222416189,1.0
1380.0631940364838,2784.0,874.6521739130435,14.478260869565217,7.816057108097024e306,2.347826086956522,1.239502841334475e-7,5.6713441292568956e-14,1.000856821975111e-6,-0.9966018158652379,0.037808419797593855,0.05389887645626596,0.11044671419310133,5.6713441292568956e-14,-0.9954047222416189,1.0
1385.4780340194702,2793.0,855.7391304347826,14.478260869565217,7.816057108097024e306,2.3043478260869565,1.239502841334475e-7,5.6612388229660353e-14,1.000856821975111e-6,-0.9966078708128362,0.037808419797593855,0.05389887645626596,0.11044671419310133,5.6612388229660353e-14,-0.9954047222416189,1.0
1390.8107810020447,2802.0,864.2608695652174,14.478260869565217,7.816057108097024e306,2.3043478260869565,1.2363043937332504e-7,5.624530804920127e-14,1.000856821975111e-6,-0.9966298657053518,0.037808419797593855,0.05389887645626596,0.1085875577365962,5.624530804920127e-14,-0.9954047222416189,1.0
1396.1541810035706,2811.0,868.3478260869565,14.478260869565217,7.816057108097024e306,2.3043478260869565,1.2363043937332504e-7,5.624530804920127e-14,1.000856821975111e-6,-0.9966298657053518,0.03780864684739457,0.05389887645626596,0.1085875577365962,5.624530804920127e-14,-0.9954047222416189,1.0
1401.4068710803986,2820.0,851.7391304347826,14.478260869565217,7.816057108097024e306,2.3043478260869565,1.2363097826795935e-7,5.624514546157519e-14,1.000856821975111e-6,-0.9966298754473579,0.03780864684739457,0.05389887645626596,0.10858176760156306,5.624514546157519e-14,-0.9954047222416189,1.0
1406.6605849266052,2829.0,860.0,14.478260869565217,2.9846946348393954e155,2.260869565217391,1.2363097826795935e-7,5.624514546157519e-14,1.000856821975111e-6,-0.9966298754473579,0.03780864684739457,0.05389887645626596,0.10858176760156306,5.624514546157519e-14,-0.9954047222416189,1.0
1411.9156639575958,2838.0,868.8260869565217,14.478260869565217,2.9846946348393954e155,2.260869565217391,1.2363097826795935e-7,5.624514546157519e-14,1.000856821975111e-6,-0.9966298754473579,0.03780864684739457,0.05389887645626596,0.10858176760156306,5.624514546157519e-14,-0.9954047222416189,1.0
1417.2072169780731,2847.0,877.2173913043479,14.478260869565217,2.9846946348393954e155,2.260869565217391,1.2363097826795935e-7,5.624514546157519e-14,1.000856821975111e-6,-0.9966298754473579,0.03780864684739457,0.05389887645626596,0.10858176760156306,5.624514546157519e-14,-0.9954047222416189,1.0
1422.5908510684967,2856.0,884.0869565217391,14.478260869565217,2.9846946348393954e155,2.260869565217391,1.2363524752048852e-7,5.624385911406434e-14,1.000856821975111e-6,-0.9966299525233668,0.03780864684739457,0.05389887645626596,0.1085363153207959,5.624385911406434e-14,-0.9954047222416189,1.0
1427.9713730812073,2865.0,892.7391304347826,14.478260869565217,2.9846946348393954e155,2.260869565217391,1.2363524752048852e-7,5.624385911406434e-14,1.000856821975111e-6,-0.9966299525233668,0.03780864684739457,0.05389887645626596,0.1085363153207959,5.624385911406434e-14,-0.9954047222416189,1.0
1433.4311380386353,2874.0,901.3478260869565,14.478260869565217,2.9846946348393954e155,2.260869565217391,1.2363524752048852e-7,5.624385911406434e-14,1.000856821975111e-6,-0.9966299525233668,0.03780864684739457,0.05389887645626596,0.1085363153207959,5.624385911406434e-14,-0.9954047222416189,1.0
1438.9253361225128,2883.0,909.9130434782609,14.478260869565217,2.9846946348393954e155,2.260869565217391,1.2363524752048852e-7,5.624385911406434e-14,1.000856821975111e-6,-0.9966299525233668,0.03780864684739457,0.05389887645626596,0.1085363153207959,5.624385911406434e-14,-0.9954047222416189,1.0
1444.3048949241638,2892.0,918.5217391304348,14.478260869565217,2.9846946348393954e155,2.260869565217391,1.2363524752048852e-7,5.624385911406434e-14,1.000856821975111e-6,-0.9966299525233668,0.03780864684739457,0.05389887645626596,0.1085363153207959,5.624385911406434e-14,-0.9954047222416189,1.0
1449.7100729942322,2901.0,927.2608695652174,14.478260869565217,2.9846946348393954e155,2.260869565217391,1.2363524752048852e-7,5.624385911406434e-14,1.000856821975111e-6,-0.9966299525233668,0.03780864684739457,0.05389887645626596,0.1085363153207959,5.624385911406434e-14,-0.9954047222416189,1.0
1455.0144739151,2910.0,933.4347826086956,14.478260869565217,2.9846946348393954e155,2.260869565217391,1.2371745371982577e-7,5.621931397992926e-14,1.000856821975111e-6,-0.996631423230901,0.03780864684739457,0.05389887645626596,0.10830962105369694,5.621931397992926e-14,-0.9954047222416189,1.0
1460.5327270030975,2919.0,942.304347826087,14.478260869565217,2.9846946348393954e155,2.260869565217391,1.2371745371982577e-7,5.621931397992926e-14,1.000856821975111e-6,-0.996631423230901,0.03780864684739457,0.05389887645626596,0.10830962105369694,5.621931397992926e-14,-0.9954047222416189,1.0
1466.0325751304626,2928.0,927.3478260869565,14.478260869565217,2.9846946348393954e155,2.260869565217391,1.2371745371982577e-7,5.621931397992926e-14,1.000856821975111e-6,-0.996631423230901,0.03780864684739457,0.05389887645626596,0.10830962105369694,5.621931397992926e-14,-0.9954047222416189,1.0
1471.3595020771027,2937.0,936.3478260869565,14.478260869565217,2.9846946348393954e155,2.260869565217391,1.2371745371982577e-7,5.621931397992926e-14,1.000856821975111e-6,-0.996631423230901,0.03780864684739457,0.05389887645626596,0.10830962105369694,5.621931397992926e-14,-0.9954047222416189,1.0
1476.8244469165802,2946.0,945.3478260869565,14.478260869565217,2.9846946348393954e155,2.260869565217391,1.2371745371982577e-7,5.621931397992926e-14,1.000856821975111e-6,-0.996631423230901,0.03780864684739457,0.05389887645626596,0.10830962105369694,5.621931397992926e-14,-0.9954047222416189,1.0
1482.2133090496063,2955.0,954.3478260869565,14.478260869565217,2.9846946348393954e155,2.260869565217391,1.2371745371982577e-7,5.621931397992926e-14,1.000856821975111e-6,-0.996631423230901,0.03780864684739457,0.05389887645626596,0.10830962105369694,5.621931397992926e-14,-0.9954047222416189,1.0
1487.6266479492188,2964.0,963.3478260869565,14.478260869565217,2.9846946348393954e155,2.260869565217391,1.2371745371982577e-7,5.621931397992926e-14,1.000856821975111e-6,-0.996631423230901,0.03780864684739457,0.05389887645626596,0.10830962105369694,5.621931397992926e-14,-0.9954047222416189,1.0
1493.0675179958344,2973.0,972.3478260869565,14.478260869565217,2.9846946348393954e155,2.260869565217391,1.2371745371982577e-7,5.621931397992926e-14,1.000856821975111e-6,-0.996631423230901,0.03780864684739457,0.05389887645626596,0.10830962105369694,5.621931397992926e-14,-0.9954047222416189,1.0
1498.4710140228271,2982.0,981.3478260869565,14.478260869565217,2.9846946348393954e155,2.260869565217391,1.2371745371982577e-7,5.621931397992926e-14,1.000856821975111e-6,-0.996631423230901,0.03780864684739457,0.05389887645626596,0.10830962105369694,5.621931397992926e-14,-0.9954047222416189,1.0
1503.494341135025,2990.0,989.3478260869565,14.478260869565217,2.9846946348393954e155,2.260869565217391,1.2371745371982577e-7,5.621931397992926e-14,1.000856821975111e-6,-0.996631423230901,0.03780864684739457,0.05389887645626596,0.10830962105369694,5.621931397992926e-14,-0.9954047222416189,1.0
1509.0794749259949,2999.0,998.3478260869565,14.478260869565217,2.9846946348393954e155,2.260869565217391,1.2371745371982577e-7,5.621931397992926e-14,1.000856821975111e-6,-0.996631423230901,0.03780864684739457,0.05389887645626596,0.10830962105369694,5.621931397992926e-14,-0.9954047222416189,1.0
1514.6674060821533,3008.0,1007.3478260869565,14.478260869565217,2.9846946348393954e155,2.260869565217391,1.2371745371982577e-7,5.621931397992926e-14,1.000856821975111e-6,-0.996631423230901,0.03780864684739457,0.05389887645626596,0.10830962105369694,5.621931397992926e-14,-0.9954047222416189,1.0
1520.2226390838623,3017.0,1016.3478260869565,14.478260869565217,2.9846946348393954e155,2.260869565217391,1.2371745371982577e-7,5.621931397992926e-14,1.000856821975111e-6,-0.996631423230901,0.03780864684739457,0.05389887645626596,0.10830962105369694,5.621931397992926e-14,-0.9954047222416189,1.0
1525.684492111206,3026.0,1025.3478260869565,14.478260869565217,2.9846946348393954e155,2.260869565217391,1.2371745371982577e-7,5.621931397992926e-14,1.000856821975111e-6,-0.996631423230901,0.03780864684739457,0.05389887645626596,0.10830962105369694,5.621931397992926e-14,-0.9954047222416189,1.0
1531.1071410179138,3035.0,1034.3478260869565,14.478260869565217,2.9846946348393954e155,2.260869565217391,1.2371745371982577e-7,5.621931397992926e-14,1.000856821975111e-6,-0.996631423230901,0.03780864684739457,0.05389887645626596,0.10830962105369694,5.621931397992926e-14,-0.9954047222416189,1.0
1536.5766699314117,3044.0,1034.0434782608695,14.478260869565217,2.9846946348393954e155,2.260869565217391,1.2371745371982577e-7,5.621931397992926e-14,1.000856821975111e-6,-0.996631423230901,0.03780864684739457,0.05389887645626596,0.10830962105369694,5.621931397992926e-14,-0.9954047222416189,1.0
1541.640042066574,3052.0,1042.0434782608695,14.478260869565217,2.9846946348393954e155,2.260869565217391,1.2371745371982577e-7,5.621931397992926e-14,1.000856821975111e-6,-0.996631423230901,0.03780864684739457,0.05389887645626596,0.10830962105369694,5.621931397992926e-14,-0.9954047222416189,1.0
1546.651794910431,3060.0,1050.0434782608695,14.478260869565217,2.9846946348393954e155,2.260869565217391,1.2371745371982577e-7,5.621931397992926e-14,1.000856821975111e-6,-0.996631423230901,0.03780864684739457,0.05389887645626596,0.10830962105369694,5.621931397992926e-14,-0.9954047222416189,1.0
1552.102392911911,3069.0,1059.0434782608695,14.478260869565217,2.9846946348393954e155,2.260869565217391,1.2371745371982577e-7,5.621931397992926e-14,1.000856821975111e-6,-0.996631423230901,0.03780864684739457,0.05389887645626596,0.10830962105369694,5.621931397992926e-14,-0.9954047222416189,1.0
1557.6374459266663,3078.0,1068.0434782608695,14.478260869565217,2.9846946348393954e155,2.260869565217391,1.2371745371982577e-7,5.621931397992926e-14,1.000856821975111e-6,-0.996631423230901,0.03780864684739457,0.05389887645626596,0.10830962105369694,5.621931397992926e-14,-0.9954047222416189,1.0
1563.2564918994904,3087.0,1077.0434782608695,14.478260869565217,2.9846946348393954e155,2.260869565217391,1.2371745371982577e-7,5.621931397992926e-14,1.000856821975111e-6,-0.996631423230901,0.03780864684739457,0.05389887645626596,0.10830962105369694,5.621931397992926e-14,-0.9954047222416189,1.0
1568.41433095932,3095.0,1076.9565217391305,14.478260869565217,2.9846946348393954e155,2.217391304347826,1.239502841334475e-7,5.5848473477732625e-14,1.000856821975111e-6,-0.9966536434362416,0.03780864684739457,0.05389887645626596,0.11044836711301546,5.5848473477732625e-14,-0.9954047222416189,1.0
1573.9854340553284,3104.0,1085.4782608695652,14.478260869565217,2.9846946348393954e155,2.217391304347826,1.239502841334475e-7,5.584847338155907e-14,1.000856821975111e-6,-0.9966536434420042,0.03780864684739457,0.05389887645626596,0.11044836711301546,5.584847338155907e-14,-0.9954047222416189,1.0
1579.3511009216309,3113.0,1094.4782608695652,14.478260869565217,2.9846946348393954e155,2.217391304347826,1.239502841334475e-7,5.584847338155907e-14,1.000856821975111e-6,-0.9966536434420042,0.03780864684739457,0.05389887645626596,0.11044836711301546,5.584847338155907e-14,-0.9954047222416189,1.0
1584.7918100357056,3122.0,1103.4782608695652,14.478260869565217,2.9846946348393954e155,2.217391304347826,1.239502841334475e-7,5.584847338155907e-14,1.000856821975111e-6,-0.9966536434420042,0.03780864684739457,0.05389887645626596,0.11044836711301546,5.584847338155907e-14,-0.9954047222416189,1.0
1590.4209830760956,3131.0,1112.4782608695652,14.478260869565217,2.9846946348393954e155,2.217391304347826,1.239502841334475e-7,5.584847338155907e-14,1.000856821975111e-6,-0.9966536434420042,0.03780864684739457,0.05389887645626596,0.11044836711301546,5.584847338155907e-14,-0.9954047222416189,1.0
1595.4793329238892,3139.0,1120.4782608695652,14.478260869565217,2.9846946348393954e155,2.217391304347826,1.239502841334475e-7,5.584847338155907e-14,1.000856821975111e-6,-0.9966536434420042,0.03780864684739457,0.05389887645626596,0.11044836711301546,5.584847338155907e-14,-0.9954047222416189,1.0
1600.649120092392,3147.0,1124.0,14.478260869565217,2.9846946348393954e155,2.260869565217391,1.239502841334475e-7,5.584847338155907e-14,1.000856821975111e-6,-0.9966536434420042,0.03780864684739457,0.05389887645626596,0.11044836711301546,5.584847338155907e-14,-0.9954047222416189,1.0
1605.9230179786682,3155.0,1132.0,14.478260869565217,2.9846946348393954e155,2.260869565217391,1.239502841334475e-7,5.584847338155907e-14,1.000856821975111e-6,-0.9966536434420042,0.03780864684739457,0.05389887645626596,0.11044836711301546,5.584847338155907e-14,-0.9954047222416189,1.0
1611.1891419887543,3163.0,1140.0,14.478260869565217,2.9846946348393954e155,2.260869565217391,1.239502841334475e-7,5.584847338155907e-14,1.000856821975111e-6,-0.9966536434420042,0.03780864684739457,0.05389887645626596,0.11044836711301546,5.584847338155907e-14,-0.9954047222416189,1.0
1616.3087611198425,3171.0,1148.0,14.478260869565217,2.9846946348393954e155,2.260869565217391,1.239502841334475e-7,5.584847338155907e-14,1.000856821975111e-6,-0.9966536434420042,0.03780864684739457,0.05389887645626596,0.11044836711301546,5.584847338155907e-14,-0.9954047222416189,1.0
1621.4436869621277,3179.0,1156.0,14.478260869565217,2.9846946348393954e155,2.260869565217391,1.239502841334475e-7,5.584847338155907e-14,1.000856821975111e-6,-0.9966536434420042,0.03780864684739457,0.05389887645626596,0.11044836711301546,5.584847338155907e-14,-0.9954047222416189,1.0
1627.0313940048218,3188.0,1165.0,14.478260869565217,2.9846946348393954e155,2.260869565217391,1.239502841334475e-7,5.584847338155907e-14,1.000856821975111e-6,-0.9966536434420042,0.03780864684739457,0.05389887645626596,0.11044836711301546,5.584847338155907e-14,-0.9954047222416189,1.0
1632.0495390892029,3196.0,1173.0,14.478260869565217,2.9846946348393954e155,2.260869565217391,1.239502841334475e-7,5.584847338155907e-14,1.000856821975111e-6,-0.9966536434420042,0.03780864684739457,0.05389887645626596,0.11044836711301546,5.584847338155907e-14,-0.9954047222416189,1.0
1637.6173589229584,3205.0,1182.0,14.478260869565217,2.9846946348393954e155,2.260869565217391,1.239502841334475e-7,5.584847338155907e-14,1.000856821975111e-6,-0.9966536434420042,0.03780864684739457,0.05389887645626596,0.11044836711301546,5.584847338155907e-14,-0.9954047222416189,1.0
1643.1884920597076,3214.0,1191.0,14.478260869565217,2.9846946348393954e155,2.260869565217391,1.239502841334475e-7,5.584847338155907e-14,1.000856821975111e-6,-0.9966536434420042,0.03780864684739457,0.05389887645626596,0.11044836711301546,5.584847338155907e-14,-0.9954047222416189,1.0
1648.8295769691467,3223.0,1163.8695652173913,14.478260869565217,2.9846946348393954e155,2.260869565217391,1.239502841334475e-7,5.583717912519341e-14,1.000856821975111e-6,-0.996654320176865,0.03780864684739457,0.05389887645626596,0.11044836711301546,5.583717912519341e-14,-0.9954047222416189,1.0
1654.3531939983368,3232.0,1128.4347826086957,14.478260869565217,2.9846946348393954e155,2.260869565217391,1.239502841334475e-7,5.583716938856326e-14,1.000856821975111e-6,-0.9966543207602692,0.03780864684739457,0.05389887645626596,0.11044836711301546,5.583716938856326e-14,-0.9954047222416189,1.0
1659.8559210300446,3241.0,1136.9130434782608,14.478260869565217,2.9846946348393954e155,2.260869565217391,1.239502841334475e-7,5.583716938856326e-14,1.000856821975111e-6,-0.9966543207602692,0.03780864684739457,0.05389887645626596,0.11044836711301546,5.583716938856326e-14,-0.9954047222416189,1.0
1665.2662761211395,3250.0,1145.9130434782608,14.478260869565217,2.9846946348393954e155,2.260869565217391,1.239502841334475e-7,5.583716938856326e-14,1.000856821975111e-6,-0.9966543207602692,0.03780864684739457,0.05389887645626596,0.11044836711301546,5.583716938856326e-14,-0.9954047222416189,1.0
1670.833657026291,3259.0,1135.304347826087,14.478260869565217,2.9846946348393954e155,2.260869565217391,1.239502841334475e-7,5.583716938856326e-14,1.000856821975111e-6,-0.9966543207602692,0.03780864977076046,0.05389887645626596,0.11044838839508501,5.583716938856326e-14,-0.9954047222416189,1.0
1676.3599281311035,3268.0,1144.304347826087,14.478260869565217,2.9846946348393954e155,2.260869565217391,1.239502841334475e-7,5.583716938856326e-14,1.000856821975111e-6,-0.9966543207602692,0.03780864977076046,0.05389887645626596,0.11044838839508501,5.583716938856326e-14,-0.9954047222416189,1.0
1681.9016540050507,3277.0,1153.304347826087,14.478260869565217,2.9846946348393954e155,2.260869565217391,1.239502841334475e-7,5.583716938856326e-14,1.000856821975111e-6,-0.9966543207602692,0.03780864977076046,0.05389887645626596,0.11044838839508501,5.583716938856326e-14,-0.9954047222416189,1.0
1687.3793890476227,3286.0,1098.8181818181818,14.045454545454545,1.5601812863933204e155,2.1818181818181817,1.239502841334475e-7,5.583716938856326e-14,1.000856821975111e-6,-0.9966543207602692,0.03780864977076046,0.05389887645626596,0.11044838839508501,5.583716938856326e-14,-0.9954047222416189,1.0
1692.9375,3295.0,1090.4545454545455,14.045454545454545,1.5601812863933204e155,2.1818181818181817,1.239502841334475e-7,5.583716938856326e-14,1.000856821975111e-6,-0.9966543207602692,0.03780864977076046,0.05389887645626596,0.11044838839508501,5.583716938856326e-14,-0.9954047222416189,1.0
1697.9493689537048,3303.0,1097.6363636363637,14.045454545454545,1.5601812863933204e155,2.1818181818181817,1.239502841334475e-7,5.583716938856326e-14,1.000856821975111e-6,-0.9966543207602692,0.03780864977076046,0.05389887645626596,0.11044838839508501,5.583716938856326e-14,-0.9954047222416189,1.0
1703.5363869667053,3312.0,1106.6363636363637,14.045454545454545,1.5601812863933204e155,2.1818181818181817,1.239502841334475e-7,5.583716938856326e-14,1.000856821975111e-6,-0.9966543207602692,0.03780864977076046,0.05389887645626596,0.11044838839508501,5.583716938856326e-14,-0.9954047222416189,1.0
1708.987445116043,3321.0,1115.6363636363637,14.045454545454545,1.5601812863933204e155,2.1818181818181817,1.239502841334475e-7,5.583716938856326e-14,1.000856821975111e-6,-0.9966543207602692,0.03780864977076046,0.05389887645626596,0.11044838839508501,5.583716938856326e-14,-0.9954047222416189,1.0
1714.4659221172333,3330.0,1124.6363636363637,14.045454545454545,1.5601812863933204e155,2.1818181818181817,1.239502841334475e-7,5.583716938856326e-14,1.000856821975111e-6,-0.9966543207602692,0.03780864977076046,0.05389887645626596,0.11044838839508501,5.583716938856326e-14,-0.9954047222416189,1.0
1719.9683361053467,3339.0,1133.6363636363637,14.045454545454545,1.5601812863933204e155,2.1818181818181817,1.239502841334475e-7,5.583716938856326e-14,1.000856821975111e-6,-0.9966543207602692,0.03780864977076046,0.05389887645626596,0.11044838839508501,5.583716938856326e-14,-0.9954047222416189,1.0
1725.4192309379578,3348.0,1142.6363636363637,14.045454545454545,1.5601812863933204e155,2.1818181818181817,1.239502841334475e-7,5.583716938856326e-14,1.000856821975111e-6,-0.9966543207602692,0.03780864977076046,0.05389887645626596,0.11044838839508501,5.583716938856326e-14,-0.9954047222416189,1.0
1730.7771351337433,3357.0,1039.6363636363637,14.045454545454545,1.5601812863933204e155,2.1818181818181817,1.239502841334475e-7,5.583716938856326e-14,1.0008596961822497e-6,-0.9966543207602692,0.03780864977076046,0.05389887645626596,0.11044838839508501,5.583716938856326e-14,-0.9954047222416189,1.0
1736.357048034668,3366.0,1048.6363636363637,14.045454545454545,1.5601812863933204e155,2.1818181818181817,1.239502841334475e-7,5.583716938856326e-14,1.0008596961822497e-6,-0.9966543207602692,0.03780864977076046,0.05389887645626596,0.11044838839508501,5.583716938856326e-14,-0.9954047222416189,1.0
1741.450984954834,3374.0,1056.6363636363637,14.045454545454545,1.5601812863933204e155,2.1818181818181817,1.239502841334475e-7,5.583716938856326e-14,1.0008596961822497e-6,-0.9966543207602692,0.03780864977076046,0.05389887645626596,0.11044838839508501,5.583716938856326e-14,-0.9954047222416189,1.0
1746.999962091446,3383.0,1065.6363636363637,14.045454545454545,1.5601812863933204e155,2.1818181818181817,1.239502841334475e-7,5.583716938856326e-14,1.0008596961822497e-6,-0.9966543207602692,0.03780864977076046,0.05389887645626596,0.11044838839508501,5.583716938856326e-14,-0.9954047222416189,1.0
1752.5716979503632,3392.0,1074.6363636363637,14.045454545454545,1.5601812863933204e155,2.1818181818181817,1.239502841334475e-7,5.583716938856326e-14,1.0008596961822497e-6,-0.9966543207602692,0.03780864977076046,0.05389887645626596,0.11044838839508501,5.583716938856326e-14,-0.9954047222416189,1.0
1757.9326009750366,3401.0,1083.6363636363637,14.045454545454545,1.5601812863933204e155,2.1818181818181817,1.239502841334475e-7,5.583716938856326e-14,1.0008596961822497e-6,-0.9966543207602692,0.03780864977076046,0.05389887645626596,0.11044838839508501,5.583716938856326e-14,-0.9954047222416189,1.0
1763.4186251163483,3410.0,1092.6363636363637,14.045454545454545,1.5601812863933204e155,2.1818181818181817,1.239502841334475e-7,5.583716938856326e-14,1.0008596961822497e-6,-0.9966543207602692,0.03780864977076046,0.05389887645626596,0.11044838839508501,5.583716938856326e-14,-0.9954047222416189,1.0
1768.919133901596,3419.0,1101.6363636363637,14.045454545454545,1.5601812863933204e155,2.1818181818181817,1.239502841334475e-7,5.583716938856326e-14,1.0008596961822497e-6,-0.9966543207602692,0.03780864977076046,0.05389887645626596,0.11044838839508501,5.583716938856326e-14,-0.9954047222416189,1.0
1774.4852230548859,3428.0,1110.6363636363637,14.045454545454545,1.5601812863933204e155,2.1818181818181817,1.239502841334475e-7,5.583716938856326e-14,1.0008596961822497e-6,-0.9966543207602692,0.03780864977076046,0.05389887645626596,0.11044838839508501,5.583716938856326e-14,-0.9954047222416189,1.0
1779.9443409442902,3437.0,1111.7727272727273,14.045454545454545,1.5601812863933204e155,2.1818181818181817,1.239502841334475e-7,5.583716938856326e-14,1.0008596961822497e-6,-0.9966543207602692,0.037808649809907974,0.05389887645626596,0.11044838868007849,5.583716938856326e-14,-0.9954047222416189,1.0
1784.954805135727,3445.0,1119.7727272727273,14.045454545454545,1.5601812863933204e155,2.1818181818181817,1.239502841334475e-7,5.583716938856326e-14,1.0008596961822497e-6,-0.9966543207602692,0.037808649809907974,0.05389887645626596,0.11044838868007849,5.583716938856326e-14,-0.9954047222416189,1.0
1790.4905021190643,3454.0,1128.7727272727273,14.045454545454545,1.5601812863933204e155,2.1818181818181817,1.239502841334475e-7,5.583716938856326e-14,1.0008596961822497e-6,-0.9966543207602692,0.037808649809907974,0.05389887645626596,0.11044838868007849,5.583716938856326e-14,-0.9954047222416189,1.0
1796.0048789978027,3463.0,1137.7727272727273,14.045454545454545,1.5601812863933204e155,2.1818181818181817,1.239502841334475e-7,5.583716938856326e-14,1.0008596961822497e-6,-0.9966543207602692,0.037808649809907974,0.05389887645626596,0.11044838868007849,5.583716938856326e-14,-0.9954047222416189,1.0
