time_stamp,max_are,compl,dim_penalty,age,minus_spearman,valid,max_ae,q75_are,n_params,eqs_orig,minus_r2,mse,mare,ms_processed_e,recursive_compl,mae,eqs_orig_rounded
12.762817859649658,1.7459520630273215,2.0,0.0,3067.0,-0.9993894993894994,true,61.80619348699101,1.7386756673956683,0.0,log(v1),73.59807998577163,1821.6968163114711,1.7183626904593998,1821.6968163114711,4.0,42.06340437340766,log(v1)
12.582629919052124,2.072874039815819e17,2.0,0.0,3067.0,-0.9993894993894994,true,8.296678351002429e18,4.291812891051114e15,0.0,pow2(v1),1.1387344248229386e35,2.7808073300544533e36,1.3120511635028782e16,2.7808073300544533e36,4.0,4.785355204789754e17,pow2(v1)
12.588769912719727,1341.8948489578008,2.0,0.0,3067.0,-0.9993894993894994,true,53709.34137251816,678.345403247178,0.0,sqrt_abs(v1),1.3003694093393862e7,3.1755227421991223e8,414.9012319233053,3.1755227421991223e8,4.0,12006.239513783354,sqrt_abs(v1)
20.01491689682007,0.38885422498964956,2.0,0.0,3052.0,100.0,true,15.563890367666097,0.20655047194809073,1.0,-24.4611096643649,0.0006632271217357211,24.43635299186411,0.15405966228512588,24.43635299186411,1.0,3.869516748140996,-24.5
33.06086993217468,0.38885424094087123,2.0,0.0,3006.0,100.0,true,15.563891006113746,0.20655044045649765,1.0,-24.4611090259172,0.0006632337762029206,24.436353154367243,0.15405965343065942,24.436353154367243,1.0,3.8695166299099504,-24.5
12.659725904464722,2.072874039815819e17,2.0,0.0,3067.0,-0.9993894993894994,true,8.296678351002429e18,4.291812891051114e15,0.0,pow2(v1),1.1387344248229386e35,2.7808073300544533e36,1.3120511635028782e16,2.7808073300544533e36,4.0,4.785355204789754e17,pow2(v1)
12.658694982528687,1341.8948489578008,2.0,0.0,3067.0,-0.9993894993894994,true,53709.34137251816,678.345403247178,0.0,sqrt_abs(v1),1.3003694093393862e7,3.1755227421991223e8,414.9012319233053,3.1755227421991223e8,4.0,12006.239513783354,sqrt_abs(v1)
12.652890920639038,1.7459520630273215,2.0,0.0,3067.0,-0.9993894993894994,true,61.80619348699101,1.7386756673956683,0.0,log(v1),73.59807998577163,1821.6968163114711,1.7183626904593998,1821.6968163114711,4.0,42.06340437340766,log(v1)
19.71684694290161,0.3888535239280634,2.0,0.0,3053.0,100.0,true,15.56386230767609,0.20655185601425335,1.0,-24.4611377243549,0.0006629346886273257,24.43634585060172,0.15406005144192053,24.43634585060172,1.0,3.869521944435443,-24.5
12.701750040054321,1341.8948489578008,2.0,0.0,3067.0,-0.9993894993894994,true,53709.34137251816,678.345403247178,0.0,sqrt_abs(v1),1.3003694093393862e7,3.1755227421991223e8,414.9012319233053,3.1755227421991223e8,4.0,12006.239513783354,sqrt_abs(v1)
12.659725904464722,2.072874039815819e17,2.0,0.0,3067.0,-0.9993894993894994,true,8.296678351002429e18,4.291812891051114e15,0.0,pow2(v1),1.1387344248229386e35,2.7808073300544533e36,1.3120511635028782e16,2.7808073300544533e36,4.0,4.785355204789754e17,pow2(v1)
12.652890920639038,1.7459520630273215,2.0,0.0,3067.0,-0.9993894993894994,true,61.80619348699101,1.7386756673956683,0.0,log(v1),73.59807998577163,1821.6968163114711,1.7183626904593998,1821.6968163114711,4.0,42.06340437340766,log(v1)
12.701750040054321,1341.8948489578008,2.0,0.0,3067.0,-0.9993894993894994,true,53709.34137251816,678.345403247178,0.0,sqrt_abs(v1),1.3003694093393862e7,3.1755227421991223e8,414.9012319233053,3.1755227421991223e8,4.0,12006.239513783354,sqrt_abs(v1)
12.762817859649658,1.7459520630273215,2.0,0.0,3067.0,-0.9993894993894994,true,61.80619348699101,1.7386756673956683,0.0,log(v1),73.59807998577163,1821.6968163114711,1.7183626904593998,1821.6968163114711,4.0,42.06340437340766,log(v1)
13.219511985778809,2.072874039815819e17,2.0,0.0,3065.0,-0.9993894993894994,true,8.296678351002429e18,4.291812891051114e15,0.0,pow2(v1),1.1387344248229386e35,2.7808073300544533e36,1.3120511635028782e16,2.7808073300544533e36,4.0,4.785355204789754e17,pow2(v1)
1214.868854045868,0.3888384066171031,2.0,0.0,838.0,100.0,true,15.56325723730442,0.2065817012646331,1.0,-24.4617427947265,0.0006566445074176475,24.43619224338977,0.15406844300750208,24.43619224338977,1.0,3.86963399450427,-24.5
12.695882081985474,1.1961444167463375,3.0,0.0,3067.0,-0.9993894993894994,true,44.69203264976142,1.1890731223505717,0.0,sqrt_abs(log(v1)),33.97942409267737,854.2030239678161,1.1735025586662442,854.2030239678161,16.0,28.758809295505014,sqrt_abs(log(v1))
1787.6816730499268,2.4919041260546435,3.0,0.0,16.0,-0.9993894993894994,true,83.58738694195107,2.4773513347913365,0.0,log(pow2(v1)),147.9207267179353,3636.6675093594536,2.4367253809187996,3636.6675093594536,16.0,59.538435142699804,log(pow2(v1))
17.02586793899536,1.372976031513661,3.0,0.0,3059.0,-0.9993894993894994,true,50.91559675951099,1.3693378336978341,0.0,log(sqrt_abs(v1)),45.99262505349762,1147.5672760800721,1.3591813452297,1147.5672760800721,16.0,33.32588898876159,log(sqrt_abs(v1))
12.921391010284424,1.0525894550038222,3.0,0.0,3066.0,100.0,true,41.02500003203096,1.048545777689173,0.0,(v1/v1),26.812475729823817,679.1850205852993,1.0420974511130978,679.1850205852993,5.0,25.588373604115528,(v1/v1)
12.695451974868774,1.372976031513661,3.0,0.0,3067.0,-0.9993894993894994,true,50.91559675951099,1.3693378336978341,0.0,log(sqrt_abs(v1)),45.99262505349762,1147.5672760800721,1.3591813452297,1147.5672760800721,16.0,33.32588898876159,log(sqrt_abs(v1))
21.601212978363037,1.0525894550038222,3.0,0.0,3045.0,100.0,true,41.02500003203096,1.048545777689173,0.0,(v1/v1),26.812475729823817,679.1850205852993,1.0420974511130978,679.1850205852993,5.0,25.588373604115528,(v1/v1)
1607.628037929535,2.4919041260546435,3.0,0.0,260.0,-0.9993894993894994,true,83.58738694195107,2.4773513347913365,0.0,log(pow2(v1)),147.9207267179353,3636.6675093594536,2.4367253809187996,3636.6675093594536,16.0,59.538435142699804,log(pow2(v1))
65.3775520324707,1.0,3.0,0.0,2908.0,100.0,true,40.02500003203096,1.0,0.0,(v1-v1),24.75774907709552,629.0082733770682,1.0,629.0082733770682,4.0,24.588373604115528,(v1-v1)
12.695882081985474,1.1961444167463375,3.0,0.0,3067.0,-0.9993894993894994,true,44.69203264976142,1.1890731223505717,0.0,sqrt_abs(log(v1)),33.97942409267737,854.2030239678161,1.1735025586662442,854.2030239678161,16.0,28.758809295505014,sqrt_abs(log(v1))
1799.6530520915985,1.7197969170494853e36,3.0,0.0,0.0,-0.9993894993894994,true,6.88348716599924e37,5.033515990176741e32,0.0,pow2(pow2(v1)),7.217867148797121e72,1.762614481234743e74,7.076369062626847e34,1.762614481234743e74,16.0,2.7808073300544533e36,pow2(pow2(v1))
20.243494987487793,1.0,3.0,0.0,3051.0,100.0,true,40.02500003203096,1.0,0.0,(v1-v1),24.75774907709552,629.0082733770682,1.0,629.0082733770682,4.0,24.588373604115528,(v1-v1)
18.775959014892578,1.372976031513661,3.0,0.0,3057.0,-0.9993894993894994,true,50.91559675951099,1.3693378336978341,0.0,log(sqrt_abs(v1)),45.99262505349762,1147.5672760800721,1.3591813452297,1147.5672760800721,16.0,33.32588898876159,log(sqrt_abs(v1))
919.7073788642883,1.0525894550038222,3.0,0.0,1281.0,100.0,true,41.02500003203096,1.048545777689173,0.0,(v1/v1),26.812475729823817,679.1850205852993,1.0420974511130978,679.1850205852993,5.0,25.588373604115528,(v1/v1)
12.754766941070557,1.1961444167463375,3.0,0.0,3067.0,-0.9993894993894994,true,44.69203264976142,1.1890731223505717,0.0,sqrt_abs(log(v1)),33.97942409267737,854.2030239678161,1.1735025586662442,854.2030239678161,16.0,28.758809295505014,sqrt_abs(log(v1))
20.243494987487793,1.0,3.0,0.0,3051.0,100.0,true,40.02500003203096,1.0,0.0,(v1-v1),24.75774907709552,629.0082733770682,1.0,629.0082733770682,4.0,24.588373604115528,(v1-v1)
12.784205913543701,1.372976031513661,3.0,0.0,3067.0,-0.9993894993894994,true,50.91559675951099,1.3693378336978341,0.0,log(sqrt_abs(v1)),45.99262505349762,1147.5672760800721,1.3591813452297,1147.5672760800721,16.0,33.32588898876159,log(sqrt_abs(v1))
12.802973985671997,1.1961444167463375,3.0,0.0,3067.0,-0.9993894993894994,true,44.69203264976142,1.1890731223505717,0.0,sqrt_abs(log(v1)),33.97942409267737,854.2030239678161,1.1735025586662442,854.2030239678161,16.0,28.758809295505014,sqrt_abs(log(v1))
22.55790901184082,1.0525894550038222,3.0,0.0,3041.0,100.0,true,41.02500003203096,1.048545777689173,0.0,(v1/v1),26.812475729823817,679.1850205852993,1.0420974511130978,679.1850205852993,5.0,25.588373604115528,(v1/v1)
176.747300863266,0.9987850309417312,4.0,0.0,2632.0,-0.9993894993894994,true,22.797192997163524,0.9958462249367047,1.0,(v1/-4.60042659945447e7),15.226201208469519,396.24637910166336,0.8294992474863304,396.24637910166336,3.0,19.374396148575073,(v1/-4.6e7)
44.53552508354187,0.9988020225297556,4.0,0.0,2967.0,-0.9993894993894994,true,22.81964531477677,0.9959043163211241,1.0,(-2.14331166125532e-8*v1),15.231822177544675,396.38364404830475,0.8308477940879548,396.38364404830475,3.0,19.40585114299709,(-2.14e-8*v1)
44.53552508354187,0.9988020225297556,4.0,0.0,2967.0,-0.9993894993894994,true,22.81964531477677,0.9959043163211241,1.0,(-2.14331166125532e-8*v1),15.231822177544675,396.38364404830475,0.8308477940879548,396.38364404830475,3.0,19.40585114299709,(-2.14e-8*v1)
329.1561989784241,0.99878503095462,4.0,0.0,2299.0,-0.9993894993894994,true,22.797193014194576,0.9958462249807696,1.0,(v1/-4.60042664825753e7),15.226201211359584,396.2463791722392,0.8294992485092612,396.2463791722392,3.0,19.37439617243504,(v1/-4.6e7)
1799.6481790542603,1.2722686044398002,4.0,0.0,0.0,-0.9993894993894994,true,40.00905690433409,0.9961013328238297,1.0,(-4.59225135910996e7/v1),20.12849623928784,515.9611928336607,0.8078169704508407,515.9611928336607,3.0,20.590557388169344,(-4.59e7/v1)
29.343549966812134,0.9988020225421959,4.0,0.0,3019.0,-0.9993894993894994,true,22.819645331214886,0.9959043163636547,1.0,(-2.14331163899859e-8*v1),15.231822182985844,396.3836441811789,0.830847795075272,396.3836441811789,3.0,19.40585116602637,(-2.14e-8*v1)
147.07358288764954,0.9987850309511126,4.0,0.0,2700.0,-0.9993894993894994,true,22.79719300955974,0.9958462249687777,1.0,(v1/-4.60042663497626e7),15.22620121057308,396.2463791530326,0.8294992482308805,396.2463791530326,3.0,19.374396165941782,(v1/-4.6e7)
1799.814463853836,1.1337287778448715,4.0,0.0,0.0,-0.9993894993894994,true,40.02593832558382,1.0334101281307733,1.0,(2.70265654601881e6/v1),25.516663379301246,647.5410796965486,1.0224263025450222,647.5410796965486,3.0,25.035390526679862,(2.7e6/v1)
44.53552508354187,0.9988020225297556,4.0,0.0,2967.0,-0.9993894993894994,true,22.81964531477677,0.9959043163211241,1.0,(-2.14331166125532e-8*v1),15.231822177544675,396.38364404830475,0.8308477940879548,396.38364404830475,3.0,19.40585114299709,(-2.14e-8*v1)
176.747300863266,0.9987850309417312,4.0,0.0,2632.0,-0.9993894993894994,true,22.797192997163524,0.9958462249367047,1.0,(v1/-4.60042659945447e7),15.226201208469519,396.24637910166336,0.8294992474863304,396.24637910166336,3.0,19.374396148575073,(v1/-4.6e7)
30.425745964050293,0.22874973158035278,5.0,0.0,3015.0,-0.9993894993894994,true,9.155708013830694,0.052918250832242185,1.0,(log(v1)/-0.705594201581236),-0.8119452025222232,4.592327656726631,0.05079054719445769,4.592327656726631,5.0,1.3655376830602581,(log(v1)/-0.706)
32.613534927368164,0.22872598502430067,5.0,0.0,3008.0,-0.9993894993894994,true,9.154757557923947,0.052950669857927526,1.0,(-1.41728884314542*log(v1)),-0.811944501154867,4.5923447842275,0.05081149712022049,4.5923447842275,5.0,1.3659633331683312,(-1.42*log(v1))
1799.5370509624481,0.2788426286830985,5.0,0.0,0.0,-0.9993894993894994,true,11.160676221972615,0.08695512478527137,1.0,(-7.08313035509829-log(v1)),-0.6722729054003137,8.003147064443597,0.07228613618297987,8.003147064443597,5.0,1.8875742465430074,(-7.08-log(v1))
875.8656060695648,0.228726031349334,5.0,0.0,1352.0,-0.9993894993894994,true,9.154759412083408,0.05295060661454845,1.0,(-1.4172887580188*log(v1)),-0.8119445025703383,4.59234474966147,0.0508114562508832,4.59234474966147,5.0,1.365962502805587,(-1.42*log(v1))
49.44491386413574,0.22872634119640797,5.0,0.0,2952.0,-0.9993894993894994,true,9.154771813712554,0.05295018360835643,1.0,(log(v1)/-0.70557280305544),-0.8119445120330334,4.592344518580971,0.05081118289447808,4.592344518580971,5.0,1.3659569488869392,(log(v1)/-0.706)
1686.8821358680725,0.2788426286067514,5.0,0.0,152.0,-0.9993894993894994,true,11.160676218916823,0.08695512493599927,1.0,log((0.000839142216966837/v1)),-0.6722729054078749,8.003147064258952,0.07228613624316649,8.003147064258952,8.0,1.887574247561606,log((0.000839/v1))
1323.1814799308777,0.22872603412440806,5.0,0.0,674.0,-0.9993894993894994,true,9.154759523155747,0.0529506028259908,1.0,(-1.41728875291934*log(v1)),-0.8119445026551254,4.592344747590957,0.05081145380262946,4.592344747590957,5.0,1.3659624530631933,(-1.42*log(v1))
325.4095730781555,0.22872634119657823,5.0,0.0,2307.0,-0.9993894993894994,true,9.154771813719368,0.05295018360812396,1.0,(log(v1)/-0.705572803055596),-0.8119445120330387,4.592344518580841,0.050811182894327844,4.592344518580841,5.0,1.3659569488838867,(log(v1)/-0.706)
1799.8499200344086,0.27884262868233445,5.0,0.0,0.0,-0.9993894993894994,true,11.160676221942033,0.08695512478678,1.0,(-7.08313035512887-log(v1)),-0.6722729054003892,8.003147064441753,0.07228613618358226,8.003147064441753,5.0,1.8875742465532033,(-7.08-log(v1))
283.7854309082031,0.22872634119636368,5.0,0.0,2392.0,-0.9993894993894994,true,9.15477181371078,0.05295018360841692,1.0,(log(v1)/-0.705572803055399),-0.8119445120330322,4.592344518581003,0.05081118289451715,4.592344518581003,5.0,1.3659569488877323,(log(v1)/-0.706)
1237.7492589950562,0.22872602345901513,5.0,0.0,803.0,-0.9993894993894994,true,9.154759096273395,0.05295061738648725,1.0,(-1.41728877251801*log(v1)),-0.811944502329261,4.592344755548616,0.050811463211959736,4.592344755548616,5.0,1.365962644237257,(-1.42*log(v1))
821.065269947052,0.1688609137891471,6.0,0.0,1443.0,-0.9993894993894994,true,6.758658079819391,0.06399233318237738,1.0,(10.2960449577085-log(pow2(v1))),-0.8723443910203993,3.1173699980856844,0.04932397630773461,3.1173699980856844,17.0,1.2920859727743068,(10.3-log(pow2(v1)))
1137.6838068962097,0.16883106617538654,6.0,0.0,952.0,-0.9993894993894994,true,6.757463429077667,0.06404128321328503,1.0,log(pow2((171.988076800515/v1))),-0.872337909978819,3.117528266137831,0.04931863870067766,3.117528266137831,256.0,1.2920417264505404,log(pow2((172.0/v1)))
1798.063225030899,0.22872598397966207,6.0,0.0,2.0,-0.9993894993894994,true,9.154757516112287,0.052950671284078085,1.0,(-0.472429615021682*log(pow3(v1))),-0.8119445011229458,4.592344785007023,0.0508114980418321,4.592344785007023,17.0,1.3659633518931744,(-0.472*log(pow3(v1)))
115.33783793449402,0.16883263090551534,6.0,0.0,2773.0,-0.9993894993894994,true,6.757526057401122,0.06403871705879169,1.0,log(pow2((171.993462547292/v1))),-0.8723382526438903,3.1175198982030317,0.0493189185191799,3.1175198982030317,256.0,1.292044046018076,log(pow2((172.0/v1)))
215.85348200798035,0.1688310049780221,6.0,0.0,2541.0,-0.9993894993894994,true,6.757460979653153,0.0640413835768486,1.0,(10.2948478575423-log(pow2(v1))),-0.8723378965704922,3.117528593571276,0.04931862775683846,3.117528593571276,17.0,1.2920416357311129,(10.3-log(pow2(v1)))
1799.0467779636383,0.22872598397966012,6.0,0.0,1.0,-0.9993894993894994,true,9.154757516112209,0.05295067128408063,1.0,(-0.472429615021683*log(pow3(v1))),-0.8119445011229458,4.592344785007023,0.05081149804183376,4.592344785007023,17.0,1.3659633518932082,(-0.472*log(pow3(v1)))
1412.5847489833832,0.16883098744441943,6.0,0.0,540.0,-0.9993894993894994,true,6.757460277870706,0.0640414123319242,1.0,log((29579.8053493045/pow2(v1))),-0.8723378927287937,3.1175286873861547,0.049318624621328855,3.1175286873861547,32.0,1.2920416097391718,log((29600.0/pow2(v1)))
339.4977560043335,0.1688310865552464,6.0,0.0,2278.0,-0.9993894993894994,true,6.757464244781559,0.06404124979035283,1.0,(10.2948511226707-log(pow2(v1))),-0.872337914443932,3.117528157099071,0.04931864234517951,3.117528157099071,17.0,1.2920417566617957,(10.3-log(pow2(v1)))
1796.9409890174866,0.22872598397966207,6.0,0.0,4.0,-0.9993894993894994,true,9.154757516112287,0.052950671284078085,1.0,(-0.472429615021682*log(pow3(v1))),-0.8119445011229458,4.592344785007023,0.0508114980418321,4.592344785007023,17.0,1.3659633518931744,(-0.472*log(pow3(v1)))
115.12415599822998,0.16987017465161444,6.0,0.0,2774.0,-0.9993894993894994,true,6.799053745871973,0.06233714724999667,1.0,log(pow2((175.602042359205/v1))),-0.8724947411478694,3.1136984243857113,0.04950446101733495,3.1136984243857113,256.0,1.293582108554033,log(pow2((176.0/v1)))
1799.4121069908142,0.22872598393131605,6.0,0.0,1.0,-0.9993894993894994,true,9.154757514177238,0.05295067135008052,1.0,(log(pow3(v1))/-2.11671742867225),-0.8119445011214685,4.592344785043099,0.05081149808448438,4.592344785043099,17.0,1.3659633527597619,(log(pow3(v1))/-2.12)
115.12415599822998,0.16987017465161444,6.0,0.0,2774.0,-0.9993894993894994,true,6.799053745871973,0.06233714724999667,1.0,log(pow2((175.602042359205/v1))),-0.8724947411478694,3.1136984243857113,0.04950446101733495,3.1136984243857113,256.0,1.293582108554033,log(pow2((176.0/v1)))
83.98657989501953,0.16883288122379056,6.0,0.0,2855.0,-0.9993894993894994,true,6.757536076390096,0.06403830653728713,1.0,(10.2949229542792-log(pow2(v1))),-0.8723383074320552,3.1175185602674493,0.04931896328324724,3.1175185602674493,17.0,1.2920444170917416,(10.3-log(pow2(v1)))
19.57644486427307,0.1688332507865029,7.0,0.0,3053.0,-0.9993894993894994,true,6.75755086813767,0.06403770045512802,1.0,(10.2949377460268-log((v1*v1))),-0.8723383883047,3.1175165853447773,0.04931902937163059,3.1175165853447773,33.0,1.2920449649342431,(10.3-log((v1*v1)))
1799.6011340618134,0.23433765300093265,7.0,0.0,0.0,-0.9993894993894994,true,9.37936456886839,0.05302891936649802,1.0,(-1.36358329528601*log((v1+v1))),-0.7983148527060723,4.925182937586807,0.05398000416502377,4.925182937586807,17.0,1.4371988694674043,(-1.36*log((v1+v1)))
1799.6310448646545,0.23433765294903766,7.0,0.0,0.0,-0.9993894993894994,true,9.379364566791292,0.05302891943787008,1.0,(log((v1+v1))/-0.733361873373841),-0.798314852705025,4.92518293761238,0.053980004211357444,4.92518293761238,17.0,1.4371988704092533,(log((v1+v1))/-0.733)
23.802515983581543,0.1702124653613475,7.0,0.0,3035.0,-0.9993894993894994,true,6.812753931540001,0.06177579112433687,1.0,log(((31261.4444158518/v1)/v1)),-0.8725153835460215,3.1131943337844246,0.04956567238660772,3.1131943337844246,128.0,1.2940895228380342,log(((31300.0/v1)/v1))
19.57644486427307,0.1688332507865029,7.0,0.0,3053.0,-0.9993894993894994,true,6.75755086813767,0.06403770045512802,1.0,(10.2949377460268-log((v1*v1))),-0.8723383883047,3.1175165853447773,0.04931902937163059,3.1175165853447773,33.0,1.2920449649342431,(10.3-log((v1*v1)))
1799.057226896286,0.15285100130591825,7.0,0.0,1.0,-0.9993894993894994,true,5.198760335311178,0.09629796154448214,2.0,(-21.9131128219237-(v1/1.23565658752201e8)),-0.8176693793160433,4.452542361404084,0.07495245959393187,4.452542361404084,4.0,1.833099836577048,(-21.9-(v1/1.24e8))
1490.2561779022217,0.1702585639380175,7.0,0.0,426.0,-0.9993894993894994,true,6.8145990270726955,0.061700189544562634,1.0,log(((31319.178012911/v1)/v1)),-0.872516989052502,3.113155127064299,0.049573916130651194,3.113155127064299,128.0,1.2941578597096155,log(((31300.0/v1)/v1))
728.3071150779724,0.16885792114548914,7.0,0.0,1595.0,-0.9993894993894994,true,6.758538299256884,0.06399724111239581,1.0,(10.295925177146-log((v1*v1))),-0.8723437464769255,3.117385737938431,0.04932344113745149,3.117385737938431,33.0,1.292081536457178,(10.3-log((v1*v1)))
238.89456987380981,0.07424510844700302,8.0,0.0,2488.0,-0.9993894993894994,true,1.412146133468454,0.03718749153759396,2.0,((53687.1851748541+sqrt_abs(v1))/-2679.09167028898),-0.978651041060785,0.5213449265524001,0.02582867041223962,0.5213449265524001,6.0,0.5994366994035291,((53700.0+sqrt_abs(v1))/-2680.0)
781.7462918758392,0.07297269480471341,8.0,0.0,1507.0,-0.9993894993894994,true,1.3879447545127697,0.03701704480838362,2.0,(-20.0134001922786-sqrt_abs((v1/-7.1150204473336e6))),-0.9785482379140793,0.5238553955228664,0.02581052871458848,0.5238553955228664,9.0,0.6019525223755822,(-20.0-sqrt_abs((v1/-7.12e6)))
1792.8397018909454,0.1807150640998601,8.0,0.0,9.0,-0.9993894993894994,true,7.233120446385378,0.05922693738928608,2.0,(8.41758199874298-(1.89197445353961*log(v1))),-0.8735077583090903,3.0889603863850397,0.04306378200249973,3.0889603863850397,6.0,1.167091540953552,(8.42-(1.89*log(v1)))
238.89456987380981,0.07424510844700302,8.0,0.0,2488.0,-0.9993894993894994,true,1.412146133468454,0.03718749153759396,2.0,((53687.1851748541+sqrt_abs(v1))/-2679.09167028898),-0.978651041060785,0.5213449265524001,0.02582867041223962,0.5213449265524001,6.0,0.5994366994035291,((53700.0+sqrt_abs(v1))/-2680.0)
1330.821205854416,0.07268710050185993,8.0,0.0,662.0,-0.9993894993894994,true,1.3825127348289001,0.036974483173339054,2.0,(-20.0075071438683-sqrt_abs((v1/7.09842398010095e6))),-0.9785209396945861,0.5245220223254763,0.025808374896362958,0.5245220223254763,9.0,0.6026648094482142,(-20.0-sqrt_abs((v1/7.1e6)))
1798.9880149364471,0.18071506508680263,8.0,0.0,1.0,-0.9993894993894994,true,7.233120485887753,0.05922693700875123,2.0,(8.41758183467639+(-1.89197444419352*log(v1))),-0.8735077581639767,3.088960389928738,0.04306378148423198,3.088960389928738,6.0,1.1670915307285452,(8.42+(-1.89*log(v1)))
42.96249294281006,0.07108338345768299,8.0,0.0,2972.0,-0.9993894993894994,true,1.3520099465579598,0.03669701284769045,2.0,(-19.9737497265709-sqrt_abs((1.4320705975294e-7*v1))),-0.9783040086131942,0.5298195133655415,0.025813422379803923,0.5298195133655415,9.0,0.6079837326251085,(-20.0-sqrt_abs((1.43e-7*v1)))
1796.9106769561768,0.18071506409026827,8.0,0.0,4.0,-0.9993894993894994,true,7.233120446001465,0.05922693739298453,2.0,(8.41758200033753-(1.89197445363044*log(v1))),-0.8735077583105005,3.0889603863506028,0.04306378200753672,3.0889603863506028,6.0,1.167091541052928,(8.42-(1.89*log(v1)))
57.75780200958252,0.07394277259299,8.0,0.0,2931.0,-0.9993894993894994,true,1.4063956885410533,0.03714171241192578,2.0,((-53602.1448070544-sqrt_abs(v1))/2675.68263972629),-0.9786336120583724,0.5217705455256042,0.025826712280353138,0.5217705455256042,6.0,0.6002155160973287,((-53600.0-sqrt_abs(v1))/2680.0)
1475.422700881958,0.07499667946018082,8.0,0.0,448.0,-0.9993894993894994,true,1.426441056359483,0.037373253381850456,2.0,((53899.2031564605+sqrt_abs(v1))/-2687.58801911518),-0.978680481176663,0.5206259943040528,0.025835106330086278,0.5206259943040528,6.0,0.5975656188052392,((53900.0+sqrt_abs(v1))/-2690.0)
1140.110482931137,0.07483605801373694,8.0,0.0,949.0,-0.9993894993894994,true,1.4233860274250212,0.037484149656957094,2.0,(-20.0523842182953-sqrt_abs((v1/7.24452011679812e6))),-0.9786240826236539,0.5220032558164248,0.02587150615213154,0.5220032558164248,9.0,0.5986748795390162,(-20.1-sqrt_abs((v1/7.24e6)))
308.0056149959564,0.07636059427718724,8.0,0.0,2342.0,-0.9993894993894994,true,1.452382792798467,0.038044324393663426,2.0,((54292.2276483449+sqrt_abs(v1))/-2703.38016739443),-0.978680241846606,0.5206318387815894,0.02600682224388513,0.5206318387815894,6.0,0.6005433476650603,((54300.0+sqrt_abs(v1))/-2700.0)
1800.0105230808258,0.18071506411338145,8.0,0.0,0.0,-0.9993894993894994,true,7.23312044692657,0.05922693738427695,2.0,(log((v1/85.5498445963596))/-0.528548362900817),-0.8735077583070456,3.0889603864349717,0.04306378199530328,3.0889603864349717,9.0,1.1670915408119586,(log((v1/85.5))/-0.529)
1797.2697389125824,0.18071506120407316,9.0,0.0,3.0,-0.9993894993894994,true,7.233120330481505,0.059226938505813426,2.0,(8.41758248013064-(0.630658160320653*log(pow3(v1)))),-0.8735077587348676,3.0889603759874906,0.04306378352314874,3.0889603759874906,18.0,1.167091570954736,(8.42-(0.631*log(pow3(v1))))
1799.0017189979553,0.18415500080717,9.0,0.0,1.0,-0.9993894993894994,true,7.370803913205641,0.059145649160083344,2.0,(0.615821498693738*log((223721.285789073/pow3(v1)))),-0.8719968600878665,3.125856757979313,0.040950652470079396,3.125856757979313,33.0,1.1288647269726404,(0.616*log((224000.0/pow3(v1))))
1799.7750279903412,0.18071506412104235,9.0,0.0,0.0,-0.9993894993894994,true,7.233120447233198,0.059226937381457304,2.0,(0.630658151112116*log(pow3((85.5498445525383/v1)))),-0.8735077583058823,3.0889603864633814,0.04306378199121702,3.0889603864633814,257.0,1.1670915407315943,(0.631*log(pow3((85.5/v1))))
1799.9482278823853,0.18071506412104235,9.0,0.0,0.0,-0.9993894993894994,true,7.233120447233198,0.059226937381457304,2.0,(0.630658151112116*log(pow3((85.5498445525383/v1)))),-0.8735077583058823,3.0889603864633814,0.04306378199121702,3.0889603864633814,257.0,1.1670915407315943,(0.631*log(pow3((85.5/v1))))
1799.3894739151,0.18071506411096055,9.0,0.0,1.0,-0.9993894993894994,true,7.233120446829673,0.05922693738500598,2.0,(8.41758199689767-(0.63065815114483*log(pow3(v1)))),-0.8735077583074583,3.088960386424896,0.043063781996670616,3.088960386424896,18.0,1.1670915408385478,(8.42-(0.631*log(pow3(v1))))
1798.759994983673,0.03779360900740285,10.0,0.0,1.0,-0.9993894993894994,true,0.8392104756794652,0.02236678066867257,2.0,(-5.81647860413098-(log(v1)+(v1/2.48564576651122e8))),-0.9905016161188819,0.23195202449764565,0.018003177598186332,0.23195202449764565,8.0,0.4369632879405422,(-5.82-(log(v1)+(v1/2.49e8)))
1796.5161619186401,0.06915212631347316,10.0,0.0,4.0,-0.9993894993894994,true,1.3152773271844431,0.0372205574489393,2.0,(-19.9337532681408-sqrt_abs(((v1+v1)/1.37397008111292e7))),-0.9779089536437947,0.539466817695094,0.02580262331209469,0.539466817695094,33.0,0.613090169883908,(-19.9-sqrt_abs(((v1+v1)/1.37e7)))
1753.5608019828796,0.022074209438786255,10.0,0.0,62.0,-0.9993894993894994,true,0.41974592505630426,0.011637130947626815,2.0,((log(v1)-(-2.7275371865820603e-9*v1))/-0.74638308955293),-0.9976178489354215,0.05817250271244636,0.009462931277254248,0.05817250271244636,8.0,0.22155482524956438,((log(v1)-(-2.73e-9*v1))/-0.746)
1481.973865032196,0.022073659017305694,10.0,0.0,438.0,-0.9993894993894994,true,0.41973545867135087,0.011636577503802408,2.0,((log(v1)-(-2.7275223826764603e-9*v1))/-0.746382668608413),-0.997617845457251,0.058172587649917076,0.009462914126089616,0.058172587649917076,8.0,0.22155581886788978,((log(v1)-(-2.73e-9*v1))/-0.746)
487.8298649787903,0.02207402556695206,10.0,0.0,2008.0,-0.9993894993894994,true,0.41974242869312306,0.011636946001764063,2.0,((-1.33979480828587*log(v1))-(3.6543339840619404e-9*v1)),-0.9976178476787518,0.05817253340051677,0.009462927467279714,0.05817253340051677,8.0,0.22155520205431434,((-1.34*log(v1))-(3.65e-9*v1))
1799.1045019626617,0.037918711431001284,10.0,0.0,1.0,-0.9993894993894994,true,0.8586682269147516,0.022518878817907737,2.0,(-5.81886646166744-(log(v1)+(v1/2.49034048971018e8))),-0.9903733019434672,0.2350854767913938,0.018086534432740293,0.2350854767913938,8.0,0.4392360247644734,(-5.82-(log(v1)+(v1/2.49e8)))
826.8148970603943,0.022074025564478548,10.0,0.0,1434.0,-0.9993894993894994,true,0.4197424286460887,0.011636945999277762,2.0,((-3.65433398397699e-9*v1)-(1.33979480828926*log(v1))),-0.9976178476787373,0.058172533400871806,0.00946292746718089,0.058172533400871806,8.0,0.22155520205827128,((-3.65e-9*v1)-(1.34*log(v1)))
487.8298649787903,0.02207402556695206,10.0,0.0,2008.0,-0.9993894993894994,true,0.41974242869312306,0.011636946001764063,2.0,((-1.33979480828587*log(v1))-(3.6543339840619404e-9*v1)),-0.9976178476787518,0.05817253340051677,0.009462927467279714,0.05817253340051677,8.0,0.22155520205431434,((-1.34*log(v1))-(3.65e-9*v1))
1113.034460067749,0.022073658811859194,10.0,0.0,989.0,-0.9993894993894994,true,0.4197354547647407,0.011636577297215803,2.0,((-3.6543216938197502e-9*v1)-(1.33979531180024*log(v1))),-0.9976178454559327,0.05817258768211066,0.009462914120042758,0.05817258768211066,8.0,0.221555819247058,((-3.65e-9*v1)-(1.34*log(v1)))
1798.5815269947052,0.18071506374853796,10.0,0.0,2.0,-0.9993894993894994,true,7.233120432323709,0.05922693751863674,2.0,((-5.14224638876091+log((v1+v1)))/-0.528548361921706),-0.8735077583624354,3.0889603850823444,0.04306378218986486,3.0889603850823444,18.0,1.167091544638546,((-5.14+log((v1+v1)))/-0.529)
1794.126976966858,0.03551188181732063,10.0,0.0,8.0,-0.9993894993894994,true,0.6754379870872462,0.018879679187063264,2.0,(-5.77292677427664-(log(v1)+(v1/2.4030216298728e8))),-0.9925293687463572,0.1824339872178181,0.016482842900854524,0.1824339872178181,8.0,0.3955111302648441,(-5.77-(log(v1)+(v1/2.4e8)))
915.0216948986053,0.022074209448245348,11.0,0.0,1288.0,-0.9993894993894994,true,0.41974592523617105,0.011637130957170914,2.0,(-0.446598185296197*(log(pow3(v1))-(-8.182611559996301e-9*v1))),-0.9976178489355304,0.058172502709787105,0.009462931276566786,0.058172502709787105,20.0,0.22155482520952344,(-0.447*(log(pow3(v1))-(-8.18e-9*v1)))
1795.8303558826447,0.022073658711720907,11.0,0.0,5.0,-0.9993894993894994,true,0.4197354528605892,0.011636577196558343,2.0,((log(pow2(v1))-(-5.45504474872019e-9*v1))/-1.49276533674941),-0.9976178454553445,0.05817258769647323,0.009462914116007727,0.05817258769647323,20.0,0.22155581940644012,((log(pow2(v1))-(-5.46e-9*v1))/-1.49)
371.87822794914246,0.022074209438786255,11.0,0.0,2213.0,-0.9993894993894994,true,0.41974592505630426,0.0116371309476269,2.0,((log(pow3(v1))-(-8.18261155974617e-9*v1))/-2.23914926865879),-0.9976178489354215,0.05817250271244606,0.009462931277254241,0.05817250271244606,20.0,0.2215548252495641,((log(pow3(v1))-(-8.18e-9*v1))/-2.24)
920.1516230106354,0.022073659027391997,11.0,0.0,1280.0,-0.9993894993894994,true,0.4197354588631441,0.011636577513944,2.0,(-0.446598437168121*(log(pow3(v1))-(-8.18256714884302e-9*v1))),-0.9976178454573148,0.058172587648357296,0.009462914126403564,0.058172587648357296,20.0,0.2215558188496742,(-0.447*(log(pow3(v1))-(-8.18e-9*v1)))
135.92687106132507,0.02207402556695206,11.0,0.0,2725.0,-0.9993894993894994,true,0.41974242869312306,0.011636946001764063,2.0,((-0.446598269428622*log(pow3(v1)))-(3.6543339840619404e-9*v1)),-0.9976178476787518,0.0581725334005169,0.009462927467279728,0.0581725334005169,20.0,0.22155520205431475,((-0.447*log(pow3(v1)))-(3.65e-9*v1))
912.1219620704651,0.9999999999999084,11.0,0.0,1293.0,-0.9996947030916487,true,40.00064644573109,0.9999999999999065,3.0,((exp((v1/1.23608084470843e8))/2.71131235604456e6)/-199741.53896012),24.754793221141938,628.9360909109627,0.999977464216407,628.9360909109627,10.0,24.587471611055648,((exp((v1/1.24e8))/2.71e6)/-200000.0)
768.2488188743591,0.022074209448245164,11.0,0.0,1530.0,-0.9993894993894994,true,0.4197459252361675,0.011637130957170744,2.0,(-0.446598185296197*(log(pow3(v1))-(-8.182611559996291e-9*v1))),-0.9976178489355304,0.05817250270978698,0.009462931276566769,0.05817250270978698,20.0,0.22155482520952333,(-0.447*(log(pow3(v1))-(-8.18e-9*v1)))
1799.895339012146,0.1807150641211464,11.0,0.0,0.0,-0.9993894993894994,true,7.233120447237361,0.059226937380908146,3.0,(2.39094794354619-(1.89197445333938*(-3.1853675619406+log(v1)))),-0.8735077583060078,3.0889603864603172,0.043063781991402185,3.0889603864603172,7.0,1.167091540734283,(2.39-(1.89*(-3.19+log(v1))))
1799.9393100738525,0.17103410109982406,11.0,0.0,0.0,-0.9993894993894994,true,6.845639901998844,0.053065719409678413,3.0,(11.85188989769-(2.06739607642593*log((1.24881462655284e6+v1)))),-0.8900994507932167,2.683788652993016,0.040077470893526354,2.683788652993016,10.0,1.091371750240297,(11.9-(2.07*log((1.25e6+v1))))
1425.936902999878,0.02207365881185938,11.0,0.0,521.0,-0.9993894993894994,true,0.4197354547647443,0.011636577297215973,2.0,((-3.6543216938197502e-9*v1)-(0.446598437266746*log(pow3(v1)))),-0.9976178454559327,0.05817258768211052,0.009462914120042739,0.05817258768211052,20.0,0.22155581924705722,((-3.65e-9*v1)-(0.447*log(pow3(v1))))
1316.9706530570984,0.022073659017305694,11.0,0.0,683.0,-0.9993894993894994,true,0.41973545867135087,0.011636577503802408,2.0,((log(pow2(v1))-(-5.455044765352911e-9*v1))/-1.49276533721683),-0.997617845457251,0.058172587649917076,0.009462914126089616,0.058172587649917076,20.0,0.22155581886788978,((log(pow2(v1))-(-5.46e-9*v1))/-1.49)
371.87822794914246,0.022074209438786255,11.0,0.0,2213.0,-0.9993894993894994,true,0.41974592505630426,0.0116371309476269,2.0,((log(pow3(v1))-(-8.18261155974617e-9*v1))/-2.23914926865879),-0.9976178489354215,0.05817250271244606,0.009462931277254241,0.05817250271244606,20.0,0.2215548252495641,((log(pow3(v1))-(-8.18e-9*v1))/-2.24)
1799.2511448860168,154196.99081593085,11.0,0.0,1.0,-0.9996947030916487,true,2.9321039563072636e6,142340.64375876964,3.0,(2.93207052259323e6-(exp((8.18256712255659e-9*v1))/2.71407451785789e6)),3.5199633059219324e11,8.595805614799263e12,123427.82617714403,8.595805614799263e12,10.0,2.931860192300346e6,(2.93e6-(exp((8.18e-9*v1))/2.71e6))
1800.103129863739,0.18071506432471737,11.0,0.0,0.0,-0.9993894993894994,true,7.23312045538529,0.059226937319106346,3.0,((-3707.69164327728+(833.357833267211*log(v1)))/-440.469918979853),-0.8735077582714615,3.088960387303942,0.04306378187664119,3.088960387303942,7.0,1.1670915385017506,((-3710.0+(833.0*log(v1)))/-440.0)
1796.5103509426117,0.03682405268861069,12.0,0.0,4.0,-0.9993894993894994,true,1.4738827100411527,0.025467239380076,2.0,(log((pow3(v1)*exp((v1/9.96223552474321e7))))/-2.27130752221395),-0.9893956158475881,0.25896072463362757,0.017447373622070897,0.25896072463362757,8.589934593e9,0.41898950167868276,(log((pow3(v1)*exp((v1/9.96e7))))/-2.27)
1375.07355594635,0.014012423631744571,12.0,0.0,595.0,-0.9993894993894994,true,0.2664493030157118,0.007614038674733849,2.0,(-1.28656579676508*(log((v1+v1))-(-2.9451495996639804e-9*v1))),-0.9990481753872696,0.023243706366551577,0.005951432781099182,0.023243706366551577,20.0,0.13874239748798906,(-1.29*(log((v1+v1))-(-2.95e-9*v1)))
1397.6595780849457,0.013922062632141605,12.0,0.0,562.0,-0.9993894993894994,true,0.26473106882605535,0.00760953512340826,2.0,((log((v1+v1))-(-2.9447147667889703e-9*v1))/-0.777191756559141),-0.9990478255200924,0.02325225017790736,0.005954753509370085,0.02325225017790736,20.0,0.13899646175259986,((log((v1+v1))-(-2.94e-9*v1))/-0.777)
1799.5533919334412,0.18250757843466445,12.0,0.0,0.0,-0.9993894993894994,true,7.304865832693338,0.059892042133388376,3.0,(415.854170161878-sqrt_abs((164990.344596924+(1663.29554030817*log(v1))))),-0.8712598719759097,3.143854123293098,0.04330786083643513,3.143854123293098,65.0,1.174210967906372,(416.0-sqrt_abs((165000.0+(1660.0*log(v1)))))
1794.5417048931122,7.19649108115588e7,12.0,0.0,7.0,-1.0,true,2.880395557537746e9,1.2533670687760925e7,3.0,(-2.37726188205488+(v1+(-53.4898035853064/(3.71569997398855e6-v1)))),1.9595926183676988e16,4.7853559164374944e17,9.767102780202975e6,4.7853559164374944e17,7.0,3.168405012397484e8,(-2.38+(v1+(-53.5/(3.72e6-v1))))
484.8505699634552,0.9999999999990964,12.0,0.0,2013.0,-0.9996947030916487,true,40.02500003199479,0.9999999999987106,3.0,((log((79052.8534415217+sqrt_abs(v1)))/2.71973010511326e6)/-119916.237814408),24.757749077024908,629.0082733753438,0.9999999999985304,629.0082733753438,34.0,24.58837360408054,((log((79100.0+sqrt_abs(v1)))/2.72e6)/-120000.0)
1799.0308499336243,0.18505398922325791,12.0,0.0,1.0,-0.9993894993894994,true,7.406785924588355,0.05649840796262634,3.0,(0.619250358224946*log((318086.115123866/pow3((199311.748887287+v1))))),-0.8749278836912342,3.0542807017616838,0.03894341475013339,3.0542807017616838,513.0,1.0849613310723725,(0.619*log((318000.0/pow3((199000.0+v1)))))
1796.6999819278717,7.196491112816367e7,12.0,0.0,4.0,-1.0,true,2.880395570209856e9,1.2533671151634732e7,3.0,(10.2948478575423-((-0.580780544813752/(3.71569997428407e6-v1))-v1)),1.9595926669685356e16,4.7853560351214995e17,9.767127208417628e6,4.7853560351214995e17,7.0,3.168410053496094e8,(10.3-((-0.581/(3.72e6-v1))-v1))
1522.4627780914307,0.022075265788452612,12.0,0.0,379.0,-0.9993894993894994,true,0.41976601177647055,0.01163819260608487,2.0,(((-1.33979310549745*log(v1))-v1)-(-0.999999996345623*v1)),-0.9976178552593673,0.058172348280698304,0.009462978084680178,0.058172348280698304,10.0,0.22155323868305532,(((-1.34*log(v1))-v1)-(-1.0*v1))
1034.5971109867096,0.013921795713581256,12.0,0.0,1105.0,-0.9993894993894994,true,0.2647259933111954,0.007609443593748657,2.0,((-1.2866840941353*log((v1+v1)))-(3.7889075850602806e-9*v1)),-0.9990478242380018,0.023252281486760982,0.00595475400958642,0.023252281486760982,20.0,0.1389972648649169,((-1.29*log((v1+v1)))-(3.79e-9*v1))
1471.1137309074402,0.01392179567575552,12.0,0.0,454.0,-0.9993894993894994,true,0.26472599259193075,0.007609443577917098,2.0,((log((v1+v1))-(-2.9447069413508404e-9*v1))/-0.777191545710047),-0.9990478242378301,0.02325228149095479,0.005954754009316908,0.02325228149095479,20.0,0.138997264980653,((log((v1+v1))-(-2.94e-9*v1))/-0.777)
1799.6727290153503,7.196490893034765e7,12.0,0.0,0.0,-1.0,true,2.88039548224227e9,1.2533668861804478e7,3.0,(-2.37726188205488+((-0.580780544813752/(3.71569997428407e6-v1))-v1)),1.959592473530497e16,4.7853555627427744e17,9.767124875107441e6,4.7853555627427744e17,7.0,3.168409482552761e8,(-2.38+((-0.581/(3.72e6-v1))-v1))
1482.1095929145813,0.013921795850915087,12.0,0.0,438.0,-0.9993894993894994,true,0.26472599592262824,0.007609443641080916,2.0,((-3.78890758973685e-9*v1)-(1.28668409395572*log((v1+v1)))),-0.9990478242386613,0.02325228147065375,0.00595475400935747,0.02325228147065375,20.0,0.13899726445154262,((-3.79e-9*v1)-(1.29*log((v1+v1))))
1526.199872970581,0.0139217970263541,12.0,0.0,374.0,-0.9993894993894994,true,0.26472601827385844,0.007609444044293033,2.0,((-1.28668409241871*log((v1+v1)))-(3.788907629558821e-9*v1)),-0.9990478242443135,0.023252281332627325,0.00595475400717125,0.023252281332627325,20.0,0.1389972609147534,((-1.29*log((v1+v1)))-(3.79e-9*v1))
1799.1814608573914,0.1823087316828859,12.0,0.0,1.0,-0.9993894993894994,true,7.296906991447031,0.059908443340608755,3.0,(484.06743227574-sqrt_abs((1920.30667388066*(log(v1)--117.29951621484)))),-0.8715289063778048,3.1372842609922986,0.04321087633156024,3.1372842609922986,65.0,1.1721648205933184,(484.0-sqrt_abs((1920.0*(log(v1)--117.0))))
484.8505699634552,0.9999999999990964,12.0,0.0,2013.0,-0.9996947030916487,true,40.02500003199479,0.9999999999987106,3.0,((log((79052.8534415217+sqrt_abs(v1)))/2.71973010511326e6)/-119916.237814408),24.757749077024908,629.0082733753438,0.9999999999985304,629.0082733753438,34.0,24.58837360408054,((log((79100.0+sqrt_abs(v1)))/2.72e6)/-120000.0)
1782.2718188762665,257055.90044896508,12.0,0.0,24.0,-0.9998473631983783,true,4.887995232556853e6,237290.58686110988,3.0,(4.88795520756552e6-(log(exp((8.18256712255659e-9*v1)))/2.71096575682738e6)),9.783862815228943e11,2.3892346485524105e13,205771.4553934704,2.3892346485524105e13,258.0,4.887979795938162e6,(4.89e6-(log(exp((8.18e-9*v1)))/2.71e6))
1186.5082190036774,1.3256287230204347e18,12.0,0.0,880.0,-0.9996947030916487,true,2.5207120380389704e19,1.2236992621706068e18,3.0,pow3((2.93207052259323e6-(exp((8.18256712255659e-9*v1))/2.71407451785789e6))),2.6007003869302598e37,6.350951145062316e38,1.0610044691573951e18,6.350951145062316e38,1024.0,2.5201074663679046e19,pow3((2.93e6-(exp((8.18e-9*v1))/2.71e6)))
1799.3763818740845,0.18190709858278442,12.0,0.0,1.0,-0.9993894993894994,true,7.280831626602605,0.05968007363052322,3.0,(686.743999661752-sqrt_abs((2686.79090936937*(170.88851604252+log(v1))))),-0.872089028891023,3.123605981346649,0.043153099626310934,3.123605981346649,65.0,1.1703762869665832,(687.0-sqrt_abs((2690.0*(171.0+log(v1)))))
1244.9607610702515,0.013921795553995158,12.0,0.0,792.0,-0.9993894993894994,true,0.2647259902766308,0.007609443538830032,2.0,((-3.78890757963486e-9*v1)-(1.28668409434397*log((v1+v1)))),-0.999047824237235,0.023252281505485733,0.005954754009862377,0.023252281505485733,20.0,0.13899726534521656,((-3.79e-9*v1)-(1.29*log((v1+v1))))
955.8997900485992,0.022073659008072854,12.0,0.0,1225.0,-0.9993894993894994,true,0.4197354584957864,0.011636577496043549,2.0,(log((pow2(v1)*exp((5.455044749028801e-9*v1))))/-1.4927653372018),-0.997617845459467,0.05817258759580327,0.009462914080354955,0.05817258759580327,8.589934593e9,0.2215558178219435,(log((pow2(v1)*exp((5.46e-9*v1))))/-1.49)
1800.0352659225464,0.1823306609473036,12.0,0.0,0.0,-0.9993894993894994,true,7.297784710256053,0.059768618282248075,3.0,(473.534807897985-sqrt_abs((215318.781864176+(1881.55228386056*log(v1))))),-0.8715237207716443,3.137410894308264,0.04328082838472268,3.137410894308264,65.0,1.1733524137089755,(474.0-sqrt_abs((215000.0+(1880.0*log(v1)))))
1716.4083490371704,0.0051290037055164595,13.0,0.0,112.0,-0.9993894993894994,true,0.13410838022457838,0.0019490227465461126,3.0,(-2.36864852778757-((v1/2.4857301988624e8)+(1.19840479095392*log(v1)))),-0.9999196787141101,0.001961458402353398,0.001480989787653915,0.001961458402353398,9.0,0.03545267412587173,(-2.37-((v1/2.49e8)+(1.2*log(v1))))
122.56009101867676,0.014040380173567664,13.0,0.0,2756.0,-0.9993894993894994,true,0.26698090277884035,0.007646173937537881,2.0,(-0.428843021291205*(log(pow3((v1+v1)))-(-8.84356345696607e-9*v1))),-0.9990481349507611,0.02324469383243373,0.005954063665584736,0.02324469383243373,65540.0,0.13864311099155624,(-0.429*(log(pow3((v1+v1)))-(-8.84e-9*v1)))
124.66566300392151,0.005525035230198619,13.0,0.0,2751.0,-0.9993894993894994,true,0.14446344123494015,0.0019945791668975906,3.0,(-2.37726188205488+(-1.19771466052355*(log(v1)-(-3.3338296855236504e-9*v1)))),-0.9998955287309956,0.002551204778697461,0.0016644378224537524,0.002551204778697461,9.0,0.041365235529431846,(-2.38+(-1.2*(log(v1)-(-3.33e-9*v1))))
122.56009101867676,0.014040380173567664,13.0,0.0,2756.0,-0.9993894993894994,true,0.26698090277884035,0.007646173937537881,2.0,(-0.428843021291205*(log(pow3((v1+v1)))-(-8.84356345696607e-9*v1))),-0.9990481349507611,0.02324469383243373,0.005954063665584736,0.02324469383243373,65540.0,0.13864311099155624,(-0.429*(log(pow3((v1+v1)))-(-8.84e-9*v1)))
1798.2155809402466,0.02207365762863083,13.0,0.0,2.0,-0.9993894993894994,true,0.41973543226539434,0.01163657608161043,2.0,(((-0.669897656720718*log(pow2(v1)))-v1)-(-0.999999996345678*v1)),-0.9976178458923751,0.05817257702411598,0.00946291348559,0.05817257702411598,22.0,0.22155580181213103,(((-0.67*log(pow2(v1)))-v1)-(-1.0*v1))
1780.4998309612274,0.013921795506291254,13.0,0.0,26.0,-0.9993894993894994,true,0.2647259893695306,0.007609443522427179,2.0,((-0.42889469813545*log(pow3((v1+v1))))-(3.7889075780145505e-9*v1)),-0.9990478242370058,0.02325228151108407,0.005954754009946479,0.02325228151108407,65540.0,0.1389972654887796,((-0.429*log(pow3((v1+v1))))-(3.79e-9*v1))
1798.9276449680328,0.07267309730944235,13.0,0.0,1.0,-0.9993894993894994,true,1.3822463933224718,0.03697369096670959,3.0,(-20.0072406028725-sqrt_abs((((0.183584368895811/v1)-v1)/7.09841681130323e6))),-0.9785191140392973,0.5245666051140407,0.02580769241331222,0.5245666051140407,65.0,0.6026553402121435,(-20.0-sqrt_abs((((0.184/v1)-v1)/7.1e6)))
1739.7338619232178,1.0000873785041846,13.0,0.0,81.0,-1.0,true,40.02503194830601,1.0000417485699686,3.0,sqrt_abs((-2.93411090148099/(v1+(232.146650291038/(3.71569997551948e6-v1))))),24.758610794049023,629.0293166402603,1.0000242192625937,629.0293166402603,128.0,24.588875824332607,sqrt_abs((-2.93/(v1+(232.0/(3.72e6-v1)))))
1666.588233947754,0.004953471712823511,13.0,0.0,180.0,-0.9993894993894994,true,0.1295187342486308,0.0019050434053192325,3.0,((1.20068108568145*log((0.143478189693181/v1)))-(v1/2.49022190720014e8)),-0.9999207883824173,0.0019343601282078692,0.0014690558631809889,0.0019343601282078692,12.0,0.03507054784330658,((1.2*log((0.143/v1)))-(v1/2.49e8))
1739.7338619232178,1.0000873785041846,13.0,0.0,81.0,-1.0,true,40.02503194830601,1.0000417485699686,3.0,sqrt_abs((-2.93411090148099/(v1+(232.146650291038/(3.71569997551948e6-v1))))),24.758610794049023,629.0293166402603,1.0000242192625937,629.0293166402603,128.0,24.588875824332607,sqrt_abs((-2.93/(v1+(232.0/(3.72e6-v1)))))
1346.112410068512,0.004944834048708885,13.0,0.0,639.0,-0.9993894993894994,true,0.12929288470555278,0.0019088869370377532,3.0,(-2.32904644332009-((v1/2.49040874937355e8)+(1.20080931914262*log(v1)))),-0.9999208046261707,0.0019339634532005876,0.0014684682501963668,0.0019339634532005876,9.0,0.0350540608030268,(-2.33-((v1/2.49e8)+(1.2*log(v1))))
874.9651100635529,0.38884703229161655,13.0,0.0,1354.0,-0.9996947030916487,true,15.563602479927095,0.20656467208085696,4.0,((2.93206769576976e6+((v1/1.29317737383667e8)/2.7140718994919e6))/-119865.093134296),0.0006602298972424592,24.436279799171775,0.1540636549250779,24.436279799171775,6.0,3.8695700606655405,((2.93e6+((v1/1.29e8)/2.71e6))/-120000.0)
1786.7106149196625,6.141582957922096e18,13.0,0.0,18.0,-0.9998473631983783,true,1.1678354448578563e20,5.669347988360552e18,3.0,pow3((4.88795520756552e6-(log(exp((8.18256712255659e-9*v1)))/2.71096575682738e6))),5.584892975432827e38,1.3638396262647512e40,4.91628955480251e18,1.3638396262647512e40,4.631683569492648e77,1.1678354448571728e20,pow3((4.89e6-(log(exp((8.18e-9*v1)))/2.71e6)))
1408.8239150047302,0.00499049485875051,13.0,0.0,546.0,-0.9993894993894994,true,0.1304867807574972,0.0019414934804970374,3.0,(-2.34335429682723-((1.19999968491263*log(v1))+(v1/2.49058047324417e8))),-0.9999206130268078,0.0019386423397001532,0.0014710744440770368,0.0019386423397001532,9.0,0.03507619565508046,(-2.34-((1.2*log(v1))+(v1/2.49e8)))
1032.183543920517,0.0049617452893483596,13.0,0.0,1109.0,-0.9993894993894994,true,0.1297350639707595,0.0019225034455006688,3.0,(-2.33657977725344-((v1/2.49113413053303e8)+(1.20040317897548*log(v1)))),-0.9999207417400637,0.001935499141799273,0.0014693310130189016,0.001935499141799273,9.0,0.03502815065069677,(-2.34-((v1/2.49e8)+(1.2*log(v1))))
1798.7328488826752,0.18205242050565454,14.0,0.0,1.0,-0.9993894993894994,true,7.286648136570136,0.05992572973795206,3.0,(526.010653058094-sqrt_abs((265450.775832304+(2080.13554045706*log((v1+v1)))))),-0.8716892848959035,3.1333677924199055,0.0432550317929406,3.1333677924199055,262145.0,1.172945178723516,(526.0-sqrt_abs((265000.0+(2080.0*log((v1+v1))))))
1765.6964910030365,0.005037222831020996,14.0,0.0,46.0,-0.9993894993894994,true,0.13170857996689023,0.0019572459918449476,3.0,(-2.3530457091678-((v1/2.48928505361886e8)+(0.399802181528654*log(pow3(v1))))),-0.9999203748796925,0.0019444579296154295,0.0014739753752330892,0.0019444579296154295,21.0,0.03517481564789312,(-2.35-((v1/2.49e8)+(0.4*log(pow3(v1)))))
1456.1502139568329,0.28908507127651023,14.0,0.0,476.0,-0.9998473631983783,true,9.679071909290133,0.1740725357666878,4.0,((4.88794183299419e6+(exp((v1/9.66652134202077e7))/2.71080400423557e6))/-205352.71035381),-0.3734047880743102,15.301553376424122,0.13451733210062602,15.301553376424122,11.0,3.266671620811796,((4.89e6+(exp((v1/9.67e7))/2.71e6))/-205000.0)
1748.3849620819092,157910.3585154673,14.0,0.0,69.0,-0.9998473631983783,true,4.980769746348746e6,145768.48538228124,4.0,(0.614303755023592*(4.88794183299419e6+(exp((v1/9.66652134202077e7))/2.71080400423557e6))),3.9316373786246313e11,9.60112015874399e12,128236.60088960995,9.60112015874399e12,11.0,3.075966699067018e6,(0.614*(4.89e6+(exp((v1/9.67e7))/2.71e6)))
1642.6491000652313,0.005030127868987447,14.0,0.0,213.0,-0.9993894993894994,true,0.1315230675514769,0.0019590036225477702,3.0,(-2.35193883009019-((v1/2.48958875503158e8)+(0.599739623251174*log(pow2(v1))))),-0.9999204033632167,0.0019437623574865182,0.0014735191379889867,0.0019437623574865182,21.0,0.035154329786881086,(-2.35-((v1/2.49e8)+(0.6*log(pow2(v1)))))
855.087406873703,0.3888447139441795,14.0,0.0,1386.0,-0.9996947030916487,true,15.563509688070855,0.2065692490658954,4.0,((4.88828089638315e6+(log((9.96567727709988e7+v1))/2.71136375658629e6))/-199835.775647995),0.000659265285216204,24.436256243194762,0.15406494183253513,24.436256243194762,11.0,3.8695872443599595,((4.89e6+(log((9.97e7+v1))/2.71e6))/-200000.0)
1799.611330986023,0.18341641242331844,14.0,0.0,0.0,-0.9993894993894994,true,7.341241913118324,0.06026639687212955,3.0,(263.642296068671-sqrt_abs((64125.5731248717+(543.669870856362*log((v1*v1)))))),-0.8700799655637786,3.1726676229828294,0.04344201041657501,3.1726676229828294,1.7179869185e10,1.178079846089425,(264.0-sqrt_abs((64100.0+(544.0*log((v1*v1))))))
1672.1460390090942,0.2890853485588176,14.0,0.0,172.0,-0.9998473631983783,true,9.679081193184942,0.17407207784340967,4.0,((4.88809105869039e6+(exp((v1/9.66649570256952e7))/2.71090243665513e6))/-205359.059735118),-0.37340493657399965,15.30154975003841,0.13451711711924721,15.30154975003841,11.0,3.2666651082929463,((4.89e6+(exp((v1/9.67e7))/2.71e6))/-205000.0)
494.7955069541931,0.38884471135951293,14.0,0.0,1995.0,-0.9996947030916487,true,15.563509584619574,0.20656925416865635,4.0,((4.88835780599527e6+(log((9.96573255423612e7+v1))/2.7113561857033e6))/-199838.918912671),0.0006592642101830304,24.436256216942283,0.15406494326727438,24.436256216942283,11.0,3.8695872635176043,((4.89e6+(log((9.97e7+v1))/2.71e6))/-200000.0)
695.1257770061493,0.004883245050355249,14.0,0.0,1650.0,-0.9993894993894994,true,0.12768251331900515,0.0019388549465360067,3.0,(0.400510433934639*(log((0.00306768998979129/pow3(v1)))-(v1/9.98469401041407e7))),-0.9999208502214861,0.0019328500084441105,0.0014640367771816877,0.0019328500084441105,36.0,0.03487134855355741,(0.401*(log((0.00307/pow3(v1)))-(v1/9.98e7)))
1796.6992089748383,0.007142923129587504,14.0,0.0,4.0,-0.9993894993894994,true,0.18676645718687368,0.0030045327109106345,3.0,(15.8285866945692-sqrt_abs(((v1/2.38142932344865e6)+(87.2664179375197*log(v1))))),-0.9997985070132254,0.004920490347560512,0.002106103489509727,0.004920490347560512,257.0,0.05449996816141341,(15.8-sqrt_abs(((v1/2.38e6)+(87.3*log(v1)))))
1798.2216138839722,0.18215438912465173,14.0,0.0,2.0,-0.9993894993894994,true,7.290729430548765,0.059980251972374984,3.0,(486.43734501979-sqrt_abs((226154.831343976+(1930.39412485625*log((v1+v1)))))),-0.8715491518253113,3.1367898639880534,0.043269832522407944,3.1367898639880534,262145.0,1.1733958177245591,(486.0-sqrt_abs((226000.0+(1930.0*log((v1+v1))))))
773.6190960407257,0.004919886469142018,14.0,0.0,1521.0,-0.9993894993894994,true,0.12864057878449486,0.0019215561609445316,3.0,(0.400331382656398*(log(pow3((0.144078850981309/v1)))-(v1/9.97794732794182e7))),-0.9999208063539438,0.001933921260712056,0.0014662437133728778,0.001933921260712056,260.0,0.03492566014145448,(0.4*(log(pow3((0.144/v1)))-(v1/9.98e7)))
1799.6774060726166,0.1804783406632272,14.0,0.0,0.0,-0.9993894993894994,true,7.223645590826564,0.05919232249248725,3.0,(0.631502244660129*(log((661189.76565275/pow3(v1)))-(5145.87833883703/v1))),-0.8735788324626071,3.087224744405939,0.043182019767620934,3.087224744405939,36.0,1.1693587210742349,(0.632*(log((661000.0/pow3(v1)))-(5150.0/v1)))
1654.327435016632,0.00486512020299239,14.0,0.0,197.0,-0.9993894993894994,true,0.1272086018030052,0.0019503237313072221,3.0,(-2.31480904772569-((v1/2.49329966938474e8)+(0.400570644084024*log(pow3(v1))))),-0.9999208733114685,0.001932286147453853,0.0014634176023091499,0.001932286147453853,21.0,0.03485097600009631,(-2.31-((v1/2.49e8)+(0.401*log(pow3(v1)))))
105.23461294174194,0.9999999999990845,14.0,0.0,2798.0,-0.9998473631983783,true,40.02500003199432,0.9999999999987021,3.0,((log((79187.4830871931+sqrt_abs((v1+v1))))/2.71987207419558e6)/-119923.293766381),24.75774907702457,629.0082733753356,0.999999999998525,629.0082733753356,131074.0,24.5883736040804,((log((79200.0+sqrt_abs((v1+v1))))/2.72e6)/-120000.0)
773.6190960407257,0.004919886469142018,14.0,0.0,1521.0,-0.9993894993894994,true,0.12864057878449486,0.0019215561609445316,3.0,(0.400331382656398*(log(pow3((0.144078850981309/v1)))-(v1/9.97794732794182e7))),-0.9999208063539438,0.001933921260712056,0.0014662437133728778,0.001933921260712056,260.0,0.03492566014145448,(0.4*(log(pow3((0.144/v1)))-(v1/9.98e7)))
1679.075227022171,3352.4057894544944,14.0,0.0,163.0,-0.9996947030916487,true,63863.660409962344,3094.557692024224,4.0,(-0.0217476846947125*(2.93207052259323e6+(exp((8.18256712255659e-9*v1))/2.71407451785789e6))),1.6640298188790688e8,4.0635869476727877e9,2683.50298628387,4.0635869476727877e9,11.0,63746.26579150209,(-0.0217*(2.93e6+(exp((8.18e-9*v1))/2.71e6)))
1793.4348390102386,0.39016851078857134,14.0,0.0,9.0,-0.9996947030916487,true,15.61649465681004,0.20656583533669795,4.0,((2.93207052259323e6-(exp((8.18256712255659e-9*v1))/2.71407451785789e6))/-119865.093134296),0.003162357254554049,24.497382141774825,0.1541129479445432,24.497382141774825,11.0,3.8715342868342306,((2.93e6-(exp((8.18e-9*v1))/2.71e6))/-120000.0)
910.4186918735504,0.3875116932984875,14.0,0.0,1296.0,-0.9996947030916487,true,15.510155536684334,0.2065908187789172,4.0,((2.93207052259323e6+(exp((8.18256712255659e-9*v1))/2.71407451785789e6))/-119862.611230286),-0.0018391204254144533,24.375245272190657,0.1540220396104003,24.375245272190657,11.0,3.8677083255611544,((2.93e6+(exp((8.18e-9*v1))/2.71e6))/-120000.0)
1227.1777079105377,0.004979360425539597,14.0,0.0,819.0,-0.9993894993894994,true,0.13019564803692063,0.0019468904199124687,3.0,(-2.34183791091729-((v1/2.49113372682766e8)+(0.400034485492663*log(pow3(v1))))),-0.9999206218228285,0.0019384275394960728,0.0014703355099369723,0.0019384275394960728,21.0,0.03503994192171018,(-2.34-((v1/2.49e8)+(0.4*log(pow3(v1)))))
1800.0099830627441,0.007185264915660132,14.0,0.0,0.0,-0.9993894993894994,true,0.1878735705118082,0.0030198377749258813,3.0,(15.809697531365-sqrt_abs(((v1/2.38147596937953e6)+(87.1789329852508*log(v1))))),-0.9997981126849008,0.004930119907107706,0.002112672804334507,0.004930119907107706,257.0,0.05463165623102516,(15.8-sqrt_abs(((v1/2.38e6)+(87.2*log(v1)))))
632.430253982544,0.005002572393915589,15.0,0.0,1759.0,-0.9993894993894994,true,0.1308025728237716,0.0019632828326699055,3.0,(log((pow3((v1/0.141401449748041))*exp((v1/9.96235474253521e7))))/-2.50041778426264),-0.9999204466983679,0.0019427041062971815,0.0014712651471753342,0.0019427041062971815,3.6893488147419103e19,0.035055321183369056,(log((pow3((v1/0.141))*exp((v1/9.96e7))))/-2.5)
1777.394348859787,0.005030146632924593,15.0,0.0,30.0,-0.9993894993894994,true,0.1315235581733134,0.0019589950885809723,3.0,(-2.35194070980285-((v1/2.48958835160083e8)+(0.599739557837599*log((v1*v1))))),-0.999920403264057,0.001943764778984578,0.0014735195434113903,0.001943764778984578,37.0,0.03515435124627331,(-2.35-((v1/2.49e8)+(0.6*log((v1*v1)))))
631.8732678890228,0.004987977002336062,15.0,0.0,1760.0,-0.9993894993894994,true,0.1304209462085737,0.0018991881161383247,3.0,(log((pow3((7.01703944949503*v1))*exp((v1/9.96235474393139e7))))/-2.49948042846362),-0.9999206609356099,0.0019374723992375438,0.0014702744302246184,0.0019374723992375438,3.6893488147419103e19,0.03508875022273214,(log((pow3((7.02*v1))*exp((v1/9.96e7))))/-2.5)
1799.6283309459686,0.18343155345807396,15.0,0.0,0.0,-0.9993894993894994,true,7.341847933034899,0.060265238172627134,3.0,(262.366601064526-sqrt_abs((63475.9456807902+(270.628090350298*log((v1*pow3(v1))))))),-0.8700654362674509,3.173022430678533,0.043443658619017854,3.173022430678533,5.363123171977039e154,1.17811939716815,(262.0-sqrt_abs((63500.0+(271.0*log((v1*pow3(v1)))))))
1686.1587810516357,0.388844847301167,15.0,0.0,153.0,-0.9995420196691328,true,15.563515025684282,0.20656871644635277,4.0,((4.88659522345252e6+(sqrt_abs(exp((v1/9.66632967216183e7)))/2.70924210358678e6))/-199766.952538372),0.0006591196146503719,24.43625268589669,0.15406478701914297,24.43625268589669,259.0,3.869585042326589,((4.89e6+(sqrt_abs(exp((v1/9.67e7)))/2.71e6))/-200000.0)
1793.7926499843597,360.50343231279606,15.0,0.0,8.0,-1.0,true,14429.149889866932,62.82342843759015,4.0,((4.88835780599527e6+((-0.580780544813752/(3.71569997428407e6-v1))-v1))/-199838.918912671),491837.69460645376,1.201077808268337e7,48.845724616495104,1.201077808268337e7,8.0,1585.6181598699284,((4.89e6+((-0.581/(3.72e6-v1))-v1))/-200000.0)
1797.5218930244446,0.18071506410329308,15.0,0.0,3.0,-0.9993894993894994,true,7.233120446522783,0.05922693738796053,3.0,(8.39247782547157+(-1.89197445350712*(log(v1)-(v1*(0.0132687693824532/v1))))),-0.873507758308586,3.088960386397357,0.043063782000697985,3.088960386397357,13.0,1.1670915409180012,(8.39+(-1.89*(log(v1)-(v1*(0.0133/v1)))))
1747.2712049484253,0.38447016981460896,15.0,0.0,71.0,-0.9998473631983783,true,15.388418559144672,0.2152056636474573,4.0,((-4.25259043047196e6-(log(exp((v1/1.23573379084834e8)))/2.67639353638967e6))/172612.845461569),9.516722277913559e-5,24.422480880013495,0.15649323572938342,24.422480880013495,259.0,3.9020115274822866,((-4.25e6-(log(exp((v1/1.24e8)))/2.68e6))/173000.0)
1589.3604378700256,0.26979041902585754,15.0,0.0,286.0,-1.0,true,5.680644707519047,0.26052592795545676,3.0,((-8.182611559996291e-9*v1)-(log(v1)+(-130.847032581086/(3.71294914903458e6-v1)))),0.04365293599986386,25.48616842695815,0.21148741878676255,25.48616842695815,11.0,4.913479725531515,((-8.18e-9*v1)-(log(v1)+(-131.0/(3.71e6-v1))))
1799.8849818706512,0.15187693461869356,15.0,0.0,0.0,-0.9993894993894994,true,6.078874312977973,0.04027098044523191,4.0,(495.618857631567-sqrt_abs((223453.695402404+(2615.98197735627*log((6.79797770467595e6+v1)))))),-0.9157244961746185,2.0580210246835455,0.03483797054760345,2.0580210246835455,1025.0,0.9451943331666518,(496.0-sqrt_abs((223000.0+(2620.0*log((6.8e6+v1))))))
1443.0843620300293,0.3888420068241967,15.0,0.0,496.0,-0.9998473631983783,true,15.563401335593454,0.20657459357763683,4.0,((4.88795520756552e6+(log(exp((8.18256712255659e-9*v1)))/2.71096575682738e6))/-199821.576186926),0.0006581397990628179,24.436228758646326,0.15406644454460336,24.436228758646326,259.0,3.869607309623401,((4.89e6+(log(exp((8.18e-9*v1)))/2.71e6))/-200000.0)
1799.9884889125824,0.16504587747933291,15.0,0.0,0.0,-0.9993894993894994,true,6.605961251396877,0.04805464864572841,4.0,(394.296097365755-sqrt_abs((1855.2363864654*(76.8253574176181+log((2.75957493383962e6+v1)))))),-0.898980136366274,2.466920918083654,0.037184841637938205,2.466920918083654,1025.0,1.0221493184263475,(394.0-sqrt_abs((1860.0*(76.8+log((2.76e6+v1))))))
706.912829875946,0.00484729425754202,16.0,0.0,1630.0,-0.9993894993894994,true,0.12674250569397927,0.0019905996482475967,4.0,(-2.32627837225336+(((v1/431562.898200296)+(693.837990150241*log(v1)))/-577.654636040321)),-0.9999210768719167,0.0019273151693745296,0.001468000773779722,0.0019273151693745296,10.0,0.03494809483350491,(-2.33+(((v1/432000.0)+(694.0*log(v1)))/-578.0))
1797.9867498874664,0.228800127802716,16.0,0.0,2.0,-1.0,true,9.157725122632396,0.052847764881644554,4.0,(-0.0448390699476893*((66602.1421529522/(3.7475407979552e6-v1))+(31.6053086761979*log(v1)))),-0.8118006590648659,4.595857430631492,0.05084424525722176,4.595857430631492,10.0,1.3666329626392455,(-0.0448*((66600.0/(3.75e6-v1))+(31.6*log(v1))))
1382.0793988704681,0.38885200094219424,16.0,0.0,585.0,-0.9998473631983783,true,15.563801350166628,0.20655486275933355,4.0,((4.88844513259492e6+(log(pow3((70729.3325643422-sqrt_abs(v1))))/2.71144141392466e6))/-199844.872533987),0.0006622996298712991,24.43633034236727,0.15406089684609922,24.43633034236727,4.294967299e9,3.86953323286549,((4.89e6+(log(pow3((70700.0-sqrt_abs(v1))))/2.71e6))/-200000.0)
604.4657700061798,0.0048437925279353955,16.0,0.0,1807.0,-0.9993894993894994,true,0.12665094575125124,0.0019952463218306355,4.0,((((v1/635438.547056915)+(471.169366676843*log(v1)))/-392.271982851541)-2.32628084343468),-0.9999211188932333,0.0019262890022297724,0.0014684768798803257,0.0019262890022297724,10.0,0.034971276244770796,((((v1/635000.0)+(471.0*log(v1)))/-392.0)-2.33)
456.4174258708954,0.004842451445426979,16.0,0.0,2064.0,-0.9993894993894994,true,0.1266158803831452,0.0019985865637695134,4.0,((-224839.074745089-((v1/2579.17956870165)+(116066.520598396*log(v1))))/96633.2841985497),-0.9999211465713617,0.0019256130979919761,0.0014690204554887417,0.0019256130979919761,10.0,0.03499527545049119,((-225000.0-((v1/2580.0)+(116000.0*log(v1))))/96600.0)
1667.1902658939362,0.004866699046341882,16.0,0.0,179.0,-0.9993894993894994,true,0.12724988391867242,0.0019443138134973188,4.0,(((3586.14711930024+(v1/160698.033864793))+(1864.49279042849*log(v1)))/-1551.32779841104),-0.9999208206866592,0.0019335712535506016,0.0014628061752142976,0.0019335712535506016,10.0,0.03485750225036389,(((3590.0+(v1/161000.0))+(1860.0*log(v1)))/-1550.0)
1258.074411869049,0.004853733948516578,16.0,0.0,772.0,-0.9993894993894994,true,0.12691088469608758,0.0019837064544224814,4.0,((227755.757055961+((v1/2547.12840366634)+(117571.281915799*log(v1))))/-97886.1772046385),-0.9999210062624045,0.0019290394647375464,0.0014675081545373737,0.0019290394647375464,10.0,0.034921530312810804,((228000.0+((v1/2550.0)+(118000.0*log(v1))))/-97900.0)
1797.4243559837341,0.013921826558212886,16.0,0.0,3.0,-0.9993894993894994,true,0.26472657982861847,0.0076094472727813375,3.0,((-0.42889469813545*log(pow3((v1+(v1-0.97546666067494)))))-(3.7889075780145505e-9*v1)),-0.9990478227179158,0.02325231860749835,0.005954758832842412,0.02325231860749835,4.2949673e9,0.1389973602998302,((-0.429*log(pow3((v1+(v1-0.975)))))-(3.79e-9*v1))
1799.7553179264069,0.18071506459013761,16.0,0.0,0.0,-0.9993894993894994,true,7.233120466008735,0.05922693714170767,4.0,(8.41758192730405+(-1.89197444935883*log((v1+(-72.0437933105811/(3.71460316090747e6-v1)))))),-0.8735077582897317,3.088960386857781,0.04306378171209172,3.088960386857781,66.0,1.1670915350620243,(8.42+(-1.89*log((v1+(-72.0/(3.71e6-v1))))))
456.4174258708954,0.004842451445426979,16.0,0.0,2064.0,-0.9993894993894994,true,0.1266158803831452,0.0019985865637695134,4.0,((-224839.074745089-((v1/2579.17956870165)+(116066.520598396*log(v1))))/96633.2841985497),-0.9999211465713617,0.0019256130979919761,0.0014690204554887417,0.0019256130979919761,10.0,0.03499527545049119,((-225000.0-((v1/2580.0)+(116000.0*log(v1))))/96600.0)
1763.8209390640259,0.004948591869390593,16.0,0.0,49.0,-0.9993894993894994,true,0.12939114067761537,0.0019085639895929597,4.0,(-2.32805587890377-((v1/2.49038370903666e8)+(1.20070984153743*(0.00231744349619347+log(v1))))),-0.999920811434179,0.0019337972005708916,0.0014689189201729997,0.0019337972005708916,10.0,0.03506166582243714,(-2.33-((v1/2.49e8)+(1.2*(0.00232+log(v1)))))
958.3906619548798,0.004840367981557122,16.0,0.0,1221.0,-0.9993894993894994,true,0.12656140392321547,0.0020026115326071724,4.0,((268056.811919051+((v1/2163.38918759986)+(138353.009390749*log(v1))))/-115190.320754239),-0.9999211703403887,0.0019250326546233554,0.0014695971271773934,0.0019250326546233554,10.0,0.03502146075387076,((268000.0+((v1/2160.0)+(138000.0*log(v1))))/-115000.0)
1799.7914819717407,0.16314872075162343,16.0,0.0,0.0,-0.9993894993894994,true,6.530027553309537,0.046540511905291904,4.0,(326.973661725728-sqrt_abs((95392.2292183007+(528.646477128853*log(pow3((3.18641619243768e6+v1))))))),-0.9010243166494594,2.4170017148741914,0.03669049078560706,2.4170017148741914,4.631683569492648e77,1.0090539293596574,(327.0-sqrt_abs((95400.0+(529.0*log(pow3((3.19e6+v1)))))))
1799.9247188568115,0.1804351244293016,16.0,0.0,0.0,-0.9981684981684982,true,7.221915861062307,0.05939324073219354,4.0,(8.55562997700407-(1.89882676659938*(log(v1)+(-1525.91255795498/(3.70840920961061e6-v1))))),-0.8739158485205353,3.078994759399749,0.04270805187641188,3.078994759399749,10.0,1.1584208088730996,(8.56-(1.9*(log(v1)+(-1530.0/(3.71e6-v1)))))
1789.70019698143,595.3575119130898,16.0,0.0,14.0,-1.0,true,17373.11652647997,589.6093726698152,4.0,(((-112120.250680836/(3.71309972785704e6-v1))+(711.72238163208*log(v1)))/-0.890256528147221),8.116274373747903e6,1.9820071792040524e8,573.3898122876909,1.9820071792040524e8,10.0,13947.795401418136,(((-112000.0/(3.71e6-v1))+(712.0*log(v1)))/-0.89)
456.4174258708954,0.004842451445426979,16.0,0.0,2064.0,-0.9993894993894994,true,0.1266158803831452,0.0019985865637695134,4.0,((-224839.074745089-((v1/2579.17956870165)+(116066.520598396*log(v1))))/96633.2841985497),-0.9999211465713617,0.0019256130979919761,0.0014690204554887417,0.0019256130979919761,10.0,0.03499527545049119,((-225000.0-((v1/2580.0)+(116000.0*log(v1))))/96600.0)
416.13800406455994,0.00484765990369203,16.0,0.0,2134.0,-0.9993894993894994,true,0.12675206626670033,0.001990093878588567,4.0,((1312.18103296344+((v1/441961.724436195)+(677.521974891589*log(v1))))/-564.07054752365),-0.9999210717581979,0.0019274400471896477,0.0014679465832685267,0.0019274400471896477,10.0,0.03494550568724232,((1310.0+((v1/442000.0)+(678.0*log(v1))))/-564.0)
1786.0167949199677,0.004968447648551952,16.0,0.0,19.0,-0.9993894993894994,true,0.12991031097545758,0.0019035853173069552,4.0,(-8.13917451054565-((v1/2.49035818049579e8)+(1.20040282052718*log((v1/125.739813898555))))),-0.9999207538988563,0.001935202222176921,0.0014698975142722892,0.001935202222176921,13.0,0.035073672644461595,(-8.14-((v1/2.49e8)+(1.2*log((v1/126.0)))))
1799.9739809036255,0.2287634532467032,16.0,0.0,0.0,-1.0,true,9.156257223526808,0.05289814584546096,4.0,(-0.0376195920587026*((64649.4490035791/(3.75538085768618e6-v1))+(37.6723923096455*log(v1)))),-0.8118813902100736,4.593885963400298,0.050825220743685666,4.593885963400298,10.0,1.3662375852974975,(-0.0376*((64600.0/(3.76e6-v1))+(37.7*log(v1))))
1800.0377390384674,0.0050649336400791604,16.0,0.0,0.0,-0.9993894993894994,true,0.132433136222037,0.001999234845568694,4.0,(-4.95697633949915-((1.19867944570461*log((v1/8.68877488096444)))+(v1/2.48672032769198e8))),-0.9999201235750993,0.0019505948272098715,0.0014798828401932174,0.0019505948272098715,13.0,0.03539008298669523,(-4.96-((1.2*log((v1/8.69)))+(v1/2.49e8)))
1800.061691045761,0.1770758843549528,16.0,0.0,0.0,-0.9993894993894994,true,7.087462276978897,0.04255932830436179,4.0,(410.462081571198-sqrt_abs((617.428755827717*(253.076996276877+log(pow3((1.86970180774863e6+v1))))))),-0.8896783882700569,2.6940710658655003,0.04042295176604976,2.6940710658655003,4.631683569492648e77,1.078909965644591,(410.0-sqrt_abs((617.0*(253.0+log(pow3((1.87e6+v1)))))))
1528.7019379138947,0.005130471015416042,17.0,0.0,370.0,-0.9993894993894994,true,0.1341467460681649,0.0020063916684661823,4.0,(352.21773475212-sqrt_abs((125368.984389332+((v1/320757.00314825)+(895.490770077902*log(v1)))))),-0.9999235665023898,0.0018665180026447104,0.0014230633513179927,0.0018665180026447104,513.0,0.03336379947614466,(352.0-sqrt_abs((125000.0+((v1/321000.0)+(895.0*log(v1))))))
1789.9320130348206,0.0048597445011600154,17.0,0.0,13.0,-0.9993894993894994,true,0.12706804299144991,0.0019756649096271768,4.0,((((v1/319576.030435377)+(312.456455289614*log(pow3(v1))))/-780.406454935954)-2.3262743540016),-0.9999208563550492,0.001932700225872393,0.0014663130898603864,0.001932700225872393,22.0,0.034865906087283086,((((v1/320000.0)+(312.0*log(pow3(v1))))/-780.0)-2.33)
1613.3116459846497,0.005162330512167158,17.0,0.0,252.0,-0.9993894993894994,true,0.13497977831952923,0.002018968510647561,4.0,(329.358529690837-sqrt_abs(((109685.884457716+(v1/340812.275630041))+(840.378617341239*log(v1))))),-0.9999235391446746,0.0018671860823397054,0.0014257125487808343,0.0018671860823397054,513.0,0.03345327019450098,(329.0-sqrt_abs(((110000.0+(v1/341000.0))+(840.0*log(v1)))))
1520.1524720191956,0.289083071452607,17.0,0.0,382.0,-0.9998473631983783,true,9.679004951701213,0.17407583848657143,5.0,((4.88794057132198e6+(exp(((-6829.32302473507+v1)/9.66652275859029e7))/2.71082095654834e6))/-205352.079683492),-0.37340389372117977,15.301575216667876,0.13451878172332882,15.301575216667876,19.0,3.2667145528364263,((4.89e6+(exp(((-6830.0+v1)/9.67e7))/2.71e6))/-205000.0)
1799.500925064087,0.22877084371194445,17.0,0.0,0.0,-1.0,true,9.156553026898326,0.0528884518413133,4.0,(-0.0259036891190876*((66831.4251879138/(3.74673857570235e6-v1))+(18.2368675002819*log(pow3(v1))))),-0.8118603498231625,4.594399772949515,0.050831751378003505,4.594399772949515,22.0,1.3663780394454652,(-0.0259*((66800.0/(3.75e6-v1))+(18.2*log(pow3(v1)))))
1380.1516978740692,0.0051614347275693645,17.0,0.0,588.0,-0.9993894993894994,true,0.13495635618370372,0.002003932252766547,4.0,(345.91798073523-sqrt_abs(((120944.654406709+(v1/325881.786895346))+(880.154570807413*log(v1))))),-0.9999235863320916,0.001866033758214163,0.0014228219187059489,0.001866033758214163,513.0,0.03336826188659727,(346.0-sqrt_abs(((121000.0+(v1/326000.0))+(880.0*log(v1)))))
1799.0235719680786,0.18551032758034663,17.0,0.0,1.0,-0.9993894993894994,true,7.425050867345448,0.05896972918898047,4.0,(0.610852669161473*log((158837.895340732/pow3((v1+(332.268909167559/(3.71541110677275e6-v1))))))),-0.8713113019851173,3.1425981943998305,0.040245149805050395,3.1425981943998305,3.6893488147419103e19,1.1156348730011947,(0.611*log((159000.0/pow3((v1+(332.0/(3.72e6-v1)))))))
1622.23597407341,0.2890895615753852,17.0,0.0,240.0,-0.9998473631983783,true,9.679222252320692,0.17406512005833258,4.0,((4.88761426879571e6+(exp(((v1+log(v1))/9.66650685861412e7))/2.71102927385575e6))/-205340.245668879),-0.37340284294147874,15.301600876873023,0.13451629863861955,15.301600876873023,131.0,3.2666641366074476,((4.89e6+(exp(((v1+log(v1))/9.67e7))/2.71e6))/-205000.0)
1738.231549024582,0.005116111228514219,17.0,0.0,83.0,-0.9993894993894994,true,0.13377127982318981,0.0020070090558942442,4.0,(365.260661064307-sqrt_abs(((v1/310391.84514094)+(134787.090986234+(926.865042009123*log(v1)))))),-0.9999235326609819,0.0018673444151326383,0.0014257150234096771,0.0018673444151326383,513.0,0.03345701496222428,(365.0-sqrt_abs(((v1/310000.0)+(135000.0+(927.0*log(v1))))))
1719.6488590240479,0.289091216827875,17.0,0.0,108.0,-0.9998473631983783,true,9.679277673058284,0.17406238638107335,5.0,((4.88632858111674e6+(exp(((-8537.66492368511+v1)/9.66651319157652e7))/2.71110172437549e6))/-205286.708872714),-0.3734051530554975,15.301544463526271,0.13451421004008932,15.301544463526271,19.0,3.2665930297952794,((4.89e6+(exp(((-8540.0+v1)/9.67e7))/2.71e6))/-205000.0)
1734.532989025116,0.180501483566066,17.0,0.0,88.0,-1.0,true,7.224571885513427,0.05919007418766827,4.0,(0.631484463583452*(log((661190.249732389/pow3(v1)))-(5117.09934543731/(3.76685190278346e6-v1)))),-0.8735856273972202,3.0870588110366897,0.04318297156224405,3.0870588110366897,37.0,1.1693293040381894,(0.631*(log((661000.0/pow3(v1)))-(5120.0/(3.77e6-v1))))
1286.1277940273285,0.005141965921188175,17.0,0.0,730.0,-0.9993894993894994,true,0.1344473040873133,0.0020055851968943496,4.0,(348.767922350549-sqrt_abs((122935.65064925+((v1/323569.383109577)+(887.136766175492*log(v1)))))),-0.9999235828876242,0.0018661178726496772,0.0014220322264401329,0.0018661178726496772,513.0,0.03332971647881777,(349.0-sqrt_abs((123000.0+((v1/324000.0)+(887.0*log(v1))))))
1797.6334340572357,18.783021720389332,17.0,0.0,3.0,-1.0,true,377.23514477970963,17.407318081825817,4.0,(341.89316195693-sqrt_abs((log((v1/0.861175741881614))+(-130.843353283173/(3.7129490048692e6-v1))))),5374.806258514055,131278.03219748026,15.218551856759731,131278.03219748026,4097.0,362.29290456290545,(342.0-sqrt_abs((log((v1/0.861))+(-131.0/(3.71e6-v1)))))
1798.374188899994,0.180471120622131,17.0,0.0,2.0,-0.9981684981684982,true,7.223356608681456,0.0594052775748002,4.0,(8.55115373361565-(0.632851656837687*(log(pow3(v1))+(-18452.2923532948/(3.68359937822932e6-v1))))),-0.8738989525569225,3.0794073614818354,0.04266901150141699,3.0794073614818354,22.0,1.1575721418982208,(8.55-(0.633*(log(pow3(v1))+(-18500.0/(3.68e6-v1)))))
1798.4005370140076,0.22876494630770947,17.0,0.0,2.0,-1.0,true,9.156316983293632,0.0528963315203354,4.0,(-0.0311464362635738*((65339.5328965263/(3.75192726370644e6-v1))+(22.7508737852793*log(pow2(v1))))),-0.8118755822068255,4.594027795750782,0.05082738322551509,4.594027795750782,22.0,1.3662849582902172,(-0.0311*((65300.0/(3.75e6-v1))+(22.8*log(pow2(v1)))))
1699.6282448768616,0.005200691645505565,17.0,0.0,135.0,-0.9993894993894994,true,0.1359828092688069,0.0020351352977895022,4.0,(300.428921530125-sqrt_abs(((v1/369860.999982348)+(770.594648221242*(log(v1)--118.527651858976))))),-0.9999236325261514,0.0018649056920283181,0.0014195739681502324,0.0018649056920283181,513.0,0.0332062648527064,(300.0-sqrt_abs(((v1/370000.0)+(771.0*(log(v1)--119.0)))))
1796.9017279148102,0.16239484732274076,17.0,0.0,4.0,-0.9829059829059829,true,6.499853769294361,0.04569159303840474,4.0,(402.07462998031-sqrt_abs((147774.96355889+(1926.93407247023*(log(v1)+(1.90991058165261e6/v1)))))),-0.8967821004890665,2.5205972990362344,0.041992659232513954,2.5205972990362344,513.0,1.113017474777668,(402.0-sqrt_abs((148000.0+(1930.0*(log(v1)+(1.91e6/v1))))))
1799.1078600883484,0.2287578827821269,17.0,0.0,1.0,-1.0,true,9.156034265681964,0.05290618511296449,4.0,(-0.0254326562533789*((65353.7455362007/(3.75187725430559e6-v1))+(18.5749408216327*log(pow3(v1))))),-0.8118888752135668,4.593703178440735,0.0508245443579213,4.593703178440735,22.0,1.366227522770896,(-0.0254*((65400.0/(3.75e6-v1))+(18.6*log(pow3(v1)))))
1799.1139180660248,0.004984684575925681,17.0,0.0,1.0,-0.9993894993894994,true,0.13033485892959007,0.002015822641883605,4.0,(-13.684189822922-((v1/2.49220874350895e8)+(0.39990291727804*log(pow3((v1/12680.4143945276)))))),-0.9999202492657592,0.0019475254415750904,0.0014712463191673695,0.0019475254415750904,261.0,0.035000784743607065,(-13.7-((v1/2.49e8)+(0.4*log(pow3((v1/12700.0))))))
1798.3952009677887,0.005186528008666577,17.0,0.0,2.0,-0.9993894993894994,true,0.1356124717717755,0.002023472678770932,4.0,(332.088985698009-sqrt_abs(((111509.71230288+(v1/338277.097669455))+(846.645154717524*log(v1))))),-0.999923438465936,0.0018696446729307907,0.0014298135131256236,0.0018696446729307907,513.0,0.033580410675401455,(332.0-sqrt_abs(((112000.0+(v1/338000.0))+(847.0*log(v1)))))
1286.1277940273285,0.005141965921188175,17.0,0.0,730.0,-0.9993894993894994,true,0.1344473040873133,0.0020055851968943496,4.0,(348.767922350549-sqrt_abs((122935.65064925+((v1/323569.383109577)+(887.136766175492*log(v1)))))),-0.9999235828876242,0.0018661178726496772,0.0014220322264401329,0.0018661178726496772,513.0,0.03332971647881777,(349.0-sqrt_abs((123000.0+((v1/324000.0)+(887.0*log(v1))))))
1799.8698899745941,0.17809939804854336,17.0,0.0,0.0,-0.9938949938949939,true,7.128428412597643,0.05682754896663732,4.0,(9.74368021485732-(1.9574538720501*(log(v1)+(125.227938491558/sqrt_abs((3.7708951933261e6-v1)))))),-0.8770555186494319,3.002323522295925,0.042976245376156914,3.002323522295925,15.0,1.1552946306795404,(9.74-(1.96*(log(v1)+(125.0/sqrt_abs((3.77e6-v1))))))
1799.9349188804626,0.1806632339709657,17.0,0.0,0.0,-0.9993894993894994,true,7.231045945474719,0.05924943092559047,4.0,(8.4230364964745-(0.946160227343641*(log(pow2(v1))+(22255.3245778822/(3.46341459265551e6-v1))))),-0.8735657925422542,3.0875431813066827,0.043102715181342004,3.0875431813066827,22.0,1.168052405179537,(8.42-(0.946*(log(pow2(v1))+(22300.0/(3.46e6-v1)))))
1799.3060278892517,0.2287913300869066,17.0,0.0,1.0,-1.0,true,9.157372994056843,0.052860248031156784,4.0,(-0.0317852878095323*((67609.0087964784/(3.74394402701311e6-v1))+(22.292842025077*log(pow2(v1))))),-0.8118164881103,4.595470882858707,0.05084211012704376,4.595470882858707,22.0,1.3665927015967367,(-0.0318*((67600.0/(3.74e6-v1))+(22.3*log(pow2(v1)))))
1602.1441900730133,0.005131976229795691,17.0,0.0,268.0,-0.9993894993894994,true,0.13418610300255907,0.002004973660675034,4.0,(352.01257282872-sqrt_abs((125223.410393827+((v1/320900.351876224)+(895.001194330003*log(v1)))))),-0.9999235753169337,0.0018663027501006513,0.0014219161232069137,0.0018663027501006513,513.0,0.03332438919412611,(352.0-sqrt_abs((125000.0+((v1/321000.0)+(895.0*log(v1))))))
1799.3170120716095,0.22874823658105153,17.0,0.0,1.0,-1.0,true,9.155648176483613,0.05291949809623113,4.0,(-0.0217258848193524*((64760.1099826801/(3.75495758773993e6-v1))+(21.7443844527372*log(pow3(v1))))),-0.8119084357707992,4.593225506564429,0.050819819071898004,4.593225506564429,22.0,1.366129981278497,(-0.0217*((64800.0/(3.75e6-v1))+(21.7*log(pow3(v1)))))
1799.31218791008,0.0857074941003579,17.0,0.0,1.0,-0.9993894993894994,true,3.430442454112118,0.020255600116992394,4.0,(-2.64211366486228-sqrt_abs(((v1/2.58425700119351e6)+(33.6883609591713*log((v1/226.196315038606)))))),-0.9667566364827398,0.811808152360335,0.018504794509378846,0.811808152360335,4097.0,0.52135406981144,(-2.64-sqrt_abs(((v1/2.58e6)+(33.7*log((v1/226.0))))))
1310.891816854477,0.005172713177613119,17.0,0.0,693.0,-0.9993894993894994,true,0.1352512545214033,0.002032588843038611,4.0,(337.888462648948-sqrt_abs(((v1/332947.23525329)+(860.578542366898*(134.12162226536+log(v1)))))),-0.9999235818384591,0.0018661434934260466,0.0014253027383687234,0.0018661434934260466,513.0,0.033406630916458735,(338.0-sqrt_abs(((v1/333000.0)+(861.0*(134.0+log(v1))))))
1764.8867559432983,0.005186957878056568,18.0,0.0,47.0,-0.9993894993894994,true,0.13562371159356346,0.0020236512158759625,4.0,(331.508689342187-sqrt_abs(((111121.913794415+(v1/338810.030444238))+(281.750665904906*log(pow3(v1)))))),-0.9999234393488861,0.0018696231111536342,0.0014297575910514862,0.0018696231111536342,2.097153e6,0.033578617324163014,(332.0-sqrt_abs(((111000.0+(v1/339000.0))+(282.0*log(pow3(v1))))))
1798.0024569034576,0.004866731615136891,18.0,0.0,2.0,-0.9993894993894994,true,0.12725073549698962,0.0019752130783375205,4.0,((((v1/285267.790423738)+(1050.35075335305*log((v1+v1))))/-874.469120605209)-1.4937160954256),-0.999920684342278,0.0019369008047298167,0.0014653697507645595,0.0019369008047298167,22.0,0.03481995368186093,((((v1/285000.0)+(1050.0*log((v1+v1))))/-874.0)-1.49)
1798.0033950805664,0.18556771545610262,18.0,0.0,2.0,-1.0,true,7.42734781707442,0.05748934231990013,4.0,(0.614306349093523*(log((585027.763939422/pow3(v1)))-exp((8115.59079367769/(3.76905067264044e6-v1))))),-0.8721418304538584,3.1223165588986195,0.04058712431958543,3.1223165588986195,49.0,1.1193993485285043,(0.614*(log((585000.0/pow3(v1)))-exp((8120.0/(3.77e6-v1)))))
1799.518040895462,0.23440951383863765,18.0,0.0,0.0,-1.0,true,9.382240798899833,0.053370065239727586,4.0,(-0.0439747343982765*((66541.4546837697/(3.74775676668398e6-v1))+(31.0054257475113*log((v1+v1))))),-0.7981528249292286,4.9291396813164905,0.054010726266210084,4.9291396813164905,22.0,1.4378262883773862,(-0.044*((66500.0/(3.75e6-v1))+(31.0*log((v1+v1)))))
1752.2946979999542,0.38893414491876466,18.0,0.0,64.0,-1.0,true,15.56708916283149,0.20640465599025798,4.0,(-24.4579026160467-sqrt_abs((0.392393579162252/(v1+(v1+(9.81421739635464/(3.71569997430683e6-v1))))))),0.0007343882352150999,24.438090757419136,0.15402078323245452,24.438090757419136,513.0,3.8690344521489837,(-24.5-sqrt_abs((0.392/(v1+(v1+(9.81/(3.72e6-v1)))))))
1799.6614229679108,0.18503856646680017,18.0,0.0,0.0,-1.0,true,7.406168628760639,0.05762390395506009,4.0,(0.616081761833766*(log((658655.871084443/pow3(v1)))-exp((8601.09784153654/(3.77089001016048e6-v1))))),-0.8723485735573613,3.117267859876909,0.04085040552877213,3.117267859876909,49.0,1.1244651556211285,(0.616*(log((659000.0/pow3(v1)))-exp((8600.0/(3.77e6-v1)))))
1799.729490995407,0.1687916233792239,18.0,0.0,0.0,-0.9993894993894994,true,6.755884731159995,0.05751759716765743,5.0,(373.377005662775-sqrt_abs((130582.120891792+(1662.15227597547*log(((1.45549663814071e6+v1)/2.3576255086851)))))),-0.8889408786919025,2.712081165465641,0.03939396278684626,2.712081165465641,262145.0,1.0846499126270768,(373.0-sqrt_abs((131000.0+(1660.0*log(((1.46e6+v1)/2.36))))))
1799.752609014511,0.16019359480369177,18.0,0.0,0.0,-0.9731379731379731,true,6.411748637148918,0.04482582077444725,4.0,(252.837363625802+(-2.26351659788468*(log(v1)-(v1*(104.769290954264/(18135.0061883831-v1)))))),-0.8985692788439907,2.4769541232337584,0.042116052601086564,2.4769541232337584,15.0,1.1125363429557298,(253.0+(-2.26*(log(v1)-(v1*(105.0/(18100.0-v1))))))
1793.227777004242,0.005146920404498954,18.0,0.0,9.0,-0.9993894993894994,true,0.13457684927187685,0.0020148305645800984,4.0,(322.085033689698-sqrt_abs(((104909.29281655+(v1/347695.00307466))+(274.386263919072*log(pow3(v1)))))),-0.9999235758546878,0.0018662896180566602,0.001419880962830974,0.0018662896180566602,2.097153e6,0.03326376527618575,(322.0-sqrt_abs(((105000.0+(v1/348000.0))+(274.0*log(pow3(v1))))))
1799.0595529079437,0.10570868877442897,18.0,0.0,1.0,-0.9291819291819292,true,4.2309902715824705,0.04557044094034006,3.0,(133.866820163149-(6.19194880772468*(log(v1)+(1615.5837045782/sqrt_abs(pow3(log((v1*v1)))))))),-0.9440965187009625,1.3651717835446804,0.03487677617376504,1.3651717835446804,1.7976931348623157e308,0.8759621820261745,(134.0-(6.19*(log(v1)+(1620.0/sqrt_abs(pow3(log((v1*v1))))))))
1799.9263038635254,0.18412523498925384,18.0,0.0,0.0,-0.9993894993894994,true,7.3696125363425935,0.0574055415892077,4.0,(7.91710560187425-(1.86273048726463*(log(v1)+pow3((-2.87145328536484/sqrt_abs((3.71593322960564e6-v1))))))),-0.8728950836923539,3.10392199664306,0.04155998486881323,3.10392199664306,518.0,1.136831808446026,(7.92-(1.86*(log(v1)+pow3((-2.87/sqrt_abs((3.72e6-v1)))))))
1799.3190400600433,0.0051601384412930116,18.0,0.0,1.0,-0.9993894993894994,true,0.1349224621054752,0.002018771614756717,4.0,(360.795548163108-sqrt_abs(((v1/313815.623903004)+(305.20183416224*(430.972538898561+log(pow3(v1))))))),-0.9999234749698487,0.0018687532416561763,0.0014295785893170623,0.0018687532416561763,2.097153e6,0.03356059361010466,(361.0-sqrt_abs(((v1/314000.0)+(305.0*(431.0+log(pow3(v1)))))))
1800.030786037445,0.0051702215381130585,18.0,0.0,0.0,-0.9993894993894994,true,0.13518610546777765,0.0020168048842482637,4.0,(352.384273403099-sqrt_abs((125495.748862685+((v1/320634.198178374)+(298.465927408903*log(pow3(v1))))))),-0.9999234184934003,0.0018701324053860115,0.001431046540218735,0.0018701324053860115,2.097153e6,0.033619405198923806,(352.0-sqrt_abs((125000.0+((v1/321000.0)+(298.0*log(pow3(v1)))))))
1800.0416369438171,0.16169628394786573,18.0,0.0,0.0,-0.9993894993894994,true,3.0746902384919856,0.09553595628364617,4.0,(327.964769120951-sqrt_abs((123678.066614675+((v1/190715.570312607)+(-1186.99103420486+log(pow3(v1))))))),-0.8326051493798865,4.087808513298974,0.076870225943114,4.087808513298974,2.097153e6,1.8501250965970373,(328.0-sqrt_abs((124000.0+((v1/191000.0)+(-1190.0+log(pow3(v1)))))))
1761.9991660118103,0.18026875657282831,19.0,0.0,51.0,-1.0,true,7.215256987601634,0.05932433068513887,5.0,(-0.0520336609719312*((67829.4522823118/(3.74314219268059e6-v1))+(36.4615276361886*log((v1/88.9136284333191))))),-0.873703172887144,3.0841883317320358,0.04320104482829508,3.0841883317320358,14.0,1.1694357136767504,(-0.052*((67800.0/(3.74e6-v1))+(36.5*log((v1/88.9)))))
1789.891133069992,0.1837696682299803,19.0,0.0,13.0,-1.0,true,7.355380976791281,0.057763580606216836,4.0,(0.310403168099749*(log(pow2((550778.813393246/pow3(v1))))-exp((-10341.496872356/(3.68690191687366e6-v1))))),-0.8729150516466482,3.1034343760665895,0.04128710605801112,3.1034343760665895,4.294967313e9,1.1321539832245344,(0.31*(log(pow2((551000.0/pow3(v1))))-exp((-10300.0/(3.69e6-v1)))))
1612.5628850460052,0.005151445688999606,19.0,0.0,253.0,-0.9993894993894994,true,0.13469517216834603,0.002006757582663347,4.0,(352.429083267442-sqrt_abs((124901.335529551+((v1/320515.144731549)+(895.793872889693*log((v1+v1))))))),-0.9999235714646663,0.0018663968230741613,0.0014230931105870936,0.0018663968230741613,2.097153e6,0.033355304217319894,(352.0-sqrt_abs((125000.0+((v1/321000.0)+(896.0*log((v1+v1)))))))
1761.9906730651855,0.005170581634230739,19.0,0.0,51.0,-0.9993894993894994,true,0.13519552092345677,0.0020125459241852354,4.0,(334.664214485119-sqrt_abs(((113234.440648748+(v1/335829.047956961))+(426.530490739448*log((v1*v1)))))),-0.9999235787368006,0.001866219236413195,0.0014214483181908026,0.001866219236413195,1.37438953473e11,0.03329636272148399,(335.0-sqrt_abs(((113000.0+(v1/336000.0))+(427.0*log((v1*v1))))))
1798.7130188941956,0.005220254360538357,19.0,0.0,1.0,-0.9993894993894994,true,0.1364943168005759,0.002020683664070865,4.0,(330.644186863108-sqrt_abs(((110549.469452421+((v1+v1)/678879.474172188))+(842.918499285826*log(v1))))),-0.9999234518532293,0.0018693177531305043,0.001425218143579021,0.0018693177531305043,2049.0,0.03340049971169239,(331.0-sqrt_abs(((111000.0+((v1+v1)/679000.0))+(843.0*log(v1)))))
862.5266230106354,0.0051720092151753315,19.0,0.0,1374.0,-0.9993894993894994,true,0.13523284797157586,0.002009206206529537,4.0,(349.070884341656-sqrt_abs((122538.78615931+((v1/323263.74204384)+(887.54002708129*log((v1+v1))))))),-0.9999235552112882,0.0018667937331169496,0.0014237675662175293,0.0018667937331169496,2.097153e6,0.033370572761300454,(349.0-sqrt_abs((123000.0+((v1/323000.0)+(888.0*log((v1+v1)))))))
1661.385901927948,0.06093723667445789,19.0,0.0,187.0,-1.0,true,1.1587348959982364,0.0497986732127502,4.0,(-0.428843021291205*(log(pow3((v1+(247.709296734724/(3.71569997563956e6-v1)))))-(-8.84356345696607e-9*v1))),-0.9657402541925779,0.8366283673376713,0.038654035373482075,0.8366283673376713,1.8446744073709552e19,0.9023638314026975,(-0.429*(log(pow3((v1+(248.0/(3.72e6-v1)))))-(-8.84e-9*v1)))
1799.677917957306,0.18968950035740553,19.0,0.0,0.0,-1.0,true,7.592322257881094,0.05647270421829373,4.0,(0.600396808528212*(log((662835.367485659/pow3((v1+v1))))-(6287.00859457919/(3.76651293254719e6-v1)))),-0.8700233105924657,3.174051146270409,0.03859780353517465,3.174051146270409,131077.0,1.0812798140136612,(0.6*(log((663000.0/pow3((v1+v1))))-(6290.0/(3.77e6-v1))))
1799.7227878570557,0.18562283243146355,19.0,0.0,0.0,-0.9993894993894994,true,7.429553874015006,0.05872796055304002,4.0,(0.611008372906577*log((162203.992697179/pow3((v1+(-969.905875558779/((3.70775099963631e6-v1)/v1))))))),-0.8714270548521587,3.1397714912271977,0.040009807857372306,3.1397714912271977,1.7976931348623157e308,1.1103767910925069,(0.611*log((162000.0/pow3((v1+(-970.0/((3.71e6-v1)/v1)))))))
1678.185392856598,0.17916815471848638,19.0,0.0,164.0,-1.0,true,7.171205398346345,0.0595945711302816,5.0,(-0.0512046490627672*((66136.8859610689/(3.74910844799374e6-v1))+(37.2704225371397*(-4.56600254475456+log(v1))))),-0.8738138721779092,3.081485037684879,0.04387669633968332,3.081485037684879,11.0,1.1826235835247354,(-0.0512*((66100.0/(3.75e6-v1))+(37.3*(-4.57+log(v1)))))
1799.2081909179688,0.18043409679950817,19.0,0.0,1.0,-0.9981684981684982,true,7.221874730179792,0.05939424178199151,5.0,(-4.28910154485906-(1.89881407913413*(log((v1/866.480876036224))+(-1434.75438282888/(3.70884527773561e6-v1))))),-0.8739150478178005,3.0790143126861484,0.04270996381843152,3.0790143126861484,14.0,1.1584669694684815,(-4.29-(1.9*(log((v1/866.0))+(-1430.0/(3.71e6-v1)))))
1314.7234299182892,0.17852003248637557,19.0,0.0,687.0,-1.0,true,7.14526430598535,0.05813274068919161,5.0,(-0.0509629078402604*(-178.89114854103+((63534.7612595886/(3.74555745983793e6-v1))+(37.8336064623118*log(v1))))),-0.8739865627981976,3.0772679056454724,0.04514443705694891,3.0772679056454724,11.0,1.2045908416304287,(-0.051*(-179.0+((63500.0/(3.75e6-v1))+(37.8*log(v1)))))
1647.6140899658203,0.0051554090475481144,19.0,0.0,206.0,-0.9993894993894994,true,0.13479880235184893,0.002013522018554431,4.0,(328.896526509677-sqrt_abs(((109377.315724518+((v1+v1)/682366.063470939))+(839.391361629149*log(v1))))),-0.9999235837308941,0.0018660972798651215,0.0014207640419369152,0.0018660972798651215,2049.0,0.03328450695020727,(329.0-sqrt_abs(((109000.0+((v1+v1)/682000.0))+(839.0*log(v1)))))
1782.1086399555206,0.005133001031195474,19.0,0.0,24.0,-0.9993894993894994,true,0.13421289854876406,0.002026012221986608,4.0,(384.415133637015-sqrt_abs(((v1/296110.433745094)+(486.172155140023*(log((v1*v1))--306.979925992376))))),-0.9999236054565309,0.0018655667364065117,0.0014288004361460726,0.0018655667364065117,1.37438953473e11,0.033531626536014554,(384.0-sqrt_abs(((v1/296000.0)+(486.0*(log((v1*v1))--307.0)))))
1799.8154730796814,0.005178089240157915,19.0,0.0,0.0,-0.9993894993894994,true,0.13539182276452877,0.002020024991115588,4.0,(342.310761440344-sqrt_abs((117846.978403297+((v1/329155.05959152)+(871.199536463967*log((v1+v1))))))),-0.9999234301504345,0.0018698477387837646,0.0014304512871807886,0.0018698477387837646,2.097153e6,0.03360057863875244,(342.0-sqrt_abs((118000.0+((v1/329000.0)+(871.0*log((v1+v1)))))))
1663.909705877304,0.17930333528579642,19.0,0.0,184.0,-1.0,true,7.17661600055726,0.05859144921989822,5.0,(-0.051293773101356*((66114.9870778435/(3.74919306096076e6-v1))+(37.3355410378065*(-4.62871314473253+log(v1))))),-0.8739459502657606,3.07825967005894,0.044280107273628376,3.07825967005894,11.0,1.1886768713867564,(-0.0513*((66100.0/(3.75e6-v1))+(37.3*(-4.63+log(v1)))))
1797.8212070465088,0.005157159381586551,19.0,0.0,3.0,-0.9993894993894994,true,0.1348445684452706,0.0020169912910823406,4.0,(365.398931867439-sqrt_abs(((v1/310226.825625339)+(926.663659217222*(144.880689745848+log((v1+v1))))))),-0.9999234619111115,0.0018690721380687613,0.0014300211001529407,0.0018690721380687613,2.097153e6,0.03357581124443085,(365.0-sqrt_abs(((v1/310000.0)+(927.0*(145.0+log((v1+v1)))))))
1799.3854849338531,0.18043409679950817,19.0,0.0,1.0,-0.9981684981684982,true,7.221874730179792,0.05939424178199151,5.0,(-4.28910154485906-(1.89881407913413*(log((v1/866.480876036224))+(-1434.75438282888/(3.70884527773561e6-v1))))),-0.8739150478178005,3.0790143126861484,0.04270996381843152,3.0790143126861484,14.0,1.1584669694684815,(-4.29-(1.9*(log((v1/866.0))+(-1430.0/(3.71e6-v1)))))
1752.6252620220184,0.18026875657282831,19.0,0.0,64.0,-1.0,true,7.215256987601634,0.05932433068513887,5.0,(-0.0520336609719312*((67829.4522823118/(3.74314219268059e6-v1))+(36.4615276361886*log((v1/88.9136284333191))))),-0.873703172887144,3.0841883317320358,0.04320104482829508,3.0841883317320358,14.0,1.1694357136767504,(-0.052*((67800.0/(3.74e6-v1))+(36.5*log((v1/88.9)))))
1800.0343990325928,0.00520032600629058,19.0,0.0,0.0,-0.9993894993894994,true,0.13597324887741635,0.002029118374509631,4.0,(316.523924031556-sqrt_abs(((100780.636142619+(v1/353181.598350044))+(809.255485084007*log((v1+v1)))))),-0.999923442750322,0.0018695400475545432,0.0014287739759249061,0.0018695400475545432,2.097153e6,0.03354756272483428,(317.0-sqrt_abs(((101000.0+(v1/353000.0))+(809.0*log((v1+v1))))))
1379.7825710773468,0.1772639538775249,20.0,0.0,589.0,-1.0,true,7.094989759625868,0.06038629928688881,5.0,(-0.0370598814088812*((67705.2373553547/(3.74363105244982e6-v1))+(25.9849701082663*log((pow2(v1)/11697.7161728499))))),-0.8738755588381382,3.0799786397645934,0.04484691811403473,3.0799786397645934,38.0,1.2018677684791017,(-0.0371*((67700.0/(3.74e6-v1))+(26.0*log((pow2(v1)/11700.0)))))
921.2283718585968,0.005190090320932785,20.0,0.0,1278.0,-0.9993894993894994,true,0.13570561577308737,0.0020074042148434963,5.0,(328.605583512545-sqrt_abs(((109202.218123175+(v1/341165.186411656))+(837.715836950586*log((-8594.39473923213+v1)))))),-0.9999237192565005,0.0018627877232952309,0.001420544283205243,0.0018627877232952309,8193.0,0.03332434102885094,(329.0-sqrt_abs(((109000.0+(v1/341000.0))+(838.0*log((-8590.0+v1))))))
1798.0602850914001,0.1937965048755212,20.0,0.0,2.0,-1.0,true,7.756705113850224,0.05444729816999814,5.0,(-0.0289278813350924*((67680.2929982713/(3.74371000772176e6-v1))+(20.2834567140453*log((pow3(v1)/31235.5406136428))))),-0.8671464108172751,3.2443054901129265,0.03758291890453026,3.2443054901129265,38.0,1.0630205138033073,(-0.0289*((67700.0/(3.74e6-v1))+(20.3*log((pow3(v1)/31200.0)))))
1030.9689359664917,0.005121181175085619,20.0,0.0,1110.0,-0.9993894993894994,true,0.13390384403284017,0.002017831052914816,5.0,(373.776373551795-sqrt_abs((141135.680650094+((v1/303757.632505093)+(946.477024732762*log((-8593.74114703326+v1))))))),-0.9999236769924416,0.0018638198182459947,0.0014232002706869257,0.0018638198182459947,8193.0,0.03341436893677602,(374.0-sqrt_abs((141000.0+((v1/304000.0)+(946.0*log((-8590.0+v1)))))))
1798.713665008545,0.005168546996343412,20.0,0.0,1.0,-0.9993894993894994,true,0.13514232111954172,0.0020161280843232618,4.0,(354.590379803318-sqrt_abs(((127065.677182406+(v1/318826.682362457))+(225.174308808191*log((v1*pow3(v1))))))),-0.9999234155710459,0.001870203769738014,0.0014311726920222224,0.001870203769738014,4.290498537581631e155,0.033623391806193684,(355.0-sqrt_abs(((127000.0+(v1/319000.0))+(225.0*log((v1*pow3(v1)))))))
1799.4942920207977,0.15281787986896198,20.0,0.0,0.0,-0.9993894993894994,true,6.116535646650107,0.04155661781725948,5.0,(479.22226738286-sqrt_abs((209292.393201693+((-36121.9844671566/v1)+(2479.46226664255*log((5.93939250866725e6+v1))))))),-0.9132330897931067,2.118861559375639,0.03488462721252867,2.118861559375639,8193.0,0.9530816504179888,(479.0-sqrt_abs((209000.0+((-36100.0/v1)+(2480.0*log((5.94e6+v1)))))))
1795.2469549179077,0.022075265776208174,20.0,0.0,6.0,-1.0,true,0.4197660115436399,0.011471030502971201,4.0,(((-1.33979310549745*log((v1+(232.146650291038/(3.71569997551948e6-v1)))))-v1)-(-0.999999996345623*v1)),-0.9976682068549845,0.056942754416492596,0.009344224694851789,0.056942754416492596,70.0,0.21911086552188566,(((-1.34*log((v1+(232.0/(3.72e6-v1)))))-v1)-(-1.0*v1))
921.2283718585968,0.005190090320932785,20.0,0.0,1278.0,-0.9993894993894994,true,0.13570561577308737,0.0020074042148434963,5.0,(328.605583512545-sqrt_abs(((109202.218123175+(v1/341165.186411656))+(837.715836950586*log((-8594.39473923213+v1)))))),-0.9999237192565005,0.0018627877232952309,0.001420544283205243,0.0018627877232952309,8193.0,0.03332434102885094,(329.0-sqrt_abs(((109000.0+(v1/341000.0))+(838.0*log((-8590.0+v1))))))
1795.2353348731995,0.18718629927334862,20.0,0.0,6.0,-1.0,true,7.492131634411535,0.050848233896797934,5.0,(0.6263322217257*(log((661759.530054217/pow3((913640.317056631+v1))))-(5120.73505179754/(3.76683098300882e6-v1)))),-0.880060747914476,2.9289353521786636,0.03286553487604498,2.9289353521786636,517.0,0.9559943361094211,(0.626*(log((662000.0/pow3((914000.0+v1))))-(5120.0/(3.77e6-v1))))
1795.2792448997498,0.005113303523750946,20.0,0.0,6.0,-0.9993894993894994,true,0.13369786659138683,0.0020756792777399955,5.0,(323.584762972212-sqrt_abs(((117177.258344097+(v1/346246.031909462))+(-826.196967942546*log((851271.907142019/v1)))))),-0.999923662862825,0.001864164865697947,0.0014285751741441176,0.001864164865697947,8193.0,0.03347188318581065,(324.0-sqrt_abs(((117000.0+(v1/346000.0))+(-826.0*log((851000.0/v1))))))
1044.6505348682404,0.005118852279313767,20.0,0.0,1090.0,-0.9993894993894994,true,0.13384295024964032,0.002018300121903763,5.0,(351.309200150887-sqrt_abs((124736.780225309+((v1/321442.778442603)+(892.72936616944*log((-8007.38165583522+v1))))))),-0.9999236731832228,0.001863912839963307,0.0014202296256451317,0.001863912839963307,8193.0,0.03330051506196486,(351.0-sqrt_abs((125000.0+((v1/321000.0)+(893.0*log((-8010.0+v1)))))))
1175.518168926239,0.005150436020013544,20.0,0.0,896.0,-0.9993894993894994,true,0.13466877229030771,0.002011263056323147,5.0,(341.89316195693-sqrt_abs((118168.763514709+((v1/329328.218367812)+(869.916173750055*log((-7906.29691795342+v1))))))),-0.999923712938985,0.0018629419980153163,0.0014204045278902368,0.0018629419980153163,8193.0,0.03331034731183148,(342.0-sqrt_abs((118000.0+((v1/329000.0)+(870.0*log((-7910.0+v1)))))))
1018.9159350395203,0.005107726214972438,20.0,0.0,1128.0,-0.9993894993894994,true,0.13355203635041946,0.0020777364989067433,5.0,(325.976208723117-sqrt_abs(((116253.108041558+(v1/343977.072170606))+(831.959819909424*log((v1/38904.7602218858)))))),-0.99992365809474,0.0018642813030799034,0.0014291326645202483,0.0018642813030799034,8193.0,0.033491522484498375,(326.0-sqrt_abs(((116000.0+(v1/344000.0))+(832.0*log((v1/38900.0))))))
1798.387158870697,0.005137778051917848,20.0,0.0,2.0,-0.9993894993894994,true,0.134337803607945,0.002003588290246875,5.0,(400.360990447337-sqrt_abs(((71358.3238833388+(v1/285441.91163562))+(90474.9481274786+(1010.64631246656*log(v1)))))),-0.9999233309618456,0.0018722699396853503,0.0014335063636188683,0.0018722699396853503,1025.0,0.03369722601534401,(400.0-sqrt_abs(((71400.0+(v1/285000.0))+(90500.0+(1010.0*log(v1))))))
1697.4355199337006,0.17708261652442522,20.0,0.0,138.0,-1.0,true,7.087731732062245,0.05979370879850625,5.0,(-0.0364431264758745*((66166.4138974649/(3.7490036569558e6-v1))+(26.5200336711617*(-9.48252007315221+log(pow2(v1)))))),-0.8739097132867613,3.0791445827710144,0.04532518736820041,3.0791445827710144,23.0,1.2101379444837292,(-0.0364*((66200.0/(3.75e6-v1))+(26.5*(-9.48+log(pow2(v1))))))
1799.8115558624268,0.005212216188894177,20.0,0.0,0.0,-0.9993894993894994,true,0.13628414222456442,0.002035582036335289,5.0,(299.411384271402-sqrt_abs(((v1/371161.915528732)+(768.148743524814*(log((v1/26.672598976511))--121.388088007552))))),-0.9999234542133876,0.0018692601176946283,0.0014275519756162941,0.0018692601176946283,8193.0,0.03350538941576268,(299.0-sqrt_abs(((v1/371000.0)+(768.0*(log((v1/26.7))--121.0)))))
1631.4945950508118,0.005119970343612238,20.0,0.0,228.0,-0.9993894993894994,true,0.13387218434668213,0.0020180589731673294,5.0,(337.888213927654-sqrt_abs(((v1/332955.651342616)+(860.578256005866*(134.122686661131+log((-7815.16446392933+v1))))))),-0.9999236980774452,0.0018633049191485876,0.0014183711213542173,0.0018633049191485876,8193.0,0.03323877978122617,(338.0-sqrt_abs(((v1/333000.0)+(861.0*(134.0+log((-7820.0+v1)))))))
1787.496169090271,0.005144418225071124,20.0,0.0,17.0,-0.9993894993894994,true,0.13451142463010157,0.00200607461751017,5.0,(366.343327680084-sqrt_abs((135588.793017244+((v1/309482.082851334)+(0.526410136289331+(929.15898203021*log(v1))))))),-0.999923529334858,0.0018674256396027504,0.0014259026461260283,0.0018674256396027504,1025.0,0.03344535425169313,(366.0-sqrt_abs((136000.0+((v1/309000.0)+(0.526+(929.0*log(v1)))))))
1379.7825710773468,0.1772639538775249,20.0,0.0,589.0,-1.0,true,7.094989759625868,0.06038629928688881,5.0,(-0.0370598814088812*((67705.2373553547/(3.74363105244982e6-v1))+(25.9849701082663*log((pow2(v1)/11697.7161728499))))),-0.8738755588381382,3.0799786397645934,0.04484691811403473,3.0799786397645934,38.0,1.2018677684791017,(-0.0371*((67700.0/(3.74e6-v1))+(26.0*log((pow2(v1)/11700.0)))))
958.5292630195618,0.005167705564707229,20.0,0.0,1221.0,-0.9993894993894994,true,0.1351203201539981,0.0020058761688453875,5.0,(316.101986240364-sqrt_abs(((101081.13717337+(v1/353417.26315606))+(807.816577104544*log((-10280.914805189+v1)))))),-0.9999237164047529,0.0018628573634214612,0.001416698859377032,0.0018628573634214612,8193.0,0.033181587964459476,(316.0-sqrt_abs(((101000.0+(v1/353000.0))+(808.0*log((-10300.0+v1))))))
1799.9654779434204,0.18218659832558368,20.0,0.0,0.0,-0.9993894993894994,true,7.292018603817098,0.060000461482754466,5.0,(473.955468408509-sqrt_abs((215715.03823731+((-1298.82701324539/(3.6935242874546e6-v1))+(1883.19097596736*log(v1)))))),-0.8715007600604656,3.1379715984773586,0.04327635541373702,3.1379715984773586,1025.0,1.1735806460695568,(474.0-sqrt_abs((216000.0+((-1300.0/(3.69e6-v1))+(1880.0*log(v1))))))
1800.084794998169,0.10541642552839306,20.0,0.0,0.0,-0.9291819291819292,true,4.219292435150521,0.04558380002526048,4.0,(402.482707382475-sqrt_abs((-13282.1771769044+((1.3948896217334e6/log(v1))+(6288.85645436762*log((v1+v1))))))),-0.9449441577694413,1.3444723045135363,0.03473593246916561,1.3444723045135363,8.388609e6,0.8720601955608039,(402.0-sqrt_abs((-13300.0+((1.39e6/log(v1))+(6290.0*log((v1+v1)))))))
1798.057818889618,0.18843691613866637,21.0,0.0,2.0,-1.0,true,7.542187574485936,0.054337082044926446,5.0,(0.611380239255718*(log((547773.3742102/pow3((321027.437176387+v1))))-exp((8033.51815863887/(3.76650262113512e6-v1))))),-0.8746344566939495,3.0614462350686438,0.03640197383355712,3.0614462350686438,529.0,1.0331878441301814,(0.611*(log((548000.0/pow3((321000.0+v1))))-exp((8030.0/(3.77e6-v1)))))
1798.036227941513,0.005154644201588776,21.0,0.0,2.0,-0.9993894993894994,true,0.13477880387678098,0.002007772001513044,5.0,(352.28082280078-sqrt_abs((125415.219745141+((v1/320629.951054457)+(2.52196259388723+(298.466406171169*log(pow3(v1)))))))),-0.9999235713623509,0.0018663993216307916,0.0014233081538480047,0.0018663993216307916,4.194305e6,0.033360538758876776,(352.0-sqrt_abs((125000.0+((v1/321000.0)+(2.52+(298.0*log(pow3(v1))))))))
1794.3184859752655,0.005109006451468354,21.0,0.0,7.0,-0.9993894993894994,true,0.13358551077403646,0.002047873381601812,5.0,(355.795094673939-sqrt_abs((130862.502376555+((v1/317847.909041472)+(301.196832365008*log((pow3(v1)/17015.513318931))))))),-0.9999236108950895,0.0018654339259518028,0.0014310402830278884,0.0018654339259518028,1.37438953473e11,0.03357231267369798,(356.0-sqrt_abs((131000.0+((v1/318000.0)+(301.0*log((pow3(v1)/17000.0)))))))
1799.5571370124817,0.18305053044656516,21.0,0.0,0.0,-0.9993894993894994,true,7.326597486987055,0.059887688934295476,5.0,(367.619544776873-sqrt_abs(((128001.657819521+(1459.45063326049/(3.67824965743848e6-v1)))+(493.587907930954*log(pow3(v1)))))),-0.8710349985838057,3.149345566806753,0.04335367814910866,3.149345566806753,4.194305e6,1.1746398512900402,(368.0-sqrt_abs(((128000.0+(1460.0/(3.68e6-v1)))+(494.0*log(pow3(v1))))))
1799.5627160072327,0.18270294154910122,21.0,0.0,0.0,-0.9993894993894994,true,7.312685241354927,0.05976646668116087,5.0,(404.89151793993-sqrt_abs((156172.194273971+((-1606.19481140877/(6.16711515615366e6-v1))+(540.602763863431*log(pow3(v1))))))),-0.8712278033857981,3.1446372432945933,0.04332132347380284,3.1446372432945933,4.194305e6,1.1741876392678312,(405.0-sqrt_abs((156000.0+((-1610.0/(6.17e6-v1))+(541.0*log(pow3(v1)))))))
1708.974837064743,0.005525035230198619,21.0,0.0,122.0,-1.0,true,0.14446344123494015,0.001894345940572419,5.0,(-2.37726188205488+(-1.19771466052355*(log((v1+(-53.4898035853064/(3.71569997398855e6-v1))))-(-3.3338296855236504e-9*v1)))),-0.9999002023482921,0.0024370743111107986,0.0015679801051489718,0.0024370743111107986,69.0,0.039381412243079145,(-2.38+(-1.2*(log((v1+(-53.5/(3.72e6-v1))))-(-3.33e-9*v1))))
1799.6720640659332,0.18071506812254406,21.0,0.0,0.0,-0.9993894993894994,true,7.233120607393303,0.05922692793847552,4.0,(5.98384850447176+(-1.89197448129951*(log(v1)-(v1*(-1.28634624004447/((-9.19591472937052/log(v1))-v1)))))),-0.8735077735005808,3.0889600154064594,0.04306377257316219,3.0889600154064594,23.0,1.1670913411315618,(5.98+(-1.89*(log(v1)-(v1*(-1.29/((-9.2/log(v1))-v1))))))
1799.7607839107513,0.1826768710186915,21.0,0.0,0.0,-0.9993894993894994,true,7.311641768374443,0.059755742097544695,5.0,(409.596978380056-sqrt_abs((159925.728238367+((241.879689940556/(3.66915485165118e6-v1))+(546.5373256894*log(pow3(v1))))))),-0.8712515869429426,3.1440564450979234,0.04331820975294277,3.1440564450979234,4.194305e6,1.1741166430938168,(410.0-sqrt_abs((160000.0+((242.0/(3.67e6-v1))+(547.0*log(pow3(v1)))))))
1444.9444770812988,0.020190875768844076,21.0,0.0,493.0,-1.0,true,0.5331879361816938,0.015373812506294472,5.0,((-1.33979480828587*(log((v1/0.861175741881614))+(-130.843353283173/(3.7129490048692e6-v1))))-(3.6543339840619404e-9*v1)),-0.9962746751926633,0.0909730162297184,0.009414651561297904,0.0909730162297184,16.0,0.24255488595144056,((-1.34*(log((v1/0.861))+(-131.0/(3.71e6-v1))))-(3.65e-9*v1))
1789.4985790252686,0.1777873821336398,21.0,0.0,14.0,-1.0,true,7.1159399755936334,0.06016661516540785,5.0,(-0.0363325392960557*((66170.880736902/(3.74898737158829e6-v1))+(26.4388953085865*(-9.30324885092247+log((v1*v1)))))),-0.8738526622544631,3.080537777929987,0.04461362582602346,3.080537777929987,39.0,1.197258362920309,(-0.0363*((66200.0/(3.75e6-v1))+(26.4*(-9.3+log((v1*v1))))))
751.4333710670471,0.005136356160516962,21.0,0.0,1557.0,-0.9993894993894994,true,0.13430062532468057,0.0020133314393660554,5.0,(322.076697222938-sqrt_abs(((104915.330259437+(v1/347702.991097444))+(274.183570132853*log(pow3((-7907.29217642003+v1))))))),-0.9999236608242297,0.0018642146485161036,0.00142153846934216,0.0018642146485161036,3.7053468555941183e78,0.03335612207798409,(322.0-sqrt_abs(((105000.0+(v1/348000.0))+(274.0*log(pow3((-7910.0+v1)))))))
1666.8045558929443,0.1793771562956984,21.0,0.0,180.0,-1.0,true,7.17957068648095,0.05878572717063481,5.0,(-0.0512502644056393*((66101.480953413/(3.74924157400061e6-v1))+(37.3107766925818*(-5.29744967686702+log((v1+v1)))))),-0.8739144817992619,3.079028134947657,0.04411079021572372,3.079028134947657,23.0,1.1858633969849497,(-0.0513*((66100.0/(3.75e6-v1))+(37.3*(-5.3+log((v1+v1))))))
1552.640543937683,0.005056745370614642,21.0,0.0,337.0,-0.9993894993894994,true,0.13221903702894267,0.0017283428853241722,5.0,(-2.32804091337052-((v1/2.49038818453286e8)+(1.20070746704783*(log(v1)+(-2583.99788644517/(3.65787026758082e6-v1)))))),-0.999926150478591,0.0018034168984309676,0.001345704114265379,0.0018034168984309676,13.0,0.03252300941338109,(-2.33-((v1/2.49e8)+(1.2*(log(v1)+(-2580.0/(3.66e6-v1))))))
1799.8475470542908,0.17775967932260692,21.0,0.0,0.0,-0.9993894993894994,true,7.114831170581155,0.06024224577709092,4.0,(-0.0363295516325538*((66164.5050878947/(log(pow2(v1))-v1))+(26.4376298953259*(-9.29763709415272+log(pow2(v1)))))),-0.8737536501054743,3.082955670141468,0.0446911358128235,3.082955670141468,38.0,1.1989612467090203,(-0.0363*((66200.0/(log(pow2(v1))-v1))+(26.4*(-9.3+log(pow2(v1))))))
1799.2974050045013,0.09277013869784687,21.0,0.0,1.0,-1.0,true,3.7131248043528373,0.04460636753202696,5.0,(-0.0549342883583034*((64188.2995729458/(3.75327478283923e6-v1))+(23.5783892960802*(log(v1)+(v1/2.40301526440014e8))))),-0.9551075720691337,1.0962801328633345,0.03239448082514035,1.0962801328633345,13.0,0.7961062766010022,(-0.0549*((64200.0/(3.75e6-v1))+(23.6*(log(v1)+(v1/2.4e8)))))
837.0607089996338,0.005145019701339158,21.0,0.0,1417.0,-0.9993894993894994,true,0.1345271514676476,0.002030822479286906,5.0,(383.720321420885-sqrt_abs(((v1/296457.348316663)+(323.18539156522*(460.197135992587+log(pow3((-10282.4063763708+v1)))))))),-0.9999237189840693,0.0018627943761086784,0.0014280955047244585,0.0018627943761086784,3.7053468555941183e78,0.033547501213661235,(384.0-sqrt_abs(((v1/296000.0)+(323.0*(460.0+log(pow3((-10300.0+v1))))))))
1799.3674719333649,0.10946924935211236,21.0,0.0,1.0,-0.9993894993894994,true,4.381506708824702,0.034508864147083956,5.0,(356.401359105931-sqrt_abs((-71974.3538754179+((1.68831725399605e6/log((505478.558882664+v1)))+(6802.26867926385*log(v1)))))),-0.9526876579362196,1.1553748156288637,0.02911769730903417,1.1553748156288637,32769.0,0.7429708220842586,(356.0-sqrt_abs((-72000.0+((1.69e6/log((505000.0+v1)))+(6800.0*log(v1))))))
1797.0479788780212,0.005200103978455191,21.0,0.0,4.0,-0.9993894993894994,true,0.1359674435017375,0.002029033415518595,4.0,(316.757157955382-sqrt_abs(((100600.683538035+(v1/352948.587665341))+(809.815773892297*log((v1+(v1+v1))))))),-0.9999234427889409,0.0018695391044743935,0.001428790380079134,0.0018695391044743935,5.902958103587057e20,0.033548080918849255,(317.0-sqrt_abs(((101000.0+(v1/353000.0))+(810.0*log((v1+(v1+v1)))))))
1666.8045558929443,0.1793771562956984,21.0,0.0,180.0,-1.0,true,7.17957068648095,0.05878572717063481,5.0,(-0.0512502644056393*((66101.480953413/(3.74924157400061e6-v1))+(37.3107766925818*(-5.29744967686702+log((v1+v1)))))),-0.8739144817992619,3.079028134947657,0.04411079021572372,3.079028134947657,23.0,1.1858633969849497,(-0.0513*((66100.0/(3.75e6-v1))+(37.3*(-5.3+log((v1+v1))))))
1800.048045873642,0.18262106063420785,21.0,0.0,0.0,-0.9993894993894994,true,7.309407957733697,0.05980002379722747,5.0,(404.183074124695-sqrt_abs((155613.805124724+((-4103.71636134338/(6.16790313174894e6-v1))+(539.710851523248*log(pow3(v1))))))),-0.8712103400105905,3.145063701656842,0.043317732750059346,3.145063701656842,4.194305e6,1.1743155549544082,(404.0-sqrt_abs((156000.0+((-4100.0/(6.17e6-v1))+(540.0*log(pow3(v1)))))))
1800.0709569454193,0.18268197287133583,21.0,0.0,0.0,-0.9993894993894994,true,7.311845970026695,0.05975876189780839,5.0,(407.742772718175-sqrt_abs((158441.508079275+((1446.68827898964/pow3((6.16141761806416e6-v1)))+(1632.59719583517*log(v1)))))),-0.8712415071337913,3.144302595618733,0.043319230125979775,3.144302595618733,32769.0,1.1741521122063987,(408.0-sqrt_abs((158000.0+((1450.0/pow3((6.16e6-v1)))+(1630.0*log(v1))))))
1663.395910024643,0.07599080995299286,22.0,0.0,184.0,-1.0,true,2.246786411299432,0.05126075583838577,6.0,(log(((350.796132206825+((v1/316553.789528438)+(396.345451026393/(3.71629098965055e6-v1))))/7.31430370409614))/-0.189631541135414),-0.960489052696641,0.9648635316848365,0.0323484932167189,0.9648635316848365,513.0,0.8070864737760854,(log(((351.0+((v1/317000.0)+(396.0/(3.72e6-v1))))/7.31))/-0.19)
1798.746584892273,0.18634039846667272,22.0,0.0,1.0,-1.0,true,7.4582744545972375,0.054702657309649384,5.0,(0.309424382676348*(log(pow2((550853.029789961/pow3((319742.214096804+v1)))))-exp((-10366.8816417965/(3.68691508550072e6-v1))))),-0.8760483552106039,3.0269186114774183,0.037226559241248944,3.0269186114774183,1.3407807929942597e154,1.0483726301974703,(0.309*(log(pow2((551000.0/pow3((320000.0+v1)))))-exp((-10400.0/(3.69e6-v1)))))
1798.7124679088593,0.00518889874022953,22.0,0.0,1.0,-0.9993894993894994,true,0.13567445943801815,0.0020071538132311294,5.0,(373.777551023154-sqrt_abs((141135.022115932+((v1/303769.598428905)+(946.485638492325*log((v1+(v1/320870.917313436)))))))),-0.9999234071789752,0.0018704087054226574,0.0014281292280761647,0.0018704087054226574,1.37438953473e11,0.03349563605767916,(374.0-sqrt_abs((141000.0+((v1/304000.0)+(946.0*log((v1+(v1/321000.0))))))))
769.7418780326843,0.005163883348508892,22.0,0.0,1527.0,-0.9993894993894994,true,0.1350203804283403,0.002007104348907421,5.0,(330.642121668275-sqrt_abs(((110550.558839993+((v1+v1)/678871.739901156))+(842.840754254918*log((-7853.270950137+v1)))))),-0.999923712029276,0.0018629642132529005,0.0014193211662110008,0.0018629642132529005,32769.0,0.033259902357713145,(331.0-sqrt_abs(((111000.0+((v1+v1)/679000.0))+(843.0*log((-7850.0+v1))))))
1798.7176299095154,0.00517504255269296,22.0,0.0,1.0,-0.9993894993894994,true,0.13531216083709907,0.001992207628931722,5.0,(385.567937857102-sqrt_abs((150147.443809112+(((v1+v1)/590733.585633659)+(974.584156774041*log((-4624.61840883887+v1))))))),-0.9999233364413986,0.0018721361281383157,0.0014312000367913858,0.0018721361281383157,32769.0,0.03364631192974238,(386.0-sqrt_abs((150000.0+(((v1+v1)/591000.0)+(975.0*log((-4620.0+v1)))))))
1799.511412858963,0.180720676231712,22.0,0.0,0.0,-0.9993894993894994,true,7.23334507196293,0.0592177881464066,6.0,(((142836.298141222+((-5754.55036885655/(6.2516535810446e6-v1))+(3440.55179246278*log(v1))))/-1818.49610139571)--86.9642368229944),-0.8735087911335269,3.0889351646502683,0.043065746138967485,3.0889351646502683,12.0,1.1671194398908948,(((143000.0+((-5750.0/(6.25e6-v1))+(3440.0*log(v1))))/-1820.0)--87.0)
1632.5466849803925,0.004982173025153017,22.0,0.0,226.0,-1.0,true,0.13026918925467612,0.0017824699827042184,5.0,(0.400469283201998*(log((0.00306702690411764/pow3(v1)))-((v1+(236.062150629286/(3.71569997429713e6-v1)))/9.98469230396965e7))),-0.9999253172879858,0.0018237635437209163,0.001353821834140127,0.0018237635437209163,40.0,0.03258196729868417,(0.4*(log((0.00307/pow3(v1)))-((v1+(236.0/(3.72e6-v1)))/9.98e7)))
1638.6122579574585,0.004982157499470443,22.0,0.0,218.0,-1.0,true,0.1302687833036842,0.0017825020873013112,5.0,(0.400471380551264*(log((0.00306806747579394/pow3((v1+(232.146650291038/(3.71569997551948e6-v1))))))-(v1/9.98469233311448e7))),-0.9999253213552319,0.0018236642209355728,0.0013537140520494134,0.0018236642209355728,3.6893488147419103e19,0.03258048566258299,(0.4*(log((0.00307/pow3((v1+(232.0/(3.72e6-v1))))))-(v1/9.98e7)))
1796.7253470420837,0.005149109875045625,22.0,0.0,4.0,-0.9993894993894994,true,0.134634097495006,0.0020021015579559736,5.0,(345.919291700649-sqrt_abs(((120943.267748674+(v1/325896.603504467))+((-0.991923946490739/v1)+(880.292331504104*log(v1)))))),-0.9999235834290985,0.0018661046497609381,0.0014221413353669888,0.0018661046497609381,4097.0,0.03335419997483558,(346.0-sqrt_abs(((121000.0+(v1/326000.0))+((-0.992/v1)+(880.0*log(v1))))))
1798.1839878559113,0.007214798751635703,22.0,0.0,2.0,-1.0,true,0.18864579356562317,0.0030007306133538166,5.0,(15.8300389785968-sqrt_abs(((v1/2.38142836279067e6)+(87.264545620879*log((v1+(162.984434399066/(3.71569997552625e6-v1)))))))),-0.9998009371582824,0.004861145824021672,0.0020398161203513832,0.004861145824021672,2.9514790517935283e20,0.05317098519358997,(15.8-sqrt_abs(((v1/2.38e6)+(87.3*log((v1+(163.0/(3.72e6-v1))))))))
1694.320051908493,0.005156737657395315,22.0,0.0,142.0,-0.9993894993894994,true,0.13483354159650318,0.0020332333726209243,5.0,(331.577196119437-sqrt_abs(((111167.52061809+((v1+(v1/4.76571488486019))/409445.109475925))+(845.42543428585*log(v1))))),-0.9999237286725755,0.0018625577812657011,0.001425247481631536,0.0018625577812657011,4097.0,0.03343102343147511,(332.0-sqrt_abs(((111000.0+((v1+(v1/4.77))/409000.0))+(845.0*log(v1)))))
1799.671196937561,0.005169905719962796,22.0,0.0,0.0,-0.9993894993894994,true,0.13517784775087804,0.002016684518382522,5.0,(352.758468213712-sqrt_abs((125763.074080622+((v1/320326.140693539)+(896.29701588991*log((v1+(v1/-518.839419735031)))))))),-0.9999234182289201,0.0018701388640366388,0.001431061350997875,0.0018701388640366388,1.37438953473e11,0.03361986432217792,(353.0-sqrt_abs((126000.0+((v1/320000.0)+(896.0*log((v1+(v1/-519.0))))))))
1799.6757578849792,0.0071427133106729,22.0,0.0,0.0,-0.9993894993894994,true,0.1867609710386091,0.0030043510236002673,5.0,(15.8287304795145-sqrt_abs(((v1/2.38141266538312e6)+(87.2670419620976*log((v1+((-8521.60870023994+v1)/9.66651158595418e7))))))),-0.9997984927084415,0.004920839672626943,0.0021061059282777494,0.004920839672626943,2.9514790517935283e20,0.054499997929913044,(15.8-sqrt_abs(((v1/2.38e6)+(87.3*log((v1+((-8520.0+v1)/9.67e7)))))))
1753.2283029556274,0.00504244437213046,22.0,0.0,63.0,-1.0,true,0.13184510792839532,0.001760926352722706,5.0,(-2.32528849213024-((v1/2.49038334766005e8)+(1.20087135927878*(log(v1)+(0.161164003262556/sqrt_abs((3.71571022120382e6-v1))))))),-0.9999252915557884,0.00182439192802034,0.001358773671149882,0.00182439192802034,18.0,0.03279188468864718,(-2.33-((v1/2.49e8)+(1.2*(log(v1)+(0.161/sqrt_abs((3.72e6-v1)))))))
1796.8341150283813,0.007212544748160008,22.0,0.0,4.0,-1.0,true,0.18858685799596842,0.002999850301664375,5.0,(15.831095637739-sqrt_abs(((v1/2.38142042736889e6)+(87.2694180678986*log((v1+(155.573702975483/(3.71569997546844e6-v1)))))))),-0.9998009570725009,0.0048606595156811105,0.0020393990311544136,0.0048606595156811105,2.9514790517935283e20,0.053162618814088215,(15.8-sqrt_abs(((v1/2.38e6)+(87.3*log((v1+(156.0/(3.72e6-v1))))))))
1616.5307579040527,0.00490327409228531,22.0,0.0,248.0,-0.9993894993894994,true,0.1282062139292819,0.001779529642684415,5.0,(-2.29500498024174-((v1/2.49330128543103e8)+(0.400898997791612*(log(pow3(v1))+(-5461.23238046376/(3.671262736302e6-v1)))))),-0.9999263081270563,0.0017995670981776155,0.0013535595037708883,0.0017995670981776155,25.0,0.032615767643209476,(-2.3-((v1/2.49e8)+(0.401*(log(pow3(v1))+(-5460.0/(3.67e6-v1))))))
1529.0618488788605,0.005046593066976106,22.0,0.0,370.0,-0.9993894993894994,true,0.13195358411163483,0.0018624764511749633,5.0,(-2.34717853536819-((v1/2.4878654814973e8)+(0.599837873332021*(log(pow2(v1))+(-13386.6603290306/(3.4735247638784e6-v1)))))),-0.9999272116416553,0.001777503129925195,0.001308901772646372,0.001777503129925195,25.0,0.03187082419007331,(-2.35-((v1/2.49e8)+(0.6*(log(pow2(v1))+(-13400.0/(3.47e6-v1))))))
1799.8558349609375,0.00512991940756438,22.0,0.0,0.0,-0.9993894993894994,true,0.13413232314321633,0.00202117801255678,5.0,(282.83678320111-sqrt_abs(((v1/390460.153086347)+(729.082270695606*((log(v1)--111.073228535879)+(-2583.92834543471/v1)))))),-0.999923469360164,0.0018688902310367986,0.0014124987710674069,0.0018688902310367986,4097.0,0.0330508607912234,(283.0-sqrt_abs(((v1/390000.0)+(729.0*((log(v1)--111.0)+(-2580.0/v1))))))
860.975583076477,0.005168010897266397,22.0,0.0,1377.0,-0.9993894993894994,true,0.1351283037034925,0.002033571784223638,5.0,(325.545133863385-sqrt_abs(((106599.681419541+((v1/1.03063738876119)/333903.484773417))+(830.935446181066*log((v1+v1)))))),-0.9999237121035051,0.0018629624005659688,0.0014237722943859414,0.0018629624005659688,4.194305e6,0.03336857139625501,(326.0-sqrt_abs(((107000.0+((v1/1.03)/334000.0))+(831.0*log((v1+v1))))))
1799.356845855713,0.18266087741969342,22.0,0.0,1.0,-0.9993894993894994,true,7.311001624574033,0.05974992913950934,5.0,(411.856289513619-sqrt_abs((161743.816016124+((-159.815947310046/(3.65439965468583e6-v1))+(824.080759401039*log((v1*v1))))))),-0.8712622888548593,3.143795102729985,0.04331659559369147,3.143795102729985,2.74877906945e11,1.1740884055697292,(412.0-sqrt_abs((162000.0+((-160.0/(3.65e6-v1))+(824.0*log((v1*v1)))))))
1799.2579329013824,0.005170223285180396,22.0,0.0,1.0,-0.9993894993894994,true,0.13518615114845645,0.0020167962779676298,5.0,(352.419224001849-sqrt_abs((125063.386662448+((v1/320605.388494023)+(-163.537123991166+(895.481438922928*log((v1+v1)))))))),-0.9999234183036051,0.0018701370402144665,0.0014310521971605792,0.0018701370402144665,4.194305e6,0.03361958309992546,(352.0-sqrt_abs((125000.0+((v1/321000.0)+(-164.0+(895.0*log((v1+v1))))))))
528.8756098747253,0.005164200335328097,22.0,0.0,1936.0,-0.9993894993894994,true,0.13502866870249974,0.0020335422970493766,5.0,(325.375116803256-sqrt_abs(((107064.187295707+((v1+(v1/14.7695427908851))/367561.23290875))+(830.527036908682*log(v1))))),-0.99992372291951,0.0018626982720277125,0.0014242353371766326,0.0018626982720277125,4097.0,0.03339128715752319,(325.0-sqrt_abs(((107000.0+((v1+(v1/14.8))/368000.0))+(831.0*log(v1)))))
1783.0455820560455,0.17927214333185865,22.0,0.0,23.0,-1.0,true,7.175367542599901,0.05820910879948785,6.0,(-0.0515154174654509*((65978.5582872161/(3.74684098897054e6-v1))+(37.3326304907588*(14.5968751248548+log((v1/2.40301735529058e8)))))),-0.8739757851624046,3.077531097202351,0.04488789219574817,3.077531097202351,15.0,1.199004969839579,(-0.0515*((66000.0/(3.75e6-v1))+(37.3*(14.6+log((v1/2.4e8))))))
1797.0598359107971,0.005142368462818182,22.0,0.0,4.0,-0.9993894993894994,true,0.13445782936845418,0.002013263158503972,5.0,(344.493622054232-sqrt_abs(((v1/327299.782134521)+(119953.656143226+((-126.466388861633/v1)+(876.823645502117*log(v1))))))),-0.9999235349559307,0.001867288372124712,0.0014264480153273623,0.001867288372124712,4097.0,0.033480273671601585,(344.0-sqrt_abs(((v1/327000.0)+(120000.0+((-126.0/v1)+(877.0*log(v1)))))))
1799.9848849773407,0.17712093618626587,22.0,0.0,0.0,-1.0,true,7.089265476528645,0.054739496553978674,6.0,(-0.0519258351365961*((66141.9087732499/(3.74907365562846e6-v1))+(37.7899769209955*(-4.99691369779621+log((505781.579439354+v1)))))),-0.8817335702573692,2.888084768130327,0.040970810459514555,2.888084768130327,15.0,1.1182968021878628,(-0.0519*((66100.0/(3.75e6-v1))+(37.8*(-5.0+log((506000.0+v1))))))
1798.8361909389496,0.15534006775953665,23.0,0.0,1.0,-0.9993894993894994,true,6.217486217051146,0.04092040536619776,6.0,(479.250943333468-sqrt_abs((209257.681148382+((-36131.3467090248/(5.7990996205071e6-v1))+(2477.65099916968*log((5.93926781221219e6+v1))))))),-0.9127370642437692,2.130974581107695,0.03515293264255075,2.130974581107695,16385.0,0.9556562986035471,(479.0-sqrt_abs((209000.0+((-36100.0/(5.8e6-v1))+(2480.0*log((5.94e6+v1)))))))
1075.0854408740997,0.00514642248538578,23.0,0.0,1045.0,-0.9993894993894994,true,0.13456383014972673,0.0020823781643419656,6.0,(313.356416728673-sqrt_abs(((107310.390514508+(v1/356245.988656362))+(800.909812977103*log(((-8176.76665970002+v1)/20815.5572313386)))))),-0.999923748076383,0.001862083937244371,0.001426110345128317,0.001862083937244371,2.097153e6,0.033425623264520254,(313.0-sqrt_abs(((107000.0+(v1/356000.0))+(801.0*log(((-8180.0+v1)/20800.0))))))
1395.589854001999,0.005104837654066273,23.0,0.0,565.0,-0.9993894993894994,true,0.13347650896799834,0.002109913536408997,6.0,(330.407023968764-sqrt_abs(((v1/339693.048605411)+(841.776176064629*(142.637175910189+log(((-8743.85898201244+v1)/96786.4264089206))))))),-0.9999237467428641,0.0018621165019850712,0.0014270288631135584,0.0018621165019850712,2.097153e6,0.03343420939438812,(330.0-sqrt_abs(((v1/340000.0)+(842.0*(143.0+log(((-8740.0+v1)/96800.0)))))))
1770.1153268814087,0.005130515957467447,23.0,0.0,40.0,-0.9993894993894994,true,0.13414792117078989,0.002014362623064619,6.0,(373.77518157236-sqrt_abs((141136.929470917+(((102.333276330211+v1)/303761.90939816)+(946.351847642653*log((-8593.57004842674+v1))))))),-0.9999236722709894,0.0018639351168462717,0.0014236879609433662,0.0018639351168462717,16385.0,0.03341883503676231,(374.0-sqrt_abs((141000.0+(((102.0+v1)/304000.0)+(946.0*log((-8590.0+v1)))))))
1799.5662949085236,0.18306879729486134,23.0,0.0,0.0,-0.9993894993894994,true,7.327328617590695,0.06001915785469173,6.0,(352.773649173525-sqrt_abs(((119374.932328082+(-697.93916124146/(3.71565541525092e6-v1)))+(1422.35742989096*log((0.288629887792987*v1)))))),-0.8708517541903252,3.153820423643204,0.04315503225708781,3.153820423643204,16385.0,1.1716492123425548,(353.0-sqrt_abs(((119000.0+(-698.0/(3.72e6-v1)))+(1420.0*log((0.289*v1))))))
1795.2223389148712,0.005139988890619222,23.0,0.0,6.0,-0.9993894993894994,true,0.13439561054554972,0.0020081188501822863,5.0,(348.727320350438-sqrt_abs((122907.426999185+((v1/323646.904598483)+((-6.97298679379632/v1)+(295.67685366653*log(pow3(v1)))))))),-0.9999235693289429,0.0018664489777732868,0.0014231419747153756,0.0018664489777732868,1.6777217e7,0.03336315358307974,(349.0-sqrt_abs((123000.0+((v1/324000.0)+((-6.97/v1)+(296.0*log(pow3(v1))))))))
713.0432739257812,0.005121564996855284,23.0,0.0,1620.0,-0.9993894993894994,true,0.13391387984462355,0.0020936629015118145,6.0,(325.521004802712-sqrt_abs(((116149.856527652+(v1/344289.411353451))+(-830.142833505242*log((49577.3411584649/(-7758.31691269495+v1))))))),-0.9999237521292192,0.0018619849663462308,0.0014269973493535996,0.0018619849663462308,2.097153e6,0.033442120509654935,(326.0-sqrt_abs(((116000.0+(v1/344000.0))+(-830.0*log((49600.0/(-7760.0+v1)))))))
1799.6545610427856,0.005186278866935171,23.0,0.0,0.0,-0.9993894993894994,true,0.13560595744736403,0.002017627639382672,6.0,(345.654733031842-sqrt_abs((125277.202600106+((v1/326224.686902579)+(879.15814530695*log(((171.199011976708+v1)/168.837376372438))))))),-0.9999234349216471,0.0018697312250220263,0.0014291869453010818,0.0018697312250220263,2.097153e6,0.03354855872202346,(346.0-sqrt_abs((125000.0+((v1/326000.0)+(879.0*log(((171.0+v1)/169.0)))))))
1799.6804089546204,0.08091960690531669,23.0,0.0,0.0,-0.9993894993894994,true,3.238807268977233,0.04065502993803606,5.0,(41.9317041135988-sqrt_abs(((v1/2.38889193704868e6)+(72.610978380347*(log((0.000429909886857092/pow3(v1)))-(v1/9.98456849147553e7)))))),-0.9601233120886189,0.9737949747106701,0.030267687126883568,0.9737949747106701,5.49755813889e11,0.7746358632531504,(41.9-sqrt_abs(((v1/2.39e6)+(72.6*(log((0.00043/pow3(v1)))-(v1/9.98e7))))))
1799.6817739009857,0.004929064687945145,23.0,0.0,0.0,-0.9993894993894994,true,0.12888056224477396,0.0019845194881731422,6.0,((15286.5679132542+((v1/40743.207615209)+(-3674.34908456719*log((pow2((11211.5791551127/v1))/9.6101029858044e7)))))/-6121.26883704131),-0.9999203648228446,0.0019447035194200208,0.0014669112080892411,0.0019447035194200208,518.0,0.034856903416977655,((15300.0+((v1/40700.0)+(-3670.0*log((pow2((11200.0/v1))/9.61e7)))))/-6120.0)
1714.4941620826721,0.005039294215479197,23.0,0.0,115.0,-1.0,true,0.13176274058568893,0.0017656473814640589,5.0,(-2.32556481605655-((v1/2.49038375724762e8)+(1.2008619371868*(log(v1)+(22.6421366643498/sqrt_abs(pow3((3.71575974390795e6-v1)))))))),-0.9999253041452595,0.0018240844911599848,0.0013581574447842704,0.0018240844911599848,266.0,0.032779876579782326,(-2.33-((v1/2.49e8)+(1.2*(log(v1)+(22.6/sqrt_abs(pow3((3.72e6-v1))))))))
1709.9063589572906,0.005021879535433707,23.0,0.0,121.0,-1.0,true,0.13130739785889034,0.0017663405430148609,5.0,(-2.3252732154895-((v1/2.49038411254943e8)+(1.20090109001884*(log(v1)+pow3((3.33260406199881/sqrt_abs((3.71578590969866e6-v1)))))))),-0.9999254031747369,0.001821666175787026,0.0013641636028496247,0.001821666175787026,521.0,0.03290580625732965,(-2.33-((v1/2.49e8)+(1.2*(log(v1)+pow3((3.33/sqrt_abs((3.72e6-v1))))))))
1799.2091779708862,0.06126808291019897,23.0,0.0,1.0,-0.9993894993894994,true,2.4522550204431894,0.03611760840546571,5.0,(91.2688827488732-(5.84980511140069*(log(v1)+(13103.7113569071/sqrt_abs(((-240906.382929567-(430185.964061723*log(v1)))-v1)))))),-0.9709635418573623,0.7090748631264137,0.02657113642855498,0.7090748631264137,263.0,0.6814401152889715,(91.3-(5.85*(log(v1)+(13100.0/sqrt_abs(((-241000.0-(430000.0*log(v1)))-v1))))))
1799.9471938610077,0.1824315372986968,23.0,0.0,0.0,-0.9981684981684982,true,7.301822286223796,0.060539014699446225,6.0,(377.559329546553-sqrt_abs((36035.7922450811+(1523.43298283703*((log(v1)--65.0594779399248)+(-925.912055249624/(3.71570442798841e6-v1))))))),-0.8714263674491995,3.1397882777153012,0.0430166169054849,3.1397882777153012,2049.0,1.167166302518196,(378.0-sqrt_abs((36000.0+(1520.0*((log(v1)--65.1)+(-926.0/(3.72e6-v1)))))))
1798.5589649677277,0.1822464965542465,23.0,0.0,2.0,-0.9993894993894994,true,7.294416030421246,0.05982558079685293,6.0,(487.339958244552-sqrt_abs((27233.5315002043+(201119.938950763+((-1385.80397439352/(3.69367536879222e6-v1))+(1933.77367258888*log(v1))))))),-0.871569152735301,3.1363014386283337,0.04327185010393936,3.1363014386283337,2049.0,1.1732216706591894,(487.0-sqrt_abs((27200.0+(201000.0+((-1390.0/(3.69e6-v1))+(1930.0*log(v1)))))))
1798.5361678600311,0.0051319762508985995,23.0,0.0,2.0,-0.9993894993894994,true,0.13418610355433813,0.0020049736450895193,5.0,(352.012572824732-sqrt_abs((125223.410390791+((v1/320900.351632435)+((-622.432886958588/pow3(v1))+(895.001194285179*log(v1))))))),-0.9999235753169845,0.001866302748856361,0.0014219161245445486,0.001866302748856361,16385.0,0.033324389302252816,(352.0-sqrt_abs((125000.0+((v1/321000.0)+((-622.0/pow3(v1))+(895.0*log(v1)))))))
1239.0278389453888,0.0051060229622968325,23.0,0.0,801.0,-0.9993894993894994,true,0.13350750129633226,0.002111816138906563,6.0,(327.275981222958-sqrt_abs(((v1/342615.03506157)+(834.263590118724*(141.329873961199+log(((-8729.06235903516+v1)/96553.8752407638))))))),-0.999923747590873,0.0018620957934754037,0.0014268241493023697,0.0018620957934754037,2.097153e6,0.03342649152793658,(327.0-sqrt_abs(((v1/343000.0)+(834.0*(141.0+log(((-8730.0+v1)/96600.0)))))))
873.1122300624847,0.005156507437007349,23.0,0.0,1357.0,-0.9993894993894994,true,0.13482752200964043,0.0020337881289410114,6.0,(323.019062776385-sqrt_abs(((105419.235715288+((2.56125152758389e6+(v1/14.3975592406323))/24063.8330747263))+(824.867493179061*log(v1))))),-0.9999237324665696,0.0018624651313342096,0.0014247191927003694,0.0018624651313342096,2049.0,0.03341238647225156,(323.0-sqrt_abs(((105000.0+((2.56e6+(v1/14.4))/24100.0))+(825.0*log(v1)))))
1760.2353870868683,0.00720372866878387,23.0,0.0,54.0,-1.0,true,0.18835634341790453,0.002988424220843684,5.0,(15.8395186569193-sqrt_abs(((v1/2.38026932937642e6)+((-32.6551371249834/(3.71568941816592e6-v1))+(29.1017562583158*log(pow3(v1))))))),-0.999799993399768,0.004884192555001597,0.002038683926740779,0.004884192555001597,1.6777217e7,0.053147244335454605,(15.8-sqrt_abs(((v1/2.38e6)+((-32.7/(3.72e6-v1))+(29.1*log(pow3(v1)))))))
1799.9757959842682,0.07292054343012609,23.0,0.0,0.0,-0.9993894993894994,true,1.633089344460302,0.055361541451153407,6.0,(375.61839985738-sqrt_abs(((v1/207077.749378578)+(342.700999286713*(458.389431848735+log(((v1/320733.251614546)+-3.30053469760456))))))),-0.9489740162227732,1.246062528872919,0.04243252620032886,1.246062528872919,2.097153e6,1.0330799557149246,(376.0-sqrt_abs(((v1/207000.0)+(343.0*(458.0+log(((v1/321000.0)+-3.3)))))))
1800.012678861618,0.007130092069063138,23.0,0.0,0.0,-0.9993894993894994,true,0.18643096264596792,0.002992296238321827,4.0,(15.8380544490791-sqrt_abs(((v1/2.38026971300369e6)+((-32.2717829410318/(log(v1)-v1))+(29.102429997007*log(pow3(v1))))))),-0.9997974401052502,0.004946544407690706,0.002106533412166791,0.004946544407690706,1.34217729e8,0.05450753797418989,(15.8-sqrt_abs(((v1/2.38e6)+((-32.3/(log(v1)-v1))+(29.1*log(pow3(v1)))))))
1800.0383388996124,0.16493397973762422,23.0,0.0,0.0,-1.0,true,6.601482544281403,0.05129943179188083,6.0,(-0.0314425723758315*((66123.1012989001/(3.74913336690935e6-v1))+(22.8852597622506*(-18.8963267824755+log(pow3((1.87028668008537e6+v1))))))),-0.8954462479924507,2.55321902657414,0.039952481676896405,2.55321902657414,263.0,1.0822507428198735,(-0.0314*((66100.0/(3.75e6-v1))+(22.9*(-18.9+log(pow3((1.87e6+v1)))))))
1594.6084859371185,0.0048795029343313675,24.0,0.0,278.0,-0.9993894993894994,true,0.1275846679776116,0.0018290763030023426,6.0,((3517.22928835767+((v1/163530.316612916)+((0.0779880028772882/(6.24819015748775e6-v1))+(1829.95715191824*log(v1)))))/-1522.5723207873),-0.9999268643750316,0.0017859834353544744,0.0013532905618560745,0.0017859834353544744,14.0,0.03266948302895111,((3520.0+((v1/164000.0)+((0.078/(6.25e6-v1))+(1830.0*log(v1)))))/-1520.0)
1740.3509030342102,0.004862680428448988,24.0,0.0,80.0,-0.9993894993894994,true,0.1271448088656406,0.0018331616882228496,6.0,((((v1/253094.359497923)+((-0.0637902332652302/(6.24819015571554e6-v1))+(1181.68378777092*log(v1))))/-983.200784667571)-2.31025458157506),-0.9999265668399797,0.001793249287998687,0.0013560866692460874,0.001793249287998687,14.0,0.032792452558560906,((((v1/253000.0)+((-0.0638/(6.25e6-v1))+(1180.0*log(v1))))/-983.0)-2.31)
1798.7156879901886,0.005208033127906445,24.0,0.0,1.0,-0.9993894993894994,true,0.13617476746766144,0.0020098190627839607,5.0,(318.658994584538-sqrt_abs(((102720.521399665+((v1+log(pow3(v1)))/350940.974478252))+(813.693278855161*log((-7560.80046903644+v1)))))),-0.999923556387166,0.0018667650179944567,0.0014268613551304276,0.0018667650179944567,5.36870913e8,0.03350204302400336,(319.0-sqrt_abs(((103000.0+((v1+log(pow3(v1)))/351000.0))+(814.0*log((-7560.0+v1))))))
1796.4869239330292,0.00517261070381771,24.0,0.0,4.0,-0.9993894993894994,true,0.13524857513267463,0.0020188040790298863,4.0,(334.647177835014-sqrt_abs(((113224.66749884+(v1/335931.807072512))+(log(v1)+(851.936348014457*log((v1+(v1/v1)))))))),-0.9999235122929265,0.0018678418062398696,0.0014269665501888931,0.0018678418062398696,1.742245718635205e41,0.033487214546257575,(335.0-sqrt_abs(((113000.0+(v1/336000.0))+(log(v1)+(852.0*log((v1+(v1/v1))))))))
1787.117714881897,0.004981370106250683,24.0,0.0,17.0,-1.0,true,0.1302481952839898,0.0017831397168671876,5.0,(0.400400815368064*(log((0.00303313955005144/pow3((v1+(-424.435662859877/((3.70581284555096e6-v1)/v1))))))-(v1/9.98446382135078e7))),-0.999925292482676,0.0018243692932784707,0.0013683684969331116,0.0018243692932784707,1.7976931348623157e308,0.03286032297369122,(0.4*(log((0.00303/pow3((v1+(-424.0/((3.71e6-v1)/v1))))))-(v1/9.98e7)))
1715.8179860115051,0.004976820969417006,24.0,0.0,113.0,-1.0,true,0.13012924871907927,0.0017901836422645335,5.0,(0.400543297453101*(log((0.0248241663269223/pow3((v1+(v1+(9.81421739635464/(3.71569997430683e6-v1)))))))-(v1/9.98462979112047e7))),-0.9999254636926933,0.0018201883177961604,0.0013513382562030428,0.0018201883177961604,2.315841784746324e77,0.032557931783076526,(0.401*(log((0.0248/pow3((v1+(v1+(9.81/(3.72e6-v1)))))))-(v1/9.98e7)))
1258.7357878684998,0.004855156754169805,24.0,0.0,771.0,-1.0,true,0.1269480868843651,0.0018489288986184634,6.0,(((3573.3779705133+(v1/160675.35965355))+((-0.0807047669412166/(3.71569997341825e6-v1))+(1864.59616403525*log(v1))))/-1550.90139556459),-0.9999260361383614,0.001806209104777788,0.00135527838324153,0.001806209104777788,14.0,0.032702749803774155,(((3570.0+(v1/161000.0))+((-0.0807/(3.72e6-v1))+(1860.0*log(v1))))/-1550.0)
1756.1795990467072,0.00484754600720402,24.0,0.0,59.0,-0.9993894993894994,true,0.1267490882081148,0.00197152401201717,6.0,((-10094.2730785088-((v1/57474.1525275309)+(5202.71130897004*(log(v1)+(-6578.72311848814/(3.4690535828864e6-v1))))))/4332.39276580643),-0.9999278011972073,0.0017631060908546664,0.001304076922486414,0.0017631060908546664,14.0,0.03172486551950305,((-10100.0-((v1/57500.0)+(5200.0*(log(v1)+(-6580.0/(3.47e6-v1))))))/4330.0)
1797.5888230800629,0.005158607606741081,24.0,0.0,3.0,-0.9993894993894994,true,0.13488243527883625,0.0020046400070832977,5.0,(345.918112644267-sqrt_abs(((120944.481589901+(v1/325901.81651698))+((-0.919364997303438/(v1+v1))+(880.17356439433*log(v1)))))),-0.9999235877554096,0.001865999000566461,0.0014226350748789357,0.001865999000566461,16385.0,0.033358540030915436,(346.0-sqrt_abs(((121000.0+(v1/326000.0))+((-0.919/(v1+v1))+(880.0*log(v1))))))
1789.5463950634003,0.005100141364017205,24.0,0.0,14.0,-0.9993894993894994,true,0.13335371477877445,0.0020267458630038077,5.0,(338.463813292344-sqrt_abs(((v1/332556.754914726)+(431.379963316685*((log((v1*v1))--268.441638916131)+(-1522.60104505007/v1)))))),-0.9999235727358297,0.0018663657810633126,0.0014187142161717853,0.0018663657810633126,1.099511627777e12,0.033235452653299385,(338.0-sqrt_abs(((v1/333000.0)+(431.0*((log((v1*v1))--268.0)+(-1520.0/v1))))))
1794.6640849113464,0.005195122904686181,24.0,0.0,7.0,-0.9993894993894994,true,0.13583720305480185,0.0020264333692971287,5.0,(323.409107068385-sqrt_abs(((105779.79064568+(v1/346423.880309348))+(825.786825911927*(log(v1)+((v1/343779.090654947)/v1)))))),-0.9999234439253756,0.001869511352560752,0.0014290813467122134,0.001869511352560752,65537.0,0.0335560908862636,(323.0-sqrt_abs(((106000.0+(v1/346000.0))+(826.0*(log(v1)+((v1/344000.0)/v1))))))
1380.9604959487915,0.005048268291089886,24.0,0.0,587.0,-1.0,true,0.13199738630116542,0.0017527195977069076,6.0,(-8.13631726532413-((v1/2.49035858402111e8)+(1.20067109799783*(log((v1/126.059890304712))+(-130.847032581086/(3.71294914903458e6-v1)))))),-0.999925298447708,0.0018242236262618926,0.0013616150467939282,0.0018242236262618926,17.0,0.03284679207819489,(-8.14-((v1/2.49e8)+(1.2*(log((v1/126.0))+(-131.0/(3.71e6-v1))))))
1797.065878868103,0.005131878051056316,24.0,0.0,4.0,-0.9993894993894994,true,0.13418353591692878,0.0020498365985492503,5.0,(328.599904262778-sqrt_abs(((v1/341507.49624568)+(838.262073073597*(141.352462406633+log(((v1+(v1/v1))/65881.3634003109))))))),-0.9999236316845194,0.0018649262448131461,0.0014294253702174433,0.0018649262448131461,3.7053468555941183e78,0.03352199539601854,(329.0-sqrt_abs(((v1/342000.0)+(838.0*(141.0+log(((v1+(v1/v1))/65900.0)))))))
1380.9604959487915,0.005048268291089886,24.0,0.0,587.0,-1.0,true,0.13199738630116542,0.0017527195977069076,6.0,(-8.13631726532413-((v1/2.49035858402111e8)+(1.20067109799783*(log((v1/126.059890304712))+(-130.847032581086/(3.71294914903458e6-v1)))))),-0.999925298447708,0.0018242236262618926,0.0013616150467939282,0.0018242236262618926,17.0,0.03284679207819489,(-8.14-((v1/2.49e8)+(1.2*(log((v1/126.0))+(-131.0/(3.71e6-v1))))))
1797.0727698802948,0.005201079639533513,24.0,0.0,4.0,-0.9993894993894994,true,0.13599295417288815,0.001989991373444027,6.0,(383.782896951366-sqrt_abs(((v1/296457.089420677)+(323.091032796556*(460.029942788868+log((pow3((-10286.1269495916+v1))/0.622933528516941))))))),-0.9999233585983898,0.0018715950509408043,0.0014299436234115213,0.0018715950509408043,4.290498537581631e155,0.03358147029578723,(384.0-sqrt_abs(((v1/296000.0)+(323.0*(460.0+log((pow3((-10300.0+v1))/0.623)))))))
1445.1216039657593,0.004904432970571513,24.0,0.0,493.0,-1.0,true,0.12823651519221002,0.0018384968671470883,6.0,(((v1/203264.916419287)+(2829.37077019365+((-96.7225120314957/(3.71569865758868e6-v1))+(1476.36357528755*log(v1)))))/-1227.98461284335),-0.9999251885836984,0.00182690652261373,0.0013477180153598292,0.00182690652261373,14.0,0.032359640040483605,(((v1/203000.0)+(2830.0+((-96.7/(3.72e6-v1))+(1480.0*log(v1)))))/-1230.0)
1633.8603188991547,0.005261946697808879,25.0,0.0,224.0,-0.9993894993894994,true,0.13758444894711985,0.0017887117145915675,6.0,(334.6502777409-sqrt_abs(((113219.874699772+(v1/335834.603307801))+((0.190818972246787/(6.24819016094515e6-v1))+(853.207685720773*log(v1)))))),-0.9999287950966722,0.0017388349099972658,0.0013080130461634,0.0017388349099972658,8193.0,0.03094122918080681,(335.0-sqrt_abs(((113000.0+(v1/336000.0))+((0.191/(6.25e6-v1))+(853.0*log(v1))))))
1466.1979520320892,0.005204116778463904,25.0,0.0,461.0,-0.9993894993894994,true,0.1360723664341883,0.0017512869461662024,6.0,(352.223495723243-sqrt_abs((125363.478402095+((v1/320742.397273943)+((0.0473940749691498/(6.24819015769334e6-v1))+(895.92995412247*log(v1))))))),-0.9999288857120892,0.0017366220672993737,0.0013045782208161898,0.0017366220672993737,8193.0,0.030868796924705347,(352.0-sqrt_abs((125000.0+((v1/321000.0)+((0.0474/(6.25e6-v1))+(896.0*log(v1)))))))
1720.9966418743134,0.005221382474510573,25.0,0.0,106.0,-1.0,true,0.1365238136670648,0.0017927228514300164,6.0,(329.938527194067-sqrt_abs(((110062.033042134+((v1/340281.704590956)+(8.70508119102589/(3.71570018978902e6-v1))))+(842.183174306344*log(v1))))),-0.9999278544710937,0.0017618051341903957,0.0013163383575167274,0.0017618051341903957,8193.0,0.031220418152402004,(330.0-sqrt_abs(((110000.0+((v1/340000.0)+(8.71/(3.72e6-v1))))+(842.0*log(v1)))))
1799.4573709964752,0.005182926428898672,25.0,0.0,0.0,-0.9993894993894994,true,0.13551830104064422,0.0020134622847804455,6.0,(356.809161618725-sqrt_abs((128656.478883768+((v1/316947.421172736)+(905.895379181716*log((v1+(-115.332032938482/(6.24504596641471e6-v1))))))))),-0.9999234364207185,0.0018696946174659372,0.001428778097912703,0.0018696946174659372,5.902958103587057e20,0.0335296259512103,(357.0-sqrt_abs((129000.0+((v1/317000.0)+(906.0*log((v1+(-115.0/(6.25e6-v1)))))))))
1686.9076519012451,0.0052028107508680175,25.0,0.0,152.0,-1.0,true,0.13603821764906954,0.001766314326211723,6.0,(348.95112812942-sqrt_abs((123055.143113255+((v1/323437.713383327)+((-902.615441507825/(3.7156790495677e6-v1))+(887.9977819809*log(v1))))))),-0.999927935370553,0.001759829556702551,0.001310894804314867,0.001759829556702551,8193.0,0.031048955261111486,(349.0-sqrt_abs((123000.0+((v1/323000.0)+((-903.0/(3.72e6-v1))+(888.0*log(v1)))))))
1267.4601140022278,0.0052182642399354745,25.0,0.0,758.0,-1.0,true,0.13644228099287758,0.0017509596109946783,6.0,(345.924134616652-sqrt_abs(((120938.576893057+(v1/325880.478932838))+((-1.17406002552058/(3.71569994697087e6-v1))+(880.654949692668*log(v1)))))),-0.9999279343209657,0.0017598551877884517,0.0013107910814194482,0.0017598551877884517,8193.0,0.03107421467328498,(346.0-sqrt_abs(((121000.0+(v1/326000.0))+((-1.17/(3.72e6-v1))+(881.0*log(v1))))))
1681.6428520679474,0.005206723618667621,25.0,0.0,159.0,-1.0,true,0.13614052764780737,0.0017918138498159175,6.0,(348.679045653233-sqrt_abs((122866.199441114+((v1/323733.684826259)+(887.235041105607*log((v1+(-53.4898035853064/(3.71569997398855e6-v1))))))))),-0.9999278619505163,0.0017616224855178848,0.001317247583956753,0.0017616224855178848,5.902958103587057e20,0.03125040290224543,(349.0-sqrt_abs((123000.0+((v1/324000.0)+(887.0*log((v1+(-53.5/(3.72e6-v1)))))))))
1791.6036739349365,0.00512695919222042,25.0,0.0,11.0,-0.9993894993894994,true,0.13405492220773496,0.002009294108947244,5.0,(348.675703285967-sqrt_abs((122869.267887416+((v1/323740.149677546)+(887.025491413958*log((v1+(-53.1965083084998/(pow3(v1)-v1))))))))),-0.9999235573686589,0.0018667410497833726,0.001424026328814735,0.0018667410497833726,4.290498537581631e155,0.033401911247913765,(349.0-sqrt_abs((123000.0+((v1/324000.0)+(887.0*log((v1+(-53.2/(pow3(v1)-v1)))))))))
1799.7362339496613,0.1829130362464647,25.0,0.0,0.0,-0.9993894993894994,true,7.32109428162363,0.05983906155452587,5.0,(382.354374630454-sqrt_abs((137741.010368943+(1536.52408779448*log((v1+(v1+(279.24243405292/(pow3((897752.304872273+v1))-v1))))))))),-0.8711170891402038,3.1473409025410217,0.04334053029509454,3.1473409025410217,1.7976931348623157e308,1.174440800237624,(382.0-sqrt_abs((138000.0+(1540.0*log((v1+(v1+(279.0/(pow3((898000.0+v1))-v1)))))))))
1799.7512428760529,0.22872598437672195,25.0,0.0,0.0,-0.9993894993894994,true,9.15475753200461,0.052950670742010555,4.0,(-0.47242961477847*log(pow3((v1+(245.409254510453/((v1+(v1+(1.02208685869618/((904156.806204459+v1)-v1))))-v1)))))),-0.8119445011331611,4.592344784757564,0.050811497693154954,4.592344784757564,1.7976931348623157e308,1.3659633448074315,(-0.472*log(pow3((v1+(245.0/((v1+(v1+(1.02/((904000.0+v1)-v1))))-v1))))))
1799.7653539180756,0.1827195314189691,25.0,0.0,0.0,-0.9993894993894994,true,7.31334925089692,0.05977202265570178,6.0,(402.965554313508-sqrt_abs((154648.467654341+((261.474574565945/(3.63645222011257e6-v1))+(1614.51939984583*log((v1+(1.88825691848771e6/v1)))))))),-0.8712187841463352,3.144857494537226,0.043322818648745945,3.144857494537226,2.74877906945e11,1.1742083690602498,(403.0-sqrt_abs((155000.0+((261.0/(3.64e6-v1))+(1610.0*log((v1+(1.89e6/v1))))))))
1785.1128559112549,0.00520914562034574,25.0,0.0,20.0,-1.0,true,0.13620385587695338,0.0016867455225478673,6.0,(354.968059209472-sqrt_abs((127317.971882338+((v1/318543.722891698)+(902.478440958753*(log(v1)+(-1099.65219607247/(3.71570349336414e6-v1)))))))),-0.9999281211759148,0.0017552921606184815,0.0013115864128828375,0.0017552921606184815,8193.0,0.031140709497263,(355.0-sqrt_abs((127000.0+((v1/319000.0)+(902.0*(log(v1)+(-1100.0/(3.72e6-v1))))))))
1267.4601140022278,0.0052182642399354745,25.0,0.0,758.0,-1.0,true,0.13644228099287758,0.0017509596109946783,6.0,(345.924134616652-sqrt_abs(((120938.576893057+(v1/325880.478932838))+((-1.17406002552058/(3.71569994697087e6-v1))+(880.654949692668*log(v1)))))),-0.9999279343209657,0.0017598551877884517,0.0013107910814194482,0.0017598551877884517,8193.0,0.03107421467328498,(346.0-sqrt_abs(((121000.0+(v1/326000.0))+((-1.17/(3.72e6-v1))+(881.0*log(v1))))))
1794.7185130119324,0.0052269726482564805,25.0,0.0,7.0,-0.9993894993894994,true,0.13666998028913824,0.0019541406246561823,6.0,(323.401043605776-sqrt_abs(((105779.055813169+(v1/346307.674853425))+(825.488387352016*(log(v1)+(-6268.31628264065/(3.4583952409817e6-v1))))))),-0.9999298740489856,0.0017124867252377876,0.0012513550784197048,0.0017124867252377876,8193.0,0.029885755348061593,(323.0-sqrt_abs(((106000.0+(v1/346000.0))+(825.0*(log(v1)+(-6270.0/(3.46e6-v1)))))))
1787.2447888851166,0.005264755409311546,25.0,0.0,17.0,-0.9993894993894994,true,0.13765788850220062,0.00168932456415138,6.0,(282.837795024696-sqrt_abs(((v1/390455.610666182)+(729.078725472118*((log(v1)--111.071696826438)+(-2584.17280675525/(3.65786961918992e6-v1))))))),-0.9999285793096522,0.0017441044628778558,0.0012966211621478704,0.0017441044628778558,8193.0,0.03078027556179879,(283.0-sqrt_abs(((v1/390000.0)+(729.0*((log(v1)--111.0)+(-2580.0/(3.66e6-v1)))))))
1799.8314499855042,0.17917593710535346,25.0,0.0,0.0,-0.9993894993894994,true,7.17151688838095,0.059768817485801054,5.0,(-0.0511796785616951*((66098.9597655064/(((31319.1622150232/v1)/v1)-v1))+(37.2598437348915*(-5.24602368567898+log((v1+v1)))))),-0.8736641666351489,3.0851408705251178,0.043920097814231916,3.0851408705251178,29.0,1.1838862784073096,(-0.0512*((66100.0/(((31300.0/v1)/v1)-v1))+(37.3*(-5.25+log((v1+v1))))))
1451.9107840061188,0.005208785985068014,25.0,0.0,483.0,-1.0,true,0.13619445247088535,0.0017920150238755496,6.0,(344.498644115573-sqrt_abs(((v1/327289.263671257)+(119948.995940063+((-126.757453989999/(3.71569696523921e6-v1))+(877.194483985319*log(v1))))))),-0.9999278611272355,0.0017616425901627944,0.001317181072510722,0.0017616425901627944,8193.0,0.031249294846691943,(344.0-sqrt_abs(((v1/327000.0)+(120000.0+((-127.0/(3.72e6-v1))+(877.0*log(v1)))))))
1673.9877660274506,0.005313778329078519,25.0,0.0,170.0,-1.0,true,0.13893969384711724,0.0017996390825718639,6.0,(242.203257959528-sqrt_abs((((v1/447354.377493004)+((546.876156892792/(3.71571824381886e6-v1))+(631.288013002701*log(v1))))--59459.6763907389))),-0.9999274665831215,0.0017712774193238705,0.0013111989252048526,0.0017712774193238705,8193.0,0.031051149018765836,(242.0-sqrt_abs((((v1/447000.0)+((547.0/(3.72e6-v1))+(631.0*log(v1))))--59500.0)))
1745.9821560382843,0.005198270433563633,25.0,0.0,73.0,-1.0,true,0.1359195016889423,0.0017913234799718444,6.0,(358.160961481333-sqrt_abs((129611.954146516+(((v1/315967.232164617)+(-1215.23514176166/(3.71567220069107e6-v1)))+(910.043312777056*log(v1)))))),-0.9999278601091922,0.0017616674509413144,0.0013178579779794491,0.0017616674509413144,8193.0,0.031272405608027146,(358.0-sqrt_abs((130000.0+(((v1/316000.0)+(-1220.0/(3.72e6-v1)))+(910.0*log(v1))))))
1772.8317589759827,0.005255014702642829,25.0,0.0,37.0,-0.9993894993894994,true,0.13740319763656927,0.0017670906990412281,6.0,(352.012739734849-sqrt_abs((125221.944854244+((v1/320733.761524852)+((-13.9649680925789/(6.24818986324743e6-v1))+(894.94073234966*log(v1))))))),-0.9999288498354556,0.0017374981803191612,0.0013070424243509214,0.0017374981803191612,8193.0,0.03093565244592953,(352.0-sqrt_abs((125000.0+((v1/321000.0)+((-14.0/(6.25e6-v1))+(895.0*log(v1)))))))
1800.0012528896332,0.005121400179470108,25.0,0.0,0.0,-0.9993894993894994,true,0.1339095703541595,0.0020076150217148495,6.0,(358.157212405462-sqrt_abs((129615.440282372+(((v1/315973.290060292)+(-1213.56769686432/(3.6561966786714e6+v1)))+(909.791188655262*log(v1)))))),-0.9999235424820259,0.00186710458369833,0.001425236517039675,0.00186710458369833,8193.0,0.033441509170818,(358.0-sqrt_abs((130000.0+(((v1/316000.0)+(-1210.0/(3.66e6+v1)))+(910.0*log(v1))))))
1800.0675480365753,0.18257078570316057,25.0,0.0,0.0,-0.9993894993894994,true,7.307395703616919,0.05998285435593051,6.0,(392.998895084914-sqrt_abs((146889.482896532+((5313.06451290205/(6.12771078071419e6-v1))+(1576.82153868537*log((v1+(6.12829637539168e6/v1)))))))),-0.8711320395905447,3.146975810198248,0.04332012644773192,3.146975810198248,2.74877906945e11,1.1746509362886737,(393.0-sqrt_abs((147000.0+((5310.0/(6.13e6-v1))+(1580.0*log((v1+(6.13e6/v1))))))))
1786.9290120601654,0.005146903185964787,26.0,0.0,17.0,-0.9993894993894994,true,0.13457639905778862,0.00200584287041903,6.0,(352.281386563176-sqrt_abs((125414.555247493+((v1/320626.311034426)+((1.85746494603755+(39061.2644494287/v1))+(298.499627175932*log(pow3(v1)))))))),-0.999923583201994,0.0018661101956876217,0.0014229275182937354,0.0018661101956876217,3.3554433e7,0.033357399978742534,(352.0-sqrt_abs((125000.0+((v1/321000.0)+((1.86+(39100.0/v1))+(298.0*log(pow3(v1))))))))
1682.98766207695,0.005219785297460107,26.0,0.0,157.0,-1.0,true,0.13648205217897313,0.0017926161933846415,6.0,(331.734075072845-sqrt_abs(((111258.370064673+((v1/338623.92897035)+(3.1486215864281/(3.71570005181456e6-v1))))+(282.16691181582*log(pow3(v1)))))),-0.9999278558154194,0.001761772305545775,0.0013164355674865414,0.001761772305545775,3.3554433e7,0.031223850122265268,(332.0-sqrt_abs(((111000.0+((v1/339000.0)+(3.15/(3.72e6-v1))))+(282.0*log(pow3(v1))))))
1640.6466989517212,0.005246120482225378,26.0,0.0,215.0,-0.9993894993894994,true,0.13717063989981781,0.0017880227969813327,6.0,(352.282547166365-sqrt_abs((125413.387234683+((v1/320622.217380336)+((-0.158824668848371/(6.24819015334638e6-v1))+(298.533401797659*log(pow3(v1)))))))),-0.9999287991399198,0.00173873617325602,0.0013091704507243165,0.00173873617325602,3.3554433e7,0.030981304079645083,(352.0-sqrt_abs((125000.0+((v1/321000.0)+((-0.159/(6.25e6-v1))+(299.0*log(pow3(v1))))))))
1791.4237458705902,0.005127496379980984,26.0,0.0,11.0,-0.9993894993894994,true,0.13406896808966096,0.002015763332696736,5.0,(335.095577114344-sqrt_abs(((112926.379374551+(v1/335564.843751815))+((-0.349215709001113/(v1+v1))+(854.501032566771*log((v1+v1))))))),-0.9999235669974951,0.0018665059120934054,0.0014214903567804078,0.0018665059120934054,6.7108865e7,0.03332192171409655,(335.0-sqrt_abs(((113000.0+(v1/336000.0))+((-0.349/(v1+v1))+(855.0*log((v1+v1)))))))
1799.4908978939056,0.0051372578691644515,26.0,0.0,0.0,-0.9993894993894994,true,0.13432420235700349,0.002010612075630842,5.0,(334.650561902277-sqrt_abs(((113219.360582688+(v1/335895.916779441))+((4.17027856752761/v1)+(853.374134267603*log((v1+(v1/v1)))))))),-0.9999235803992108,0.0018661786400931035,0.0014195880445210182,0.0018661786400931035,8.711228593176025e40,0.033254401217014354,(335.0-sqrt_abs(((113000.0+(v1/336000.0))+((4.17/v1)+(853.0*log((v1+(v1/v1))))))))
1798.192659854889,0.005158653164890019,26.0,0.0,2.0,-0.9993894993894994,true,0.13488362649060193,0.0020045898706804984,5.0,(345.918104979409-sqrt_abs(((120944.472776652+(v1/325901.224375782))+((((3.70762276439509e6-v1)/v1)/v1)+(880.173624515555*log(v1)))))),-0.9999235876656988,0.0018660011913175466,0.0014226371662962815,0.0018660011913175466,1.6777217e7,0.033358780909488225,(346.0-sqrt_abs(((121000.0+(v1/326000.0))+((((3.71e6-v1)/v1)/v1)+(880.0*log(v1))))))
1407.8006370067596,0.005217151738469778,26.0,0.0,547.0,-1.0,true,0.13641319234757177,0.0017911010278768662,6.0,(348.730966395096-sqrt_abs((122904.009107844+((v1/323637.983810278)+((-7.15461850320332/(3.71569980629768e6-v1))+(295.757598040486*log(pow3(v1)))))))),-0.9999278651900325,0.0017615433760221147,0.001315853547840763,0.0017615433760221147,3.3554433e7,0.031194134052068674,(349.0-sqrt_abs((123000.0+((v1/324000.0)+((-7.15/(3.72e6-v1))+(296.0*log(pow3(v1))))))))
1690.0606050491333,0.005221647697795263,26.0,0.0,148.0,-1.0,true,0.1365307484768543,0.0017327529192316246,6.0,(335.114839467594-sqrt_abs((113527.161753804+((v1/335546.697842588)+(284.896788345458*(log(pow3(v1))+(-1878.9987323483/(3.71570209036173e6-v1)))))))),-0.9999280604635046,0.0017567747672013407,0.0013131564550775395,0.0017567747672013407,3.3554433e7,0.031158690304005598,(335.0-sqrt_abs((114000.0+((v1/336000.0)+(285.0*(log(pow3(v1))+(-1880.0/(3.72e6-v1))))))))
1799.0552299022675,0.005195125377120073,26.0,0.0,1.0,-0.9993894993894994,true,0.13583726770168525,0.0020264345118557207,5.0,(323.409110043927-sqrt_abs(((105779.790773891+(v1/346423.883194812))+(825.786800158016*(log(v1)+(((v1+v1)/343778.961444851)/v1)))))),-0.999923443903925,0.0018695118763875098,0.001429082150313699,0.0018695118763875098,1.048577e6,0.03355611734193181,(323.0-sqrt_abs(((106000.0+(v1/346000.0))+(826.0*(log(v1)+(((v1+v1)/344000.0)/v1))))))
1799.7928059101105,0.0052394205975956985,26.0,0.0,0.0,-0.9993894993894994,true,0.1369954575979584,0.0016523066039608105,6.0,(322.087334224273-sqrt_abs(((104907.429539321+(v1/347692.070617079))+(274.417155234463*(log(pow3(v1))+(-5615.86552142979/(3.67107030146455e6-v1))))))),-0.9999284423452948,0.0017474491539736048,0.001313943077241413,0.0017474491539736048,3.3554433e7,0.031156188292508585,(322.0-sqrt_abs(((105000.0+(v1/348000.0))+(274.0*(log(pow3(v1))+(-5620.0/(3.67e6-v1)))))))
1641.9146509170532,0.0052472315134812,26.0,0.0,214.0,-0.9993894993894994,true,0.13719969010345423,0.0017880433531222133,6.0,(352.037990630218-sqrt_abs((125240.135564756+((v1/320819.613698052)+((-1.95959471253101/(6.24819011523825e6-v1))+(298.33482081155*log(pow3(v1)))))))),-0.9999287990579642,0.001738738174626436,0.0013090507096331816,0.001738738174626436,3.3554433e7,0.030976509417297602,(352.0-sqrt_abs((125000.0+((v1/321000.0)+((-1.96/(6.25e6-v1))+(298.0*log(pow3(v1))))))))
1593.039673089981,0.005216547722541598,26.0,0.0,281.0,-0.9993894993894994,true,0.1363973991053733,0.001761268687702911,6.0,(352.016886771819-sqrt_abs((125219.321003218+((v1/320889.364193077)+((-622.614875722636/pow3((6.24818780281403e6-v1)))+(895.297752288491*log(v1))))))),-0.9999288738431389,0.0017369119089272736,0.0013057071599812643,0.0017369119089272736,262145.0,0.030894679580001666,(352.0-sqrt_abs((125000.0+((v1/321000.0)+((-623.0/pow3((6.25e6-v1)))+(895.0*log(v1)))))))
1798.7691600322723,0.005198318958385408,27.0,0.0,1.0,-0.9993894993894994,true,0.1359207704704879,0.002019107947714632,6.0,(338.971589419957-sqrt_abs(((116162.539027654+((v1+v1)/663976.723150175))+((-33.4950546930467/(8037.18298630185-v1))+(863.039584425062*log(v1)))))),-0.9999234535326814,0.0018692767406458446,0.0014275952967324629,0.0018692767406458446,32769.0,0.03349085608151107,(339.0-sqrt_abs(((116000.0+((v1+v1)/664000.0))+((-33.5/(8040.0-v1))+(863.0*log(v1))))))
1659.0846719741821,0.005220621153043489,27.0,0.0,190.0,-1.0,true,0.13650390734711593,0.0017922146897549158,6.0,(330.241988315686-sqrt_abs(((110263.677583903+((v1/340001.154005748)+(0.29995907916943/(3.71569998169798e6-v1))))+(421.459137816749*log((v1*v1)))))),-0.9999278563499938,0.001761759251154923,0.0013162767357167815,0.001761759251154923,2.199023255553e12,0.031219078334397972,(330.0-sqrt_abs(((110000.0+((v1/340000.0)+(0.3/(3.72e6-v1))))+(421.0*log((v1*v1))))))
1769.3807549476624,0.005243538894385487,27.0,0.0,41.0,-0.9993894993894994,true,0.13710313896133286,0.0017866529057897363,6.0,(352.621683235384-sqrt_abs((125032.253695032+((v1/320348.622333289)+((-41.1489777468853/(6.24818928659754e6-v1))+(896.439044058924*log((v1+v1)))))))),-0.99992880495206,0.001738594239878616,0.0013092442939470503,0.001738594239878616,3.3554433e7,0.030983853674370124,(353.0-sqrt_abs((125000.0+((v1/320000.0)+((-41.1/(6.25e6-v1))+(896.0*log((v1+v1))))))))
1764.1534099578857,0.005216866633338647,27.0,0.0,48.0,-1.0,true,0.13640573768590158,0.0017924414827335594,6.0,(335.097731938026-sqrt_abs(((112924.509829185+(v1/335561.338654285))+((-0.422125819961187/(3.71569996398865e6-v1))+(854.588630114585*log((v1+v1))))))),-0.9999278578774288,0.00176172195095465,0.0013166207770022118,0.00176172195095465,3.3554433e7,0.03123027563661809,(335.0-sqrt_abs(((113000.0+(v1/336000.0))+((-0.422/(3.72e6-v1))+(855.0*log((v1+v1)))))))
1768.607498884201,0.0052044854022284355,27.0,0.0,42.0,-1.0,true,0.1360820048627822,0.001795411898879907,6.0,(348.451064928064-sqrt_abs((122706.10635842+((v1/323933.237622986)+((21440.409554201/(3.71620723121616e6-v1))+(443.347949205676*log((v1*v1)))))))),-0.9999278534508269,0.0017618300492666802,0.0013183746424298203,0.0017618300492666802,2.199023255553e12,0.03127733571775732,(348.0-sqrt_abs((123000.0+((v1/324000.0)+((21400.0/(3.72e6-v1))+(443.0*log((v1*v1))))))))
1796.4944908618927,0.1883869950476417,27.0,0.0,4.0,-0.9993894993894994,true,7.540189482816075,0.0544035494745064,4.0,(0.611417902140858*(log((547777.039523265/pow3((321032.619836838+v1))))-exp((8029.80962292047/((log((v1+v1))-(v1+v1))-v1))))),-0.8746029153939431,3.0622164785630464,0.036484555364631945,3.0622164785630464,8.389121e6,1.034944099780713,(0.611*(log((548000.0/pow3((321000.0+v1))))-exp((8030.0/((log((v1+v1))-(v1+v1))-v1)))))
1799.4792420864105,0.005138139480990625,27.0,0.0,0.0,-0.9993894993894994,true,0.13434725391648428,0.0020101604072040686,6.0,(334.650458486391-sqrt_abs(((113219.442744014+(v1/335894.993100055))+((3.16456028476535/v1)+(853.36496441655*log((v1+(6.16711240857823e6/v1)))))))),-0.9999235809202817,0.0018661659154631611,0.0014196339262695563,0.0018661659154631611,1.099511627777e12,0.033255311978962254,(335.0-sqrt_abs(((113000.0+(v1/336000.0))+((3.16/v1)+(853.0*log((v1+(6.17e6/v1))))))))
1799.5310609340668,0.0052449995700777725,27.0,0.0,0.0,-0.9993894993894994,true,0.13714133133988682,0.002039146168190136,6.0,(287.33841345229-sqrt_abs(((v1/769774.47627363)+(((v1/769804.796487393)+(83583.2749466265+(-141.859922173805/v1)))+(739.045712603284*log(v1)))))),-0.9999234232888483,0.0018700152997945388,0.001424210074403147,0.0018700152997945388,32769.0,0.033386452633934555,(287.0-sqrt_abs(((v1/770000.0)+(((v1/770000.0)+(83600.0+(-142.0/v1)))+(739.0*log(v1))))))
1630.3017330169678,0.005207738890172621,27.0,0.0,229.0,-1.0,true,0.1361670740152583,0.0017932245818119048,6.0,(358.573427965207-sqrt_abs(((129911.12540194+((v1+v1)/631157.108918654))+((0.019167211077492/(3.7156999747227e6-v1))+(910.932739650358*log(v1)))))),-0.9999278780197848,0.0017612300714611258,0.001317086707681389,0.0017612300714611258,32769.0,0.031222573953970014,(359.0-sqrt_abs(((130000.0+((v1+v1)/631000.0))+((0.0192/(3.72e6-v1))+(911.0*log(v1))))))
1796.6888999938965,0.005205084666060759,27.0,0.0,4.0,-1.0,true,0.13609767385163352,0.0017917944169748485,6.0,(349.362225823313-sqrt_abs((122729.958520419+((v1/323166.421149453)+((-8.08721998707921/(3.71569978524598e6-v1))+(888.887143724452*log((v1+v1)))))))),-0.9999278611755315,0.0017616414107699302,0.0013175350191513818,0.0017616414107699302,3.3554433e7,0.03125967331666725,(349.0-sqrt_abs((123000.0+((v1/323000.0)+((-8.09/(3.72e6-v1))+(889.0*log((v1+v1))))))))
1794.0000760555267,0.005223445870148969,27.0,0.0,8.0,-1.0,true,0.13657776540169309,0.0017187220807071634,6.0,(334.355382203435-sqrt_abs(((113014.938654173+(v1/336233.43190334))+(426.43912959103*(log((v1*v1))+(-1548.13061752866/(3.71570259511627e6-v1))))))),-0.9999280856088787,0.0017561607132206586,0.0013122987251290488,0.0017561607132206586,2.199023255553e12,0.031140386720102872,(334.0-sqrt_abs(((113000.0+(v1/336000.0))+(426.0*(log((v1*v1))+(-1550.0/(3.72e6-v1)))))))
1733.970547914505,0.005227986789069947,27.0,0.0,89.0,-1.0,true,0.136696497092327,0.0016879259961235168,6.0,(332.020209953404-sqrt_abs(((110860.14728717+(v1/338362.3299421))+(847.293782089821*(log((v1+v1))+(-1098.09115144872/(3.71570371695418e6-v1))))))),-0.9999281106088905,0.0017555502090090085,0.0013103630965419805,0.0017555502090090085,3.3554433e7,0.031098390557979708,(332.0-sqrt_abs(((111000.0+(v1/338000.0))+(847.0*(log((v1+v1))+(-1100.0/(3.72e6-v1)))))))
1726.763377904892,0.005197922584500538,27.0,0.0,99.0,-1.0,true,0.1359104064577643,0.0017913297162176613,6.0,(358.586519720231-sqrt_abs((129287.425734329+(((v1/315627.277638827)+(-757.393935770442/(3.71568268655692e6-v1)))+(911.066816942187*log((v1+v1))))))),-0.999927859698744,0.001761677474150041,0.0013178704504651808,0.001761677474150041,3.3554433e7,0.031273005242789406,(359.0-sqrt_abs((129000.0+(((v1/316000.0)+(-757.0/(3.72e6-v1)))+(911.0*log((v1+v1)))))))
1794.9130609035492,0.00515172825592499,27.0,0.0,7.0,-0.9993894993894994,true,0.13470256046339202,0.002006733588664922,6.0,(351.820348426556-sqrt_abs((125376.808802711+((v1/321003.007076938)+((-672.080810794846/(v1+v1))+(894.336805622112*(log(v1)-0.320028810885169))))))),-0.9999235802026655,0.001866183439762728,0.001423105885085685,0.001866183439762728,32769.0,0.03335963026674133,(352.0-sqrt_abs((125000.0+((v1/321000.0)+((-672.0/(v1+v1))+(894.0*(log(v1)-0.32)))))))
1616.0155210494995,0.005179418950852131,27.0,0.0,249.0,-1.0,true,0.1354265907930987,0.0017760455386953969,6.0,(364.241908240981-sqrt_abs((134029.863251602+((v1/311193.490865262)+((2.50536465483661/(3.71570003009128e6-v1))+(462.419864971123*log((v1*v1)))))))),-0.9999279031977638,0.0017606152212632615,0.0013157854463918637,0.0017606152212632615,2.199023255553e12,0.03122138780448738,(364.0-sqrt_abs((134000.0+((v1/311000.0)+((2.51/(3.72e6-v1))+(462.0*log((v1*v1))))))))
1462.742357969284,0.005249248453935082,27.0,0.0,467.0,-0.9993894993894994,true,0.13725242717147168,0.0017879101152900056,6.0,(352.401313995225-sqrt_abs((124877.0986182+((v1/320508.752413457)+((-238.307676137781/(6.24818511724782e6-v1))+(895.858209306524*log((v1+v1)))))))),-0.9999287994049717,0.0017387297006477521,0.001308783591218093,0.0017387297006477521,3.3554433e7,0.030965203093381258,(352.0-sqrt_abs((125000.0+((v1/321000.0)+((-238.0/(6.25e6-v1))+(896.0*log((v1+v1))))))))
1669.1780378818512,0.005204681688963419,28.0,0.0,176.0,-1.0,true,0.1360871371843011,0.0017918355689021765,6.0,(349.59399613974-sqrt_abs(((123509.128240774+((v1/322973.672975044)+(36.1329409075205/(3.71570081974468e6-v1))))+(222.36152359183*log((v1*pow3(v1))))))),-0.9999278609994435,0.0017616457108632776,0.0013174517730047922,0.0017616457108632776,6.86479766013061e156,0.03125872148029253,(350.0-sqrt_abs(((124000.0+((v1/323000.0)+(36.1/(3.72e6-v1))))+(222.0*log((v1*pow3(v1)))))))
1545.0241088867188,0.005136750312931024,28.0,0.0,347.0,-0.9993894993894994,true,0.13431093125246818,0.0019294438720912333,7.0,(349.83279133508-sqrt_abs((134459.548694807+((v1/322644.491428359)+(889.692099176621*log(((v1/181838.254152281)+(-0.121547712418288/(6.24819009173987e6-v1))))))))),-0.9999291154923767,0.0017310107966293819,0.001323078435038277,0.0017310107966293819,1.0889035741470031e40,0.031243959456630336,(350.0-sqrt_abs((134000.0+((v1/323000.0)+(890.0*log(((v1/182000.0)+(-0.122/(6.25e6-v1)))))))))
1778.8519768714905,0.005204556918583163,28.0,0.0,28.0,-1.0,true,0.13608387480537587,0.0017918910714011726,7.0,(350.301395950056-sqrt_abs(((122068.446636776+((v1/322381.707099852)+(17.5777740654104/(3.71570038475366e6-v1))))+(891.143019473015*log((8.81084497817698*v1)))))),-0.9999278608082514,0.0017616503798061486,0.0013174493289686326,0.0017616503798061486,131073.0,0.031258388606934875,(350.0-sqrt_abs(((122000.0+((v1/322000.0)+(17.6/(3.72e6-v1))))+(891.0*log((8.81*v1))))))
1794.3337500095367,0.005174568820171731,28.0,0.0,7.0,-0.9993894993894994,true,0.1352997741232791,0.002012819335623152,6.0,(347.094130168877-sqrt_abs(((120845.547207136+(v1/325188.847465678))+((2856.90277584662/log((2.53968576019162e6+v1)))+(890.984993408581*log((v1+v1))))))),-0.999923692794896,0.0018634339198296925,0.0014248231861525,0.0018634339198296925,1.073741825e9,0.03346368591888273,(347.0-sqrt_abs(((121000.0+(v1/325000.0))+((2860.0/log((2.54e6+v1)))+(891.0*log((v1+v1)))))))
1681.4528188705444,0.005208473431944452,28.0,0.0,159.0,-0.9993894993894994,true,0.1361862801248428,0.001761758301183385,7.0,(352.222376675335-sqrt_abs((125364.104118424+((v1/320728.119906499)+((-0.311528938880281/(6.24819015010811e6-v1))+(895.846846400197*log((102.52344601987+v1)))))))),-0.9999289021240215,0.0017362212853348838,0.001306689405750827,0.0017362212853348838,131073.0,0.03091114314969024,(352.0-sqrt_abs((125000.0+((v1/321000.0)+((-0.312/(6.25e6-v1))+(896.0*log((103.0+v1))))))))
1798.755136013031,0.15281824508818775,28.0,0.0,1.0,-0.9993894993894994,true,6.11655026454963,0.041556193425418816,7.0,(479.221601951924-sqrt_abs((209291.795560143+((-36124.0274355207/(((-8736.44128041423+v1)/96779.0087069469)-v1))+(2479.45766366363*log((5.9393655874573e6+v1))))))),-0.9132331988774891,2.1188588955179095,0.03488462963512851,2.1188588955179095,131073.0,0.9530810983998131,(479.0-sqrt_abs((209000.0+((-36100.0/(((-8740.0+v1)/96800.0)-v1))+(2480.0*log((5.94e6+v1)))))))
1798.7445299625397,0.18235000302194168,28.0,0.0,1.0,-0.9957264957264957,true,7.298558876794061,0.06028138299451408,6.0,(374.201568239507-sqrt_abs((138302.374275788+(log(v1)+(-503.345917230473*(log((193602.721365414/pow3(v1)))-exp((42636.3856629449/(3.35724335637375e6-v1))))))))),-0.8714400606723971,3.139453887056603,0.04320860693375054,3.139453887056603,1.8014398509481984e16,1.1715395014801089,(374.0-sqrt_abs((138000.0+(log(v1)+(-503.0*(log((194000.0/pow3(v1)))-exp((42600.0/(3.36e6-v1)))))))))
1799.4924969673157,0.005114487548671616,28.0,0.0,0.0,-0.9993894993894994,true,0.1337288253649369,0.0020151792714204132,6.0,(350.29997144182-sqrt_abs(((122069.829005419+((v1/322385.336262696)+(17.5054929652884/(log(v1)-v1))))+(891.046150920935*log((8.82453906415253*v1)))))),-0.9999235638751276,0.0018665821607974495,0.0014226062541402272,0.0018665821607974495,1.048577e6,0.0333567962593701,(350.0-sqrt_abs(((122000.0+((v1/322000.0)+(17.5/(log(v1)-v1))))+(891.0*log((8.82*v1))))))
1799.5050990581512,0.005183720515004131,28.0,0.0,0.0,-0.9993894993894994,true,0.135539064059639,0.0020226242275424994,5.0,(334.685692673449-sqrt_abs(((113253.133897376+(v1/335915.12611586))+((7.56841194067317/(v1+v1))+(852.88804619262*log((v1+(v1/v1)))))))),-0.999923436161091,0.0018697009576069312,0.0014300503113194912,0.0018697009576069312,3.48449143727041e41,0.033588505431145714,(335.0-sqrt_abs(((113000.0+(v1/336000.0))+((7.57/(v1+v1))+(853.0*log((v1+(v1/v1))))))))
1441.294683933258,0.0051529327037805025,28.0,0.0,498.0,-1.0,true,0.13473405323669496,0.0018985760548156363,7.0,(313.314125635726-sqrt_abs(((106430.342833882+(v1/356440.760134279))+(802.208256063473*log(((v1+(247.709296734724/(3.71569997563956e6-v1)))/7308.6186680899)))))),-0.9999281158648723,0.0017554218571094956,0.0013233749770718384,0.0017554218571094956,1.0889035741470031e40,0.03128346542765307,(313.0-sqrt_abs(((106000.0+(v1/356000.0))+(802.0*log(((v1+(248.0/(3.72e6-v1)))/7310.0))))))
1518.3921790122986,0.005143631974273197,28.0,0.0,385.0,-1.0,true,0.1344908664813822,0.0017712756347585876,7.0,(348.778944150256-sqrt_abs((101765.48563283+((v1/323656.588189091)+(887.601168681116*((log(v1)--23.8504516728122)+(-1128.39847766419/(3.71570364584866e6-v1)))))))),-0.9999283949457188,0.001748606659055667,0.0013150581659137363,0.001748606659055667,16385.0,0.031148501698087076,(349.0-sqrt_abs((102000.0+((v1/324000.0)+(888.0*((log(v1)--23.9)+(-1130.0/(3.72e6-v1))))))))
1794.5039839744568,0.005179232469160639,28.0,0.0,7.0,-0.9993894993894994,true,0.13542171484466436,0.0020154110319589085,6.0,(353.074812988473-sqrt_abs((125987.308175487+((v1/320017.044630607)+(298.993002110413*log((v1+pow3((v1+(-402.663796404404/(3.68938382046171e6-v1))))))))))),-0.9999234336381596,0.001869762567988254,0.0014295837155065315,0.001869762567988254,1.7976931348623157e308,0.03356239853692008,(353.0-sqrt_abs((126000.0+((v1/320000.0)+(299.0*log((v1+pow3((v1+(-403.0/(3.69e6-v1)))))))))))
1261.47340798378,0.005145170447671474,28.0,0.0,767.0,-1.0,true,0.13453109304141364,0.001879871397388376,7.0,(338.33502571778-sqrt_abs(((126630.168113092+(v1/332659.371092617))+((-0.101956516112594/(3.71569997165984e6-v1))+(-862.360470136866*log((314628.112570903/v1))))))),-0.9999281301710709,0.0017550724974969632,0.0013227165264185856,0.0017550724974969632,131073.0,0.03129663250444149,(338.0-sqrt_abs(((127000.0+(v1/333000.0))+((-0.102/(3.72e6-v1))+(-862.0*log((315000.0/v1)))))))
1789.3487660884857,0.005118084318852533,28.0,0.0,14.0,-0.9993894993894994,true,0.1338228703394968,0.0020134428783080546,6.0,(348.676827862273-sqrt_abs((122868.169088673+((v1/323737.171744548)+(887.136072118726*log((v1+(-53.2691096542518/(pow3((913627.061647653+v1))-v1))))))))),-0.9999235607368323,0.0018666587984612784,0.0014223287060368104,0.0018666587984612784,1.7976931348623157e308,0.03334779891079936,(349.0-sqrt_abs((123000.0+((v1/324000.0)+(887.0*log((v1+(-53.3/(pow3((914000.0+v1))-v1)))))))))
1798.1963040828705,0.005525035230198619,28.0,0.0,2.0,-0.9993894993894994,true,0.14446344123494015,0.001994579166897853,6.0,(-2.37726188205488+(-1.19771466052355*(log((v1+(-0.0905580673539368/((3359.51142834536/((3.63972407588752e6-v1)/v1))-v1))))-(-3.3338296855236504e-9*v1)))),-0.9998955287309956,0.002551204778697585,0.0016644378224537986,0.002551204778697585,8197.0,0.04136523552943277,(-2.38+(-1.2*(log((v1+(-0.0906/((3360.0/((3.64e6-v1)/v1))-v1))))-(-3.33e-9*v1))))
1799.6766080856323,0.005215274922958911,28.0,0.0,0.0,-1.0,true,0.13636411913519098,0.0017895788107475789,6.0,(357.6076889759-sqrt_abs((129215.549142872+(((v1+v1)/632653.795576583)+((236.049709153953/(3.71570538306925e6-v1))+(302.857956609246*log(pow3(v1)))))))),-0.9999278671560459,0.0017614953656699779,0.0013154253044488212,0.0017614953656699779,1.34217729e8,0.03117552013340283,(358.0-sqrt_abs((129000.0+(((v1+v1)/633000.0)+((236.0/(3.72e6-v1))+(303.0*log(pow3(v1))))))))
1798.3713719844818,0.005231105948355496,28.0,0.0,2.0,-1.0,true,0.1367780539449761,0.0016947428460604031,7.0,(324.909888896494-sqrt_abs(((116450.107398178+(v1/345009.978504861))+(830.185640858922*(log((v1/119554.661914282))+(-1086.90359759171/(3.71570375498132e6-v1))))))),-0.9999281237437955,0.0017552294525696257,0.0013103796083501812,0.0017552294525696257,131073.0,0.031088513917207246,(325.0-sqrt_abs(((116000.0+(v1/345000.0))+(830.0*(log((v1/120000.0))+(-1090.0/(3.72e6-v1)))))))
1606.3068358898163,0.004917824438492443,28.0,0.0,262.0,-0.9993894993894994,true,0.1285866627403145,0.0020053231154488066,7.0,(340.831908792933-sqrt_abs(((117415.453745295+(v1/330465.502235536))+((-19176.793026889/(-9793.87306215488+(v1/52550.8997649031)))+(868.703694129908*log(v1)))))),-0.9999303086189752,0.0017018744579128551,0.0013300078115215284,0.0017018744579128551,16385.0,0.030687031718668076,(341.0-sqrt_abs(((117000.0+(v1/330000.0))+((-19200.0/(-9790.0+(v1/52600.0)))+(869.0*log(v1))))))
1798.383985042572,0.0617812401642077,28.0,0.0,2.0,-0.9993894993894994,true,2.4727941395513255,0.03557898415385256,6.0,(89.8093261255005-(5.78342190994386*(log(v1)+(12936.8065684313/sqrt_abs(((-240753.012742399-((v1/6313.86668775051)+(419486.61441434*log(v1))))-v1)))))),-0.9710703963515702,0.7064654596143631,0.02699744248893245,0.7064654596143631,2055.0,0.692623627794785,(89.8-(5.78*(log(v1)+(12900.0/sqrt_abs(((-241000.0-((v1/6310.0)+(419000.0*log(v1))))-v1))))))
1796.1294100284576,0.005139829098224184,28.0,0.0,5.0,-0.9993894993894994,true,0.13439143244381668,0.0020092527297500573,6.0,(335.110880198288-sqrt_abs((113529.715327197+((v1/335514.209831895)+(284.82824109159*(log(pow3(v1))+(-1838.7915733096/((v1/1.23608044252275e8)-v1)))))))),-0.999923561329045,0.001866644336534469,0.0014210175519981522,0.001866644336534469,1.34217729e8,0.03329666014958885,(335.0-sqrt_abs((114000.0+((v1/336000.0)+(285.0*(log(pow3(v1))+(-1840.0/((v1/1.24e8)-v1))))))))
1591.388354063034,0.0051571241264049585,28.0,0.0,283.0,-0.9993894993894994,true,0.1348436466258356,0.0019575599984603107,7.0,(327.002006479103-sqrt_abs(((112726.277871449+(v1/342895.224197124))+(-834.30233143899*(log((245.162016096623/v1))+(6357.06417023167/(3.49173850587134e6-v1))))))),-0.9999300498146453,0.0017081945002511733,0.0012538591530388082,0.0017081945002511733,131073.0,0.02987712274824827,(327.0-sqrt_abs(((113000.0+(v1/343000.0))+(-834.0*(log((245.0/v1))+(6360.0/(3.49e6-v1)))))))
1796.9029669761658,0.005226460933484814,28.0,0.0,4.0,-0.9993894993894994,true,0.13665660045104389,0.0016577146851737062,7.0,(282.786127902942-sqrt_abs(((v1/390546.134635372)+(729.305282679105*((log((0.867623064723258*v1))--111.130512009607)+(-2607.6021428816/(3.65784433253239e6-v1))))))),-0.9999286637232961,0.0017420430684513542,0.0012904642299052863,0.0017420430684513542,131073.0,0.030601822491733956,(283.0-sqrt_abs(((v1/391000.0)+(729.0*((log((0.868*v1))--111.0)+(-2610.0/(3.66e6-v1)))))))
1772.6598749160767,0.00522631902080348,28.0,0.0,37.0,-1.0,true,0.13665288985130175,0.0017022992118444782,7.0,(325.563892169441-sqrt_abs((115074.607654971+((v1/344390.54390601)+(831.758039077401*(log((v1/13366.5894086922))+(-1056.62663136972/(3.71570364272317e6-v1)))))))),-0.999928141719206,0.0017547904902263589,0.0013110421069995762,0.0017547904902263589,131073.0,0.031101758081850523,(326.0-sqrt_abs((115000.0+((v1/344000.0)+(832.0*(log((v1/13400.0))+(-1060.0/(3.72e6-v1))))))))
1641.0316450595856,0.005115788647606804,28.0,0.0,215.0,-1.0,true,0.13376284528005655,0.0017735378874451748,7.0,(377.423767631318-sqrt_abs(((112282.442068592+(v1/301276.797265869))+(956.494291443576*((log(v1)--33.0233125515593)+(-1178.35729227349/(3.71570353261573e6-v1))))))),-0.9999284043512515,0.0017483769744702279,0.001317187314289144,0.0017483769744702279,16385.0,0.031206250941501687,(377.0-sqrt_abs(((112000.0+(v1/301000.0))+(956.0*((log(v1)--33.0)+(-1180.0/(3.72e6-v1)))))))
1799.835697889328,0.005120457418315305,28.0,0.0,0.0,-0.9993894993894994,true,0.1338849199193639,0.0020915425667147355,6.0,(371.520423151415-sqrt_abs((138743.069116751+((v1/306257.190985599)+(314.555321292502*(log(pow3((v1+v1)))+(589116.86977279/(6.13084800441009e7-v1)))))))),-0.9999100951832894,0.0021954897284749285,0.0015513612800259853,0.0021954897284749285,1.7976931348623157e308,0.0367870342279704,(372.0-sqrt_abs((139000.0+((v1/306000.0)+(315.0*(log(pow3((v1+v1)))+(589000.0/(6.13e7-v1))))))))
1796.3095898628235,0.005136374670372166,28.0,0.0,5.0,-0.9993894993894994,true,0.13430110930302064,0.0020117641857232116,6.0,(344.494380548721-sqrt_abs(((v1/327297.973763483)+(119952.926474773+((-126.539034780899/((1680.55071389083*log(v1))-v1))+(876.897259442583*log(v1))))))),-0.9999235484220096,0.0018669595283636454,0.0014253177854323792,0.0018669595283636454,131073.0,0.033444286096221694,(344.0-sqrt_abs(((v1/327000.0)+(120000.0+((-127.0/((1680.0*log(v1))-v1))+(877.0*log(v1)))))))
1797.0490579605103,0.005266698496898932,28.0,0.0,4.0,-0.9993894993894994,true,0.13770869453470524,0.0017681228608327402,7.0,(352.012664028568-sqrt_abs((125221.872495989+((v1/320731.339866486)+((-1.13127998231037/(6.24819013294137e6-v1))+(894.928863261419*log((1311.10304999455+v1)))))))),-0.9999288193402113,0.0017382428789689543,0.0013078286597103081,0.0017382428789689543,131073.0,0.030949776132096138,(352.0-sqrt_abs((125000.0+((v1/321000.0)+((-1.13/(6.25e6-v1))+(895.0*log((1310.0+v1))))))))
1402.267837047577,0.005240655848919143,28.0,0.0,555.0,-0.9993894993894994,true,0.1370277557914612,0.0017779569064528692,7.0,(351.822565182882-sqrt_abs((125374.531267915+((v1/320994.062496111)+((-672.227780155612/(6.24817596755311e6-v1))+(894.574553954925*(log(v1)-0.322579148741575))))))),-0.9999288351190728,0.0017378575566953409,0.001307229171402299,0.0017378575566953409,16385.0,0.03092200018498606,(352.0-sqrt_abs((125000.0+((v1/321000.0)+((-672.0/(6.25e6-v1))+(895.0*(log(v1)-0.323)))))))
1799.2618489265442,0.005209103463576074,28.0,0.0,1.0,-1.0,true,0.136202753601264,0.0017901743229874745,7.0,(366.348363914608-sqrt_abs((135583.860618335+(((1.48927852488823e-5+v1)/309470.385307656)+((148.044086536036/(3.71570328909314e6-v1))+(929.581402752956*log(v1))))))),-0.9999278612196392,0.001761640333652054,0.0013160748361605204,0.001761640333652054,16385.0,0.0311969468275682,(366.0-sqrt_abs((136000.0+(((1.49e-5+v1)/309000.0)+((148.0/(3.72e6-v1))+(930.0*log(v1)))))))
1797.8328909873962,0.005129069184113455,28.0,0.0,3.0,-0.9993894993894994,true,0.13411009229754356,0.002010347108625974,5.0,(344.495303852314-sqrt_abs(((v1/327295.679948113)+(119952.035519082+((-126.610390068767/(log(pow3((v1*v1)))-v1))+(876.987013161413*log(v1))))))),-0.9999235585818149,0.001866711424323317,0.0014239346378663276,0.001866711424323317,1.7976931348623157e308,0.03340022897935392,(344.0-sqrt_abs(((v1/327000.0)+(120000.0+((-127.0/(log(pow3((v1*v1)))-v1))+(877.0*log(v1)))))))
1799.9644479751587,0.005345560030848738,28.0,0.0,0.0,-0.9993894993894994,true,0.1397706919882573,0.0017128234197741064,6.0,(364.455765862818-sqrt_abs((134195.257393257+(((v1+v1)/621600.303173332)+((-0.0239935969782814/(6.24819015621474e6-v1))+(308.234311298836*log(pow3(v1)))))))),-0.9999280224534781,0.0017577029780110054,0.0013114363913914679,0.0017577029780110054,1.34217729e8,0.031086979535171234,(364.0-sqrt_abs((134000.0+(((v1+v1)/622000.0)+((-0.024/(6.25e6-v1))+(308.0*log(pow3(v1))))))))
1632.3933849334717,0.005225183127360457,29.0,0.0,226.0,-1.0,true,0.1366231895745038,0.0017831427828910668,6.0,(334.65287708922-sqrt_abs(((113217.327428309+(v1/335891.331861816))+((4.24322327606569/(3.71570007757361e6-v1))+(853.480891586386*log((v1+(v1/v1)))))))),-0.9999278870600106,0.0017610093077288628,0.0013132115610113488,0.0017610093077288628,1.742245718635205e41,0.031110998547192886,(335.0-sqrt_abs(((113000.0+(v1/336000.0))+((4.24/(3.72e6-v1))+(853.0*log((v1+(v1/v1))))))))
1713.3543589115143,0.005224513284040802,29.0,0.0,116.0,-1.0,true,0.13660567513938915,0.0017883331765694835,6.0,(339.364252155286-sqrt_abs(((115815.96136018+((v1+v1)/663373.70755919))+((0.0233852783710664/(3.71569997484418e6-v1))+(864.765040384222*log((v1+v1))))))),-0.9999278730756538,0.0017613508079154408,0.0013145335089484813,0.0017613508079154408,1.34217729e8,0.031150690745269414,(339.0-sqrt_abs(((116000.0+((v1+v1)/663000.0))+((0.0234/(3.72e6-v1))+(865.0*log((v1+v1)))))))
1796.5245759487152,0.005099167378958096,29.0,0.0,4.0,-0.9993894993894994,true,0.13332824793060283,0.002088365803755175,7.0,(329.421590424951-sqrt_abs(((113041.411298582+((v1/340685.596466553)+(444.290172120691/(3.52974234098685e6-v1))))+(280.053010397978*log((pow3(v1)/133693.059920051)))))),-0.9999236684309133,0.0018640288921086534,0.001427757930050126,0.0018640288921086534,2.199023255553e12,0.0334241409065191,(329.0-sqrt_abs(((113000.0+((v1/341000.0)+(444.0/(3.53e6-v1))))+(280.0*log((pow3(v1)/134000.0))))))
1798.927092075348,0.022075265776208174,29.0,0.0,1.0,-0.9993894993894994,true,0.4197660115436399,0.01163819260608487,6.0,(((-1.33979310549745*log((v1+(232.146650291038/((4.88761426879571e6+(exp((v1/9.66650685861412e7))/2.71102927385575e6))-v1)))))-v1)-(-0.999999996345623*v1)),-0.9976178552603691,0.058172348256234525,0.009462978082507232,0.058172348256234525,32774.0,0.22155323863993853,(((-1.34*log((v1+(232.0/((4.89e6+(exp((v1/9.67e7))/2.71e6))-v1)))))-v1)-(-1.0*v1))
1799.6639549732208,0.0051410719094434,29.0,0.0,0.0,-0.9993894993894994,true,0.1344239283063864,0.002048639234190925,7.0,(345.209387184483-sqrt_abs(((123981.968706881+(v1/326561.766539551))+((3049.33014369869/v1)+(-292.511108609141*log((163926.746753021/pow3((-6357.89893673528+v1))))))))),-0.9999236821894119,0.0018636929074145182,0.0014286884963314063,0.0018636929074145182,3.432398830065305e156,0.03352245912229903,(345.0-sqrt_abs(((124000.0+(v1/327000.0))+((3050.0/v1)+(-293.0*log((164000.0/pow3((-6360.0+v1)))))))))
1799.1090638637543,0.004968984641820147,29.0,0.0,1.0,-0.9993894993894994,true,0.12992435177197947,0.0019034036167809671,7.0,(-8.1391465058665-((v1/2.49035818047672e8)+(1.20040572698441*(log((v1/125.742747211832))+(-90.4100252704712/((-7825.42025531514+(3664.57907914018/v1))-v1)))))),-0.9999207503663867,0.0019352884856374186,0.0014699409595674703,0.0019352884856374186,20.0,0.035074481591629285,(-8.14-((v1/2.49e8)+(1.2*(log((v1/126.0))+(-90.4/((-7830.0+(3660.0/v1))-v1))))))
1799.0798289775848,0.0055584144151627065,29.0,0.0,1.0,-0.9993894993894994,true,0.1453362088689225,0.0018847402479027662,6.0,(377.702857595366-sqrt_abs((143092.470166053+((v1/299874.107460714)+(953.415727656835*(log((v1+(v1+v1)))+(-120651.264333831/(5.22037558442408e7-v1)))))))),-0.9999166461873975,0.0020355131804231812,0.0014978849267813996,0.0020355131804231812,9.44473296573929e21,0.035489312507777454,(378.0-sqrt_abs((143000.0+((v1/300000.0)+(953.0*(log((v1+(v1+v1)))+(-121000.0/(5.22e7-v1))))))))
1798.3256709575653,0.004931246114677434,29.0,0.0,2.0,-0.9993894993894994,true,0.12893760014578604,0.002005556774964337,7.0,(323.881427028653-sqrt_abs(((106069.972481393+(v1/346010.218597942))+((-21950.6143464311/(-12264.4445875437+(v1/42016.8502025992)))+(275.985797438942*log(pow3(v1))))))),-0.9999303919625794,0.0016998391940244674,0.0013294132410014128,0.0016998391940244674,6.7108865e7,0.030654711076137018,(324.0-sqrt_abs(((106000.0+(v1/346000.0))+((-22000.0/(-12300.0+(v1/42000.0)))+(276.0*log(pow3(v1)))))))
1783.5730929374695,0.005195626166622297,29.0,0.0,22.0,-1.0,true,0.13585036187607713,0.001750392925726978,7.0,(347.238412533926-sqrt_abs(((113149.00469107+(v1/324954.614068564))+(294.615178549466*((log(pow3(v1))--29.5531975386784)+(-1932.75423610858/(3.71570207919575e6-v1))))))),-0.9999281554427895,0.0017544553581643199,0.0013146993869853753,0.0017544553581643199,6.7108865e7,0.03118623852374522,(347.0-sqrt_abs(((113000.0+(v1/325000.0))+(295.0*((log(pow3(v1))--29.6)+(-1930.0/(3.72e6-v1)))))))
1799.256754875183,0.00519446811156869,29.0,0.0,1.0,-0.9993894993894994,true,0.13582008213826313,0.002014037509444756,7.0,(350.269734477103-sqrt_abs((126680.232536776+((v1/322272.775718193)+((168.707127907931/(6.24872728999328e6-v1))+(296.71354638603*log(pow3((v1/20.2431609054462))))))))),-0.9999235196048183,0.0018676632486957852,0.0014267750901870286,0.0018676632486957852,5.928554968950589e79,0.03346798624865507,(350.0-sqrt_abs((127000.0+((v1/322000.0)+((169.0/(6.25e6-v1))+(297.0*log(pow3((v1/20.2)))))))))
1769.1691279411316,0.0051294868044335735,29.0,0.0,42.0,-1.0,true,0.13412101184213654,0.0018584943014042213,7.0,(383.754957419029-sqrt_abs(((v1/296732.302368389)+(323.850356942704*(492.947844631203+log(pow3(((v1/76185.7465705848)+(0.0106174704872128/(3.71569997869722e6-v1)))))))))),-0.9999280700608325,0.0017565403989467112,0.0013240286831484743,0.0017565403989467112,1.7976931348623157e308,0.03137013747737901,(384.0-sqrt_abs(((v1/297000.0)+(324.0*(493.0+log(pow3(((v1/76200.0)+(0.0106/(3.72e6-v1))))))))))
1779.330904006958,0.005208197104127558,29.0,0.0,28.0,-1.0,true,0.13617905496415617,0.001792122622264494,7.0,(346.121443844377-sqrt_abs((130644.720591462+((v1/325899.627047817)+(293.696385067809*log(pow3(((v1/51978.7727831522)+(-150.806967659661/(3.71565706947603e6-v1)))))))))),-0.9999278615723113,0.0017616317213446113,0.0013172946969443545,0.0017616317213446113,1.7976931348623157e308,0.03125186794966971,(346.0-sqrt_abs((131000.0+((v1/326000.0)+(294.0*log(pow3(((v1/52000.0)+(-151.0/(3.72e6-v1))))))))))
1732.7214119434357,0.005254740867543142,29.0,0.0,91.0,-0.9993894993894994,true,0.13739603765311514,0.001769466181546335,6.0,(352.012504781319-sqrt_abs((125221.993449231+((v1/320731.385328516)+((-13.9583526090126/(6.24818986202955e6-v1))+(894.928924987728*log((v1+(v1/v1))))))))),-0.999928855391336,0.0017373625048481642,0.0013076779460212684,0.0017373625048481642,1.742245718635205e41,0.030949582580711246,(352.0-sqrt_abs((125000.0+((v1/321000.0)+((-14.0/(6.25e6-v1))+(895.0*log((v1+(v1/v1)))))))))
1783.225310087204,0.005226117071267024,30.0,0.0,22.0,-1.0,true,0.1366476094641591,0.0017843651044072897,7.0,(334.652764452885-sqrt_abs(((113217.443883679+(v1/335891.452266342))+((4.23715867730294/(3.71570007749618e6-v1))+(853.46961790993*log((v1+(6.16711348122027e6/v1)))))))),-0.9999278829844317,0.001761108834002934,0.0013134534243999265,0.001761108834002934,2.199023255553e12,0.031117829771927872,(335.0-sqrt_abs(((113000.0+(v1/336000.0))+((4.24/(3.72e6-v1))+(853.0*log((v1+(6.17e6/v1))))))))
1573.1651420593262,0.00511229239069218,30.0,0.0,308.0,-0.9993894993894994,true,0.13367142843214808,0.0018755579387679433,7.0,(320.763503387247-sqrt_abs(((107097.80862233+(v1/348856.626960478))+(-273.019665392002*(log((177002.736111156/pow3(v1)))-exp((-15663.3916404498/(3.43164637521434e6-v1)))))))),-0.9999296449218518,0.001718082045790406,0.0012762812006752835,0.001718082045790406,9.007199254740992e15,0.030306047423489753,(321.0-sqrt_abs(((107000.0+(v1/349000.0))+(-273.0*(log((177000.0/pow3(v1)))-exp((-15700.0/(3.43e6-v1))))))))
1771.7878580093384,0.005070591387067805,30.0,0.0,38.0,-0.9993894993894994,true,0.13258106968590866,0.0019468074659685483,7.0,(362.325725022707-sqrt_abs(((v1/312643.250402044)+(130425.616858507+(-920.005639032311*log((-0.0905580673539368/((3359.51142834536/((3.63972407588752e6-v1)/v1))-v1)))))))),-0.9999290987580716,0.001731419450986239,0.0012968757264867833,0.001731419450986239,1.7976931348623157e308,0.030773294878618646,(362.0-sqrt_abs(((v1/313000.0)+(130000.0+(-920.0*log((-0.0906/((3360.0/((3.64e6-v1)/v1))-v1))))))))
1661.8948409557343,0.0051085190993643255,30.0,0.0,186.0,-0.9993894993894994,true,0.13357276794813444,0.0018633134282186013,7.0,(356.166369024736-sqrt_abs((131590.601762548+((v1/317424.793153696)+(-301.344963770463*(log((207494.277754535/pow3(v1)))-exp((-15458.815426238/(3.42530299301861e6-v1))))))))),-0.9999296356738864,0.0017183078825566214,0.001279050526440485,0.0017183078825566214,9.007199254740992e15,0.030418929758540075,(356.0-sqrt_abs((132000.0+((v1/317000.0)+(-301.0*(log((207000.0/pow3(v1)))-exp((-15500.0/(3.43e6-v1)))))))))
1798.7793009281158,0.005211672628131331,30.0,0.0,1.0,-0.9993894993894994,true,0.13626992970734975,0.002026367284541787,7.0,(318.926989520627-sqrt_abs(((v1/701423.27344834)+(((v1/701461.418028136)+(51588.9784645385+(51292.336302298+(340.172731349811/v1))))+(814.928850903076*log(v1)))))),-0.999923456296584,0.0018692092457117612,0.0014269023895326876,0.0018692092457117612,65537.0,0.03347376423088614,(319.0-sqrt_abs(((v1/701000.0)+(((v1/701000.0)+(51600.0+(51300.0+(340.0/v1))))+(815.0*log(v1))))))
1799.523066997528,0.14607322889657276,30.0,0.0,0.0,-0.9987789987789988,true,5.84658099126419,0.04622060848089515,7.0,(3.11583856898997*(log((555379.607444633/v1))-exp((182978.897762304/(-15892.7192911585+((v1/336426.622237521)+(3908.29763380479*log((pow3(v1)/32197.5394044538))))))))),-0.915800684849421,2.0561604852922724,0.03432690893595843,2.0561604852922724,2.74877906953e11,0.9385585417831065,(3.12*(log((555000.0/v1))-exp((183000.0/(-15900.0+((v1/336000.0)+(3910.0*log((pow3(v1)/32200.0)))))))))
1721.9094688892365,0.005172706496758817,30.0,0.0,105.0,-0.9993894993894994,true,0.1352510798366886,0.0019241881608837719,7.0,(317.07425834631-sqrt_abs(((108237.338501144+(v1/352609.916224143))+(-811.132978466376*log((-3232.12927174107/((3956.09361100426/((3.62169015146028e6-v1)/v1))-v1))))))),-0.9999292616791526,0.0017274408926269131,0.0012870140083513701,0.0017274408926269131,1.7976931348623157e308,0.030545639118134592,(317.0-sqrt_abs(((108000.0+(v1/353000.0))+(-811.0*log((-3230.0/((3960.0/((3.62e6-v1)/v1))-v1)))))))
1609.1151330471039,0.005116512069811124,30.0,0.0,258.0,-0.9993894993894994,true,0.13378176064561487,0.001924529437011652,7.0,(351.542048817688-sqrt_abs((127319.824075253+((v1/321319.830439009)+(-894.046996323761*log((-15.1946383230265/((3607.11073957074/((3.63258912203651e6-v1)/v1))-v1)))))))),-0.999929212440706,0.0017286433032180722,0.001292223656556686,0.0017286433032180722,1.7976931348623157e308,0.030660407769826432,(352.0-sqrt_abs((127000.0+((v1/321000.0)+(-894.0*log((-15.2/((3610.0/((3.63e6-v1)/v1))-v1))))))))
1771.7878580093384,0.005070591387067805,30.0,0.0,38.0,-0.9993894993894994,true,0.13258106968590866,0.0019468074659685483,7.0,(362.325725022707-sqrt_abs(((v1/312643.250402044)+(130425.616858507+(-920.005639032311*log((-0.0905580673539368/((3359.51142834536/((3.63972407588752e6-v1)/v1))-v1)))))))),-0.9999290987580716,0.001731419450986239,0.0012968757264867833,0.001731419450986239,1.7976931348623157e308,0.030773294878618646,(362.0-sqrt_abs(((v1/313000.0)+(130000.0+(-920.0*log((-0.0906/((3360.0/((3.64e6-v1)/v1))-v1))))))))
1798.2238068580627,0.005173037319218342,30.0,0.0,2.0,-0.9993894993894994,true,0.13525972987219959,0.0020167123756467146,6.0,(351.76104087062-sqrt_abs((124434.704065904+((v1/321136.413232251)+(893.881672133043*log((v1+(v1+(0.5614857307218/(pow3((904159.10561818+v1))-v1)))))))))),-0.9999234237981448,0.0018700028626936595,0.0014306410896087788,0.0018700028626936595,1.7976931348623157e308,0.03360393827134195,(352.0-sqrt_abs((124000.0+((v1/321000.0)+(894.0*log((v1+(v1+(0.561/(pow3((904000.0+v1))-v1))))))))))
1680.169676065445,0.005120185659031356,30.0,0.0,161.0,-1.0,true,0.13387781421239353,0.0018372553803327305,7.0,(348.951732457548-sqrt_abs((123054.31632789+((v1/323431.814934005)+((-903.716451716088/(3.71567481162732e6-v1))+(888.149205226073*log((v1+(1.96210924580539e6/v1))))))))),-0.9999281374852901,0.0017548938831159747,0.0013307509332761433,0.0017548938831159747,2.199023255553e12,0.03146682139080886,(349.0-sqrt_abs((123000.0+((v1/323000.0)+((-904.0/(3.72e6-v1))+(888.0*log((v1+(1.96e6/v1)))))))))
1799.6987829208374,0.004877387752022598,30.0,0.0,0.0,-0.9993894993894994,true,0.1275293621736786,0.0019687971374681024,7.0,(((1733.82036246176+(v1/214852.079276566))+((458.3565491239/(3.71582667945873e6-v1))+(465.068281813714*log(pow3((v1+(v1--207.298184734783)))))))/-1161.52665582025),-0.9999208395015371,0.0019331117912830046,0.0014580127480685948,0.0019331117912830046,4.294967306e9,0.03462534090789667,(((1730.0+(v1/215000.0))+((458.0/(3.72e6-v1))+(465.0*log(pow3((v1+(v1--207.0)))))))/-1160.0)
1796.1526520252228,0.005184017239694091,30.0,0.0,5.0,-0.9993894993894994,true,0.1355468225386396,0.0020180249208953303,6.0,(327.015287965091-sqrt_abs(((112724.445464342+(v1/343084.526939831))+(-835.003189824114*(log((244.718924618986/v1))+(5852.48904130892/(log((v1+v1))-v1))))))),-0.9999232553188081,0.001874117154527835,0.001431068639885261,0.001874117154527835,4.294967297e9,0.03360865536691798,(327.0-sqrt_abs(((113000.0+(v1/343000.0))+(-835.0*(log((245.0/v1))+(5850.0/(log((v1+v1))-v1)))))))
1506.6323070526123,0.0031070354328287587,30.0,0.0,402.0,-0.9993894993894994,true,0.06925527694277633,0.001523877884295826,7.0,(340.528157192423-sqrt_abs(((117242.165563185+(v1/329906.420464135))+((-10508.395143066/(-2992.59143008471+((v1+v1)/133632.392840861)))+(865.49587477316*log(v1)))))),-0.999954504848271,0.0011109987425697765,0.0012344116755498454,0.0011109987425697765,65537.0,0.028554302905693822,(341.0-sqrt_abs(((117000.0+(v1/330000.0))+((-10500.0/(-2990.0+((v1+v1)/134000.0)))+(865.0*log(v1))))))
1796.8405120372772,0.06092658748983558,30.0,0.0,4.0,-0.996947496947497,true,1.1585323994212793,0.00905986233479792,6.0,(373.096709644033-sqrt_abs((136882.597319541+((v1/323582.773615911)+(368.075330901789*(log(pow3((v1+v1)))+(-4.87315097967088e6/((v1/1.00978788481758e8)-v1)))))))),-0.9950319000816603,0.12132177940883836,0.01005995917128393,0.12132177940883836,1.7976931348623157e308,0.2178679605310331,(373.0-sqrt_abs((137000.0+((v1/324000.0)+(368.0*(log(pow3((v1+v1)))+(-4.87e6/((v1/1.01e8)-v1))))))))
1597.6853470802307,0.004917527895117491,30.0,0.0,274.0,-0.9993894993894994,true,0.12857890900216873,0.0020053590274386143,7.0,(341.233289183375-sqrt_abs(((117088.285319326+(v1/330113.152341706))+((-19166.8415246269/(-9725.70517445893+(v1/52907.4613307168)))+(869.666758835062*log((v1+v1))))))),-0.9999303065908665,0.0017019239846473597,0.0013300639545362103,0.0017019239846473597,6.7108865e7,0.030689207191602254,(341.0-sqrt_abs(((117000.0+(v1/330000.0))+((-19200.0/(-9730.0+(v1/52900.0)))+(870.0*log((v1+v1)))))))
1785.0711340904236,0.005178297470112994,30.0,0.0,20.0,-1.0,true,0.13539726736616942,0.0017265364184968267,7.0,(377.203747565426-sqrt_abs(((120482.209370724+(v1/301436.940840612))+(477.962920198145*((log((v1*v1))--48.5795711232592)+(-1656.16160091468/(3.71570247615529e6-v1))))))),-0.9999281586551365,0.0017543769121456036,0.0013149794314880003,0.0017543769121456036,4.398046511105e12,0.03121577311626593,(377.0-sqrt_abs(((120000.0+(v1/301000.0))+(478.0*((log((v1*v1))--48.6)+(-1660.0/(3.72e6-v1)))))))
1775.5410559177399,0.005199036066135137,30.0,0.0,33.0,-1.0,true,0.13593952073160764,0.001685154454325228,7.0,(331.633435311206-sqrt_abs(((111183.283502871+(v1/338727.619257102))+(846.691791423283*(log((v1+(v1/323497.998111032)))+(-1097.27378915499/(3.71570371973648e6-v1))))))),-0.9999282092153078,0.0017531422248307324,0.0013040640636852608,0.0017531422248307324,2.199023255553e12,0.03092036945999418,(332.0-sqrt_abs(((111000.0+(v1/339000.0))+(847.0*(log((v1+(v1/323000.0)))+(-1100.0/(3.72e6-v1)))))))
1799.823117017746,0.15893518973164444,30.0,0.0,0.0,-0.9993894993894994,true,6.361380974099916,0.04258197067689074,6.0,(500.747875256637-sqrt_abs((1230.23689044733*((log((v1*v1))--188.581933808456)+(((v1/301837.682962423)+(336881.664740037*log((-1.03823055119331e6+v1))))/v1))))),-0.903529213247827,2.3558317469701118,0.039168342222149335,2.3558317469701118,5.764607523034235e17,1.0500607901840713,(501.0-sqrt_abs((1230.0*((log((v1*v1))--189.0)+(((v1/302000.0)+(337000.0*log((-1.04e6+v1))))/v1)))))
1799.827367067337,0.005182486926105947,30.0,0.0,0.0,-0.9993894993894994,true,0.13550680933367332,0.0020170193783917885,7.0,(348.828917104162-sqrt_abs((112386.81237819+((v1/323543.450729165)+((7628.075745629/(3.7489866843945e6-v1))+(443.391236103293*(23.9077328234738+log((v1*v1))))))))),-0.9999234841453768,0.0018685291738204908,0.0014288472321511215,0.0018685291738204908,4.398046511105e12,0.033546429399890526,(349.0-sqrt_abs((112000.0+((v1/324000.0)+((7630.0/(3.75e6-v1))+(443.0*(23.9+log((v1*v1)))))))))
1799.8383250236511,0.0030836931916887835,30.0,0.0,0.0,-0.9993894993894994,true,0.06873498246607568,0.001519304938236456,7.0,(347.139424213312-sqrt_abs(((121823.693120386+(v1/324181.620459556))+((-4397.81803934132/(-1412.42616645489+(v1/140940.047851419)))+(440.555282084003*log((v1*v1))))))),-0.9999542269119414,0.0011177859913442678,0.001238282288644112,0.0011177859913442678,4.398046511105e12,0.028666588495151808,(347.0-sqrt_abs(((122000.0+(v1/324000.0))+((-4400.0/(-1410.0+(v1/141000.0)))+(441.0*log((v1*v1)))))))
1779.3950109481812,0.005181238333818099,30.0,0.0,28.0,-1.0,true,0.13547416231314102,0.0017787399377108537,7.0,(364.241656464387-sqrt_abs((134030.113117569+((v1/311194.013733504)+((2.50233189246299/(3.71570003013044e6-v1))+(462.40722206947*log((0.0777699588791382+(v1*v1))))))))),-0.9999278954897595,0.0017608034519366895,0.0013162376287644678,0.0017608034519366895,9.44473296573929e21,0.031234710731306566,(364.0-sqrt_abs((134000.0+((v1/311000.0)+((2.5/(3.72e6-v1))+(462.0*log((0.0778+(v1*v1)))))))))
1710.9030470848083,0.0052550650867641095,30.0,0.0,120.0,-0.9993894993894994,true,0.13740451503333517,0.0017656770595615616,7.0,(352.012659828172-sqrt_abs((125221.797424373+((v1/320729.453169737)+((-1.13157628367074/(6.24819013294057e6-v1))+(894.94481606785*log((v1+(6.24818555613319e6/v1))))))))),-0.9999288515414452,0.0017374565197868146,0.001306982158753819,0.0017374565197868146,2.199023255553e12,0.030935978576327676,(352.0-sqrt_abs((125000.0+((v1/321000.0)+((-1.13/(6.25e6-v1))+(895.0*log((v1+(6.25e6/v1)))))))))
1579.425812959671,0.005163450696082892,30.0,0.0,300.0,-1.0,true,0.135009067838336,0.0018325008487037973,7.0,(360.92059666836-sqrt_abs((136646.341968282+((v1/313773.720876519)+((-0.549050968318853/(3.71569996118872e6-v1))+(-458.337673728683*log((59201.9946286622/(v1*v1))))))))),-0.9999280164990616,0.0017578483857944502,0.0013229400662778006,0.0017578483857944502,9.44473296573929e21,0.03135072278945893,(361.0-sqrt_abs((137000.0+((v1/314000.0)+((-0.549/(3.72e6-v1))+(-458.0*log((59200.0/(v1*v1)))))))))
1791.9272480010986,0.0051201717185417345,30.0,0.0,11.0,-0.9993894993894994,true,0.13387744970954074,0.002014511100954888,6.0,(344.496428541667-sqrt_abs(((v1/327292.795237953)+(119950.947540992+((-126.683112061636/(log(pow3(exp((5.455044749028801e-9*v1))))-v1))+(877.096474674878*log(v1))))))),-0.9999235615425724,0.0018666391221610439,0.001422243140963439,0.0018666391221610439,1.7976931348623157e308,0.033346337708539724,(344.0-sqrt_abs(((v1/327000.0)+(120000.0+((-127.0/(log(pow3(exp((5.46e-9*v1))))-v1))+(877.0*log(v1)))))))
1799.9806280136108,0.005257256643107302,30.0,0.0,0.0,-0.9993894993894994,true,0.1374618177939162,0.0017693946734118776,7.0,(352.012372028069-sqrt_abs((125222.130012328+((v1/320731.612393012)+((-1.13063865605067/(6.24819013292823e6-v1))+(894.913777375717*log((v1+(v1/320527.859376834))))))))),-0.9999288429853617,0.0017376654606871499,0.0013072610923049956,0.0017376654606871499,2.199023255553e12,0.03094004540280924,(352.0-sqrt_abs((125000.0+((v1/321000.0)+((-1.13/(6.25e6-v1))+(895.0*log((v1+(v1/321000.0)))))))))
1799.9879169464111,0.005195559180755712,30.0,0.0,0.0,-1.0,true,0.1358486103924399,0.0017911972238176211,7.0,(358.179921666301-sqrt_abs((129629.067879319+(((v1/315963.902544238)+(-66.7802733973233/(3.71569844881596e6-v1)))+(910.113115490372*log((v1+(v1/-238.173300104564)))))))),-0.9999278587574703,0.0017617004602019746,0.0013181094356954166,0.0017617004602019746,2.199023255553e12,0.03128348646611635,(358.0-sqrt_abs((130000.0+(((v1/316000.0)+(-66.8/(3.72e6-v1)))+(910.0*log((v1+(v1/-238.0))))))))
