time_stamp,max_are,compl,dim_penalty,age,minus_spearman,valid,max_ae,q75_are,n_params,eqs_orig,minus_r2,mse,mare,ms_processed_e,recursive_compl,mae,eqs_orig_rounded
1600.0709619522095,1.2000087497298682e7,1.0,1.0,425.0,-0.978423069725727,true,5.999989681200031,5.120457532911614e6,0.0,v1,8.099974391530912e11,13.559966149017093,3.6055658606280764e6,13.559966149017093,2.0,3.279996666249291,v1
13.672807931900024,2.1350416465373524e6,2.0,1.0,3798.0,-0.978423069725727,true,1.7917491504280854,797380.7953386491,0.0,log(v1),8.548078117981612e10,1.4310125479086824,525793.9598420704,1.4310125479086824,4.0,1.01860681882059,log(v1)
1540.7359189987183,40.24038972261105,2.0,0.0,549.0,100.0,true,1.0872184206082017e-5,7.798672839091155,1.0,3.43667379885528e-6,0.0006327769804339578,1.675134503835193e-11,8.401327493184253,1.675134503835193e-11,1.0,3.218463941519874e-6,3.44e-6
1604.1057229042053,1.2320860752983546e7,2.0,1.0,416.0,-0.978423069725727,true,35.99998968120003,8.92341010550487e6,0.0,pow2(v1),1.8931038585315035e13,316.9198197104267,6.756337185630024e6,316.9198197104267,4.0,13.55999666624929,pow2(v1)
15.343547821044922,2.1350416465373524e6,2.0,1.0,3797.0,-0.978423069725727,true,1.7917491504280854,797380.7953386491,0.0,log(v1),8.548078117981612e10,1.4310125479086824,525793.9598420704,1.4310125479086824,4.0,1.01860681882059,log(v1)
1791.8588349819183,1.2320860752983546e7,2.0,1.0,17.0,-0.978423069725727,true,35.99998968120003,8.92341010550487e6,0.0,pow2(v1),1.8931038585315035e13,316.9198197104267,6.756337185630024e6,316.9198197104267,4.0,13.55999666624929,pow2(v1)
165.27458095550537,40.24058843713234,2.0,0.0,3451.0,-0.02000400120040014,true,1.0872167646660697e-5,7.7987152350062505,1.0,3.4366903582766e-6,0.0006329806133327232,1.6751348447319762e-11,8.401369901890654,1.6751348447319762e-11,1.0,3.2184705652884008e-6,3.44e-6
70.77373194694519,40.240477279701615,2.0,0.0,3662.0,-0.46834391130745723,true,1.0872176909711612e-5,7.798691519472204,1.0,3.43668109522569e-6,0.0006328667006103572,1.675134654033514e-11,8.401346179201374,1.675134654033514e-11,1.0,3.218466860068035e-6,3.44e-6
13.472730875015259,2.1350416465373524e6,2.0,1.0,3799.0,-0.978423069725727,true,1.7917491504280854,797380.7953386491,0.0,log(v1),8.548078117981612e10,1.4310125479086824,525793.9598420704,1.4310125479086824,4.0,1.01860681882059,log(v1)
1799.818176984787,3.2236182470871635e7,2.0,1.0,0.0,-0.978423069725727,true,215.99998968120002,2.310470913988437e7,0.0,pow3(v1),5.3999719221997125e14,9039.959008653264,1.8369491927933812e7,9039.959008653264,4.0,63.27999666624928,pow3(v1)
19.277808904647827,2.1350416465373524e6,2.0,1.0,3788.0,-0.978423069725727,true,1.7917491504280854,797380.7953386491,0.0,log(v1),8.548078117981612e10,1.4310125479086824,525793.9598420704,1.4310125479086824,4.0,1.01860681882059,log(v1)
357.03330302238464,40.24041268185976,2.0,0.0,3060.0,-0.46834391130745723,true,1.08721822928254e-5,7.798677737466737,1.0,3.4366757121119e-6,0.0006328005062723463,1.6751345432192155e-11,8.401332393037729,1.6751345432192155e-11,1.0,3.2184647068225205e-6,3.44e-6
1577.1040918827057,1.2320860752983546e7,2.0,1.0,473.0,-0.978423069725727,true,35.99998968120003,8.92341010550487e6,0.0,pow2(v1),1.8931038585315035e13,316.9198197104267,6.756337185630024e6,316.9198197104267,4.0,13.55999666624929,pow2(v1)
1794.3972129821777,1.2000087497298682e7,3.0,1.0,11.0,100.0,true,0.9999999166672813,2.560228266455807e6,0.0,(v1/v1),5.9734075262623886e10,0.9999933325264366,2.646657787482193e6,0.9999933325264366,5.0,0.9999966662492911,(v1/v1)
1168.2511348724365,40.26945997902923,3.0,0.0,1330.0,-0.46834391130745723,true,1.0869761702579253e-5,7.804875003457022,1.0,pow3(0.0150943626199154),0.0006629149108128285,1.675184956996646e-11,8.40753152880972,1.675184956996646e-11,2.0,3.2194329429209797e-6,pow3(0.0151)
15.746888875961304,1.0675203232686764e6,3.0,1.0,3795.0,-0.978423069725727,true,0.8958694158140578,398689.8976693244,0.0,log(sqrt_abs(v1)),2.137003677407935e10,0.35775048323109604,262896.69992103515,0.35775048323109604,16.0,0.5093017660745136,log(sqrt_abs(v1))
1279.9967830181122,1.0,3.0,1.0,1098.0,100.0,true,1.43088580049373e-5,1.0,0.0,(v1-v1),0.6638825945349986,2.7854645665788533e-11,1.0,2.7854645665788533e-11,4.0,3.333750709015124e-6,(v1-v1)
1168.2511348724365,40.26945997902923,3.0,0.0,1330.0,-0.46834391130745723,true,1.0869761702579253e-5,7.804875003457022,1.0,pow3(0.0150943626199154),0.0006629149108128285,1.675184956996646e-11,8.40753152880972,1.675184956996646e-11,2.0,3.2194329429209797e-6,pow3(0.0151)
13.386888980865479,1.0675203232686764e6,3.0,1.0,3799.0,-0.978423069725727,true,0.8958694158140578,398689.8976693244,0.0,log(sqrt_abs(v1)),2.137003677407935e10,0.35775048323109604,262896.69992103515,0.35775048323109604,16.0,0.5093017660745136,log(sqrt_abs(v1))
1747.02414894104,1.0000004362854567,3.0,0.0,113.0,-0.5289511651266819,true,1.4308858041294153e-5,1.0000000930818798,1.0,pow3(-3.31280161404671e-5),0.6638826090151946,2.7854645908197902e-11,1.000000096224185,2.7854645908197902e-11,2.0,3.333750745371977e-6,pow3(-3.31e-5)
90.9706358909607,1.0675203232686764e6,3.0,1.0,3614.0,-0.978423069725727,true,0.8958694158140578,398689.8976693244,0.0,log(sqrt_abs(v1)),2.137003677407935e10,0.35775048323109604,262896.69992103515,0.35775048323109604,16.0,0.5093017660745136,log(sqrt_abs(v1))
1788.725303888321,4.852103249833241e6,3.0,1.0,24.0,-0.9348348902240815,true,0.8571325383428875,957696.8400076996,0.0,(v1/v2),2.2885650769888885e10,0.3831230010746298,893589.0048340345,0.3831230010746298,5.0,0.5776633329159576,(v1/v2)
90.9706358909607,1.0675203232686764e6,3.0,1.0,3614.0,-0.978423069725727,true,0.8958694158140578,398689.8976693244,0.0,log(sqrt_abs(v1)),2.137003677407935e10,0.35775048323109604,262896.69992103515,0.35775048323109604,16.0,0.5093017660745136,log(sqrt_abs(v1))
1439.0586500167847,40.26948808048287,3.0,0.0,763.0,-0.02000400120040014,true,1.086975936080872e-5,7.804880998926477,1.0,pow2(-0.00185448069392177),0.0006629443835570736,1.6751850063362357e-11,8.407537526088074,1.6751850063362357e-11,2.0,3.219433879629193e-6,pow2(-0.00185)
1798.532949924469,6.405126939612057e6,3.0,1.0,3.0,-0.978423069725727,true,5.375268088884196,2.3921443860159474e6,0.0,log(pow3(v1)),7.693308351259763e11,12.87917662136248,1.5773829995262108e6,12.87917662136248,16.0,3.0558270298048957,log(pow3(v1))
1288.0865409374237,14.196265527483893,4.0,0.0,1081.0,-0.9758521886510036,true,6.710781275300833e-6,5.48427280399737,1.0,(1.26634612160608e-6*v1),-0.5978193678087647,6.7328061728180115e-12,3.681882208666516,6.7328061728180115e-12,3.0,2.221425785197909e-6,(1.27e-6*v1)
422.1283209323883,3.1749248874619097e7,4.0,1.0,2921.0,-0.9903700106845668,true,2.6457512277318718,3.3868639691756936e6,0.0,(sqrt_abs(v2)/v1),7.951301006422173e10,1.3311075724101766,4.744850603064327e6,1.3311075724101766,9.0,0.9763698201191525,(sqrt_abs(v2)/v1)
1104.9906568527222,3.090209995275864e7,4.0,1.0,1461.0,-0.9843960903010047,true,2.5751560048673774,2.4254244704852323e6,0.0,(v2/exp(v1)),4.256247854847294e10,0.7125278926213062,3.5851406732116654e6,0.7125278926213062,9.0,0.5103410572234551,(v2/exp(v1))
899.1419818401337,8.400061848109077e7,4.0,1.0,1891.0,-0.991718960448597,true,6.9999999166672815,2.240199608148831e6,0.0,(v2/pow3(v1)),2.7597009967622296e11,4.619946963871973,9.220810241876826e6,4.619946963871973,9.0,1.0594133329159579,(v2/pow3(v1))
716.0428049564362,28.719592034624768,4.0,0.0,2282.0,-0.9831229313156293,true,1.3896088937424244e-5,2.170350340803798,1.0,(2.47661440507834e-6/v1),0.5611448169067355,2.6134738022229338e-11,5.67793804572066,2.6134738022229338e-11,3.0,3.4835558798331074e-6,(2.48e-6/v1)
1799.6559019088745,7.200052998379208e7,4.0,1.0,0.0,-0.978074276812086,true,29.000014308858006,7.442735251489935e6,0.0,(v2-pow2(v1)),1.0712788690516271e13,179.34013736721536,9.49374779906416e6,179.34013736721536,6.0,9.78000320465565,(v2-pow2(v1))
1799.6723148822784,57.923646358221,4.0,0.0,0.0,-0.2581647077366381,true,1.257400992005754e-5,4.815110922707943,1.0,(1.21439365941583e-5/v2),0.3474515015331432,2.255735125201524e-11,8.321963885641784,2.255735125201524e-11,3.0,3.3354533073278507e-6,(1.21e-5/v2)
831.9580068588257,3.1749248874619097e7,4.0,1.0,2034.0,-0.9903700106845668,true,2.6457512277318718,3.3868639691756936e6,0.0,(sqrt_abs(v2)/v1),7.951301006422173e10,1.3311075724101766,4.744850603064327e6,1.3311075724101766,9.0,0.9763698201191525,(sqrt_abs(v2)/v1)
1706.085795879364,53.01710625717516,4.0,0.0,200.0,-0.3782033717022931,true,9.807465680261123e-6,8.935659597362754,1.0,(6.43056046382311e-7*v2),-0.1445357265090369,1.4321115141234667e-11,7.136527440547074,1.4321115141234667e-11,3.0,3.0398786682488587e-6,(6.43e-7*v2)
866.7271358966827,3.090209995275864e7,4.0,1.0,1960.0,-0.9843960903010047,true,2.5751560048673774,2.4254244704852323e6,0.0,(v2/exp(v1)),4.256247854847294e10,0.7125278926213062,3.5851406732116654e6,0.7125278926213062,9.0,0.5103410572234551,(v2/exp(v1))
913.2291059494019,8.400061848109077e7,4.0,1.0,1862.0,-0.991718960448597,true,6.9999999166672815,2.240199608148831e6,0.0,(v2/pow3(v1)),2.7597009967622296e11,4.619946963871973,9.220810241876826e6,4.619946963871973,9.0,1.0594133329159579,(v2/pow3(v1))
1013.254555940628,28.72576004601793,4.0,0.0,1652.0,-0.9781118230914243,true,1.3896003271231109e-5,2.171008316088237,1.0,(2.47712840223715e-6/v1),0.561145942230314,2.6134756860992147e-11,5.679058335101713,2.6134756860992147e-11,3.0,3.483624755452389e-6,(2.48e-6/v1)
682.9142429828644,14.194559503220528,4.0,0.0,2352.0,-0.9775660255511067,true,6.711634281141789e-6,5.483544840491212,1.0,(1.26620395396592e-6*v1),-0.597823532167657,6.73273645831907e-12,3.6814014987889707,6.73273645831907e-12,3.0,2.22128361755775e-6,(1.27e-6*v1)
1550.7424428462982,784.656569488354,4.0,0.0,528.0,-0.978423069725727,true,0.00038250658777577257,334.24101810418324,1.0,(v1/15273.9618852975),3340.289851806558,5.593570435465546e-8,235.05970001134745,5.593570435465546e-8,3.0,0.00021141079459178783,(v1/15300.0)
1799.7884018421173,57.92364639527547,4.0,0.0,0.0,-0.3804622091333856,true,1.2574009918966571e-5,4.815110926364808,1.0,(1.21439366017951e-5/v2),0.3474515016197286,2.2557351253464745e-11,8.321963890875097,2.2557351253464745e-11,3.0,3.3354533076591414e-6,(1.21e-5/v2)
1510.5974798202515,3.1749248874619097e7,4.0,1.0,613.0,-0.9903700106845668,true,2.6457512277318718,3.3868639691756936e6,0.0,(sqrt_abs(v2)/v1),7.951301006422173e10,1.3311075724101766,4.744850603064327e6,1.3311075724101766,9.0,0.9763698201191525,(sqrt_abs(v2)/v1)
24.113374948501587,14.19548173428935,4.0,0.0,3773.0,-0.9775660255511067,true,6.711173169007976e-6,5.483938358084581,1.0,(1.26628080598822e-6*v1),-0.5978212850925688,6.73277407604557e-12,3.6816613576864565,6.73277407604557e-12,3.0,2.221360469580052e-6,(1.27e-6*v1)
1013.254555940628,28.72576004601793,4.0,0.0,1652.0,-0.9781118230914243,true,1.3896003271231109e-5,2.171008316088237,1.0,(2.47712840223715e-6/v1),0.561145942230314,2.6134756860992147e-11,5.679058335101713,2.6134756860992147e-11,3.0,3.483624755452389e-6,(2.48e-6/v1)
1095.902776002884,4.414584850394092e6,4.0,1.0,1480.0,-0.978423069725727,true,0.36787935783872355,692977.7058529237,0.0,(v1/exp(v1)),2.674794689495694e9,0.04477807423264256,879547.7398056149,0.04477807423264256,9.0,0.1650254375111789,(v1/exp(v1))
1685.094367980957,8.400061848109077e7,4.0,1.0,245.0,-0.991718960448597,true,6.9999999166672815,2.240199608148831e6,0.0,(v2/pow3(v1)),2.7597009967622296e11,4.619946963871973,9.220810241876826e6,4.619946963871973,9.0,1.0594133329159579,(v2/pow3(v1))
1406.1854138374329,784.003724999727,4.0,0.0,832.0,-0.9782521399722084,true,0.0003821801679387318,333.96244823086886,1.0,(v1/15286.6644006089),3334.632090477398,5.584098917607076e-8,234.8635452534999,5.584098917607076e-8,3.0,0.0002112323517475389,(v1/15300.0)
1601.0420019626617,3.090209995275864e7,4.0,1.0,423.0,-0.9843960903010047,true,2.5751560048673774,2.4254244704852323e6,0.0,(v2/exp(v1)),4.256247854847294e10,0.7125278926213062,3.5851406732116654e6,0.7125278926213062,9.0,0.5103410572234551,(v2/exp(v1))
24.113374948501587,14.19548173428935,4.0,0.0,3773.0,-0.9775660255511067,true,6.711173169007976e-6,5.483938358084581,1.0,(1.26628080598822e-6*v1),-0.5978212850925688,6.73277407604557e-12,3.6816613576864565,6.73277407604557e-12,3.0,2.221360469580052e-6,(1.27e-6*v1)
729.0191168785095,8.400061848109077e7,4.0,1.0,2255.0,-0.991718960448597,true,6.9999999166672815,2.240199608148831e6,0.0,(v2/pow3(v1)),2.7597009967622296e11,4.619946963871973,9.220810241876826e6,4.619946963871973,9.0,1.0594133329159579,(v2/pow3(v1))
422.1283209323883,3.1749248874619097e7,4.0,1.0,2921.0,-0.9903700106845668,true,2.6457512277318718,3.3868639691756936e6,0.0,(sqrt_abs(v2)/v1),7.951301006422173e10,1.3311075724101766,4.744850603064327e6,1.3311075724101766,9.0,0.9763698201191525,(sqrt_abs(v2)/v1)
1721.1943559646606,4.852103249833241e6,4.0,1.0,168.0,-0.991718960448597,true,30.85713253834289,4.045971603346005e6,0.0,(pow3(v1)/v2),1.213379049847455e13,203.12877604949236,3.3435632948167957e6,203.12877604949236,9.0,9.950806190058815,(pow3(v1)/v2)
1373.2025167942047,28.725761081153514,4.0,0.0,902.0,-0.978423069725727,true,1.389600325685433e-5,2.1710084265117735,1.0,(2.47712848849782e-6/v1),0.5611459424199512,2.6134756864166818e-11,5.6790585231122925,2.6134756864166818e-11,3.0,3.483624767011318e-6,(2.48e-6/v1)
697.4188389778137,3.090209995275864e7,4.0,1.0,2322.0,-0.9843960903010047,true,2.5751560048673774,2.4254244704852323e6,0.0,(v2/exp(v1)),4.256247854847294e10,0.7125278926213062,3.5851406732116654e6,0.7125278926213062,9.0,0.5103410572234551,(v2/exp(v1))
1799.4930438995361,53.01710632335093,4.0,0.0,1.0,-0.3804622091333856,true,9.807465674746517e-6,8.935659609534824,1.0,(6.43056047170112e-7*v2),-0.1445357264699253,1.4321115141889426e-11,7.136527449779994,1.4321115141889426e-11,3.0,3.039878669714168e-6,(6.43e-7*v2)
1792.0116448402405,57.92352349663966,4.0,0.0,17.0,-0.48135472790395645,true,1.2574013537385936e-5,4.815098797631377,1.0,(1.21439112728596e-5/v2),0.3474512144440758,2.2557346445928396e-11,8.32194653353094,2.2557346445928396e-11,3.0,3.335452208865795e-6,(1.21e-5/v2)
1385.0810589790344,0.7764342458135237,5.0,0.0,876.0,-0.978423069725727,true,2.4057802897220887e-6,0.47213504455919414,1.0,(5.51068412741445e-8*pow3(v1)),-0.959566834887523,6.768815847064727e-13,0.30156068536397707,6.768815847064727e-13,5.0,5.613219093181596e-7,(5.51e-8*pow3(v1))
1407.4007239341736,0.6521358325383997,5.0,0.0,829.0,-0.9857569875096456,true,3.296632647960633e-6,0.4418943819810766,1.0,(3.22080372236265e-8*exp(v1)),-0.9251091467977973,1.25372919123475e-12,0.30050419837050796,1.25372919123475e-12,5.0,7.32479596143289e-7,(3.22e-8*exp(v1))
1216.651515007019,4.1821435850479905e6,5.0,1.0,1229.0,-0.991718960448597,true,0.3485093952423289,44422.21706894572,0.0,(v2/pow3(exp(v1))),6.738865710246177e8,0.011281367894784945,450657.926377106,0.011281367894784945,33.0,0.046802237142792684,(v2/pow3(exp(v1)))
1796.4079558849335,0.7764628672137881,5.0,0.0,7.0,-0.9816568818435828,true,2.4055885107398557e-6,0.472150707320868,1.0,(5.5107729139803e-8*pow3(v1)),-0.9595665703141639,6.76886013863432e-13,0.3015655440234519,6.76886013863432e-13,5.0,5.613240046811137e-7,(5.51e-8*pow3(v1))
985.3776938915253,4.1821435850479905e6,5.0,1.0,1711.0,-0.991718960448597,true,0.3485093952423289,44422.21706894572,0.0,(v2/pow3(exp(v1))),6.738865710246177e8,0.011281367894784945,450657.926377106,0.011281367894784945,33.0,0.046802237142792684,(v2/pow3(exp(v1)))
1572.0656538009644,0.6520822314240258,5.0,1.0,483.0,-0.9857569875096456,true,3.29636168725767e-6,0.44180838553228335,1.0,exp((-17.2508957378594+v1)),-0.9251109688526075,1.253698688667269e-12,0.3004457232535795,1.253698688667269e-12,8.0,7.325529621685424e-7,exp((-17.3+v1))
1437.9482519626617,0.7761722978772786,5.0,0.0,765.0,-0.9816568818435828,true,2.4075354836730137e-6,0.472035468427615,1.0,pow3((0.0038052263123266*v1)),-0.9595692167559694,6.768417104378125e-13,0.30151621808387935,6.768417104378125e-13,8.0,5.613027321990663e-7,pow3((0.00381*v1))
1752.197299003601,4.1821435850479905e6,5.0,1.0,102.0,-0.991718960448597,true,0.3485093952423289,44422.21706894572,0.0,(v2/pow3(exp(v1))),6.738865710246177e8,0.011281367894784945,450657.926377106,0.011281367894784945,33.0,0.046802237142792684,(v2/pow3(exp(v1)))
1566.011400938034,0.7762339025052546,5.0,0.0,496.0,-0.978423069725727,true,2.4071226990871805e-6,0.4720344985078803,1.0,pow3((0.00380527030521352*v1)),-0.9595686630042254,6.768509806583585e-13,0.30152667584997894,6.768509806583585e-13,8.0,5.613072422528743e-7,pow3((0.00381*v1))
1152.035651922226,0.6521358832658533,5.0,0.0,1364.0,-0.9857569875096456,true,3.296632904394602e-6,0.4418944633670873,1.0,(3.22080325268746e-8*exp(v1)),-0.9251091450379598,1.2537292206957519e-12,0.30050425371065936,1.2537292206957519e-12,5.0,7.3247952671056e-7,(3.22e-8*exp(v1))
1799.3632988929749,9.090200041353923e11,5.0,1.0,1.0,-0.991718960448597,true,9.379995591036897e6,1.158272185908267e10,0.0,(pow3(exp(v1))/v2),7.37134971818053e23,1.2340193662276447e13,1.169121621520826e11,1.2340193662276447e13,33.0,1.363167679689083e6,(pow3(exp(v1))/v2)
1681.374074935913,0.7764628571348194,5.0,0.0,253.0,-0.9816568818435828,true,2.4055885782744397e-6,0.47215070180525787,1.0,(5.51077288271429e-8*pow3(v1)),-0.9595665704074827,6.768860123012047e-13,0.3015655423124847,6.768860123012047e-13,5.0,5.613240039432357e-7,(5.51e-8*pow3(v1))
735.4852910041809,4.1821435850479905e6,5.0,1.0,2241.0,-0.991718960448597,true,0.3485093952423289,44422.21706894572,0.0,(v2/pow3(exp(v1))),6.738865710246177e8,0.011281367894784945,450657.926377106,0.011281367894784945,33.0,0.046802237142792684,(v2/pow3(exp(v1)))
1285.5847158432007,0.7764624888476084,5.0,0.0,1087.0,-0.978423069725727,true,2.405591045999498e-6,0.47215050026393657,1.0,pow3((0.00380543353362408*v1)),-0.9595665738172959,6.768859552183676e-13,0.3015654797934559,6.768859552183676e-13,8.0,5.613239769810549e-7,pow3((0.00381*v1))
1791.149216890335,0.7764628666723282,5.0,0.0,19.0,-0.9687544912826594,true,2.4055885143679333e-6,0.47215070702455963,1.0,(5.51077291230063e-8*pow3(v1)),-0.9595665703191771,6.768860137795066e-13,0.30156554393153573,6.768860137795066e-13,5.0,5.613240046414736e-7,(5.51e-8*pow3(v1))
379.7502019405365,8.229834036912804,5.0,0.0,3012.0,-0.9871200097434403,true,1.4287492805933906e-5,0.9983277204281309,1.0,(7.69147164122208e-7/pow2(v1)),0.6555408066302928,2.771499786427422e-11,2.0957796251925815,2.771499786427422e-11,5.0,3.3980868024995655e-6,(7.69e-7/pow2(v1))
1152.035651922226,0.6521358832658533,5.0,0.0,1364.0,-0.9857569875096456,true,3.296632904394602e-6,0.4418944633670873,1.0,(3.22080325268746e-8*exp(v1)),-0.9251091450379598,1.2537292206957519e-12,0.30050425371065936,1.2537292206957519e-12,5.0,7.3247952671056e-7,(3.22e-8*exp(v1))
1763.9117529392242,0.9257812932245003,6.0,0.0,77.0,-0.9792815602663242,true,2.555722812202202e-6,0.7379730630716467,1.0,(9.763316735808941e-9*pow2(pow2(v1))),-0.9609454568465053,6.538024165604427e-13,0.41938205589009897,6.538024165604427e-13,17.0,5.30908641694157e-7,(9.76e-9*pow2(pow2(v1)))
1792.1958179473877,783.6444237611747,6.0,0.0,16.0,-0.9915986427908554,true,0.00038200051864432883,333.80913377045925,1.0,(v1/(15286.6644088752+v2)),3331.8212916848365,5.579393429091133e-8,234.78649973978096,5.579393429091133e-8,7.0,0.0002111471427557666,(v1/(15300.0+v2))
212.65729999542236,1.0026690211857527,6.0,0.0,3353.0,-0.9908526410220257,true,1.4310192505688534e-5,1.0011388759598054,1.0,(v1/(-4.4960634043191e9-v2)),0.6643323774404646,2.7862175369806974e-11,1.0008019386143794,2.7862175369806974e-11,7.0,3.3344802360926153e-6,(v1/(-4.5e9-v2))
19.9095938205719,3.0902099952758636e7,6.0,1.0,3786.0,-0.9920089522876666,true,2.575156004867377,328244.6430174136,0.0,exp((log(v2)-pow2(v1))),3.6792760156750984e10,0.6159384686315008,3.329375863610715e6,0.6159384686315008,256.0,0.3451127300247399,exp((log(v2)-pow2(v1)))
212.65729999542236,1.0026690211857527,6.0,0.0,3353.0,-0.9908526410220257,true,1.4310192505688534e-5,1.0011388759598054,1.0,(v1/(-4.4960634043191e9-v2)),0.6643323774404646,2.7862175369806974e-11,1.0008019386143794,2.7862175369806974e-11,7.0,3.3344802360926153e-6,(v1/(-4.5e9-v2))
968.9905228614807,0.9257812934839134,6.0,0.0,1746.0,-0.9787920233176661,true,2.555722820938264e-6,0.7379730639874965,1.0,pow2(pow2((0.0099402966264449*v1))),-0.9609454568533621,6.538024164456557e-13,0.419382056381594,6.538024164456557e-13,256.0,5.309086439027428e-7,pow2(pow2((0.00994*v1)))
19.9095938205719,3.0902099952758636e7,6.0,1.0,3786.0,-0.9920089522876666,true,2.575156004867377,328244.6430174136,0.0,exp((log(v2)-pow2(v1))),3.6792760156750984e10,0.6159384686315008,3.329375863610715e6,0.6159384686315008,256.0,0.3451127300247399,exp((log(v2)-pow2(v1)))
1091.9882509708405,0.9257812932236297,6.0,0.0,1488.0,-0.9792815602663242,true,2.5557228121728812e-6,0.7379730630685728,1.0,(9.763316735923471e-9*pow2(pow2(v1))),-0.9609454568464824,6.538024165608281e-13,0.41938205588844935,6.538024165608281e-13,17.0,5.309086416867444e-7,(9.76e-9*pow2(pow2(v1)))
1471.5389738082886,0.9956061209619564,6.0,0.0,695.0,-0.9868769808710566,true,5.723210622525712e-6,0.9925897863011426,1.0,pow2((8.84446493507066e-6*exp(v1))),-0.7251166560836536,4.601753855329401e-12,0.8177746964882623,4.601753855329401e-12,32.0,1.5154476764217117e-6,pow2((8.84e-6*exp(v1)))
1557.5548059940338,0.9956061209619564,6.0,0.0,514.0,-0.9868769808710566,true,5.723210622525712e-6,0.9925897863011426,1.0,pow2((8.84446493507066e-6*exp(v1))),-0.7251166560836536,4.601753855329401e-12,0.8177746964882623,4.601753855329401e-12,32.0,1.5154476764217117e-6,pow2((8.84e-6*exp(v1)))
1398.6496238708496,783.6444237611695,6.0,0.0,848.0,-0.9915986427908554,true,0.0003820005186443262,333.80913377045704,1.0,(v1/(15286.6644088753+v2)),3331.821291684791,5.579393429091057e-8,234.7864997397794,5.579393429091057e-8,7.0,0.00021114714275576512,(v1/(15300.0+v2))
1797.5026259422302,0.9257812930883808,6.0,0.0,5.0,-0.976284452722899,true,2.5557228076182047e-6,0.7379730625910808,1.0,(9.763316753715181e-9*pow2(pow2(v1))),-0.9609454568429074,6.538024166206741e-13,0.419382055632201,6.538024166206741e-13,17.0,5.309086405352652e-7,(9.76e-9*pow2(pow2(v1)))
1340.1786019802094,0.7764624332439025,6.0,0.0,972.0,-0.9816568818435828,true,2.405591418574631e-6,0.472150469835391,1.0,(pow3(v1)*pow3(0.00380543349392041)),-0.9595665743320946,6.768859466002512e-13,0.3015654703543834,6.768859466002512e-13,9.0,5.613239729103264e-7,(pow3(v1)*pow3(0.00381))
1173.6601898670197,0.9257812935237236,6.0,0.0,1319.0,-0.975853296266072,true,2.5557228222789283e-6,0.737973064128046,1.0,pow2(pow2((0.00994029662511193*v1))),-0.9609454568544143,6.538024164280401e-13,0.4193820564570204,6.538024164280401e-13,256.0,5.309086442416794e-7,pow2(pow2((0.00994*v1)))
1340.7052237987518,0.7764628598225356,6.0,0.0,971.0,-0.9816568818435828,true,2.4055885602652775e-6,0.47215070327608233,1.0,(pow3(v1)*pow3(0.00380543379851762)),-0.9595665703825977,6.768860127177973e-13,0.30156554276874115,6.768860127177973e-13,9.0,5.613240041400025e-7,(pow3(v1)*pow3(0.00381))
1605.012902021408,0.9257812932663372,6.0,0.0,415.0,-0.9792815602663242,true,2.5557228136111093e-6,0.7379730632193502,1.0,pow2(pow2((-0.00994029663373003*v1))),-0.9609454568476111,6.538024165419304e-13,0.4193820559693648,6.538024165419304e-13,256.0,5.309086420503465e-7,pow2(pow2((-0.00994*v1)))
19.9095938205719,3.0902099952758636e7,6.0,1.0,3786.0,-0.9920089522876666,true,2.575156004867377,328244.6430174136,0.0,exp((log(v2)-pow2(v1))),3.6792760156750984e10,0.6159384686315008,3.329375863610715e6,0.6159384686315008,256.0,0.3451127300247399,exp((log(v2)-pow2(v1)))
988.4616389274597,783.3999892410865,6.0,0.0,1705.0,-0.991718960448597,true,0.00038187830228560284,333.7048331376426,1.0,(v1/(15291.43021659+v2)),3329.704882492333,5.5758504009751696e-8,234.71303727279022,5.5758504009751696e-8,7.0,0.00021108032304780058,(v1/(15300.0+v2))
1301.4920649528503,1.0026690216183844,7.0,0.0,1053.0,-0.9922977348105848,true,1.4309402812675925e-5,1.0008053070446439,1.0,(sqrt_abs(v1)/(-4.49606267553541e9-v2)),0.6640807222433596,2.7857962472593947e-11,1.0006661741100098,2.7857962472593947e-11,13.0,3.334138223855872e-6,(sqrt_abs(v1)/(-4.5e9-v2))
1195.5730588436127,5.153651578471732,7.0,0.0,1273.0,-0.9922742128012215,true,2.2518194242633395e-6,0.841365189330441,1.0,(5.76891798118371e-8*(pow3(v1)-v2)),-0.9636487776195765,6.085467942574133e-13,0.8506469682176119,6.085467942574133e-13,7.0,5.841266427072208e-7,(5.77e-8*(pow3(v1)-v2))
1195.5730588436127,5.153651578471732,7.0,0.0,1273.0,-0.9922742128012215,true,2.2518194242633395e-6,0.841365189330441,1.0,(5.76891798118371e-8*(pow3(v1)-v2)),-0.9636487776195765,6.085467942574133e-13,0.8506469682176119,6.085467942574133e-13,7.0,5.841266427072208e-7,(5.77e-8*(pow3(v1)-v2))
874.7694218158722,9.704209499666482e6,7.0,1.0,1943.0,-0.9923249980738181,true,47.46721859818746,6.243667111264664e6,0.0,(pow3(v1)/(sqrt_abs(v1)-v2)),2.8984909676937484e13,485.2291810478605,5.145024386057097e6,485.2291810478605,25.0,15.325333697060923,(pow3(v1)/(sqrt_abs(v1)-v2))
1799.7212688922882,3.909648257186098e7,7.0,1.0,0.0,-0.991718960448597,true,403.42878317393513,2.099966387307475e7,0.0,(exp(v1)/sqrt_abs((v2-v1))),1.484655335901205e15,24854.246599597136,1.6930088413094126e7,24854.246599597136,65.0,81.90625717333607,(exp(v1)/sqrt_abs((v2-v1)))
1772.037062883377,9.704209499666482e6,7.0,1.0,60.0,-0.9923249980738181,true,47.46721859818746,6.243667111264664e6,0.0,(pow3(v1)/(sqrt_abs(v1)-v2)),2.8984909676937484e13,485.2291810478605,5.145024386057097e6,485.2291810478605,25.0,15.325333697060923,(pow3(v1)/(sqrt_abs(v1)-v2))
1683.7308390140533,0.7711674327443426,7.0,0.0,248.0,-0.991718960448597,true,3.045050864357113e-6,0.4896164400453329,1.0,(pow3((0.0071467704257435*v1))/v2),-0.9486324664289051,8.599311339921886e-13,0.32445103250563034,8.599311339921886e-13,17.0,6.65418553486249e-7,(pow3((0.00715*v1))/v2)
1490.803570985794,5.1536515784630845,7.0,0.0,655.0,-0.9907565981842688,true,2.2518194242884405e-6,0.8413651893307712,1.0,(5.7689179811717e-8*(pow3(v1)-v2)),-0.963648777619604,6.085467942569521e-13,0.8506469682163404,6.085467942569521e-13,7.0,5.841266427063585e-7,(5.77e-8*(pow3(v1)-v2))
1758.4460709095001,1.2559600090486118e8,7.0,1.0,89.0,-0.9924938491901119,true,1296.000014308858,6.093837560348268e7,0.0,(pow2(pow2(v1))/(v1-v2)),1.6043640245116948e16,268582.6005301826,4.243105843009764e7,268582.6005301826,65.0,274.123336667084,(pow2(pow2(v1))/(v1-v2))
291.57863092422485,1.2559600090486118e8,7.0,1.0,3194.0,-0.9924938491901119,true,1296.000014308858,6.093837560348268e7,0.0,(pow2(pow2(v1))/(v1-v2)),1.6043640245116948e16,268582.6005301826,4.243105843009764e7,268582.6005301826,65.0,274.123336667084,(pow2(pow2(v1))/(v1-v2))
1796.223130941391,0.9257812933296449,7.0,0.0,8.0,-0.9787920233176661,true,2.555722815743079e-6,0.7379730634428565,1.0,(v1*pow3((0.00213730151047967*v1))),-0.9609454568492845,6.538024165139177e-13,0.4193820560893103,6.538024165139177e-13,17.0,5.309086425893348e-7,(v1*pow3((0.00214*v1)))
807.9192268848419,5.153651578471732,7.0,0.0,2085.0,-0.9922742128012215,true,2.2518194242633395e-6,0.841365189330441,1.0,(5.76891798118371e-8*(pow3(v1)-v2)),-0.9636487776195765,6.085467942574133e-13,0.8506469682176119,6.085467942574133e-13,7.0,5.841266427072208e-7,(5.77e-8*(pow3(v1)-v2))
1799.9748058319092,0.7711753460538721,7.0,0.0,0.0,-0.991718960448597,true,3.045000539362004e-6,0.4896230954274007,1.0,((3.65032417865866e-7*pow3(v1))/v2),-0.9486324472605226,8.599314548853219e-13,0.3244544479577941,8.599314548853219e-13,11.0,6.654217217087413e-7,((3.65e-7*pow3(v1))/v2)
449.0351219177246,0.9088778620341245,8.0,0.0,2863.0,-0.991718960448597,true,2.006106479903007e-6,0.5961898716068358,1.0,(pow2(pow2(v1))*(6.65697107611975e-8/v2)),-0.9784684035182912,3.6045511419292743e-13,0.34409173007628513,3.6045511419292743e-13,49.0,3.9708456197797284e-7,(pow2(pow2(v1))*(6.66e-8/v2))
1234.7036278247833,0.9088778621286818,8.0,0.0,1192.0,-0.9917915862199245,true,2.006106467113472e-6,0.5961898720258688,1.0,(pow2((-0.000258011066995426*pow2(v1)))/v2),-0.9784684035110099,3.60455114314821e-13,0.3440917300927931,3.60455114314821e-13,65.0,3.970845618727519e-7,(pow2((-0.000258*pow2(v1)))/v2)
1798.6984498500824,0.9088778621810216,8.0,0.0,2.0,-0.9920813207178127,true,2.00610646003414e-6,0.5961898722578145,1.0,(pow2(pow2((0.0160627228987282*v1)))/v2),-0.9784684035069796,3.604551143822923e-13,0.34409173010193056,3.604551143822923e-13,513.0,3.9708456181450925e-7,(pow2(pow2((0.0161*v1)))/v2)
1598.5250890254974,0.9088778620453752,8.0,0.0,428.0,-0.9917915862199245,true,2.0061064783812632e-6,0.5961898716566938,1.0,(pow2(pow2(v1))*(6.65697107529782e-8/v2)),-0.9784684035174248,3.6045511420743075e-13,0.34409173007824934,3.6045511420743075e-13,49.0,3.9708456196545327e-7,(pow2(pow2(v1))*(6.66e-8/v2))
1636.5033910274506,0.908877862125089,8.0,0.0,348.0,-0.9923703185293535,true,2.0061064675994164e-6,0.5961898720099474,1.0,((6.65697106947429e-8*pow2(pow2(v1)))/v2),-0.9784684035112866,3.604551143101897e-13,0.34409173009216587,3.604551143101897e-13,35.0,3.970845618767499e-7,((6.66e-8*pow2(pow2(v1)))/v2)
1796.9088859558105,0.9088778621737834,8.0,0.0,6.0,-0.991718960448597,true,2.006106461013156e-6,0.5961898722257382,1.0,(pow2(pow2((0.0160627228990471*v1)))/v2),-0.9784684035075369,3.604551143729615e-13,0.34409173010066696,3.604551143729615e-13,513.0,3.9708456182256373e-7,(pow2(pow2((0.0161*v1)))/v2)
1788.23664188385,0.9973575580086963,8.0,0.0,25.0,-0.9920813207178127,true,2.8411390641091364e-6,0.9514662000889317,1.0,pow2((pow3((-0.048804445018935*v1))/v2)),-0.9369443989347317,1.0555981718212653e-12,0.5950221868582081,1.0555981718212653e-12,131072.0,7.894135011668208e-7,pow2((pow3((-0.0488*v1))/v2))
1719.7076439857483,0.9088778620034615,8.0,0.0,171.0,-0.9917915862199245,true,2.0061064840503853e-6,0.596189871470952,1.0,(pow2(pow2(v1))*(6.65697107835985e-8/v2)),-0.9784684035206523,3.6045511415339966e-13,0.34409173007093186,3.6045511415339966e-13,49.0,3.9708456201209376e-7,(pow2(pow2(v1))*(6.66e-8/v2))
495.3641719818115,0.9088762744042623,8.0,0.0,2759.0,-0.9909253294716494,true,2.0063212179454115e-6,0.5961828359837396,1.0,(pow2(pow2(v1))/(v2/6.65708706117352e-8)),-0.9784685252751524,3.6045307589152617e-13,0.34409145290495274,3.6045307589152617e-13,49.0,3.9708632865126567e-7,(pow2(pow2(v1))/(v2/6.66e-8))
1647.964112997055,0.9088778621316634,8.0,0.0,324.0,-0.9919358720819955,true,2.0061064667101707e-6,0.5961898720390826,1.0,(6.65697106899399e-8*(pow2(pow2(v1))/v2)),-0.9784684035107803,3.6045511431866484e-13,0.3440917300933137,3.6045511431866484e-13,34.0,3.9708456186943393e-7,(6.66e-8*(pow2(pow2(v1))/v2))
1796.564996957779,0.9944379641929711,8.0,0.0,7.0,-0.992155621100875,true,5.427431172971764e-6,0.9850646200277386,1.0,(pow2((2.34503210497379e-5*exp(v1)))/v2),-0.740770257481913,4.339700798356433e-12,0.8089575060590215,4.339700798356433e-12,65.0,1.4846340866488833e-6,(pow2((2.35e-5*exp(v1)))/v2)
1799.8213407993317,0.9670344001015926,8.0,0.0,0.0,-0.9794531680787216,true,2.007850633469283e-6,0.6517398163925827,2.0,pow3((-0.00265995231942612+(0.00429068081338214*v1))),-0.9668698195186887,5.546241310424013e-13,0.408692488478428,5.546241310424013e-13,16.0,5.077574237741959e-7,pow3((-0.00266+(0.00429*v1)))
495.3641719818115,0.9088762744042623,8.0,0.0,2759.0,-0.9909253294716494,true,2.0063212179454115e-6,0.5961828359837396,1.0,(pow2(pow2(v1))/(v2/6.65708706117352e-8)),-0.9784685252751524,3.6045307589152617e-13,0.34409145290495274,3.6045307589152617e-13,49.0,3.9708632865126567e-7,(pow2(pow2(v1))/(v2/6.66e-8))
1377.926531791687,0.9088778620428517,8.0,0.0,892.0,-0.991718960448597,true,2.0061064787225802e-6,0.5961898716455111,1.0,(pow2((-0.000258011067116939*pow2(v1)))/v2),-0.9784684035176192,3.604551142041777e-13,0.34409173007780863,3.604551142041777e-13,65.0,3.9708456196826124e-7,(pow2((-0.000258*pow2(v1)))/v2)
872.1332609653473,0.9088778619137159,9.0,0.0,1949.0,-0.9915025465114866,true,2.0061064961891094e-6,0.5961898710732418,1.0,((v1*pow3((0.00405283469380062*v1)))/v2),-0.9784684035275631,3.604551140377088e-13,0.344091730055264,3.604551140377088e-13,35.0,3.970845621119606e-7,((v1*pow3((0.00405*v1)))/v2)
905.7816920280457,0.9088778619336693,9.0,0.0,1878.0,-0.9919358720819955,true,2.006106493490271e-6,0.596189871161666,1.0,(pow3((0.00405283469350479*v1))*(v1/v2)),-0.9784684035260266,3.6045511406343075e-13,0.3440917300587475,3.6045511406343075e-13,41.0,3.970845620897569e-7,(pow3((0.00405*v1))*(v1/v2))
1799.6131718158722,1.1304643650721256,9.0,0.0,0.0,-0.991718960448597,true,3.3656209023149288e-6,0.6993948386423949,1.0,(pow3((0.00870051853846282*v1))/(v2+v1)),-0.9236782441218864,1.277683577890779e-12,0.45757194542141094,1.277683577890779e-12,33.0,8.372826293901783e-7,(pow3((0.0087*v1))/(v2+v1))
1335.8829789161682,0.9088778619743613,9.0,0.0,981.0,-0.9920813207178127,true,2.0061064879864e-6,0.5961898713419935,1.0,(pow2((v1*(0.000258011067213904*v1)))/v2),-0.9784684035228932,3.6045511411588664e-13,0.3440917300658515,3.6045511411588664e-13,257.0,3.970845620444758e-7,(pow2((v1*(0.000258*v1)))/v2)
603.9240000247955,0.9088778619680316,9.0,0.0,2523.0,-0.991718960448597,true,2.006106488842542e-6,0.5961898713139431,1.0,(v1*(pow3((0.00405283469299535*v1))/v2)),-0.9784684035233806,3.6045511410772697e-13,0.34409173006474647,3.6045511410772697e-13,35.0,3.970845620515194e-7,(v1*(pow3((0.00405*v1))/v2))
1643.530301809311,0.9999260900377223,9.0,0.0,333.0,-0.9923709920774166,true,4.347405040583333e-6,0.9947594572255433,1.0,(pow2(pow2((-0.00271074669803848*pow2(v1))))/v2),-0.8196639446733232,3.0189611565078254e-12,0.7606975847268775,3.0189611565078254e-12,8.589934593e9,1.293488344909373e-6,(pow2(pow2((-0.00271*pow2(v1))))/v2)
1617.2078068256378,0.9075956953640031,9.0,0.0,389.0,-0.9922977348105848,true,2.1795284892486613e-6,0.6138147686594266,1.0,(pow2(pow2(v1))*(1.87659137301682e-8/log(v2))),-0.9724693191585466,4.608842969421826e-13,0.37232285196927717,4.608842969421826e-13,81.0,4.43311830850611e-7,(pow2(pow2(v1))*(1.88e-8/log(v2)))
1499.307844877243,0.999925975679036,9.0,0.0,637.0,-0.9923700986025566,true,4.062781235588075e-6,0.994561573583759,1.0,pow2((pow2(pow2(v1))/(v2/1.94564060221465e-5))),-0.845498492018011,2.5864714095834488e-12,0.7431852329628785,2.5864714095834488e-12,5.62949953421312e14,1.2219531059634355e-6,pow2((pow2(pow2(v1))/(v2/1.95e-5)))
603.9240000247955,0.9088778619680316,9.0,0.0,2523.0,-0.991718960448597,true,2.006106488842542e-6,0.5961898713139431,1.0,(v1*(pow3((0.00405283469299535*v1))/v2)),-0.9784684035233806,3.6045511410772697e-13,0.34409173006474647,3.6045511410772697e-13,35.0,3.970845620515194e-7,(v1*(pow3((0.00405*v1))/v2))
1335.8829789161682,0.9088778619743613,9.0,0.0,981.0,-0.9920813207178127,true,2.0061064879864e-6,0.5961898713419935,1.0,(pow2((v1*(0.000258011067213904*v1)))/v2),-0.9784684035228932,3.6045511411588664e-13,0.3440917300658515,3.6045511411588664e-13,257.0,3.970845620444758e-7,(pow2((v1*(0.000258*v1)))/v2)
1798.0489559173584,0.6677215360352243,9.0,0.0,4.0,-0.978423069725727,true,2.0629765445627645e-6,0.3308709578163671,2.0,pow2((-4.11406664757455e-6*pow3((3.49158276855776+v1)))),-0.9683330931801983,5.301278297484857e-13,0.21754470827947348,5.301278297484857e-13,512.0,4.6487084514419217e-7,pow2((-4.11e-6*pow3((3.49+v1))))
872.1332609653473,0.9088778619137159,9.0,0.0,1949.0,-0.9915025465114866,true,2.0061064961891094e-6,0.5961898710732418,1.0,((v1*pow3((0.00405283469380062*v1)))/v2),-0.9784684035275631,3.604551140377088e-13,0.344091730055264,3.604551140377088e-13,35.0,3.970845621119606e-7,((v1*pow3((0.00405*v1)))/v2)
905.7816920280457,0.9088778619336693,9.0,0.0,1878.0,-0.9919358720819955,true,2.006106493490271e-6,0.596189871161666,1.0,(pow3((0.00405283469350479*v1))*(v1/v2)),-0.9784684035260266,3.6045511406343075e-13,0.3440917300587475,3.6045511406343075e-13,41.0,3.970845620897569e-7,(pow3((0.00405*v1))*(v1/v2))
1742.3602318763733,0.9075956953547336,9.0,0.0,123.0,-0.9923703185293535,true,2.179528490502443e-6,0.6138147686206861,1.0,(pow2((-0.000136988735785285*pow2(v1)))/log(v2)),-0.9724693191588184,4.608842969376315e-13,0.37232285195045023,4.608842969376315e-13,129.0,4.433118307784358e-7,(pow2((-0.000137*pow2(v1)))/log(v2))
1008.6877839565277,0.999925975679034,9.0,0.0,1662.0,-0.9926597351578459,true,4.062781235563082e-6,0.9945615735836221,1.0,pow2((-1.94564060223915e-5*(pow2(pow2(v1))/v2))),-0.8454984920185281,2.5864714095747913e-12,0.743185232962455,2.5864714095747913e-12,1.7179869184e10,1.2219531059829694e-6,pow2((-1.95e-5*(pow2(pow2(v1))/v2)))
462.5620288848877,0.7769044382664941,10.0,0.0,2833.0,-0.9922977348105848,true,2.0001881372679762e-6,0.4598460257888472,1.0,(pow3((0.00384922911077174*v1))/sqrt_abs((v1-v2))),-0.9832393995420968,2.8058505355735065e-13,0.2679887387851339,2.8058505355735065e-13,129.0,3.2807704629928124e-7,(pow3((0.00385*v1))/sqrt_abs((v1-v2)))
762.6726779937744,1.3401053752967578,10.0,0.0,2182.0,-0.992514604490131,true,2.57769622682285e-6,0.7782672829064949,1.0,(9.800714661075811e-9*(pow2(pow2(v1))-log(pow2(v2)))),-0.960071563192339,6.684320533907912e-13,0.4871332556648925,6.684320533907912e-13,33.0,5.448221896919628e-7,(9.8e-9*(pow2(pow2(v1))-log(pow2(v2))))
1784.4366128444672,0.999999943979083,10.0,0.0,33.0,-0.9924910597517063,true,5.503374339765616e-6,0.9999341479922657,1.0,pow2((pow3((v1*(0.00811926725752184*v1)))/v2)),-0.7227677255978998,4.6410767177652126e-12,0.8332056834165209,4.6410767177652126e-12,2.315841784746324e77,1.538711838885947e-6,pow2((pow3((v1*(0.00812*v1)))/v2))
575.4663288593292,0.776864265595577,10.0,0.0,2585.0,-0.9922977348105848,true,2.002406409345661e-6,0.4597487606183438,1.0,(pow3((0.00384946013962245*v1))/sqrt_abs((v1-v2))),-0.9832434995813594,2.80516415817374e-13,0.26793615650958463,2.80516415817374e-13,129.0,3.2798977434237393e-7,(pow3((0.00385*v1))/sqrt_abs((v1-v2)))
1652.2148098945618,0.908877862130366,10.0,0.0,315.0,-0.9923703185293535,true,2.0061064668856624e-6,0.5961898720333327,1.0,(pow2(pow2(v1))/((v2+v2)/1.33139421381776e-7)),-0.9784684035108803,3.6045511431699215e-13,0.3440917300930872,3.6045511431699215e-13,81.0,3.9708456187087765e-7,(pow2(pow2(v1))/((v2+v2)/1.33e-7))
1255.9260399341583,0.7768741384845967,10.0,0.0,1149.0,-0.9922977348105848,true,2.001861243850347e-6,0.4597726646359743,1.0,(pow3((0.00384940336423505*v1))/sqrt_abs((v1-v2))),-0.9832425017114776,2.8053312090946995e-13,0.2679490791995391,2.8053312090946995e-13,129.0,3.280112224145437e-7,(pow3((0.00385*v1))/sqrt_abs((v1-v2)))
1794.7084488868713,0.7769066364506969,10.0,0.0,11.0,-0.9908526410220257,true,2.0000667569731822e-6,0.45985134798317473,1.0,(pow3((0.00384921646844282*v1))/sqrt_abs((v2-v1))),-0.9832391721553696,2.805888601821304e-13,0.267991616003024,2.805888601821304e-13,129.0,3.2808182168096827e-7,(pow3((0.00385*v1))/sqrt_abs((v2-v1)))
1729.063756942749,1.2873249067234693,10.0,0.0,151.0,-0.992514604490131,true,3.1206278028300543e-6,0.526351309815299,1.0,(pow3((-0.00617716563478637*v1))/(sqrt_abs(v1)-v2)),-0.9502596826247016,8.326903114098652e-13,0.362138376269108,8.326903114098652e-13,49.0,6.591164061935142e-7,(pow3((-0.00618*v1))/(sqrt_abs(v1)-v2))
770.009605884552,0.7768808847446087,10.0,0.0,2167.0,-0.992514604490131,true,2.001488725920329e-6,0.459788998529523,1.0,(pow3((0.00384936456798863*v1))/sqrt_abs((v1-v2))),-0.9832418161969616,2.8054459693789043e-13,0.26795790942403697,2.8054459693789043e-13,129.0,3.2802587813196586e-7,(pow3((0.00385*v1))/sqrt_abs((v1-v2)))
1423.8777968883514,0.9995550778098595,11.0,0.0,794.0,-0.9930468591903541,true,3.990040760399124e-6,0.9842265257829773,1.0,(pow3((v1*(0.000687562652729033*v1)))*(v1/v2)),-0.8616425215300348,2.31620821724497e-12,0.7129696673424769,2.31620821724497e-12,641.0,1.1478231605043116e-6,(pow3((v1*(0.000688*v1)))*(v1/v2))
1069.5699830055237,0.9312048164410831,11.0,0.0,1534.0,-0.992298181645816,true,2.039865048318139e-6,0.6395994964367839,1.0,(pow2(pow2(v1))*(-4.30788412768645e-8/(sqrt_abs(v1)-v2))),-0.9815438060665362,3.089705632141563e-13,0.3337030297539719,3.089705632141563e-13,113.0,3.609282897118894e-7,(pow2(pow2(v1))*(-4.31e-8/(sqrt_abs(v1)-v2)))
1033.5927658081055,0.9995564222200302,11.0,0.0,1610.0,-0.9930958639651573,true,3.9174110639380695e-6,0.9903933218542218,1.0,(pow3((v1*(0.000652467054626895*v1)))/(v2-v1)),-0.8453020111618716,2.5897606468444474e-12,0.7506865750296577,2.5897606468444474e-12,513.0,1.234833202722065e-6,(pow3((v1*(0.000652*v1)))/(v2-v1))
1799.2941389083862,0.997335049823883,11.0,0.0,1.0,-0.9923219299733651,true,3.4602379612829805e-6,0.9527608154592601,1.0,(pow2((v1*(v1*(-4.41235992508266e-5*v1))))/v2),-0.9081954511650646,1.536877173127323e-12,0.6373091552213808,1.536877173127323e-12,65537.0,9.34807994814936e-7,(pow2((v1*(v1*(-4.41e-5*v1))))/v2)
620.4242219924927,1.6971283620073137,11.0,0.0,2487.0,-0.982832031525711,true,2.0960448603227827e-6,0.4641267841919142,2.0,pow2((pow3((0.0640788256715935+(0.0377022214823011*v1)))/v2)),-0.9835059747814117,2.7612238361971367e-13,0.317208163156601,2.7612238361971367e-13,8.589934592e9,3.3288519092745e-7,pow2((pow3((0.0641+(0.0377*v1)))/v2))
315.74592900276184,0.9312064970935534,11.0,0.0,3145.0,-0.992298181645816,true,2.040164777343548e-6,0.639608300948456,1.0,(pow2(pow2(v1))*(-4.30777888694536e-8/(sqrt_abs(v1)-v2))),-0.9815434646541522,3.0897627871416407e-13,0.33370660375947253,3.0897627871416407e-13,113.0,3.609345012954014e-7,(pow2(pow2(v1))*(-4.31e-8/(sqrt_abs(v1)-v2)))
641.7103669643402,1.6202144962318947,11.0,0.0,2441.0,-0.9827825056081937,true,2.084684922382718e-6,0.47018466371903744,2.0,pow2((pow3((0.063482311374371+(0.0378091381753668*v1)))/v2)),-0.9835002092208786,2.762189034380256e-13,0.31341502773648566,2.762189034380256e-13,8.589934592e9,3.332763654005325e-7,pow2((pow3((0.0635+(0.0378*v1)))/v2))
1408.5272159576416,1.5692849570256797,11.0,0.0,827.0,-0.9828313552583495,true,2.0770998640203266e-6,0.47424549196668675,2.0,pow2((pow3((0.0630793166828965-(-0.0378813069201068*v1)))/v2)),-0.9834888061108024,2.764098000744245e-13,0.31100830471736285,2.764098000744245e-13,8.589934592e9,3.3392738749811887e-7,pow2((pow3((0.0631-(-0.0379*v1)))/v2))
1033.5927658081055,0.9995564222200302,11.0,0.0,1610.0,-0.9930958639651573,true,3.9174110639380695e-6,0.9903933218542218,1.0,(pow3((v1*(0.000652467054626895*v1)))/(v2-v1)),-0.8453020111618716,2.5897606468444474e-12,0.7506865750296577,2.5897606468444474e-12,513.0,1.234833202722065e-6,(pow3((v1*(0.000652*v1)))/(v2-v1))
1797.9422929286957,0.4665830988647494,11.0,0.0,4.0,-0.991718960448597,true,2.026139607906062e-6,0.2549481821555758,1.0,(pow2(v1)/(((v1-v2)/v2)/-4.87409460199652e-8)),-0.9834831161041593,2.7650505506380854e-13,0.17928491168980107,2.7650505506380854e-13,41.0,3.2367513258587757e-7,(pow2(v1)/(((v1-v2)/v2)/-4.87e-8))
681.2793400287628,0.9995550780452016,11.0,0.0,2356.0,-0.9931191756968671,true,3.990041323780225e-6,0.9842265341263734,1.0,(pow3((v1*(0.00068756253150001*v1)))*(v1/v2)),-0.8616425116881749,2.316208382005106e-12,0.7129696922192218,2.316208382005106e-12,641.0,1.147822789438897e-6,(pow3((v1*(0.000688*v1)))*(v1/v2))
221.0098259449005,1.6362381271716495,11.0,0.0,3336.0,-0.9827825056081937,true,2.086473967289627e-6,0.4689002784339251,2.0,pow2((pow3((1.68330611573611+v1))*(-5.39549871093184e-5/v2))),-0.9835034315516133,2.7616495919873065e-13,0.3142015188474404,2.7616495919873065e-13,3.3554432e7,3.331813243111937e-7,pow2((pow3((1.68+v1))*(-5.4e-5/v2)))
1799.9643340110779,0.9670346386029864,11.0,0.0,0.0,-0.969997494171032,true,2.0078341919905234e-6,0.6517400085759919,3.0,(pow3((-0.00112718656866587+(0.00181822382020305*v1)))/0.0760961248173536),-0.9668698066180811,5.546243470082724e-13,0.40869275986251985,5.546243470082724e-13,17.0,5.077574330936584e-7,(pow3((-0.00113+(0.00182*v1)))/0.0761)
1723.791878938675,1.1492656314528529,12.0,0.0,162.0,-0.9839143225281368,true,2.0797115412695826e-6,0.23857790747611746,1.0,((5.48392218101691e-8*(v2+pow3(v1)))/sqrt_abs((v1-v2))),-0.9843305553834144,2.6231828435988225e-13,0.20065219541110488,2.6231828435988225e-13,113.0,2.8815854229914876e-7,((5.48e-8*(v2+pow3(v1)))/sqrt_abs((v1-v2)))
1689.971025943756,1.1025828584356712,12.0,0.0,234.0,-0.9903700106845668,true,2.1383886693231312e-6,0.2550677797630053,2.0,pow3((0.00417583053836991+(v1*(v1*(0.00366068020707567/v2))))),-0.984120564639676,2.6583368729704777e-13,0.20297130110807612,2.6583368729704777e-13,65536.0,3.055962920903091e-7,pow3((0.00418+(v1*(v1*(0.00366/v2)))))
1423.3633890151978,0.80070851742034,12.0,0.0,795.0,-0.9915025465114866,true,2.1911252187094196e-6,0.3586607869735204,1.0,(pow3((0.00548776752885378*v1))/(v2+(log(v2)-v1))),-0.9837396788913445,2.7221000110294277e-13,0.22482572485401542,2.7221000110294277e-13,65.0,3.053116877993229e-7,(pow3((0.00549*v1))/(v2+(log(v2)-v1)))
327.39240288734436,1.0369696254152778,12.0,0.0,3121.0,-0.9903700106845668,true,2.1246241005975925e-6,0.254336359178873,2.0,pow3((0.0041049599807498-(v1*((-0.00367614611759143*v1)/v2)))),-0.9841102100569977,2.660070307964432e-13,0.19783147245131416,2.660070307964432e-13,65536.0,3.075720795994415e-7,pow3((0.0041-(v1*((-0.00368*v1)/v2))))
1732.791536808014,0.7816724620833545,12.0,0.0,143.0,-0.9914541159517954,true,2.2531527183865313e-6,0.34911703823935547,1.0,(pow3((0.00528562032541699*v1))/sqrt_abs((v2*(v2-v1)))),-0.9836814662639395,2.7318452425437755e-13,0.2115990633450491,2.7318452425437755e-13,4097.0,3.0252524761477123e-7,(pow3((0.00529*v1))/sqrt_abs((v2*(v2-v1))))
1798.3631069660187,0.8615861937891818,12.0,0.0,3.0,-0.9908526410220257,true,2.065067020623451e-6,0.512414445803173,2.0,(v1*(pow3((0.000737894059312034-(-0.003920941627225*v1)))/v2)),-0.9789580834769658,3.522575035061406e-13,0.30805319935754794,3.522575035061406e-13,67.0,3.920156261140879e-7,(v1*(pow3((0.000738-(-0.00392*v1)))/v2))
422.7519509792328,0.7081951293916061,12.0,0.0,2920.0,-0.9922016221497278,true,2.0044067226697103e-6,0.40039698297411797,2.0,pow3((v1*(0.0030064247302345+(-0.000841289710874337/(v1-v2))))),-0.9834714957463047,2.766995885913626e-13,0.24484593266294646,2.766995885913626e-13,8192.0,3.1918820127317885e-7,pow3((v1*(0.00301+(-0.000841/(v1-v2)))))
1797.9774618148804,3.3680130698609405,12.0,0.0,4.0,-0.9899623420015681,true,1.9987793269542377e-6,0.8889320498671297,2.0,(v1/(sqrt_abs((0.875201846010774-(v1/v2)))/2.75712396665376e-7)),-0.9807164105449615,3.228217863440934e-13,0.7535773436984209,3.228217863440934e-13,131.0,4.0177042055247906e-7,(v1/(sqrt_abs((0.875-(v1/v2)))/2.76e-7))
1587.587061882019,0.3946237662322058,12.0,0.0,451.0,-0.991718960448597,true,2.134722780296909e-6,0.19341695665409545,2.0,(pow2(v1)/((1.0257777768596-(v1/v2))/5.70273421174442e-8)),-0.9848251982559693,2.540375907632432e-13,0.12998243697579992,2.540375907632432e-13,29.0,2.755019802321448e-7,(pow2(v1)/((1.03-(v1/v2))/5.7e-8))
1683.2527079582214,0.7081949477849531,12.0,0.0,249.0,-0.9925627731193225,true,2.004406927647682e-6,0.4003966171574144,2.0,pow3((v1*(0.00300642555881934+(0.000841288860923329/(v2-v1))))),-0.9834714941048794,2.766996160700545e-13,0.24484585572299486,2.766996160700545e-13,8192.0,3.191882163947152e-7,pow3((v1*(0.00301+(0.000841/(v2-v1)))))
541.2825779914856,0.998909756824551,12.0,0.0,2661.0,-0.9930472912788585,true,3.913532635317083e-6,0.979275981296265,1.0,(pow3((v1*(0.000653207622014141*v1)))/sqrt_abs((v1-v2))),-0.8612739873676891,2.322377756214604e-12,0.7191824507798819,2.322377756214604e-12,2049.0,1.1626769889123346e-6,(pow3((v1*(0.000653*v1)))/sqrt_abs((v1-v2)))
422.7519509792328,0.7081951293916061,12.0,0.0,2920.0,-0.9922016221497278,true,2.0044067226697103e-6,0.40039698297411797,2.0,pow3((v1*(0.0030064247302345+(-0.000841289710874337/(v1-v2))))),-0.9834714957463047,2.766995885913626e-13,0.24484593266294646,2.766995885913626e-13,8192.0,3.1918820127317885e-7,pow3((v1*(0.00301+(-0.000841/(v1-v2)))))
917.7655549049377,0.7816723401784879,12.0,0.0,1853.0,-0.9918876964689756,true,2.253145986990395e-6,0.34911695399268877,1.0,(pow3((0.00528562130917244*v1))/sqrt_abs((v2*(v1-v2)))),-0.9836814813133248,2.731842723163518e-13,0.21159900281854901,2.731842723163518e-13,4097.0,3.0252532813394936e-7,(pow3((0.00529*v1))/sqrt_abs((v2*(v1-v2))))
846.9013059139252,1.0898517865263138,12.0,0.0,2002.0,-0.9903700106845668,true,2.1356643213625456e-6,0.24991423632516144,2.0,pow3((0.00416219064378941+(v1*((0.00366366611650926*v1)/v2)))),-0.9841201470729586,2.658406776778568e-13,0.2019707037122152,2.658406776778568e-13,65536.0,3.059755152055705e-7,pow3((0.00416+(v1*((0.00366*v1)/v2))))
1798.5338017940521,0.8386223440768075,12.0,0.0,3.0,-0.989382921982942,true,2.2160561660217343e-6,0.4528539515407961,2.0,(pow3((0.00469409190623978*v1))/(v2+(-0.858752032589405*v1))),-0.9829889742720865,2.8477736086605593e-13,0.259988061345575,2.8477736086605593e-13,41.0,3.3475307684643716e-7,(pow3((0.00469*v1))/(v2+(-0.859*v1)))
1672.75550699234,7.560424233671904,12.0,0.0,272.0,-0.9925390073378958,true,2.751428859156737e-6,1.3907169148811016,2.0,((6.02996253435176e-7*(pow3((0.867812991966334*v1))-v2))/v2),-0.9586676500045305,6.919346157232385e-13,1.5132622732123318,6.919346157232385e-13,23.0,6.770552984214917e-7,((6.03e-7*(pow3((0.868*v1))-v2))/v2)
1800.001009941101,0.878612945077712,12.0,0.0,0.0,-0.978423069725727,true,2.028700526122279e-6,0.6120154090494871,2.0,(v1*pow3((v1*(0.00259821253290378+(-8.00401486091046e-5*v1))))),-0.9670596247335546,5.514466490355748e-13,0.37536168470359743,5.514466490355748e-13,1025.0,4.988594857958234e-7,(v1*pow3((v1*(0.0026+(-8.0e-5*v1)))))
602.3077218532562,1.0145978817412589,13.0,0.0,2527.0,-0.9901773035754197,true,2.1457726728439767e-6,0.16946516786723848,2.0,(pow2(v1)/(sqrt_abs(((1.11070803033501*v1)-v2))/1.95771937666691e-7)),-0.9846275343278659,2.5734663353844447e-13,0.16160439742530974,2.5734663353844447e-13,133.0,2.895822623373437e-7,(pow2(v1)/(sqrt_abs(((1.11*v1)-v2))/1.96e-7))
1602.2594769001007,0.618927400453525,13.0,0.0,420.0,-0.9919840476950156,true,2.0952789105470757e-6,0.2554384488265601,2.0,(pow3((0.000915682254373616-(-0.00368560512948954*v1)))/sqrt_abs((v1-v2))),-0.9843072290492773,2.6270878473184685e-13,0.18162039223836257,2.6270878473184685e-13,257.0,2.9472558099129033e-7,(pow3((0.000916-(-0.00369*v1)))/sqrt_abs((v1-v2)))
1737.4075148105621,0.6189279411268506,13.0,0.0,133.0,-0.9922009482598823,true,2.0952787422055133e-6,0.2554395052251846,2.0,(pow3((0.000915679621852343+(0.00368560558587734*v1)))/sqrt_abs((v1-v2))),-0.9843072275888634,2.627088091802736e-13,0.1816206737135188,2.627088091802736e-13,257.0,2.947256781235886e-7,(pow3((0.000916+(0.00369*v1)))/sqrt_abs((v1-v2)))
551.826807975769,0.577886173013462,13.0,0.0,2638.0,-0.991718960448597,true,2.123040392846616e-6,0.23257561463859844,2.0,(pow3((0.00111067797973293+(0.00365019554352113*v1)))/sqrt_abs((v2-v1))),-0.9843563738177802,2.618860643563386e-13,0.16261687363944485,2.618860643563386e-13,257.0,2.882681153256049e-7,(pow3((0.00111+(0.00365*v1)))/sqrt_abs((v2-v1)))
1620.444147825241,0.9999999999078044,13.0,0.0,382.0,-0.993617938712057,true,7.439600290330145e-6,0.9999999998748523,1.0,(1.2128127402969701e-17*exp((log(pow3(v1))*(v1*(v1/v2))))),-0.6132556200329764,6.474391704438215e-12,0.8705577822487254,6.474391704438215e-12,1.915619426082361e53,1.7321440332388492e-6,(1.21e-17*exp((log(pow3(v1))*(v1*(v1/v2)))))
717.80584192276,0.57457229066692,13.0,0.0,2279.0,-0.9914541159517954,true,2.125231852100843e-6,0.2327363996104278,2.0,(pow3((0.00112586538002175+(0.00364743438639964*v1)))/sqrt_abs((v2-v1))),-0.9843575024137095,2.6186717081191944e-13,0.16132355106625432,2.6186717081191944e-13,257.0,2.878291760605652e-7,(pow3((0.00113+(0.00365*v1)))/sqrt_abs((v2-v1)))
1737.4075148105621,0.6189279411268506,13.0,0.0,133.0,-0.9922009482598823,true,2.0952787422055133e-6,0.2554395052251846,2.0,(pow3((0.000915679621852343+(0.00368560558587734*v1)))/sqrt_abs((v1-v2))),-0.9843072275888634,2.627088091802736e-13,0.1816206737135188,2.627088091802736e-13,257.0,2.947256781235886e-7,(pow3((0.000916+(0.00369*v1)))/sqrt_abs((v1-v2)))
1272.82195186615,2.14401522083089,13.0,0.0,1113.0,-0.9903700106845668,true,2.060218571116698e-6,0.27275703205577734,2.0,pow2(pow2((0.020056160434203-(v1*((-0.00760336006710109*v1)/v2))))),-0.9843949359900735,2.6124050459817963e-13,0.389584237926856,2.6124050459817963e-13,1.7976931348623157e308,3.122524638473962e-7,pow2(pow2((0.0201-(v1*((-0.0076*v1)/v2)))))
1798.2755799293518,0.761182962171762,13.0,0.0,3.0,-0.991718960448597,true,2.04987851968685e-6,0.42410639518287646,2.0,(pow3((0.00394055704551894*v1))/sqrt_abs(((0.972938249959162*v1)-v2))),-0.9834565341652864,2.7695005670685995e-13,0.25430660618279666,2.7695005670685995e-13,257.0,3.2171260781456874e-7,(pow3((0.00394*v1))/sqrt_abs(((0.973*v1)-v2)))
1791.3553969860077,0.9636915075204556,13.0,0.0,18.0,-0.992820213835179,true,2.301182075055493e-6,0.6641569313398521,2.0,pow3((v1*(0.00168408524621588-(log(v1)*(-0.00833097099537905/v2))))),-0.9798265551437709,3.3771863482088137e-13,0.3766264824645637,3.3771863482088137e-13,5.36870912e8,3.867603008333144e-7,pow3((v1*(0.00168-(log(v1)*(-0.00833/v2)))))
1799.7840819358826,0.7333961232917052,13.0,0.0,0.0,-0.991718960448597,true,2.9659348580563623e-6,0.4455379610119293,2.0,(pow3((0.00777377514621894*v1))/(v2+log((2.21580114350495e-5+v2)))),-0.9512765784299427,8.156667110506485e-13,0.3090589269820221,8.156667110506485e-13,81.0,6.393921214270169e-7,(pow3((0.00777*v1))/(v2+log((2.22e-5+v2))))
1628.0567378997803,0.24532923730956535,13.0,0.0,366.0,-0.991718960448597,true,2.039035767453334e-6,0.09911519637438967,2.0,(pow2(v1)/(sqrt_abs((0.911914282316665-(v1/v2)))/7.97650773791873e-8)),-0.9851611180270882,2.484140412247226e-13,0.07689601763203377,2.484140412247226e-13,261.0,2.582252922662462e-7,(pow2(v1)/(sqrt_abs((0.912-(v1/v2)))/7.98e-8))
1677.279240846634,0.9999993743622867,13.0,0.0,262.0,-0.993617938712057,true,7.364712623289079e-6,0.9999988139686828,1.0,(1.22026278411209e-13*exp((v1*(v1*(log(pow2(v1))/v2))))),-0.6171345738109897,6.4094551017022925e-12,0.8698110115345443,6.4094551017022925e-12,4.3556142965880123e40,1.7269005942710151e-6,(1.22e-13*exp((v1*(v1*(log(pow2(v1))/v2)))))
879.6551449298859,0.6182475890288903,13.0,0.0,1933.0,-0.9919840476950156,true,2.0957321741089015e-6,0.2541101941857545,2.0,(pow3(((0.0036850012484706*v1)--0.000919020653272786))/sqrt_abs((v2-v1))),-0.984308634947161,2.6268524894421103e-13,0.18126848405836313,2.6268524894421103e-13,257.0,2.9460938077030414e-7,(pow3(((0.00369*v1)--0.000919))/sqrt_abs((v2-v1)))
1798.1419370174408,0.7611877482497085,13.0,0.0,4.0,-0.991718960448597,true,2.0498596511822263e-6,0.42411720282034365,2.0,(pow3((0.00394052978005029*v1))/sqrt_abs((v2+(-0.972946888815176*v1)))),-0.98345655936025,2.7694963492422625e-13,0.25431024671182484,2.7694963492422625e-13,257.0,3.2171348410330215e-7,(pow3((0.00394*v1))/sqrt_abs((v2+(-0.973*v1))))
1026.5322968959808,0.6140330070294483,13.0,0.0,1625.0,-0.9919358720819955,true,2.098592980023219e-6,0.24735801741050714,2.0,(pow3((0.00093963746937198+(0.00368126540428427*v1)))/sqrt_abs((v1-v2))),-0.9843168044051761,2.6254848607462024e-13,0.17908912142601044,2.6254848607462024e-13,257.0,2.9389215475944373e-7,(pow3((0.00094+(0.00368*v1)))/sqrt_abs((v1-v2)))
1138.2681229114532,0.2453292375839957,13.0,0.0,1393.0,-0.991718960448597,true,2.0390357663811646e-6,0.0991151956341207,2.0,(pow2(v1)/(sqrt_abs((0.911914282219902-(v1/v2)))/7.97650773156983e-8)),-0.985161118022364,2.484140413038103e-13,0.07689601767052245,2.484140413038103e-13,261.0,2.582252923607961e-7,(pow2(v1)/(sqrt_abs((0.912-(v1/v2)))/7.98e-8))
1602.2594769001007,0.618927400453525,13.0,0.0,420.0,-0.9919840476950156,true,2.0952789105470757e-6,0.2554384488265601,2.0,(pow3((0.000915682254373616-(-0.00368560512948954*v1)))/sqrt_abs((v1-v2))),-0.9843072290492773,2.6270878473184685e-13,0.18162039223836257,2.6270878473184685e-13,257.0,2.9472558099129033e-7,(pow3((0.000916-(-0.00369*v1)))/sqrt_abs((v1-v2)))
1799.939122915268,0.7611829612968019,13.0,0.0,0.0,-0.991718960448597,true,2.0498785228700217e-6,0.42410639320635923,2.0,(pow3((0.00394055705050246*v1))/sqrt_abs(((0.972938248388534*v1)-v2))),-0.9834565341611151,2.7695005677669103e-13,0.254306605516373,2.7695005677669103e-13,257.0,3.217126076483608e-7,(pow3((0.00394*v1))/sqrt_abs(((0.973*v1)-v2)))
1776.3780009746552,0.9999993743622808,14.0,0.0,50.0,-0.993617938712057,true,7.3647126225296804e-6,0.9999988139686717,1.0,(1.22026279548102e-13*exp(((v1+v1)*(v1*(log(v1)/v2))))),-0.6171345739368469,6.4094550995953496e-12,0.8698110114396155,6.4094550995953496e-12,1.5111572745182865e23,1.7269005919282965e-6,(1.22e-13*exp(((v1+v1)*(v1*(log(v1)/v2)))))
1779.6371459960938,0.9013237843218034,14.0,0.0,43.0,-0.9923703185293535,true,2.0488888401613015e-6,0.5699962131063019,2.0,((v1*pow3((v1*(0.00418510207578717-(2.32329599606529e-5*v1)))))/v2),-0.9786871864179886,3.5679252395439744e-13,0.3366743124204001,3.5679252395439744e-13,2051.0,4.003578664354714e-7,((v1*pow3((v1*(0.00419-(2.32e-5*v1)))))/v2)
1439.217540025711,0.30046936379814126,14.0,0.0,762.0,-0.991718960448597,true,2.066273457481443e-6,0.10769157350089648,2.0,pow2((v1*(-0.000306436905914884+(v1*(-4.61199737161418e-5/(v2-v1)))))),-0.9851302578439458,2.4893066389355564e-13,0.07893450368759229,2.4893066389355564e-13,3.3554432e7,2.589289566639032e-7,pow2((v1*(-0.000306+(v1*(-4.61e-5/(v2-v1))))))
1799.5851519107819,5.188688156784724,14.0,0.0,0.0,-0.9903700106845668,true,2.0729228284501695e-6,0.7416468558174488,2.0,(4.63316400168103e-7*exp(((v1+v1)*(v1*(0.31950856603065/v2))))),-0.9795087453172484,3.4303901027042696e-13,1.1195116980394635,3.4303901027042696e-13,5.36870913e8,4.208055003775081e-7,(4.63e-7*exp(((v1+v1)*(v1*(0.32/v2)))))
1594.699108839035,0.30067653931252625,14.0,0.0,436.0,-0.991718960448597,true,2.0663852779879243e-6,0.10777935451673122,2.0,pow2((v1*(-0.000306464821922551+(v1*(4.6114877180649e-5/(v1-v2)))))),-0.9851307628512788,2.489222096910979e-13,0.07893796605280035,2.489222096910979e-13,3.3554432e7,2.5891260940827377e-7,pow2((v1*(-0.000306+(v1*(4.61e-5/(v1-v2))))))
1533.4037218093872,0.7090459250272296,14.0,0.0,565.0,-0.992514604490131,true,2.0034608915549142e-6,0.4021108160394459,2.0,pow3(((v1+v1)*(0.00150126978812444+(-0.00042263672617349/(v1-v2))))),-0.9834787655658915,2.765778863454753e-13,0.24520657738179452,2.765778863454753e-13,3.3554432e7,3.1911779803211845e-7,pow3(((v1+v1)*(0.0015+(-0.000423/(v1-v2)))))
1799.8840758800507,1.0,14.0,0.0,0.0,-0.990423184129075,true,2.0448429481637e-6,0.701647365275416,2.0,pow3((v1*(0.007605810144793*sqrt_abs((log(v1)*(-1.00304982320994/v2)))))),-0.9782214013556372,3.6459011611073696e-13,0.39759161107509816,3.6459011611073696e-13,1.7976931348623157e308,4.1524746822821126e-7,pow3((v1*(0.00761*sqrt_abs((log(v1)*(-1.0/v2))))))
1025.079134941101,0.5659373588010919,14.0,0.0,1628.0,-0.9934729454689333,true,2.0148084479873503e-6,0.32399077146233,1.0,(pow3((0.00385075127791866*v1))/sqrt_abs((v2+(v1*(v1-v2))))),-0.9818517166620535,3.038159083346303e-13,0.22360006088775639,3.038159083346303e-13,16385.0,3.527236735343845e-7,(pow3((0.00385*v1))/sqrt_abs((v2+(v1*(v1-v2)))))
790.2222108840942,0.7135469264196328,15.0,0.0,2123.0,-0.9919358720819955,true,2.0619767014068087e-6,0.2880845219923735,2.0,(pow3((0.00639941751126314*v1))/(v2+log((v2+(-1.15120745876366*v1))))),-0.9857036728635964,2.393312653276524e-13,0.18898035821376524,2.393312653276524e-13,273.0,2.754125359749995e-7,(pow3((0.0064*v1))/(v2+log((v2+(-1.15*v1)))))
1796.7814810276031,0.9215101725298813,15.0,0.0,6.0,-0.992298181645816,true,2.069350226948601e-6,0.6257464914014091,2.0,(pow3(v1)*(v1*(7.941092726068161e-9+(v1*(2.7470147347555e-7/exp(v2)))))),-0.9828566675819075,2.869922743378683e-13,0.32236936463055954,2.869922743378683e-13,101.0,3.4373493695223235e-7,(pow3(v1)*(v1*(7.94e-9+(v1*(2.75e-7/exp(v2))))))
1197.6422698497772,1.1831134155152796,15.0,0.0,1269.0,-0.9922977348105848,true,2.0104187809651223e-6,0.23311005927972864,2.0,(pow3((0.00571747688033916*v1))/(v1+log((v2+(-1.15565903809151*v1))))),-0.9844635323259023,2.60092150360472e-13,0.1920659770338895,2.60092150360472e-13,273.0,2.9173401206204837e-7,(pow3((0.00572*v1))/(v1+log((v2+(-1.16*v1)))))
1762.1238279342651,0.6934364354746768,15.0,0.0,81.0,-0.9922979570807584,true,2.0026695931033325e-6,0.37224301915155666,3.0,(pow3((0.00172150522134888*v1))/(0.167329960946223+(0.0777820984027557/(v1-v2)))),-0.9835082587946775,2.7608414752034976e-13,0.2395023409745175,2.7608414752034976e-13,49.0,3.1669355292173366e-7,(pow3((0.00172*v1))/(0.167+(0.0778/(v1-v2))))
1204.410502910614,0.9867412813971189,15.0,0.0,1255.0,-0.993617938712057,true,2.336841781568156e-6,0.840494385894297,2.0,(v1*pow3((v1*(0.00120372842591299-(log(v1)*(-0.00364778362761049/v2)))))),-0.9663959275411979,5.625574390535698e-13,0.478932457629397,5.625574390535698e-13,1.073741825e9,5.277206261356871e-7,(v1*pow3((v1*(0.0012-(log(v1)*(-0.00365/v2))))))
1197.6422698497772,1.1831134155152796,15.0,0.0,1269.0,-0.9922977348105848,true,2.0104187809651223e-6,0.23311005927972864,2.0,(pow3((0.00571747688033916*v1))/(v1+log((v2+(-1.15565903809151*v1))))),-0.9844635323259023,2.60092150360472e-13,0.1920659770338895,2.60092150360472e-13,273.0,2.9173401206204837e-7,(pow3((0.00572*v1))/(v1+log((v2+(-1.16*v1)))))
1799.2618398666382,5.146138631284916,15.0,0.0,1.0,-0.9893101215842574,true,2.0386082986506624e-6,0.6959613569617026,3.0,(4.2606007023676e-7*exp(((0.264240360369408+v1)*(v1*(0.627158106276196/v2))))),-0.9800439204198385,3.340797766677913e-13,1.07212399812442,3.340797766677913e-13,4.194305e6,4.1389332954963043e-7,(4.26e-7*exp(((0.264+v1)*(v1*(0.627/v2)))))
790.2222108840942,0.7135469264196328,15.0,0.0,2123.0,-0.9919358720819955,true,2.0619767014068087e-6,0.2880845219923735,2.0,(pow3((0.00639941751126314*v1))/(v2+log((v2+(-1.15120745876366*v1))))),-0.9857036728635964,2.393312653276524e-13,0.18898035821376524,2.393312653276524e-13,273.0,2.754125359749995e-7,(pow3((0.0064*v1))/(v2+log((v2+(-1.15*v1)))))
1799.7185459136963,0.993748089511645,15.0,0.0,0.0,-0.9908526410220257,true,2.199762791671853e-6,0.6449323354590902,3.0,pow2((v1*(8.53413154208222e-5+(v1*(0.000883153402864576/(-0.964587729278456-v2)))))),-0.981631824801712,3.074970634081458e-13,0.34940625108372103,3.074970634081458e-13,2.097152e6,3.599925552564846e-7,pow2((v1*(8.53e-5+(v1*(0.000883/(-0.965-v2))))))
1799.7372479438782,3.031746202127865,15.0,0.0,0.0,-0.9743583087661142,true,2.197010273294891e-6,0.5165100556237802,2.0,(pow2(pow2((0.0231095186673367-(v1*((-0.0141648073208144*v1)/v2)))))/v2),-0.9775705249163241,3.7548627708316463e-13,0.45809876328644933,3.7548627708316463e-13,1.7976931348623157e308,4.4886702631101666e-7,(pow2(pow2((0.0231-(v1*((-0.0142*v1)/v2)))))/v2)
1799.7574439048767,0.9955275639822052,15.0,0.0,0.0,-0.990423184129075,true,6.344121172298138e-6,0.9919291533372452,2.0,(1.3429480625987902e-9*exp(((0.00306757384222645+v1)*(v1*(log(v1)/v2))))),-0.6632796364094389,5.6369520584424114e-12,0.8553036377746105,5.6369520584424114e-12,2.8823037615171174e17,1.7069754740201574e-6,(1.34e-9*exp(((0.00307+v1)*(v1*(log(v1)/v2)))))
994.476588010788,0.7168542303604318,15.0,0.0,1692.0,-0.9911411103854544,true,2.0645259000940035e-6,0.29623533889079623,2.0,(pow3((0.00637466074651009*v1))/(v2+log((v2+(-1.15199792410818*v1))))),-0.9856757317204002,2.397990210730298e-13,0.18958069650536655,2.397990210730298e-13,273.0,2.7738091298332345e-7,(pow3((0.00637*v1))/(v2+log((v2+(-1.15*v1)))))
1730.0800559520721,0.24532264383371666,15.0,0.0,149.0,-0.991718960448597,true,2.0390618928421565e-6,0.09913300482875387,2.0,(pow2(v1)/(sqrt_abs((-0.0880833864012582-((v1-v2)/v2)))/7.97666050724868e-8)),-0.9851612311074083,2.484121481751422e-13,0.07689509234890007,2.484121481751422e-13,4101.0,2.58223025471003e-7,(pow2(v1)/(sqrt_abs((-0.0881-((v1-v2)/v2)))/7.98e-8))
1797.9272468090057,0.9215101725263536,15.0,0.0,4.0,-0.9922977348105848,true,2.0693502267983918e-6,0.6257464914476618,2.0,(pow3(v1)*(v1*(7.941092726486771e-9+(v1*(2.74701473420223e-7/exp(v2)))))),-0.9828566675810482,2.869922743522531e-13,0.32236936464107613,2.869922743522531e-13,101.0,3.4373493696192464e-7,(pow3(v1)*(v1*(7.94e-9+(v1*(2.75e-7/exp(v2))))))
1799.828351020813,0.7450038169266429,15.0,0.0,0.0,-0.991718960448597,true,2.9891058027614966e-6,0.45583417246832925,1.0,(pow3((0.00378574275194696*(v1+v1)))/(v2+log(sqrt_abs((v2+v1))))),-0.9498332114090936,8.398297602125846e-13,0.310343951058168,8.398297602125846e-13,2.097217e6,6.501626512505786e-7,(pow3((0.00379*(v1+v1)))/(v2+log(sqrt_abs((v2+v1)))))
1793.8980798721313,0.641158915867668,15.0,0.0,13.0,-0.991718960448597,true,2.04059215759294e-6,0.19222112460104887,3.0,(pow2((-0.000726000117190418*v1))/(v2+(2.43060501294421+(-1.31399211154276*v1)))),-0.9851721873226537,2.482287328942198e-13,0.1369586019814369,2.482287328942198e-13,49.0,2.7176939156802407e-7,(pow2((-0.000726*v1))/(v2+(2.43+(-1.31*v1))))
1532.5363988876343,0.7165248926272415,15.0,0.0,567.0,-0.9914541159517954,true,2.066259096779676e-6,0.29542441509472084,2.0,(pow3((0.00637713496912022*v1))/(v2+log((v2+(-1.15191007866369*v1))))),-0.9856779042622066,2.397626510897099e-13,0.18952111818453862,2.397626510897099e-13,273.0,2.772220139326909e-7,(pow3((0.00638*v1))/(v2+log((v2+(-1.15*v1)))))
1606.423408985138,0.6673224980053927,15.0,0.0,412.0,-0.991718960448597,true,2.0609758425671738e-6,0.20157471617772973,3.0,(pow2((-0.00073207667789995*v1))/(v2+(2.42807614948137-(1.30880124114436*v1)))),-0.9852382194338319,2.4712330570514046e-13,0.13698815585749546,2.4712330570514046e-13,49.0,2.6908713689308785e-7,(pow2((-0.000732*v1))/(v2+(2.43-(1.31*v1))))
1799.5084278583527,0.7611542817891821,15.0,1.0,1.0,-0.991718960448597,true,2.0499840889073855e-6,0.4240416109633695,2.0,(pow3((v1-(0.99605927960052*v1)))/sqrt_abs((v2+(-0.97288672194639*v1)))),-0.9834563945012802,2.7695239478733474e-13,0.2542847660560901,2.7695239478733474e-13,1025.0,3.2170718788934314e-7,(pow3((v1-(0.996*v1)))/sqrt_abs((v2+(-0.973*v1))))
1793.5998888015747,0.9456111379996692,16.0,0.0,13.0,-0.991718960448597,true,2.075697987902217e-6,0.1811392689616679,3.0,(pow3((0.00271834987157829-(-0.00306623533759835*v1)))/sqrt_abs(((1.06794511478974*v1)-v2))),-0.9851483131386408,2.486284046850187e-13,0.15195436547343263,2.486284046850187e-13,513.0,2.7465461059865015e-7,(pow3((0.00272-(-0.00307*v1)))/sqrt_abs(((1.07*v1)-v2)))
1715.23117685318,17678.601003580407,16.0,0.0,180.0,-0.9940043050195745,true,0.18242194749829305,2.069666848946123,2.0,(1.8096908922514202e-9*exp(((-0.000258011066995426+v1)*(v1*(log(pow2(v1))/v2))))),2.782951727207199e8,0.00465887045152732,2097.197992830882,0.00465887045152732,6.427752177035961e60,0.025615377065788297,(1.81e-9*exp(((-0.000258+v1)*(v1*(log(pow2(v1))/v2)))))
1799.1738419532776,1.0082644947058688,16.0,0.0,1.0,-0.9820734324463528,true,2.0721950791208562e-6,0.8013354211900433,3.0,(pow3((-0.00826964983226958+(0.00726629724817647*v1)))/sqrt_abs(((-1.15108576957382*v1)-v1))),-0.965670108737797,5.747081915481867e-13,0.45449162361428164,5.747081915481867e-13,513.0,5.347404437783811e-7,(pow3((-0.00827+(0.00727*v1)))/sqrt_abs(((-1.15*v1)-v1)))
1744.3645629882812,0.7613357684966284,16.0,0.0,118.0,-0.9919840476950156,true,2.0342206222454375e-6,0.3781736087468567,3.0,(pow3((0.00524584501049629*v1))/(-1.11131157208558+(v2+(-0.0930097437335517*pow2(v1))))),-0.9845410630521645,2.587942277093565e-13,0.2304678083074792,2.587942277093565e-13,65.0,2.996109278981529e-7,(pow3((0.00525*v1))/(-1.11+(v2+(-0.093*pow2(v1)))))
1788.9506018161774,505.8375933070341,16.0,0.0,23.0,-0.9938111681164566,true,0.005219636942438504,0.9941053071508894,2.0,(1.8096908922514202e-9*exp(((-1.15665546286575+v1)*(v1*(log(pow2(v1))/v2))))),227671.35142605746,3.8114063442330943e-6,60.82422263278526,3.8114063442330943e-6,6.427752177035961e60,0.0007344225366061094,(1.81e-9*exp(((-1.16+v1)*(v1*(log(pow2(v1))/v2)))))
1796.422423839569,0.9455515756814075,16.0,0.0,7.0,-0.991718960448597,true,2.0756999733178806e-6,0.18114729336268331,3.0,(pow3((0.00271826417085458+(0.0030662646599121*v1)))/sqrt_abs(((1.06794255153961*v1)-v2))),-0.9851483214003219,2.48628266378266e-13,0.1519502377708832,2.48628266378266e-13,513.0,2.7465328352916603e-7,(pow3((0.00272+(0.00307*v1)))/sqrt_abs(((1.07*v1)-v2)))
457.41196393966675,1.163521667357975,16.0,0.0,2845.0,-0.9922977348105848,true,2.112548563966307e-6,0.17784737755067503,3.0,(pow3((0.0029729647942438-(-0.00301992369441696*v1)))/sqrt_abs((v2+(-1.06800212858524*v1)))),-0.9852111758704145,2.475760352901516e-13,0.16997863157192275,2.475760352901516e-13,513.0,2.7331941327243185e-7,(pow3((0.00297-(-0.00302*v1)))/sqrt_abs((v2+(-1.07*v1))))
1648.9511778354645,0.2661829153522774,16.0,0.0,322.0,-0.991718960448597,true,2.0664354263739733e-6,0.11270496704197049,3.0,(pow2((0.00496176219929566*v1))/(sqrt_abs((0.9145721538169-(v1/v2)))/0.0033102418268055)),-0.9852435672786444,2.470337787620641e-13,0.07731990104319478,2.470337787620641e-13,521.0,2.565719188586244e-7,(pow2((0.00496*v1))/(sqrt_abs((0.915-(v1/v2)))/0.00331))
1799.8482990264893,0.7341871992338876,16.0,0.0,0.0,-0.991718960448597,true,2.688855301933782e-6,0.3839331873476527,2.0,(pow3((0.00522116051933786*v1))/sqrt_abs(((v1*(0.00213193515759066/exp(v2)))-v2))),-0.9579762578549132,7.035090401489456e-13,0.25724808720128683,7.035090401489456e-13,65537.0,5.651577011456166e-7,(pow3((0.00522*v1))/sqrt_abs(((v1*(0.00213/exp(v2)))-v2)))
1767.5077438354492,0.6880518338096935,16.0,0.0,70.0,-0.991718960448597,true,2.025547137474011e-6,0.254675558330819,2.0,(pow3((0.00605841786442123*v1))/(v2+log(sqrt_abs((0.855070966418034-(v1/v2)))))),-0.9854444679905628,2.4367054979214055e-13,0.1824018001295004,2.4367054979214055e-13,1.4757395258967641e20,2.708901928017469e-7,(pow3((0.00606*v1))/(v2+log(sqrt_abs((0.855-(v1/v2))))))
1795.716229915619,0.25141357356995175,16.0,0.0,9.0,-0.991718960448597,true,2.049968719225218e-6,0.10697627282273683,3.0,(pow2(v1)/(sqrt_abs((0.652521524545218*(0.912944823638385-(v1/v2))))/6.49786666013865e-8)),-0.9852045072552704,2.4768767292163656e-13,0.07664621607215576,2.4768767292163656e-13,517.0,2.5733427229278353e-7,(pow2(v1)/(sqrt_abs((0.653*(0.913-(v1/v2))))/6.5e-8))
1778.2634108066559,16870.835154717177,17.0,0.0,46.0,-0.9939077400822341,true,0.17408677328160027,1.9677327011171273,2.0,(1.8096908922514202e-9*exp(((v1+(-0.0309666044743703+v1))*(v1*(log(v1)/v2))))),2.534443871470485e8,0.004242849616316554,2001.4585304445586,0.004242849616316554,7.922816251426434e28,0.024445388100533066,(1.81e-9*exp(((v1+(-0.031+v1))*(v1*(log(v1)/v2)))))
545.0942559242249,0.7045761135763294,17.0,0.0,2653.0,-0.9919840476950156,true,2.0688456828201514e-6,0.24341100400222032,2.0,(pow3((0.00663151443460478*v1))/(v2+log((v2+(v2+(-2.30877285946206*v1)))))),-0.9856103988562731,2.408927423407251e-13,0.1740387599004422,2.408927423407251e-13,1041.0,2.669263067004242e-7,(pow3((0.00663*v1))/(v2+log((v2+(v2+(-2.31*v1))))))
1553.5444769859314,0.6667183910804382,17.0,0.0,522.0,-0.9922009482598823,true,2.016636858894902e-6,0.2202500315992263,2.0,(pow3((0.00818484373754725*v1))/(v2+(v2+log((v2+(-1.16454742373814*v1)))))),-0.9846177951172117,2.575096752474728e-13,0.1745817268692442,2.575096752474728e-13,289.0,2.806951904508648e-7,(pow3((0.00818*v1))/(v2+(v2+log((v2+(-1.16*v1))))))
1799.5938909053802,0.6425772574642156,17.0,0.0,0.0,-0.991718960448597,true,2.015089595191826e-6,0.2745473955705825,2.0,(pow3((0.00781485107689835*v1))/(log((v2+(-1.16501541746183*v1)))+(v2+v1))),-0.9823408009846335,2.956282690439128e-13,0.18098866382809026,2.956282690439128e-13,289.0,3.3365683778522553e-7,(pow3((0.00781*v1))/(log((v2+(-1.17*v1)))+(v2+v1)))
1799.650183916092,0.7489112133123242,17.0,0.0,0.0,-0.991718960448597,true,2.993507333989845e-6,0.45053966165240156,1.0,(pow3((0.00750289435150902*v1))/(log(sqrt_abs(v1))+(v2+((v2/v1)/v2)))),-0.9494286853411875,8.466018307427464e-13,0.2911218945227617,8.466018307427464e-13,233.0,6.493201546581312e-7,(pow3((0.0075*v1))/(log(sqrt_abs(v1))+(v2+((v2/v1)/v2))))
1156.3092079162598,0.70479792462013,17.0,0.0,1355.0,-0.9922009482598823,true,2.0146399059362327e-6,0.24256271302808963,2.0,(pow3((0.00662986350356396*v1))/(v2+log((v2+(v2+(-2.30831336824187*v1)))))),-0.9856023825042449,2.4102694210098065e-13,0.17419936996877788,2.4102694210098065e-13,1041.0,2.680805424879018e-7,(pow3((0.00663*v1))/(v2+log((v2+(v2+(-2.31*v1))))))
1619.9601929187775,2993.6269574519442,17.0,0.0,383.0,-0.9939076827486909,true,0.030890637757544973,0.9918910378880077,2.0,(1.8096908922514202e-9*exp(((-1.15665546286575+(v1+v1))*(v1*(log(v1)/v2))))),7.97924356465983e6,0.00013357855341433083,356.09307178113914,0.00013357855341433083,7.922816251426434e28,0.004340860831562736,(1.81e-9*exp(((-1.16+(v1+v1))*(v1*(log(v1)/v2)))))
1743.0365958213806,0.9760331677143459,17.0,0.0,121.0,-0.992820213835179,true,2.014556644464146e-6,0.7846599114752699,2.0,(v1*pow3((v1*(0.00146632940661405-(log(v1)*((-0.0177913310323201/v2)/v2)))))),-0.9814776032463434,3.10078848200492e-13,0.4032687397107433,3.10078848200492e-13,4.611686018427388e18,3.849360302921552e-7,(v1*pow3((v1*(0.00147-(log(v1)*((-0.0178/v2)/v2))))))
1799.7396898269653,0.681036178954832,17.0,0.0,0.0,-0.9919840476950156,true,2.0132615153270505e-6,0.26565885583240356,2.0,(pow3((0.00615363025964736*v1))/(log(v1)+(v2+(-0.816760602593913*pow3(log(v1)))))),-0.9814607163258432,3.103615479465332e-13,0.18673131013738445,3.103615479465332e-13,185.0,3.3048201248894127e-7,(pow3((0.00615*v1))/(log(v1)+(v2+(-0.817*pow3(log(v1))))))
1778.9198269844055,3018.788149614387,17.0,0.0,45.0,-0.9939076827486909,true,0.03115027106646585,0.9918803053916339,2.0,(1.8096908922514202e-9*exp(((-1.15120745876366+(v1+v1))*(v1*(log(v1)/v2))))),8.113945573319894e6,0.00013583356631849828,359.0779237808936,0.00013583356631849828,7.922816251426434e28,0.004377325646135637,(1.81e-9*exp(((-1.15+(v1+v1))*(v1*(log(v1)/v2)))))
1282.030884027481,0.70130038012502,17.0,0.0,1094.0,-0.9922009482598823,true,2.051974332523079e-6,0.24981495101961687,2.0,(pow3((0.0066559930661232*v1))/(v2+log((v2+(v2+(-2.30587933497976*v1)))))),-0.985598403406988,2.410935551808482e-13,0.17248488833496237,2.410935551808482e-13,1041.0,2.6816405135103376e-7,(pow3((0.00666*v1))/(v2+log((v2+(v2+(-2.31*v1))))))
1625.7524478435516,14025.95044018958,17.0,0.0,371.0,-0.9941979000196445,true,0.1447309769758211,1.754835238158736,2.0,(1.8096908922514202e-9*exp(((-1.15120745876366+(v2+v1))*(v1*(log(v1)/v2))))),1.7517535832003617e8,0.002932567225153552,1665.8399458583892,0.002932567225153552,7.922816251426434e28,0.020331607078071075,(1.81e-9*exp(((-1.15+(v2+v1))*(v1*(log(v1)/v2)))))
1674.9571828842163,1.000001040096705,17.0,0.0,267.0,-0.9934250311812579,true,2.016066828613092e-6,0.7096719826518347,3.0,pow3((-4.4255075964626e-5+(v1*(0.007605810144793*sqrt_abs((log(v1)*(-1.00304982320994/v2))))))),-0.97876829372078,3.554347267230407e-13,0.3973186546856619,3.554347267230407e-13,1.7976931348623157e308,4.1022856000731583e-7,pow3((-4.43e-5+(v1*(0.00761*sqrt_abs((log(v1)*(-1.0/v2)))))))
1799.8623578548431,0.7896206819280716,17.0,0.0,0.0,-0.991718960448597,true,2.0867696534417107e-6,0.5562626865540273,3.0,pow3((v1*(0.00293585364815526+(v1*(v1*(0.00011447910941396+(-1.27698078855317e-5*v2))))))),-0.9782433523547058,3.6422263988190024e-13,0.31602898232819665,3.6422263988190024e-13,2.199023255552e12,3.955357839313311e-7,pow3((v1*(0.00294+(v1*(v1*(0.000114+(-1.28e-5*v2)))))))
1799.869590997696,1.000001040096705,17.0,0.0,0.0,-0.9925561232629062,true,2.3770839254942138e-6,0.9323721405778055,2.0,pow3((-4.4255075964626e-5+(v1*(v1*(log(v1)*((0.0149076448573038/v1)/v2)))))),-0.9764230023084144,3.946966683342017e-13,0.45305589991410444,3.946966683342017e-13,1.329227995784916e36,4.530086914015533e-7,pow3((-4.43e-5+(v1*(v1*(log(v1)*((0.0149/v1)/v2))))))
1799.5342478752136,7.573264971275245,17.0,0.0,1.0,-0.9779404021445747,true,2.035643756302424e-6,0.9860645250830418,4.0,(5.89113089279327e-6/(v2+(8.24789678547665-(v1*(3.80330051930233+(-0.223664037693145*v1)))))),-0.9724943445230084,4.604653535251219e-13,1.4417889696763717,4.604653535251219e-13,13.0,5.463466136734651e-7,(5.89e-6/(v2+(8.25-(v1*(3.8+(-0.224*v1))))))
1788.2760319709778,0.8199396084205903,17.0,0.0,25.0,-0.9920084821116059,true,2.155580886642446e-6,0.4213448166119744,2.0,(pow3((0.00609318184422933*v1))/(log(v1)+(v2+(v2+(-1.96185697972082*v1))))),-0.9838472268667753,2.704095671314987e-13,0.234655583756572,2.704095671314987e-13,89.0,3.161027580765945e-7,(pow3((0.00609*v1))/(log(v1)+(v2+(v2+(-1.96*v1)))))
545.0942559242249,0.7045761135763294,17.0,0.0,2653.0,-0.9919840476950156,true,2.0688456828201514e-6,0.24341100400222032,2.0,(pow3((0.00663151443460478*v1))/(v2+log((v2+(v2+(-2.30877285946206*v1)))))),-0.9856103988562731,2.408927423407251e-13,0.1740387599004422,2.408927423407251e-13,1041.0,2.669263067004242e-7,(pow3((0.00663*v1))/(v2+log((v2+(v2+(-2.31*v1))))))
1674.7916288375854,0.7115845069053971,18.0,0.0,267.0,-0.9922009482598823,true,2.022402462625103e-6,0.26503166241524667,2.0,(pow3((0.0065467222412625*v1))/(v2+(log((0.866121646306717-(v1/v2)))+sqrt_abs(v2)))),-0.9856380886506414,2.404291943637108e-13,0.1777405581237901,2.404291943637108e-13,561.0,2.722090583770903e-7,(pow3((0.00655*v1))/(v2+(log((0.866-(v1/v2)))+sqrt_abs(v2))))
1795.8186028003693,0.7198105505507405,18.0,0.0,8.0,-0.991718960448597,true,2.0457179578641824e-6,0.3006060182808735,3.0,(pow3((0.00634488953056677*v1))/(log((v2+(-1.15256873631146*v1)))+(-0.0309465701501759+v2))),-0.9856483390115323,2.402575956153981e-13,0.1921996780958159,2.402575956153981e-13,281.0,2.7985025502459453e-7,(pow3((0.00634*v1))/(log((v2+(-1.15*v1)))+(-0.0309+v2)))
1700.8699870109558,1.1850406909760016,18.0,0.0,211.0,-0.9922977348105848,true,2.0182043527092403e-6,0.24512413229246632,3.0,(pow3((0.00507608687018081*v1))/(log((v2+(-1.14708153530895*v1)))+(0.73997306631945*v1))),-0.9854205133651324,2.440715682327526e-13,0.19567226423334858,2.440715682327526e-13,281.0,2.7539866226267784e-7,(pow3((0.00508*v1))/(log((v2+(-1.15*v1)))+(0.74*v1)))
1666.740672826767,0.9408671765349946,18.0,0.0,284.0,-0.9926271519507548,true,2.0515886349005146e-6,0.6910852403085129,2.0,(v1*pow3((v1*(0.00198139412387533-(log(v1)*(v1*(-0.013605171880194/exp(v2)))))))),-0.9828746359526321,2.8669147030195184e-13,0.3698228949358809,2.8669147030195184e-13,1.9807040628566084e28,3.571564592149209e-7,(v1*pow3((v1*(0.00198-(log(v1)*(v1*(-0.0136/exp(v2))))))))
1434.414930820465,0.7121803403125002,18.0,0.0,772.0,-0.9919840476950156,true,1.9996760799323324e-6,0.2725324012702026,3.0,(pow3((0.00641729123597734*v1))/(v2+log((v2+(0.225730519414443+(-1.18864652348281*v1)))))),-0.9856710010981513,2.3987821524631856e-13,0.17727199108090658,2.3987821524631856e-13,529.0,2.710913363733032e-7,(pow3((0.00642*v1))/(v2+log((v2+(0.226+(-1.19*v1))))))
1663.8370258808136,0.6643944611387186,18.0,0.0,290.0,-0.991718960448597,true,2.0441901843624765e-6,0.21897433576081288,2.0,(pow3((0.00645415802300666*v1))/(v2+(log((0.866106979642148-(v1/v2)))+sqrt_abs(v1)))),-0.9857387881083455,2.38743409728247e-13,0.16383881674186856,2.38743409728247e-13,561.0,2.670586254805984e-7,(pow3((0.00645*v1))/(v2+(log((0.866-(v1/v2)))+sqrt_abs(v1))))
1799.6471219062805,4.540998668109399,18.0,0.0,0.0,-0.991718960448597,true,2.2877016491624707e-6,1.207342028230581,2.0,(pow3((0.0104006228611998*v1))/(v2+(log((0.857142857204008-(v1/v2)))+pow2(v1)))),-0.9474894891585409,8.790654328751817e-13,0.8920572992635327,8.790654328751817e-13,561.0,7.655658371499786e-7,(pow3((0.0104*v1))/(v2+(log((0.857-(v1/v2)))+pow2(v1))))
1784.8745548725128,1.185431175934762,18.0,0.0,32.0,-0.9922977348105848,true,2.018501752343631e-6,0.2462581823366415,3.0,(pow3((0.00507038322296759*v1))/(log((v2+(-1.14697508507573*v1)))+(0.737788936285535*v1))),-0.9854184736367279,2.4410571481986585e-13,0.19600790711578323,2.4410571481986585e-13,281.0,2.7555119244891363e-7,(pow3((0.00507*v1))/(log((v2+(-1.15*v1)))+(0.738*v1)))
1788.108827829361,1.1032751203305032e12,18.0,0.0,25.0,-0.9937627890864256,true,1.13844752781254e7,15473.554360942442,2.0,(1.8096908922514202e-9*exp(((-1.15665546286575+(v2+v1))*(v1*(log(pow2(v1))/v2))))),1.0838747854218632e24,1.8144878847323945e13,1.30144116321366e11,1.8144878847323945e13,1.3998404638611276e101,1.5938608044416206e6,(1.81e-9*exp(((-1.16+(v2+v1))*(v1*(log(pow2(v1))/v2)))))
1782.0455219745636,74.54853143148154,18.0,0.0,38.0,-0.9939076827486909,true,0.0007692513838687994,0.9884340536445643,3.0,(1.8096908922514202e-9*exp(((-1.15665546286575+(3.60397546610649+v1))*(v1*(log(v1)/v2))))),4925.4015081442185,8.247166528904815e-8,9.756711505385987,8.247166528904815e-8,1.5111572745182865e23,0.00011024901648747937,(1.81e-9*exp(((-1.16+(3.6+v1))*(v1*(log(v1)/v2)))))
1403.2283809185028,0.6645295196620192,18.0,0.0,838.0,-0.9919840476950156,true,2.0435202972809543e-6,0.21928358255590572,2.0,(pow3((0.00645328455357367*v1))/(v2+(log((0.866087453313268-(v1/v2)))+sqrt_abs(v1)))),-0.9857381810213484,2.3875357282103185e-13,0.1638223117896314,2.3875357282103185e-13,561.0,2.670388951577797e-7,(pow3((0.00645*v1))/(v2+(log((0.866-(v1/v2)))+sqrt_abs(v1))))
1796.8782939910889,1.4798549456309016,18.0,0.0,6.0,-0.9890167539356121,true,2.0922557022886984e-6,0.2159273283869397,2.0,(1.60269463024619e-7*exp((0.457187981083041*(v1*(log(pow2((v1*(v2*v1))))/v2))))),-0.9846094368961167,2.576495981529486e-13,0.30376693436522373,2.576495981529486e-13,1.7976931348623157e308,2.952716629964371e-7,(1.6e-7*exp((0.457*(v1*(log(pow2((v1*(v2*v1))))/v2)))))
1799.778725862503,0.7781206242367517,18.0,0.0,0.0,-0.9919358720819955,true,2.0969562185724933e-6,0.4479867696460203,3.0,pow2(pow2((v1*(0.0144135519012199+(v1*(-0.00215848911509279+(v1*(0.00163135785688214/v2)))))))),-0.9831787912910425,2.8159968124988595e-13,0.28605991553022664,2.8159968124988595e-13,1.7976931348623157e308,3.25536614560987e-7,pow2(pow2((v1*(0.0144+(v1*(-0.00216+(v1*(0.00163/v2))))))))
1799.7907099723816,0.7116695238546251,18.0,0.0,0.0,-0.9919840476950156,true,2.0225848958194966e-6,0.26321914017541315,3.0,(pow3((0.00651218452836536*v1))/(log((v2+(-1.1537392405053*v1)))+(0.411917992172216+v2))),-0.9856091934235488,2.4091292219086687e-13,0.17705032705458656,2.4091292219086687e-13,281.0,2.726527117561607e-7,(pow3((0.00651*v1))/(log((v2+(-1.15*v1)))+(0.412+v2)))
1712.7140979766846,0.6634577903712497,18.0,0.0,186.0,-0.9911411103854544,true,2.049793974228881e-6,0.21749559984606714,2.0,(pow3((0.00646021126369935*v1))/(v2+(log((0.866247056306794-(v1/v2)))+sqrt_abs(v1)))),-0.9857389456111257,2.3874077301328246e-13,0.1639526651842727,2.3874077301328246e-13,561.0,2.6721262557592837e-7,(pow3((0.00646*v1))/(v2+(log((0.866-(v1/v2)))+sqrt_abs(v1))))
1798.9223489761353,0.7333962154689743,18.0,0.0,2.0,-0.991718960448597,true,2.9659356588679024e-6,0.44553811004806415,2.0,(pow3((0.00777377405926698*v1))/(v2+log((v2+pow2((v1*(1.54993171481984e-5*v1))))))),-0.95127655610397,8.156670848042197e-13,0.30905950164979096,8.156670848042197e-13,1.0889035741470031e40,6.393924215921427e-7,(pow3((0.00777*v1))/(v2+log((v2+pow2((v1*(1.55e-5*v1)))))))
1255.8600418567657,1.2022832984265932,18.0,0.0,1149.0,-0.9922977348105848,true,2.0690164779189625e-6,0.29236259967649264,2.0,(pow3((0.00727177906886277*v1))/(v2+log(pow2((v1*(v2+(-1.14171032500329*v1))))))),-0.985528635770777,2.4226151786762713e-13,0.2277081017148858,2.4226151786762713e-13,1.7976931348623157e308,2.8312424047054653e-7,(pow3((0.00727*v1))/(v2+log(pow2((v1*(v2+(-1.14*v1)))))))
1796.5312888622284,0.6848021025541284,18.0,0.0,7.0,-0.991718960448597,true,2.0164669121027946e-6,0.25175524435805213,2.0,(pow3((0.00304013946785614*(v1+v1)))/(v2+log(sqrt_abs((0.859385349380942-(v1/v2)))))),-0.9852958484693519,2.4615855232065163e-13,0.18252656689094013,2.4615855232065163e-13,5.902958103587057e20,2.703658136848336e-7,(pow3((0.00304*(v1+v1)))/(v2+log(sqrt_abs((0.859-(v1/v2))))))
1694.527293920517,0.7098627230126616,18.0,0.0,225.0,-0.991718960448597,true,2.034135386137022e-6,0.26788068236699714,2.0,(pow3((0.00655982591237913*v1))/(v2+(log((0.866436105402635-(v1/v2)))+sqrt_abs(v2)))),-0.9856834352517123,2.3967005816676555e-13,0.17669327248598266,2.3967005816676555e-13,561.0,2.713493302550589e-7,(pow3((0.00656*v1))/(v2+(log((0.866-(v1/v2)))+sqrt_abs(v2))))
1675.462973833084,3.711244570909564,18.0,0.0,266.0,-0.9938111681164566,true,3.829559036547495e-5,0.9938997888107813,2.0,(1.8096908922514202e-9*exp(((-1.15120745876366+(v1+log(v1)))*(v1*(log(v1)/v2))))),10.250173570750775,1.8833636430908062e-10,1.2320669839464655,1.8833636430908062e-10,2.1778071482940062e40,6.46341298538376e-6,(1.81e-9*exp(((-1.15+(v1+log(v1)))*(v1*(log(v1)/v2)))))
1798.9537689685822,0.9393946427551718,18.0,0.0,2.0,-0.991718960448597,true,2.0425642030866197e-6,0.7495703036892305,2.0,pow2(pow2((v1*(-0.00901791637442999+(v1*(v1*(v1*(-0.00438932551806458/exp(v2))))))))),-0.9793804674398038,3.4518647838789753e-13,0.41585013676398996,3.4518647838789753e-13,1.7976931348623157e308,4.2422217146850876e-7,pow2(pow2((v1*(-0.00902+(v1*(v1*(v1*(-0.00439/exp(v2)))))))))
1793.0029759407043,0.7116261228894973,18.0,0.0,15.0,-0.991718960448597,true,2.022121353700772e-6,0.2649360860594344,2.0,(pow3((0.00654640493549566*v1))/(v2+(log((0.86611419642921-(v1/v2)))+sqrt_abs(v2)))),-0.9856367459330517,2.404516724657187e-13,0.17776586346732937,2.404516724657187e-13,561.0,2.722298511680618e-7,(pow3((0.00655*v1))/(v2+(log((0.866-(v1/v2)))+sqrt_abs(v2))))
1798.1108078956604,0.7217132112841638,18.0,0.0,4.0,-0.9914541159517954,true,2.0258625140806957e-6,0.3082013452911693,2.0,(pow3((0.00798529404339106*v1))/(log(pow2((v2+(-1.15329619780456*v1))))+(v2+v2))),-0.9855819124213949,2.413696266788509e-13,0.19166158920468024,2.413696266788509e-13,3.4359738401e10,2.813103223391484e-7,(pow3((0.00799*v1))/(log(pow2((v2+(-1.15*v1))))+(v2+v2)))
1228.2470848560333,0.6300997804459545,18.0,0.0,1206.0,-0.9922009482598823,true,2.0362431562445887e-6,0.2603521556454404,2.0,(pow3((0.00763557247388578*v1))/(log(pow2((v2+(-1.15406891993558*v1))))+(v1+v2))),-0.9856939762875712,2.39493593300937e-13,0.17952767088977692,2.39493593300937e-13,3.4359738401e10,2.709918783638219e-7,(pow3((0.00764*v1))/(log(pow2((v2+(-1.15*v1))))+(v1+v2)))
1006.3728380203247,0.6357921008177149,18.0,0.0,1667.0,-0.9919358720819955,true,2.0561623852382163e-6,0.2719299802481212,2.0,(pow3((0.00766035343079449*v1))/(log(pow2((v2+(-1.15349306008928*v1))))+(v2+v1))),-0.9856993268050595,2.3940402161525753e-13,0.18007040258165202,2.3940402161525753e-13,3.4359738401e10,2.7157275971552673e-7,(pow3((0.00766*v1))/(log(pow2((v2+(-1.15*v1))))+(v2+v1)))
1697.0268049240112,1.2065907146775547,18.0,0.0,220.0,-0.9922977348105848,true,2.0379698898650097e-6,0.24534276587154755,3.0,(pow3((0.0056265952584175*v1))/(v1+(1.37265044341139*log((v2+(-1.14598600348391*v1)))))),-0.9854977944237736,2.4277782520533073e-13,0.1981658232427197,2.4277782520533073e-13,281.0,2.761514221204163e-7,(pow3((0.00563*v1))/(v1+(1.37*log((v2+(-1.15*v1))))))
1587.653175830841,0.6636717882978418,18.0,0.0,451.0,-0.9914059403387754,true,2.0483011882667637e-6,0.21767400623081234,2.0,(pow3((0.00645882890365416*v1))/(v2+(log((0.866214096128444-(v1/v2)))+sqrt_abs(v1)))),-0.9857396502554298,2.3872897673782826e-13,0.1639267668822178,2.3872897673782826e-13,561.0,2.6717360462937436e-7,(pow3((0.00646*v1))/(v2+(log((0.866-(v1/v2)))+sqrt_abs(v1))))
724.9004538059235,0.7579081159158643,19.0,0.0,2264.0,-0.9919840476950156,true,2.020538420275723e-6,0.3547978150225951,3.0,(pow3((0.00631432790040048*v1))/(v2+log(sqrt_abs((0.644720696906055+((1.06018036334055*v1)-v2)))))),-0.9857688868654703,2.3823953390344635e-13,0.20923876949504144,2.3823953390344635e-13,1.4757395258967641e20,2.7591536406678835e-7,(pow3((0.00631*v1))/(v2+log(sqrt_abs((0.645+((1.06*v1)-v2))))))
1735.80570602417,0.8744306948643585,19.0,0.0,137.0,-0.9923703185293535,true,2.1070563930610417e-6,0.5420625209696857,2.0,(pow3((0.0055644738239129*v1))/((-1.85277512831914*v1)+(v2+((v2+pow2(v1))/v1)))),-0.9834174849257284,2.7760377033724383e-13,0.2938321219160993,2.7760377033724383e-13,145.0,3.300730697322048e-7,(pow3((0.00556*v1))/((-1.85*v1)+(v2+((v2+pow2(v1))/v1))))
1799.5823979377747,0.6833288601790857,19.0,0.0,0.0,-0.9917192037715059,true,2.0160624990674303e-6,0.23527603130519517,2.0,(pow3((0.00665254105773316*v1))/(log((v2+(-1.15528355790329*v1)))+(v2+(v1/v2)))),-0.9854187947561083,2.441003390399959e-13,0.16317233813092077,2.441003390399959e-13,313.0,2.659510283285441e-7,(pow3((0.00665*v1))/(log((v2+(-1.16*v1)))+(v2+(v1/v2))))
1799.2934069633484,0.7981468584935979,19.0,0.0,1.0,-0.991718960448597,true,2.058234585347698e-6,0.36828390932290034,3.0,(pow3((0.00417610918945182*v1))/(log(pow2(v2))+(v1*(-0.268236959866764+(-1.16463936750497/v2))))),-0.9839653532113772,2.684320433065061e-13,0.2275757626460942,2.684320433065061e-13,201.0,3.120997710071266e-7,(pow3((0.00418*v1))/(log(pow2(v2))+(v1*(-0.268+(-1.16/v2)))))
724.9004538059235,0.7579081159158643,19.0,0.0,2264.0,-0.9919840476950156,true,2.020538420275723e-6,0.3547978150225951,3.0,(pow3((0.00631432790040048*v1))/(v2+log(sqrt_abs((0.644720696906055+((1.06018036334055*v1)-v2)))))),-0.9857688868654703,2.3823953390344635e-13,0.20923876949504144,2.3823953390344635e-13,1.4757395258967641e20,2.7591536406678835e-7,(pow3((0.00631*v1))/(v2+log(sqrt_abs((0.645+((1.06*v1)-v2))))))
1799.7772388458252,0.7872638216105234,19.0,0.0,0.0,-0.991718960448597,true,2.9426884310893144e-6,0.4469428790942658,2.0,(pow3((0.00716835515653275*v1))/(log(sqrt_abs((v1-v2)))+(v2+pow3((0.0020940488534789*v1))))),-0.9570019935138782,7.198189577437811e-13,0.29701327967147234,7.198189577437811e-13,524369.0,6.021860613441334e-7,(pow3((0.00717*v1))/(log(sqrt_abs((v1-v2)))+(v2+pow3((0.00209*v1)))))
1799.8447279930115,0.8528353712342507,19.0,0.0,0.0,-0.990660566939673,true,2.0915636296839873e-6,0.5944289644856608,3.0,pow2(pow2((-0.00223063400683017+(v1*(-0.00900404792470332+(v1*(v1*(-0.0145524698098598/exp(v2))))))))),-0.9828531397570625,2.8705133277826075e-13,0.32126944206379787,2.8705133277826075e-13,1.7976931348623157e308,3.457101330281989e-7,pow2(pow2((-0.00223+(v1*(-0.009+(v1*(v1*(-0.0146/exp(v2)))))))))
1795.2489869594574,0.6934189498895561,19.0,0.0,10.0,-0.9922009482598823,true,2.023481319244522e-6,0.2813435077785705,3.0,(pow3((0.00597478948512739*v1))/(log(sqrt_abs((0.855054639728281-(v1/v2))))+(-0.164261950463029+v2))),-0.9854946645082373,2.4283022234471637e-13,0.19326943384644352,2.4283022234471637e-13,1.4757395258967641e20,2.7348990771034854e-7,(pow3((0.00597*v1))/(log(sqrt_abs((0.855-(v1/v2))))+(-0.164+v2)))
724.9004538059235,0.7579081159158643,19.0,0.0,2264.0,-0.9919840476950156,true,2.020538420275723e-6,0.3547978150225951,3.0,(pow3((0.00631432790040048*v1))/(v2+log(sqrt_abs((0.644720696906055+((1.06018036334055*v1)-v2)))))),-0.9857688868654703,2.3823953390344635e-13,0.20923876949504144,2.3823953390344635e-13,1.4757395258967641e20,2.7591536406678835e-7,(pow3((0.00631*v1))/(v2+log(sqrt_abs((0.645+((1.06*v1)-v2))))))
1789.196347951889,0.8013634238308315,19.0,0.0,23.0,-0.9893101215842574,true,2.018863187555577e-6,0.3663057588913211,3.0,(pow3((0.0062978917380254*v1))/(v2+log(sqrt_abs((-0.676852127485147+(v2+(-1.05295633618365*v1))))))),-0.9856723523248326,2.398555946957182e-13,0.2135094713015656,2.398555946957182e-13,1.4757395258967641e20,2.7603038630419594e-7,(pow3((0.0063*v1))/(v2+log(sqrt_abs((-0.677+(v2+(-1.05*v1)))))))
1798.5261688232422,0.6592345699335537,19.0,0.0,3.0,-0.9914059403387754,true,2.009370197577514e-6,0.20886557040540704,3.0,(pow3((0.00628168065747544*v1))/((-0.321215251271359*(exp(v1)/pow2(v2)))+(-0.0124288808414803+v2))),-0.9830884993488052,2.8311123625127696e-13,0.17137099061568972,2.8311123625127696e-13,169.0,3.03838867109278e-7,(pow3((0.00628*v1))/((-0.321*(exp(v1)/pow2(v2)))+(-0.0124+v2)))
1799.4318208694458,0.6073023206582676,19.0,0.0,1.0,-0.9914541159517954,true,2.0386185317376046e-6,0.2183960704684648,3.0,(pow3((0.00631828827283425*v1))/(log(pow2((v2+(-1.1326009102228*v1))))+(1.61557039612114+v1))),-0.9854708981747067,2.432280886373528e-13,0.15660113397698666,2.432280886373528e-13,3.4359738393e10,2.702541974571317e-7,(pow3((0.00632*v1))/(log(pow2((v2+(-1.13*v1))))+(1.62+v1)))
1799.0210518836975,2.275792667274558,19.0,0.0,2.0,-0.9848784320365621,true,1.999567271121533e-6,0.28781415592758886,3.0,(pow3((0.00586066047167282*v1))/((-0.243471647275245*(exp(v1)/pow2(v1)))+(-0.741849921631388+v2))),-0.9826771128615593,2.8999815535936914e-13,0.31195865943438045,2.8999815535936914e-13,169.0,3.3147296912185566e-7,(pow3((0.00586*v1))/((-0.243*(exp(v1)/pow2(v1)))+(-0.742+v2)))
1799.9032299518585,0.6118557450891703,19.0,0.0,0.0,-0.978423069725727,true,2.0360080779391885e-6,0.29794978712696113,3.0,(pow3((v1-(v1*(0.998154213413177-(6.93588760920774e-7*exp(v1))))))/sqrt_abs((0.00469865782523653*v1))),-0.967070138687042,5.512706375490078e-13,0.2130597082249736,5.512706375490078e-13,262145.0,5.074886575893773e-7,(pow3((v1-(v1*(0.998-(6.94e-7*exp(v1))))))/sqrt_abs((0.0047*v1)))
1799.9408378601074,0.668394544654224,19.0,0.0,0.0,-0.9914541159517954,true,2.0242107833437716e-6,0.22115659701495216,3.0,(pow3((0.00648645874134512*v1))/(log(sqrt_abs((v2+(-1.16869010103152*v1))))+(0.00419416905284549+v2))),-0.9847605824106163,2.551193085975513e-13,0.17345052223106308,2.551193085975513e-13,3.4359738393e10,2.7867538531132213e-7,(pow3((0.00649*v1))/(log(sqrt_abs((v2+(-1.17*v1))))+(0.00419+v2)))
1799.9698259830475,0.8072793564502478,19.0,0.0,0.0,-0.991718960448597,true,2.048457311852215e-6,0.2641122300919852,3.0,pow2(pow2((v1*(0.0199832344074981+(v1*(-0.00324614773502543+(pow2(v1)*(0.000303893855203386/v2)))))))),-0.9817062212562504,3.0625161082226825e-13,0.18620589455766204,3.0625161082226825e-13,1.7976931348623157e308,3.3402391785791975e-7,pow2(pow2((v1*(0.02+(v1*(-0.00325+(pow2(v1)*(0.000304/v2))))))))
1799.985030889511,0.5028486945941857,19.0,0.0,0.0,-0.991718960448597,true,2.017378261564728e-6,0.3343143686916181,3.0,(pow3((v1*(0.00527082536237737-(-1.38895943139052e-6*exp((1.02067452684257*v1))))))/sqrt_abs((v2+v1))),-0.9721716152327191,4.658680844969506e-13,0.2121626567528188,4.658680844969506e-13,3.3554433e7,4.4762586841254346e-7,(pow3((v1*(0.00527-(-1.39e-6*exp((1.02*v1))))))/sqrt_abs((v2+v1)))
1799.9953780174255,0.3945426031744169,19.0,0.0,0.0,-0.991718960448597,true,2.134842375026687e-6,0.1933150705672732,3.0,(pow3((0.00378553740460473*v1))/(v1+(v1*(-0.0243544265707964-(v1*(0.951099622739328/v2)))))),-0.9848256884291734,2.540293848952576e-13,0.12993771976263088,2.540293848952576e-13,153.0,2.7546660303054663e-7,(pow3((0.00379*v1))/(v1+(v1*(-0.0244-(v1*(0.951/v2))))))
1259.9219408035278,0.7105181099404607,20.0,0.0,1140.0,-0.9914541159517954,true,2.08442968790417e-6,0.2832209809046476,3.0,(pow3((0.00642322675179859*v1))/(v2+log((v2+(v1*(-1.11274537455553+(-0.00642866393070938*v1))))))),-0.9857696294215338,2.382271029566327e-13,0.1853812261097063,2.382271029566327e-13,16401.0,2.7024815387808576e-7,(pow3((0.00642*v1))/(v2+log((v2+(v1*(-1.11+(-0.00643*v1)))))))
1799.1743669509888,0.7183059075141525,20.0,0.0,1.0,-0.991718960448597,true,2.0517185755481577e-6,0.3000420306139895,3.0,(pow3((0.00636392053193308*v1))/(log((v2+(-1.15241141856497*v1)))+(v2+(0.00548997109164854/v2)))),-0.9856662285290244,2.399581116418829e-13,0.18995656131405908,2.399581116418829e-13,297.0,2.7832458238774534e-7,(pow3((0.00636*v1))/(log((v2+(-1.15*v1)))+(v2+(0.00549/v2))))
1797.3304958343506,0.7103769664042938,20.0,0.0,5.0,-0.9919840476950156,true,2.0202229173004593e-6,0.28270893967237287,3.0,(pow3((0.00665234983551958*v1))/(log((v2+(-1.15652769076167*v1)))+(v2+(0.139170234352248*v2)))),-0.9856643897965018,2.399888934068084e-13,0.18405144377412846,2.399888934068084e-13,297.0,2.734347939882836e-7,(pow3((0.00665*v1))/(log((v2+(-1.16*v1)))+(v2+(0.139*v2))))
1754.8217108249664,0.7029338591986664,20.0,0.0,96.0,-0.9922009482598823,true,2.02020101510672e-6,0.27304602918425536,3.0,(pow3((0.00649993229849901*v1))/(log((v2+(-1.15575523043157*v1)))+(v2+(0.0921946723667654*v1)))),-0.985672987056362,2.398449688126769e-13,0.18419375373576116,2.398449688126769e-13,297.0,2.735880804208604e-7,(pow3((0.0065*v1))/(log((v2+(-1.16*v1)))+(v2+(0.0922*v1))))
198.64373183250427,0.7768041180472175,20.0,0.0,3382.0,-0.992514604490131,true,2.0923049509074804e-6,0.46889962791695555,3.0,(pow3((0.00639862748588301*v1))/(v2+(4.72948126075352-(v1*((sqrt_abs(v1)/0.295816654401926)/v2))))),-0.9836324852047634,2.740045040126636e-13,0.26770340355289207,2.740045040126636e-13,209.0,3.187516109596967e-7,(pow3((0.0064*v1))/(v2+(4.73-(v1*((sqrt_abs(v1)/0.296)/v2)))))
1798.7965908050537,0.7789810874548146,20.0,0.0,2.0,-0.9917192037715059,true,2.0273927083941436e-6,0.33025767420105484,2.0,(pow3((0.00557701004378114*v1))/(log((v2+(v1*pow2(v1))))+(v2+(-1.55940219357638*v1)))),-0.9834685505333925,2.767488936699454e-13,0.2073842323509291,2.767488936699454e-13,16425.0,3.091796853428251e-7,(pow3((0.00558*v1))/(log((v2+(v1*pow2(v1))))+(v2+(-1.56*v1))))
1799.264016866684,0.7029407101816996,20.0,0.0,1.0,-0.9919840476950156,true,2.0202340377639588e-6,0.2730560010783201,3.0,(pow3((0.00649986864382777*v1))/(log((v2+(-1.15575294718802*v1)))+(v2+(0.092138327046767*v1)))),-0.9856731249079544,2.398426610733725e-13,0.18419673064372272,2.398426610733725e-13,297.0,2.7358962749557354e-7,(pow3((0.0065*v1))/(log((v2+(-1.16*v1)))+(v2+(0.0921*v1))))
1680.889438867569,0.9364221301208631,20.0,0.0,254.0,-0.992820213835179,true,2.025128603937241e-6,0.6740536338082778,2.0,(v1*pow3((v1*(0.00202984708834105-(log(v1)*(((-0.0617241889511931*v1)/exp(v2))/v2)))))),-0.9828223406248223,2.8756693340908675e-13,0.35435117116163695,2.8756693340908675e-13,6.73998666678766e66,3.5058292611406975e-7,(v1*pow3((v1*(0.00203-(log(v1)*(((-0.0617*v1)/exp(v2))/v2))))))
947.1330828666687,0.5686573653199067,20.0,0.0,1792.0,-0.993617938712057,true,2.0720809612883274e-6,0.394999348198129,3.0,pow3((0.00363416212375853+(v1*(v1*(0.000208528855735975-(log(v1)*((-0.00775018295969277/v1)/v2))))))),-0.9828250410374515,2.875217264713001e-13,0.22129557755518944,2.875217264713001e-13,2.1267647932558654e37,3.2551089114021604e-7,pow3((0.00363+(v1*(v1*(0.000209-(log(v1)*((-0.00775/v1)/v2)))))))
1799.3452098369598,0.6809259521888459,20.0,0.0,1.0,-0.9919358720819955,true,2.0163233232472503e-6,0.24308110523041296,3.0,(pow3((0.00774533695967189*v1))/(v2+(log((0.85933677559104-(v1/v2)))+(0.286634984199438+v2)))),-0.9851987238923862,2.477844907646889e-13,0.1750153324605965,2.477844907646889e-13,553.0,2.703910300829316e-7,(pow3((0.00775*v1))/(v2+(log((0.859-(v1/v2)))+(0.287+v2))))
1757.9488019943237,0.6698575083481169,20.0,0.0,90.0,-0.9914541159517954,true,2.0188243501302462e-6,0.23953111069929509,2.0,(pow3((0.0065595222208817*v1))/(v2+log(sqrt_abs((v2+(v1*((v2-v1)-2.16384646164692))))))),-0.9858059535973107,2.376190089428531e-13,0.17535795077168903,2.376190089428531e-13,1.7976931348623157e308,2.6840932023151684e-7,(pow3((0.00656*v1))/(v2+log(sqrt_abs((v2+(v1*((v2-v1)-2.16)))))))
1212.0923779010773,0.7103521223863554,20.0,0.0,1239.0,-0.9919358720819955,true,2.0890048791131097e-6,0.2828159151363985,3.0,(pow3((0.00642445716869798*v1))/(v2+log((v2+(v1*(-1.11266247525848-(0.00644004915561945*v1))))))),-0.9857679173560718,2.3825576421972754e-13,0.18534480487696758,2.3825576421972754e-13,16401.0,2.700666875100808e-7,(pow3((0.00642*v1))/(v2+log((v2+(v1*(-1.11-(0.00644*v1)))))))
557.6333138942719,0.7106246566108513,20.0,0.0,2625.0,-0.9917192037715059,true,2.081452102733137e-6,0.283481436391402,3.0,(pow3((0.00642243692930852*v1))/(v2+log((v2+(v1*((-0.00642238365549343*v1)-1.11279217821929)))))),-0.9857704540524806,2.382132980145614e-13,0.18540413894688393,2.382132980145614e-13,16401.0,2.703653237187542e-7,(pow3((0.00642*v1))/(v2+log((v2+(v1*((-0.00642*v1)-1.11))))))
1713.2129638195038,0.6659639602203197,20.0,0.0,185.0,-0.9919840476950156,true,2.0224602604163785e-6,0.22508835225030183,2.0,(pow3((0.00652227765593422*v1))/(v2+log(sqrt_abs((v2+(v1*(-1.16905755288676/(v2-v1)))))))),-0.9856727672017503,2.3984864934417847e-13,0.17097286032562387,2.3984864934417847e-13,1.7976931348623157e308,2.6851442225670785e-7,(pow3((0.00652*v1))/(v2+log(sqrt_abs((v2+(v1*(-1.17/(v2-v1))))))))
1799.8217988014221,0.9848063209892701,20.0,0.0,0.0,-0.9906590713482876,true,2.0115081165305826e-6,0.8409903974408698,3.0,(pow2(pow2(v1))*(v1*(-2.23049178833019e-8+((5.84042044947459e-8-(-4.3810427335004194e-12*exp(v2)))/sqrt_abs(v2))))),-0.9816271086935633,3.075760146044829e-13,0.4135197206031434,3.075760146044829e-13,849.0,3.995531540615749e-7,(pow2(pow2(v1))*(v1*(-2.23e-8+((5.84e-8-(-4.38e-12*exp(v2)))/sqrt_abs(v2)))))
1799.8531939983368,0.8122571625035744,20.0,0.0,0.0,-0.991718960448597,true,2.0891201980688628e-6,0.5434335079223607,3.0,pow3((v1*(0.00258183343507807-(v1*(-0.000154701785649307+(v1*(v1*(-0.00166941949909726/exp(v2))))))))),-0.9828363628093566,2.873321914970404e-13,0.315286786759701,2.873321914970404e-13,2.535301200456459e30,3.4466262344165373e-7,pow3((v1*(0.00258-(v1*(-0.000155+(v1*(v1*(-0.00167/exp(v2)))))))))
198.64373183250427,0.7768041180472175,20.0,0.0,3382.0,-0.992514604490131,true,2.0923049509074804e-6,0.46889962791695555,3.0,(pow3((0.00639862748588301*v1))/(v2+(4.72948126075352-(v1*((sqrt_abs(v1)/0.295816654401926)/v2))))),-0.9836324852047634,2.740045040126636e-13,0.26770340355289207,2.740045040126636e-13,209.0,3.187516109596967e-7,(pow3((0.0064*v1))/(v2+(4.73-(v1*((sqrt_abs(v1)/0.296)/v2)))))
1795.2511069774628,0.7043709012368684,20.0,0.0,10.0,-0.991718960448597,true,2.030167116011424e-6,0.24355140543425746,3.0,(pow3((0.00663231860095822*v1))/(log((v2+(v2+(-2.30750781937308*v1))))+(-0.00323500763423738+v2))),-0.9855674801211752,2.416112342358273e-13,0.173944972474939,2.416112342358273e-13,1049.0,2.6883053444586754e-7,(pow3((0.00663*v1))/(log((v2+(v2+(-2.31*v1))))+(-0.00324+v2)))
1288.970018863678,1.2063844804762498,20.0,0.0,1080.0,-0.9922977348105848,true,2.0388105915250425e-6,0.22453332935835213,3.0,(pow3((0.0071107833186254*v1))/((2.62398642116631*log((v2+(-1.14746652199642*v1))))+(v1+v1))),-0.9855283169643078,2.422668549276249e-13,0.19552781258685065,2.422668549276249e-13,297.0,2.7738979044554325e-7,(pow3((0.00711*v1))/((2.62*log((v2+(-1.15*v1))))+(v1+v1)))
1799.9491138458252,0.9965153387262918,20.0,0.0,0.0,-0.9923219299733651,true,3.4389957194047545e-6,0.9430968346443541,2.0,(pow3((v1*(0.00162044614237731*v1)))/(log(pow2((v2+(-0.639953962847556*v1))))+(v2+v1))),-0.9117313024271054,1.4776843644793056e-12,0.6244761617985033,1.4776843644793056e-12,5.49755814401e11,9.072997567938332e-7,(pow3((v1*(0.00162*v1)))/(log(pow2((v2+(-0.64*v1))))+(v2+v1)))
1392.1368618011475,0.6696754275044573,21.0,0.0,861.0,-0.9917192037715059,true,2.097221987515274e-6,0.2615180039991062,3.0,(pow3((0.00693773716918158*v1))/(v2+(log((-0.52589039451514-((1.07464364832894*v1)-v2)))+sqrt_abs(v1)))),-0.9858476750874217,2.36920559829013e-13,0.18764551975661425,2.36920559829013e-13,561.0,2.7045680335778973e-7,(pow3((0.00694*v1))/(v2+(log((-0.526-((1.07*v1)-v2)))+sqrt_abs(v1))))
1798.705873966217,0.7027627653264479,21.0,0.0,2.0,-0.991718960448597,true,2.0215818448568476e-6,0.28534621710897434,3.0,(pow3((0.0070601815027855*v1))/(v2+(log((-0.445031768600213-((1.08725243502442*v1)-v2)))+sqrt_abs(v2)))),-0.9856803514881273,2.39721682687788e-13,0.17793825141493144,2.39721682687788e-13,561.0,2.7268858897831903e-7,(pow3((0.00706*v1))/(v2+(log((-0.445-((1.09*v1)-v2)))+sqrt_abs(v2))))
1759.152156829834,1.1817152570696141,21.0,0.0,87.0,-0.9922977348105848,true,2.015216793528164e-6,0.23485937791994493,4.0,((pow3((0.00393572137210946*v1))/(log((v2+(-1.14802080393901*v1)))+(0.759846462634086*v1)))/0.452204482643462),-0.9854285248850109,2.4393744936631645e-13,0.19350200499181397,2.4393744936631645e-13,282.0,2.7539139778177924e-7,((pow3((0.00394*v1))/(log((v2+(-1.15*v1)))+(0.76*v1)))/0.452)
804.0246448516846,0.7096052113218505,21.0,0.0,2093.0,-0.9914059403387754,true,2.032714554240271e-6,0.2784967349024682,3.0,(pow3((0.00643001595708589*v1))/(log((v2+(-1.16117660351193*v1)))+(v2+(0.00270359601743784*exp(v1))))),-0.9858650141057506,2.3663029162539537e-13,0.18963525593136704,2.3663029162539537e-13,313.0,2.7478894693957323e-7,(pow3((0.00643*v1))/(log((v2+(-1.16*v1)))+(v2+(0.0027*exp(v1)))))
1798.2163908481598,0.6771950649802873,21.0,0.0,3.0,-0.991718960448597,true,2.016715535913575e-6,0.24791166420681454,2.0,(pow3((0.00665929206403583*v1))/(log((v2+(-1.15401969594053*v1)))+(v2+(log(pow3(v1))/v2)))),-0.9853286833674528,2.4560887143867223e-13,0.1808463858260479,2.4560887143867223e-13,537.0,2.6995565904194543e-7,(pow3((0.00666*v1))/(log((v2+(-1.15*v1)))+(v2+(log(pow3(v1))/v2))))
1427.2712149620056,0.7082213345613132,21.0,0.0,787.0,-0.9922009482598823,true,2.0204491701033156e-6,0.277042826738506,3.0,(pow3((0.00644207963559382*v1))/(log((v2+(-1.15665136511059*v1)))+(v2+(0.0142004530896667*pow2(v1))))),-0.9856972696091113,2.394384606221861e-13,0.18868797488906502,2.394384606221861e-13,313.0,2.754186070715994e-7,(pow3((0.00644*v1))/(log((v2+(-1.16*v1)))+(v2+(0.0142*pow2(v1)))))
1797.7223978042603,0.7376446357444738,21.0,0.0,4.0,-0.9915025465114866,true,2.0260576653067513e-6,0.28006452418336103,2.0,(pow3((0.00644249424981739*v1))/(log((v2+(-1.15248829999782*v1)))+(v2+((v2/v1)/v2)))),-0.9855654751726511,2.416447985815938e-13,0.19699960131113783,2.416447985815938e-13,361.0,2.770983675532625e-7,(pow3((0.00644*v1))/(log((v2+(-1.15*v1)))+(v2+((v2/v1)/v2))))
1799.586574792862,1.7867610914328158,21.0,0.0,0.0,-0.9893579526428448,true,2.118627677403806e-6,0.25186273603569376,2.0,(2.32228378320721e-7*exp((((2.5789065960281-(v1+v1))+(v1+v1))*(v1*(log(v1)/v2))))),-0.9841085364522941,2.660350481975262e-13,0.34828456707586797,2.660350481975262e-13,5.986310706507379e51,3.142348521091474e-7,(2.32e-7*exp((((2.58-(v1+v1))+(v1+v1))*(v1*(log(v1)/v2)))))
1799.614089012146,0.7216946117552704,21.0,0.0,0.0,-0.9919840476950156,true,2.0256992779717295e-6,0.3081610455844956,3.0,(pow3((0.00633808232983035*v1))/(log((v2+(-1.1533121114477*v1)))+(v2+pow2((0.00634609019360386*v1))))),-0.985581699565933,2.4137319003932506e-13,0.1916596603718854,2.4137319003932506e-13,337.0,2.813070287915941e-7,(pow3((0.00634*v1))/(log((v2+(-1.15*v1)))+(v2+pow2((0.00635*v1)))))
1016.1856889724731,0.698060136484194,21.0,0.0,1646.0,-0.9919840476950156,true,2.0394410215675984e-6,0.2726051567224335,3.0,(pow3((0.00651350118110996*v1))/(log((v2+(-1.15921701019221*v1)))+(v2+(0.0045033385228694*pow3(v1))))),-0.9858502031300908,2.3687823849395685e-13,0.18958403112144567,2.3687823849395685e-13,313.0,2.7291636629952116e-7,(pow3((0.00651*v1))/(log((v2+(-1.16*v1)))+(v2+(0.0045*pow3(v1)))))
1797.3920350074768,0.721707836588171,21.0,0.0,5.0,-0.991718960448597,true,2.02589932431615e-6,0.3081880992070992,3.0,(pow3((0.00633797294097605*v1))/(log((v2+(-1.15329488810818*v1)))+(v2+pow3((0.00211881007569873*v1))))),-0.9855821134384809,2.413662615016919e-13,0.19165914525979982,2.413662615016919e-13,337.0,2.813055951812194e-7,(pow3((0.00634*v1))/(log((v2+(-1.15*v1)))+(v2+pow3((0.00212*v1)))))
746.8683547973633,0.9971333829158417,21.0,0.0,2216.0,-0.9923703185293535,true,2.016899921693809e-6,0.5205795699420445,3.0,(pow3((-0.0238294541828406+(0.0252438552014572*sqrt_abs(v1))))/(v2+log((v2+(v2+(-2.32011170639371*v1)))))),-0.9854877305170151,2.4294630257127733e-13,0.3325199917142762,2.4294630257127733e-13,8321.0,2.9400107746331866e-7,(pow3((-0.0238+(0.0252*sqrt_abs(v1))))/(v2+log((v2+(v2+(-2.32*v1))))))
804.0246448516846,0.7096052113218505,21.0,0.0,2093.0,-0.9914059403387754,true,2.032714554240271e-6,0.2784967349024682,3.0,(pow3((0.00643001595708589*v1))/(log((v2+(-1.16117660351193*v1)))+(v2+(0.00270359601743784*exp(v1))))),-0.9858650141057506,2.3663029162539537e-13,0.18963525593136704,2.3663029162539537e-13,313.0,2.7478894693957323e-7,(pow3((0.00643*v1))/(log((v2+(-1.16*v1)))+(v2+(0.0027*exp(v1)))))
1799.2608540058136,0.6452581720970184,21.0,0.0,1.0,-0.9914541159517954,true,2.0199871073141332e-6,0.2411533259653068,4.0,(pow3((0.000614750672642054+(0.0063632788431855*v1)))/(log((v2+(-1.15501961770599*v1)))+(0.412062246372738+v2))),-0.9856736590723157,2.3983371876033776e-13,0.17486574435590477,2.3983371876033776e-13,561.0,2.7124630382062387e-7,(pow3((0.000615+(0.00636*v1)))/(log((v2+(-1.16*v1)))+(0.412+v2)))
1781.193235874176,0.7022208077373774,21.0,0.0,40.0,-0.9922009482598823,true,2.028774811718142e-6,0.2827498996821984,3.0,(pow3((0.00653555622527326*v1))/(log((v2+(-1.15454492397136*v1)))+(v2+(0.216863745795543*sqrt_abs(v1))))),-0.9856885102772897,2.39585098422812e-13,0.17848487162044344,2.39585098422812e-13,313.0,2.717182719593004e-7,(pow3((0.00654*v1))/(log((v2+(-1.15*v1)))+(v2+(0.217*sqrt_abs(v1)))))
1799.7834339141846,1.0812950646513624,21.0,0.0,0.0,-0.991718960448597,true,2.000550839465139e-6,0.2210102031149963,4.0,(pow3((0.00253118757432775+(0.00568218754301091*v1)))/(v2+(-0.369401426340176*((0.420691765838636*pow2(v1))-v2)))),-0.9836692694727754,2.7338870770893604e-13,0.18233108267769635,2.7338870770893604e-13,161.0,2.959721534602747e-7,(pow3((0.00253+(0.00568*v1)))/(v2+(-0.369*((0.421*pow2(v1))-v2))))
1757.9674208164215,0.697947247816827,21.0,0.0,90.0,-0.991718960448597,true,2.0197459109057825e-6,0.27898577972344313,3.0,(pow3((0.00628669266267627*v1))/(v2+log(sqrt_abs((v2+(v1*(-1.02267124509636+(-1.00194099143653/v2)))))))),-0.9857836792664046,2.3799189798975493e-13,0.19119846975596771,2.3799189798975493e-13,1.7976931348623157e308,2.7430939177287134e-7,(pow3((0.00629*v1))/(v2+log(sqrt_abs((v2+(v1*(-1.02+(-1.0/v2))))))))
1799.4111828804016,1.4212120830959771,21.0,0.0,1.0,-0.9752650373570195,true,2.310796357707591e-6,0.41802973266247023,3.0,(pow3(v1)*pow3((0.00695301866084394+((v1*(-0.00286696740794361/sqrt_abs((-0.613453573395589/(v2-v1)))))/v2)))),-0.9823778616683385,2.9500784533365393e-13,0.2853810736885456,2.9500784533365393e-13,3.48449143727041e41,3.4230537572861854e-7,(pow3(v1)*pow3((0.00695+((v1*(-0.00287/sqrt_abs((-0.613/(v2-v1)))))/v2))))
1798.930035829544,0.7053381945155278,21.0,0.0,2.0,-0.9916228548738307,true,2.0202138108348235e-6,0.24231898608300678,3.0,(pow3((0.00666066865426464*v1))/(v2+(log((0.865888370548306-(v1/v2)))+(0.287478994089398+sqrt_abs(v2))))),-0.9855685272378435,2.415937047154998e-13,0.1754737739747451,2.415937047154998e-13,569.0,2.68934698768902e-7,(pow3((0.00666*v1))/(v2+(log((0.866-(v1/v2)))+(0.287+sqrt_abs(v2)))))
1613.4050748348236,1.000001040096705,21.0,0.0,397.0,-0.9937145270889953,true,5.1790709539399e-6,0.9595068875349676,3.0,pow3((-4.4255075964626e-5+((0.261874962598404*v1)*(0.007605810144793*sqrt_abs((log(v1)*((v1+v1)/v2))))))),-0.8094299128652909,3.190286543696467e-12,0.6784734888792576,3.190286543696467e-12,1.7976931348623157e308,1.3239421018744189e-6,pow3((-4.43e-5+((0.262*v1)*(0.00761*sqrt_abs((log(v1)*((v1+v1)/v2)))))))
1760.7848229408264,0.6723042756570718,21.0,0.0,84.0,-0.9919840476950156,true,2.0389661684293123e-6,0.22859857244266124,3.0,(pow3((0.00638267808853636*v1))/(v2+(log((0.866306611249052-(v1/v2)))+sqrt_abs((-0.858764236197527*v1))))),-0.9857635002418013,2.383297100337373e-13,0.1667087314983236,2.383297100337373e-13,593.0,2.6769944249536867e-7,(pow3((0.00638*v1))/(v2+(log((0.866-(v1/v2)))+sqrt_abs((-0.859*v1)))))
1799.403921842575,0.7191982288012676,21.0,0.0,1.0,-0.9927796317359114,true,2.0743851623523066e-6,0.49587265631446154,4.0,(pow3(v1)*(3.69115797188108e-8+pow3((v1*(6.57601472970434e-5+(v1*(0.000303898015693567+(-3.42570039692022e-5*v2)))))))),-0.9774378268799064,3.7770774198525623e-13,0.27317419018277345,3.7770774198525623e-13,8.388613e6,3.8940998783608213e-7,(pow3(v1)*(3.69e-8+pow3((v1*(6.58e-5+(v1*(0.000304+(-3.43e-5*v2))))))))
983.6636719703674,1.2829539010988398,21.0,0.0,1715.0,-0.9925627731193225,true,2.0201725138385477e-6,0.3128126419381088,3.0,(pow3((0.00670482719194966*v1))/(log((v2+(-1.15791604961867*v1)))+(v2+log((0.578742037369334*v1))))),-0.9854540146309297,2.4351073185450924e-13,0.22832727470177525,2.4351073185450924e-13,337.0,2.779563899856056e-7,(pow3((0.0067*v1))/(log((v2+(-1.16*v1)))+(v2+log((0.579*v1)))))
1390.6361498832703,0.689223755681821,21.0,0.0,865.0,-0.9911411103854544,true,2.0164354873049822e-6,0.29176192486698416,3.0,(pow3((0.00642385903071487*v1))/(v2+log(sqrt_abs((-1.46752525911281+(v2+(v2+(-2.0872053031017*v1)))))))),-0.9857951921589169,2.37799163512834e-13,0.1972792395536497,2.37799163512834e-13,9.263367138985296e77,2.720854339636813e-7,(pow3((0.00642*v1))/(v2+log(sqrt_abs((-1.47+(v2+(v2+(-2.09*v1))))))))
1797.7223978042603,0.7376446357444738,21.0,0.0,4.0,-0.9915025465114866,true,2.0260576653067513e-6,0.28006452418336103,2.0,(pow3((0.00644249424981739*v1))/(log((v2+(-1.15248829999782*v1)))+(v2+((v2/v1)/v2)))),-0.9855654751726511,2.416447985815938e-13,0.19699960131113783,2.416447985815938e-13,361.0,2.770983675532625e-7,(pow3((0.00644*v1))/(log((v2+(-1.15*v1)))+(v2+((v2/v1)/v2))))
1794.334781885147,0.66560435719262,21.0,0.0,12.0,-0.9917192037715059,true,2.0446731768606983e-6,0.22016292320733727,3.0,(pow3((0.0064426066766841*v1))/(v2+(log((0.866180474268438-(v1/v2)))+sqrt_abs((-0.972949069589899*v1))))),-0.9857464897537929,2.3861447839277467e-13,0.16438680994719654,2.3861447839277467e-13,593.0,2.6719832817186154e-7,(pow3((0.00644*v1))/(v2+(log((0.866-(v1/v2)))+sqrt_abs((-0.973*v1)))))
1634.8143939971924,0.6668818515022642,21.0,0.0,352.0,-0.9919840476950156,true,2.035235240930178e-6,0.21491243139953092,3.0,(pow3((0.00641145661523769*v1))/(v2+(log((0.787488095546721-((0.909242361843158*v1)/v2)))+sqrt_abs(v1)))),-0.9857747084235624,2.3814207664389446e-13,0.16766077728707462,2.3814207664389446e-13,2097.0,2.6785008116519385e-7,(pow3((0.00641*v1))/(v2+(log((0.787-((0.909*v1)/v2)))+sqrt_abs(v1))))
1797.1128408908844,0.7130274733215748,21.0,0.0,6.0,-0.991718960448597,true,2.0226685254104232e-6,0.26818077972780047,3.0,(pow3((0.00651596869645269*v1))/(v2+(log((0.866263248754579-(v1/v2)))+sqrt_abs((0.936973252452198*v2))))),-0.9856393990639035,2.4040725706043486e-13,0.17847815833455477,2.4040725706043486e-13,593.0,2.729580991545069e-7,(pow3((0.00652*v1))/(v2+(log((0.866-(v1/v2)))+sqrt_abs((0.937*v2)))))
1799.8930718898773,0.9928870812424989,21.0,0.0,0.0,-0.9784221699174426,true,2.287779007427872e-6,0.7116796689179518,4.0,(pow3((0.00754392903513024*v1))/(v2+(1.13275421187348*exp((0.56020668927807-((1.33685797545899*v1)-v2)))))),-0.9777195247904369,3.729919071610994e-13,0.3721543916270146,3.729919071610994e-13,537.0,4.251495169591677e-7,(pow3((0.00754*v1))/(v2+(1.13*exp((0.56-((1.34*v1)-v2))))))
1799.901360988617,0.6349489622940061,21.0,0.0,0.0,-0.9919358720819955,true,2.020344379376076e-6,0.24298443120771462,3.0,(pow3((0.00827265022929916*v1))/(v2+(v2+log(sqrt_abs((-0.29547910441527+(v2+(-1.11736940779122*v1)))))))),-0.9827307343524146,2.891004912857426e-13,0.1868948489576679,2.891004912857426e-13,1.4757395258967641e20,3.27854106068519e-7,(pow3((0.00827*v1))/(v2+(v2+log(sqrt_abs((-0.295+(v2+(-1.12*v1))))))))
1799.1792919635773,0.6107584386506523,22.0,0.0,1.0,-0.9911411103854544,true,2.0046576556289633e-6,0.21526177354257556,2.0,(pow3((0.00828552418191663*v1))/(log((v2+(v1*exp(v2))))+(v2+(-0.00449316706533606*pow2(pow2(v1)))))),-0.9803790603079356,3.2846928295742897e-13,0.1645253789990431,3.2846928295742897e-13,16537.0,3.435374003298597e-7,(pow3((0.00829*v1))/(log((v2+(v1*exp(v2))))+(v2+(-0.00449*pow2(pow2(v1))))))
1618.3696179389954,5.660479554428269,22.0,0.0,386.0,-0.9941009178992459,true,5.840935625414849e-5,0.99011538793736,3.0,(1.8096908922514202e-9*exp(((v1+(0.866084804363005-pow2((-0.000258011066995426*pow2(v1)))))*(v1*(log(v1)/v2))))),25.769907422196848,4.481483778966059e-10,1.4324935207226832,4.481483778966059e-10,3.061802069160839e200,9.119526293759677e-6,(1.81e-9*exp(((v1+(0.866-pow2((-0.000258*pow2(v1)))))*(v1*(log(v1)/v2)))))
1797.2886250019073,0.7135173143187575,22.0,0.0,5.0,-0.9919840476950156,true,2.014089686227569e-6,0.2876189994433523,3.0,(pow3((0.00639944524031128*v1))/(log((v2+(-1.15880849456531*v1)))+(v2+(0.000508261996686797*pow2(pow2(v1)))))),-0.9857363163793621,2.3878478832986093e-13,0.19016110587310878,2.3878478832986093e-13,409.0,2.7613922234738046e-7,(pow3((0.0064*v1))/(log((v2+(-1.16*v1)))+(v2+(0.000508*pow2(pow2(v1))))))
1795.360242843628,0.7022910778196702,22.0,0.0,9.0,-0.991718960448597,true,2.0191703108662066e-6,0.2696531115724343,3.0,(pow3((0.00661617793020548*v1))/(log((v2+(-1.15666504453843*v1)))+(v2+(0.0694956670815886*(v2+v1))))),-0.9856687802948555,2.3991539316325805e-13,0.18261247615771872,2.3991539316325805e-13,313.0,2.721144651227727e-7,(pow3((0.00662*v1))/(log((v2+(-1.16*v1)))+(v2+(0.0695*(v2+v1)))))
1798.6827309131622,63474.02351385074,22.0,0.0,2.0,-0.9944389890618142,true,0.6549757519050302,6.824787423057121,3.0,(1.8096908922514202e-9*exp((((0.866084804363005-(0.00571747688033916*v1))+(v1+v1))*(v1*(log(v1)/v2))))),3.587623176889218e9,0.060059509445377746,7522.661329406766,0.060059509445377746,1.141798154164768e46,0.09193113429385036,(1.81e-9*exp((((0.866-(0.00572*v1))+(v1+v1))*(v1*(log(v1)/v2)))))
1640.5588948726654,0.7150345249493593,22.0,0.0,339.0,-0.9923696656368003,true,2.099522507004736e-6,0.375075828689662,3.0,(pow3((0.00689037922232936*v1))/((3.30279940806439+(v1*sqrt_abs((v1-v2))))+(v2+(-1.75254969441146*v1)))),-0.9845625105708343,2.584351801209493e-13,0.22136027830871732,2.584351801209493e-13,313.0,2.94145034683541e-7,(pow3((0.00689*v1))/((3.3+(v1*sqrt_abs((v1-v2))))+(v2+(-1.75*v1))))
1677.5822639465332,0.6878447632134511,22.0,0.0,261.0,-0.9919358720819955,true,2.0070632146313203e-6,0.26594954720869884,4.0,(pow3((0.0066677566738948*v1))/(1.28495667342266+(v2+log(sqrt_abs((0.882301445043188-(v2+(-1.01926432131188*v1)))))))),-0.9858733822923461,2.36490201889948e-13,0.18004036774002483,2.36490201889948e-13,1.4757395258967641e20,2.7116601902462714e-7,(pow3((0.00667*v1))/(1.28+(v2+log(sqrt_abs((0.882-(v2+(-1.02*v1))))))))
1799.5606398582458,0.721737348680986,22.0,0.0,0.0,-0.9919358720819955,true,2.0256737121056143e-6,0.3082608251573429,3.0,(pow3((0.0063377485832634*v1))/(log((v2+(-1.1533023156385*v1)))+(v2+pow2(pow3((0.00648869731110039*v1)))))),-0.9855810326961566,2.4138435394078564e-13,0.19167260002385636,2.4138435394078564e-13,2321.0,2.8133118641318887e-7,(pow3((0.00634*v1))/(log((v2+(-1.15*v1)))+(v2+pow2(pow3((0.00649*v1))))))
1443.254627943039,0.71055916392335,22.0,0.0,754.0,-0.9922009482598823,true,2.004853172126734e-6,0.28024135480152335,3.0,(pow3((0.00642138370313071*v1))/(log((v2+(-1.160043961599*v1)))+(v2+(0.000668495275708034*pow2(pow2(v1)))))),-0.98578332480455,2.379978319477125e-13,0.1899144311835377,2.379978319477125e-13,409.0,2.7427811146363875e-7,(pow3((0.00642*v1))/(log((v2+(-1.16*v1)))+(v2+(0.000668*pow2(pow2(v1))))))
1798.286031961441,0.7064857145678508,22.0,0.0,3.0,-0.9917192037715059,true,2.02153371626551e-6,0.281718331739169,3.0,(pow3((0.0064650652176684*v1))/(log((v2+(-1.15408008461165*v1)))+(v2+(v1*(0.389200239373801/v2))))),-0.9856284196472392,2.4059106075055324e-13,0.1775477533267235,2.4059106075055324e-13,329.0,2.72590056280511e-7,(pow3((0.00647*v1))/(log((v2+(-1.15*v1)))+(v2+(v1*(0.389/v2)))))
1794.1435849666595,0.6752275781163184,22.0,0.0,12.0,-0.991718960448597,true,2.019139679245767e-6,0.25734553782223846,3.0,(pow3((0.0061539461527905*v1))/(log((v2+(-1.15414956106908*v1)))+(v2+(0.314978213164845*(v1-v2))))),-0.9856860725539289,2.396259077447351e-13,0.18342807451909507,2.396259077447351e-13,313.0,2.727889815380103e-7,(pow3((0.00615*v1))/(log((v2+(-1.15*v1)))+(v2+(0.315*(v1-v2)))))
1794.090677022934,0.7159750818030746,22.0,0.0,12.0,-0.9919840476950156,true,2.0209099690244933e-6,0.2946347008543251,3.0,(pow3((0.00638153014620317*v1))/(log((v2+(-1.14527899678452*v1)))+(v2+(-5.7657553117664605e-9*pow3(exp(v1)))))),-0.9857115735253794,2.391990023090873e-13,0.18850352887543867,2.391990023090873e-13,409.0,2.747736577941199e-7,(pow3((0.00638*v1))/(log((v2+(-1.15*v1)))+(v2+(-5.77e-9*pow3(exp(v1))))))
1582.188260793686,0.6385499098303684,22.0,0.0,462.0,-0.9922979570807584,true,2.026741078034246e-6,0.22019170248422143,4.0,pow2(pow2((v1*(-0.0154016050168354+pow2((v1*(0.0335916215062326+(v1*(-0.00158718119611153+(-0.0136137401160874/v2)))))))))),-0.9851563808468793,2.484933451831918e-13,0.19916183166701984,2.484933451831918e-13,1.7976931348623157e308,2.833209859897999e-7,pow2(pow2((v1*(-0.0154+pow2((v1*(0.0336+(v1*(-0.00159+(-0.0136/v2))))))))))
1622.3586180210114,1.000001040096705,22.0,0.0,378.0,-0.9945596460194858,true,9.2026608158914e-6,0.9775762784599744,4.0,pow3((-4.4255075964626e-5+((0.261874962598404*v1)*(0.007605810144793*sqrt_abs((log(v1)*((1.35887689653314*v1)/v2))))))),-0.35896347920014193,1.0731433338119664e-11,0.8203625299548278,1.0731433338119664e-11,1.7976931348623157e308,2.2100913869569864e-6,pow3((-4.43e-5+((0.262*v1)*(0.00761*sqrt_abs((log(v1)*((1.36*v1)/v2)))))))
1791.454262971878,0.3729901115650227,22.0,0.0,18.0,-0.991718960448597,true,2.019966030894525e-6,0.17626690447511156,4.0,pow2(pow2((-0.0110425795563614+(v1*(-0.00600926429789466+(v1*(v1*(-4.13335343473869e-5+(-0.0161524418194423/exp(v2)))))))))),-0.9849712530201952,2.5159252419504076e-13,0.11799271016305596,2.5159252419504076e-13,1.7976931348623157e308,2.834379690712866e-7,pow2(pow2((-0.011+(v1*(-0.00601+(v1*(v1*(-4.13e-5+(-0.0162/exp(v2))))))))))
1798.3935120105743,0.7164465565435032,22.0,0.0,3.0,-0.991718960448597,true,2.094903332058856e-6,0.35306938717491465,4.0,(pow3((0.00663841012867946*v1))/(v2+(3.14124795314575+(v1*(-0.141200263620595+(0.686747336650226/(v1-v2))))))),-0.9846028259464074,2.577602704216963e-13,0.22170718751696683,2.577602704216963e-13,129.0,2.923910158611275e-7,(pow3((0.00664*v1))/(v2+(3.14+(v1*(-0.141+(0.687/(v1-v2)))))))
1291.7057778835297,0.6700617983042432,22.0,0.0,1074.0,-0.9917192037715059,true,2.019116608848617e-6,0.23908150072644369,2.0,(pow3((0.00327908437059179*(v1+v1)))/(v2+log(sqrt_abs((v2+(v1*((v2-v1)-2.16386306331206))))))),-0.9857980305439845,2.3775164681268773e-13,0.17534443138808486,2.3775164681268773e-13,1.7976931348623157e308,2.6842716180003697e-7,(pow3((0.00328*(v1+v1)))/(v2+log(sqrt_abs((v2+(v1*((v2-v1)-2.16)))))))
1733.2889158725739,0.6793280365356513,22.0,0.0,142.0,-0.9922009482598823,true,2.026054018354677e-6,0.25945416133047305,3.0,(pow3((0.00680521318324443*v1))/(v2+log((v2+(v1*(v2+(-1.72071852609623+(-1.06785953733959*v1)))))))),-0.9857181649964327,2.3908865612768645e-13,0.1787183002677707,2.3908865612768645e-13,262161.0,2.738681268795837e-7,(pow3((0.00681*v1))/(v2+log((v2+(v1*(v2+(-1.72+(-1.07*v1))))))))
918.5289838314056,0.7078352864680023,22.0,0.0,1851.0,-0.9916228548738307,true,2.0199545073447818e-6,0.39980855020999423,4.0,(pow3(v1)*(3.19125245385851e-8+pow3((v1*(-0.000797349146184374+((0.00776231710568654-(-3.04786354128843e-6*exp(v1)))/v2)))))),-0.9858137781339295,2.374880203167747e-13,0.22660659725484822,2.374880203167747e-13,2.147483653e9,2.791729883748077e-7,(pow3(v1)*(3.19e-8+pow3((v1*(-0.000797+((0.00776-(-3.05e-6*exp(v1)))/v2))))))
1446.944895029068,0.6902217962604392,22.0,0.0,747.0,-0.9922009482598823,true,2.022031142146479e-6,0.2684529106567436,4.0,(pow3((0.00651114365643326*v1))/(0.716945838349153+(v2+log(sqrt_abs((0.7976286334082-(v2+(-1.03427058661175*v1)))))))),-0.9858218571091378,2.373527721973995e-13,0.1879085056308525,2.373527721973995e-13,1.4757395258967641e20,2.7288101678422596e-7,(pow3((0.00651*v1))/(0.717+(v2+log(sqrt_abs((0.798-(v2+(-1.03*v1))))))))
1541.0079329013824,0.5523111204703663,22.0,1.0,549.0,-0.9934729454689333,true,2.0489794725418964e-6,0.30327161496344773,2.0,(pow3((v1-(v1*(0.996109045789718-(-1.18711142051721e-7*exp(v1))))))/sqrt_abs((v2+(v1*(v1-v2))))),-0.9824424130502918,2.9392720666512627e-13,0.2137831069899004,2.9392720666512627e-13,6.7108865e7,3.4279275406425163e-7,(pow3((v1-(v1*(0.996-(-1.19e-7*exp(v1))))))/sqrt_abs((v2+(v1*(v1-v2)))))
1370.0299968719482,0.6865086442990163,22.0,0.0,909.0,-0.9917192037715059,true,2.021906261169817e-6,0.26192008324188315,4.0,(pow3((0.00665319212573393*v1))/(v2+(1.18584372809789+log(sqrt_abs((0.869062011795738+((1.02141690621873*v1)-v2))))))),-0.9858900114183937,2.362118178168713e-13,0.18070829801617797,2.362118178168713e-13,1.4757395258967641e20,2.709733664825975e-7,(pow3((0.00665*v1))/(v2+(1.19+log(sqrt_abs((0.869+((1.02*v1)-v2)))))))
1799.0455260276794,1.1825068166375206,22.0,0.0,2.0,-0.991718960448597,true,2.0163170736017738e-6,0.23746524232944116,3.0,(pow3((0.00810161544417381*v1))/((3.97459706481671*log((v2+(-1.14778609901735*v1))))+(v1+(v1+v1)))),-0.9854277824316886,2.439498785931646e-13,0.19393546406991707,2.439498785931646e-13,313.0,2.752533057826565e-7,(pow3((0.0081*v1))/((3.97*log((v2+(-1.15*v1))))+(v1+(v1+v1))))
1799.5105538368225,0.6589733857887673,22.0,0.0,1.0,-0.9919358720819955,true,2.1263481159932897e-6,0.22297431712460003,3.0,(pow3((0.00631341123118854*v1))/(log(sqrt_abs((0.855545991849306-(v1/v2))))+(v2+sqrt_abs((0.0575235276456018*v1))))),-0.9849628682296172,2.51732891893637e-13,0.1741837856740528,2.51732891893637e-13,1.4757395258967641e20,2.7735408122885783e-7,(pow3((0.00631*v1))/(log(sqrt_abs((0.856-(v1/v2))))+(v2+sqrt_abs((0.0575*v1)))))
1601.9592499732971,0.7146636791909021,22.0,0.0,421.0,-0.9927796317359114,true,2.023152998644804e-6,0.4123440114598693,4.0,(pow3(v1)*(3.1241535016914e-8+pow3((v1*(0.000301594275536222+(v1*(1.76910395339602e-5+(0.015297756347659/exp(v2))))))))),-0.9844945136011576,2.5957350051862404e-13,0.2530551117988678,2.5957350051862404e-13,2.147483653e9,3.1018502475317376e-7,(pow3(v1)*(3.12e-8+pow3((v1*(0.000302+(v1*(1.77e-5+(0.0153/exp(v2)))))))))
518.5721638202667,0.68044617720176,22.0,0.0,2708.0,-0.991718960448597,true,2.0131633968446886e-6,0.25203467643483196,4.0,(pow3((0.00678267668932009*v1))/(1.54233891750325+(v2+log(sqrt_abs((-0.888380218290814-((1.01823745928709*v1)-v2))))))),-0.9859332924869242,2.354872601876782e-13,0.171658829501653,2.354872601876782e-13,1.4757395258967641e20,2.6846383584739945e-7,(pow3((0.00678*v1))/(1.54+(v2+log(sqrt_abs((-0.888-((1.02*v1)-v2)))))))
1799.9788370132446,0.6952873681588028,22.0,0.0,0.0,-0.9914541159517954,true,2.0292141675423605e-6,0.2529226565138213,3.0,(pow3((0.00606264184204964*v1))/((0.00395215962423877*exp(v1))+(v2+(-0.0252491888458169*(pow2(pow2(v1))/v2))))),-0.9832937504851299,2.796751779058115e-13,0.17658985635893193,2.796751779058115e-13,329.0,3.020705197448899e-7,(pow3((0.00606*v1))/((0.00395*exp(v1))+(v2+(-0.0252*(pow2(pow2(v1))/v2)))))
1782.9335389137268,66907.54471869065,23.0,0.0,36.0,-0.9944389890618142,true,0.6904055704091488,7.0257752044765045,3.0,(1.8096908922514202e-9*exp((((0.866084804363005-pow2((-0.000258011066995426*v2)))+(v1+v1))*(v1*(log(v1)/v2))))),3.986253556109126e9,0.06673288171410599,7929.022173021629,0.06673288171410599,4.523128485832664e74,0.09690041834267507,(1.81e-9*exp((((0.866-pow2((-0.000258*v2)))+(v1+v1))*(v1*(log(v1)/v2)))))
1797.3004050254822,0.7137332581631035,23.0,0.0,5.0,-0.9911411103854544,true,2.0286766002070136e-6,0.28794942948551316,3.0,(pow3((0.00645951490863065*v1))/(log((v2+(-1.15318598920736*v1)))+(v2+(log((-1.01926370843159+v2))/v2)))),-0.985618621514795,2.40755088854651e-13,0.19151143233046475,2.40755088854651e-13,409.0,2.760857109597953e-7,(pow3((0.00646*v1))/(log((v2+(-1.15*v1)))+(v2+(log((-1.02+v2))/v2))))
1756.2478318214417,5.303874163228894,23.0,0.0,93.0,-0.9940285760758251,true,5.4729616554281646e-5,0.9902004121636293,4.0,(1.8096908922514202e-9*exp((((0.866084804363005-(0.000824901920744777*v1))+(-0.0309666044743703+v1))*(v1*(log(v1)/v2))))),22.418508203726272,3.920434351430054e-10,1.393234869287043,3.920434351430054e-10,2.1778071482940062e40,8.620644501733878e-6,(1.81e-9*exp((((0.866-(0.000825*v1))+(-0.031+v1))*(v1*(log(v1)/v2)))))
1373.8673558235168,6.187317651966832,23.0,0.0,900.0,-0.9941252485293476,true,6.384569319901285e-5,0.9900720539026648,4.0,(1.8096908922514202e-9*exp((((0.866084804363005-5.4839221809948e-8)+(v1+(0.00824699813254912*v1)))*(v1*(log(v1)/v2))))),31.1374390749394,5.380048934813677e-10,1.4913393722497668,5.380048934813677e-10,2.1778071482940062e40,9.860956793205896e-6,(1.81e-9*exp((((0.866-5.48e-8)+(v1+(0.00825*v1)))*(v1*(log(v1)/v2)))))
1799.6115548610687,0.7404717203751381,23.0,0.0,0.0,-0.991718960448597,true,2.002852559434463e-6,0.31214727632730155,4.0,(pow3(v1)*(v1*(4.08737794198725e-8+(v1*(-1.40170019128373e-8+(v1*(1.38543065151762e-9+(8.67590105545043e-8/exp(v2))))))))),-0.9861669197044347,2.3157616490787007e-13,0.22953975576505872,2.3157616490787007e-13,245.0,2.6123195538373093e-7,(pow3(v1)*(v1*(4.09e-8+(v1*(-1.4e-8+(v1*(1.39e-9+(8.68e-8/exp(v2)))))))))
1799.6558318138123,0.7740874675624888,23.0,0.0,0.0,-0.991718960448597,true,2.0569042438079e-6,0.337192904078536,3.0,(pow3((0.0058196949779526*v1))/(log((v2+(v2-v1)))+(v2+(-0.0644827016386423*pow2((3.32279937096444+v1)))))),-0.9840203689887466,2.6751103782830516e-13,0.2121136377214522,2.6751103782830516e-13,601.0,3.051864913589171e-7,(pow3((0.00582*v1))/(log((v2+(v2-v1)))+(v2+(-0.0645*pow2((3.32+v1))))))
1798.2793188095093,0.7203394218913174,23.0,0.0,3.0,-0.9914541159517954,true,2.0213564717576024e-6,0.2936723473761522,3.0,(pow3((0.00663816731911446*v1))/(log((v2+(-1.15646088311408*v1)))+(v2+(-0.179537204952075*(log(v1)-v2))))),-0.9856668725071541,2.399473309637983e-13,0.18413192846997156,2.399473309637983e-13,329.0,2.748647050843631e-7,(pow3((0.00664*v1))/(log((v2+(-1.16*v1)))+(v2+(-0.18*(log(v1)-v2)))))
493.2496747970581,1.1646121019875508,23.0,0.0,2763.0,-0.992514604490131,true,2.0179006391322677e-6,0.27435688311839007,4.0,(pow3((v1*(0.00483162976205504+(-8.98301587370358e-5*v1))))/sqrt_abs((v2+(1.5676132061192/((1.1151103381777*v1)-v2))))),-0.9854797061589641,2.430806363583725e-13,0.21641698321950453,2.430806363583725e-13,131073.0,2.7917611656546435e-7,(pow3((v1*(0.00483+(-8.98e-5*v1))))/sqrt_abs((v2+(1.57/((1.12*v1)-v2)))))
1451.9470238685608,0.4556375194105731,23.0,0.0,736.0,-0.991718960448597,true,2.0187855189692744e-6,0.20975991702259245,4.0,(pow3(v1)*(7.75542178132199e-8+(v1*(-1.73469623473167e-8+(v1*(v1*(3.11501115473478e-10+(8.19520003963098e-8/exp(v2))))))))),-0.986102489742633,2.3265477091176817e-13,0.148161533243578,2.3265477091176817e-13,233.0,2.547942984276223e-7,(pow3(v1)*(7.76e-8+(v1*(-1.73e-8+(v1*(v1*(3.12e-10+(8.2e-8/exp(v2)))))))))
1798.8200988769531,1.0415123337410737,23.0,0.0,2.0,-0.9783284948545135,true,1.998735665576566e-6,0.6650807234749865,3.0,(pow3((-0.0328622934176753+(0.0306062728647969*sqrt_abs(v1))))/(v2+log((v2+(-0.0356963943099964*(pow2(pow2(v1))/v2)))))),-0.980321027371312,3.2944079795007854e-13,0.3932002371401929,3.2944079795007854e-13,4.398046511233e12,3.8721312219175103e-7,(pow3((-0.0329+(0.0306*sqrt_abs(v1))))/(v2+log((v2+(-0.0357*(pow2(pow2(v1))/v2))))))
1785.296648979187,0.4536014067480694,23.0,0.0,31.0,-0.991718960448597,true,2.021794912494022e-6,0.15784029907979052,4.0,(exp(v1)*(v1*(5.99720903895587e-8+(v1*(-1.95349677689254e-8+(v1*(1.64317977856774e-9+(9.62399652719034e-8/exp(v2))))))))),-0.9858846315273649,2.3630188123770375e-13,0.10829864604692803,2.3630188123770375e-13,245.0,2.5401208162393745e-7,(exp(v1)*(v1*(6.0e-8+(v1*(-1.95e-8+(v1*(1.64e-9+(9.62e-8/exp(v2)))))))))
1539.9423279762268,0.7716422409046887,23.0,0.0,551.0,-0.9920329181982164,true,2.014379371840391e-6,0.36728169107441694,4.0,(pow3(v1)*(v1*(3.53479623688266e-8+(v1*(-1.16653575552969e-8+(v1*(1.1496362485795001e-9+(8.35804579158605e-8/exp(v2))))))))),-0.9860679638233923,2.3323276075906434e-13,0.24861832753344412,2.3323276075906434e-13,245.0,2.7182461290208385e-7,(pow3(v1)*(v1*(3.53e-8+(v1*(-1.17e-8+(v1*(1.15e-9+(8.36e-8/exp(v2)))))))))
1415.1492919921875,0.5152048458777756,23.0,0.0,813.0,-0.991718960448597,true,2.0097674441108485e-6,0.2009730934385937,4.0,(pow3(v1)*(5.6796609767477e-8+(v1*(v1*(-4.526679548563311e-9+(v1*(6.77870710559692e-10+(8.47048314894854e-8/exp(v2))))))))),-0.9862202256369966,2.3068378351733573e-13,0.16436967059539312,2.3068378351733573e-13,241.0,2.518447781582086e-7,(pow3(v1)*(5.68e-8+(v1*(v1*(-4.53e-9+(v1*(6.78e-10+(8.47e-8/exp(v2)))))))))
1565.591234922409,0.7956437801416647,23.0,0.0,497.0,-0.992514604490131,true,2.0170573920509924e-6,0.3900223197731435,4.0,pow2(pow2((v1*(-0.0128172137028645+pow2((v1*(0.0246881043881444+(v1*(-0.00243246902985579+(-0.190631131094067/exp(v2))))))))))),-0.9859925267545401,2.344956340109676e-13,0.2679723509964386,2.344956340109676e-13,1.7976931348623157e308,2.815876898491684e-7,pow2(pow2((v1*(-0.0128+pow2((v1*(0.0247+(v1*(-0.00243+(-0.191/exp(v2)))))))))))
1799.864688873291,0.703957986265448,23.0,0.0,0.0,-0.991718960448597,true,2.009280287616532e-6,0.4608911506686225,4.0,(pow3(v1)*(3.85348123414507e-8+pow3((v1*(0.000896448320553709+(v1*(3.37701762985579e-5+(v2*(-9.39938738941318e-5/v1))))))))),-0.9758660469536985,4.0402051973347e-13,0.2720328174606632,4.0402051973347e-13,5.49755813893e11,4.0373830712466714e-7,(pow3(v1)*(3.85e-8+pow3((v1*(0.000896+(v1*(3.38e-5+(v2*(-9.4e-5/v1)))))))))
1797.592955827713,0.7776893956243062,23.0,0.0,5.0,-0.991718960448597,true,2.0186527657551336e-6,0.24807637548427308,4.0,(pow3((0.00722906579377082*v1))/((2.81261543540271*log((v2+(-1.14596491195349*v1))))+(v1+(0.50607780728894+v1)))),-0.9855728362508964,2.4152156859715093e-13,0.16866567669496987,2.4152156859715093e-13,305.0,2.7022613127723023e-7,(pow3((0.00723*v1))/((2.81*log((v2+(-1.15*v1))))+(v1+(0.506+v1))))
1799.0438849925995,1.1929252586368504,23.0,0.0,2.0,-0.9922977348105848,true,2.0144843054491495e-6,0.24322343580890388,4.0,(pow3((0.00544625867285564*v1))/((1.23350298424631*log((v2+(-1.14701233268393*v1))))+(v1+(-0.088983854743072*v1)))),-0.985503911327638,2.426754236354867e-13,0.1962116616478408,2.426754236354867e-13,305.0,2.7462517530183605e-7,(pow3((0.00545*v1))/((1.23*log((v2+(-1.15*v1))))+(v1+(-0.089*v1))))
1799.0632050037384,0.8012317975361686,23.0,0.0,2.0,-0.9900570231742152,true,2.0223229376722432e-6,0.3612465594430608,3.0,(pow3((0.00625231666389677*v1))/(log(sqrt_abs((v2+(-1.1691038073465*v1))))+(v2+(0.590594219377485/(v1-v2))))),-0.9856015840002708,2.4104030965788267e-13,0.21469985355786517,2.4104030965788267e-13,3.4359738425e10,2.767361573619321e-7,(pow3((0.00625*v1))/(log(sqrt_abs((v2+(-1.17*v1))))+(v2+(0.591/(v1-v2)))))
700.085795879364,0.771978390161847,23.0,0.0,2316.0,-0.9914541159517954,true,2.0145036793386644e-6,0.3679948992360441,4.0,(pow3(v1)*(v1*(3.52883708295984e-8+(v1*(-1.1639996942434e-8+(v1*(1.1470933935984801e-9+(8.35461797552729e-8/exp(v2))))))))),-0.9860655759995027,2.3327273472632355e-13,0.2488436525381055,2.3327273472632355e-13,245.0,2.7199333820973004e-7,(pow3(v1)*(v1*(3.53e-8+(v1*(-1.16e-8+(v1*(1.15e-9+(8.35e-8/exp(v2)))))))))
1799.4503979682922,0.7673272792045538,23.0,0.0,1.0,-0.9918876964689756,true,2.0376139350390194e-6,0.329379075321911,4.0,(pow3((0.00546691992429601*v1))/(v2+(v1*(-0.188154267565338+(v1*(-0.0812080318314015+(-2.17974184753068/exp(v2)))))))),-0.9845234404037748,2.5908924409344346e-13,0.2049221807671496,2.5908924409344346e-13,249.0,2.978702043618612e-7,(pow3((0.00547*v1))/(v2+(v1*(-0.188+(v1*(-0.0812+(-2.18/exp(v2))))))))
1682.3779499530792,0.7804554163524431,23.0,0.0,251.0,-0.992514604490131,true,2.0136885929673608e-6,0.4104111271248603,4.0,pow2((v1*(v1*(0.00019352413705561+(v1*(-4.35146854228194e-5+(v1*(4.2546525555379e-6+(0.000359384490316643/exp(v2)))))))))),-0.9855405929429488,2.420613458151602e-13,0.25477931963402434,2.420613458151602e-13,1.0633823966279327e37,2.867364656730316e-7,pow2((v1*(v1*(0.000194+(v1*(-4.35e-5+(v1*(4.25e-6+(0.000359/exp(v2))))))))))
1798.973478794098,0.6578269731490506,23.0,0.0,2.0,-0.9914298997848762,true,1.9994372422247374e-6,0.2048698992101263,4.0,(pow3((0.00630434077065848*v1))/((-0.00587667045379107*exp(v1))+(v2+(-0.184943784959342/((1.29930133924355*v1)-v2))))),-0.9859866704412521,2.3459367309862965e-13,0.1549532857976142,2.3459367309862965e-13,105.0,2.591678169598199e-7,(pow3((0.0063*v1))/((-0.00588*exp(v1))+(v2+(-0.185/((1.3*v1)-v2)))))
1737.6569650173187,0.552541448150445,23.0,0.0,133.0,-0.9934729454689333,true,2.048520263799213e-6,0.30359135666931436,3.0,(pow3((v1*(0.00389024957475979-(1.02765717548299e-7*exp((1.02140025252133*v1))))))/sqrt_abs((v2+(v1*(v1-v2))))),-0.9824362128448011,2.9403100276682533e-13,0.21392510319343574,2.9403100276682533e-13,4.294967297e9,3.42912228005601e-7,(pow3((v1*(0.00389-(1.03e-7*exp((1.02*v1))))))/sqrt_abs((v2+(v1*(v1-v2)))))
1796.3307030200958,0.7066593978904844,24.0,0.0,7.0,-0.9919840476950156,true,2.0199241635826854e-6,0.26852416473560836,4.0,(pow3((0.00652615224878307*v1))/(log((v2+(-1.1569311766927*v1)))+(v2+(0.311967873676194+(0.00191562009491703*pow3(v1)))))),-0.9857091787045967,2.392390934095988e-13,0.1762248033712791,2.392390934095988e-13,321.0,2.7132655946165815e-7,(pow3((0.00653*v1))/(log((v2+(-1.16*v1)))+(v2+(0.312+(0.00192*pow3(v1))))))
1755.8140099048615,66899.0150936162,24.0,0.0,94.0,-0.9944872206550367,true,0.6903175549141898,7.025638331604193,3.0,(1.8096908922514202e-9*exp((((0.866084804363005-pow2((-0.000258011066995426*pow2(v1))))+(v1+v1))*(v1*(log(v1)/v2))))),3.98523726076161e9,0.06671586816586056,7928.01417012169,0.06671586816586056,8.416217442477398e211,0.0968880835074395,(1.81e-9*exp((((0.866-pow2((-0.000258*pow2(v1))))+(v1+v1))*(v1*(log(v1)/v2)))))
1797.7249569892883,0.7141378045343219,24.0,0.0,4.0,-0.9914059403387754,true,2.0221878090188186e-6,0.29696960195605093,3.0,(pow3((0.00652829910471341*v1))/(log((v2+(-1.15511354648468*v1)))+(v2+(0.0700360319060411*(v2+(v1/v1)))))),-0.9856490570801719,2.402455746064723e-13,0.1838942762169086,2.402455746064723e-13,337.0,2.7504788220148856e-7,(pow3((0.00653*v1))/(log((v2+(-1.16*v1)))+(v2+(0.07*(v2+(v1/v1))))))
1492.033136844635,0.4233320296402041,24.0,0.0,652.0,-0.991718960448597,true,2.020673347504537e-6,0.17107686990166454,3.0,(pow3((0.00863273252724808*v1))/(log(pow2((v2+(-1.23422238097004*v1))))+(v1*(6.23987973336624+(log(v2)-v1))))),-0.9862474286750151,2.3022838420759755e-13,0.12226548849858387,2.3022838420759755e-13,3.4359738489e10,2.601209639406826e-7,(pow3((0.00863*v1))/(log(pow2((v2+(-1.23*v1))))+(v1*(6.24+(log(v2)-v1)))))
1797.7286388874054,0.6257325836639641,24.0,0.0,4.0,-0.9919358720819955,true,2.044203359462046e-6,0.2174144263865624,3.0,(pow3((0.00704748922979386*v1))/((-0.306935130314969+(v1*sqrt_abs((v1-v2))))+(v2+(v1*(-0.181347512802245*v1))))),-0.9851339126809289,2.488694791744746e-13,0.1578723448762384,2.488694791744746e-13,345.0,2.738231790199822e-7,(pow3((0.00705*v1))/((-0.307+(v1*sqrt_abs((v1-v2))))+(v2+(v1*(-0.181*v1)))))
1798.6384868621826,0.7083955991135136,24.0,0.0,2.0,-0.9919358720819955,true,2.0204913193631433e-6,0.27736726086467267,4.0,(pow3((0.00644058784107402*v1))/(log((v2+(-1.15663425173628*v1)))+(v2+(0.0142090931383756*pow2((-0.0309645964032657+v1)))))),-0.9856967849870555,2.394465735597767e-13,0.18874822286897072,2.394465735597767e-13,345.0,2.754735506651615e-7,(pow3((0.00644*v1))/(log((v2+(-1.16*v1)))+(v2+(0.0142*pow2((-0.031+v1))))))
1799.6097009181976,0.7911018793296637,24.0,0.0,0.0,-0.991718960448597,true,2.02988737902648e-6,0.3452196287499846,4.0,(pow3((0.004964833791908*v1))/((-0.490546489944901/exp(v1))+(v2+(-0.727964107030483*(v1+(0.000599001041943545*exp(v2))))))),-0.9844422643705666,2.6044819192365643e-13,0.21481420765348896,2.6044819192365643e-13,121.0,3.013691606164075e-7,(pow3((0.00496*v1))/((-0.491/exp(v1))+(v2+(-0.728*(v1+(0.000599*exp(v2)))))))
1799.6323268413544,0.7471832228537169,24.0,0.0,0.0,-0.9919358720819955,true,2.0025285130280388e-6,0.29740094988044036,4.0,((pow3((0.00275891436803825*v1))/(log((v2+(v1*pow3((0.000102269079608699*v1)))))+(-0.188865429426804*v1)))/0.452971864899702),-0.9800787194849573,3.334972141531224e-13,0.2314261839263031,3.334972141531224e-13,4.19433e6,3.5341501795152915e-7,((pow3((0.00276*v1))/(log((v2+(v1*pow3((0.000102*v1)))))+(-0.189*v1)))/0.453)
1171.569156885147,0.6163451756310483,24.0,0.0,1323.0,-0.9929483141524352,true,2.0209910406067055e-6,0.21216821432430716,4.0,pow2(pow2((v1*(0.0170658061214732+(v1*(-0.00305640498534181+(v1*((0.00195664733495113-(-5.19386067400208e-7*exp(v1)))/v2)))))))),-0.9855700458120271,2.415682826418861e-13,0.19977616439183904,2.415682826418861e-13,1.7976931348623157e308,2.756122234083036e-7,pow2(pow2((v1*(0.0171+(v1*(-0.00306+(v1*((0.00196-(-5.19e-7*exp(v1)))/v2))))))))
1797.874188899994,0.7539041637902515,24.0,0.0,4.0,-0.991718960448597,true,2.0205902752101694e-6,0.30240791283681634,4.0,(pow3((-0.00043795421168604+(0.00652312081999625*v1)))/(log((v2+(-1.16208585649363*v1)))+(v2+(0.00325000332326995*exp(v1))))),-0.9857751659683873,2.3813441699950765e-13,0.1912407932274189,2.3813441699950765e-13,625.0,2.7625963814024205e-7,(pow3((-0.000438+(0.00652*v1)))/(log((v2+(-1.16*v1)))+(v2+(0.00325*exp(v1)))))
1796.8589749336243,0.5277809897089794,24.0,0.0,6.0,-0.990423184129075,true,2.0164956848106623e-6,0.22361970330433592,4.0,(pow3(v1)*(8.33915433424852e-8+(v1*(-2.12721132628519e-8+(v1*(log(v1)*(1.3533310987924202e-9+(2.35565748809461e-7/exp(v2))))))))),-0.9859629507481641,2.3499075859519014e-13,0.156737339074948,2.3499075859519014e-13,425.0,2.597647356754745e-7,(pow3(v1)*(8.34e-8+(v1*(-2.13e-8+(v1*(log(v1)*(1.35e-9+(2.36e-7/exp(v2)))))))))
1200.9943308830261,0.7142951874132686,24.0,0.0,1262.0,-0.9927796317359114,true,2.0150614594699157e-6,0.29614600422047144,4.0,pow2(pow2((v1*(0.0150645576144986+(v1*(-0.00176701430698953+(v1*(v1*(2.09530107709139e-5+(0.00447087254715609/exp(v2))))))))))),-0.9861777010867308,2.313956764619735e-13,0.23129415321118865,2.313956764619735e-13,1.7976931348623157e308,2.682111855039251e-7,pow2(pow2((v1*(0.0151+(v1*(-0.00177+(v1*(v1*(2.1e-5+(0.00447/exp(v2)))))))))))
1798.7707269191742,4.854857222492169,24.0,0.0,2.0,-0.9810237158909294,true,2.0098687684880496e-6,0.678259244431614,6.0,(2.35154774280416e-7*exp(((-1.15240130801892+(v1+(3.60549433717605+-0.00436143010205368)))*(v1*((0.275132391061876+0.271284918855378)/v2))))),-0.982002498666688,3.0129170420769056e-13,0.8077189912330652,3.0129170420769056e-13,7.205759403792794e16,3.8745778421586853e-7,(2.35e-7*exp(((-1.15+(v1+(3.61+-0.00436)))*(v1*((0.275+0.271)/v2)))))
1714.4737198352814,3.3349696634875814,24.0,0.0,182.0,-0.9937172701123171,true,3.441288486220824e-5,0.9861685748933131,4.0,(1.8096908922514202e-9*exp(((-1.15665546286575+(v1+(3.60397546610649+(-0.00861558494889112*pow3(v1)))))*(v1*(log(v1)/v2))))),7.916065345096939,1.4926163765184326e-10,1.1194499211243987,1.4926163765184326e-10,5.986310706507379e51,5.63562685232171e-6,(1.81e-9*exp(((-1.16+(v1+(3.6+(-0.00862*pow3(v1)))))*(v1*(log(v1)/v2)))))
1799.7019510269165,1.0003649311841054,24.0,0.0,0.0,-0.9797735886430726,true,2.0917411427482293e-6,0.7507849305160139,3.0,(pow3((-0.013150400788543+(v1*(0.0103197357482948+(0.00231674351166768/v1)))))/(v2+log((v2+(v2+(v1*v1)))))),-0.9741227680101826,4.332043199774041e-13,0.4359160489745332,4.332043199774041e-13,526337.0,4.7534711084535924e-7,(pow3((-0.0132+(v1*(0.0103+(0.00232/v1)))))/(v2+log((v2+(v2+(v1*v1))))))
1787.7597448825836,0.627222406413714,24.0,0.0,26.0,-0.991718960448597,true,2.0192841537518594e-6,0.20352024813410252,3.0,(pow3((0.00707286541683969*v1))/(v2+log((v2+(v1*(v1*(1.38257729154432+(-1.56430414034008/(v2-v1))))))))),-0.9856308812352289,2.40549851916799e-13,0.15069469109984895,2.40549851916799e-13,4.294967313e9,2.6689876990094873e-7,(pow3((0.00707*v1))/(v2+log((v2+(v1*(v1*(1.38+(-1.56/(v2-v1)))))))))
747.0384368896484,0.7166833957122503,24.0,0.0,2216.0,-0.9919358720819955,true,2.0156712630448848e-6,0.29802693129118485,4.0,pow2(pow2((v1*(-0.0150229570301278+(v1*(0.00175339116503959+(v1*(v1*(-2.07735694579608e-5+(-0.00446325030158609/exp(v2))))))))))),-0.9861681962841232,2.31554794004056e-13,0.23263674426300238,2.31554794004056e-13,1.7976931348623157e308,2.6899524669064965e-7,pow2(pow2((v1*(-0.015+(v1*(0.00175+(v1*(v1*(-2.08e-5+(-0.00446/exp(v2)))))))))))
1452.5152969360352,0.7147256077430969,24.0,0.0,735.0,-0.9927796317359114,true,2.029683976041815e-6,0.3330692278144874,4.0,(pow3(v1)*(3.60298749046884e-8+pow3((v1*(-0.000337930342573207+(v1*(0.000100149258006386+(v2*(0.00510520299770971/exp(v2)))))))))),-0.9853903912742323,2.445758346824938e-13,0.24483932285041982,2.445758346824938e-13,3.602879701896397e16,2.9668171837022303e-7,(pow3(v1)*(3.6e-8+pow3((v1*(-0.000338+(v1*(0.0001+(v2*(0.00511/exp(v2))))))))))
1799.8046050071716,0.9035657452917982,24.0,0.0,0.0,-0.9906363316601084,true,2.0285326419874908e-6,0.5778911548813237,4.0,(pow2(pow2(v1))*(-7.13226920980499e-8/((0.00140982684321634+(v1*(v2*(-0.0125821978522799+(0.000684106804548678/exp(v2))))))-v2))),-0.9786696179442329,3.570866334143808e-13,0.33883280321421255,3.570866334143808e-13,497.0,3.9923926942039046e-7,(pow2(pow2(v1))*(-7.13e-8/((0.00141+(v1*(v2*(-0.0126+(0.000684/exp(v2))))))-v2)))
1799.8098368644714,0.7489328332525846,24.0,0.0,0.0,-0.9888283538113896,true,2.0456615244663784e-6,0.34284129228487725,4.0,(pow3((0.00570078157511143*v1))/(v2+(log((0.871139735938777-(v1/v2)))+(0.288020275957134+sqrt_abs((0.00993670954120395*v1)))))),-0.9845725974164528,2.5826631874124187e-13,0.21479146584580672,2.5826631874124187e-13,601.0,3.144077210192177e-7,(pow3((0.0057*v1))/(v2+(log((0.871-(v1/v2)))+(0.288+sqrt_abs((0.00994*v1))))))
1799.8654367923737,11.802718081038961,24.0,0.0,0.0,-0.9323908143892639,true,2.276780406152549e-6,0.6426379024406438,4.0,(pow2((-1.12589650668613-(v1*pow2((v1*(0.145780795399248+(0.00357699715540583/(v2-v1))))))))*(6.93632157197285e-7/log(v2))),-0.9609705294888018,6.533826816768829e-13,1.6455454993272896,6.533826816768829e-13,1.7976931348623157e308,5.705060300996497e-7,(pow2((-1.13-(v1*pow2((v1*(0.146+(0.00358/(v2-v1))))))))*(6.94e-7/log(v2)))
1629.2043018341064,0.7384760063011534,24.0,0.0,364.0,-0.9919840476950156,true,2.0264224406246824e-6,0.3045401738728709,3.0,(pow3((0.00631523193081457*v1))/(log(sqrt_abs((0.85576805695946-(v1/v2))))+(v2+sqrt_abs(((1.25404009792841*v1)-v2))))),-0.9862510288256255,2.3016811497951255e-13,0.19251815899470778,2.3016811497951255e-13,1.4757395258967641e20,2.706325730507487e-7,(pow3((0.00632*v1))/(log(sqrt_abs((0.856-(v1/v2))))+(v2+sqrt_abs(((1.25*v1)-v2)))))
1795.2685718536377,0.5419279892908461,24.0,0.0,10.0,-0.991718960448597,true,2.0307781209813524e-6,0.22114635280040507,4.0,(v1*pow3((v1*(0.00473495489325198+(v1*(-0.00100720581382803-(v1*(((-5.60726865969531e-5*v1)-0.000329389299429034)/v2)))))))),-0.9850243106452787,2.5070429965839035e-13,0.17398343414134707,2.5070429965839035e-13,7.737125245533627e25,2.8207882323680486e-7,(v1*pow3((v1*(0.00473+(v1*(-0.00101-(v1*(((-5.61e-5*v1)-0.000329)/v2))))))))
1798.1975679397583,0.7102325781410583,25.0,0.0,3.0,-0.9917192037715059,true,2.020189098933802e-6,0.28243782226675757,4.0,(pow3((0.00665362615788663*v1))/(log((v2+(-1.15654443675726*v1)))+(v2+(0.139167543432471*(v2+(0.00555273471655435*v1)))))),-0.985664509300212,2.39986892824849e-13,0.18400365209855946,2.39986892824849e-13,321.0,2.733896332061906e-7,(pow3((0.00665*v1))/(log((v2+(-1.16*v1)))+(v2+(0.139*(v2+(0.00555*v1))))))
1684.889238834381,0.5169957628621678,25.0,0.0,245.0,-0.991718960448597,true,2.021374466356889e-6,0.1534441897893215,4.0,(pow3((0.00785158760639998*v1))/(log(pow2((v2+(-1.22776566214075*v1))))+(v1*(3.62192545839264+(-0.00865420627655147*pow3(v1)))))),-0.986576153478733,2.2472528383309408e-13,0.10934475079656272,2.2472528383309408e-13,3.4359738473e10,2.4491591099025805e-7,(pow3((0.00785*v1))/(log(pow2((v2+(-1.23*v1))))+(v1*(3.62+(-0.00865*pow3(v1))))))
1789.3396818637848,0.7083455882239313,25.0,0.0,22.0,-0.9916228548738307,true,2.0203966785605107e-6,0.2774009658495013,3.0,(pow3((0.00646300101270475*v1))/(log((v2+(-1.15665900554266*v1)))+(v2+(0.0129742537483729*(v2+(pow3(v1)/v1)))))),-0.9856963329752346,2.394541405775138e-13,0.18818706787978648,2.394541405775138e-13,369.0,2.7518528982844415e-7,(pow3((0.00646*v1))/(log((v2+(-1.16*v1)))+(v2+(0.013*(v2+(pow3(v1)/v1))))))
957.3925008773804,0.7184428111495037,25.0,0.0,1770.0,-0.9922009482598823,true,2.01470316416139e-6,0.2875209055269513,4.0,(v1*pow3((v1*(0.00368029049433781+(v1*(-0.000531502726472227-(v1*(v1*(-6.32490107694532e-6+(-0.00131715434376992/exp(v2))))))))))),-0.9862363386015931,2.304140403750413e-13,0.23015587779064758,2.304140403750413e-13,3.32306998946229e35,2.657879316726342e-7,(v1*pow3((v1*(0.00368+(v1*(-0.000532-(v1*(v1*(-6.32e-6+(-0.00132/exp(v2)))))))))))
1383.2408440113068,56350.68834668088,25.0,0.0,880.0,-0.994414844933198,true,0.5814714811985965,6.987051801866221,3.0,(1.8096908922514202e-9*exp((((0.866084804363005-pow2((-0.000258011066995426*pow2(pow2(v1)))))+(v1+v1))*(v1*(log(v1)/v2))))),2.8275776499960947e9,0.04733577586524973,6682.549753633917,0.04733577586524973,1.7976931348623157e308,0.08164140459513107,(1.81e-9*exp((((0.866-pow2((-0.000258*pow2(pow2(v1)))))+(v1+v1))*(v1*(log(v1)/v2)))))
1789.0018060207367,0.5148603847722675,25.0,0.0,23.0,-0.991718960448597,true,2.0197617930865595e-6,0.1555022580937847,4.0,(pow3((0.00783202066408062*v1))/(log(pow2((v2+(-1.22809130694386*v1))))+(v1*(3.60398458820181+(-0.00862916731548772*pow3(v1)))))),-0.9866213339230231,2.2396892922558806e-13,0.10962785456364331,2.2396892922558806e-13,3.4359738473e10,2.444805004739256e-7,(pow3((0.00783*v1))/(log(pow2((v2+(-1.23*v1))))+(v1*(3.6+(-0.00863*pow3(v1))))))
1798.7533028125763,0.7372373207323518,25.0,0.0,2.0,-0.9914541159517954,true,2.019493389021403e-6,0.28911331212567964,4.0,(pow3((0.00747547702588564*v1))/(log((v2+(-1.16002837998993*v1)))+(v2+(0.0493524602780195+(v2+(-0.580626597336736*v1)))))),-0.9855996203447792,2.410731827272365e-13,0.1847456023852254,2.410731827272365e-13,321.0,2.7256889801213617e-7,(pow3((0.00748*v1))/(log((v2+(-1.16*v1)))+(v2+(0.0494+(v2+(-0.581*v1))))))
1795.437008857727,0.3657425239640806,25.0,0.0,9.0,-0.991718960448597,true,2.0220826554826495e-6,0.14406893248493774,4.0,(pow3((0.00804172172980464*v1))/(log(pow2((v2+(-1.23064552301854*v1))))+(v1*(4.4230076233677+(-0.0716699157734591*pow2(v1)))))),-0.9863997141884083,2.276790102135838e-13,0.10686530838014441,2.276790102135838e-13,3.4359738473e10,2.514192582434491e-7,(pow3((0.00804*v1))/(log(pow2((v2+(-1.23*v1))))+(v1*(4.42+(-0.0717*pow2(v1))))))
1799.7610960006714,0.6675028547185096,25.0,0.0,0.0,-0.9919840476950156,true,2.0202250410132775e-6,0.24198852081194477,4.0,(pow3((0.000427907597655643+(0.00630544661412893*v1)))/(log((v2+(-1.15468334703707*v1)))+(v2+(-0.190238797103078/(v1-v2))))),-0.9856578142073618,2.4009897371304123e-13,0.18027699584043524,2.4009897371304123e-13,625.0,2.728981303686222e-7,(pow3((0.000428+(0.00631*v1)))/(log((v2+(-1.15*v1)))+(v2+(-0.19/(v1-v2)))))
1592.833834886551,0.6061217881055583,25.0,0.0,440.0,-0.991718960448597,true,2.028045409481798e-6,0.22665705435057565,4.0,pow3((v1*(0.0036769167247112+(v1*(v1*(v1*(-2.18595335653963e-5+(v1*(3.30356424239632e-6+(0.00051495398414671/exp(v2))))))))))),-0.9863960614334488,2.277401600780239e-13,0.1854249069290629,2.277401600780239e-13,3.533694129556769e72,2.572569216905255e-7,pow3((v1*(0.00368+(v1*(v1*(v1*(-2.19e-5+(v1*(3.3e-6+(0.000515/exp(v2)))))))))))
1799.8465240001678,1.1260338835598998,25.0,0.0,0.0,-0.9883465860385217,true,2.089626513844405e-6,0.2989007949527951,4.0,(pow3(v1)*(6.53376627436397e-8+(v1*(v1*(-3.95117244934518e-9+(v1*(6.17076410826244e-10+(5.91536326706854e-6/exp((v2+v2)))))))))),-0.9767840086653461,3.8865315048717416e-13,0.23239395578116726,3.8865315048717416e-13,625.0,4.002890972235916e-7,(pow3(v1)*(6.53e-8+(v1*(v1*(-3.95e-9+(v1*(6.17e-10+(5.92e-6/exp((v2+v2))))))))))
1799.8546528816223,0.6288370727826921,25.0,0.0,0.0,-0.9863490199536236,true,2.108217198560189e-6,0.4372899951297995,5.0,(0.00387271987564348*(pow2((v1*(0.00972771720971112+((-0.0126562755840275-(-0.00327345134012256*(-0.00906121997301102+(v1*v1))))/v2))))/v2)),-0.9835600289711849,2.75217475840867e-13,0.2400486176094557,2.75217475840867e-13,2.74877906946e11,3.159070737235284e-7,(0.00387*(pow2((v1*(0.00973+((-0.0127-(-0.00327*(-0.00906+(v1*v1))))/v2))))/v2))
1799.8586509227753,0.6759007113812919,25.0,0.0,0.0,-0.9816981907729444,true,3.1536564468620743e-6,0.18254850489545874,4.0,(exp(v1)*(v1*(4.33480847524842e-8+(v1*(4.490163493927421e-9+(v1*(-6.24508808115349e-9+((1.95502239176026e-9*v1)/sqrt_abs(v2))))))))),-0.972606534430972,4.585872101129205e-13,0.14082854271887707,4.585872101129205e-13,501.0,3.4894773150366796e-7,(exp(v1)*(v1*(4.33e-8+(v1*(4.49e-9+(v1*(-6.25e-9+((1.96e-9*v1)/sqrt_abs(v2)))))))))
1657.5768549442291,0.7318269397236177,25.0,0.0,304.0,-0.9914541159517954,true,2.0195837816329408e-6,0.26042189032882773,4.0,pow2(pow2((v1*(-0.0141203084715676+pow2((v1*(0.0282231220368535+(v1*(-0.00268400435713674+(v1*(-0.0381031890946931/exp(v2)))))))))))),-0.9863020517286989,2.293139532191725e-13,0.22248317105281623,2.293139532191725e-13,1.7976931348623157e308,2.6141384291243434e-7,pow2(pow2((v1*(-0.0141+pow2((v1*(0.0282+(v1*(-0.00268+(v1*(-0.0381/exp(v2))))))))))))
1799.4889619350433,0.7373593853142246,25.0,0.0,1.0,-0.991718960448597,true,2.968632053479351e-6,0.448082442301763,5.0,(pow3((0.00736890660587018*v1))/(pow3((v1-(v1*(0.997100315125184-(-0.000699106633569969*exp(-0.0356267938241583))))))+(0.621510714760286+v2))),-0.9510581475491767,8.193234082275933e-13,0.292625028961943,8.193234082275933e-13,16409.0,6.387323264553995e-7,(pow3((0.00737*v1))/(pow3((v1-(v1*(0.997-(-0.000699*exp(-0.0356))))))+(0.622+v2)))
722.7762448787689,0.6128424522914175,25.0,0.0,2268.0,-0.9922977348105848,true,2.0177262592513204e-6,0.2232746815997427,4.0,(v1*pow3((v1*(0.00440689182502704+(v1*(-0.00103900007117162-(v1*(((-6.27905695940844e-8*exp(v2))-0.000697996277013946)/v2)))))))),-0.9861622635905505,2.316541117551131e-13,0.19423994473948375,2.316541117551131e-13,3.32306998946229e35,2.601196975213101e-7,(v1*pow3((v1*(0.00441+(v1*(-0.00104-(v1*(((-6.28e-8*exp(v2))-0.000698)/v2))))))))
1772.2075028419495,0.6128424520511632,25.0,0.0,60.0,-0.9924664358609395,true,2.0177262589962415e-6,0.2232746801107009,4.0,(v1*pow3((v1*(0.00440689182485132+(v1*(-0.0010390000700397-(v1*((-0.000697996275534188+(-6.27905697730017e-8*exp(v2)))/v2)))))))),-0.986162263590022,2.3165411176396014e-13,0.19423994450528995,2.3165411176396014e-13,3.32306998946229e35,2.6011969712340994e-7,(v1*pow3((v1*(0.00441+(v1*(-0.00104-(v1*((-0.000698+(-6.28e-8*exp(v2)))/v2))))))))
1799.9095737934113,0.6881568801468495,25.0,0.0,0.0,-0.9917192037715059,true,2.02005659644841e-6,0.26628124934119113,5.0,(pow3((0.00702306353892582*v1))/(1.45736820057145+((v2+log(sqrt_abs((-0.877222595774478-((1.02009653382666*v1)-v2)))))/0.850716143634784))),-0.9858467370615944,2.3693626308663924e-13,0.18057892859555133,2.3693626308663924e-13,1.4757395258967641e20,2.714564051727274e-7,(pow3((0.00702*v1))/(1.46+((v2+log(sqrt_abs((-0.877-((1.02*v1)-v2)))))/0.851)))
1799.1613600254059,0.721749641614261,26.0,0.0,1.0,-0.9914059403387754,true,2.026027895712794e-6,0.30807585468000126,5.0,(pow3((0.006337094893551*v1))/(log((v2+(-1.15328889562003*v1)))+(v2+(0.00210361223170542*(-1.11274499981157-(-0.00642831589992743*v1)))))),-0.9855820241071241,2.4136775697577135e-13,0.19178238098699807,2.4136775697577135e-13,313.0,2.8135844588931016e-7,(pow3((0.00634*v1))/(log((v2+(-1.15*v1)))+(v2+(0.0021*(-1.11-(-0.00643*v1))))))
1798.1992208957672,0.7216668583775815,26.0,0.0,3.0,-0.991718960448597,true,2.02584273856995e-6,0.3082558909280715,5.0,(pow3((0.00633872334386116*v1))/(log((v2+(-1.15329825253267*v1)))+(v2+(0.00210657051246259*(0.865627279772896-(-1.68589121954372e-7/v2)))))),-0.9855824337415162,2.41360899388053e-13,0.19155940234222502,2.41360899388053e-13,313.0,2.812577596497137e-7,(pow3((0.00634*v1))/(log((v2+(-1.15*v1)))+(v2+(0.00211*(0.866-(-1.69e-7/v2))))))
1798.2327899932861,0.7795957561775289,26.0,0.0,3.0,-0.991718960448597,true,2.0157820645000793e-6,0.3580172333483195,4.0,(pow2(pow2(v1))*(3.80411442442944e-8+(v1*(-1.28897207235546e-8+((v1*v2)*(1.51856781010549e-10+(v2*(6.53669790080814e-9/exp(v2))))))))),-0.9862553447505297,2.300958631515777e-13,0.2515142135749181,2.300958631515777e-13,2017.0,2.680948395900749e-7,(pow2(pow2(v1))*(3.8e-8+(v1*(-1.29e-8+((v1*v2)*(1.52e-10+(v2*(6.54e-9/exp(v2)))))))))
1349.8500299453735,48675.68345154,26.0,0.0,951.0,-0.9944872206550367,true,0.5022746409199469,6.9315430555857755,3.0,(1.8096908922514202e-9*exp((((0.866084804363005-pow2((-0.000258011066995426*pow2((v1*v2)))))+(v1+v1))*(v1*(log(v1)/v2))))),2.109801454222006e9,0.03531966266934698,5775.864618734867,0.03531966266934698,1.7976931348623157e308,0.07054483312312104,(1.81e-9*exp((((0.866-pow2((-0.000258*pow2((v1*v2)))))+(v1+v1))*(v1*(log(v1)/v2)))))
1766.677325963974,0.6184861043253084,26.0,0.0,71.0,-0.991984279358883,true,2.0139963401446287e-6,0.27131655357659534,5.0,((0.468584611667648+pow3(v1))*(v1*(4.09190054427116e-8+(v1*(-1.40362489346698e-8+(v1*(1.38736050966423e-9+(8.67850254031507e-8/exp(v2))))))))),-0.9862671635639174,2.2989800732918577e-13,0.1915274475312479,2.2989800732918577e-13,306.0,2.552508467265159e-7,((0.469+pow3(v1))*(v1*(4.09e-8+(v1*(-1.4e-8+(v1*(1.39e-9+(8.68e-8/exp(v2)))))))))
1799.5844058990479,0.7216949868542876,26.0,0.0,0.0,-0.9914541159517954,true,2.0258760378500685e-6,0.30831740727220436,4.0,(pow3((0.00633851002672926*v1))/(log((v2+(-1.15329693287381*v1)))+(v2+(0.00210737248284795*(0.86562695577513-(log(v1)/v2)))))),-0.9855823740670893,2.4136189838282715e-13,0.19157157462960697,2.4136189838282715e-13,361.0,2.812727286364652e-7,(pow3((0.00634*v1))/(log((v2+(-1.15*v1)))+(v2+(0.00211*(0.866-(log(v1)/v2))))))
1799.5895438194275,3.7098033261229357,26.0,0.0,0.0,-0.9893579526428448,true,2.1525540314264296e-6,0.5434957515408163,4.0,(3.92480716053315e-7*exp(((pow2((-0.013146001438263*pow2(v1)))+(2.01524656330178-pow2((-0.00882529381600412*v2))))*(v1*(log(v1)/v2))))),-0.9830149645325348,2.8434226436470064e-13,0.7334947486597322,2.8434226436470064e-13,6.359114106063704e234,3.589193506885183e-7,(3.92e-7*exp(((pow2((-0.0131*pow2(v1)))+(2.02-pow2((-0.00883*v2))))*(v1*(log(v1)/v2)))))
1756.409301996231,0.8049582596633136,26.0,0.0,93.0,-0.9919358720819955,true,2.0177546120244103e-6,0.37092203661690576,4.0,pow2(pow2((v1*(0.0127923867264754+(v1*(v1*(-0.000298351722805089+((v1*v1)*(4.97231067787425e-6+(0.00116141097588948/exp(v2))))))))))),-0.9861963378312238,2.3108368334663983e-13,0.2559008867298223,2.3108368334663983e-13,1.7976931348623157e308,2.7540519285702823e-7,pow2(pow2((v1*(0.0128+(v1*(v1*(-0.000298+((v1*v1)*(4.97e-6+(0.00116/exp(v2)))))))))))
1799.2857029438019,1.0814422826020926,26.0,0.0,1.0,-0.991718960448597,true,2.0036039611616317e-6,0.22096128575153579,5.0,(pow3((0.00294656773615519+(v1*(0.00568193718543276+(-0.000415157727728259/v1)))))/(v2+(-0.36927683783013*((0.420725084758866*pow2(v1))-v2)))),-0.9836655204205831,2.734514696614586e-13,0.18233175620292927,2.734514696614586e-13,10241.0,2.9601119065379614e-7,(pow3((0.00295+(v1*(0.00568+(-0.000415/v1)))))/(v2+(-0.369*((0.421*pow2(v1))-v2))))
1798.7982490062714,0.6963705691681484,26.0,0.0,2.0,-0.991718960448597,true,2.0168915575763643e-6,0.25071276740869686,4.0,(pow3((0.00682382545488774*v1))/(log((v2+(-1.1593135671203*v1)))+(v2+(-0.17854979007815*((-0.070731699781261*pow2(v1))-v2))))),-0.98565184160518,2.4019895956421795e-13,0.18136873793345962,2.4019895956421795e-13,337.0,2.693311464990928e-7,(pow3((0.00682*v1))/(log((v2+(-1.16*v1)))+(v2+(-0.179*((-0.0707*pow2(v1))-v2)))))
1799.2918219566345,0.7111537584870075,26.0,0.0,1.0,-0.9914059403387754,true,2.0205410650656008e-6,0.2828855356210161,3.0,(pow3((0.00641746164954262*v1))/(log((v2+(-1.15640116711913*v1)))+(v2+(v1*((v1*(0.0140294075818703*v1))/v2))))),-0.9856929956484405,2.395100099373048e-13,0.1888597764277682,2.395100099373048e-13,521.0,2.7551490333010955e-7,(pow3((0.00642*v1))/(log((v2+(-1.16*v1)))+(v2+(v1*((v1*(0.014*v1))/v2)))))
1779.2311758995056,0.44109416537480806,26.0,0.0,44.0,-0.991718960448597,true,2.050286844605676e-6,0.1824892378265351,4.0,(pow3((0.00988225154998089*v1))/(log(pow2((v2+(-1.23570932701443*v1))))+(v1*(8.02471775526418+(v2+(-1.98279358973418*v1)))))),-0.9864594613106296,2.2667879846517757e-13,0.11914875306318658,2.2667879846517757e-13,3.4359738473e10,2.5580200900983006e-7,(pow3((0.00988*v1))/(log(pow2((v2+(-1.24*v1))))+(v1*(8.02+(v2+(-1.98*v1))))))
1797.8797090053558,0.3842739593236418,26.0,0.0,4.0,-0.991718960448597,true,2.032042233508017e-6,0.1657349913901761,4.0,(pow3((0.0080461596757787*v1))/(log(pow2((v2+(-1.23253751653767*v1))))+(v1*(4.59197671270622+(-0.478948154318629*pow3(log(v1))))))),-0.9862413157457535,2.3033071923960267e-13,0.11448792184629514,2.3033071923960267e-13,3.4359738665e10,2.6039848927330625e-7,(pow3((0.00805*v1))/(log(pow2((v2+(-1.23*v1))))+(v1*(4.59+(-0.479*pow3(log(v1)))))))
1797.3869898319244,0.708221336625194,26.0,0.0,5.0,-0.9916228548738307,true,2.020449170098562e-6,0.27704283150343745,3.0,(pow3((0.00644207961992046*v1))/(log((v2+(-1.15665136471612*v1)))+(v2+(v2*(v1*((0.0142004510427838*v1)/v2)))))),-0.9856972695976611,2.3943846081387114e-13,0.1886879751700426,2.3943846081387114e-13,521.0,2.7541860769996716e-7,(pow3((0.00644*v1))/(log((v2+(-1.16*v1)))+(v2+(v2*(v1*((0.0142*v1)/v2))))))
1799.7293210029602,9.624644704308757,26.0,0.0,0.0,-0.7255904427163624,true,4.2331470288266475e-6,0.999168579228255,4.0,pow2(pow2((v1*(0.0515927567771123+(v1*(-0.021316797086533+(v2*(v1*(v1*(5.51497344922516e-5+(0.00201236551833616/exp(v2)))))))))))),-0.9327414519497521,1.1259586644444934e-12,1.9418725525868286,1.1259586644444934e-12,1.7976931348623157e308,8.334053821398718e-7,pow2(pow2((v1*(0.0516+(v1*(-0.0213+(v2*(v1*(v1*(5.51e-5+(0.00201/exp(v2))))))))))))
1798.9137299060822,0.7624387526040034,26.0,0.0,2.0,-0.9916228548738307,true,2.046824012539526e-6,0.34502065355128175,3.0,(pow3((0.00700235503579879*v1))/(v2+(v2+(v1*(v1*(-0.151521723472434-(log(v1)*((1.62590389029916/v1)/v2)))))))),-0.9842241508713717,2.640995758944675e-13,0.21854334095958053,2.640995758944675e-13,1017.0,3.0336748090033023e-7,(pow3((0.007*v1))/(v2+(v2+(v1*(v1*(-0.152-(log(v1)*((1.63/v1)/v2))))))))
1799.3638088703156,0.6948236002628424,26.0,0.0,1.0,-0.9908529331152994,true,2.058170936418955e-6,0.37742927665746223,5.0,(pow3(v1)*(3.34290332528433e-8+pow3((v1*(-0.000835820759754924+((0.00688673458885085-(-6.37827384580446e-5*(-0.00900662642043921+(v1*v1))))/v2)))))),-0.9845610937519889,2.584588987336956e-13,0.24021998882967574,2.584588987336956e-13,5.49755813893e11,3.0421885901710943e-7,(pow3(v1)*(3.34e-8+pow3((v1*(-0.000836+((0.00689-(-6.38e-5*(-0.00901+(v1*v1))))/v2))))))
1799.8455708026886,0.7078130046823418,26.0,0.0,0.0,-0.9916228548738307,true,2.022937437598908e-6,0.407858664929605,4.0,(pow3(v1)*(3.82929808397434e-8+pow3((v1*(v2*(-0.000210552473116421+(v1*(3.5295619438688e-5+(v2*(0.00161486024583173/exp(v2))))))))))),-0.9855505759387757,2.418942229590434e-13,0.24857809632842076,2.418942229590434e-13,6.490371073168535e32,2.9512986231274304e-7,(pow3(v1)*(3.83e-8+pow3((v1*(v2*(-0.000211+(v1*(3.53e-5+(v2*(0.00161/exp(v2)))))))))))
1799.8523700237274,0.7670881025135976,26.0,0.0,0.0,-0.9917192037715059,true,2.0417833963996454e-6,0.32746479314840793,4.0,(pow3((0.00690159350674484*v1))/(v2+(v2+(v1*(v1*(-0.178497565169032-(1.44333473666349*((1.44336988529164/v1)/v2)))))))),-0.9844706419137449,2.5997313051445977e-13,0.20101551809337437,2.5997313051445977e-13,345.0,2.966775313659041e-7,(pow3((0.0069*v1))/(v2+(v2+(v1*(v1*(-0.178-(1.44*((1.44/v1)/v2))))))))
1708.126413822174,0.7647239601716723,26.0,0.0,196.0,-0.9922977348105848,true,2.019300621578082e-6,0.3069898269543839,4.0,pow2(pow2((v1*(0.0135660476496615+(v1*(v1*(-0.000522233079252617+(v1*(6.35994556668596e-5+(v1*(0.00115497146322049/exp(v2)))))))))))),-0.986230757778548,2.3050746754890265e-13,0.23489646953345228,2.3050746754890265e-13,1.7976931348623157e308,2.6909559896090865e-7,pow2(pow2((v1*(0.0136+(v1*(v1*(-0.000522+(v1*(6.36e-5+(v1*(0.00115/exp(v2))))))))))))
1740.4015398025513,0.6821294953031839,26.0,0.0,127.0,-0.9914059403387754,true,2.0222302641944038e-6,0.21207975626690023,4.0,(pow3((0.00640019090130933*v1))/(log(sqrt_abs((v2+(-1.16852280567949*v1))))+(v2+(-0.119750968047605/((1.30689918205855*v1)-v2))))),-0.9865605550092135,2.249864139409639e-13,0.1539644990735044,2.249864139409639e-13,3.4359738433e10,2.5103572779930234e-7,(pow3((0.0064*v1))/(log(sqrt_abs((v2+(-1.17*v1))))+(v2+(-0.12/((1.31*v1)-v2)))))
1776.6754848957062,0.6776718132686066,26.0,0.0,50.0,-0.9919840476950156,true,2.0032122588505692e-6,0.19549306735261868,4.0,(pow3((0.00617654293445431*v1))/((-0.327407018442481*(exp(v1)/pow2(v2)))+(v2+(-0.129860742203692/((1.29524448652254*v1)-v2))))),-0.9864951463674704,2.260814037829263e-13,0.15404300193701598,2.260814037829263e-13,209.0,2.4921072232235206e-7,(pow3((0.00618*v1))/((-0.327*(exp(v1)/pow2(v2)))+(v2+(-0.13/((1.3*v1)-v2)))))
1799.9589879512787,0.8173257702396027,26.0,0.0,0.0,-0.9511541139731188,true,2.047460664361372e-6,0.3640096069643782,4.0,(pow3((0.00675785852309607*v1))/(v1+(1.43992620082784*log((v2+(v1*(((-0.00669316548205749*exp(v2))-0.0377284519946959)/v2))))))),-0.9547564720049201,7.574106761573122e-13,0.2725429605727866,7.574106761573122e-13,4.294967321e9,6.170858468288834e-7,(pow3((0.00676*v1))/(v1+(1.44*log((v2+(v1*(((-0.00669*exp(v2))-0.0377)/v2)))))))
1799.116014957428,0.43650804308310504,27.0,0.0,1.0,-0.991718960448597,true,2.0164370511090137e-6,0.20374129565644986,5.0,(pow3(v1)*(8.81411329556484e-8+(v1*(-3.12846621418803e-8+(v1*(1.3028348662959902e-9+((1.19796123763917e-7-(-2.67605049002726e-11*exp(v2)))/pow2(v2)))))))),-0.9857896176504317,2.378924849762141e-13,0.13821048582089016,2.378924849762141e-13,441.0,2.611760909740676e-7,(pow3(v1)*(8.81e-8+(v1*(-3.13e-8+(v1*(1.3e-9+((1.2e-7-(-2.68e-11*exp(v2)))/pow2(v2))))))))
1662.548087835312,0.7425731136060348,27.0,0.0,293.0,-0.9922977348105848,true,2.0163291537395333e-6,0.29900841659212574,4.0,(pow3(v1)*(v1*(4.02170180596638e-8+(v1*(-1.33196932586705e-8+(v1*(1.2883053729200701e-9-(((-9.97624863810473e-8*v1)/exp(v2))/v2)))))))),-0.9862758717013197,2.2975222656163266e-13,0.23760589175507335,2.2975222656163266e-13,949.0,2.655115774417018e-7,(pow3(v1)*(v1*(4.02e-8+(v1*(-1.33e-8+(v1*(1.29e-9-(((-9.98e-8*v1)/exp(v2))/v2))))))))
1754.3515830039978,0.5074496919940108,27.0,0.0,97.0,-0.991718960448597,true,2.018762780823322e-6,0.15513199983694945,4.0,(pow3((0.00782916599305432*v1))/(log(pow2((v2+(-1.22901605781725*v1))))+(v1*(3.62655686713877+(-0.00852750436779168*(v1+pow3(v1))))))),-0.9867043612184089,2.2257898987460488e-13,0.10964512001614299,2.2257898987460488e-13,3.4359738505e10,2.4426530578600864e-7,(pow3((0.00783*v1))/(log(pow2((v2+(-1.23*v1))))+(v1*(3.63+(-0.00853*(v1+pow3(v1)))))))
1321.6567299365997,0.6312527117444214,27.0,0.0,1011.0,-0.9925627731193225,true,2.019457876758424e-6,0.2942082827586499,4.0,pow3((v1*(0.00362857205465911+(v1*(v1*(v1*(-2.11333139453757e-5+((v2*v1)*(3.96495517229409e-7+(0.000143287760068498/exp(v2))))))))))),-0.9864618819159509,2.2663827571210375e-13,0.1942996125887943,2.2663827571210375e-13,1.757388200993436e159,2.599625237811044e-7,pow3((v1*(0.00363+(v1*(v1*(v1*(-2.11e-5+((v2*v1)*(3.96e-7+(0.000143/exp(v2)))))))))))
967.2286698818207,0.22083917369925238,27.0,0.0,1750.0,-0.991718960448597,true,2.020335158083791e-6,0.12739166809019453,4.0,(exp(v1)*(v1*(5.05998253882782e-8+(v1*(-1.54051411292518e-8+((v1*((4.42134536188396e-8-(-1.7903131628137798e-11*exp(v2)))/v2))/v2)))))),-0.9865927268462159,2.2444783320031215e-13,0.08100526290681036,2.2444783320031215e-13,917.0,2.411942100258951e-7,(exp(v1)*(v1*(5.06e-8+(v1*(-1.54e-8+((v1*((4.42e-8-(-1.79e-11*exp(v2)))/v2))/v2))))))
1799.682886838913,0.7556498855196578,27.0,0.0,0.0,-0.9908526410220257,true,2.1563800479947288e-6,0.4240712079852147,5.0,pow2(pow2((v1*(0.0150488489420615+(v1*(-0.00258837196989168+(v1*((0.00192001052702316-(-7.97687460567935e-5*exp((0.0144867402106315*v1))))/v2)))))))),-0.9831940166519765,2.813447972602675e-13,0.2821057335093968,2.813447972602675e-13,1.7976931348623157e308,3.254297926728716e-7,pow2(pow2((v1*(0.015+(v1*(-0.00259+(v1*((0.00192-(-7.98e-5*exp((0.0145*v1))))/v2))))))))
1799.6864998340607,0.7073961804640011,27.0,0.0,0.0,-0.9919840476950156,true,2.019135959704409e-6,0.27605000632043686,4.0,(pow3((0.00673859944761347*v1))/(log((v2+(-1.15728674295792*v1)))+(v2+(-0.179265828772597*(((-0.0036518742677884*v1)/v2)-v2))))),-0.9856606859647463,2.4005089833521833e-13,0.18238861000354972,2.4005089833521833e-13,353.0,2.718584826184964e-7,(pow3((0.00674*v1))/(log((v2+(-1.16*v1)))+(v2+(-0.179*(((-0.00365*v1)/v2)-v2)))))
1799.7407619953156,0.6807127931089294,27.0,0.0,0.0,-0.9904663642391405,true,2.0258920933283468e-6,0.23779828907892164,4.0,(pow3((0.00633790578268436*v1))/(log((v2+(-1.15329679634784*v1)))+(v2+(-1.49082688344272e-7*pow3(exp((v2+(-1.15469184982033*v1)))))))),-0.9855986010587369,2.4109024634196305e-13,0.16740733874889804,2.4109024634196305e-13,3.4359738649e10,2.7872003594106585e-7,(pow3((0.00634*v1))/(log((v2+(-1.15*v1)))+(v2+(-1.49e-7*pow3(exp((v2+(-1.15*v1))))))))
1798.928095817566,0.4797424712426993,27.0,0.0,2.0,-0.991718960448597,true,2.0318539768431653e-6,0.12673920995082621,4.0,pow3(((v1+v1)*(0.0028498654995928+(v1*(-0.000569533279690008-(v1*(-6.0874807950165e-5+(v1*(v1*(-0.000252383645423236/exp(v2))))))))))),-0.9859689411809266,2.348904742466836e-13,0.08978783515295988,2.348904742466836e-13,1.3221119375804972e123,2.483173177864081e-7,pow3(((v1+v1)*(0.00285+(v1*(-0.00057-(v1*(-6.09e-5+(v1*(v1*(-0.000252/exp(v2)))))))))))
1290.1983017921448,0.22084923545610863,27.0,0.0,1077.0,-0.991718960448597,true,2.020334788855822e-6,0.1273903648845512,4.0,(exp(v1)*(v1*(5.06002442450245e-8+(v1*(-1.54053277110886e-8+((v1*((4.42140478313423e-8-(-1.7903459573915e-11*exp(v2)))/v2))/v2)))))),-0.9865927622179667,2.244472410506094e-13,0.08100502526840192,2.244472410506094e-13,917.0,2.411941256416431e-7,(exp(v1)*(v1*(5.06e-8+(v1*(-1.54e-8+((v1*((4.42e-8-(-1.79e-11*exp(v2)))/v2))/v2))))))
1772.9919040203094,0.6312527120494095,27.0,0.0,58.0,-0.990539690693281,true,2.0194578768277485e-6,0.29420828324900083,4.0,pow3((v1*(0.00362857205363155+(v1*(v1*(v1*(-2.11333139218655e-5+(v1*(v2*(3.96495516783893e-7+(0.000143287760066545/exp(v2)))))))))))),-0.9864618819145275,2.2663827573593088e-13,0.1942996127304423,2.2663827573593088e-13,9.526820527087379e139,2.5996252385709803e-7,pow3((v1*(0.00363+(v1*(v1*(v1*(-2.11e-5+(v1*(v2*(3.96e-7+(0.000143/exp(v2))))))))))))
1795.1901998519897,0.7125649052033635,27.0,0.0,10.0,-0.9917192037715059,true,2.0271634106559032e-6,0.2303029467644352,4.0,(pow3((0.00657527215072271*v1))/(log((v2+(v2+(-2.3079917212452*v1))))+(v2+(0.0109074232772487/(0.763786077058686-(v1/v2)))))),-0.9861531593063543,2.318065243178492e-13,0.17477272224713064,2.318065243178492e-13,1097.0,2.641564509917331e-7,(pow3((0.00658*v1))/(log((v2+(v2+(-2.31*v1))))+(v2+(0.0109/(0.764-(v1/v2))))))
1776.2593610286713,0.6797465867618396,27.0,0.0,51.0,-0.9919840476950156,true,2.024505701653336e-6,0.2102918864072996,4.0,(pow3((0.00808337784448513*v1))/((v2+log((v2+(-1.16468365401964*v1))))+(v2+(-0.220858526056426/((1.29741966278289*v1)-v2))))),-0.986583894586676,2.2459569186577595e-13,0.15196629150308724,2.2459569186577595e-13,337.0,2.4747208981436197e-7,(pow3((0.00808*v1))/((v2+log((v2+(-1.16*v1))))+(v2+(-0.221/((1.3*v1)-v2)))))
1798.0924458503723,0.7360361623501128,27.0,0.0,4.0,-0.9914541159517954,true,2.0194072300921435e-6,0.26937509178696456,4.0,pow2(pow2((v1*(-0.0139827723826072+pow2((v1*(0.02776249853994+(v1*(-0.00264046372265484+(v1*(0.0371902324512234/(v2-exp(v2))))))))))))),-0.9862896841890137,2.2952099513235606e-13,0.22575340165095575,2.2952099513235606e-13,1.7976931348623157e308,2.620405919048787e-7,pow2(pow2((v1*(-0.014+pow2((v1*(0.0278+(v1*(-0.00264+(v1*(0.0372/(v2-exp(v2)))))))))))))
1791.7002868652344,0.7638162804937682,28.0,0.0,17.0,-0.9919358720819955,true,2.0160026054320773e-6,0.3171488243806266,5.0,(pow3(v1)*(v1*(3.72705574554088e-8+(v1*(-9.41502896301888e-9+((v1*v1)*(1.13303300020168e-10+(2.14734109207054e-8/(exp(v2)-0.463592510651018))))))))),-0.9861190297050095,2.3237787950558585e-13,0.24044522947459313,2.3237787950558585e-13,613.0,2.7187684642479895e-7,(pow3(v1)*(v1*(3.73e-8+(v1*(-9.42e-9+((v1*v1)*(1.13e-10+(2.15e-8/(exp(v2)-0.464)))))))))
1797.2639420032501,0.7706855023593471,28.0,0.0,5.0,-0.9908526410220257,true,2.0205446864286487e-6,0.34621105683667247,4.0,(pow2(pow2(v1))*(3.79927899990343e-8+(v1*(-1.28825099914889e-8+((v1*v2)*(1.52470293329259e-10+(v2*(6.40034658929907e-9/(exp(v2)-v2))))))))),-0.986352594343026,2.2846783185356093e-13,0.24998987847445583,2.2846783185356093e-13,2657.0,2.6835705030424115e-7,(pow2(pow2(v1))*(3.8e-8+(v1*(-1.29e-8+((v1*v2)*(1.52e-10+(v2*(6.4e-9/(exp(v2)-v2)))))))))
1641.5207188129425,0.6514489869857966,28.0,0.0,337.0,-0.9925627731193225,true,2.018368305585982e-6,0.24967812686317112,5.0,(v1*pow3((v1*(0.00423109054430846+(v1*(-0.000914614840960679-(v1*(-8.65819272836456e-5+((v1*(8.90424536461686e-7/exp(v2)))/-0.000684219577467238))))))))),-0.9862056948358523,2.309270400538522e-13,0.20459621789947505,2.309270400538522e-13,3.32306998946229e35,2.623806589919332e-7,(v1*pow3((v1*(0.00423+(v1*(-0.000915-(v1*(-8.66e-5+((v1*(8.9e-7/exp(v2)))/-0.000684)))))))))
1568.2664639949799,0.5718106460109219,28.0,0.0,491.0,-0.991718960448597,true,2.021183961468493e-6,0.14466673999907312,4.0,(pow3((0.00799219703306285*v1))/(log(pow2((v2+(-1.22777019203972*v1))))+(v1*(3.67372349124316+(-0.00995767980984158*(pow2(pow2(v1))/v2)))))),-0.9866706225547914,2.2314380047084994e-13,0.10752522278935617,2.2314380047084994e-13,3.4359738937e10,2.392443882397954e-7,(pow3((0.00799*v1))/(log(pow2((v2+(-1.23*v1))))+(v1*(3.67+(-0.00996*(pow2(pow2(v1))/v2))))))
1797.3556418418884,0.5829526478572035,28.0,0.0,5.0,-0.9803935099362711,true,2.021718332970541e-6,0.2604885828595569,4.0,pow3((v1*(0.00381978714967062+(v1*(v1*(v1*(-2.0024629122833e-5+((v1*log(v1))*(1.52048357994546e-6+(0.000387577920570349/exp(v2))))))))))),-0.9860585833995169,2.333897961076548e-13,0.17604409121666617,2.333897961076548e-13,6.924462078501392e274,2.6385322979403747e-7,pow3((v1*(0.00382+(v1*(v1*(v1*(-2.0e-5+((v1*log(v1))*(1.52e-6+(0.000388/exp(v2)))))))))))
1797.3760349750519,0.4548490595839803,28.0,0.0,5.0,-0.991718960448597,true,2.0657040540587782e-6,0.1743145022915612,4.0,(pow3((0.0110100880129171*v1))/(log(pow2((v2+(-1.23669327549297*v1))))+(v1*(9.10391102159996+(v2+(v2+(-3.14839931534575*v1))))))),-0.9861179785454476,2.3239547670699525e-13,0.13055325438253199,2.3239547670699525e-13,3.4359738505e10,2.657681316222557e-7,(pow3((0.011*v1))/(log(pow2((v2+(-1.24*v1))))+(v1*(9.1+(v2+(v2+(-3.15*v1)))))))
1799.71591091156,0.8754058786858918,28.0,0.0,0.0,-0.9898421487729494,true,2.0271957484016995e-6,0.5764447527020274,4.0,(v1*pow3((v1*(0.00254015674196515-(log(v1)*((0.00340067508604338+((v2*v1)*(-2.22878953684236e-5+(-0.0211014684628898/exp(v2)))))/v2)))))),-0.9835243142715692,2.7581536676545627e-13,0.32625140958937954,2.7581536676545627e-13,2.196735251241795e158,3.39038396425898e-7,(v1*pow3((v1*(0.00254-(log(v1)*((0.0034+((v2*v1)*(-2.23e-5+(-0.0211/exp(v2)))))/v2))))))
1799.7355790138245,0.7133162061836508,28.0,0.0,0.0,-0.9914059403387754,true,2.019084870280863e-6,0.2835582166305236,4.0,(pow3((0.0065881329206556*v1))/(log((v2+(-1.15628492675673*v1)))+(v2+(-0.156289790929236*(log((v2+(-0.0844888372767032*v1)))-v2))))),-0.9856721391119783,2.398591640392093e-13,0.18613177893818453,2.398591640392093e-13,553.0,2.7499148380778423e-7,(pow3((0.00659*v1))/(log((v2+(-1.16*v1)))+(v2+(-0.156*(log((v2+(-0.0845*v1)))-v2)))))
1799.9139249324799,0.6942153842328347,28.0,0.0,0.0,-0.991718960448597,true,2.0946843392252876e-6,0.31512085240924953,3.0,(pow3((0.00736249735437727*v1))/(log((v2+(v2+(4.7283555444315-(v1*((sqrt_abs(v1)/0.112557851724)/v2))))))+(v2+sqrt_abs(v2)))),-0.9842459299344567,2.637349780032724e-13,0.19873469531158341,2.637349780032724e-13,2.147483697e9,2.8949383830405924e-7,(pow3((0.00736*v1))/(log((v2+(v2+(4.73-(v1*((sqrt_abs(v1)/0.113)/v2))))))+(v2+sqrt_abs(v2))))
1799.9758188724518,0.6011967885962946,28.0,0.0,0.0,-0.9898643207221351,true,2.018929686887858e-6,0.22884235041020132,5.0,(v1*pow3((v1*(0.00441228025749236+(v1*(-0.000994614163099544-(v1*((-0.000651628450954465+(-2.49207274440534e-8*exp((1.3042201665193*v1))))/v2)))))))),-0.9850481266661182,2.503056015628448e-13,0.20139898909449894,2.503056015628448e-13,6.129982163463556e54,2.905770811892901e-7,(v1*pow3((v1*(0.00441+(v1*(-0.000995-(v1*((-0.000652+(-2.49e-8*exp((1.3*v1))))/v2))))))))
1246.1283338069916,0.7509524458210358,29.0,0.0,1169.0,-0.992514604490131,true,2.0169419252889624e-6,0.32674353491106306,5.0,(pow3(v1)*(v1*(3.91425048466994e-8+(v1*(-1.3384857919502e-8+(v1*(5.294735762003321e-10+((3.311957139967e-8-(-9.00762543448556e-12*exp(v2)))/pow2(v2))))))))),-0.986221460999456,2.3066310262092896e-13,0.2427340156235374,2.3066310262092896e-13,885.0,2.670192873070696e-7,(pow3(v1)*(v1*(3.91e-8+(v1*(-1.34e-8+(v1*(5.29e-10+((3.31e-8-(-9.01e-12*exp(v2)))/pow2(v2)))))))))
1106.4759619235992,0.770435823721204,29.0,0.0,1458.0,-0.9922977348105848,true,2.030181828739859e-6,0.34564736192556733,4.0,(pow3(v1)*(v1*(3.79990234896598e-8+(v1*(-1.2886443561029e-8+((v1*v2)*(1.52241375709776e-10+(v2*(6.442115304514931e-9/(exp(v2)-v2)))))))))),-0.9863707053691186,2.281646396595264e-13,0.25006279664343023,2.281646396595264e-13,1333.0,2.6922119937366714e-7,(pow3(v1)*(v1*(3.8e-8+(v1*(-1.29e-8+((v1*v2)*(1.52e-10+(v2*(6.44e-9/(exp(v2)-v2))))))))))
1764.8001689910889,6.076839910649316,29.0,0.0,75.0,-0.9941976382869463,true,6.270569548526433e-5,0.9832988568417373,4.0,(1.8096908922514202e-9*exp((((0.866084804363005-pow2((-0.000258011066995426*pow2(v1))))+(v1+(v2+(-1.1600863584445*v1))))*(v1*(log(v1)/v2))))),29.921381880027678,5.176471817144116e-10,1.4152650754484228,5.176471817144116e-10,1.2129047596099289e229,9.491565468561962e-6,(1.81e-9*exp((((0.866-pow2((-0.000258*pow2(v1))))+(v1+(v2+(-1.16*v1))))*(v1*(log(v1)/v2)))))
1708.8922128677368,0.5073628544907801,29.0,0.0,194.0,-0.991718960448597,true,2.0241323594019705e-6,0.12274322614135244,4.0,(pow3((0.00856069633522897*v1))/(log(pow2((v2+(-1.23061325191*v1))))+(v1*(4.42098825514726+(-0.0948633913523316*((pow3(v1)/v2)-v2)))))),-0.9866986633337427,2.2267437674801926e-13,0.0997493290384141,2.2267437674801926e-13,3.4359738585e10,2.3810958882275092e-7,(pow3((0.00856*v1))/(log(pow2((v2+(-1.23*v1))))+(v1*(4.42+(-0.0949*((pow3(v1)/v2)-v2))))))
638.526093006134,0.22524835173518978,29.0,0.0,2448.0,-0.991718960448597,true,2.0191551645500916e-6,0.12980548341162806,5.0,(exp(v1)*(v1*(5.17488776192898e-8+(v1*(-1.59769607842477e-8+(v1*(-5.1283434945941e-9+((1.56700384164478e-8-(-1.3800547655906599e-12*exp(v2)))/sqrt_abs(v2))))))))),-0.9867329994984066,2.2209956353500806e-13,0.08493834077619392,2.2209956353500806e-13,885.0,2.428241199871796e-7,(exp(v1)*(v1*(5.17e-8+(v1*(-1.6e-8+(v1*(-5.13e-9+((1.57e-8-(-1.38e-12*exp(v2)))/sqrt_abs(v2)))))))))
1544.6462478637695,0.6312527040100834,29.0,0.0,541.0,-0.9919840476950156,true,2.019457874757239e-6,0.29420827006182504,4.0,pow3(((v1+v1)*(0.00181428604031691+(v1*(v1*(v1*(-1.05666573218368e-5+(v1*(v2*(1.98247765178216e-7+(7.16438803955658e-5/exp(v2)))))))))))),-0.9864618819564266,2.266382750345091e-13,0.1942996090687762,2.266382750345091e-13,4.538015467766672e279,2.599625221103152e-7,pow3(((v1+v1)*(0.00181+(v1*(v1*(v1*(-1.06e-5+(v1*(v2*(1.98e-7+(7.16e-5/exp(v2))))))))))))
1796.0752658843994,0.9675186878873576,29.0,0.0,8.0,-0.9851912862591943,true,2.0127088925918413e-6,0.42220692845452285,6.0,(pow3((0.00171583959510033-(v1*(0.0010858968053792-(v1*(0.000558775179031249+(0.0159358553039533/(1.81659138048341+(v1*v2)))))))))/sqrt_abs((-0.5795354687982*v1))),-0.9833211441570207,2.79216587241717e-13,0.24224605508999753,2.79216587241717e-13,2.199023255553e12,3.202484490232845e-7,(pow3((0.00172-(v1*(0.00109-(v1*(0.000559+(0.0159/(1.82+(v1*v2)))))))))/sqrt_abs((-0.58*v1)))
638.526093006134,0.22524835173518978,29.0,0.0,2448.0,-0.991718960448597,true,2.0191551645500916e-6,0.12980548341162806,5.0,(exp(v1)*(v1*(5.17488776192898e-8+(v1*(-1.59769607842477e-8+(v1*(-5.1283434945941e-9+((1.56700384164478e-8-(-1.3800547655906599e-12*exp(v2)))/sqrt_abs(v2))))))))),-0.9867329994984066,2.2209956353500806e-13,0.08493834077619392,2.2209956353500806e-13,885.0,2.428241199871796e-7,(exp(v1)*(v1*(5.17e-8+(v1*(-1.6e-8+(v1*(-5.13e-9+((1.57e-8-(-1.38e-12*exp(v2)))/sqrt_abs(v2)))))))))
1799.8027849197388,0.68337397465354,29.0,0.0,0.0,-0.9919358720819955,true,2.0214772212297385e-6,0.2526029832212736,3.0,(pow3((0.00767224491701718*v1))/(v2+(log((0.859465891476243-(v1/v2)))+(v2+(v1*(log(v1)*((0.014877162837649/v1)/v2))))))),-0.9853202655841248,2.4574979146071305e-13,0.18303017059958915,2.4574979146071305e-13,1017.0,2.714430529037949e-7,(pow3((0.00767*v1))/(v2+(log((0.859-(v1/v2)))+(v2+(v1*(log(v1)*((0.0149/v1)/v2)))))))
1796.6370828151703,0.7730608969627256,29.0,1.0,7.0,-0.9856503033832129,true,2.036464046792946e-6,0.31160934053447364,5.0,(pow3((v1-(v1*(0.996129995471977-(1.07303133149961e-5*exp((-0.0414152307748142-((1.2427554376206*v1)-v2))))))))/sqrt_abs((v2+(-0.991458642910785*v1)))),-0.9836613788204485,2.7352080316168235e-13,0.21083261842281387,2.7352080316168235e-13,1.393796574908164e42,3.0756834500031756e-7,(pow3((v1-(v1*(0.996-(1.07e-5*exp((-0.0414-((1.24*v1)-v2))))))))/sqrt_abs((v2+(-0.991*v1))))
1799.0546479225159,0.7812842879528589,29.0,0.0,2.0,-0.991718960448597,true,2.6855120803286485e-6,0.42210373073062196,5.0,(pow3((0.00960129039780418*v1))/(7.54343134422533+(v2+log(sqrt_abs((-0.0577802463583072+(v1*(-2.67676685157202-(v1*((v1-0.363572972031616)/v2)))))))))),-0.9553166764232245,7.480324329906786e-13,0.2794234211266534,7.480324329906786e-13,1.7976931348623157e308,5.891459183576863e-7,(pow3((0.0096*v1))/(7.54+(v2+log(sqrt_abs((-0.0578+(v1*(-2.68-(v1*((v1-0.364)/v2))))))))))
1700.7420208454132,0.6635967681891802,29.0,0.0,212.0,-0.9907084307187535,true,2.0155038761851967e-6,0.2377305986153642,5.0,pow2(pow2((v1*(0.0165085430734199+(v1*(-0.00227246672739053+(pow2(v1)*(-7.39741925299418e-5+((0.000683678635914752-pow3((-3.5863588439647e-5*exp(v2))))/v2))))))))),-0.9866201882395333,2.2398810882861914e-13,0.2014343964726898,2.2398810882861914e-13,1.7976931348623157e308,2.581856304894322e-7,pow2(pow2((v1*(0.0165+(v1*(-0.00227+(pow2(v1)*(-7.4e-5+((0.000684-pow3((-3.59e-5*exp(v2))))/v2)))))))))
1663.2926619052887,0.686721321727035,29.0,0.0,292.0,-0.991718960448597,true,2.037368157731588e-6,0.22343708169012927,5.0,(pow3((0.00635838715010897*v1))/(log(sqrt_abs((-0.461963895079956+(v2+(-1.08833029967447*v1)))))+(v2+(-0.0831762488485673/((1.31189313991623*v1)-v2))))),-0.986702092142296,2.226169759147993e-13,0.1715582596815777,2.226169759147993e-13,1.4757395258967641e20,2.5453299874114347e-7,(pow3((0.00636*v1))/(log(sqrt_abs((-0.462+(v2+(-1.09*v1)))))+(v2+(-0.0832/((1.31*v1)-v2)))))
1798.1868348121643,0.7107384436999207,30.0,0.0,3.0,-0.9911411103854544,true,2.0228976875649417e-6,0.25382946838143927,4.0,(pow3((0.00648907535342115*v1))/(log((v2+(-1.15316131032537*v1)))+(v2+(log((v2+(v1*(0.312929766474636+(0.00732556909427199*v2)))))/v2)))),-0.9855865500926813,2.4129198857456453e-13,0.17618249340671255,2.4129198857456453e-13,33049.0,2.7215258265575195e-7,(pow3((0.00649*v1))/(log((v2+(-1.15*v1)))+(v2+(log((v2+(v1*(0.313+(0.00733*v2)))))/v2))))
1750.076008796692,0.4065802785796123,30.0,0.0,106.0,-0.991718960448597,true,2.0209544198580238e-6,0.12426388349144246,4.0,(pow3((0.00831260390917471*v1))/(log(pow2((v2+(-1.23116898736417*v1))))+(v1*(4.5296123954307+(v1*(v1*(-0.0820026484789364*(v1/v2)))))))),-0.986710750505431,2.2247202840590342e-13,0.09820732079679201,2.2247202840590342e-13,3.4359738825e10,2.408794011762557e-7,(pow3((0.00831*v1))/(log(pow2((v2+(-1.23*v1))))+(v1*(4.53+(v1*(v1*(-0.082*(v1/v2))))))))
1799.5578498840332,0.31848836808488,30.0,0.0,0.0,-0.991718960448597,true,2.0340969375188042e-6,0.14095294322909602,4.0,(pow3((0.00914863223657529*v1))/(log(pow2((v2+(-1.23500131374524*v1))))+(v1+(v1*(6.21184903388993+(v1*(0.0789888764133357-(v1/v2)))))))),-0.9866273603330776,2.2386804259016322e-13,0.09646274269235276,2.2386804259016322e-13,3.4359738617e10,2.4532640790026074e-7,(pow3((0.00915*v1))/(log(pow2((v2+(-1.24*v1))))+(v1+(v1*(6.21+(v1*(0.079-(v1/v2))))))))
1798.8111789226532,1.767624995275278,30.0,0.0,2.0,-0.991718960448597,true,2.3174120994802406e-6,0.5728756575569257,4.0,(pow3((0.00859962772788389*v1))/(log(pow2(v2))+(v1*(-0.93731985163698+log((v2+(v1*(v1+(2.97619651072204+(-0.0406532219336702*pow3(v1))))))))))),-0.9642113566325714,5.991287985902582e-13,0.4443767190654968,5.991287985902582e-13,8.388761e6,5.882310436948182e-7,(pow3((0.0086*v1))/(log(pow2(v2))+(v1*(-0.937+log((v2+(v1*(v1+(2.98+(-0.0407*pow3(v1)))))))))))
1797.3361999988556,116.7776283383563,30.0,0.0,5.0,-0.9939076827486909,true,0.0012050049877476393,0.9885009317416873,5.0,(1.8096908922514202e-9*exp(((-1.15665546286575+(v1+(3.60397546610649+(-0.00861558494889112*pow3(log((v2+(-1.160043961599*v1))))))))*(v1*(log(v1)/v2))))),12105.468070878404,2.026713780684405e-7,14.754531257917748,2.026713780684405e-7,1.7976931348623157e308,0.00017136965872353727,(1.81e-9*exp(((-1.16+(v1+(3.6+(-0.00862*pow3(log((v2+(-1.16*v1))))))))*(v1*(log(v1)/v2)))))
1790.0110929012299,0.7145634083063215,30.0,0.0,21.0,-0.9919840476950156,true,2.019398124494054e-6,0.2918948181025528,4.0,(pow3((0.00639245462679735*v1))/(v2+log((v2+(v1*(-1.13634318248458-(v1*pow2((v1*(0.00501022309879732+(0.00341610746231513/(v2-v1)))))))))))),-0.9856654792874848,2.399706545085917e-13,0.18755501237148275,2.399706545085917e-13,1.7976931348623157e308,2.7483558958916423e-7,(pow3((0.00639*v1))/(v2+log((v2+(v1*(-1.14-(v1*pow2((v1*(0.00501+(0.00342/(v2-v1))))))))))))
1799.3514149188995,0.7205655708968942,30.0,0.0,1.0,-0.991718960448597,true,2.0106469415947804e-6,0.2755570249358978,3.0,(pow3((0.00739008224924147*v1))/(v2+(v2+(v1*(v1*(-0.160730318454716-(log(v1)*(((v1*(0.0203499959387182*v1))/v1)/v2)))))))),-0.9830196888519558,2.8426317570549066e-13,0.18988401273563332,2.8426317570549066e-13,4089.0,3.083402408909323e-7,(pow3((0.00739*v1))/(v2+(v2+(v1*(v1*(-0.161-(log(v1)*(((v1*(0.0203*v1))/v1)/v2))))))))
1796.761379957199,0.31848837948045194,30.0,0.0,6.0,-0.991718960448597,true,2.0340968782911604e-6,0.14095294370249578,4.0,(pow3((0.00914863219042972*v1))/(log(pow2((v2+(-1.23500130337749*v1))))+(v1+(v1*(6.21184904705628+(v1*(0.0789888751781197-(v1/v2)))))))),-0.9866273592314972,2.2386806103144594e-13,0.09646274494973164,2.2386806103144594e-13,3.4359738617e10,2.4532640812966283e-7,(pow3((0.00915*v1))/(log(pow2((v2+(-1.24*v1))))+(v1+(v1*(6.21+(v1*(0.079-(v1/v2))))))))
