time_stamp,max_are,compl,dim_penalty,age,minus_spearman,valid,max_ae,q75_are,n_params,eqs_orig,minus_r2,mse,mare,ms_processed_e,recursive_compl,mae,eqs_orig_rounded
578.326868057251,13.6295418134276,2.0,0.0,3454.0,-0.5222329678670935,true,33.73415600316786,9.813090329443105,1.0,7.60727990012694,0.0028441878663829634,138.7236546020994,5.335371391833628,138.7236546020994,1.0,7.445598597821804,7.61
54.47103500366211,0.8164613184593994,2.0,0.0,4712.0,-0.9757575757575757,true,3.2828062674194527,0.7144425367740976,0.0,(0.473762243972794*pow2(v1)),-0.9741860992147525,3.570842509527177,0.557349821820434,3.570842509527177,4.0,1.489243190444825,(0.474*pow2(v1))
54.47103500366211,0.8164613184593994,2.0,0.0,4712.0,-0.9757575757575757,true,3.2828062674194527,0.7144425367740976,0.0,(0.473762243972794*pow2(v1)),-0.9741860992147525,3.570842509527177,0.557349821820434,3.570842509527177,4.0,1.489243190444825,(0.474*pow2(v1))
578.326868057251,13.6295418134276,2.0,0.0,3454.0,-0.5222329678670935,true,33.73415600316786,9.813090329443105,1.0,7.60727990012694,0.0028441878663829634,138.7236546020994,5.335371391833628,138.7236546020994,1.0,7.445598597821804,7.61
1651.8536920547485,10.293901030872869,2.0,0.0,421.0,-0.9757575757575757,true,16.528865253403037,8.264079333174763,0.0,(8.08482529187866*sqrt_abs(v1)),-0.5479416784935955,62.53332592581647,4.622217374815547,62.53332592581647,4.0,7.243786470191584,(8.08*sqrt_abs(v1))
54.47103500366211,0.8164613184593994,2.0,0.0,4712.0,-0.9757575757575757,true,3.2828062674194527,0.7144425367740976,0.0,(0.473762243972794*pow2(v1)),-0.9741860992147525,3.570842509527177,0.557349821820434,3.570842509527177,4.0,1.489243190444825,(0.474*pow2(v1))
113.59345602989197,0.9912454959902323,2.0,0.0,4563.0,-0.9757575757575757,true,6.410491489873533,0.9802780935965709,0.0,(0.0500315634887124*pow3(v1)),-0.9167062461797544,11.522043080346984,0.8327714615260142,11.522043080346984,4.0,2.5050512623684362,(0.05*pow3(v1))
54.47103500366211,0.8164613184593994,2.0,0.0,4712.0,-0.9757575757575757,true,3.2828062674194527,0.7144425367740976,0.0,(0.473762243972794*pow2(v1)),-0.9741860992147525,3.570842509527177,0.557349821820434,3.570842509527177,4.0,1.489243190444825,(0.474*pow2(v1))
113.59345602989197,0.9912454959902323,2.0,0.0,4563.0,-0.9757575757575757,true,6.410491489873533,0.9802780935965709,0.0,(0.0500315634887124*pow3(v1)),-0.9167062461797544,11.522043080346984,0.8327714615260142,11.522043080346984,4.0,2.5050512623684362,(0.05*pow3(v1))
1793.6091749668121,10.293930223859942,2.0,0.0,19.0,-0.9757575757575757,true,16.528801116746248,8.264103279386747,0.0,(8.08484618990137*sqrt_abs(v1)),-0.5479411841566926,62.53339430754776,4.622231390408681,62.53339430754776,4.0,7.243801864324459,(8.08*sqrt_abs(v1))
117.87688398361206,13.629546270084,2.0,0.0,4552.0,-0.5222329678670935,true,33.734153685731464,9.81309362347848,1.0,7.60728221756334,0.002844208882826882,138.72365750930865,5.3353731999497835,138.72365750930865,1.0,7.445599988283641,7.61
1452.6363739967346,0.8164595333179655,3.0,0.0,982.0,-0.9757575757575757,true,3.282760728359153,0.7144397593734153,0.0,(0.473766851898515*(v1*v1)),-0.9741862454549906,3.570822280083246,0.5573474617463429,3.570822280083246,5.0,1.489270205041398,(0.474*(v1*v1))
1615.4512009620667,0.9999990452453548,3.0,0.0,523.0,-0.9757575757575757,true,7.907730272394378,0.9999933440838138,0.0,(5.92165875638835e-5*pow2(pow3(v1))),-0.8843464598747973,15.998379357388577,0.8985553452548638,15.998379357388577,16.0,2.8365379870844594,(5.92e-5*pow2(pow3(v1)))
1643.5104520320892,0.9995830045869647,3.0,0.0,444.0,-0.9757575757575757,true,7.44956417797396,0.9986355907154281,0.0,(0.00527622729100245*pow2(pow2(v1))),-0.893914307798187,14.674856873368787,0.8829464833473699,14.674856873368787,16.0,2.7529935488722743,(0.00528*pow2(pow2(v1)))
24.50176191329956,0.9995829873402261,3.0,0.0,4785.0,-0.9757575757575757,true,7.449542864394552,0.998635534284087,0.0,(0.00527644551333896*pow2(pow2(v1))),-0.8939142714024138,14.674861908004024,0.8829499139758099,14.674861908004024,16.0,2.753160692970528,(0.00528*pow2(pow2(v1)))
805.4708480834961,0.8164755732317259,3.0,0.0,2831.0,-0.9757575757575757,true,3.2831699074785687,0.7144647149688533,0.0,(0.473725448606999*(v1*v1)),-0.9741849225515145,3.571005277608792,0.557368667564644,3.571005277608792,5.0,1.4890274725659318,(0.474*(v1*v1))
24.50176191329956,0.9995829873402261,3.0,0.0,4785.0,-0.9757575757575757,true,7.449542864394552,0.998635534284087,0.0,(0.00527644551333896*pow2(pow2(v1))),-0.8939142714024138,14.674861908004024,0.8829499139758099,14.674861908004024,16.0,2.753160692970528,(0.00528*pow2(pow2(v1)))
1546.7721118927002,0.816484300673459,3.0,0.0,716.0,-0.9757575757575757,true,3.2833925450174286,0.7144782935022768,0.0,(0.473702920754315*(v1*v1)),-0.974184194334953,3.5711060119641105,0.557380205815185,3.5711060119641105,5.0,1.4888953999396044,(0.474*(v1*v1))
1733.6499319076538,0.9999990452527922,3.0,0.0,189.0,-0.9757575757575757,true,7.907730717644223,0.9999933441356619,0.0,(5.92161262803076e-5*pow2(pow3(v1))),-0.8843464550264075,15.998380028067398,0.8985545775314275,15.998380028067398,16.0,2.8365058559132743,(5.92e-5*pow2(pow3(v1)))
1540.8432619571686,0.816605893588145,3.0,0.0,733.0,-0.9757575757575757,true,3.28649438724063,0.7146674730472778,0.0,(0.473389057041068*(v1*v1)),-0.9741734317848134,3.572594797865514,0.5575409596255875,3.572594797865514,5.0,1.4870553308705357,(0.473*(v1*v1))
1782.032341003418,3.043984043502107,4.0,0.0,51.0,-0.9757575757575757,true,4.764816663935826,2.4299912879113634,1.0,(3.9853281396779*v1),-0.9245516514154175,10.436786467910359,1.5682022066802548,10.436786467910359,3.0,2.9856537647260937,(3.99*v1)
1293.3066098690033,0.8169821749237296,4.0,0.0,1435.0,-0.9757575757575757,true,3.2960933456794006,0.7152529079144508,0.0,(0.118104443661885*pow2((v1+v1))),-0.9741328332107492,3.5782108074450307,0.5580384282374293,3.5782108074450307,16.0,1.4813610546154954,(0.118*pow2((v1+v1)))
568.0704970359802,0.8169560959775238,4.0,0.0,3482.0,-0.9757575757575757,true,3.295428070266877,0.7152123331557154,0.0,(0.118121272839216*pow2((v1+v1))),-0.97413600250336,3.5777723985089303,0.5580039501596179,3.5777723985089303,16.0,1.4817557080571955,(0.118*pow2((v1+v1)))
1209.0045819282532,0.8169513090521485,4.0,0.0,1677.0,-0.9757575757575757,true,3.295305955526172,0.715204885449023,0.0,(0.118124361921703*pow2((v1+v1))),-0.9741365784916919,3.577692721917715,0.557997621530222,3.577692721917715,16.0,1.4818281487363403,(0.118*pow2((v1+v1)))
1794.9320659637451,3.584793897142641,4.0,0.0,15.0,-0.9757575757575757,true,3.0613190881774957,1.6355856748063116,1.0,(4.6015060513385*(v1-0.747469853952249)),-0.9743291049043663,3.5510605013825924,1.1492955157560483,3.5510605013825924,3.0,1.7113796057460597,(4.6*(v1-0.747))
1764.2292819023132,3.043847801028451,4.0,0.0,102.0,-0.9757575757575757,true,4.764445642568945,2.4298757309525207,1.0,(3.98519387333109*v1),-0.9245545930127417,10.436379556112778,1.5681224215665446,10.436379556112778,3.0,2.985596579019201,(3.99*v1)
1799.9044489860535,3.584793926310944,4.0,0.0,1.0,-0.9757575757575757,true,3.0613190850360334,1.6355856953574768,1.0,(4.60150605587721*(v1-0.747469856998471)),-0.9743291048983004,3.5510605022216906,1.1492955261881481,3.5510605022216906,3.0,1.7113796082438413,(4.6*(v1-0.747))
1566.0405299663544,3.0016480834343366,4.0,0.0,662.0,-0.9757575757575757,true,4.649525555728167,2.394083140738741,1.0,(v1/0.253575012036519),-0.9253167002489644,10.330957096386047,1.5434097957864688,10.330957096386047,3.0,2.9678838891614667,(v1/0.254)
1798.9606430530548,0.8169841783961028,5.0,0.0,3.0,-0.9757575757575757,true,3.2961444543744776,0.7152560250039043,1.0,pow2((v1/1.45492049717828)),-0.9741325875448512,3.5782447904621284,0.5580410769593459,3.5782447904621284,8.0,1.4813307360105479,pow2((v1/1.45))
1779.0629708766937,1.307319885182501,5.0,0.0,59.0,-0.9757575757575757,true,0.880505883999902,0.943218993084932,1.0,(0.361108294829275*pow2((-1.29513339948924-v1))),-0.9972343486781425,0.382573148815325,0.5111161989734819,0.382573148815325,8.0,0.5771825920557692,(0.361*pow2((-1.3-v1)))
1794.381502866745,1.3073198937273063,5.0,0.0,16.0,-0.9757575757575757,true,0.8805058772376677,0.9432189997221283,1.0,(0.361108294525706*pow2((1.2951334036306+v1))),-0.997234348682749,0.3825731481781208,0.511116201897327,0.3825731481781208,8.0,0.5771825912946542,(0.361*pow2((1.3+v1)))
1727.0284099578857,0.8162057309864235,5.0,0.0,207.0,-0.9757575757575757,true,3.2762862163338644,0.7140448826676027,1.0,pow2((v1/1.45183612222982)),-0.9742045119422333,3.568295472930423,0.5570119184131659,3.568295472930423,8.0,1.4931110030116912,pow2((v1/1.45))
1792.3599178791046,1.3073198651110285,5.0,0.0,22.0,-0.9757575757575757,true,0.8805058998868747,0.9432189774942159,1.0,(0.361108295541895*pow2((-1.29513338976246-v1))),-0.997234348667316,0.3825731503129718,0.5111161921055438,0.3825731503129718,8.0,0.5771825938407328,(0.361*pow2((-1.3-v1)))
1412.5831580162048,1.3073202796809338,5.0,0.0,1096.0,-0.9757575757575757,true,0.8805055514150419,0.9432193006808121,1.0,(0.361108284242235*pow2((1.29513358203629+v1))),-0.9972343489385469,0.38257311279353057,0.5111163333556247,0.38257311279353057,8.0,0.5771825786113333,(0.361*pow2((1.3+v1)))
1798.4041249752045,1.3073198653875726,5.0,0.0,5.0,-0.9757575757575757,true,0.8805058996684352,0.9432189777089988,1.0,(0.361108295532*pow2((-1.29513338989666-v1))),-0.9972343486674641,0.3825731502924842,0.5111161922001836,0.3825731502924842,8.0,0.5771825938156578,(0.361*pow2((-1.3-v1)))
1783.7154569625854,1.307319862134881,5.0,0.0,47.0,-0.9757575757575757,true,0.8805059022376831,0.9432189751827429,1.0,(0.361108295648379*pow2((v1--1.29513338831812))),-0.997234348665722,0.38257315053346175,0.5111161910870383,0.38257315053346175,8.0,0.5771825941105867,(0.361*pow2((v1--1.3)))
1383.7987718582153,2.126003126855634,5.0,0.0,1177.0,-0.9757575757575757,true,1.997740551694359,1.4040902846900085,1.0,(0.452049460145608*(3.31744255989422+pow2(v1))),-0.9893791602383815,1.4691830740024414,0.8410986927561973,1.4691830740024414,5.0,1.12594965391628,(0.452*(3.32+pow2(v1)))
1796.3568649291992,0.816984178349607,5.0,0.0,11.0,-0.9757575757575757,true,3.2961444531883686,0.7152560249315643,1.0,pow2((v1/1.45492049699347)),-0.9741325875505561,3.578244789672964,0.5580410768978753,3.578244789672964,8.0,1.4813307367141708,pow2((v1/1.45))
699.444169998169,0.1749936716109747,6.0,0.0,3125.0,-0.9757575757575757,true,0.6087463089763983,0.07375506149365606,1.0,(1.43119982584086*sqrt_abs(pow3(v1))),-0.9996296200701017,0.05123473625157996,0.06086107215038049,0.05123473625157996,17.0,0.1384558053715706,(1.43*sqrt_abs(pow3(v1)))
1778.0772080421448,0.17499149571951944,6.0,0.0,62.0,-0.9757575757575757,true,0.6087338277619461,0.07375789344097937,1.0,(sqrt_abs(pow3(v1))/0.698712607790796),-0.9996296196199468,0.05123479852160832,0.06086228763641308,0.05123479852160832,17.0,0.13846872075955624,(sqrt_abs(pow3(v1))/0.699)
1299.3685319423676,0.17499412284532934,6.0,0.0,1418.0,-0.9757575757575757,true,0.6087488973190931,0.07375447420704319,1.0,(pow3(sqrt_abs(v1))/0.698714832751825),-0.9996296201610997,0.05123472366381354,0.06086082008401285,0.05123472366381354,17.0,0.1384531269903709,(pow3(sqrt_abs(v1))/0.699)
722.6799490451813,0.17499360251596674,6.0,0.0,3061.0,-0.9757575757575757,true,0.6087459126378727,0.07375515142158992,1.0,(1.43119994570511*sqrt_abs(pow3(v1))),-0.9996296200560962,0.05123473818895358,0.06086111074790194,0.05123473818895358,17.0,0.13845621549719256,(1.43*sqrt_abs(pow3(v1)))
1299.3685319423676,0.17499412284532934,6.0,0.0,1418.0,-0.9757575757575757,true,0.6087488973190931,0.07375447420704319,1.0,(pow3(sqrt_abs(v1))/0.698714832751825),-0.9996296201610997,0.05123472366381354,0.06086082008401285,0.05123472366381354,17.0,0.1384531269903709,(pow3(sqrt_abs(v1))/0.699)
1686.502079963684,0.17499425122016465,6.0,0.0,323.0,-0.9757575757575757,true,0.6087496336949112,0.0737543071257439,1.0,(1.4311988203497*pow3(sqrt_abs(v1))),-0.9996296201868404,0.051234720103076725,0.060860748371879006,0.051234720103076725,17.0,0.13845236499886532,(1.43*pow3(sqrt_abs(v1)))
1797.7505390644073,0.1749910295344771,6.0,0.0,7.0,-0.9757575757575757,true,0.6087311536600426,0.07375850018608109,1.0,(pow3(sqrt_abs(v1))/0.698712212971614),-0.9996296195210543,0.051234812201412405,0.060862548054461986,0.051234812201412405,17.0,0.13847148788319874,(pow3(sqrt_abs(v1))/0.699)
1661.8574440479279,0.17499373131300242,6.0,0.0,393.0,-0.9757575757575757,true,0.6087466514354904,0.07375498379079219,1.0,(1.43119972227131*sqrt_abs(pow3(v1))),-0.9996296200821879,0.051234734579691674,0.06086103879992053,0.051234734579691674,17.0,0.13845545099964213,(1.43*sqrt_abs(pow3(v1)))
529.7609159946442,0.17499360188039648,6.0,0.0,3586.0,-0.9757575757575757,true,0.6087459089921534,0.07375515224879178,1.0,(sqrt_abs(pow3(v1))/0.698714391535943),-0.9996296200559673,0.051234738206786604,0.06086111110294111,0.051234738206786604,17.0,0.13845621926973167,(sqrt_abs(pow3(v1))/0.699)
1776.92453789711,0.17499173315366093,6.0,0.0,66.0,-0.9757575757575757,true,0.6087351897170343,0.07375758441776045,1.0,(1.43120318862691*sqrt_abs(pow3(v1))),-0.9996296196699821,0.05123479160021031,0.06086215500209351,0.05123479160021031,17.0,0.1384673114272795,(1.43*sqrt_abs(pow3(v1)))
1566.8217768669128,0.17499225791681144,6.0,0.0,660.0,-0.9757575757575757,true,0.6087381998310741,0.07375690143258855,1.0,(sqrt_abs(pow3(v1))/0.698713253308202),-0.9996296197797727,0.05123477641284173,0.06086186186142306,0.05123477641284173,17.0,0.13846419660292847,(sqrt_abs(pow3(v1))/0.699)
1728.2009088993073,0.17499228071646306,6.0,0.0,204.0,-0.9757575757575757,true,0.6087383306130292,0.07375687175858443,1.0,sqrt_abs((2.04833984814289*pow3(v1))),-0.9996296197845181,0.05123477575641875,0.060861849125191304,0.05123477575641875,32.0,0.1384640612715709,sqrt_abs((2.05*pow3(v1)))
1795.4689090251923,0.17499421045503338,7.0,0.0,13.0,-0.9757575757575757,true,0.6087493998604758,0.07375436018202332,1.0,((v1*sqrt_abs(v1))/0.698714906950334),-0.9996296201786736,0.05123472123279904,0.06086077114390091,0.05123472123279904,10.0,0.13845260696750264,((v1*sqrt_abs(v1))/0.699)
990.2187979221344,0.1749941323783113,7.0,0.0,2307.0,-0.9757575757575757,true,0.6087489520015952,0.07375446179975959,1.0,((v1*sqrt_abs(v1))/0.698714840825508),-0.9996296201630134,0.05123472339908558,0.06086081475874432,0.05123472339908558,10.0,0.13845307040567453,((v1*sqrt_abs(v1))/0.699)
990.2187979221344,0.1749941323783113,7.0,0.0,2307.0,-0.9757575757575757,true,0.6087489520015952,0.07375446179975959,1.0,((v1*sqrt_abs(v1))/0.698714840825508),-0.9996296201630134,0.05123472339908558,0.06086081475874432,0.05123472339908558,10.0,0.13845307040567453,((v1*sqrt_abs(v1))/0.699)
1628.6076419353485,0.17499384399217988,7.0,0.0,487.0,-0.9757575757575757,true,0.6087472977788435,0.07375483713756932,1.0,(1.43119952679836*(v1*sqrt_abs(v1))),-0.9996296201049604,0.05123473142957489,0.06086097585561977,0.05123473142957489,10.0,0.13845478217248502,(1.43*(v1*sqrt_abs(v1)))
1800.3474979400635,3.5845744229922096,7.0,0.0,0.0,-0.9757575757575757,true,3.061346224034609,1.6354306726137944,2.0,((-0.747446849239038+v1)/0.217321704724956),-0.9743291354752198,3.551056272509779,1.1492170280866192,3.551056272509779,4.0,1.7113606470303324,((-0.747+v1)/0.217)
1647.1655008792877,0.15832033191400913,8.0,0.0,434.0,-0.9757575757575757,true,0.5330741937418155,0.0948285015269647,1.0,(621.508694898556*(sqrt_abs(pow3(v1))/(425.202976587622+v1))),-0.9996348148051158,0.05051614742733823,0.06743846841246401,0.05051614742733823,49.0,0.14656754793617785,(622.0*(sqrt_abs(pow3(v1))/(425.0+v1)))
624.5489609241486,0.13500424469432434,9.0,0.0,3328.0,-0.9757575757575757,true,0.5500346549968098,0.10928733180938427,2.0,(1.42498723936367*sqrt_abs(pow3((0.0248189268845827+v1)))),-0.9996403734659265,0.04974721666852923,0.07576149052928251,0.04974721666852923,257.0,0.1497962113442336,(1.42*sqrt_abs(pow3((0.0248+v1))))
1708.7769479751587,0.13730302852411172,9.0,0.0,259.0,-0.9757575757575757,true,0.5479152303527286,0.10849128324697913,2.0,(pow3(sqrt_abs((0.0257999476780792+v1)))/0.701910343189687),-0.9996401986369067,0.04977140080486235,0.07633329510955199,0.04977140080486235,257.0,0.15004254564117112,(pow3(sqrt_abs((0.0258+v1)))/0.702)
262.0234339237213,0.13509809067121045,9.0,0.0,4226.0,-0.9757575757575757,true,0.5435466296115816,0.10155262505293806,2.0,(1.41106709963907*pow3((sqrt_abs(v1)--0.0138947774922936))),-0.9996419932506593,0.0495231514941714,0.07204315349305815,0.0495231514941714,33.0,0.14700221126411586,(1.41*pow3((sqrt_abs(v1)--0.0139)))
437.64858293533325,0.13335939240444877,9.0,0.0,3827.0,-0.9757575757575757,true,0.5515410527520093,0.1103838031817826,2.0,(1.42520934503685*pow3(sqrt_abs((-0.0241153440160867-v1)))),-0.9996404632059557,0.04973480291078027,0.07535286190501321,0.04973480291078027,257.0,0.14963381651684252,(1.43*pow3(sqrt_abs((-0.0241-v1))))
1795.199429988861,0.13687208023128516,9.0,0.0,14.0,-0.9757575757575757,true,0.5483071004750304,0.10839335881930523,2.0,(sqrt_abs(pow3((0.0256153713409109+v1)))/0.701881175493152),-0.9996402333270674,0.049766602107375026,0.0762263826948645,0.049766602107375026,257.0,0.1500032221896561,(sqrt_abs(pow3((0.0256+v1)))/0.702)
1000.58274102211,0.13504063136442243,9.0,0.0,2277.0,-0.9757575757575757,true,0.5500012083292694,0.1092630851552166,2.0,(1.42498238176548*sqrt_abs(pow3((0.0248344723054504+v1)))),-0.9996403711344122,0.049747539187416666,0.07577053630275118,0.049747539187416666,257.0,0.14979996959656458,(1.42*sqrt_abs(pow3((0.0248+v1))))
1233.384782075882,1.1915908914932496,9.0,0.0,1607.0,-0.9878787878787879,true,41.33492275270983,0.9988196505593172,2.0,(0.188262316123267/sqrt_abs((-0.119613034555722+pow3(v1)))),0.34935571438068225,186.65666942276317,0.8869948706214619,186.65666942276317,33.0,6.864936726337786,(0.188/sqrt_abs((-0.12+pow3(v1))))
1768.3681590557098,0.1365804254483044,9.0,0.0,90.0,-0.9757575757575757,true,0.5485881259745709,0.10832560677751432,2.0,(1.42477601395877*pow3(sqrt_abs((v1--0.0254924932027919)))),-0.999640261510668,0.04976270346378964,0.07615320976147569,0.04976270346378964,257.0,0.14995642034887127,(1.42*pow3(sqrt_abs((v1--0.0255))))
571.4494340419769,0.13267276579414447,9.0,0.0,3473.0,-0.9757575757575757,true,0.552166695918892,0.11084174595441834,2.0,(1.42530350792597*sqrt_abs(pow3((0.0238211496528488+v1)))),-0.9996404915218987,0.049730885960221446,0.07518244697664214,0.049730885960221446,257.0,0.14957033218495666,(1.43*sqrt_abs(pow3((0.0238+v1))))
295.04755091667175,0.1346408763702731,9.0,0.0,4153.0,-0.9757575757575757,true,0.5428181758192183,0.10158183214725594,2.0,(1.41083545336376*pow3((0.0140531764216716+sqrt_abs(v1)))),-0.9996419381679192,0.04953077110158184,0.07217001680451293,0.04953077110158184,33.0,0.14708527998674742,(1.41*pow3((0.0141+sqrt_abs(v1))))
1799.843827009201,1.193482747197338,9.0,0.0,1.0,-0.9878787878787879,true,41.33492644948555,0.9988203192218204,2.0,(0.188155452212136/sqrt_abs((0.119691009389438-pow3(v1)))),0.34935602524957665,186.6567124253249,0.8868090965879286,186.6567124253249,33.0,6.864862813582673,(0.188/sqrt_abs((0.12-pow3(v1))))
1667.5212230682373,1.1961474963831151,9.0,0.0,377.0,-0.9878787878787879,true,41.334924274130266,0.9988199242008109,2.0,(0.188218325363051/sqrt_abs((pow3(v1)-0.119738861830857))),0.349355792689072,186.65668025517974,0.8868921960241087,186.65668025517974,33.0,6.86488240778615,(0.188/sqrt_abs((pow3(v1)-0.12)))
571.4494340419769,0.13267276579414447,9.0,0.0,3473.0,-0.9757575757575757,true,0.552166695918892,0.11084174595441834,2.0,(1.42530350792597*sqrt_abs(pow3((0.0238211496528488+v1)))),-0.9996404915218987,0.049730885960221446,0.07518244697664214,0.049730885960221446,257.0,0.14957033218495666,(1.43*sqrt_abs(pow3((0.0238+v1))))
262.0234339237213,0.13509809067121045,9.0,0.0,4226.0,-0.9757575757575757,true,0.5435466296115816,0.10155262505293806,2.0,(1.41106709963907*pow3((sqrt_abs(v1)--0.0138947774922936))),-0.9996419932506593,0.0495231514941714,0.07204315349305815,0.0495231514941714,33.0,0.14700221126411586,(1.41*pow3((sqrt_abs(v1)--0.0139)))
801.6345820426941,0.13825692089764585,9.0,0.0,2842.0,-0.9757575757575757,true,0.5484633711805369,0.10133535605408454,2.0,(1.41273600802055*pow3((0.0127887725867485+sqrt_abs(v1)))),-0.999642207557929,0.04949350632295959,0.07117453812033725,0.04949350632295959,33.0,0.14659639939704205,(1.41*pow3((0.0128+sqrt_abs(v1))))
1800.289694070816,0.14843997630502329,9.0,0.0,0.0,-0.9757575757575757,true,0.5377466778010023,0.11348236171441403,2.0,(1.42317928826314*pow3(sqrt_abs((0.0305582534389849+v1)))),-0.9996386566515021,0.04998470398122955,0.07910398314632716,0.04998470398122955,257.0,0.15136824387772654,(1.42*pow3(sqrt_abs((0.0306+v1))))
1800.3510739803314,0.14585799057356422,9.0,0.0,0.0,-0.9757575757575757,true,0.5400975906788741,0.111632589113831,2.0,(sqrt_abs(pow3((0.029455312712797+v1)))/0.702479391296505),-0.9996391201358202,0.04992059009468908,0.07845756793136147,0.04992059009468908,257.0,0.15088330455198767,(sqrt_abs(pow3((0.0295+v1)))/0.702)
1555.8506228923798,1.9357213170504841,10.0,0.0,690.0,-0.9878787878787879,true,2.1643780693846795,0.8156852448161116,2.0,pow2((v1/(1.69155407460999-(1.93124193502625/v1)))),-0.987353440452349,1.7494013325497515,0.5904169141275142,1.7494013325497515,512.0,1.114813435502636,pow2((v1/(1.69-(1.93/v1))))
357.346107006073,0.138661735494756,10.0,0.0,4018.0,-0.9757575757575757,true,0.548516051514059,0.10124075955230953,2.0,(v1*(1.41258545897501*(sqrt_abs(v1)--0.038842705730276))),-0.999642227911722,0.04949069077835006,0.07110330949716964,0.04949069077835006,13.0,0.14652828263224285,(v1*(1.41*(sqrt_abs(v1)--0.0388)))
1452.258365869522,0.13689637592402706,10.0,0.0,983.0,-0.9757575757575757,true,0.5466006848327671,0.109000538822218,2.0,(1.42444735618698*(v1*sqrt_abs((0.0803255134771124+v1)))),-0.9996403815464341,0.049746098890148596,0.07633335677382075,0.049746098890148596,18.0,0.14998823462057725,(1.42*(v1*sqrt_abs((0.0803+v1))))
630.9389028549194,1.9362323678235254,10.0,0.0,3311.0,-0.9878787878787879,true,2.164949487943627,0.8156698827104184,2.0,pow2((v1/(1.69154751362423-(1.9311984403173/v1)))),-0.9873535399054013,1.7493875751873909,0.5904448164712681,1.7493875751873909,512.0,1.1147825601997028,pow2((v1/(1.69-(1.93/v1))))
1709.1882469654083,0.1334934757553928,10.0,0.0,258.0,-0.9757575757575757,true,0.5402233304501864,0.10240951578328364,2.0,(v1*(1.40978596654322*(0.0445284885286777+sqrt_abs(v1)))),-0.9996417327852308,0.049559181733544344,0.0725416144526311,0.049559181733544344,13.0,0.14729120319425473,(v1*(1.41*(0.0445+sqrt_abs(v1))))
913.2789189815521,0.13480623380648024,10.0,0.0,2526.0,-0.9757575757575757,true,0.5486456260172146,0.11023904991624517,2.0,(1.42474251563352*(v1*sqrt_abs((0.0774121380133944+v1)))),-0.9996405482597729,0.049723037397741886,0.07580654079088966,0.049723037397741886,18.0,0.14976192216948384,(1.42*(v1*sqrt_abs((0.0774+v1))))
1800.1171689033508,0.1482397846242977,10.0,0.0,0.0,-0.9757575757575757,true,0.5354776037635611,0.11391511566671762,2.0,(v1*(1.42282401157609*sqrt_abs((0.096284066255206+v1)))),-0.9996386986133293,0.04997889939254127,0.0792041609864634,0.04997889939254127,19.0,0.15160814860213992,(v1*(1.42*sqrt_abs((0.0963+v1))))
1521.0138909816742,1.9329449771908702,10.0,0.0,789.0,-0.9878787878787879,true,2.1612737748499358,0.8157686919856505,2.0,pow2((v1/(1.69158936506916-(1.93147808440889/v1)))),-0.9873528752350043,1.7494795191879728,0.5902656208178712,1.7494795191879728,512.0,1.114981354608701,pow2((v1/(1.69-(1.93/v1))))
1709.1882469654083,0.1334934757553928,10.0,0.0,258.0,-0.9757575757575757,true,0.5402233304501864,0.10240951578328364,2.0,(v1*(1.40978596654322*(0.0445284885286777+sqrt_abs(v1)))),-0.9996417327852308,0.049559181733544344,0.0725416144526311,0.049559181733544344,13.0,0.14729120319425473,(v1*(1.41*(0.0445+sqrt_abs(v1))))
986.6830110549927,0.13377866241940448,10.0,0.0,2317.0,-0.9757575757575757,true,0.5496436536597704,0.11089568092413217,2.0,(1.42489009613356*(v1*sqrt_abs((-0.0759800124349596-v1)))),-0.999640611406776,0.04971430225907096,0.07554792303474592,0.04971430225907096,18.0,0.14965871192730398,(1.42*(v1*sqrt_abs((-0.076-v1))))
1521.0138909816742,1.9329449771908702,10.0,0.0,789.0,-0.9878787878787879,true,2.1612737748499358,0.8157686919856505,2.0,pow2((v1/(1.69158936506916-(1.93147808440889/v1)))),-0.9873528752350043,1.7494795191879728,0.5902656208178712,1.7494795191879728,512.0,1.114981354608701,pow2((v1/(1.69-(1.93/v1))))
471.89812898635864,0.33245257020005764,11.0,0.0,3742.0,-0.9757575757575757,true,0.4484686969981686,0.13233062545259,3.0,(0.00657156566022199*(-1110.58465661447+pow3((10.0678002108818+v1)))),-0.9996928778895711,0.04248426832732354,0.09454091809798482,0.04248426832732354,10.0,0.15062370862953525,(0.00657*(-1110.0+pow3((10.1+v1))))
618.8166649341583,0.3468687239712571,11.0,0.0,3344.0,-0.9757575757575757,true,0.44539523996567176,0.12466310701933044,3.0,(0.00653318156920381*(pow3((10.1147656134769+v1))-1127.09353756885)),-0.9996942813760169,0.04229012374204173,0.09526944323752756,0.04229012374204173,10.0,0.15016974967128044,(0.00653*(pow3((10.1+v1))-1130.0))
1794.392081975937,0.3214978740859775,11.0,0.0,16.0,-0.9757575757575757,true,0.45867215126885874,0.1365989432731277,3.0,(0.00663851975633748*(-1084.62522313073+pow3((v1--9.99002267736438)))),-0.9996901974724393,0.042855051012090604,0.09495892746292643,0.042855051012090604,10.0,0.1510250130252246,(0.00664*(-1080.0+pow3((v1--9.99))))
1633.6978089809418,0.6258010694815649,11.0,0.0,472.0,-0.9878787878787879,true,0.7468402058357402,0.38253160580257334,2.0,(sqrt_abs((v1-(3.19266712549558*pow3(v1))))/1.24443648997146),-0.9992312730279453,0.10633816922398787,0.22701462059953909,0.10633816922398787,129.0,0.27392427110095496,(sqrt_abs((v1-(3.19*pow3(v1))))/1.24)
618.8166649341583,0.3468687239712571,11.0,0.0,3344.0,-0.9757575757575757,true,0.44539523996567176,0.12466310701933044,3.0,(0.00653318156920381*(pow3((10.1147656134769+v1))-1127.09353756885)),-0.9996942813760169,0.04229012374204173,0.09526944323752756,0.04229012374204173,10.0,0.15016974967128044,(0.00653*(pow3((10.1+v1))-1130.0))
1633.3661179542542,0.6258024863465617,11.0,0.0,473.0,-0.9878787878787879,true,0.74683984099131,0.3825320207629002,2.0,(sqrt_abs((v1-(pow3(v1)*3.19266984796336)))/1.24443695775476),-0.9992312732563845,0.10633813762394288,0.22701467063746805,0.10633813762394288,129.0,0.2739243931607619,(sqrt_abs((v1-(pow3(v1)*3.19)))/1.24)
1794.8626890182495,0.6259920710194543,11.0,0.0,15.0,-0.9878787878787879,true,0.7468232018286871,0.38259102011746515,2.0,(sqrt_abs((pow3(v1)-(0.313182233540878*v1)))/0.696459683803268),-0.9992312948247248,0.1063351540707399,0.22702383845963067,0.1063351540707399,129.0,0.27392122202104263,(sqrt_abs((pow3(v1)-(0.313*v1)))/0.696)
1613.3710689544678,0.34670332678792315,11.0,0.0,529.0,-0.9757575757575757,true,0.445726450334603,0.12469238015696568,3.0,(-0.00653503034898362*(1126.37506807462-pow3((10.1126154881212+v1)))),-0.9996942445133085,0.042295222968513686,0.09524333619256799,0.042295222968513686,10.0,0.15012986229181427,(-0.00654*(1130.0-pow3((10.1+v1))))
1800.1091840267181,0.31690830408012294,11.0,0.0,0.0,-0.9757575757575757,true,0.46107119935488594,0.13875915207965114,3.0,(-0.00665767518357275*(pow3((-9.96765303401447-v1))--1077.11591300447)),-0.999689157725253,0.04299887946647755,0.09558469378129238,0.04299887946647755,10.0,0.15192752772277712,(-0.00666*(pow3((-9.97-v1))--1080.0))
1778.5462069511414,0.33537777474297215,11.0,0.0,61.0,-0.9757575757575757,true,0.4515654384684131,0.1300374329337342,3.0,(0.00658151022191955*(-1107.38662570649+pow3((10.0572078026204+v1)))),-0.9996927602005546,0.04250054827456232,0.09446589559694209,0.04250054827456232,10.0,0.14997046030889802,(0.00658*(-1110.0+pow3((10.1+v1))))
1782.8974220752716,0.32678612429206144,11.0,0.0,49.0,-0.9757575757575757,true,0.45598551853584013,0.13409468033087,3.0,(0.00661686370150688*(pow3((10.0154485982826+v1))-1093.20667964021)),-0.9996912672432484,0.042707069383413176,0.09424525086256458,0.042707069383413176,10.0,0.15004302316463425,(0.00662*(pow3((10.0+v1))-1090.0))
1496.900335073471,0.3269233503337143,11.0,0.0,857.0,-0.9757575757575757,true,0.44560173155987304,0.13607420594027644,3.0,(-0.00656691204884778*(1111.42900358128-pow3((10.0717918367572+v1)))),-0.9996926053150665,0.042521973617811765,0.09504518835445297,0.042521973617811765,10.0,0.15170724838899874,(-0.00657*(1110.0-pow3((10.1+v1))))
1696.7646989822388,0.6258482817725216,11.0,0.0,294.0,-0.9878787878787879,true,0.7468363367220219,0.3825463298319339,2.0,sqrt_abs((2.06161740164774*(pow3(v1)-(v1/3.19275656919023)))),-0.9992312783297627,0.10633743582244337,0.22701692390207545,0.10633743582244337,256.0,0.2739233135482154,sqrt_abs((2.06*(pow3(v1)-(v1/3.19))))
1696.7646989822388,0.6258482817725216,11.0,0.0,294.0,-0.9878787878787879,true,0.7468363367220219,0.3825463298319339,2.0,sqrt_abs((2.06161740164774*(pow3(v1)-(v1/3.19275656919023)))),-0.9992312783297627,0.10633743582244337,0.22701692390207545,0.10633743582244337,256.0,0.2739233135482154,sqrt_abs((2.06*(pow3(v1)-(v1/3.19))))
1797.4405210018158,0.2848207491402506,11.0,0.0,8.0,-0.9757575757575757,true,0.47782682112898645,0.12742238391194938,3.0,(0.281933099395248*(-11.7477782762696+pow2((3.16545426682838+v1)))),-0.9996864635962236,0.04337155892102722,0.0895039554231973,0.04337155892102722,10.0,0.14506252965131525,(0.282*(-11.7+pow2((3.17+v1))))
54.31977701187134,0.40998679541921723,11.0,0.0,4713.0,-0.9757575757575757,true,0.4137995629698361,0.1143022646569447,3.0,(15.6144537027563*(-1.04471964541023+exp((0.138631759541501*v1)))),-0.999695804827729,0.04207938433539625,0.10470600296391427,0.04207938433539625,10.0,0.15949661216193398,(15.6*(-1.04+exp((0.139*v1))))
1755.4415819644928,0.3269159459295966,11.0,0.0,127.0,-0.9757575757575757,true,0.44545028650222473,0.13610847946136387,3.0,(-0.00656620121660767*(1111.68982587396+pow3((-10.0725962157949-v1)))),-0.999692616088633,0.04252048330801191,0.09505831544960135,0.04252048330801191,10.0,0.15173297459716456,(-0.00657*(1110.0+pow3((-10.1-v1))))
1685.5360760688782,0.6276224929280467,11.0,0.0,326.0,-0.9878787878787879,true,0.7466841715541728,0.3830981209181558,2.0,(sqrt_abs((pow3(v1)-(v1*0.312879918100199)))/0.696461429257548),-0.9992314761221276,0.10631007516158938,0.22710334624070444,0.10631007516158938,129.0,0.2738920837466631,(sqrt_abs((pow3(v1)-(v1*0.313)))/0.696)
1792.1478679180145,0.6257786971850319,11.0,0.0,23.0,-0.9878787878787879,true,0.7468419786047775,0.38252462163469736,2.0,(sqrt_abs((pow3(v1)-(0.313221903239479*v1)))/0.696459535544739),-0.9992312705308843,0.10633851464297595,0.2270135246749377,0.10633851464297595,129.0,0.2739247619534012,(sqrt_abs((pow3(v1)-(0.313*v1)))/0.696)
1775.9290580749512,1.9352469436250155,12.0,0.0,68.0,-0.9878787878787879,true,2.1638476606787673,0.8156996375355602,2.0,pow2((v1/(2.69156127065021-((1.9312832965319+v1)/v1)))),-0.9873533567782842,1.7494129072013282,0.5903904307570284,1.7494129072013282,131072.0,1.1148428072073677,pow2((v1/(2.69-((1.93+v1)/v1))))
1792.6070070266724,1.9282849790565646,12.0,0.0,21.0,-0.9878787878787879,true,2.1560633152262163,0.815907574669674,2.0,pow2((v1/(0.691637598150687-((1.93186536477486-v1)/v1)))),-0.9873517450472927,1.749635858299888,0.5900179274204354,1.749635858299888,131072.0,1.1152578958193637,pow2((v1/(0.692-((1.93-v1)/v1))))
1758.7012870311737,0.721403086709904,12.0,0.0,117.0,-0.9878787878787879,true,0.8676052884142003,0.5321463288988874,3.0,sqrt_abs((13.3996762974429*(-1.30272515024294+exp((0.515871186762808*v1))))),-0.9984985828219775,0.207691364758068,0.2851126533446153,0.207691364758068,1024.0,0.3437470651695377,sqrt_abs((13.4*(-1.3+exp((0.516*v1)))))
1800.0673570632935,0.28482074749405206,12.0,0.0,0.0,-0.9757575757575757,true,0.4778268219589066,0.12742238481745577,3.0,(-0.281933099521423*(1.72767755505332-(v1*(6.33090852622356+v1)))),-0.9996864635960279,0.04337155894810536,0.08950395563831078,0.04337155894810536,9.0,0.14506252995704966,(-0.282*(1.73-(v1*(6.33+v1))))
1775.6542739868164,0.3988860257145782,12.0,0.0,69.0,-0.9878787878787879,true,0.6085118722036889,0.09896571969846685,2.0,(1.43135799006546*sqrt_abs((pow3(v1)-(0.0145750107403769/pow3(v1))))),-0.9995902514035097,0.05668061246299631,0.10120803338919174,0.05668061246299631,513.0,0.15785446278320175,(1.43*sqrt_abs((pow3(v1)-(0.0146/pow3(v1)))))
1724.1835370063782,0.20535318992302606,12.0,0.0,215.0,-0.9878787878787879,true,0.4668562901038156,0.12519594219576077,3.0,((0.138685920067659+sqrt_abs((-0.123862871424696+pow3(v1))))/0.702974007355937),-0.9996363270800852,0.05030695410193843,0.0812266810256447,0.05030695410193843,34.0,0.15650158915865955,((0.139+sqrt_abs((-0.124+pow3(v1))))/0.703)
1799.103730916977,0.2053932027680936,12.0,0.0,3.0,-0.9878787878787879,true,0.46685444412107824,0.1251948140743706,3.0,(1.42252756716117*(sqrt_abs((0.123868034745718-pow3(v1)))--0.138688330334259)),-0.9996363270642256,0.05030695629580669,0.08122452759027153,0.05030695629580669,34.0,0.1565004859622683,(1.42*(sqrt_abs((0.124-pow3(v1)))--0.139))
1507.2520220279694,0.20540505304603424,12.0,0.0,828.0,-0.9878787878787879,true,0.4668558687972686,0.12519311931267726,3.0,(0.197286041689755+(sqrt_abs((pow3(v1)-0.123868944426492))/0.70297396876554)),-0.9996363275527036,0.05030688872453796,0.08122418642531777,0.05030688872453796,34.0,0.1564993756085905,(0.197+(sqrt_abs((pow3(v1)-0.124))/0.703))
1769.4131948947906,0.20539195557995651,12.0,0.0,87.0,-0.9878787878787879,true,0.46685449441805016,0.12519485385358833,3.0,(1.42252757074198*(0.138688262193948+sqrt_abs((pow3(v1)-0.123867875895576)))),-0.9996363270628634,0.050306956484233646,0.0812245937400011,0.050306956484233646,34.0,0.15650052262332065,(1.42*(0.139+sqrt_abs((pow3(v1)-0.124))))
1793.2559049129486,1.9282870329766721,12.0,0.0,20.0,-0.9878787878787879,true,2.156065611765288,0.815907419521182,2.0,pow2((v1/(0.691636785570018-((1.93186449300942-v1)/v1)))),-0.9873517384657764,1.7496367687224836,0.5900184581216088,1.7496367687224836,131072.0,1.115257280573946,pow2((v1/(0.692-((1.93-v1)/v1))))
1771.9611160755157,0.3988859829637978,12.0,0.0,80.0,-0.9878787878787879,true,0.6085118722032279,0.09896571732055018,2.0,(sqrt_abs((pow3(v1)-(0.014575009743851/pow3(v1))))/0.698637243054995),-0.9995902514035687,0.056680612454821214,0.10120803358552263,0.056680612454821214,513.0,0.15785446270011388,(sqrt_abs((pow3(v1)-(0.0146/pow3(v1))))/0.699)
812.9753248691559,0.17345603161281184,13.0,0.0,2810.0,-0.9757575757575757,true,0.48624512589948665,0.12204369984257235,3.0,pow2(((-4.34059063867946-v1)/(1.88206789254839-(-2.43081272522016/v1)))),-0.9996941744921763,0.04230490900695497,0.07855929945703496,0.04230490900695497,8192.0,0.13617591083002176,pow2(((-4.34-v1)/(1.88-(-2.43/v1))))
427.5494010448456,0.1428973755657989,13.0,0.0,3852.0,-0.9757575757575757,true,0.45130167656295495,0.11128784571430023,3.0,(0.0187361448241809*(v1*(pow3((v1-4.77866882107099))--134.348296675173))),-0.9996986853087471,0.04168092676972831,0.07287685263732865,0.04168092676972831,20.0,0.14589243380029182,(0.0187*(v1*(pow3((v1-4.78))--134.0)))
1761.1508159637451,0.13353802875345566,13.0,0.0,110.0,-0.9757575757575757,true,0.4480631652290974,0.12258793001040591,3.0,(0.018613158171135*(v1*(pow3((-4.7631897968298+v1))--134.90134510584))),-0.9996928784351075,0.04248419286315839,0.07726182033328907,0.04248419286315839,20.0,0.150062466258409,(0.0186*(v1*(pow3((-4.76+v1))--135.0)))
1261.800411939621,0.13554063873708688,13.0,0.0,1526.0,-0.9757575757575757,true,0.44927670559797406,0.1179006168110173,3.0,(0.0186842981291269*(v1*(pow3((-4.77231233438535+v1))--134.598832500858))),-0.9996968181132299,0.041939216331696026,0.07479279964547011,0.041939216331696026,20.0,0.14783491065604354,(0.0187*(v1*(pow3((-4.77+v1))--135.0)))
1754.9140949249268,0.13353802719576158,13.0,0.0,128.0,-0.9757575757575757,true,0.44806316549212344,0.12258793077354603,3.0,((v1*(pow3((-4.76318979832503+v1))--134.901345052493))/53.7254339195957),-0.9996928784357473,0.042484192774644526,0.0772618199178955,0.042484192774644526,20.0,0.15006246588872402,((v1*(pow3((-4.76+v1))--135.0))/53.7)
1778.2254378795624,0.13577732610985044,13.0,0.0,62.0,-0.9757575757575757,true,0.44931686141962945,0.11771868164110394,3.0,(0.0186860271075434*(v1*(pow3((-4.7725283782245+v1))--134.591173683864))),-0.9996969012627889,0.04192771423512085,0.0747321079185133,0.04192771423512085,20.0,0.14778051825287156,(0.0187*(v1*(pow3((-4.77+v1))--135.0)))
1224.88014793396,0.13700297689040006,13.0,0.0,1632.0,-0.9757575757575757,true,0.44942825882853654,0.11678512558461691,3.0,((v1*(pow3((-4.77369172518383+v1))--134.553528409825))/53.4897354995898),-0.9996974060183567,0.04185789128765004,0.07442135369002782,0.04185789128765004,20.0,0.14752586161997494,((v1*(pow3((-4.77+v1))--135.0))/53.5)
1800.2571280002594,0.18097158245215203,13.0,0.0,0.0,-0.9757575757575757,true,0.5132585784273749,0.0992367405171755,3.0,(1.41509251081946*(-0.0719669398129672+(v1*sqrt_abs((0.244092932201109+v1))))),-0.9996413486209038,0.049612323268443254,0.07050997291245922,0.049612323268443254,19.0,0.147144343907496,(1.42*(-0.072+(v1*sqrt_abs((0.244+v1)))))
1132.9858930110931,0.14380804422382726,14.0,0.0,1895.0,-0.9878787878787879,true,0.14054873182083405,0.09258555355292736,3.0,(sqrt_abs(pow3((v1+(0.0218035273289607/(2.33319711598332-v1)))))/0.69934053980512),-0.9999583224665043,0.005765262272331468,0.0545321865747884,0.005765262272331468,1.8446744073709552e19,0.06366580318385631,(sqrt_abs(pow3((v1+(0.0218/(2.33-v1)))))/0.699)
1227.0863559246063,0.1437947657108087,14.0,0.0,1625.0,-0.9878787878787879,true,0.140496653336724,0.0925984097609159,3.0,(1.42992123501569*sqrt_abs(pow3((v1+(0.021811422463319/(2.33319543419416-v1)))))),-0.9999583243821324,0.0057649972830771555,0.05453997288563876,0.0057649972830771555,1.8446744073709552e19,0.06368278439753369,(1.43*sqrt_abs(pow3((v1+(0.0218/(2.33-v1))))))
1407.3548119068146,0.14380368303804017,14.0,0.0,1110.0,-0.9878787878787879,true,0.14042453137853705,0.09258687961518185,3.0,(pow3(sqrt_abs((v1+(0.0218117138173985/(2.33319540273066-v1)))))/0.69934685392793),-0.9999583134736827,0.005766506251287015,0.05453723089729932,0.005766506251287015,1.8446744073709552e19,0.06372581796384394,(pow3(sqrt_abs((v1+(0.0218/(2.33-v1)))))/0.699)
1800.0242359638214,0.21713171697148878,14.0,0.0,0.0,-0.9878787878787879,true,0.3197735087847908,0.052529784807888974,3.0,(1.42880370704986*sqrt_abs((pow3(v1)-(-0.0156764787404264/(-2.21432488187848+v1))))),-0.9999030192379108,0.013415369910785069,0.044513689674525916,0.013415369910785069,257.0,0.07123332481214358,(1.43*sqrt_abs((pow3(v1)-(-0.0157/(-2.21+v1)))))
1794.4617309570312,0.14366198577617315,14.0,0.0,16.0,-0.9878787878787879,true,0.13956886848231065,0.0927159555275113,3.0,(sqrt_abs(pow3((v1+(0.021911630941904/(2.33317420598979-v1)))))/0.699351665003442),-0.9999582991393259,0.005768489125992048,0.0546273921163839,0.005768489125992048,1.8446744073709552e19,0.06406008306692426,(sqrt_abs(pow3((v1+(0.0219/(2.33-v1)))))/0.699)
1599.6975779533386,0.14367721052663962,14.0,0.0,568.0,-0.9878787878787879,true,0.139706564518554,0.09270332487387681,3.0,(1.4299027414112*pow3(sqrt_abs((v1+(0.0218985048320118/(2.33317697956774-v1)))))),-0.9999583059061662,0.005767553067497355,0.05461663962296688,0.005767553067497355,1.8446744073709552e19,0.0640008902462013,(1.43*pow3(sqrt_abs((v1+(0.0219/(2.33-v1))))))
1432.8344058990479,0.14366189847694766,14.0,0.0,1038.0,-0.9878787878787879,true,0.13969837831635967,0.09271955234111492,3.0,(1.42991253582714*sqrt_abs(pow3((v1+(0.0219048996207327/(2.33317560257444-v1)))))),-0.9999583119341926,0.005766719209284448,0.05462442244773663,0.005766719209284448,1.8446744073709552e19,0.0639941566574902,(1.43*sqrt_abs(pow3((v1+(0.0219/(2.33-v1))))))
1800.110162973404,0.21713213785302318,14.0,0.0,0.0,-0.9878787878787879,true,0.31977356385744127,0.05252962585491913,3.0,(1.4288037094164*sqrt_abs((pow3(v1)-(-0.015676636493918/(-2.2143248244136+v1))))),-0.9999030192418832,0.013415369361289845,0.044513636317774954,0.013415369361289845,257.0,0.07123320678673806,(1.43*sqrt_abs((pow3(v1)-(-0.0157/(-2.21+v1)))))
1594.107270002365,0.14377536966173876,14.0,0.0,584.0,-0.9878787878787879,true,0.14035777053926868,0.0926154901032248,3.0,(1.42991708698565*sqrt_abs(pow3((v1+(0.0218262355092967/(2.33319229695552-v1)))))),-0.999958321362199,0.00576541503111165,0.05455282038721012,0.00576541503111165,1.8446744073709552e19,0.06373959802843758,(1.43*sqrt_abs(pow3((v1+(0.0218/(2.33-v1))))))
1354.3239359855652,0.14380543990251327,14.0,0.0,1261.0,-0.9878787878787879,true,0.1404363820795682,0.09258531277884094,3.0,(1.42990590640093*pow3(sqrt_abs((v1+(0.0218104101447643/(2.33319567898628-v1)))))),-0.9999583136711546,0.005766478934962304,0.0545360836515303,0.005766478934962304,1.8446744073709552e19,0.06372104009258302,(1.43*pow3(sqrt_abs((v1+(0.0218/(2.33-v1))))))
1629.178638935089,0.14377263512249078,14.0,0.0,485.0,-0.9878787878787879,true,0.14022720438049063,0.092614896440416,3.0,sqrt_abs((2.04462031202682*pow3((v1+(0.0218341207613628/(2.33319065161597-v1)))))),-0.9999583106886315,0.005766891508025429,0.054557212271175326,0.005766891508025429,3.6893488147419103e19,0.06380404088513632,sqrt_abs((2.04*pow3((v1+(0.0218/(2.33-v1))))))
1200.209270954132,0.14379668328387962,14.0,0.0,1702.0,-0.9878787878787879,true,0.1404811630873013,0.0925959308374121,3.0,sqrt_abs((2.04466514523266*pow3((v1+(0.0218114841350868/(2.33319542757457-v1)))))),-0.9999583220651606,0.005765317790283742,0.05453937914358992,0.005765317790283742,3.6893488147419103e19,0.06369200951797516,sqrt_abs((2.04*pow3((v1+(0.0218/(2.33-v1))))))
1799.9504399299622,0.15328238123912383,14.0,0.0,1.0,-0.9757575757575757,true,0.5234628426078762,0.10552752628913543,3.0,(0.336288264247016*sqrt_abs(((17.8178843350877*pow3((0.0470074424993184+v1)))-v1))),-0.9996425244215219,0.04944967451322878,0.07438842821781996,0.04944967451322878,2049.0,0.14941799839842027,(0.336*sqrt_abs(((17.8*pow3((0.047+v1)))-v1)))
1799.6072800159454,0.21912817816968397,14.0,0.0,2.0,-0.9878787878787879,true,0.31996330656701844,0.05176830979459006,3.0,(sqrt_abs((pow3(v1)-(-0.0164208281367026/(-2.21407968348894+v1))))/0.69988821010963),-0.9999030348412802,0.013413211493310423,0.044312026553087476,0.013413211493310423,257.0,0.07099432456368482,(sqrt_abs((pow3(v1)-(-0.0164/(-2.21+v1))))/0.7)
1257.9859988689423,0.14377476964539743,14.0,0.0,1537.0,-0.9878787878787879,true,0.1406581108108087,0.09262425753764332,3.0,(sqrt_abs(pow3((v1+(0.0218107831226711/(2.33319550264484-v1)))))/0.699322116623854),-0.9999583476567011,0.005761777706922653,0.054546178880968375,0.005761777706922653,1.8446744073709552e19,0.06358669075269177,(sqrt_abs(pow3((v1+(0.0218/(2.33-v1)))))/0.699)
1795.3512489795685,0.17965887546141185,14.0,0.0,14.0,-0.9878787878787879,true,0.32722432327814666,0.05978259021028251,3.0,(sqrt_abs(pow3((v1+(0.00202222003733937/(-2.2088112212405+v1)))))/0.700004001978919),-0.999903479933232,0.013351641826804086,0.04706370657895041,0.013351641826804086,1.8446744073709552e19,0.07291489494961564,(sqrt_abs(pow3((v1+(0.00202/(-2.21+v1)))))/0.7)
1781.5685138702393,0.1437619179148384,14.0,0.0,53.0,-0.9878787878787879,true,0.14061564012336714,0.09263691507101939,3.0,(1.42995984043951*sqrt_abs(pow3((v1+(0.021818009938409/(2.33319396010763-v1)))))),-0.9999583499443218,0.005761461259863212,0.054553478462206505,0.005761461259863212,1.8446744073709552e19,0.06359882017959258,(1.43*sqrt_abs(pow3((v1+(0.0218/(2.33-v1))))))
1800.322224855423,0.21713171927301966,14.0,0.0,0.0,-0.9878787878787879,true,0.31977350900853363,0.05252978392989968,3.0,(1.4288037070461*sqrt_abs((pow3(v1)-(-0.0156764795998961/(-2.2143248815919+v1))))),-0.9999030192379329,0.01341536990772459,0.044513689434563644,0.01341536990772459,257.0,0.07123332449507033,(1.43*sqrt_abs((pow3(v1)-(-0.0157/(-2.21+v1)))))
1800.3521540164948,0.21713180389787062,14.0,0.0,0.0,-0.9878787878787879,true,0.31977351723808667,0.05252975164750368,3.0,(1.42880370690855*sqrt_abs((pow3(v1)-(0.0156765112023786/(2.21432487112208-v1))))),-0.9999030192387465,0.013415369795193931,0.0445136807543053,0.013415369795193931,257.0,0.07123331359833589,(1.43*sqrt_abs((pow3(v1)-(0.0157/(2.21-v1)))))
1537.6872520446777,0.1443174389964347,15.0,0.0,741.0,-0.9878787878787879,true,0.14006568161881727,0.09233446970258269,3.0,(1.42990013050171*(v1*sqrt_abs((v1+(0.0657173731170562/(2.32411947053817-v1)))))),-0.9999583800271173,0.005757299900199278,0.0545035487624743,0.005757299900199278,130.0,0.06390360712659451,(1.43*(v1*sqrt_abs((v1+(0.0657/(2.32-v1))))))
757.891350030899,0.1443010520167553,15.0,0.0,2963.0,-0.9878787878787879,true,0.13998702357425952,0.09235024514110489,3.0,((v1*sqrt_abs((v1+(0.0657496625963402/(2.32411265374959-v1)))))/0.699348627513766),-0.999958380673349,0.005757210506847422,0.05451352479803283,0.005757210506847422,130.0,0.06393062434618232,((v1*sqrt_abs((v1+(0.0657/(2.32-v1)))))/0.699)
1800.0795409679413,0.17554466458863685,15.0,0.0,0.0,-0.9878787878787879,true,0.3109008710391601,0.062405960119834444,3.0,(1.42835775328753*sqrt_abs((pow3(v1)-(-0.00153520615007193/pow3((2.29899814885274-v1)))))),-0.9999148930516855,0.011772862669064535,0.046284803227001875,0.011772862669064535,8193.0,0.06455091800739696,(1.43*sqrt_abs((pow3(v1)-(-0.00154/pow3((2.3-v1))))))
728.7468149662018,0.14430203998236968,15.0,0.0,3044.0,-0.9878787878787879,true,0.13997427012214736,0.09234884672559922,3.0,(v1*(1.4298996674051*sqrt_abs((v1+(0.0657505246030919/(2.32411251444718-v1)))))),-0.9999583789835583,0.005757444255949802,0.05451333316824978,0.005757444255949802,131.0,0.06393777801535147,(v1*(1.43*sqrt_abs((v1+(0.0658/(2.32-v1))))))
1239.0951519012451,0.14431738100211297,15.0,0.0,1591.0,-0.9878787878787879,true,0.14006643553507203,0.09233455192556167,3.0,(1.42990026799603*(v1*sqrt_abs((v1+(0.065717321673669/(2.32411947886397-v1)))))),-0.9999583801267342,0.005757286120179086,0.054503559764869,0.005757286120179086,130.0,0.06390318391092932,(1.43*(v1*sqrt_abs((v1+(0.0657/(2.32-v1))))))
1799.7874019145966,0.20032735414887623,15.0,0.0,1.0,-0.9878787878787879,true,0.3271893455546646,0.05293935910979075,3.0,(1.4285891112769*(pow3(sqrt_abs(v1))+(0.0933286925222398/(-10.7176030622914+pow3(v1))))),-0.9999056447800717,0.013052178092675861,0.043057109875789076,0.013052178092675861,23.0,0.06843179830436755,(1.43*(pow3(sqrt_abs(v1))+(0.0933/(-10.7+pow3(v1)))))
1748.3469429016113,0.1442257105333142,15.0,0.0,147.0,-0.9878787878787879,true,0.13961675179663757,0.0924225552534777,3.0,((v1*sqrt_abs((v1+(0.0658995084011052/(2.32408103796478-v1)))))/0.699344963194624),-0.9999583804976067,0.005757234817314455,0.05455959236047993,0.005757234817314455,130.0,0.06405917025046255,((v1*sqrt_abs((v1+(0.0659/(2.32-v1)))))/0.699)
1239.0951519012451,0.14431738100211297,15.0,0.0,1591.0,-0.9878787878787879,true,0.14006643553507203,0.09233455192556167,3.0,(1.42990026799603*(v1*sqrt_abs((v1+(0.065717321673669/(2.32411947886397-v1)))))),-0.9999583801267342,0.005757286120179086,0.054503559764869,0.005757286120179086,130.0,0.06390318391092932,(1.43*(v1*sqrt_abs((v1+(0.0657/(2.32-v1))))))
1074.7568519115448,0.1442578886539449,15.0,0.0,2064.0,-0.9878787878787879,true,0.13964519053315705,0.09238835563670617,3.0,(1.42988984558308*(v1*sqrt_abs((v1+(0.0658563330265228/(2.32409046287629-v1)))))),-0.9999583684028235,0.005758907891306378,0.05454296228805115,0.005758907891306378,130.0,0.06406941379091809,(1.43*(v1*sqrt_abs((v1+(0.0659/(2.32-v1))))))
1312.0774610042572,0.1442491983888769,15.0,0.0,1382.0,-0.9878787878787879,true,0.13975794089115023,0.0924006707524522,3.0,((v1*sqrt_abs((v1+(0.0658486575880488/(2.32409170486781-v1)))))/0.699344508267508),-0.9999583834317984,0.005756828929931665,0.054544626899024395,0.005756828929931665,130.0,0.06400616363133352,((v1*sqrt_abs((v1+(0.0658/(2.32-v1)))))/0.699)
1784.890690088272,0.1679950283537309,16.0,0.0,43.0,-0.9878787878787879,true,0.12252129510942744,0.07491433741972067,3.0,(1.43235955006549*sqrt_abs(pow3((v1+(v1*(0.00960366690401987/(2.33305694247342-v1))))))),-0.9999637649342351,0.005012404527513488,0.04859408925935352,0.005012404527513488,1.7976931348623157e308,0.0576020655987848,(1.43*sqrt_abs(pow3((v1+(v1*(0.0096/(2.33-v1)))))))
1617.8734140396118,0.16801882819958094,16.0,0.0,516.0,-0.9878787878787879,true,0.12274268563965407,0.07488356033545909,3.0,(1.43231873884367*pow3(sqrt_abs((v1+(v1*(0.0096035250751655/(2.33305709313229-v1))))))),-0.9999637278252507,0.005017537821401681,0.04858611146287785,0.005017537821401681,1.7976931348623157e308,0.05771074528113447,(1.43*pow3(sqrt_abs((v1+(v1*(0.0096/(2.33-v1)))))))
1518.7680370807648,0.16796970867124056,16.0,0.0,795.0,-0.9878787878787879,true,0.12226900165576549,0.07494691805267996,3.0,(sqrt_abs(pow3((v1+(0.00960301317800077*(v1/(2.3330571814087-v1))))))/0.698127121253779),-0.9999638029674176,0.005007143389111344,0.048601703961536874,0.005007143389111344,1.7976931348623157e308,0.05747881666601915,(sqrt_abs(pow3((v1+(0.0096*(v1/(2.33-v1))))))/0.698)
1518.7680370807648,0.16796970867124056,16.0,0.0,795.0,-0.9878787878787879,true,0.12226900165576549,0.07494691805267996,3.0,(sqrt_abs(pow3((v1+(0.00960301317800077*(v1/(2.3330571814087-v1))))))/0.698127121253779),-0.9999638029674176,0.005007143389111344,0.048601703961536874,0.005007143389111344,1.7976931348623157e308,0.05747881666601915,(sqrt_abs(pow3((v1+(0.0096*(v1/(2.33-v1))))))/0.698)
1207.1024749279022,0.16801082773409448,16.0,0.0,1682.0,-0.9878787878787879,true,0.12243759689028177,0.0748916795315134,3.0,(1.43234506768391*pow3(sqrt_abs((v1+(0.0095925021866967*(v1/(2.33306251379116-v1))))))),-0.9999637543307973,0.005013871303368838,0.0485754580267105,0.005013871303368838,1.7976931348623157e308,0.05756227786006661,(1.43*pow3(sqrt_abs((v1+(0.00959*(v1/(2.33-v1)))))))
1551.3340990543365,0.16801604936133138,16.0,0.0,703.0,-0.9878787878787879,true,0.12259334329663307,0.07488596169487473,3.0,(1.43233025494861*sqrt_abs(pow3((v1+(0.00959761466562565*(v1/(2.33306000477238-v1))))))),-0.999963739896923,0.005015867944350915,0.048579904331116634,0.005015867944350915,1.7976931348623157e308,0.05763813306388886,(1.43*sqrt_abs(pow3((v1+(0.0096*(v1/(2.33-v1)))))))
1800.0910139083862,0.18866721063690925,16.0,0.0,0.0,-0.9878787878787879,true,0.3232752622218902,0.057665928944139314,3.0,(1.42868441525223*sqrt_abs(pow3((v1+((0.0035781174591361/(-2.21982754165948+v1))/v1))))),-0.9999046004583585,0.01319663934237451,0.045934250422903625,0.01319663934237451,1.7976931348623157e308,0.07186013104042815,(1.43*sqrt_abs(pow3((v1+((0.00358/(-2.22+v1))/v1)))))
1464.3619298934937,0.16801602365299614,16.0,0.0,949.0,-0.9878787878787879,true,0.12259310057899864,0.0748859949052976,3.0,(sqrt_abs(pow3((v1+(0.00959761464721009*(v1/(2.33306000473426-v1))))))/0.69816298694423),-0.9999637399375846,0.00501586231962434,0.04857991522245671,0.00501586231962434,1.7976931348623157e308,0.0576380269301642,(sqrt_abs(pow3((v1+(0.0096*(v1/(2.33-v1))))))/0.698)
276.0772829055786,0.16804361069859555,16.0,0.0,4195.0,-0.9878787878787879,true,0.12087533522482286,0.07483126352605439,3.0,(1.43239091819626*pow3(sqrt_abs((v1+(0.00950270024276735*(v1/(2.33310700623048-v1))))))),-0.9999637764429676,0.005010812522046373,0.048456534549354516,0.005010812522046373,1.7976931348623157e308,0.05680598742372493,(1.43*pow3(sqrt_abs((v1+(0.0095*(v1/(2.33-v1)))))))
1799.4658598899841,0.21275755189872914,16.0,0.0,2.0,-0.9878787878787879,true,0.32460511401993397,0.0518096825072317,3.0,(1.42866839503274*(pow3(sqrt_abs(v1))+((0.01061776268792/v1)/(-2.20841268930606+v1)))),-0.9999046286897066,0.013192734093857286,0.04317534419910048,0.013192734093857286,27.0,0.06914158711769099,(1.43*(pow3(sqrt_abs(v1))+((0.0106/v1)/(-2.21+v1))))
936.0547029972076,0.16797616223151127,16.0,0.0,2461.0,-0.9878787878787879,true,0.12218055421587515,0.07493713921928612,3.0,(1.43240093457573*sqrt_abs(pow3((v1+(0.00959584890835173*(v1/(2.3330607422108-v1))))))),-0.9999638020000381,0.005007277206922267,0.04859084085268791,0.005007277206922267,1.7976931348623157e308,0.05743562672218908,(1.43*sqrt_abs(pow3((v1+(0.0096*(v1/(2.33-v1)))))))
1659.4321749210358,0.05496253156096503,16.0,0.0,400.0,-1.0,true,0.3233548714438532,0.04946184707066752,3.0,(1.42868360405294*sqrt_abs(pow3((v1+((0.00304117098668219/(-2.21026072733452+v1))/(v1-0.477735333990857)))))),-0.9999129669186807,0.012039305066501782,0.025624375923905606,0.012039305066501782,1.7976931348623157e308,0.060299144318019596,(1.43*sqrt_abs(pow3((v1+((0.00304/(-2.21+v1))/(v1-0.478))))))
1153.0448670387268,0.16803856458455357,16.0,0.0,1838.0,-0.9878787878787879,true,0.1209715839456571,0.07483917085972372,3.0,(1.43239174474179*pow3(sqrt_abs((v1+(0.00950960163136293*(v1/(2.3331035783902-v1))))))),-0.9999637807200322,0.005010220874771895,0.04846649567225751,0.005010220874771895,1.7976931348623157e308,0.05685238039473556,(1.43*pow3(sqrt_abs((v1+(0.00951*(v1/(2.33-v1)))))))
1642.3866188526154,0.23480132362021983,16.0,0.0,448.0,-0.9878787878787879,true,0.12364427191305877,0.044027756360602105,3.0,(0.303765043369302*sqrt_abs(((22.1760719404278*pow3((v1+(0.0226679939761229/(2.33300672119133-v1)))))-v1))),-0.9999637857748702,0.005009521637920518,0.04212565031426067,0.005009521637920518,1.4757395258967641e20,0.053253925859349516,(0.304*sqrt_abs(((22.2*pow3((v1+(0.0227/(2.33-v1)))))-v1)))
1162.0495438575745,0.16800778961051818,16.0,0.0,1812.0,-0.9878787878787879,true,0.12255362385073543,0.07489700117817637,3.0,(1.43234238957686*sqrt_abs(pow3((v1+(0.00959944519387306*(v1/(2.33305907213951-v1))))))),-0.9999637505787553,0.005014390324158892,0.04858481844896354,0.005014390324158892,1.7976931348623157e308,0.05761842475855898,(1.43*sqrt_abs(pow3((v1+(0.0096*(v1/(2.33-v1)))))))
1796.3898088932037,0.19502497072818328,16.0,0.0,11.0,-0.9878787878787879,true,0.17431806463254063,0.1306303643096226,3.0,(1.42910671099079*sqrt_abs((pow3(v1)-(-0.143634259825326*(v1/(2.32501592168324-v1)))))),-0.9999312239434925,0.009513806853825574,0.07099574594310384,0.009513806853825574,4097.0,0.07778480174471203,(1.43*sqrt_abs((pow3(v1)-(-0.144*(v1/(2.33-v1))))))
1264.735251903534,0.24557712136380896,17.0,0.0,1517.0,-0.9878787878787879,true,0.1417329840462873,0.02604864636757586,4.0,(1.43230669792098*(sqrt_abs(pow3((v1+(0.0224979806255841/(2.33306395896266-v1)))))-0.0383191365200664)),-0.9999648779225442,0.004858444612677047,0.03774244176247864,0.004858444612677047,1.8446744073709552e19,0.047348348649543084,(1.43*(sqrt_abs(pow3((v1+(0.0225/(2.33-v1)))))-0.0383))
1785.2442829608917,0.41176920083159496,17.0,0.0,42.0,-1.0,true,0.3167656049075376,0.06343158238588982,3.0,(1.42904134137513*sqrt_abs((pow3(v1)-((-0.0251129969562123/(-2.21872262591954+v1))/pow3(v1))))),-0.9998570597338,0.01977295810951895,0.09484032595785763,0.01977295810951895,2.097153e6,0.09780027311915265,(1.43*sqrt_abs((pow3(v1)-((-0.0251/(-2.22+v1))/pow3(v1)))))
1614.4163858890533,0.2462812195578679,17.0,0.0,526.0,-0.9878787878787879,true,0.1417047714259292,0.025630751558959896,4.0,(1.43234421873254*(-0.0385647675899964+pow3(sqrt_abs((v1+(0.0224603303379905/(2.33307202414203-v1))))))),-0.9999648267191904,0.0048655275837431716,0.03777806707818664,0.0048655275837431716,1.8446744073709552e19,0.0473926244656378,(1.43*(-0.0386+pow3(sqrt_abs((v1+(0.0225/(2.33-v1)))))))
1259.250694990158,0.24469580840373098,17.0,0.0,1533.0,-0.9878787878787879,true,0.14133701735368298,0.026543623357278695,4.0,(1.4322735635221*(-0.0379783090616941+sqrt_abs(pow3((v1+(0.0224788944858653/(2.33306785551936-v1))))))),-0.9999649208388952,0.004852507984495018,0.03773257358354055,0.004852507984495018,1.8446744073709552e19,0.04745695259443272,(1.43*(-0.038+sqrt_abs(pow3((v1+(0.0225/(2.33-v1)))))))
1800.0313639640808,0.2662355534500447,17.0,0.0,0.0,-0.9878787878787879,true,0.2531289456927679,0.03798697817331889,4.0,(1.43574233043923*sqrt_abs((pow3((-0.0269443172290723+v1))-(-0.00739495254512466/(-2.21723814891606+v1))))),-0.9999111635761231,0.012288761834677314,0.0426295706202721,0.012288761834677314,4097.0,0.07133768976245944,(1.44*sqrt_abs((pow3((-0.0269+v1))-(-0.00739/(-2.22+v1)))))
1799.7727780342102,0.2547671978388525,17.0,0.0,1.0,-0.9878787878787879,true,0.15212975898920966,0.021862849093857453,4.0,(1.43251638247565*(sqrt_abs(pow3((v1+(0.0237216883014308/(2.33280660421408-v1)))))-0.042404305205388)),-0.9999636922168578,0.005022463538138216,0.038059098086941356,0.005022463538138216,1.8446744073709552e19,0.04745287583404279,(1.43*(sqrt_abs(pow3((v1+(0.0237/(2.33-v1)))))-0.0424))
1798.989275932312,0.1905454407881771,17.0,0.0,3.0,-0.9878787878787879,true,0.13368635277084628,0.07905660101787611,4.0,(sqrt_abs((0.010776075063181-pow3((v1+(0.0224380998383499/(2.33306179436049-v1))))))/0.699338697904626),-0.9999598495527435,0.005554020100745472,0.05149784384061882,0.005554020100745472,3.6893488147419103e19,0.06231447836013091,(sqrt_abs((0.0108-pow3((v1+(0.0224/(2.33-v1))))))/0.699)
1330.3485820293427,0.24550812935161967,17.0,0.0,1329.0,-0.9878787878787879,true,0.14169585264281714,0.026087620557771335,4.0,((-0.038292904622671+sqrt_abs(pow3((v1+(0.0224967802964003/(2.33306419704928-v1))))))/0.698175028895938),-0.999964883146307,0.004857722008421548,0.03774125886986304,0.004857722008421548,1.8446744073709552e19,0.047350061343658115,((-0.0383+sqrt_abs(pow3((v1+(0.0225/(2.33-v1))))))/0.698)
1259.250694990158,0.24469580840373098,17.0,0.0,1533.0,-0.9878787878787879,true,0.14133701735368298,0.026543623357278695,4.0,(1.4322735635221*(-0.0379783090616941+sqrt_abs(pow3((v1+(0.0224788944858653/(2.33306785551936-v1))))))),-0.9999649208388952,0.004852507984495018,0.03773257358354055,0.004852507984495018,1.8446744073709552e19,0.04745695259443272,(1.43*(-0.038+sqrt_abs(pow3((v1+(0.0225/(2.33-v1)))))))
1800.0999100208282,2.6535424815982687,17.0,0.0,0.0,-1.0,true,2.783961689445154,2.0169142632054857,4.0,(sqrt_abs((v1-(99.075686115122*(pow3((v1-2.26892230882385))--5.20076324542964))))/4.64219681083314),-0.9842742257432372,2.1753497729164764,0.9621199366382935,2.1753497729164764,4097.0,1.1800236040869958,(sqrt_abs((v1-(99.1*(pow3((v1-2.27))--5.2))))/4.64)
1096.2133009433746,0.2462775586981513,17.0,0.0,2001.0,-0.9878787878787879,true,0.14170027105274308,0.02563260763733601,4.0,(1.4323441437976*(-0.0385631104763479+pow3(sqrt_abs((v1+(0.0224597851021378/(2.33307213889831-v1))))))),-0.9999648267179126,0.004865527760484971,0.037778276167238924,0.004865527760484971,1.8446744073709552e19,0.04739436510246717,(1.43*(-0.0386+pow3(sqrt_abs((v1+(0.0225/(2.33-v1)))))))
1799.1559898853302,0.24551051447762437,17.0,0.0,3.0,-0.9878787878787879,true,0.1415857855411371,0.02607795008507614,4.0,(1.43230699278484*(-0.0382836220006279+sqrt_abs(pow3((v1+(0.0224776154559634/(2.33306825594418-v1))))))),-0.9999648748172445,0.004858874169459517,0.037751823929823354,0.004858874169459517,1.8446744073709552e19,0.04740800977328235,(1.43*(-0.0383+sqrt_abs(pow3((v1+(0.0225/(2.33-v1)))))))
1519.6140429973602,0.24481136887556618,17.0,0.0,793.0,-0.9878787878787879,true,0.1414348245696191,0.02648240685501508,4.0,((-0.0380275779908469+sqrt_abs(pow3((v1+(0.0224898188744194/(2.33306555588675-v1))))))/0.698188539408312),-0.9999649194973118,0.004852693566017278,0.03772893906213541,0.004852693566017278,1.8446744073709552e19,0.04741391006982178,((-0.038+sqrt_abs(pow3((v1+(0.0225/(2.33-v1))))))/0.698)
1800.2591590881348,0.2683168843948744,17.0,0.0,0.0,-0.9878787878787879,true,0.2536679017602337,0.03911652541632574,4.0,(sqrt_abs((pow3((v1-0.0268115749684199))-(0.00823810673069395/(2.21698161076672-v1))))/0.696522815266497),-0.9999111947700516,0.012284446771763846,0.04298416869446569,0.012284446771763846,4097.0,0.07140187756826297,(sqrt_abs((pow3((v1-0.0268))-(0.00824/(2.22-v1))))/0.697)
1314.4674198627472,0.24542765858264007,17.0,0.0,1375.0,-0.9878787878787879,true,0.1416054853188884,0.026129019620960037,4.0,(1.43230376105909*(-0.0382572019132921+sqrt_abs(pow3((v1+(0.0224861924506742/(2.33306642398885-v1))))))),-0.999964884071098,0.0048575940818929835,0.037745103820482725,0.0048575940818929835,1.8446744073709552e19,0.04738444529694343,(1.43*(-0.0383+sqrt_abs(pow3((v1+(0.0225/(2.33-v1)))))))
1714.194324016571,0.24631551908427077,17.0,0.0,244.0,-0.9878787878787879,true,0.14175328624633554,0.02561373561269454,4.0,(-1.4323446353796*(0.0385807262761839-sqrt_abs(pow3((v1+(0.0224663354648011/(2.33307076092573-v1))))))),-0.9999648268870506,0.00486550436360735,0.037775725695596264,0.00486550436360735,1.8446744073709552e19,0.04737485352658792,(-1.43*(0.0386-sqrt_abs(pow3((v1+(0.0225/(2.33-v1)))))))
1660.1120879650116,0.24631881222878887,17.0,0.0,398.0,-0.9878787878787879,true,0.14175098473922354,0.02561169181972555,4.0,((-0.0385817841379286+sqrt_abs(pow3((v1+(0.0224659292067357/(2.33307084574433-v1))))))/0.698155827152359),-0.9999648267078808,0.0048655291482047796,0.03777591993981252,0.0048655291482047796,1.8446744073709552e19,0.047374750079948166,((-0.0386+sqrt_abs(pow3((v1+(0.0225/(2.33-v1))))))/0.698)
1771.9641330242157,0.41174930130774856,17.0,0.0,80.0,-1.0,true,0.31676587074231577,0.06342430748457953,3.0,(1.42904124880521*sqrt_abs((pow3(v1)-((-0.0251248310104262/(v1-2.21957149586282))/pow3(v1))))),-0.9998570666208195,0.019772005426615617,0.09483728667231309,0.019772005426615617,2.097153e6,0.09779615591122214,(1.43*sqrt_abs((pow3(v1)-((-0.0251/(v1-2.22))/pow3(v1)))))
1800.28098487854,0.27039380805887675,17.0,0.0,0.0,-0.9878787878787879,true,0.2543338973927751,0.03912868685395074,4.0,(1.43565118217104*sqrt_abs((pow3((-0.0266301003307827+v1))-(0.00912188461198133/(2.21671248694977-v1))))),-0.9999112264271829,0.012280067633905687,0.043434445899435965,0.012280067633905687,4097.0,0.07152852212949165,(1.44*sqrt_abs((pow3((-0.0266+v1))-(0.00912/(2.22-v1)))))
760.5412459373474,0.31274477882978147,18.0,0.0,2956.0,-1.0,true,0.34968770279657324,0.2518817326969808,4.0,(0.0635745453690329*((-1.80310294599454+v1)/(0.0117124636958728-(v1*exp((-2.61201131806775*v1)))))),-0.9998548403609271,0.0200799644416884,0.10838780621249491,0.0200799644416884,56.0,0.09942996475788139,(0.0636*((-1.8+v1)/(0.0117-(v1*exp((-2.61*v1))))))
331.7500228881836,0.30870493317614606,18.0,0.0,4073.0,-1.0,true,0.3451706510601432,0.25767232539404783,4.0,(-0.0638219037307437*((1.81464478965433-v1)/(0.011739261437138-(v1*exp((-2.60136752911784*v1)))))),-0.9998505843794241,0.02066869528857148,0.10979168678773435,0.02066869528857148,56.0,0.0995025514248343,(-0.0638*((1.81-v1)/(0.0117-(v1*exp((-2.6*v1))))))
1765.1316549777985,0.31278549822701013,18.0,0.0,99.0,-1.0,true,0.3362242280935349,0.2607446696870258,4.0,(((-1.82055284663663+v1)/(0.0118963730856147-(v1*exp((-2.59062573755087*v1)))))/15.4491903766674),-0.9998485780663442,0.020946229013236638,0.11300315421718254,0.020946229013236638,56.0,0.10137605745436831,(((-1.82+v1)/(0.0119-(v1*exp((-2.59*v1)))))/15.4)
1798.9444918632507,0.12181472181680193,18.0,0.0,3.0,-0.9878787878787879,true,0.5284102465791438,0.09768912940153401,4.0,((v1*sqrt_abs((v1+(0.110289553060444-(-0.00647854183721626/(0.49222111767765-v1))))))/0.703347656394042),-0.9996480212236414,0.048689300680624555,0.05777754086919386,0.048689300680624555,258.0,0.13995096095036758,((v1*sqrt_abs((v1+(0.11-(-0.00648/(0.492-v1))))))/0.703)
760.5412459373474,0.31274477882978147,18.0,0.0,2956.0,-1.0,true,0.34968770279657324,0.2518817326969808,4.0,(0.0635745453690329*((-1.80310294599454+v1)/(0.0117124636958728-(v1*exp((-2.61201131806775*v1)))))),-0.9998548403609271,0.0200799644416884,0.10838780621249491,0.0200799644416884,56.0,0.09942996475788139,(0.0636*((-1.8+v1)/(0.0117-(v1*exp((-2.61*v1))))))
1378.732153892517,0.33330422815976884,18.0,0.0,1191.0,-1.0,true,0.3260583248757867,0.25088093789194205,4.0,(-0.0659185848549192*((1.82118844385905-v1)/(0.0121144998398931-(v1*exp((-2.58202715998573*v1)))))),-0.9998498948305437,0.02076408073516129,0.11655486168346012,0.02076408073516129,56.0,0.10221998210384861,(-0.0659*((1.82-v1)/(0.0121-(v1*exp((-2.58*v1))))))
1229.7910709381104,0.20866538004549057,19.0,0.0,1617.0,-0.9878787878787879,true,0.10988131834774972,0.049576589438650495,4.0,(1.43011188492586*sqrt_abs((pow3(v1)-((0.0292762125724701/(2.22175511238632-v1))/(2.73647355615814-v1))))),-0.9999867349889558,0.0018349518625556227,0.03778428083335772,0.0018349518625556227,131073.0,0.025665736450263286,(1.43*sqrt_abs((pow3(v1)-((0.0293/(2.22-v1))/(2.74-v1)))))
1642.1299040317535,0.20868013070177374,19.0,0.0,448.0,-0.9878787878787879,true,0.1098890859111018,0.04956877213826503,4.0,(sqrt_abs((pow3(v1)-((0.0292887867814613/(2.22175614009252-v1))/(2.73646219594887-v1))))/0.699246089526223),-0.9999867349931272,0.001834951285541502,0.03778157802167942,0.001834951285541502,131073.0,0.025659485441473374,(sqrt_abs((pow3(v1)-((0.0293/(2.22-v1))/(2.74-v1))))/0.699)
1383.5643379688263,0.05496566489538907,19.0,0.0,1177.0,-1.0,true,0.3233526763592778,0.0494644911140831,4.0,(1.42868362977289*sqrt_abs(pow3((v1+((0.00304035726043894/(-2.2102632724422+v1))/(v1-0.477719710165883)))))),-0.9999129667825997,0.012039323890629242,0.025626959709794367,0.012039323890629242,1.7976931348623157e308,0.0603016601323779,(1.43*sqrt_abs(pow3((v1+((0.00304/(-2.21+v1))/(v1-0.478))))))
1747.0567259788513,0.1790373687755573,19.0,0.0,150.0,-0.9878787878787879,true,0.09427947324219116,0.06021911491274811,4.0,((pow3(sqrt_abs(v1))+((0.00495609567447752/(2.72439166015866-v1))/(-2.19655782481951+v1)))/0.69926513701389),-0.9999868611687323,0.00181749738665523,0.04065456393540036,0.00181749738665523,30.0,0.028863071678800017,((pow3(sqrt_abs(v1))+((0.00496/(2.72-v1))/(-2.2+v1)))/0.699)
1698.6233038902283,0.05496532724585898,19.0,0.0,288.0,-1.0,true,0.3233507205631163,0.04946415635079799,4.0,(sqrt_abs(pow3((v1+((0.00304036240960434/(-2.21026329927224+v1))/(v1-0.477719880980357)))))/0.699945235710878),-0.9999129668012326,0.012039321313124542,0.025626829458025878,0.012039321313124542,1.7976931348623157e308,0.06030263021868938,(sqrt_abs(pow3((v1+((0.00304/(-2.21+v1))/(v1-0.478)))))/0.7)
1800.0287640094757,0.17573655997195395,19.0,0.0,0.0,-0.9878787878787879,true,0.3220206206623386,0.06292330418891302,4.0,(1.42852033051325*sqrt_abs(pow3((v1+((0.000844453222362063/(-2.17219805587422+v1))/(-2.12619476969549+v1)))))),-0.9999078493114609,0.012747224786175529,0.04773929176184978,0.012747224786175529,1.7976931348623157e308,0.07107003325156798,(1.43*sqrt_abs(pow3((v1+((0.000844/(-2.17+v1))/(-2.13+v1))))))
1800.0401620864868,0.2318195257495105,19.0,0.0,0.0,-0.9878787878787879,true,0.31256014437323465,0.04761123469234572,4.0,(sqrt_abs(((pow3(v1)-(0.00911212875909782/(2.21651072762362-v1)))-(0.0151731401014199*v1)))/0.699762835752504),-0.9999036679860659,0.01332562843740048,0.04197050293118358,0.01332562843740048,2049.0,0.06981066317014102,(sqrt_abs(((pow3(v1)-(0.00911/(2.22-v1)))-(0.0152*v1)))/0.7)
1785.7103099822998,0.058222265966850976,19.0,0.0,41.0,-1.0,true,0.32375309038769284,0.04921597262736916,4.0,(sqrt_abs(pow3((v1+((0.00316111145896139/(-2.21987147913621+v1))/(v1-0.478301662141626)))))/0.699955669228763),-0.999913369474302,0.011983619459866993,0.026012414528766837,0.011983619459866993,1.7976931348623157e308,0.06005212544376185,(sqrt_abs(pow3((v1+((0.00316/(-2.22+v1))/(v1-0.478)))))/0.7)
1547.868390083313,0.058231331824429786,19.0,0.0,713.0,-1.0,true,0.32375359373014145,0.04921547322539219,4.0,(1.42866189183811*sqrt_abs(pow3((v1+((0.00316130676665535/(-2.21987150360673+v1))/(-0.478302707305734+v1)))))),-0.9999133695018624,0.011983615647431348,0.026013300004839778,0.011983615647431348,1.7976931348623157e308,0.06005231806806792,(1.43*sqrt_abs(pow3((v1+((0.00316/(-2.22+v1))/(-0.478+v1))))))
1469.6925768852234,0.17900803948221605,19.0,0.0,934.0,-0.9878787878787879,true,0.0942640286992687,0.06024524113136015,4.0,(1.43007634995451*(sqrt_abs(pow3(v1))+((0.00491749017303279/(-2.19675284375855+v1))/(2.72468494583652-v1)))),-0.9999868619177344,0.0018173937770175133,0.040642824644018125,0.0018173937770175133,30.0,0.028751606783242574,(1.43*(sqrt_abs(pow3(v1))+((0.00492/(-2.2+v1))/(2.72-v1))))
1799.7530419826508,0.17448088561339575,19.0,0.0,1.0,-0.9878787878787879,true,0.32738181125127674,0.060733492420232876,4.0,(sqrt_abs((-0.00115938410405602-pow3((v1+(-0.00404736789915959/((4.41760029573702-v1)-v1))))))/0.700007364401518),-0.9999034265206705,0.013359030398058658,0.04745907004810239,0.013359030398058658,2.315841784746324e77,0.07327794215297638,(sqrt_abs((-0.00116-pow3((v1+(-0.00405/((4.42-v1)-v1))))))/0.7)
1387.2295849323273,0.17901158716847107,19.0,0.0,1167.0,-0.9878787878787879,true,0.09426589687904391,0.0602431188423646,4.0,(1.43008009968452*(pow3(sqrt_abs(v1))+((0.00492557845290549/(2.72462996144016-v1))/(-2.1967108501734+v1)))),-0.9999868621357727,0.0018173636157386992,0.04064586203716157,0.0018173636157386992,30.0,0.02876150158917214,(1.43*(pow3(sqrt_abs(v1))+((0.00493/(2.72-v1))/(-2.2+v1))))
1776.0394279956818,0.17903736862879727,19.0,0.0,68.0,-0.9878787878787879,true,0.09427947316490864,0.06021911504238366,4.0,(1.43007272503237*(sqrt_abs(pow3(v1))+((-0.00495609547765951/(2.19655782582869-v1))/(2.72439166159315-v1)))),-0.999986861168739,0.0018174973857154858,0.040654563852804394,0.0018174973857154858,30.0,0.028863071000155588,(1.43*(sqrt_abs(pow3(v1))+((-0.00496/(2.2-v1))/(2.72-v1))))
1795.8354539871216,0.05826939148902597,19.0,0.0,12.0,-1.0,true,0.32375570662117514,0.049213376805656205,4.0,(1.42866183548453*sqrt_abs(pow3((v1+((0.00316212661114121/(-2.21987160632721+v1))/(v1-0.478307094591819)))))),-0.9999133696168644,0.0119835997391827,0.02601701700925747,0.0119835997391827,1.7976931348623157e308,0.06005312696300229,(1.43*sqrt_abs(pow3((v1+((0.00316/(-2.22+v1))/(v1-0.478))))))
1800.0904350280762,0.17623941533411622,19.0,0.0,0.0,-0.9878787878787879,true,0.3155432649425167,0.06232412733857095,4.0,(sqrt_abs(pow3((v1+((0.000570418111565363/(-2.21970272604123+v1))/(-11.2121329013942-v1)))))/0.699835374524395),-0.9999008998567189,0.013708544371976591,0.04886743184376461,0.013708544371976591,1.7976931348623157e308,0.0766833725083311,(sqrt_abs(pow3((v1+((0.00057/(-2.22+v1))/(-11.2-v1)))))/0.7)
1387.2295849323273,0.17901158716847107,19.0,0.0,1167.0,-0.9878787878787879,true,0.09426589687904391,0.0602431188423646,4.0,(1.43008009968452*(pow3(sqrt_abs(v1))+((0.00492557845290549/(2.72462996144016-v1))/(-2.1967108501734+v1)))),-0.9999868621357727,0.0018173636157386992,0.04064586203716157,0.0018173636157386992,30.0,0.02876150158917214,(1.43*(pow3(sqrt_abs(v1))+((0.00493/(2.72-v1))/(-2.2+v1))))
1662.9217290878296,0.20858936757220636,19.0,0.0,390.0,-0.9878787878787879,true,0.10984129086080618,0.04961691392934765,4.0,(sqrt_abs((pow3(v1)-((-0.0292114674056532/(-2.22174981719293+v1))/(2.7365333066739-v1))))/0.699245431304821),-0.9999867348881535,0.0018349658065728793,0.03779801362350146,0.0018349658065728793,131073.0,0.025696383116556486,(sqrt_abs((pow3(v1)-((-0.0292/(-2.22+v1))/(2.74-v1))))/0.699)
1547.868390083313,0.058231331824429786,19.0,0.0,713.0,-1.0,true,0.32375359373014145,0.04921547322539219,4.0,(1.42866189183811*sqrt_abs(pow3((v1+((0.00316130676665535/(-2.21987150360673+v1))/(-0.478302707305734+v1)))))),-0.9999133695018624,0.011983615647431348,0.026013300004839778,0.011983615647431348,1.7976931348623157e308,0.06005231806806792,(1.43*sqrt_abs(pow3((v1+((0.00316/(-2.22+v1))/(-0.478+v1))))))
1521.0173890590668,0.058231289995373386,19.0,0.0,789.0,-1.0,true,0.3237535915186829,0.04921547546050687,4.0,(pow3(sqrt_abs((v1+((0.00316130591219812/(-2.21987150349947+v1))/(-0.47830270175411+v1)))))/0.699955675777931),-0.9999133695017403,0.01198361566432822,0.026013296684982944,0.01198361566432822,1.7976931348623157e308,0.060052317607541886,(pow3(sqrt_abs((v1+((0.00316/(-2.22+v1))/(-0.478+v1)))))/0.7)
1389.5760579109192,0.20859157594253927,19.0,0.0,1161.0,-0.9878787878787879,true,0.1098424537688244,0.04961575677219317,4.0,sqrt_abs((2.04522326643947*(pow3(v1)-((-0.0292133638851761/(-2.2217499705747+v1))/(2.73653155049516-v1))))),-0.9999867348933662,0.001834965085499303,0.03779754545856689,0.001834965085499303,262144.0,0.02569501368227305,sqrt_abs((2.05*(pow3(v1)-((-0.0292/(-2.22+v1))/(2.74-v1)))))
1587.1886360645294,0.058231868782898086,19.0,0.0,603.0,-1.0,true,0.3237520285267399,0.049215205381923983,4.0,(sqrt_abs(pow3((v1+((0.00316131242885843/(-2.21987150427651+v1))/(-0.478302759167996+v1)))))/0.699955844271198),-0.999913369517008,0.011983613552329547,0.026013226796127543,0.011983613552329547,1.7976931348623157e308,0.06005297158780536,(sqrt_abs(pow3((v1+((0.00316/(-2.22+v1))/(-0.478+v1)))))/0.7)
1653.0590469837189,0.20861752343256368,19.0,0.0,418.0,-0.9878787878787879,true,0.10985611748443969,0.049601986077190206,4.0,sqrt_abs((2.0452221172881*(pow3(v1)-((-0.0292354602184432/(-2.22175177748549+v1))/(2.73651114754444-v1))))),-0.9999867349414031,0.001834958440538366,0.0377928543454593,0.001834958440538366,262144.0,0.025684578145089853,sqrt_abs((2.05*(pow3(v1)-((-0.0292/(-2.22+v1))/(2.74-v1)))))
1525.6438930034637,0.20857898396933014,19.0,0.0,776.0,-0.9878787878787879,true,0.10983582294862548,0.04962265994349771,4.0,(sqrt_abs((pow3(v1)-((-0.0292029790320254/(-2.22174907279998+v1))/(2.7365498498309-v1))))/0.69924510056184),-0.999986734861071,0.0018349695528857304,0.03779857183998181,0.0018349695528857304,131073.0,0.025690772204060363,(sqrt_abs((pow3(v1)-((-0.0292/(-2.22+v1))/(2.74-v1))))/0.699)
1729.2982749938965,0.20862736854834407,19.0,0.0,201.0,-0.9878787878787879,true,0.1098613018341435,0.049596761201146485,4.0,(1.43011247154728*sqrt_abs((pow3(v1)-((-0.0292438438362582/(-2.22175246308105+v1))/(2.73650340648634-v1))))),-0.9999867349555475,0.001834956483949332,0.03779107417660246,0.001834956483949332,131073.0,0.025680617201436003,(1.43*sqrt_abs((pow3(v1)-((-0.0292/(-2.22+v1))/(2.74-v1)))))
1798.1496880054474,3.964173550053835,19.0,0.0,6.0,-1.0,true,4.981229267330822,0.8636710704433141,4.0,sqrt_abs((3.88497409222328*(pow3((v1/(1.52886739462203-(1.74662469590659/v1))))-(v1/-15.8959581635214)))),-0.9110263211452357,12.307748345619322,0.8894609816290693,12.307748345619322,2.1452492687908155e155,2.810331058581583,sqrt_abs((3.88*(pow3((v1/(1.53-(1.75/v1))))-(v1/-15.9))))
1766.4010400772095,0.05496653174227724,19.0,0.0,96.0,-1.0,true,0.32335203929242606,0.04946510748614635,4.0,(sqrt_abs(pow3((v1+((-0.00304010757906394/(-2.21026404341513+v1))/(0.477718867218984-v1)))))/0.699945019540385),-0.999912966746985,0.012039328817207305,0.02562552715196404,0.012039328817207305,1.7976931348623157e308,0.06030128125701291,(sqrt_abs(pow3((v1+((-0.00304/(-2.21+v1))/(0.478-v1)))))/0.7)
1794.957424879074,0.17710760851547377,19.0,0.0,15.0,-0.9878787878787879,true,0.09326327879044816,0.06149618531124078,4.0,(1.43007714245909*sqrt_abs(pow3((v1+((0.00212359590182166/(-2.19696923506098+v1))/(2.72204291800227-v1)))))),-0.9999866683449399,0.0018441707437835907,0.041072459688612895,0.0018441707437835907,1.7976931348623157e308,0.029376100897270087,(1.43*sqrt_abs(pow3((v1+((0.00212/(-2.2+v1))/(2.72-v1))))))
1118.3055040836334,0.05496265711321803,19.0,0.0,1937.0,-1.0,true,0.3233505920917814,0.04946212304938409,4.0,(sqrt_abs(pow3((v1+((0.00304103492607912/(-2.21026125920935+v1))/(v1-0.477723700377334)))))/0.6999454495171),-0.9999129669157628,0.012039305470138947,0.02562974549641902,0.012039305470138947,1.7976931348623157e308,0.060304147600691936,(sqrt_abs(pow3((v1+((0.00304/(-2.21+v1))/(v1-0.478)))))/0.7)
1213.3652288913727,0.19550793072462513,20.0,0.0,1664.0,-0.9878787878787879,true,0.10295272349816226,0.05312568213285432,4.0,(sqrt_abs((pow3(v1)-((-0.0158123691480521/log((0.455216630479675*v1)))/(2.72909210905342-v1))))/0.699256482525845),-0.9999871223824546,0.0017813636356266952,0.03862489151066194,0.0017813636356266952,4.294967297e9,0.026578972542627626,(sqrt_abs((pow3(v1)-((-0.0158/log((0.455*v1)))/(2.73-v1))))/0.699)
1743.2304918766022,0.19549625382517646,20.0,0.0,161.0,-0.9878787878787879,true,0.10294657454760153,0.053131799675919626,4.0,(1.43009096413147*sqrt_abs((pow3(v1)-((-0.0158036214667453/log((0.455213851341596*v1)))/(2.72911079302098-v1))))),-0.99998712231273,0.0017813732806385122,0.03862517092827667,0.0017813732806385122,4.294967297e9,0.02657095292095412,(1.43*sqrt_abs((pow3(v1)-((-0.0158/log((0.455*v1)))/(2.73-v1)))))
1748.8932058811188,0.059831706095990554,20.0,0.0,145.0,-1.0,true,0.31610171329510006,0.050170937213572055,4.0,(1.42864759958971*sqrt_abs((pow3(v1)-(pow3((-0.180910319090719/(-2.11592579482824+v1)))/(v1-0.478062804602761))))),-0.9999171864566561,0.011455615460719546,0.028143986827570588,0.011455615460719546,9.007199254740992e15,0.06031474161709747,(1.43*sqrt_abs((pow3(v1)-(pow3((-0.181/(-2.12+v1)))/(v1-0.478)))))
1787.0140669345856,0.4277553188210604,20.0,0.0,37.0,-1.0,true,0.28779165816216956,0.07892977579372419,4.0,(1.43210656625668*sqrt_abs((pow3((-0.0120640047984078+v1))-((-0.0233239696034505/(-2.21880271153661+v1))/pow3(v1))))),-0.9998576006841919,0.019698128324169527,0.10129439229094458,0.019698128324169527,3.3554433e7,0.10268528903853466,(1.43*sqrt_abs((pow3((-0.0121+v1))-((-0.0233/(-2.22+v1))/pow3(v1)))))
1797.5298020839691,0.22971268086182975,20.0,0.0,7.0,-0.9878787878787879,true,0.26227183292336864,0.03607744551212698,5.0,(sqrt_abs(pow3((v1+(0.012139199791459/(-0.57474512103717-(0.0136421308308555/(2.19819916997029-v1)))))))/0.697163306924581),-0.9999085361001012,0.012652221164201106,0.03791771312563313,0.012652221164201106,1.157920892373162e77,0.07054582587508232,(sqrt_abs(pow3((v1+(0.0121/(-0.575-(0.0136/(2.2-v1)))))))/0.697)
1576.245176076889,0.0598395578272282,20.0,0.0,633.0,-1.0,true,0.31610175265727314,0.05017065983809207,4.0,(sqrt_abs((pow3(v1)-(pow3((-0.180912235813357/(-2.11592465584629+v1)))/(v1-0.478064375832741))))/0.69996267829861),-0.9999171864718145,0.011455613363857338,0.02814410910476207,0.011455613363857338,9.007199254740992e15,0.060314652906402,(sqrt_abs((pow3(v1)-(pow3((-0.181/(-2.12+v1)))/(v1-0.478))))/0.7)
1800.0201878547668,0.17658619254964747,20.0,0.0,0.0,-0.9878787878787879,true,0.09298870581758573,0.06259463277750149,4.0,(1.43006902814442*sqrt_abs((pow3(v1)-((-0.0042267975771742/(-2.20730262009161+v1))/pow3((2.70591999618514-v1)))))),-0.9999865996187667,0.00185367765026173,0.04124228434846094,0.00185367765026173,1.37438953473e11,0.02823979159831385,(1.43*sqrt_abs((pow3(v1)-((-0.00423/(-2.21+v1))/pow3((2.71-v1))))))
1457.9433920383453,0.18469874861637783,20.0,0.0,967.0,-0.9878787878787879,true,0.09726070510940898,0.05654317155300195,4.0,(1.43006919211751*(pow3(sqrt_abs(v1))+((0.079564298138362/(2.72968713841599-v1))/(-10.5691270478503+pow3(v1))))),-0.9999872949581963,0.0017574911957466272,0.03947965893750203,0.0017574911957466272,38.0,0.02764098760993473,(1.43*(pow3(sqrt_abs(v1))+((0.0796/(2.73-v1))/(-10.6+pow3(v1)))))
1734.8228600025177,0.12181243018570836,20.0,0.0,185.0,-1.0,true,0.17239041120324128,0.060581927815479886,5.0,(1.46046786116411*(sqrt_abs((pow3((-0.183297234399563+v1))-(0.0847350124944399/(2.19382687559906-v1))))--0.233285878153854)),-0.9999348021379183,0.009018834440738255,0.039137797531907964,0.009018834440738255,4098.0,0.06960952536002642,(1.46*(sqrt_abs((pow3((-0.183+v1))-(0.0847/(2.19-v1))))--0.233))
1577.7307889461517,0.1846886151365352,20.0,0.0,629.0,-0.9878787878787879,true,0.09725536890977532,0.05655073797161513,4.0,((pow3(sqrt_abs(v1))+((0.079482289042759/(2.72972102077839-v1))/(-10.5695334033223+pow3(v1))))/0.699266592889645),-0.9999872949478708,0.0017574926240828566,0.039479280386077426,0.0017574926240828566,38.0,0.02762663911892819,((pow3(sqrt_abs(v1))+((0.0795/(2.73-v1))/(-10.6+pow3(v1))))/0.699)
1799.7457180023193,0.22966294796609457,20.0,0.0,1.0,-0.9878787878787879,true,0.32079972372107246,0.03746005861714467,4.0,(sqrt_abs((pow3(v1)-(0.0304689830258791/(pow3((1.83308513758042-v1))-(-0.0214664648863296*v1)))))/0.699980632910526),-0.9999095283035662,0.012514969443121046,0.03808900098902276,0.012514969443121046,65537.0,0.062167028766777876,(sqrt_abs((pow3(v1)-(0.0305/(pow3((1.83-v1))-(-0.0215*v1)))))/0.7)
1764.3950219154358,0.11393790633708055,20.0,0.0,101.0,-1.0,true,0.18574240946395637,0.029975724509048653,5.0,((sqrt_abs((pow3((-0.174018073036+v1))-(-0.0622015151337438/(v1-2.20017746063675))))--0.232094148148564)/0.685745043299714),-0.9999359357437848,0.00886202249468353,0.028728790575265385,0.00886202249468353,4098.0,0.06452759288351634,((sqrt_abs((pow3((-0.174+v1))-(-0.0622/(v1-2.2))))--0.232)/0.686)
1675.137286901474,0.11802277445013727,20.0,0.0,355.0,-1.0,true,0.19012775556187922,0.03185901023655392,5.0,((sqrt_abs((pow3((-0.170657310338608+v1))-(-0.0637479636150243/(-2.19971699551928+v1))))--0.228797194769557)/0.686071458545224),-0.999936657060062,0.008762242657191412,0.029523083114060444,0.008762242657191412,4098.0,0.06476699775256103,((sqrt_abs((pow3((-0.171+v1))-(-0.0637/(-2.2+v1))))--0.229)/0.686)
1781.7783970832825,0.18464621099679202,20.0,0.0,52.0,-0.9878787878787879,true,0.0972330392699598,0.05658225889269737,4.0,(1.43007163776787*(sqrt_abs(pow3(v1))+((0.0791369435771763/(-10.5712456237658+pow3(v1)))/(2.7298631686402-v1)))),-0.9999872946480206,0.0017575341024222782,0.039477518285170224,0.0017575341024222782,36.0,0.027566978745849728,(1.43*(sqrt_abs(pow3(v1))+((0.0791/(-10.6+pow3(v1)))/(2.73-v1))))
1787.534807920456,0.11246452815954627,20.0,0.0,36.0,-1.0,true,0.17515342517560217,0.06776785765067535,5.0,((sqrt_abs((pow3((-0.180750722988381+v1))-(-0.0900020218710656/(-2.22392147211425+v1))))--0.225440848229851)/0.684898903935381),-0.99993980620065,0.008326621354786592,0.04236699586380382,0.008326621354786592,4098.0,0.06933210862632182,((sqrt_abs((pow3((-0.181+v1))-(-0.09/(-2.22+v1))))--0.225)/0.685)
1769.0380818843842,0.11932384812921791,20.0,0.0,88.0,-1.0,true,0.17871884201559318,0.06373929464301359,5.0,(1.46071809572521*(sqrt_abs((pow3((-0.183517106931136+v1))-(-0.0888394831323918/(-2.2238788836657+v1))))--0.227882979195098)),-0.9999390216158012,0.008435153147560317,0.04200128655754322,0.008435153147560317,4098.0,0.06925031369243703,(1.46*(sqrt_abs((pow3((-0.184+v1))-(-0.0888/(-2.22+v1))))--0.228))
1718.688572883606,0.18464621099681858,20.0,0.0,231.0,-0.9878787878787879,true,0.09723303926997379,0.056582258892677664,4.0,(1.43007163776787*(pow3(sqrt_abs(v1))+((0.0791369435773964/(2.72986316864007-v1))/(-10.571245623765+pow3(v1))))),-0.9999872946480206,0.0017575341024222437,0.039477518285157095,0.0017575341024222437,38.0,0.027566978745807207,(1.43*(pow3(sqrt_abs(v1))+((0.0791/(2.73-v1))/(-10.6+pow3(v1)))))
1749.7527718544006,0.11474192985611595,20.0,0.0,143.0,-1.0,true,0.17720536111176877,0.06516774193385402,5.0,(1.4604325237006*(0.22741400961841+sqrt_abs((pow3((-0.182515648530298+v1))-(-0.0885374885272124/(-2.22385837220206+v1)))))),-0.9999395219018559,0.008365948468808481,0.04171634416368676,0.008365948468808481,4098.0,0.06904188421604365,(1.46*(0.227+sqrt_abs((pow3((-0.183+v1))-(-0.0885/(-2.22+v1))))))
1800.1938450336456,0.12301936404056306,20.0,0.0,0.0,-0.9878787878787879,true,0.5077817552169019,0.09219085101902548,4.0,((0.213010310940889+(v1*sqrt_abs((v1+(-0.0781670873852577-(0.426028056306661/(v1+v1)))))))/0.700803686534664),-0.9996532451685631,0.047966671243518076,0.061574015896116864,0.047966671243518076,515.0,0.14096656854137607,((0.213+(v1*sqrt_abs((v1+(-0.0782-(0.426/(v1+v1)))))))/0.701)
1800.2554578781128,0.11954566757895821,20.0,0.0,0.0,-1.0,true,0.1793488842261466,0.06289331518917,5.0,((0.22862098942137+sqrt_abs((pow3((-0.184097375525601+v1))-(-0.0881892467130315/(-2.22384962961461+v1)))))/0.684544063377313),-0.9999389583259711,0.008443908043518394,0.04168876699234369,0.008443908043518394,4098.0,0.06909411951317208,((0.229+sqrt_abs((pow3((-0.184+v1))-(-0.0882/(-2.22+v1)))))/0.685)
1759.7622859477997,0.1962324791269074,21.0,0.0,114.0,-0.9878787878787879,true,0.10333426419088365,0.04871753909368619,4.0,(1.43008550978975*(pow3(sqrt_abs(v1))+((1.92217854942779/(2.73773367684463-v1))/(-110.875168625672+pow2(pow3(v1)))))),-0.9999879520114376,0.0016666008779737482,0.03692818675240852,0.0016666008779737482,86.0,0.02494802337227492,(1.43*(pow3(sqrt_abs(v1))+((1.92/(2.74-v1))/(-111.0+pow2(pow3(v1))))))
1228.110445022583,0.14218036746233512,21.0,0.0,1622.0,-1.0,true,0.19983748698832393,0.03096476915644317,5.0,((0.227091998630445+(v1*sqrt_abs((v1+(-0.492453744712089-(0.0214754254144039/(2.22467908510187-v1)))))))/0.686694897517172),-0.9999472047164468,0.007303183055610439,0.03360687831013633,0.007303183055610439,259.0,0.05800294689075606,((0.227+(v1*sqrt_abs((v1+(-0.492-(0.0215/(2.22-v1)))))))/0.687)
1528.4453430175781,0.19031101981759152,21.0,0.0,767.0,-0.9878787878787879,true,0.10021607680729211,0.05434118905390644,4.0,(sqrt_abs((pow3(v1)-((0.0767774421914049/((4.82179850997441/v1)-v1))/(2.76144767440641-v1))))/0.699259424612554),-0.9999872822293392,0.001759251981314589,0.038887766810230893,0.001759251981314589,8.388609e6,0.027198322576656914,(sqrt_abs((pow3(v1)-((0.0768/((4.82/v1)-v1))/(2.76-v1))))/0.699)
1789.4626939296722,0.14540167571195203,21.0,0.0,30.0,-1.0,true,0.19965211747878886,0.030963037794670818,5.0,(1.45630354719406*(0.227882408601034+(v1*sqrt_abs((v1+(-0.493571997401863-(0.0214392107486983/(2.22467330507337-v1)))))))),-0.9999471744278849,0.007307372878965235,0.03346552309575181,0.007307372878965235,259.0,0.057962190184554396,(1.46*(0.228+(v1*sqrt_abs((v1+(-0.494-(0.0214/(2.22-v1))))))))
1797.9210300445557,0.13486389943073412,21.0,0.0,6.0,-1.0,true,0.208242387667382,0.030607019860183,5.0,(-1.45599597770416*(-0.231145381924398-(v1*sqrt_abs((v1+(-0.491361297660969-(-0.0240628858340906/(-2.18380009796489+v1)))))))),-0.9999440692589574,0.007736911572012802,0.03148296434308849,0.007736911572012802,259.0,0.060073371798625375,(-1.46*(-0.231-(v1*sqrt_abs((v1+(-0.491-(-0.0241/(-2.18+v1))))))))
1617.2239360809326,0.19630779149538125,21.0,0.0,518.0,-0.9878787878787879,true,0.10337392300891085,0.04866426114488624,4.0,((pow3(sqrt_abs(v1))+((1.92853076801308/(2.73765036099548-v1))/(-110.844599877148+pow2(pow3(v1)))))/0.699259577038999),-0.9999879533425483,0.0016664167451556674,0.036919836351774066,0.0016664167451556674,86.0,0.024982820743949335,((pow3(sqrt_abs(v1))+((1.93/(2.74-v1))/(-111.0+pow2(pow3(v1)))))/0.699)
1174.261118888855,0.14310946727467513,21.0,0.0,1776.0,-1.0,true,0.1995465697940233,0.030795431687689348,5.0,(-1.45628481390141*(-0.227864847265791-(v1*sqrt_abs((v1+(-0.493214583449545-(0.0212497057932174/(2.22462743029356-v1)))))))),-0.9999472026844705,0.007303464139344651,0.03330093819336288,0.007303464139344651,259.0,0.05803660007005047,(-1.46*(-0.228-(v1*sqrt_abs((v1+(-0.493-(0.0212/(2.22-v1))))))))
1637.9402210712433,0.1962346507393064,21.0,0.0,460.0,-0.9878787878787879,true,0.10333540774250344,0.04871600293182791,4.0,((pow3(sqrt_abs(v1))+((1.92236177104946/(2.73773127574212-v1))/(-110.874286209365+pow2(pow3(v1)))))/0.699258905493804),-0.9999879520529833,0.0016665951309656692,0.03692794768954312,0.0016665951309656692,86.0,0.02494903549620739,((pow3(sqrt_abs(v1))+((1.92/(2.74-v1))/(-111.0+pow2(pow3(v1)))))/0.699)
1798.989718914032,0.15366028220866768,21.0,0.0,3.0,-0.9878787878787879,true,0.13779816914422138,0.09053917200025197,4.0,(1.42988605600063*sqrt_abs((pow3((v1+(0.0221166302551631/(2.33313067708552-v1))))-(0.00214803773406902/(v1+v1))))),-0.9999584108072829,0.005753042073208314,0.05448664363077806,0.005753042073208314,5.902958103587057e20,0.06437640784721474,(1.43*sqrt_abs((pow3((v1+(0.0221/(2.33-v1))))-(0.00215/(v1+v1)))))
1794.4516398906708,0.19630729925752655,21.0,0.0,16.0,-0.9878787878787879,true,0.10337366380086971,0.0486646093680787,4.0,(1.4300841050968*(pow3(sqrt_abs(v1))+((1.92848926136922/(2.73765090547023-v1))/(-110.844799524634+pow2(pow3(v1)))))),-0.9999879533345802,0.0016664178473749746,0.0369198911585579,0.0016664178473749746,86.0,0.024982594555854824,(1.43*(pow3(sqrt_abs(v1))+((1.93/(2.74-v1))/(-111.0+pow2(pow3(v1))))))
1591.4647030830383,0.14472699830092117,21.0,0.0,591.0,-1.0,true,0.1995172610794187,0.030847738416427246,5.0,(1.45630563218247*(0.22808178173474+(v1*sqrt_abs((v1+(-0.493632937235244-(0.0212966494524458/(2.22463915521831-v1)))))))),-0.9999471820343017,0.007306320681691252,0.03331212296512043,0.007306320681691252,259.0,0.05797018773917424,(1.46*(0.228+(v1*sqrt_abs((v1+(-0.494-(0.0213/(2.22-v1))))))))
1497.8776018619537,0.1446813744770551,21.0,0.0,854.0,-1.0,true,0.19950951607551293,0.030840147115862557,5.0,(-1.45630572139067*(-0.228095177386258-(v1*sqrt_abs((v1+(-0.493636705056326-(0.0212875174440778/(2.22463696907387-v1)))))))),-0.9999471826230055,0.007306239246158844,0.033301728219326705,0.007306239246158844,259.0,0.05797037945175334,(-1.46*(-0.228-(v1*sqrt_abs((v1+(-0.494-(0.0213/(2.22-v1))))))))
1798.4163439273834,0.1201739303603206,21.0,0.0,5.0,-1.0,true,0.20096034492756498,0.029597372382830694,5.0,(1.45617653407955*(0.235734600339206+(v1*sqrt_abs((v1+(-0.494143425664991-(0.0189658979320049/(2.19128495093788-v1)))))))),-0.9999425692927789,0.007944402219699363,0.028404810533869833,0.007944402219699363,259.0,0.06058250710459723,(1.46*(0.236+(v1*sqrt_abs((v1+(-0.494-(0.019/(2.19-v1))))))))
1449.0869739055634,0.19630430121063042,21.0,0.0,992.0,-0.9878787878787879,true,0.10337208505625312,0.04866673027151674,4.0,(1.43008416136474*(pow3(sqrt_abs(v1))+((1.92823645585583/(2.73765422168118-v1))/(-110.846015553045+pow2(pow3(v1)))))),-0.9999879532858421,0.001666424589327177,0.036920224894885056,0.001666424589327177,86.0,0.02498121653470308,(1.43*(pow3(sqrt_abs(v1))+((1.93/(2.74-v1))/(-111.0+pow2(pow3(v1))))))
1531.8792400360107,0.14497655385944946,21.0,0.0,758.0,-1.0,true,0.19968713056445164,0.030901506628556702,5.0,((0.228030453903352+(v1*sqrt_abs((v1+(-0.493596034214136-(-0.0213932057848528/(-2.2246624418612+v1)))))))/0.686673716537637),-0.9999471959078049,0.007304401556963891,0.033350788410814035,0.007304401556963891,259.0,0.0579386098143988,((0.228+(v1*sqrt_abs((v1+(-0.494-(-0.0214/(-2.22+v1)))))))/0.687)
1716.5704190731049,0.13767386828135175,21.0,0.0,237.0,-1.0,true,0.20974331071162844,0.031265726514254924,5.0,((0.230127502294685+(v1*sqrt_abs((v1+(-0.490687148793546-(0.0251335309852996/(2.18222454780831-v1)))))))/0.686835906434683),-0.9999441307303942,0.007728408214798627,0.032227811899037215,0.007728408214798627,259.0,0.060056050873498225,((0.23+(v1*sqrt_abs((v1+(-0.491-(0.0251/(2.18-v1)))))))/0.687)
1028.3145670890808,0.19037729959228764,21.0,0.0,2197.0,-0.9878787878787879,true,0.10025097914241743,0.05430090625567309,4.0,(1.43008272313984*sqrt_abs((pow3(v1)-((-0.0771083269411946/(v1+(-4.82134557959992/v1)))/(2.76143989390192-v1))))),-0.9999872823568807,0.001759234338469887,0.03888581040686377,0.001759234338469887,8.388609e6,0.027248664592335724,(1.43*sqrt_abs((pow3(v1)-((-0.0771/(v1+(-4.82/v1)))/(2.76-v1)))))
1766.9890339374542,0.19671372780353413,21.0,0.0,94.0,-0.9878787878787879,true,0.10358768542937241,0.048377079871049576,4.0,((pow3(sqrt_abs(v1))+((1.96269630159927/(2.73720207666977-v1))/(-110.679835160794+pow2(pow3(v1)))))/0.69926330358361),-0.9999879566579555,0.001665958124158564,0.036874831939250716,0.001665958124158564,86.0,0.02517047271746939,((pow3(sqrt_abs(v1))+((1.96/(2.74-v1))/(-111.0+pow2(pow3(v1)))))/0.699)
1800.236191034317,0.18410088712566341,21.0,0.0,0.0,-0.9878787878787879,true,0.0969458766085109,0.057477783395353615,4.0,(pow3(sqrt_abs((v1+(((0.00563027361085885/(-2.19459925895185+v1))/v1)/(2.76266454755481-v1)))))/0.699264661935284),-0.9999870650637721,0.0017892925414498997,0.03985725440764175,0.0017892925414498997,1.7976931348623157e308,0.028321982877505286,(pow3(sqrt_abs((v1+(((0.00563/(-2.19+v1))/v1)/(2.76-v1)))))/0.699)
1702.7560548782349,0.14562206619873844,21.0,0.0,277.0,-1.0,true,0.19970804255996377,0.031008252453844126,5.0,(1.45630200224628*((v1*sqrt_abs((v1+(-0.49353320898339-(0.0214957163143034/(2.22468680111338-v1))))))--0.227793963649883)),-0.9999471711707486,0.007307823439354687,0.033527232644620056,0.007307823439354687,259.0,0.05795929022151347,(1.46*((v1*sqrt_abs((v1+(-0.494-(0.0215/(2.22-v1))))))--0.228))
1528.4453430175781,0.19031101981759152,21.0,0.0,767.0,-0.9878787878787879,true,0.10021607680729211,0.05434118905390644,4.0,(sqrt_abs((pow3(v1)-((0.0767774421914049/((4.82179850997441/v1)-v1))/(2.76144767440641-v1))))/0.699259424612554),-0.9999872822293392,0.001759251981314589,0.038887766810230893,0.001759251981314589,8.388609e6,0.027198322576656914,(sqrt_abs((pow3(v1)-((0.0768/((4.82/v1)-v1))/(2.76-v1))))/0.699)
1772.61652302742,0.14547787385768157,21.0,0.0,78.0,-1.0,true,0.1996671460464441,0.030976034753288174,5.0,((0.227859881484111+(v1*sqrt_abs((v1+(-0.493565152019278-(0.0214552398560511/(2.22467714421465-v1)))))))/0.686670136595744),-0.9999471733255645,0.007307525363193147,0.03348286359223316,0.007307525363193147,259.0,0.057961340690540264,((0.228+(v1*sqrt_abs((v1+(-0.494-(0.0215/(2.22-v1)))))))/0.687)
1206.5929419994354,0.19031097537464906,21.0,0.0,1684.0,-0.9878787878787879,true,0.10021605340403705,0.0543412214377418,4.0,(1.43008442222634*sqrt_abs((pow3(v1)-((0.0767772576481916/((4.82179867768706/v1)-v1))/(2.76144767880384-v1))))),-0.9999872822298375,0.0017592519123948054,0.038887776645158634,0.0017592519123948054,8.388609e6,0.027198288905002654,(1.43*sqrt_abs((pow3(v1)-((0.0768/((4.82/v1)-v1))/(2.76-v1)))))
1776.1694059371948,0.19031094119190045,21.0,0.0,68.0,-0.9878787878787879,true,0.1002160354037081,0.05434123798259927,4.0,sqrt_abs((2.04514142682251*(pow3(v1)-((0.0767770568245011/((4.82179897047031/v1)-v1))/(2.761447683531-v1))))),-0.9999872822291378,0.0017592520091842714,0.038887774857295845,0.0017592520091842714,1.6777216e7,0.027198282885133936,sqrt_abs((2.05*(pow3(v1)-((0.0768/((4.82/v1)-v1))/(2.76-v1)))))
1291.1730999946594,0.14546845366297817,21.0,0.0,1442.0,-1.0,true,0.19966551359767504,0.03097446134551611,5.0,(1.45630333979091*(0.227862653916416+(v1*sqrt_abs((v1+(-0.4935659413396-(0.0214533416080189/(2.22467668982592-v1)))))))),-0.9999471734944162,0.0073075020059095944,0.033480715416715816,0.0073075020059095944,259.0,0.05796138849264172,(1.46*(0.228+(v1*sqrt_abs((v1+(-0.494-(0.0215/(2.22-v1))))))))
1800.327115058899,0.1818132679690691,21.0,0.0,0.0,-0.9878787878787879,true,0.328112742380001,0.057421574870741926,4.0,(sqrt_abs((pow3(v1)-(0.124457382144117/(((-9.51127216358215/(0.252497730940981-v1))/v1)-v1))))/0.700004032458655),-0.9999048688942265,0.013159506550381584,0.04571375375048402,0.013159506550381584,65537.0,0.07092986085845639,(sqrt_abs((pow3(v1)-(0.124/(((-9.51/(0.252-v1))/v1)-v1))))/0.7)
754.370267868042,0.14178249597994338,22.0,0.0,2973.0,-1.0,true,0.1906253512595848,0.02398853733782061,5.0,(1.45765557099162*(0.227993736519774+(v1*sqrt_abs((v1+(-0.505758892749306-(-0.000298795635995298/pow3((2.29537147054074-v1))))))))),-0.9999551750276154,0.006200648178312872,0.031136326202747165,0.006200648178312872,8195.0,0.049659773337994116,(1.46*(0.228+(v1*sqrt_abs((v1+(-0.506-(-0.000299/pow3((2.3-v1)))))))))
1799.6295340061188,0.09396377279911719,22.0,0.0,1.0,-0.9878787878787879,true,0.21617301481884166,0.06075293175351495,5.0,(1.4328838837431*sqrt_abs(((pow3(v1)-(-0.104603763343023/(-2.19079284422904+v1)))-(-0.4497453981852*(0.691297487204125-v1))))),-0.9999372870264202,0.008675099273867845,0.03454640685763317,0.008675099273867845,4097.0,0.06757597968677456,(1.43*sqrt_abs(((pow3(v1)-(-0.105/(-2.19+v1)))-(-0.45*(0.691-v1)))))
1799.7100830078125,0.07246405226343745,22.0,0.0,1.0,-0.9878787878787879,true,0.22926640331893822,0.04071134813176508,5.0,(sqrt_abs(((pow3(v1)-(0.00410899495971235/(2.21829578080166-v1)))-(-0.294384628874416*(0.552017150231602-v1))))/0.698289584214711),-0.9999196123221723,0.011120044956293072,0.028574004272328722,0.011120044956293072,4097.0,0.06634500787696865,(sqrt_abs(((pow3(v1)-(0.00411/(2.22-v1)))-(-0.294*(0.552-v1))))/0.698)
1760.099581003189,0.1419757211293335,22.0,0.0,113.0,-1.0,true,0.19069424646508182,0.02408985664620078,5.0,(-1.45766371764593*(-0.227909120484941-(v1*sqrt_abs((v1+(-0.50575105063492-(-0.000298825625344867/pow3((2.29537043064122-v1))))))))),-0.9999551529113095,0.0062037075317234475,0.03120052799108818,0.0062037075317234475,8195.0,0.049684283457382517,(-1.46*(-0.228-(v1*sqrt_abs((v1+(-0.506-(-0.000299/pow3((2.3-v1)))))))))
1445.5631198883057,0.11799400791978075,22.0,0.0,1002.0,-1.0,true,0.19478319985277093,0.03637062593620186,5.0,(5.54279528734399*(-1.97050030507538+(v1+(46.1315001051491/(pow3((2.44999616582642+v1))*sqrt_abs((-1.81489310544852+v1))))))),-0.9999622375467394,0.005223688371957781,0.031981249984910046,0.005223688371957781,70.0,0.043522315105049336,(5.54*(-1.97+(v1+(46.1/(pow3((2.45+v1))*sqrt_abs((-1.81+v1)))))))
1799.9929990768433,0.21386349541271682,22.0,0.0,0.0,-0.9878787878787879,true,0.3238480303924227,0.0518553308532867,4.0,(sqrt_abs((pow3(v1)-((-0.0019056565169166/log((0.452482990382207*v1)))/((0.146654127151973+v1)-v1))))/0.699942090760222),-0.9999043334709625,0.013233571766931356,0.04350711249625241,0.013233571766931356,1.125899906842625e15,0.06958304027915196,(sqrt_abs((pow3(v1)-((-0.00191/log((0.452*v1)))/((0.147+v1)-v1))))/0.7)
1800.0661308765411,0.1349455140837429,22.0,0.0,0.0,-0.9878787878787879,true,0.49847132575925635,0.08960172880806688,5.0,(1.42887434033956*(0.206416252869126+(v1*sqrt_abs((v1+(-0.122043340191832-(1.17256042506302/pow3((0.835659532138635+v1))))))))),-0.999661399242614,0.046838716406740546,0.055214001524713965,0.046838716406740546,8195.0,0.13315991383777034,(1.43*(0.206+(v1*sqrt_abs((v1+(-0.122-(1.17/pow3((0.836+v1)))))))))
1684.6385848522186,0.14197328974978143,22.0,0.0,328.0,-1.0,true,0.19069313274158528,0.024088716192377145,5.0,((0.227909953229084+(v1*sqrt_abs((v1+(-0.505751027840071-(-0.000298823760383145/pow3((2.29537051582598-v1))))))))/0.68602929841737),-0.9999551532538737,0.006203660144739067,0.031199737027223153,0.006203660144739067,8195.0,0.049683301220206054,((0.228+(v1*sqrt_abs((v1+(-0.506-(-0.000299/pow3((2.3-v1))))))))/0.686)
1758.793154001236,0.0716695623004993,22.0,0.0,117.0,-0.9878787878787879,true,0.0928191497634705,0.0286215681851233,5.0,((-1.84886499943696+(v1+(5.85586176998072/pow3((sqrt_abs((1.99392973505337-v1))+(0.743181334253635*v1))))))/0.183266484417898),-0.9999895256761412,0.001448915497309617,0.02035441637404803,0.001448915497309617,2053.0,0.026899573620963946,((-1.85+(v1+(5.86/pow3((sqrt_abs((1.99-v1))+(0.743*v1))))))/0.183)
1718.5251059532166,0.08788330107591519,22.0,0.0,231.0,-1.0,true,0.13776019967506947,0.05430692627838726,5.0,(1.42991021784123*sqrt_abs((pow3((v1+(0.0221126879412783/(2.33313141424635-v1))))-(0.00348999125982822/(-0.436810045327274+v1))))),-0.9999677327891132,0.004463530299311349,0.03059148060343838,0.004463530299311349,2.9514790517935283e20,0.050475830533425727,(1.43*sqrt_abs((pow3((v1+(0.0221/(2.33-v1))))-(0.00349/(-0.437+v1)))))
1629.4416139125824,0.07160037461962344,22.0,0.0,484.0,-0.9878787878787879,true,0.09279248824639907,0.028656006486656522,5.0,(5.45653213839846*(-1.84886185536004+(v1+(5.85535411026103/pow3((sqrt_abs((1.99388516089436-v1))+(0.743137234450594*v1))))))),-0.9999895341781903,0.0014477394070058882,0.020366961299969396,0.0014477394070058882,2053.0,0.02690784140195244,(5.46*(-1.85+(v1+(5.86/pow3((sqrt_abs((1.99-v1))+(0.743*v1)))))))
1159.8221979141235,0.07158426181604824,22.0,0.0,1818.0,-0.9878787878787879,true,0.0927809628172751,0.02865678589955772,5.0,((-1.84885914386014+(v1+(5.85525609551163/pow3((sqrt_abs((-1.9938761476562+v1))+(0.743129970815179*v1))))))/0.183266652724042),-0.9999895368661624,0.0014473675792365758,0.020368483335662213,0.0014473675792365758,2053.0,0.026908331509247187,((-1.85+(v1+(5.86/pow3((sqrt_abs((-1.99+v1))+(0.743*v1))))))/0.183)
1796.5422270298004,0.14191843072531043,22.0,0.0,10.0,-1.0,true,0.22923913461736767,0.0560572750357925,5.0,((-2.03997856866484+(v1+(6.88211250778812/(pow2((-1.4309438447103-v1))*sqrt_abs((-1.77395094535033+v1))))))/0.179002249816003),-0.9999446951768285,0.0076503282167861095,0.04133258911385847,0.0076503282167861095,70.0,0.0559822228287857,((-2.04+(v1+(6.88/(pow2((-1.43-v1))*sqrt_abs((-1.77+v1))))))/0.179)
1695.946851015091,0.07166976534765698,22.0,0.0,296.0,-0.9878787878787879,true,0.09281876831609015,0.028621532411091666,5.0,(5.45653497542203*(-1.84886486526913+(v1+(14.2661317498618/pow3((v1+(1.34556636023997*sqrt_abs((-1.99392980465509+v1))))))))),-0.9999895257127985,0.0014489104264905957,0.020354386514954352,0.0014489104264905957,2053.0,0.026899524646010475,(5.46*(-1.85+(v1+(14.3/pow3((v1+(1.35*sqrt_abs((-1.99+v1)))))))))
1382.6871330738068,0.14194113190047628,22.0,0.0,1180.0,-1.0,true,0.19067197433403038,0.024066803974500645,5.0,(1.45766343988361*(0.227929893405055+(v1*sqrt_abs((v1+(-0.505755745692328-(-0.00029878131298006/pow3((2.29537242626328-v1))))))))),-0.9999551597531935,0.006202761092420402,0.031183250709695277,0.006202761092420402,8195.0,0.04966170711718989,(1.46*(0.228+(v1*sqrt_abs((v1+(-0.506-(-0.000299/pow3((2.3-v1)))))))))
1799.4606580734253,0.0754000494084019,22.0,0.0,2.0,-0.9878787878787879,true,0.22232941885461344,0.03616685611076969,5.0,(1.43239474338807*sqrt_abs(((pow3(v1)-(0.0372703458563758/(2.20904886888248-v1)))-(-0.353978792413516*(0.605822575169672-v1))))),-0.9999294838645147,0.009754512357249315,0.028543477893609538,0.009754512357249315,4097.0,0.0660136539423217,(1.43*sqrt_abs(((pow3(v1)-(0.0373/(2.21-v1)))-(-0.354*(0.606-v1)))))
1709.6904900074005,0.071643131055568,22.0,0.0,257.0,-0.9878787878787879,true,0.0928117245742639,0.02863329330243309,5.0,(5.45653459434041*(-1.84886462129085+(v1+(5.85567643557688/pow3((sqrt_abs((-1.99391332893854+v1))+(0.743164750443537*v1))))))),-0.9999895285605558,0.0014485164955994252,0.0203589733892123,0.0014485164955994252,2053.0,0.026902709772116618,(5.46*(-1.85+(v1+(5.86/pow3((sqrt_abs((-1.99+v1))+(0.743*v1)))))))
1674.1295518875122,0.1419560967130861,22.0,0.0,358.0,-1.0,true,0.19068478436545622,0.024080258205378846,5.0,((0.227916341810333+(v1*sqrt_abs((v1+(-0.505751149599069-(-0.000298806288524936/pow3((2.29537132385453-v1))))))))/0.686029371717496),-0.999955155815758,0.006203305758721899,0.031193610744386417,0.006203305758721899,8195.0,0.049674786149584794,((0.228+(v1*sqrt_abs((v1+(-0.506-(-0.000299/pow3((2.3-v1))))))))/0.686)
1736.3368890285492,0.1419733808380493,22.0,0.0,181.0,-1.0,true,0.19069317544119269,0.024088759925870055,5.0,(1.45766369301421*((v1*sqrt_abs((v1+(-0.505751027954905-(-0.000298823839349444/pow3((2.29537051219921-v1)))))))--0.227909920715434)),-0.999955153240741,0.006203661961383633,0.03119976792355773,0.006203661961383633,8195.0,0.04968334130583861,(1.46*((v1*sqrt_abs((v1+(-0.506-(-0.000299/pow3((2.3-v1)))))))--0.228))
1799.8719420433044,0.17223033417434852,22.0,0.0,1.0,-0.9878787878787879,true,0.09069494984949178,0.062065547702077416,5.0,(1.4300637736775*sqrt_abs(((pow3(v1)-(0.0625010807328738/(2.19755567611106-v1)))-(-0.0830943356667591/(2.7241929162926-v1))))),-0.9999869570781381,0.0018042302176701185,0.041016393161496766,0.0018042302176701185,4097.0,0.029191407357865684,(1.43*sqrt_abs(((pow3(v1)-(0.0625/(2.2-v1)))-(-0.0831/(2.72-v1)))))
1661.518219947815,0.0712605226322906,22.0,0.0,394.0,-0.9878787878787879,true,0.09271004428208762,0.028787954132422883,5.0,(5.45652892911539*(-1.84886010530643+(v1+(5.85305055821046/pow3((sqrt_abs((1.99367890075145-v1))+(0.742929722136178*v1))))))),-0.9999895687256241,0.0014429604529788195,0.020422112610556133,0.0014429604529788195,2053.0,0.026945500849770286,(5.46*(-1.85+(v1+(5.85/pow3((sqrt_abs((1.99-v1))+(0.743*v1)))))))
754.370267868042,0.14178249597994338,22.0,0.0,2973.0,-1.0,true,0.1906253512595848,0.02398853733782061,5.0,(1.45765557099162*(0.227993736519774+(v1*sqrt_abs((v1+(-0.505758892749306-(-0.000298795635995298/pow3((2.29537147054074-v1))))))))),-0.9999551750276154,0.006200648178312872,0.031136326202747165,0.006200648178312872,8195.0,0.049659773337994116,(1.46*(0.228+(v1*sqrt_abs((v1+(-0.506-(-0.000299/pow3((2.3-v1)))))))))
1063.2480878829956,0.19788922469150047,22.0,0.0,2097.0,-0.9878787878787879,true,0.10420669155168777,0.05046330068547627,4.0,sqrt_abs((2.04514784208333*(pow3(v1)-(-0.263134406038684*((v1/(2.76160448794434-v1))/(pow3(v1)-10.5760405677108)))))),-0.9999874480504823,0.0017363139065256692,0.03770419696833802,0.0017363139065256692,4.398046511104e12,0.025999955898338884,sqrt_abs((2.05*(pow3(v1)-(-0.263*((v1/(2.76-v1))/(pow3(v1)-10.6))))))
1541.9184749126434,0.19788819999441332,22.0,0.0,730.0,-0.9878787878787879,true,0.10420615195538857,0.050464943174495853,4.0,(1.43008920481024*sqrt_abs((pow3(v1)-(-0.26313857619532*((v1/(2.76160446040361-v1))/(pow3(v1)-10.5760185639626)))))),-0.9999874481415965,0.0017363013026933914,0.03770494405925988,0.0017363013026933914,2.199023255553e12,0.02599470984968058,(1.43*sqrt_abs((pow3(v1)-(-0.263*((v1/(2.76-v1))/(pow3(v1)-10.6))))))
1797.7633819580078,0.05276765456722852,22.0,0.0,7.0,-1.0,true,0.3296888599702896,0.014623411823165428,5.0,(sqrt_abs(((pow3(v1)-(-0.0564713983704122/(-2.20095666015432+v1)))-(0.00144215994764306/(0.432732564620046-v1))))/0.700028776042435),-0.9999167029309035,0.011522501683229248,0.013223357895332388,0.011522501683229248,4097.0,0.049365580377407334,(sqrt_abs(((pow3(v1)-(-0.0565/(-2.2+v1)))-(0.00144/(0.433-v1))))/0.7)
1771.1877789497375,0.19787797690004857,22.0,0.0,82.0,-0.9878787878787879,true,0.104200768565551,0.05046969345895441,4.0,(sqrt_abs((pow3(v1)-(-0.263008063419363*((v1/(2.76160528502735-v1))/(pow3(v1)-10.5762145480293)))))/0.699258297126225),-0.9999874480392211,0.0017363154642889122,0.03770497428766446,0.0017363154642889122,2.199023255553e12,0.02599518640844272,(sqrt_abs((pow3(v1)-(-0.263*((v1/(2.76-v1))/(pow3(v1)-10.6)))))/0.699)
1118.1470000743866,0.14187045684697555,22.0,0.0,1938.0,-1.0,true,0.19065418960421088,0.02402215759242534,5.0,(1.45765746258104*(0.227972971129249+(v1*sqrt_abs((v1+(-0.505765069623454-pow3((-0.066851663753248/(2.29537285759745-v1))))))))),-0.9999551660392122,0.006201891546093249,0.031154000649529234,0.006201891546093249,1.048579e6,0.04965985613659089,(1.46*(0.228+(v1*sqrt_abs((v1+(-0.506-pow3((-0.0669/(2.3-v1)))))))))
1292.1626770496368,0.1417623757940746,22.0,0.0,1439.0,-1.0,true,0.19061315995688766,0.023980306051762032,5.0,((0.22799843273112+(v1*sqrt_abs((v1+(-0.505757568440714-pow3((-0.0668510513312844/(2.29537307753243-v1))))))))/0.686032820248222),-0.9999551786237689,0.006200150721617043,0.03112963630700686,0.006200150721617043,1.048579e6,0.04964340957883531,((0.228+(v1*sqrt_abs((v1+(-0.506-pow3((-0.0669/(2.3-v1))))))))/0.686)
1800.2774238586426,0.17536537079609868,22.0,0.0,0.0,-0.9878787878787879,true,0.09234583202741359,0.06083210174100159,5.0,sqrt_abs((2.0451447980076*((pow3(v1)-(0.0619777504826962/(2.19783936514976-v1)))-(-0.0821161910469354/(2.7612858905793-v1))))),-0.9999869805945191,0.0018009771915876692,0.04071654563047443,0.0018009771915876692,8192.0,0.029043417168703872,sqrt_abs((2.05*((pow3(v1)-(0.062/(2.2-v1)))-(-0.0821/(2.76-v1)))))
1800.3001148700714,0.19066755441069588,22.0,0.0,0.0,-0.9878787878787879,true,0.26118369525875273,0.05575647922213212,5.0,sqrt_abs((2.04073790232672*((pow3(v1)-(-0.0436475467117145/(-2.20511215336182+v1)))-(-0.0477979001129273/(2.6488075824566-v1))))),-0.9999348349103462,0.009014301023650946,0.04469227585617443,0.009014301023650946,8192.0,0.06361199113790403,sqrt_abs((2.04*((pow3(v1)-(-0.0436/(-2.21+v1)))-(-0.0478/(2.65-v1)))))
1066.4399499893188,0.10498929578218934,23.0,0.0,2087.0,-0.9878787878787879,true,0.08567075050976136,0.0445652240267283,5.0,((0.816399637564863+(v1*(v1*sqrt_abs((v1+(-7.84083951535656-(0.22385105875105/(2.31861193141227-v1))))))))/2.74233528720052),-0.9999886367126283,0.0015718860133798087,0.0286814261683526,0.0015718860133798087,517.0,0.02824407877834125,((0.816+(v1*(v1*sqrt_abs((v1+(-7.84-(0.224/(2.32-v1))))))))/2.74)
1798.6479380130768,0.10955586162255865,23.0,0.0,4.0,-0.9878787878787879,true,0.18578076592474435,0.06100769849308595,5.0,(sqrt_abs(((pow3((-0.066106780258845+v1))-(-1.73071857746408/(-10.4602091190883+pow3(v1))))-(-0.11399137509941/v1)))/0.692080821311387),-0.9999330276067673,0.00926430572076988,0.04212894688339251,0.00926430572076988,131073.0,0.07518713266513506,(sqrt_abs(((pow3((-0.0661+v1))-(-1.73/(-10.5+pow3(v1))))-(-0.114/v1)))/0.692)
1711.8839609622955,0.10502353122963151,23.0,0.0,250.0,-0.9878787878787879,true,0.0878501287370046,0.04452665351516445,5.0,(0.364599469120984*(0.81667296005391+(v1*(v1*sqrt_abs((v1+(-7.84048869564593-(0.224667536773457/(2.31854331926377-v1))))))))),-0.9999883708345655,0.0016086649836220507,0.02867762159114497,0.0016086649836220507,517.0,0.028248540128636368,(0.365*(0.817+(v1*(v1*sqrt_abs((v1+(-7.84-(0.225/(2.32-v1)))))))))
1795.1129908561707,0.058301375444243686,23.0,0.0,14.0,-1.0,true,0.11777128216820465,0.016999793446346237,5.0,(1.43029784341669*sqrt_abs(((-0.133666342770185+pow3((v1+(0.0230448955842591/(2.33292517200364-v1)))))-(-0.0159763935951147/pow3(v1))))),-0.9999777571546609,0.003076857633042655,0.016910476397645816,0.003076857633042655,1.1805916207174113e21,0.03749504758750555,(1.43*sqrt_abs(((-0.134+pow3((v1+(0.023/(2.33-v1)))))-(-0.016/pow3(v1)))))
1793.727345943451,0.21428432462925165,23.0,0.0,18.0,-0.9878787878787879,true,0.11284020418905227,0.04661565824442876,4.0,(1.43013747926022*sqrt_abs((pow3(v1)-((-0.0336451877753218*((v1/(2.73377533083417-v1))/v1))/(-2.197785690112+v1))))),-0.9999865942978637,0.001854413691925534,0.037269772207653026,0.001854413691925534,9.007199254740992e15,0.02568413732785063,(1.43*sqrt_abs((pow3(v1)-((-0.0336*((v1/(2.73-v1))/v1))/(-2.2+v1)))))
1672.2134878635406,0.05788666648003049,23.0,0.0,363.0,-1.0,true,0.11682308994833068,0.017158667192128024,5.0,(sqrt_abs(((-0.133051231122257+pow3((v1+(0.0228688275559552/(2.33296268292095-v1)))))-(-0.0159101733987277/pow3(v1))))/0.699150705544244),-0.9999779035295461,0.0030566095633429826,0.01672264985661471,0.0030566095633429826,1.1805916207174113e21,0.036944098219030996,(sqrt_abs(((-0.133+pow3((v1+(0.0229/(2.33-v1)))))-(-0.0159/pow3(v1))))/0.699)
1689.3700559139252,0.05662049855655163,23.0,0.0,315.0,-1.0,true,0.11584393505919266,0.017507337952595153,5.0,(sqrt_abs((0.131392270234285-(pow3((v1+(0.022486606353432/(2.33304401587705-v1))))-(-0.0157337407598771/pow3(v1)))))/0.699142901279208),-0.9999780869448793,0.003031237680402587,0.016275199756786964,0.003031237680402587,1.1805916207174113e21,0.035704847011205985,(sqrt_abs((0.131-(pow3((v1+(0.0225/(2.33-v1))))-(-0.0157/pow3(v1)))))/0.699)
1799.388885974884,0.21003969588710739,23.0,0.0,2.0,-0.9878787878787879,true,0.11060502074855111,0.03743710990805475,5.0,(1.4322277659706*(sqrt_abs(pow3((-0.0092357440134312+v1)))+((0.0909678513109044/(-10.5249771923366+pow3(v1)))/(2.72199637854882-v1)))),-0.99998779043606,0.0016889516351136654,0.03364797037582669,0.0016889516351136654,276.0,0.024567545056633562,(1.43*(sqrt_abs(pow3((-0.00924+v1)))+((0.091/(-10.5+pow3(v1)))/(2.72-v1))))
1613.4255928993225,0.06936009021700852,23.0,0.0,529.0,-0.9878787878787879,true,0.05764407302047503,0.03103226883947935,5.0,((-1.79447029225906+(v1+(2.72568197013037/(pow2(exp((0.494472986916641*v1)))*sqrt_abs((-1.92493388926067+v1))))))/0.18446228026596),-0.9999921051003366,0.001092103187389162,0.02108816905683219,0.001092103187389162,2054.0,0.026436759454285575,((-1.79+(v1+(2.73/(pow2(exp((0.494*v1)))*sqrt_abs((-1.92+v1))))))/0.184)
1688.23774600029,0.058202312798771944,23.0,0.0,318.0,-1.0,true,0.11756446080075289,0.017034492723018976,5.0,(sqrt_abs(((-0.133525919245053+pow3((v1+(0.0230064791473936/(2.3329333492741-v1)))))-(-0.0159616895887736/pow3(v1))))/0.69915420103959),-0.9999777935402199,0.003071824410762566,0.016870318111372882,0.003071824410762566,1.1805916207174113e21,0.03737330730903119,(sqrt_abs(((-0.134+pow3((v1+(0.023/(2.33-v1)))))-(-0.016/pow3(v1))))/0.699)
1799.775624036789,0.14245924755487652,23.0,0.0,1.0,-1.0,true,0.21285380322252756,0.03240587335566099,5.0,(-1.45586296191491*(-0.228617364628999-(v1*sqrt_abs((v1+(-0.489555692233712-(0.0542463802244908/((4.35847683597093-v1)-v1)))))))),-0.999944115492067,0.007730516135919972,0.03334906987157082,0.007730516135919972,1027.0,0.059820171115302356,(-1.46*(-0.229-(v1*sqrt_abs((v1+(-0.49-(0.0542/((4.36-v1)-v1))))))))
1689.3700559139252,0.05662049855655163,23.0,0.0,315.0,-1.0,true,0.11584393505919266,0.017507337952595153,5.0,(sqrt_abs((0.131392270234285-(pow3((v1+(0.022486606353432/(2.33304401587705-v1))))-(-0.0157337407598771/pow3(v1)))))/0.699142901279208),-0.9999780869448793,0.003031237680402587,0.016275199756786964,0.003031237680402587,1.1805916207174113e21,0.035704847011205985,(sqrt_abs((0.131-(pow3((v1+(0.0225/(2.33-v1))))-(-0.0157/pow3(v1)))))/0.699)
1799.095046043396,0.05278573691569624,23.0,0.0,3.0,-1.0,true,0.3298018373027256,0.010587053650841042,5.0,(1.4285108529828*sqrt_abs(((pow3(v1)-(0.0572805861198272/(2.20069622931997-v1)))-(-0.000149442318282653/pow3((-0.326743418230766+v1)))))),-0.9999168811811149,0.011497844292726074,0.011833272789022114,0.011497844292726074,131073.0,0.04850393416249469,(1.43*sqrt_abs(((pow3(v1)-(0.0573/(2.2-v1)))-(-0.000149/pow3((-0.327+v1))))))
829.7453699111938,0.06923220576274615,23.0,0.0,2763.0,-0.9878787878787879,true,0.05753779027492756,0.03096422105508301,5.0,((-1.79498088621026+(v1+(2.72633810253352/(pow2(exp((0.494331236764203*v1)))*sqrt_abs((-1.9249773981146+v1))))))/0.184448996490704),-0.9999920924522393,0.0010938528014327274,0.02104827747405203,0.0010938528014327274,2054.0,0.026387148174123864,((-1.79+(v1+(2.73/(pow2(exp((0.494*v1)))*sqrt_abs((-1.92+v1))))))/0.184)
1172.6372249126434,0.056192502476455276,23.0,0.0,1781.0,-1.0,true,0.11599668810341246,0.017522485968759875,5.0,(sqrt_abs(((pow3((v1+(0.0224760710008212/(2.3330462849737-v1))))-(-0.0156739254235724/pow3(v1)))-0.130945819844881))/0.699143379887428),-0.9999781178124877,0.003026967757427684,0.01614616713071664,0.003026967757427684,1.1805916207174113e21,0.03561742695883442,(sqrt_abs(((pow3((v1+(0.0225/(2.33-v1))))-(-0.0157/pow3(v1)))-0.131))/0.699)
1638.0374460220337,0.056716864330740205,23.0,0.0,460.0,-1.0,true,0.11586342206179712,0.017508741077765195,5.0,(1.43033037089709*sqrt_abs(((pow3((v1+(0.0224864640630332/(2.33304402506619-v1))))-(-0.0157458578198846/pow3(v1)))-0.131489709285963))),-0.999978086369884,0.0030313172196426066,0.016297146857767477,0.0030313172196426066,1.1805916207174113e21,0.035693567641982435,(1.43*sqrt_abs(((pow3((v1+(0.0225/(2.33-v1))))-(-0.0157/pow3(v1)))-0.131)))
1736.7452600002289,0.20983561573001777,23.0,0.0,180.0,-0.9878787878787879,true,0.11049755396750321,0.03712054841576366,5.0,(sqrt_abs((pow3((-0.01330127384226+v1))-((-0.000788190345118637/pow3((2.29646711387385-v1)))/(2.7676472087635-v1))))/0.697760970861706),-0.9999880486712094,0.001653229910731362,0.03346857530133291,0.001653229910731362,6.8719476737e10,0.023963177798116724,(sqrt_abs((pow3((-0.0133+v1))-((-0.000788/pow3((2.3-v1)))/(2.77-v1))))/0.698)
1702.3979790210724,0.20985632508030466,23.0,0.0,278.0,-0.9878787878787879,true,0.11050845932569514,0.0371006638476721,5.0,(1.43315729295082*sqrt_abs((pow3((-0.0133093007916815+v1))-((-0.000788228060272906/pow3((2.29646638215247-v1)))/(2.76764773397078-v1))))),-0.9999880481255543,0.0016533053913113274,0.03346337795339916,0.0016533053913113274,6.8719476737e10,0.023958898244318388,(1.43*sqrt_abs((pow3((-0.0133+v1))-((-0.000788/pow3((2.3-v1)))/(2.77-v1)))))
1740.2325069904327,0.2095826528538302,23.0,0.0,170.0,-0.9878787878787879,true,0.11036434598483513,0.03803337496737409,5.0,(sqrt_abs((pow3((0.0117306858239844-v1))-((0.00721354365180096/pow3((v1-2.05662911628213)))/(2.752080145758-v1))))/0.697934722153963),-0.9999880409646643,0.0016542959587955894,0.03376168845052778,0.0016542959587955894,6.8719476737e10,0.024137053725363667,(sqrt_abs((pow3((0.0117-v1))-((0.00721/pow3((v1-2.06)))/(2.75-v1))))/0.698)
1799.9003069400787,0.05278573696020442,23.0,0.0,1.0,-1.0,true,0.32980183758080983,0.010587054124709111,5.0,(sqrt_abs(((pow3(v1)-(-0.0572805872756572/(-2.20069622893555+v1)))-(-0.000149442344626782/pow3((-0.326743411175141+v1)))))/0.700029683300285),-0.9999168811811061,0.011497844293933612,0.01183327244922137,0.011497844293933612,131073.0,0.04850393387560971,(sqrt_abs(((pow3(v1)-(-0.0573/(-2.2+v1)))-(-0.000149/pow3((-0.327+v1)))))/0.7)
1798.4829549789429,0.18930547782092075,23.0,0.0,5.0,-0.9878787878787879,true,0.09968656740700671,0.054921625627532465,4.0,(sqrt_abs((pow3(v1)-((0.141143208900234/((4.82410781630941/v1)-v1))/((5.45774817314871-v1)-v1))))/0.699261930488788),-0.9999872741313207,0.0017603721819841264,0.03903047582746963,0.0017603721819841264,3.4359738369e10,0.0271066569313755,(sqrt_abs((pow3(v1)-((0.141/((4.82/v1)-v1))/((5.46-v1)-v1))))/0.699)
1800.3237068653107,0.1748138963803639,23.0,0.0,0.0,-0.9757575757575757,true,0.5363217032057559,0.07389551826162422,4.0,(1.43210113114003*sqrt_abs(pow3((v1+((0.00528880247887664/(v1+(-4.408712351567/v1)))/((5.48708018141349-v1)-v1)))))),-0.9997683238641515,0.032047810255926415,0.05448040670850858,0.032047810255926415,1.7976931348623157e308,0.10257151681828684,(1.43*sqrt_abs(pow3((v1+((0.00529/(v1+(-4.41/v1)))/((5.49-v1)-v1))))))
1800.340903043747,0.1851012818416496,23.0,0.0,0.0,-0.9878787878787879,true,0.13428681811413679,0.08052447325128217,5.0,(1.42990712879767*sqrt_abs((pow3((v1+(0.0224254319924483/(2.33306468525913-v1))))-(-128.900601744371/pow3((-23.3408360985972-v1)))))),-0.9999596069586679,0.005587578191978523,0.05205129281058898,0.005587578191978523,9.44473296573929e21,0.06283039114011779,(1.43*sqrt_abs((pow3((v1+(0.0224/(2.33-v1))))-(-129.0/pow3((-23.3-v1))))))
1681.5036389827728,0.10833763216246493,24.0,0.0,337.0,-0.9878787878787879,true,0.057049625798443415,0.048908390116140385,5.0,(1.42995673109813*sqrt_abs(((pow3(v1)-(-0.113973417636372/(-2.18066112776414+v1)))-((-0.0851674853519971/v1)/(2.76256048478731-v1))))),-0.9999937096950323,0.0008701392541622434,0.02863995956274231,0.0008701392541622434,262145.0,0.023046921132449317,(1.43*sqrt_abs(((pow3(v1)-(-0.114/(-2.18+v1)))-((-0.0852/v1)/(2.76-v1)))))
1767.1391520500183,0.10848311402066488,24.0,0.0,93.0,-0.9878787878787879,true,0.057126235240657575,0.04891660136818122,5.0,(sqrt_abs(((pow3(v1)-(0.113837456870713/(2.18070945641274-v1)))-((-0.0850467113380051/v1)/(2.7625615627432-v1))))/0.699321561440942),-0.9999937095196025,0.0008701635214169254,0.028649930620905806,0.0008701635214169254,262145.0,0.02303832313862217,(sqrt_abs(((pow3(v1)-(0.114/(2.18-v1)))-((-0.085/v1)/(2.76-v1))))/0.699)
1517.654335975647,0.10839680405948951,24.0,0.0,798.0,-0.9878787878787879,true,0.05708078518891241,0.04893397987978816,5.0,(sqrt_abs(((pow3(v1)-(-0.113858664450256/(-2.18070548131524+v1)))-((-0.0850822856138432/v1)/(2.76256124909272-v1))))/0.699324175816342),-0.9999937098585089,0.0008701166404250033,0.028650128854463656,0.0008701166404250033,262145.0,0.023050703005027467,(sqrt_abs(((pow3(v1)-(-0.114/(-2.18+v1)))-((-0.0851/v1)/(2.76-v1))))/0.699)
1800.0042889118195,0.19515057684842416,24.0,0.0,0.0,-0.9878787878787879,true,0.102764544150802,0.04945698029475876,5.0,(1.43008369159167*(pow3(sqrt_abs(v1))+((2.38182884575116/(2.73722706764707-v1))/(-145.062564210257+pow2(pow3((0.100218573771964+v1))))))),-0.9999879049548891,0.0016731102205707002,0.03716761249880798,0.0016731102205707002,1046.0,0.025185785040342273,(1.43*(pow3(sqrt_abs(v1))+((2.38/(2.74-v1))/(-145.0+pow2(pow3((0.1+v1)))))))
1707.451989889145,0.05763548357731102,24.0,0.0,263.0,-1.0,true,0.06444366530156853,0.024715859226621395,5.0,(pow3(sqrt_abs((v1+(((0.00478320672729343/(-2.19263959097516+v1))/(-0.470830381518644+v1))/(2.76265103176688-v1)))))/0.699280409124162),-0.9999954821607431,0.0006249536869260858,0.015531536975341084,0.0006249536869260858,1.7976931348623157e308,0.01553416647745216,(pow3(sqrt_abs((v1+(((0.00478/(-2.19+v1))/(-0.471+v1))/(2.76-v1)))))/0.699)
1798.676395893097,0.1151214418610899,24.0,0.0,4.0,-0.9878787878787879,true,0.33263000246814833,0.06127131377570355,5.0,(sqrt_abs(((pow3(v1)-(-0.0647545991114948/(-2.19818036660807+v1)))-((-7.11525057638363/v1)/(307.232448878018-v1))))/0.700078868083783),-0.9999097041739597,0.012490641253328957,0.03858895054741283,0.012490641253328957,262145.0,0.06442859498863918,(sqrt_abs(((pow3(v1)-(-0.0648/(-2.2+v1)))-((-7.12/v1)/(307.0-v1))))/0.7)
1693.0317969322205,0.05763248019610036,24.0,0.0,304.0,-1.0,true,0.06444030714646165,0.024713228285186472,5.0,(1.43003724753953*pow3(sqrt_abs((v1+(((0.00478319071940362/(-2.19264304295803+v1))/(-0.470826189544588+v1))/(2.76265103181875-v1)))))),-0.9999954818226896,0.0006250004499401029,0.015526115538036867,0.0006250004499401029,1.7976931348623157e308,0.015538631458064767,(1.43*pow3(sqrt_abs((v1+(((0.00478/(-2.19+v1))/(-0.471+v1))/(2.76-v1))))))
1605.6454620361328,0.0576612394759408,24.0,0.0,551.0,-1.0,true,0.0644724636113565,0.024687889435667805,5.0,(sqrt_abs(pow3((v1+(((0.00477022797614618/(-2.19271308030858+v1))/(-0.470782059556525+v1))/(2.7626527842732-v1)))))/0.699279532048768),-0.9999954821067526,0.0006249611554469204,0.01551885459287212,0.0006249611554469204,1.7976931348623157e308,0.015493530834141778,(sqrt_abs(pow3((v1+(((0.00477/(-2.19+v1))/(-0.471+v1))/(2.76-v1)))))/0.699)
1799.817645072937,0.1624216050189656,24.0,0.0,1.0,-0.9878787878787879,true,0.08552976101618115,0.06460986243169681,5.0,(1.43004719163901*sqrt_abs(((pow3(v1)--0.00488620409368112)-((v1*(0.0169808717982154/(2.19637245476813-v1)))/(2.76126448158372-v1))))),-0.9999870072390881,0.0017972914425560655,0.04154533256923322,0.0017972914425560655,8.589934593e9,0.02993370018618572,(1.43*sqrt_abs(((pow3(v1)--0.00489)-((v1*(0.017/(2.2-v1)))/(2.76-v1)))))
1799.1567709445953,0.057714641174533274,24.0,0.0,3.0,-1.0,true,0.06453217337653983,0.024620677596624688,5.0,(sqrt_abs(pow3((v1+(((0.00474086243169514/(-2.19288566406408+v1))/(-0.470665654505483+v1))/(2.76265674641633-v1)))))/0.699280870778458),-0.999995480852734,0.0006251346241087569,0.015480684387496649,0.0006251346241087569,1.7976931348623157e308,0.015405911747118839,(sqrt_abs(pow3((v1+(((0.00474/(-2.19+v1))/(-0.471+v1))/(2.76-v1)))))/0.699)
1796.630177974701,0.10905412389889808,24.0,0.0,10.0,-0.9878787878787879,true,0.05742692392316051,0.049136616545229723,5.0,(sqrt_abs(((pow3(v1)-(0.112999514752608/(2.18098963465524-v1)))-((-0.0839102094695674/v1)/(2.7495468177425-v1))))/0.699320639065496),-0.9999936750307425,0.0008749343729080568,0.028764244273837208,0.0008749343729080568,262145.0,0.023104356531521607,(sqrt_abs(((pow3(v1)-(0.113/(2.18-v1)))-((-0.0839/v1)/(2.75-v1))))/0.699)
1725.3420469760895,0.05764653125204211,24.0,0.0,212.0,-1.0,true,0.06445601798100387,0.024697492004713852,5.0,(1.43003790184361*pow3(sqrt_abs((v1+(((0.00477598762128078/(-2.1926841012364+v1))/(-0.470799051125366+v1))/(2.76265200422522-v1)))))),-0.9999954817884952,0.0006250051800717081,0.015518641412399174,0.0006250051800717081,1.7976931348623157e308,0.015516425457210336,(1.43*pow3(sqrt_abs((v1+(((0.00478/(-2.19+v1))/(-0.471+v1))/(2.76-v1))))))
1799.824739933014,0.13152004003487053,24.0,0.0,1.0,-0.9878787878787879,true,0.12419142899609703,0.0822812967832465,5.0,(1.43057141659005*sqrt_abs(((pow3(v1)-(1.62943863740216e-7/(-2.21947927058114+v1)))-((-0.0104913979499722/v1)/(2.76144971667544-v1))))),-0.9999750372504981,0.0034531025674019605,0.04589463047102982,0.0034531025674019605,262145.0,0.04437164364244478,(1.43*sqrt_abs(((pow3(v1)-(1.63e-7/(-2.22+v1)))-((-0.0105/v1)/(2.76-v1)))))
1708.2311220169067,0.05763349657116872,24.0,0.0,261.0,-1.0,true,0.06444144358066262,0.024714118940519322,5.0,(pow3(sqrt_abs((v1+(((0.00478320217110421/(-2.19264233410677+v1))/(-0.47082757020557+v1))/(2.76265103035227-v1)))))/0.699281777868738),-0.9999954819414082,0.0006249840275692063,0.015527660702115647,0.0006249840275692063,1.7976931348623157e308,0.015535781975764528,(pow3(sqrt_abs((v1+(((0.00478/(-2.19+v1))/(-0.471+v1))/(2.76-v1)))))/0.699)
1799.1185388565063,0.24231857402220022,24.0,0.0,3.0,-0.9878787878787879,true,0.12760278857902263,0.04086466191328692,5.0,(1.43031922990119*sqrt_abs(((pow3(v1)-(0.0360709773010958/(2.20688043930062-v1)))-(-0.0312748420412565*(v1/(2.72217655248235-v1)))))),-0.999983193177459,0.002324891417179231,0.038248259851880004,0.002324891417179231,65537.0,0.03046493276364165,(1.43*sqrt_abs(((pow3(v1)-(0.0361/(2.21-v1)))-(-0.0313*(v1/(2.72-v1))))))
1798.0802729129791,0.10905412391651427,24.0,0.0,6.0,-0.9878787878787879,true,0.057426923932437035,0.049136617355632364,5.0,(1.42995922634276*sqrt_abs(((pow3(v1)-(0.11299951279545/(2.18098963539653-v1)))-((-0.0839102082672998/v1)/(2.74954681792463-v1))))),-0.9999936750307327,0.0008749343742731344,0.028764244517275783,0.0008749343742731344,262145.0,0.023104356458137614,(1.43*sqrt_abs(((pow3(v1)-(0.113/(2.18-v1)))-((-0.0839/v1)/(2.75-v1)))))
1798.0529608726501,0.15789253817623672,24.0,0.0,6.0,-0.9878787878787879,true,0.3206163333864529,0.0708060001507189,5.0,(1.42849359959587*sqrt_abs(((pow3(v1)-(0.52552748532802/((4.34336035918088-v1)-v1)))-(-0.260800417525811/(2.11290002228037-v1))))),-0.9999080570997305,0.012718481389645256,0.0496695527881989,0.012718481389645256,16385.0,0.07177032189939618,(1.43*sqrt_abs(((pow3(v1)-(0.526/((4.34-v1)-v1)))-(-0.261/(2.11-v1)))))
1800.247447013855,0.10964789008528719,24.0,0.0,0.0,-0.9878787878787879,true,0.3331853161671594,0.0632503239901354,5.0,(1.42843526414353*sqrt_abs(((pow3(v1)-(-0.065411289787398/(-2.19794919789964+v1)))-((-0.371875917650332/(15.9722899027019-v1))/v1)))),-0.9999094465187987,0.01252628274779657,0.038997621079394626,0.01252628274779657,131073.0,0.06468846708822555,(1.43*sqrt_abs(((pow3(v1)-(-0.0654/(-2.2+v1)))-((-0.372/(16.0-v1))/v1))))
1615.0006680488586,0.0576529401622472,24.0,0.0,525.0,-1.0,true,0.06446318394264017,0.024696286791023543,5.0,(1.43004228956674*sqrt_abs(pow3((v1+(((-0.00477425208184909/(2.19269074602458-v1))/(-0.470796628171912+v1))/(2.76265224050377-v1)))))),-0.9999954821081406,0.0006249609634511862,0.015522187316268626,0.0006249609634511862,1.7976931348623157e308,0.015506333719488863,(1.43*sqrt_abs(pow3((v1+(((-0.00477/(2.19-v1))/(-0.471+v1))/(2.76-v1))))))
1715.581314086914,0.05765297347632068,24.0,0.0,240.0,-1.0,true,0.06446322119193293,0.024696265111199038,5.0,sqrt_abs((2.04502105996784*pow3((v1+(((-0.00477424954745748/(2.19269037736355-v1))/(-0.470796492639362+v1))/(2.76265224138206-v1)))))),-0.9999954821099191,0.0006249607174283635,0.015522233140958467,0.0006249607174283635,1.7976931348623157e308,0.015507141729818607,sqrt_abs((2.05*pow3((v1+(((-0.00477/(2.19-v1))/(-0.471+v1))/(2.76-v1))))))
1799.9638440608978,0.1090541222181084,24.0,0.0,1.0,-0.9878787878787879,true,0.05742692303807173,0.04913661166547116,5.0,(1.4299592263013*sqrt_abs(((pow3(v1)-(-0.112999527813438/(-2.1809896298781+v1)))-((-0.0839102178771843/v1)/(2.74954681649344-v1))))),-0.9999936750308034,0.000874934364488935,0.028764242703777372,0.000874934364488935,262145.0,0.023104356944341375,(1.43*sqrt_abs(((pow3(v1)-(-0.113/(-2.18+v1)))-((-0.0839/v1)/(2.75-v1)))))
1794.6279079914093,0.10905030408867253,24.0,0.0,16.0,-0.9878787878787879,true,0.05742491244534215,0.049127091909887816,5.0,sqrt_abs((2.04478317213821*((pow3(v1)-(0.113025434940405/(2.18098014525419-v1)))-((-0.0839270161368596/v1)/(2.74954430287577-v1))))),-0.9999936751497441,0.0008749179113935494,0.02876114912906739,0.0008749179113935494,524288.0,0.023105177867802234,sqrt_abs((2.04*((pow3(v1)-(0.113/(2.18-v1)))-((-0.0839/v1)/(2.75-v1)))))
1799.1784188747406,0.1090541226787013,24.0,0.0,3.0,-0.9878787878787879,true,0.05742692328061583,0.04913661251885666,5.0,(1.42995922630824*sqrt_abs(((pow3(v1)-(0.112999525394494/(2.18098963074838-v1)))-((-0.0839102162832654/v1)/(2.74954681672838-v1))))),-0.9999936750307926,0.0008749343659830971,0.028764242989101123,0.0008749343659830971,262145.0,0.023104356873750054,(1.43*sqrt_abs(((pow3(v1)-(0.113/(2.18-v1)))-((-0.0839/v1)/(2.75-v1)))))
1799.9351198673248,0.2948456570293692,24.0,0.0,1.0,-0.9878787878787879,true,0.24991074107888078,0.04379033921995551,5.0,(sqrt_abs((pow3((-0.0370321125345835+v1))-((0.156390114601681/((4.85954896945954/v1)-v1))/(3.75220974956934-v1))))/0.695455399727632),-0.9999181129092986,0.011327459065210174,0.05210056117359659,0.011327459065210174,1.34217729e8,0.07305990683166974,(sqrt_abs((pow3((-0.037+v1))-((0.156/((4.86/v1)-v1))/(3.75-v1))))/0.695)
1357.8572368621826,0.0576585984724561,24.0,0.0,1251.0,-1.0,true,0.06446951063978301,0.02468598717851825,5.0,(sqrt_abs(pow3((v1+(((-0.00477032834306643/(2.19271574890604-v1))/(-0.470778991661986+v1))/(2.76265276836281-v1)))))/0.699281213375102),-0.9999954818429245,0.0006249976508371894,0.015514222857384446,0.0006249976508371894,1.7976931348623157e308,0.015496027318093342,(sqrt_abs(pow3((v1+(((-0.00477/(2.19-v1))/(-0.471+v1))/(2.76-v1)))))/0.699)
1685.336739063263,0.055089970198450376,25.0,0.0,326.0,-1.0,true,0.12175739697224142,0.016533959115602924,6.0,(sqrt_abs(((-0.179541167515123+pow3((v1+(0.0231002333851129/(2.33291165476306-v1)))))-(-0.0416527407719185/(-0.260074127723172+v1))))/0.699116182604131),-0.9999784032937366,0.0029874770741882377,0.015381014885207673,0.0029874770741882377,5.902958103587057e20,0.03592656615992963,(sqrt_abs(((-0.18+pow3((v1+(0.0231/(2.33-v1)))))-(-0.0417/(-0.26+v1))))/0.699)
1799.2924048900604,0.058046549635762335,25.0,0.0,2.0,-0.9878787878787879,true,0.2763132354308828,0.04544392967215885,6.0,(1.39711298735475*sqrt_abs(((pow3((0.151421901752352+v1))-0.943541778850177)-((-0.034020907416325/(0.0376896255182446*v1))/(2.75586885488338-v1))))),-0.999870702108012,0.017885805517892907,0.026910148398249796,0.017885805517892907,4.194305e6,0.08420314478907975,(1.4*sqrt_abs(((pow3((0.151+v1))-0.944)-((-0.034/(0.0377*v1))/(2.76-v1)))))
1676.8331010341644,0.06008168424524675,25.0,0.0,350.0,-1.0,true,0.06717882300859923,0.03201261789358377,5.0,(sqrt_abs((pow3(v1)-((pow3((-0.215302474084648/(-2.0672352184411+v1)))/(v1-0.47455118844376))/(2.75690013629666-v1))))/0.699265529834434),-0.9999950947071419,0.000678550227849711,0.018307428880796586,0.000678550227849711,5.70899077082384e45,0.015657522556625326,(sqrt_abs((pow3(v1)-((pow3((-0.215/(-2.07+v1)))/(v1-0.475))/(2.76-v1))))/0.699)
785.0832619667053,0.04492329491029468,25.0,0.0,2888.0,-0.9878787878787879,true,0.02335986203647833,0.021983196763507008,5.0,(1.43007477625345*sqrt_abs(((pow3(v1)-(-0.107680218455158/(-2.18374347754881+v1)))-((-0.020515390217252/pow3(v1))/(2.76288184000648-v1))))),-0.9999984979897723,0.00020777340146187003,0.012894540653683752,0.00020777340146187003,1.6777217e7,0.011480422286400583,(1.43*sqrt_abs(((pow3(v1)-(-0.108/(-2.18+v1)))-((-0.0205/pow3(v1))/(2.76-v1)))))
1197.9344730377197,0.04502117539521575,25.0,0.0,1708.0,-0.9878787878787879,true,0.023410759341059073,0.021783121483905855,5.0,(sqrt_abs(((pow3(v1)-(-0.107158618151773/(-2.1839211496107+v1)))-((-0.0204184683706512/pow3(v1))/(2.76288381494511-v1))))/0.699263241253567),-0.9999984981517277,0.00020775099811685404,0.012981433622658672,0.00020775099811685404,1.6777217e7,0.011492119570171311,(sqrt_abs(((pow3(v1)-(-0.107/(-2.18+v1)))-((-0.0204/pow3(v1))/(2.76-v1))))/0.699)
1799.3024809360504,0.34076188514935746,25.0,0.0,2.0,-0.9878787878787879,true,0.32398837359504373,0.21156215272326703,5.0,(1.42876235766182*sqrt_abs(((pow3(v1)-(-0.0293891323185717/(-2.20843818626401+v1)))-((-0.0461687189275595/pow3(v1))/(-2.20843277434066+v1))))),-0.9998539789888274,0.02019911823156422,0.10426440538704837,0.02019911823156422,1.6777217e7,0.10386188761744772,(1.43*sqrt_abs(((pow3(v1)-(-0.0294/(-2.21+v1)))-((-0.0462/pow3(v1))/(-2.21+v1)))))
1778.385001897812,0.06007537495858303,25.0,0.0,61.0,-1.0,true,0.06717176843851824,0.03204624262448279,5.0,(1.43006673299778*sqrt_abs((pow3(v1)-((pow3((-0.215327956181865/(-2.06722127055843+v1)))/(v1-0.474556789714817))/(2.75689689672898-v1))))),-0.9999950951675689,0.0006784865368702409,0.018312491078963447,0.0006784865368702409,5.70899077082384e45,0.01567780445904223,(1.43*sqrt_abs((pow3(v1)-((pow3((-0.215/(-2.07+v1)))/(v1-0.475))/(2.76-v1)))))
1742.0612709522247,0.0446695312978891,25.0,0.0,164.0,-0.9878787878787879,true,0.023227906377671248,0.022119854482179544,5.0,(1.4300746880235*sqrt_abs(((pow3(v1)-(-0.107972753805865/(-2.18364108229211+v1)))-((-0.0205516957057734/(2.76288122216961-v1))/pow3(v1))))),-0.9999984960248532,0.00020804520913191073,0.012853762479815947,0.00020804520913191073,3.3554433e7,0.01147883574527847,(1.43*sqrt_abs(((pow3(v1)-(-0.108/(-2.18+v1)))-((-0.0206/(2.76-v1))/pow3(v1)))))
1481.0283670425415,0.04491160293401959,25.0,0.0,902.0,-0.9878787878787879,true,0.023353782274224355,0.021944307064762268,5.0,(sqrt_abs(((pow3(v1)-(0.107568398302916/(2.18378114816284-v1)))-((-0.0204916432690686/pow3(v1))/(2.76288234156914-v1))))/0.699263880410845),-0.9999984978546986,0.0002077920862248289,0.012914457066292812,0.0002077920862248289,1.6777217e7,0.01148368363149661,(sqrt_abs(((pow3(v1)-(0.108/(2.18-v1)))-((-0.0205/pow3(v1))/(2.76-v1))))/0.699)
1799.7611620426178,0.1815647734216989,25.0,0.0,1.0,-0.9878787878787879,true,0.24881078068799845,0.047439257348780614,6.0,((-0.898533983731561+((-0.081656543989929*v1)+(0.912032254121213+sqrt_abs(pow3((v1+(0.0243308479882406/(2.3326978965801-v1))))))))/0.680539091850003),-0.9999444325699403,0.0076866546847445885,0.039181441092376326,0.0076866546847445885,1.8446744073709552e19,0.05057510434120617,((-0.899+((-0.0817*v1)+(0.912+sqrt_abs(pow3((v1+(0.0243/(2.33-v1))))))))/0.681)
1606.2965998649597,0.045047693890348246,25.0,0.0,549.0,-0.9878787878787879,true,0.023424548810174084,0.021663150750980242,5.0,(1.43007787079787*sqrt_abs(((pow3(v1)-(0.106834721165042/(2.18403098552468-v1)))-((-0.0203551838416576/pow3(v1))/(2.76288512341947-v1))))),-0.9999984975634532,0.00020783237427225276,0.013036723213933194,0.00020783237427225276,1.6777217e7,0.011500040050278704,(1.43*sqrt_abs(((pow3(v1)-(0.107/(2.18-v1)))-((-0.0204/pow3(v1))/(2.76-v1)))))
1799.0374829769135,0.052798835348628066,25.0,0.0,3.0,-1.0,true,0.32988367545634656,0.009476526515157017,5.0,(1.42850738091621*sqrt_abs(((pow3(v1)-(-0.057626439607852/(-2.20058270878943+v1)))-(-0.000967677649210362/(pow3(v1)-(0.176108841864894*v1)))))),-0.9999168331024328,0.011504495027265993,0.012258340062064287,0.011504495027265993,65537.0,0.04872674268061886,(1.43*sqrt_abs(((pow3(v1)-(-0.0576/(-2.2+v1)))-(-0.000968/(pow3(v1)-(0.176*v1))))))
1799.3630590438843,0.1696024500193775,25.0,0.0,2.0,-0.9878787878787879,true,0.20760394078032718,0.046557531145310874,6.0,(1.43518792750012*(sqrt_abs((pow3((v1+(0.0244370894744421/(2.33266551197928-v1))))-(-0.065473436563541/(1.72852743684474-v1))))-0.0846757251934315)),-0.9999586866563325,0.005714883814191098,0.03634844470861002,0.005714883814191098,2.9514790517935283e20,0.0468905379393071,(1.44*(sqrt_abs((pow3((v1+(0.0244/(2.33-v1))))-(-0.0655/(1.73-v1))))-0.0847))
1655.6258828639984,0.04223424320735773,25.0,0.0,410.0,-0.9878787878787879,true,0.023887005260215033,0.02416806717485374,5.0,(1.4300643107316*sqrt_abs(((pow3(v1)-(-0.112804466181261/(-2.18196991881175+v1)))-((-0.021312264824663/pow3(v1))/(2.76286659345028-v1))))),-0.9999984388477067,0.00021595453625589846,0.012140167413694615,0.00021595453625589846,1.6777217e7,0.011578618244623185,(1.43*sqrt_abs(((pow3(v1)-(-0.113/(-2.18+v1)))-((-0.0213/pow3(v1))/(2.76-v1)))))
1799.7852969169617,0.18410088712400596,25.0,0.0,1.0,-0.9878787878787879,true,0.09694587660763809,0.0574777833964903,4.0,(sqrt_abs(pow3((v1+(((0.00563027360979709/(-2.19459925895665+v1))/(v1+(v1-v1)))/(2.76266454755493-v1)))))/0.699264661935248),-0.9999870650637721,0.00178929254144599,0.03985725440743386,0.00178929254144599,1.7976931348623157e308,0.02832198287448797,(sqrt_abs(pow3((v1+(((0.00563/(-2.19+v1))/(v1+(v1-v1)))/(2.76-v1)))))/0.699)
1800.1320049762726,0.3018386719988879,25.0,0.0,0.0,-0.9878787878787879,true,0.3476356842095596,0.1583622411477026,6.0,(1.42728685290689*(sqrt_abs(((pow3(v1)-(0.0129326455054612/(2.21501316362034-v1)))-(-0.0618831459598006/(0.203088245263871-v1))))--0.0275768875547978)),-0.9998523810004125,0.020420168316521173,0.09488972825907858,0.020420168316521173,4098.0,0.10454956696540671,(1.43*(sqrt_abs(((pow3(v1)-(0.0129/(2.22-v1)))-(-0.0619/(0.203-v1))))--0.0276))
1300.148108959198,0.045116195427147884,25.0,0.0,1416.0,-0.9878787878787879,true,0.023460169226087957,0.0216163238933135,5.0,(1.43007805726554*sqrt_abs(((pow3(v1)-(0.106728078681246/(2.18406791230599-v1)))-((-0.020339777484617/pow3(v1))/(2.76288541119379-v1))))),-0.9999984977530517,0.00020780614705387686,0.013052560712407896,0.00020780614705387686,1.6777217e7,0.011501261157174392,(1.43*sqrt_abs(((pow3(v1)-(0.107/(2.18-v1)))-((-0.0203/pow3(v1))/(2.76-v1)))))
1798.7874279022217,0.0902828493234999,25.0,0.0,4.0,-0.9878787878787879,true,0.17778582426071665,0.030976045145009734,6.0,(1.44937417150289*sqrt_abs(((pow3((-0.0862503101413483+v1))-(0.122148018725908/(2.1870315425065-v1)))-(-3.35743226704414/(24.4034874954782-v1))))),-0.9999401705714211,0.008276217866783335,0.030970396225471847,0.008276217866783335,65537.0,0.06540986457159315,(1.45*sqrt_abs(((pow3((-0.0863+v1))-(0.122/(2.19-v1)))-(-3.36/(24.4-v1)))))
1284.8124239444733,0.0451793605092482,25.0,0.0,1460.0,-0.9878787878787879,true,0.023493014715412208,0.021573674673102384,5.0,(sqrt_abs(((pow3(v1)-(0.106631200662457/(2.18410146613631-v1)))-((-0.0203258679487798/pow3(v1))/(2.76288567049629-v1))))/0.699262448333042),-0.999998497900422,0.00020778576129654747,0.013066909374512672,0.00020778576129654747,1.6777217e7,0.011502347869465301,(sqrt_abs(((pow3(v1)-(0.107/(2.18-v1)))-((-0.0203/pow3(v1))/(2.76-v1))))/0.699)
1799.5039720535278,0.08142582393457319,25.0,0.0,2.0,-0.9878787878787879,true,0.08419017317817534,0.03676064959297093,6.0,(5.45046968011312*(-1.84007335326865+(v1+(13.3324779809406/pow3(((1.3582009866976*sqrt_abs((1.99343253205354-v1)))+(-0.058069790687569+v1))))))),-0.9999894665597272,0.0014570930837034097,0.021957569335555243,0.0014570930837034097,4101.0,0.02763186687931366,(5.45*(-1.84+(v1+(13.3/pow3(((1.36*sqrt_abs((1.99-v1)))+(-0.0581+v1)))))))
1576.0604128837585,0.044913909639699844,25.0,0.0,634.0,-0.9878787878787879,true,0.02335498174827355,0.021940153360768808,5.0,(1.43007533210419*sqrt_abs(((pow3(v1)-(-0.107557665598869/(-2.18378480769155+v1)))-((-0.0204896753443029/pow3(v1))/(2.76288238151736-v1))))),-0.9999984978647929,0.00020779068987200996,0.012916233885181611,0.00020779068987200996,1.6777217e7,0.011483917354872553,(1.43*sqrt_abs(((pow3(v1)-(-0.108/(-2.18+v1)))-((-0.0205/pow3(v1))/(2.76-v1)))))
1266.0611848831177,0.04504689913678289,25.0,0.0,1514.0,-0.9878787878787879,true,0.023424135542766233,0.02171276365900774,5.0,(1.43007729177473*sqrt_abs(((pow3(v1)-(0.106972147518629/(2.18398452257227-v1)))-((-0.0203829833268943/pow3(v1))/(2.76288454320125-v1))))),-0.9999984979334101,0.0002077811980469802,0.013012852620493353,0.0002077811980469802,1.6777217e7,0.011496450788311708,(1.43*sqrt_abs(((pow3(v1)-(0.107/(2.18-v1)))-((-0.0204/pow3(v1))/(2.76-v1)))))
785.0832619667053,0.04492329491029468,25.0,0.0,2888.0,-0.9878787878787879,true,0.02335986203647833,0.021983196763507008,5.0,(1.43007477625345*sqrt_abs(((pow3(v1)-(-0.107680218455158/(-2.18374347754881+v1)))-((-0.020515390217252/pow3(v1))/(2.76288184000648-v1))))),-0.9999984979897723,0.00020777340146187003,0.012894540653683752,0.00020777340146187003,1.6777217e7,0.011480422286400583,(1.43*sqrt_abs(((pow3(v1)-(-0.108/(-2.18+v1)))-((-0.0205/pow3(v1))/(2.76-v1)))))
1798.8682489395142,0.16784258834918847,25.0,0.0,4.0,-0.9878787878787879,true,0.2579609753012235,0.02389148247378066,6.0,(1.45566366009223*sqrt_abs(((pow3((-0.111257347023041+v1))-(0.258538170079161/(-1.56261352876621+v1)))-(0.308050464271686/(2.14850783928102-v1))))),-0.9999278485674167,0.009980723360451572,0.030583389207650045,0.009980723360451572,65537.0,0.06430883515963229,(1.46*sqrt_abs(((pow3((-0.111+v1))-(0.259/(-1.56+v1)))-(0.308/(2.15-v1)))))
1797.0658130645752,0.21168316935108394,25.0,0.0,9.0,-0.9878787878787879,true,0.11147045914016124,0.039962763689168526,5.0,sqrt_abs((2.0483354197528*(pow3((-0.00470660011534896+v1))-(-0.276479060102287*((v1/(2.76151321175766-v1))/(pow3(v1)-10.5638399452158)))))),-0.9999876699909663,0.001705612831112429,0.03470296807511769,0.001705612831112429,7.0368744177664e13,0.0245614871567642,sqrt_abs((2.05*(pow3((-0.00471+v1))-(-0.276*((v1/(2.76-v1))/(pow3(v1)-10.6))))))
1363.8561010360718,0.04492609023959864,25.0,0.0,1234.0,-0.9878787878787879,true,0.023361315592078324,0.021973538256722495,5.0,sqrt_abs((2.04511414693638*((pow3(v1)-(0.107654389389221/(2.18375225112329-v1)))-((-0.0205104039011876/pow3(v1))/(2.7628819427069-v1))))),-0.9999984980027378,0.000207771607937725,0.012898925109364833,0.000207771607937725,3.3554432e7,0.011481053061315393,sqrt_abs((2.05*((pow3(v1)-(0.108/(2.18-v1)))-((-0.0205/pow3(v1))/(2.76-v1)))))
1791.9169070720673,0.14617437169312328,26.0,0.0,23.0,-1.0,true,0.17913423407440732,0.026228843369000325,6.0,((0.226793438964778+(v1*sqrt_abs((v1+(-0.50643612257902-(0.00276651099116181/((4.38618681082813-(4.81788458941861/v1))-v1)))))))/0.686027724725035),-0.9999504313186056,0.006856846477291276,0.033103614231540394,0.006856846477291276,2051.0,0.05536342888822067,((0.227+(v1*sqrt_abs((v1+(-0.506-(0.00277/((4.39-(4.82/v1))-v1)))))))/0.686)
1798.6890058517456,0.1885546424565394,26.0,0.0,4.0,-0.9878787878787879,true,0.09929118423571903,0.06491356901138233,5.0,(1.4304291992627*sqrt_abs(((pow3(v1)-(-0.0100526533883655/(-2.21570713383875+v1)))-(-0.0300775767117371*((v1*v1)/(2.65058731517903-v1)))))),-0.9999817075970099,0.002530392083775022,0.04358480712297816,0.002530392083775022,3.3554433e7,0.03671764804000641,(1.43*sqrt_abs(((pow3(v1)-(-0.0101/(-2.22+v1)))-(-0.0301*((v1*v1)/(2.65-v1))))))
1798.3388249874115,0.3070281435919513,26.0,0.0,5.0,-0.9878787878787879,true,0.31020422293141703,0.04678467555277123,5.0,(1.4302346624091*sqrt_abs(((pow3(v1)-(-0.0498062439038937/(-2.20265138118284+v1)))-((v1*(-0.00320760661107577/v1))/(2.74375791452736-v1))))),-0.9999074511607314,0.012802301063173063,0.04736540814399982,0.012802301063173063,1.073741825e9,0.06281438155017247,(1.43*sqrt_abs(((pow3(v1)-(-0.0498/(-2.2+v1)))-((v1*(-0.00321/v1))/(2.74-v1)))))
1799.73184299469,0.1898020271881095,26.0,0.0,1.0,-0.9878787878787879,true,0.09994804585196748,0.06440274266515855,5.0,(1.43042995035086*sqrt_abs(((pow3(v1)-(-0.0105027240849705/(-2.21554199371308+v1)))-(0.0298885985850788*((v1*v1)/(-2.65138486897848+v1)))))),-0.9999817703637236,0.002521709550629158,0.043448650284590606,0.002521709550629158,3.3554433e7,0.036564396945643486,(1.43*sqrt_abs(((pow3(v1)-(-0.0105/(-2.22+v1)))-(0.0299*((v1*v1)/(-2.65+v1))))))
1800.122356891632,0.3366401098784372,26.0,0.0,0.0,-0.9757575757575757,true,0.2845348638916789,0.16804108431250886,5.0,(sqrt_abs((v1-(1.82638066914391*((pow3(v1)-(-2.13721271502476/(v1+(-3.77933282097696+v1))))-(-0.363809636942912/v1)))))/0.946741964723308),-0.9997908378615827,0.028933444095001898,0.11936439665288204,0.028933444095001898,65537.0,0.1602323521576433,(sqrt_abs((v1-(1.83*((pow3(v1)-(-2.14/(v1+(-3.78+v1))))-(-0.364/v1)))))/0.947)
1793.1273958683014,0.10905412241265974,26.0,0.0,20.0,-0.9878787878787879,true,0.057426923140520725,0.049136612310494696,5.0,(sqrt_abs(((pow3(v1)-(0.112999526109414/(2.18098963050419-v1)))-((-0.167820433572673/(v1+v1))/(2.74954681665592-v1))))/0.699320639080933),-0.9999936750307954,0.0008749343655984176,0.028764242909472736,0.0008749343655984176,1.6777217e7,0.023104356889199658,(sqrt_abs(((pow3(v1)-(0.113/(2.18-v1)))-((-0.168/(v1+v1))/(2.75-v1))))/0.699)
1798.432303905487,0.17700299748994824,26.0,0.0,5.0,-0.9878787878787879,true,0.09320819156229393,0.06162381016460176,5.0,(pow3(sqrt_abs((v1+(((0.00479419543100503/(-2.19928349075373+v1))/(v1+(2.32783225969047-v1)))/(2.76265188784334-v1)))))/0.699234496522634),-0.9999865105853579,0.0018659936610596363,0.04134741152018535,0.0018659936610596363,1.7976931348623157e308,0.030535963978256715,(pow3(sqrt_abs((v1+(((0.00479/(-2.2+v1))/(v1+(2.33-v1)))/(2.76-v1)))))/0.699)
1800.231339931488,0.05278777030035516,26.0,0.0,0.0,-1.0,true,0.3298145417572931,0.01143304602356171,5.0,(1.42850880995935*sqrt_abs(((pow3(v1)-(0.0572456704419727/(2.20070596060817-v1)))-((-0.00158875239630916/(v1+(-0.183262517680497/v1)))/v1)))),-0.9999167728159923,0.011512834463699563,0.01274961316463521,0.011512834463699563,2.097153e6,0.04903729582553621,(1.43*sqrt_abs(((pow3(v1)-(0.0572/(2.2-v1)))-((-0.00159/(v1+(-0.183/v1)))/v1))))
1794.630028963089,0.05826670883887538,26.0,0.0,16.0,-1.0,true,0.06514945394011762,0.02393579272991117,5.0,(sqrt_abs(pow3((v1+(((-0.00871174851768314/(2.19332792485285-v1))/(-0.469450841686621+v1))/((5.45329629795015-v1)-v1)))))/0.699283300508733),-0.9999953963952243,0.0006368176497947607,0.015271671162355246,0.0006368176497947607,1.7976931348623157e308,0.015221674862589973,(sqrt_abs(pow3((v1+(((-0.00871/(2.19-v1))/(-0.469+v1))/((5.45-v1)-v1)))))/0.699)
1795.3575420379639,0.1722603681246789,26.0,0.0,14.0,-0.9878787878787879,true,0.09071076545846712,0.06204777949633717,5.0,sqrt_abs((2.04507913111154*((pow3(v1)-(-0.0626622467135819/(-2.19749486668263+v1)))-((v1*(-0.0832887542358428/v1))/(2.72410508117244-v1))))),-0.9999869572619411,0.0018042047921745525,0.04101771199072111,0.0018042047921745525,2.147483648e9,0.029225649265642216,sqrt_abs((2.05*((pow3(v1)-(-0.0627/(-2.2+v1)))-((v1*(-0.0833/v1))/(2.72-v1)))))
1799.2039890289307,0.0926253805354562,26.0,0.0,3.0,-0.9878787878787879,true,0.19148430402948602,0.055744821187647564,6.0,(1.45021025014085*sqrt_abs(((pow3((-0.0887760315791568+v1))-(0.164747524418371/(2.17663837630433-v1)))-(26.225073297336/pow3((-4.84750270359602-v1)))))),-0.9999386444967551,0.008487320107228098,0.031191013711794096,0.008487320107228098,2.097153e6,0.06636166090746426,(1.45*sqrt_abs(((pow3((-0.0888+v1))-(0.165/(2.18-v1)))-(26.2/pow3((-4.85-v1))))))
1800.2987880706787,0.5319050919607454,26.0,0.0,0.0,-0.9030303030303031,true,0.44205790195799,0.4131822680382403,5.0,sqrt_abs((2.03998819850806*((pow3(v1)-(0.11649296844093/(2.18204648340193-v1)))-((-0.0708090117545679/v1)/((-0.463053911805674+v1)-v1))))),-0.999615007104073,0.053256151020298514,0.19971920708079496,0.053256151020298514,3.3554432e7,0.17394742084647818,sqrt_abs((2.04*((pow3(v1)-(0.116/(2.18-v1)))-((-0.0708/v1)/((-0.463+v1)-v1)))))
1330.2711839675903,0.027244450913201095,27.0,0.0,1329.0,-1.0,true,0.022642431878760694,0.0071963297368606285,6.0,(sqrt_abs(((pow3(v1)-(-0.0996947165133528/(-2.18625690490605+v1)))-((0.0132527751650771/(0.394911010535074-v1))/(2.76076440705251-v1))))/0.699249783543595),-0.9999990772747237,0.00012764078814259556,0.005994040005028602,0.00012764078814259556,2.097153e6,0.007397925793917149,(sqrt_abs(((pow3(v1)-(-0.0997/(-2.19+v1)))-((0.0133/(0.395-v1))/(2.76-v1))))/0.699)
1454.0112018585205,0.027356858836986464,27.0,0.0,978.0,-1.0,true,0.022735852324819672,0.006820583770890579,6.0,(1.43009745385124*sqrt_abs(((pow3(v1)-(-0.101037322013124/(-2.1857969756051+v1)))-((0.0139267596767791/(0.39241196592421-v1))/(2.76063902777282-v1))))),-0.9999990737158001,0.00012813309481440974,0.005701345990101487,0.00012813309481440974,2.097153e6,0.007393408625039987,(1.43*sqrt_abs(((pow3(v1)-(-0.101/(-2.19+v1)))-((0.0139/(0.392-v1))/(2.76-v1)))))
1799.6443519592285,0.22822588114422732,27.0,0.0,1.0,-0.9878787878787879,true,0.1201817028571649,0.04112034908884495,6.0,(1.43037979481681*sqrt_abs(((pow3(v1)-(-0.0134068763611142/(-2.21395451899122+v1)))-((-0.0151335108640658/(2.76268734174717-v1))/(-2.17178695970155+v1))))),-0.9999830480453624,0.0023449675716628047,0.03749165607848952,0.0023449675716628047,2.097153e6,0.031080667407284924,(1.43*sqrt_abs(((pow3(v1)-(-0.0134/(-2.21+v1)))-((-0.0151/(2.76-v1))/(-2.17+v1)))))
1143.5427029132843,0.027192730466409826,27.0,0.0,1864.0,-1.0,true,0.02259944783415868,0.006851379164718433,6.0,(sqrt_abs(((pow3(v1)-(-0.100248064007278/(-2.18606768343836+v1)))-((-0.0135823857453497/(-0.393629092415137+v1))/(2.76070301457216-v1))))/0.699251061225512),-0.9999990791544606,0.00012738076372189737,0.005796583109364251,0.00012738076372189737,2.097153e6,0.007349453838637854,(sqrt_abs(((pow3(v1)-(-0.1/(-2.19+v1)))-((-0.0136/(-0.394+v1))/(2.76-v1))))/0.699)
1796.1126399040222,0.06597034276377117,27.0,0.0,11.0,-0.9878787878787879,true,0.0738565680083818,0.030696444174188688,6.0,(sqrt_abs(((pow3((-0.0340760576272684+v1))-(-0.15003618252084/(-2.17312750900158+v1)))-((-0.139148708762467/v1)/(2.73377470847257-v1))))/0.695443077186983),-0.9999937743122546,0.0008612007397607648,0.01899525589121191,0.0008612007397607648,4.194305e6,0.01919255819369798,(sqrt_abs(((pow3((-0.0341+v1))-(-0.15/(-2.17+v1)))-((-0.139/v1)/(2.73-v1))))/0.695)
1799.709193944931,0.06699930721269451,27.0,0.0,1.0,-0.9878787878787879,true,0.058190069749429085,0.03023350515983514,6.0,(1.43302988017662*(-0.0583479320057413+sqrt_abs(((pow3(v1)-(-0.138366651265357/(-2.17700142573461+v1)))-((-0.157572085197213/v1)/(2.73191246669337-v1)))))),-0.9999952237089029,0.0006607053861906737,0.0190959351726535,0.0006607053861906737,262146.0,0.017733326131322485,(1.43*(-0.0583+sqrt_abs(((pow3(v1)-(-0.138/(-2.18+v1)))-((-0.158/v1)/(2.73-v1))))))
1800.0783109664917,0.17024226628177794,27.0,0.0,0.0,-0.9878787878787879,true,0.0896480511212367,0.06084964133342591,6.0,(1.43005849853356*sqrt_abs(((pow3(v1)-(-0.0682251297458134/(-2.19571645102415+v1)))-((-0.861079260464818/(8.79141656262842+v1))/(2.76147486780371-v1))))),-0.9999874213010995,0.0017400141544646301,0.04039735251982114,0.0017400141544646301,2.097153e6,0.0285604190424744,(1.43*sqrt_abs(((pow3(v1)-(-0.0682/(-2.2+v1)))-((-0.861/(8.79+v1))/(2.76-v1)))))
1798.3840699195862,0.02771581798572107,27.0,0.0,5.0,-1.0,true,0.023034177591068405,0.0073330032074681775,6.0,(1.4300993638389*sqrt_abs(((pow3(v1)-(-0.100950730637847/(v1-2.18582317352568)))-((0.0136858852640793/(0.393467643797872-v1))/(2.760684592022-v1))))),-0.9999990637742033,0.00012950831806499008,0.005975970259718555,0.00012950831806499008,2.097153e6,0.0075373947091111225,(1.43*sqrt_abs(((pow3(v1)-(-0.101/(v1-2.19)))-((0.0137/(0.393-v1))/(2.76-v1)))))
1770.328686952591,0.02749212097078632,27.0,0.0,84.0,-1.0,true,0.022848266543043283,0.007209652502351838,6.0,(sqrt_abs(((pow3(v1)-(0.100391168356769/(2.1860168599031-v1)))-((-0.0134997462796136/(-0.394078450251039+v1))/(2.76071882066834-v1))))/0.699251115925438),-0.9999990706346634,0.00012855930912778252,0.005974616027030202,0.00012855930912778252,2.097153e6,0.0074692894292577635,(sqrt_abs(((pow3(v1)-(0.1/(2.19-v1)))-((-0.0135/(-0.394+v1))/(2.76-v1))))/0.699)
1579.883705854416,0.027168344501605032,27.0,0.0,623.0,-1.0,true,0.02257918104483525,0.006765165623535428,6.0,(1.43010000085644*sqrt_abs(((pow3(v1)-(0.100410726828719/(2.18601308983006-v1)))-((-0.0136839196812498/(-0.393251069091206+v1))/(2.76068386463479-v1))))),-0.9999990797997902,0.00012729149514135717,0.005742903480479749,0.00012729149514135717,2.097153e6,0.007340669594459237,(1.43*sqrt_abs(((pow3(v1)-(0.1/(2.19-v1)))-((-0.0137/(-0.393+v1))/(2.76-v1)))))
1143.5427029132843,0.027192730466409826,27.0,0.0,1864.0,-1.0,true,0.02259944783415868,0.006851379164718433,6.0,(sqrt_abs(((pow3(v1)-(-0.100248064007278/(-2.18606768343836+v1)))-((-0.0135823857453497/(-0.393629092415137+v1))/(2.76070301457216-v1))))/0.699251061225512),-0.9999990791544606,0.00012738076372189737,0.005796583109364251,0.00012738076372189737,2.097153e6,0.007349453838637854,(sqrt_abs(((pow3(v1)-(-0.1/(-2.19+v1)))-((-0.0136/(-0.394+v1))/(2.76-v1))))/0.699)
1798.3796429634094,0.042850955234596304,27.0,0.0,5.0,-0.9878787878787879,true,0.025137270543062362,0.023086437222577152,5.0,(1.43005184553309*sqrt_abs(((pow3(v1)-(-0.115260395004223/(-2.18114020454407+v1)))-((-0.0437354972114073/pow3(v1))/((5.52570944028156-v1)-v1))))),-0.9999983970769964,0.00022173268768059133,0.01169469901676894,0.00022173268768059133,1.7179869185e10,0.011527132380938776,(1.43*sqrt_abs(((pow3(v1)-(-0.115/(-2.18+v1)))-((-0.0437/pow3(v1))/((5.53-v1)-v1)))))
1797.0069909095764,0.027715733976796948,27.0,0.0,9.0,-1.0,true,0.023034107772581414,0.007332983668372182,6.0,(sqrt_abs(((pow3(v1)-(0.100950438403124/(2.18582327448692-v1)))-((0.013685770730369/(0.393468031166785-v1))/(2.76068461325265-v1))))/0.699252111019498),-0.9999990637769786,0.00012950793415451986,0.005975987692187888,0.00012950793415451986,2.097153e6,0.007537370933713994,(sqrt_abs(((pow3(v1)-(0.101/(2.19-v1)))-((0.0137/(0.393-v1))/(2.76-v1))))/0.699)
1794.2175929546356,0.0659739251930233,27.0,0.0,17.0,-0.9878787878787879,true,0.07385535755865558,0.030692600278432125,6.0,(sqrt_abs(((pow3((-0.0340754110115155+v1))-(0.150029825857547/(2.17312950626813-v1)))-((-0.139144802210467/v1)/(2.73377585066793-v1))))/0.695443146670017),-0.9999937745849347,0.000861163019871137,0.018995135841429228,0.000861163019871137,4.194305e6,0.019191870190829786,(sqrt_abs(((pow3((-0.0341+v1))-(0.15/(2.17-v1)))-((-0.139/v1)/(2.73-v1))))/0.695)
1509.31298995018,0.026905234829388863,27.0,0.0,822.0,-1.0,true,0.02236051476123946,0.006655415702131014,6.0,(1.43009837859177*sqrt_abs(((pow3(v1)-(0.0996346854345814/(2.18628220229044-v1)))-((-0.0134026977399475/(-0.394199748131431+v1))/(2.76073546848555-v1))))),-0.9999990875609505,0.00012621789216073952,0.005767749913441112,0.00012621789216073952,2.097153e6,0.007271269584778262,(1.43*sqrt_abs(((pow3(v1)-(0.0996/(2.19-v1)))-((-0.0134/(-0.394+v1))/(2.76-v1)))))
1797.7025790214539,0.2167975954515575,27.0,0.0,7.0,-0.9878787878787879,true,0.11416367007141232,0.07288008154645728,6.0,(1.43045591375088*sqrt_abs(((pow3(v1)-(0.0387303780568673/(2.20667836546609-v1)))-((-0.0104763707286977/(0.798471283517626-v1))/(2.76587163445218-v1))))),-0.9999797118000873,0.0028064711061253182,0.04527277770242895,0.0028064711061253182,2.097153e6,0.0370903863973912,(1.43*sqrt_abs(((pow3(v1)-(0.0387/(2.21-v1)))-((-0.0105/(0.798-v1))/(2.77-v1)))))
1796.637631893158,0.06592303134986191,27.0,0.0,10.0,-0.9878787878787879,true,0.07413946385484671,0.03074403855766269,6.0,(1.43785195443186*sqrt_abs(((pow3((-0.0337274092666117+v1))-(0.150896906384325/(2.1728777889112-v1)))-((-0.141267278298602/v1)/(2.76202855558415-v1))))),-0.9999937465278591,0.0008650441612324573,0.01897723362504753,0.0008650441612324573,4.194305e6,0.019209909186371645,(1.44*sqrt_abs(((pow3((-0.0337+v1))-(0.151/(2.17-v1)))-((-0.141/v1)/(2.76-v1)))))
1662.9222600460052,0.026893792202490416,27.0,0.0,390.0,-1.0,true,0.022351004975159072,0.006648004847869314,6.0,sqrt_abs((2.04519515162872*((pow3(v1)-(0.0996189191958321/(2.1862855290797-v1)))-((-0.0133988400566218/(-0.394205449296471+v1))/(2.76073648220986-v1))))),-0.9999990871872307,0.00012626958888546262,0.005763338410358977,0.00012626958888546262,4.194304e6,0.007257093326646235,sqrt_abs((2.05*((pow3(v1)-(0.0996/(2.19-v1)))-((-0.0134/(-0.394+v1))/(2.76-v1)))))
1799.1530270576477,0.0659704228637769,27.0,0.0,3.0,-0.9878787878787879,true,0.07385656853003741,0.030696383603726195,6.0,(sqrt_abs(((pow3((v1-0.0340760548401349))-(0.150036077784993/(2.1731275435012-v1)))-((-0.13914865677502/v1)/(2.73377471782204-v1))))/0.695443077421326),-0.9999937743145056,0.0008612004283783468,0.01899525291937724,0.0008612004283783468,4.194305e6,0.019192542873996715,(sqrt_abs(((pow3((v1-0.0341))-(0.15/(2.17-v1)))-((-0.139/v1)/(2.73-v1))))/0.695)
1288.3081469535828,0.02618216709746092,27.0,0.0,1450.0,-1.0,true,0.02175958461527805,0.005897039718541406,6.0,(sqrt_abs(((pow3(v1)-(0.0989572819698899/(2.18651749581154-v1)))-((-0.0134191639789486/(-0.393826782120148+v1))/(2.760731274009-v1))))/0.699249935591283),-0.999999104398185,0.0001238887938423005,0.0054562166426167,0.0001238887938423005,2.097153e6,0.007028112717230783,(sqrt_abs(((pow3(v1)-(0.099/(2.19-v1)))-((-0.0134/(-0.394+v1))/(2.76-v1))))/0.699)
1800.2292108535767,0.027715817796981033,27.0,0.0,0.0,-1.0,true,0.023034177434209546,0.007333003045937949,6.0,(1.43009936383959*sqrt_abs(((pow3(v1)-(-0.100950730347635/(-2.18582317362866+v1)))-((-0.0136858852071187/(-0.393467643919632+v1))/(2.76068459203231-v1))))),-0.9999990637742092,0.0001295083172451333,0.005975970199168011,0.0001295083172451333,2.097153e6,0.007537394637066264,(1.43*sqrt_abs(((pow3(v1)-(-0.101/(-2.19+v1)))-((-0.0137/(-0.393+v1))/(2.76-v1)))))
1342.4530839920044,0.027335572521408075,27.0,0.0,1295.0,-1.0,true,0.022718161604901366,0.00684006310143793,6.0,sqrt_abs((2.04518077296231*((pow3(v1)-(0.100885372387562/(2.18584916189208-v1)))-((-0.013854602533725/(-0.392674787977411+v1))/(2.76065241425536-v1))))),-0.9999990746245115,0.00012800739256987404,0.00572816497474815,0.00012800739256987404,4.194304e6,0.007390064747320091,sqrt_abs((2.05*((pow3(v1)-(0.101/(2.19-v1)))-((-0.0139/(-0.393+v1))/(2.76-v1)))))
1799.971519947052,0.0277158092788284,27.0,0.0,1.0,-1.0,true,0.023034170354907735,0.007332995879118023,6.0,(sqrt_abs(((pow3(v1)-(0.100950716903457/(2.18582317836992-v1)))-((-0.0136858824557545/(-0.393467649908925+v1))/(2.76068459253322-v1))))/0.699252111608484),-0.9999990637744766,0.0001295082802646647,0.005975967475829831,0.0001295082802646647,2.097153e6,0.007537391404327953,(sqrt_abs(((pow3(v1)-(0.101/(2.19-v1)))-((-0.0137/(-0.393+v1))/(2.76-v1))))/0.699)
1206.9002180099487,0.027259015369633446,27.0,0.0,1683.0,-1.0,true,0.022654536167948658,0.006997639892307558,6.0,(1.43010219011307*sqrt_abs(((pow3(v1)-(0.100068637259838/(2.18612907655465-v1)))-((-0.0134484296192473/(-0.394176201737278+v1))/(2.76072793518143-v1))))),-0.9999990773295483,0.00012763320423822322,0.0058998309469625605,0.00012763320423822322,2.097153e6,0.007387618033003207,(1.43*sqrt_abs(((pow3(v1)-(0.1/(2.19-v1)))-((-0.0134/(-0.394+v1))/(2.76-v1)))))
668.1844449043274,0.027313417826900898,27.0,0.0,3211.0,-1.0,true,0.02269974918900164,0.006803887495057628,6.0,(1.43009797510958*sqrt_abs(((pow3(v1)-(-0.100905071211328/(-2.18584263917993+v1)))-((-0.0138773795145885/(-0.392580134959848+v1))/(2.76064813038353-v1))))),-0.9999990751700805,0.00012793192389923123,0.005707516816641335,0.00012793192389923123,2.097153e6,0.007380817983476373,(1.43*sqrt_abs(((pow3(v1)-(-0.101/(-2.19+v1)))-((-0.0139/(-0.393+v1))/(2.76-v1)))))
1791.144600868225,0.02769859230568813,27.0,0.0,26.0,-1.0,true,0.023019861601072722,0.0073053326228121555,6.0,sqrt_abs((2.04518406151972*((pow3(v1)-(-0.100957986056867/(-2.18582152476357+v1)))-((-0.0137162414444372/(-0.393400464582839+v1))/(2.76318022427585-v1))))),-0.9999990648064678,0.0001293655246842051,0.005959753521611691,0.0001293655246842051,4.194304e6,0.007525971329692771,sqrt_abs((2.05*((pow3(v1)-(-0.101/(-2.19+v1)))-((-0.0137/(-0.393+v1))/(2.76-v1)))))
1794.9667949676514,0.1530998238265495,27.0,0.0,15.0,-0.9878787878787879,true,0.08062099461444916,0.06081131157371147,6.0,sqrt_abs((2.04474757759376*((pow3(v1)-(-0.101654194574407/(-2.18499582400917+v1)))-(0.0632816451892533*((v1-2.78074721841468)/(2.7628186244014-v1)))))),-0.9999888244799723,0.0015459121158434314,0.03839934972118458,0.0015459121158434314,1.048576e6,0.029935869321436936,sqrt_abs((2.04*((pow3(v1)-(-0.102/(-2.18+v1)))-(0.0633*((v1-2.78)/(2.76-v1))))))
1800.3374118804932,0.19501519796819622,27.0,0.0,0.0,-0.9878787878787879,true,0.3265941781852453,0.05733997961502455,6.0,(1.42865668141325*sqrt_abs(((pow3(v1)-(0.0295496241241506/(2.20970532080045-v1)))-(-0.0023442321260322*(v1+(36.5939918045676/(7.81892917079657-v1))))))),-0.9999036286705507,0.013331066961173569,0.04563685396402504,0.013331066961173569,32769.0,0.07165289059347899,(1.43*sqrt_abs(((pow3(v1)-(0.0295/(2.21-v1)))-(-0.00234*(v1+(36.6/(7.82-v1)))))))
1798.9663679599762,0.0428718613006899,28.0,0.0,3.0,-0.9878787878787879,true,0.025107813320720207,0.02311732864947231,6.0,(1.43005196552962*sqrt_abs(((pow3(v1)-(-0.115212427759112/(-2.1811569421767+v1)))-((-0.02042469691361/pow3((0.977618237750335*v1)))/(2.76285487704021-v1))))),-0.9999983983079415,0.00022156241079153216,0.01170194052566038,0.00022156241079153216,6.8719476737e10,0.011526351662492806,(1.43*sqrt_abs(((pow3(v1)-(-0.115/(-2.18+v1)))-((-0.0204/pow3((0.978*v1)))/(2.76-v1)))))
1799.2660639286041,0.1950992913268089,28.0,0.0,2.0,-0.9878787878787879,true,0.10273753765491844,0.06501040179748177,5.0,(1.43017657192665*sqrt_abs(((pow3(v1)-(-0.0276108073867946/(-2.20942469366106+v1)))-(-0.0564241600677183*((v1*(v1/v1))/(2.6877527439711-v1)))))),-0.9999832948769434,0.0023108233053800546,0.04388839582075766,0.0023108233053800546,8.796093022209e12,0.03456071378873264,(1.43*sqrt_abs(((pow3(v1)-(-0.0276/(-2.21+v1)))-(-0.0564*((v1*(v1/v1))/(2.69-v1))))))
1798.9164309501648,0.19527795021642722,28.0,0.0,3.0,-0.9878787878787879,true,0.10283161782442968,0.06496946156185104,5.0,(1.43017619476313*sqrt_abs(((pow3(v1)-(-0.0276894969876739/(-2.20939541085454+v1)))-(((v1*(v1/v1))/(2.68772088080371-v1))*-0.0564535011914873)))),-0.999983296376351,0.0023106158920020966,0.043870835559549765,0.0023106158920020966,8.796093022209e12,0.034534313334413494,(1.43*sqrt_abs(((pow3(v1)-(-0.0277/(-2.21+v1)))-(((v1*(v1/v1))/(2.69-v1))*-0.0565))))
1799.9924199581146,0.14331934232538457,28.0,0.0,0.0,-0.9878787878787879,true,0.20763107429746963,0.06954319523160951,6.0,(1.43319472358356*sqrt_abs(((0.262689169184925+pow3((v1+(0.162881219181501/((-0.294105870862394/(-2.31217363489192+v1))-v1)))))-(0.0133830029966971/pow3(v1))))),-0.9999372725417742,0.00867710293809324,0.0458700086007538,0.00867710293809324,8.580997075163262e155,0.07304565579451142,(1.43*sqrt_abs(((0.263+pow3((v1+(0.163/((-0.294/(-2.31+v1))-v1)))))-(0.0134/pow3(v1)))))
1800.0143270492554,0.05252736207187796,28.0,0.0,0.0,-1.0,true,0.3281875281506119,0.021742397793951887,6.0,(1.42855076220753*sqrt_abs(((pow3(v1)-(-0.0884003912164738/(-3.12698531321415+exp((0.517833835135272*v1)))))-(v1*(0.00549251669044473/(0.424603014365661-v1)))))),-0.9999173878066538,0.011427762671747766,0.013557110938673525,0.011427762671747766,8.388609e6,0.049348834874012995,(1.43*sqrt_abs(((pow3(v1)-(-0.0884/(-3.13+exp((0.518*v1)))))-(v1*(0.00549/(0.425-v1))))))
1791.6913440227509,0.043221039172833126,28.0,0.0,24.0,-0.9878787878787879,true,0.024749490224986737,0.02334902567724689,6.0,(sqrt_abs(((pow3(v1)-(0.114655249597367/(2.18135493995004-v1)))-((-0.0329045843288322/pow3((1.14748126048916*v1)))/(2.76285721851871-v1))))/0.699274753503728),-0.9999984124577499,0.00021960506470442768,0.011790283945811744,0.00021960506470442768,6.8719476737e10,0.011567334125515916,(sqrt_abs(((pow3(v1)-(0.115/(2.18-v1)))-((-0.0329/pow3((1.15*v1)))/(2.76-v1))))/0.699)
1799.7862389087677,0.0437525573007838,28.0,0.0,1.0,-0.9878787878787879,true,0.036362057776857304,0.016741985024977674,6.0,(1.43074114400952*(sqrt_abs(((pow3(v1)-(0.112662781035665/(2.18301485446523-v1)))-((-0.0239534967972734/pow3(v1))/(2.76278759477612-v1))))-0.0122252421213348)),-0.999998594774257,0.00019438518263767434,0.011670525966315261,0.00019438518263767434,1.6777218e7,0.008604322713562618,(1.43*(sqrt_abs(((pow3(v1)-(0.113/(2.18-v1)))-((-0.024/pow3(v1))/(2.76-v1))))-0.0122))
1799.751750946045,0.13147025272613722,28.0,0.0,1.0,-0.9757575757575757,true,0.22955537663305137,0.0614435965557716,6.0,(1.19114308812565*sqrt_abs(((1.43906611726794*(pow3(v1)-(-5.41742620075726/(-7.83670729692908+pow3(v1)))))-((-2.80155367764869+v1)/(2.75214547826195-v1))))),-0.9999387982514658,0.008466051184646758,0.04023791493514314,0.008466051184646758,2.097153e6,0.06644013026283924,(1.19*sqrt_abs(((1.44*(pow3(v1)-(-5.42/(-7.84+pow3(v1)))))-((-2.8+v1)/(2.75-v1)))))
1799.7497339248657,0.03684102360174583,28.0,0.0,1.0,-0.9878787878787879,true,0.03061799152803457,0.01091846600184409,6.0,(sqrt_abs(((pow3(v1)-(0.0998317525807479/(2.18634671485454-v1)))-((0.00417794824513177/pow3((0.189635069044098-v1)))/(2.76321156390273-v1))))/0.69924067384232),-0.9999988061277086,0.00016514861370280678,0.008093321017447733,0.00016514861370280678,6.8719476737e10,0.00839962702722954,(sqrt_abs(((pow3(v1)-(0.0998/(2.19-v1)))-((0.00418/pow3((0.19-v1)))/(2.76-v1))))/0.699)
1800.1193878650665,0.17315227171216854,28.0,0.0,0.0,-0.9757575757575757,true,0.5575377879486769,0.12140887800312224,5.0,(1.42943009403875*sqrt_abs((pow3((v1+(0.0432067726830645/v1)))-(2.88981148015482/(v1+(-439.667934150088*(v1/((-4.04304535642011-v1)-v1)))))))),-0.9996339246007987,0.05063928958412306,0.08567970274777689,0.05063928958412306,1.40737488355329e14,0.1546143747726523,(1.43*sqrt_abs((pow3((v1+(0.0432/v1)))-(2.89/(v1+(-440.0*(v1/((-4.04-v1)-v1))))))))
1800.1362490653992,0.1497739082944363,28.0,0.0,0.0,-0.9757575757575757,true,0.4020414529860785,0.0885531458077391,5.0,(1.43166548807501*sqrt_abs(((pow3(v1)-(0.00632361132995625/(v1+(10.6982215812841-v1))))-(0.0641164566890687*((v1*v1)/(-2.54548663449323+v1)))))),-0.9998218908907642,0.02463787181503462,0.06311268955641453,0.02463787181503462,1.34217729e8,0.1133378549148917,(1.43*sqrt_abs(((pow3(v1)-(0.00632/(v1+(10.7-v1))))-(0.0641*((v1*v1)/(-2.55+v1))))))
1799.4921128749847,0.1549649605782285,28.0,0.0,2.0,-0.9878787878787879,true,0.0816031589060468,0.05092573037135332,6.0,(sqrt_abs(((pow3(v1)-(-0.060371571378766/(pow3((-1.78273847111659+v1))+(-0.027800024820694*v1))))-(-0.0686995556822236/(2.73031758999035-v1))))/0.699282282568665),-0.9999916024719553,0.0011616318806848829,0.033524835745132715,0.0011616318806848829,1.048577e6,0.02570976749905754,(sqrt_abs(((pow3(v1)-(-0.0604/(pow3((-1.78+v1))+(-0.0278*v1))))-(-0.0687/(2.73-v1))))/0.699)
1796.9815878868103,0.1312303099212038,28.0,0.0,9.0,-1.0,true,0.1769104914744304,0.07988282024188656,6.0,(sqrt_abs(((pow3((v1-0.074767482044867))-(0.0820365546948686/(2.19739302501152-v1)))-((-0.0243130507001208/(2.33979624652303-v1))/pow3(v1))))/0.691347755883891),-0.999941060484755,0.008153115961771597,0.04328966893481605,0.008153115961771597,5.36870913e8,0.06723411481441026,(sqrt_abs(((pow3((v1-0.0748))-(0.082/(2.2-v1)))-((-0.0243/(2.34-v1))/pow3(v1))))/0.691)
1797.4061670303345,0.043711751959895025,28.0,0.0,8.0,-0.9878787878787879,true,0.03632814510398652,0.016462084347988067,6.0,(1.43186775499025*sqrt_abs(((pow3((-0.00759294948562398+v1))-(-0.115212717791903/(-2.18217314032699+v1)))-((-0.0233153270791666/pow3(v1))/(2.76279376160868-v1))))),-0.9999986403372324,0.00018808244632910972,0.011524433452293788,0.00018808244632910972,2.68435457e8,0.008071788407996184,(1.43*sqrt_abs(((pow3((-0.00759+v1))-(-0.115/(-2.18+v1)))-((-0.0233/pow3(v1))/(2.76-v1)))))
1442.97514295578,0.02290271035576533,29.0,0.0,1009.0,-1.0,true,0.02266348844899113,0.0034606349864818274,6.0,(1.43010120419708*sqrt_abs(((pow3(v1)-(-0.0973075089231969/(-2.18703203070051+v1)))-((-0.0214098198940381/(v1+(-0.161930071805131/v1)))/(2.75969482617838-v1))))),-0.9999991383964696,0.00011918580373842064,0.005220437929664702,0.00011918580373842064,1.34217729e8,0.006810520489828187,(1.43*sqrt_abs(((pow3(v1)-(-0.0973/(-2.19+v1)))-((-0.0214/(v1+(-0.162/v1)))/(2.76-v1)))))
1385.3677339553833,0.025797576615070338,29.0,0.0,1172.0,-1.0,true,0.028844910978202076,0.005329590080471256,6.0,(1.43009687955189*sqrt_abs(((pow3(v1)-(-0.0915592459938374/(-2.18872418069981+v1)))-((v1*(0.0186685293842964/(0.413732800494665-v1)))/(2.76277944203425-v1))))),-0.9999991463518979,0.0001180853276041077,0.005288530088022377,0.0001180853276041077,6.8719476737e10,0.006442710703530985,(1.43*sqrt_abs(((pow3(v1)-(-0.0916/(-2.19+v1)))-((v1*(0.0187/(0.414-v1)))/(2.76-v1)))))
1567.2144119739532,0.02475884426168884,29.0,0.0,658.0,-1.0,true,0.027683478541716378,0.00782401991209614,6.0,sqrt_abs((2.04516915307681*((pow3(v1)-(-0.0932312825984825/(-2.1881349164421+v1)))-((v1*(0.0186667247717373/(0.414183546727725-v1)))/(2.76277942972208-v1))))),-0.9999991391821053,0.00011907712658675574,0.005713422476360897,0.00011907712658675574,1.37438953472e11,0.00677859531514684,sqrt_abs((2.05*((pow3(v1)-(-0.0932/(-2.19+v1)))-((v1*(0.0187/(0.414-v1)))/(2.76-v1)))))
1799.6983270645142,0.18150925376284224,29.0,0.0,1.0,-0.9878787878787879,true,0.3138094476979658,0.06036534085372837,6.0,(1.42835087646751*sqrt_abs(((pow3(v1)-(-0.0018579988897196/(-2.21886984546586+v1)))-((-0.000402969297769335/(-5.91195935752464*(v1/v1)))/(2.33772198550113-v1))))),-0.9999136624223214,0.011943095896640433,0.04575553761989225,0.011943095896640433,1.073741825e9,0.06457727142211925,(1.43*sqrt_abs(((pow3(v1)-(-0.00186/(-2.22+v1)))-((-0.000403/(-5.91*(v1/v1)))/(2.34-v1)))))
1800.007961988449,0.19778859674846352,29.0,0.0,0.0,-0.9878787878787879,true,0.1041537017790618,0.05276926594089676,6.0,(sqrt_abs(((pow3(v1)-(0.00590373282604703/(2.21887414443098-v1)))-(0.0139481981183532*((v1/(2.22795191009748-v1))/(2.7615327184665-v1)))))/0.699296782214463),-0.9999866820785287,0.0018422709734513174,0.03902092641189474,0.0018422709734513174,2.147483649e9,0.02896341854292247,(sqrt_abs(((pow3(v1)-(0.0059/(2.22-v1)))-(0.0139*((v1/(2.23-v1))/(2.76-v1)))))/0.699)
1800.0217468738556,0.3277740415589016,29.0,0.0,0.0,-0.9878787878787879,true,0.17262597876655583,0.07019585908026128,6.0,(1.4425452514876*sqrt_abs(((pow3((-0.0575297362136874+v1))-(-6.79613139801008e-6/(-2.21947733072091+v1)))-((0.000387507141579055/(v1*v1))/(2.33776792928792-v1))))),-0.9999346141031046,0.00904484533740357,0.06462195096412429,0.00904484533740357,2.147483649e9,0.07054688932310996,(1.44*sqrt_abs(((pow3((-0.0575+v1))-(-6.8e-6/(-2.22+v1)))-((0.000388/(v1*v1))/(2.34-v1)))))
1800.027261018753,0.24459449327527102,29.0,0.0,0.0,-0.9878787878787879,true,0.128801267252993,0.03424704520714568,6.0,(1.43049525831876*sqrt_abs(((pow3(v1)-(-0.0258688473104631/(-2.21089969036276+v1)))-((0.00461129059961614/((8.32671726661539/v1)-v1))/(2.77232587920532-v1))))),-0.9999792757544386,0.0028667893955417957,0.03748240735424675,0.0028667893955417957,1.34217729e8,0.03394116638841547,(1.43*sqrt_abs(((pow3(v1)-(-0.0259/(-2.21+v1)))-((0.00461/((8.33/v1)-v1))/(2.77-v1)))))
1604.9038648605347,0.023458577805390023,29.0,0.0,553.0,-1.0,true,0.026229618330754878,0.009573271570795974,6.0,(sqrt_abs(((pow3(v1)-(-0.0963054268166574/(-2.1870440876541+v1)))-((v1*(0.0195065401885039/(0.413284608364318-v1)))/(2.76275523760195-v1))))/0.699259710642762),-0.9999991113070915,0.00012293308330099396,0.006314250873012002,0.00012293308330099396,6.8719476737e10,0.007466745852182155,(sqrt_abs(((pow3(v1)-(-0.0963/(-2.19+v1)))-((v1*(0.0195/(0.413-v1)))/(2.76-v1))))/0.699)
1793.3969218730927,0.023413488792663206,29.0,0.0,19.0,-1.0,true,0.026179203186045497,0.01102939542470123,6.0,(1.43008814664058*sqrt_abs(((pow3(v1)-(0.0957209434127426/(2.18725345153508-v1)))-((v1*(0.0189447079814773/(0.414282642771204-v1)))/(2.76277135937146-v1))))),-0.9999991064557483,0.00012360417066170428,0.006575093799462727,0.00012360417066170428,6.8719476737e10,0.0075404103656618315,(1.43*sqrt_abs(((pow3(v1)-(0.0957/(2.19-v1)))-((v1*(0.0189/(0.414-v1)))/(2.76-v1)))))
1798.3829979896545,0.027722189067953526,29.0,0.0,5.0,-1.0,true,0.02303947249665861,0.007334988310727585,6.0,(1.43009936387612*sqrt_abs(((pow3(v1)-(-0.201929991876915/(v1+(-4.37163776798901+v1))))-((0.013707392360137/(0.393443583988727-v1))/(2.76318031420781-v1))))),-0.9999990640972847,0.00012946362615048955,0.00597447709624048,0.00012946362615048955,8.388609e6,0.007535391896840782,(1.43*sqrt_abs(((pow3(v1)-(-0.202/(v1+(-4.37+v1))))-((0.0137/(0.393-v1))/(2.76-v1)))))
1636.899199962616,0.0234101205908646,29.0,0.0,463.0,-1.0,true,0.026175437115980582,0.009719631400323892,6.0,(1.43008307276534*sqrt_abs(((pow3(v1)-(-0.0963818962658676/(-2.187016766761+v1)))-((v1*(0.0195060968115632/(0.413303995401929-v1)))/(2.76275524802732-v1))))),-0.9999991096607206,0.00012316082615169573,0.006347428969061561,0.00012316082615169573,6.8719476737e10,0.007497084609002991,(1.43*sqrt_abs(((pow3(v1)-(-0.0964/(-2.19+v1)))-((v1*(0.0195/(0.413-v1)))/(2.76-v1)))))
1800.1012048721313,0.18201001674419023,29.0,0.0,0.0,-0.9878787878787879,true,0.09584484301127283,0.07583227447889412,6.0,(1.42925330881087*sqrt_abs(((pow3(v1)-(-0.0508359547371003/(-2.20107507224646+v1)))-(((v1*(-3.68722725851578+v1))/(2.71826245081337-v1))*0.0430321489507241)))),-0.9999794724747897,0.002839577026585191,0.04873116574029422,0.002839577026585191,2.147483649e9,0.043118386877087855,(1.43*sqrt_abs(((pow3(v1)-(-0.0508/(-2.2+v1)))-(((v1*(-3.69+v1))/(2.72-v1))*0.043))))
1800.134437084198,0.0606141808868515,29.0,0.0,0.0,-0.9878787878787879,true,0.33320197350890535,0.04416345543016313,5.0,(1.42840402034283*sqrt_abs(((pow3(v1)-(-0.0718341798164093/(-2.1959250985325+v1)))-((-2.16578907418436/pow3(v1))/((327.466503202719-(v1/v1))-v1))))),-0.9999147526296673,0.011792287277373295,0.023449200077682676,0.011792287277373295,5.62949953421313e14,0.05375568370506516,(1.43*sqrt_abs(((pow3(v1)-(-0.0718/(-2.2+v1)))-((-2.17/pow3(v1))/((327.0-(v1/v1))-v1)))))
1799.82106590271,0.053069647994153785,29.0,0.0,1.0,-0.9878787878787879,true,0.31887321517195666,0.04071201345093689,6.0,(1.42831761536454*sqrt_abs(((pow3(v1)-(0.0205238550455918/(2.2127453457532-v1)))-((-0.000264657715754783/(-0.450378742447625+v1))/((4.6759072196898-v1)-v1))))),-0.9999209279217574,0.010938057779579284,0.019082585528368244,0.010938057779579284,5.36870913e8,0.04929381987839356,(1.43*sqrt_abs(((pow3(v1)-(0.0205/(2.21-v1)))-((-0.000265/(-0.45+v1))/((4.68-v1)-v1)))))
1293.5513799190521,0.022463958676120083,29.0,0.0,1435.0,-1.0,true,0.023003874161900528,0.003055383345264618,6.0,(sqrt_abs(((pow3(v1)-(0.0966852058798482/(2.1872486690291-v1)))-((-0.021257525394618/(v1+(-0.162071083574045/v1)))/(2.7597187503988-v1))))/0.699250456460259),-0.999999143336634,0.00011850242973138856,0.00509132972472982,0.00011850242973138856,1.34217729e8,0.006686720674915225,(sqrt_abs(((pow3(v1)-(0.0967/(2.19-v1)))-((-0.0213/(v1+(-0.162/v1)))/(2.76-v1))))/0.699)
1640.9260339736938,0.022848965233352142,29.0,0.0,452.0,-1.0,true,0.022719934903638883,0.003430838501949058,6.0,(1.43010177698098*sqrt_abs(((pow3(v1)-(-0.0971615792368506/(-2.18708249756508+v1)))-((-0.0213369721376356/(v1+(-0.162038993968682/v1)))/(2.75970676970638-v1))))),-0.9999991389017842,0.0001191159034690631,0.005221587934798916,0.0001191159034690631,1.34217729e8,0.0067970238427686345,(1.43*sqrt_abs(((pow3(v1)-(-0.0972/(-2.19+v1)))-((-0.0213/(v1+(-0.162/v1)))/(2.76-v1)))))
1674.130527973175,0.022851728130856046,29.0,0.0,358.0,-1.0,true,0.022686657557625445,0.003391527590711333,6.0,(1.43010095640807*sqrt_abs(((pow3(v1)-(0.0973126910313143/(2.18703061971784-v1)))-((-0.0214523816720376/(v1+(-0.161844282202714/v1)))/(2.759687581626-v1))))),-0.9999991392024437,0.00011907431317118009,0.005186453289277249,0.00011907431317118009,1.34217729e8,0.006794262596979672,(1.43*sqrt_abs(((pow3(v1)-(0.0973/(2.19-v1)))-((-0.0215/(v1+(-0.162/v1)))/(2.76-v1)))))
1293.5513799190521,0.022463958676120083,29.0,0.0,1435.0,-1.0,true,0.023003874161900528,0.003055383345264618,6.0,(sqrt_abs(((pow3(v1)-(0.0966852058798482/(2.1872486690291-v1)))-((-0.021257525394618/(v1+(-0.162071083574045/v1)))/(2.7597187503988-v1))))/0.699250456460259),-0.999999143336634,0.00011850242973138856,0.00509132972472982,0.00011850242973138856,1.34217729e8,0.006686720674915225,(sqrt_abs(((pow3(v1)-(0.0967/(2.19-v1)))-((-0.0213/(v1+(-0.162/v1)))/(2.76-v1))))/0.699)
1797.787750005722,0.05775000405705002,29.0,0.0,7.0,-0.9878787878787879,true,0.03002967903562226,0.01994614503707361,6.0,(1.42999335676325*sqrt_abs(((pow3(v1)-(0.124327949059927/(2.17787341065293-v1)))-((-0.0712663005513996/(2.76052643880436-v1))/(1.50090225860229*(v1*v1)))))),-0.9999973108003498,0.0003719975724449164,0.01745866687297382,0.0003719975724449164,8.589934593e9,0.01598848902876578,(1.43*sqrt_abs(((pow3(v1)-(0.124/(2.18-v1)))-((-0.0713/(2.76-v1))/(1.5*(v1*v1))))))
1799.1678450107574,0.10905412263813215,29.0,0.0,3.0,-0.9878787878787879,true,0.05742692325925247,0.04913661305028255,6.0,(1.42995922631144*sqrt_abs(((pow3(v1)-(-0.112999524153171/(-2.18098963122282+v1)))-((-0.0827949806878513/(v1+(-0.0132908113578327*v1)))/(2.74954681684257-v1))))),-0.9999936750307862,0.0008749343668713343,0.028764243145544127,0.0008749343668713343,1.34217729e8,0.023104356826004424,(1.43*sqrt_abs(((pow3(v1)-(-0.113/(-2.18+v1)))-((-0.0828/(v1+(-0.0133*v1)))/(2.75-v1)))))
1799.968122959137,0.18507162936731186,29.0,0.0,1.0,-0.9878787878787879,true,0.09745706076979788,0.059096946853192445,6.0,(sqrt_abs(((pow3(v1)-(-3.66251471107869e-6/(-2.21947807145848+v1)))-((0.0178196368555184/((5.50691412554084-v1)-v1))/(2.3116099908634-v1))))/0.699313323511632),-0.9999859601059345,0.001942141599421654,0.04099093404839753,0.001942141599421654,1.34217729e8,0.0313015528628381,(sqrt_abs(((pow3(v1)-(-3.66e-6/(-2.22+v1)))-((0.0178/((5.51-v1)-v1))/(2.31-v1))))/0.699)
1799.1941139698029,0.1993444188096343,29.0,0.0,3.0,-0.9878787878787879,true,0.10497298372779085,0.0645579613226075,6.0,sqrt_abs((2.04474814487886*((pow3(v1)-(0.0702616211760969/(2.19561860274646-v1)))-(0.275804754676847/((v1+(-7.70679917499744/v1))/(2.56459253685566-v1)))))),-0.9999824239371055,0.002431300602578001,0.04497115468766457,0.002431300602578001,6.7108864e7,0.036259192915433426,sqrt_abs((2.04*((pow3(v1)-(0.0703/(2.2-v1)))-(0.276/((v1+(-7.71/v1))/(2.56-v1))))))
1771.6083979606628,0.023400091770419306,29.0,0.0,81.0,-1.0,true,0.026164223642820783,0.010759608024094135,6.0,(sqrt_abs(((pow3(v1)-(-0.0958953717504935/(-2.18719100395228+v1)))-((-0.0190752281220991/((-0.414060265955975+v1)/v1))/(2.76276761139329-v1))))/0.69925807998873),-0.9999991069629843,0.00012353400459910326,0.006531181952873324,0.00012353400459910326,8.589934593e9,0.007537811452988996,(sqrt_abs(((pow3(v1)-(-0.0959/(-2.19+v1)))-((-0.0191/((-0.414+v1)/v1))/(2.76-v1))))/0.699)
1567.2144119739532,0.02475884426168884,29.0,0.0,658.0,-1.0,true,0.027683478541716378,0.00782401991209614,6.0,sqrt_abs((2.04516915307681*((pow3(v1)-(-0.0932312825984825/(-2.1881349164421+v1)))-((v1*(0.0186667247717373/(0.414183546727725-v1)))/(2.76277942972208-v1))))),-0.9999991391821053,0.00011907712658675574,0.005713422476360897,0.00011907712658675574,1.37438953472e11,0.00677859531514684,sqrt_abs((2.05*((pow3(v1)-(-0.0932/(-2.19+v1)))-((v1*(0.0187/(0.414-v1)))/(2.76-v1)))))
1779.3706438541412,0.022319235087909506,29.0,0.0,59.0,-1.0,true,0.023186731167180064,0.0030192045702931393,6.0,(sqrt_abs(((pow3(v1)-(-0.0961522342617518/(-2.18743072054971+v1)))-((-0.020957015110375/(v1+(-0.16248625709418/v1)))/(2.75976811181966-v1))))/0.69924923304905),-0.9999991433880779,0.00011849531346619997,0.005130342131152621,0.00011849531346619997,1.34217729e8,0.00665343397068815,(sqrt_abs(((pow3(v1)-(-0.0962/(-2.19+v1)))-((-0.021/(v1+(-0.162/v1)))/(2.76-v1))))/0.699)
1799.9553458690643,0.06597034253043436,29.0,0.0,1.0,-0.9878787878787879,true,0.07385656882523328,0.030696445131515242,6.0,sqrt_abs((2.06764903702371*((pow3((-0.0340760579756631+v1))-(-0.15003618403749/(-2.1731275085486+v1)))-((-0.27829742009114/(v1+v1))/(2.73377470814274-v1))))),-0.9999937743121329,0.000861200756595874,0.018995255925740816,0.000861200756595874,5.36870912e8,0.019192558451277077,sqrt_abs((2.07*((pow3((-0.0341+v1))-(-0.15/(-2.17+v1)))-((-0.278/(v1+v1))/(2.73-v1)))))
1800.2769780158997,0.09084625244278262,29.0,0.0,0.0,-0.9878787878787879,true,0.2359138043540865,0.06141308689194931,6.0,(1.43180995244981*sqrt_abs(((pow3(v1)-(0.100511735913974/(2.19091296607265-v1)))-(0.302842658716547*(v1+(0.626656552135793/((-0.156454883042906/v1)-v1))))))),-0.9999359352226918,0.008862094577606021,0.03256934405283946,0.008862094577606021,131073.0,0.06648046454602907,(1.43*sqrt_abs(((pow3(v1)-(0.101/(2.19-v1)))-(0.303*(v1+(0.627/((-0.156/v1)-v1)))))))
1800.290855884552,0.10905414151537439,29.0,0.0,0.0,-0.9878787878787879,true,0.05742693319983899,0.04913660597993454,6.0,(1.42995922630648*sqrt_abs(((pow3(v1)-(-0.112999525972135/(-2.18098963055335+v1)))-((-0.0847064550765423/(v1+(v1/105.382646395951)))/(2.74954681666901-v1))))),-0.9999936750308559,0.0008749343572316614,0.028764241576167103,0.0008749343572316614,1.34217729e8,0.02310435393835771,(1.43*sqrt_abs(((pow3(v1)-(-0.113/(-2.18+v1)))-((-0.0847/(v1+(v1/105.0)))/(2.75-v1)))))
1800.3344910144806,0.057516334053499735,29.0,0.0,0.0,-1.0,true,0.32662714466000153,0.03232318309635027,6.0,(sqrt_abs(((pow3(v1)-(-0.0427696066363342/(-2.20521318274711+v1)))-((-0.000911478651895031/((-0.450513252571306+v1)/v1))/(-2.2021682352888+v1))))/0.699983671434815),-0.9999160665315145,0.011610534949106837,0.017686258412730364,0.011610534949106837,8.589934593e9,0.05289532166496972,(sqrt_abs(((pow3(v1)-(-0.0428/(-2.21+v1)))-((-0.000911/((-0.451+v1)/v1))/(-2.2+v1))))/0.7)
1715.67577791214,0.036672524343570614,30.0,0.0,239.0,-1.0,true,0.03047795446188084,0.007564543252658243,7.0,(sqrt_abs(((pow3((-0.00623938765562441+v1))-(-0.10693357218363/(-2.18452489460658+v1)))-((-0.019528571593331/(v1-0.373608345171237))/(2.75942275340091-v1))))/0.69854113307887),-0.9999992028125018,0.00011027511999644174,0.006694819281259831,0.00011027511999644174,3.3554433e7,0.005545590709314696,(sqrt_abs(((pow3((-0.00624+v1))-(-0.107/(-2.18+v1)))-((-0.0195/(v1-0.374))/(2.76-v1))))/0.699)
1798.6133949756622,0.24480884463510366,30.0,0.0,4.0,-0.9878787878787879,true,0.12891414275731916,0.034084568438336384,7.0,(sqrt_abs(((pow3(v1)-(-0.0260091214578161/(-2.21085902123376+v1)))-((0.00175128228989923/(3.39281309867001/v1))/(-0.619993415348845-(-1.71512342236184/v1)))))/0.699062733038228),-0.9999791414365976,0.002885369611684443,0.03756532693173952,0.002885369611684443,3.3554433e7,0.034590266935274915,(sqrt_abs(((pow3(v1)-(-0.026/(-2.21+v1)))-((0.00175/(3.39/v1))/(-0.62-(-1.72/v1)))))/0.699)
1798.965537071228,0.043466719926219644,30.0,0.0,3.0,-0.9878787878787879,true,0.024896972726322075,0.023719897622783283,6.0,(1.43005082022197*sqrt_abs(((pow3(v1)-(-0.11544887696811/(-2.18107638946143+v1)))-((-5.39273026496958/(v1+(241.958439015893*pow3(v1))))/(2.76284603462143-v1))))),-0.99999837935755,0.00022418382256835117,0.011873052341444732,0.00022418382256835117,8.589934593e9,0.01164520630913648,(1.43*sqrt_abs(((pow3(v1)-(-0.115/(-2.18+v1)))-((-5.39/(v1+(242.0*pow3(v1))))/(2.76-v1)))))
1602.741900920868,0.03550730626715703,30.0,0.0,559.0,-1.0,true,0.02950956016378503,0.0070586636650077726,7.0,(sqrt_abs(((pow3((-0.00520437173041514+v1))-(-0.103801026143836/(-2.18546069546138+v1)))-((0.0171036761191538/(0.382106719692153-v1))/(2.76314500976927-v1))))/0.698651717328246),-0.9999992081915358,0.00010953103705096682,0.006272955826814431,0.00010953103705096682,3.3554433e7,0.00575541068964307,(sqrt_abs(((pow3((-0.0052+v1))-(-0.104/(-2.19+v1)))-((0.0171/(0.382-v1))/(2.76-v1))))/0.699)
1546.2358100414276,0.035363578188813895,30.0,0.0,717.0,-0.9878787878787879,true,0.02939011003306602,0.010214430092399644,7.0,(1.43176016245799*sqrt_abs(((pow3((-0.00705923742409233+v1))-(-0.104274541935229/(-2.18552944146273+v1)))-((0.0197374069786378/(0.371651566848784-v1))/(2.7593490409035-v1))))),-0.9999992394177698,0.00010521150530734269,0.006937915555351908,0.00010521150530734269,3.3554433e7,0.005884994560177825,(1.43*sqrt_abs(((pow3((-0.00706+v1))-(-0.104/(-2.19+v1)))-((0.0197/(0.372-v1))/(2.76-v1)))))
1568.7223348617554,0.037359501959735544,30.0,0.0,654.0,-1.0,true,0.03104889068393224,0.007835446470115656,7.0,(1.43166958216391*sqrt_abs(((pow3((-0.006710848410596+v1))-(-0.107437344756523/(-2.18441081314851+v1)))-((-0.0200120966781526/(v1-0.372075403539889))/(2.75931528002612-v1))))),-0.9999991834488378,0.00011295369985707942,0.006786140296673601,0.00011295369985707942,3.3554433e7,0.005488616214690578,(1.43*sqrt_abs(((pow3((-0.00671+v1))-(-0.107/(-2.18+v1)))-((-0.02/(v1-0.372))/(2.76-v1)))))
1800.03724193573,0.17143241961820868,30.0,0.0,0.0,-0.9878787878787879,true,0.2892920748010086,0.08952639075020379,7.0,(1.41769938021726*(0.269666603269131+sqrt_abs(((pow3(v1)-(-2.85553741788285e-6/(-2.33782170502033+v1)))-((-0.184153271778123/(-1.11906611205686+v1))/(2.76039318337822-v1)))))),-0.9998894175215632,0.015296898291193179,0.054093055427531914,0.015296898291193179,2.097154e6,0.08204271052647026,(1.42*(0.27+sqrt_abs(((pow3(v1)-(-2.86e-6/(-2.34+v1)))-((-0.184/(-1.12+v1))/(2.76-v1))))))
1680.8216760158539,0.03539068930972711,30.0,0.0,339.0,-1.0,true,0.029412641656492378,0.007104354727995366,7.0,(1.43129669713978*sqrt_abs(((pow3((-0.00507399284843986+v1))-(-0.103745448871938/(v1-2.18546374894918)))-((0.016981824267002/(0.382540304947606-v1))/(2.76314626664884-v1))))),-0.9999992079855031,0.00010955953759443084,0.006247331102411698,0.00010955953759443084,3.3554433e7,0.0057529071516042585,(1.43*sqrt_abs(((pow3((-0.00507+v1))-(-0.104/(v1-2.19)))-((0.017/(0.383-v1))/(2.76-v1)))))
1799.0034220218658,0.030394128526199,30.0,0.0,3.0,-1.0,true,0.030289347089088148,0.017593526513100696,6.0,(1.43013257270357*sqrt_abs(((pow3(v1)-(-1.99380588118706/(v1*(-10.6134658988683+pow3(v1)))))-((0.204070234585895/(0.258390277547184-v1))/(2.72421988513086-v1))))),-0.9999986241579174,0.0001903205345044604,0.009121474213723712,0.0001903205345044604,5.36870913e8,0.008758911231562083,(1.43*sqrt_abs(((pow3(v1)-(-1.99/(v1*(-10.6+pow3(v1)))))-((0.204/(0.258-v1))/(2.72-v1)))))
1769.6796209812164,0.0346905264799437,30.0,0.0,86.0,-1.0,true,0.028830747412122437,0.0077119770781845145,7.0,(sqrt_abs(((pow3((-0.00525598297407508+v1))-(0.102673859111814/(2.18585254794019-v1)))-((0.0169791096254743/(0.382105423524664-v1))/(2.76314629616762-v1))))/0.698644796105397),-0.9999992347095397,0.00010586279581563637,0.006215922497605502,0.00010586279581563637,3.3554433e7,0.005838113155632985,(sqrt_abs(((pow3((-0.00526+v1))-(0.103/(2.19-v1)))-((0.017/(0.382-v1))/(2.76-v1))))/0.699)
1793.7432639598846,0.029848065516293005,30.0,0.0,18.0,-1.0,true,0.02480625476059717,0.012623132684084425,6.0,(1.43013064069513*sqrt_abs(((pow3(v1)-(-1.11299305025558/(-10.5475084877663+pow3(v1))))-((v1*(0.0582596480686486/(0.376041767584479-v1)))/(2.7616499331091-v1))))),-0.9999990541392697,0.00013084112052210356,0.007495225865704748,0.00013084112052210356,2.74877906945e11,0.00742665565409345,(1.43*sqrt_abs(((pow3(v1)-(-1.11/(-10.5+pow3(v1))))-((v1*(0.0583/(0.376-v1)))/(2.76-v1)))))
1644.3050990104675,0.03523251763660006,30.0,0.0,442.0,-1.0,true,0.0292811876827882,0.007882717561736186,7.0,(1.43154723620134*sqrt_abs(((pow3((-0.00615510306295104+v1))-(0.104049648974067/(2.18549694836347-v1)))-((0.0185793742685942/(0.376241777818071-v1))/(2.76312994680729-v1))))),-0.9999992428555532,0.00010473595598912944,0.006618109784871454,0.00010473595598912944,3.3554433e7,0.0058083511267078445,(1.43*sqrt_abs(((pow3((-0.00616+v1))-(0.104/(2.19-v1)))-((0.0186/(0.376-v1))/(2.76-v1)))))
1546.2358100414276,0.035363578188813895,30.0,0.0,717.0,-0.9878787878787879,true,0.02939011003306602,0.010214430092399644,7.0,(1.43176016245799*sqrt_abs(((pow3((-0.00705923742409233+v1))-(-0.104274541935229/(-2.18552944146273+v1)))-((0.0197374069786378/(0.371651566848784-v1))/(2.7593490409035-v1))))),-0.9999992394177698,0.00010521150530734269,0.006937915555351908,0.00010521150530734269,3.3554433e7,0.005884994560177825,(1.43*sqrt_abs(((pow3((-0.00706+v1))-(-0.104/(-2.19+v1)))-((0.0197/(0.372-v1))/(2.76-v1)))))
1800.1186029911041,0.08733925212722779,30.0,0.0,0.0,-0.9878787878787879,true,0.0459920671323345,0.03459017608844513,6.0,(sqrt_abs(((pow3(v1)-(0.0847626389586562/(pow3((1.74372600485696-v1))-(-0.0355971468172044*v1))))-((-0.0621522639434329/v1)/(2.75261949283693-v1))))/0.699264834322076),-0.999996435582255,0.0004930666818313272,0.02235733809195579,0.0004930666818313272,6.7108865e7,0.01508774484801374,(sqrt_abs(((pow3(v1)-(0.0848/(pow3((1.74-v1))-(-0.0356*v1))))-((-0.0622/v1)/(2.75-v1))))/0.699)
1781.075042963028,0.03475188577409209,30.0,0.0,54.0,-0.9878787878787879,true,0.028881742150181577,0.010121092524115754,7.0,(1.43180675613074*sqrt_abs(((pow3((v1-0.00726229903428713))-(0.103837018691336/(2.18570557927533-v1)))-((-0.0201452675911575/(-0.36983842612065+v1))/(2.76311401668393-v1))))),-0.9999992501419083,0.0001037280329081046,0.007084945385450873,0.0001037280329081046,3.3554433e7,0.006021798819417212,(1.43*sqrt_abs(((pow3((v1-0.00726))-(0.104/(2.19-v1)))-((-0.0201/(-0.37+v1))/(2.76-v1)))))
1693.8467190265656,0.03757243380220528,30.0,0.0,302.0,-1.0,true,0.031225854967532607,0.008348668493903377,7.0,(1.43166403125368*sqrt_abs(((pow3((v1-0.00671928167061997))-(-0.108422604914695/(-2.18407857726031+v1)))-((-0.0205005400642492/(v1-0.370517684720204))/(2.75922291062454-v1))))),-0.9999991760516225,0.0001139769582572608,0.006873874585215116,0.0001139769582572608,3.3554433e7,0.005512066308616182,(1.43*sqrt_abs(((pow3((v1-0.00672))-(-0.108/(-2.18+v1)))-((-0.0205/(v1-0.371))/(2.76-v1)))))
1795.954964876175,0.03756299440757197,30.0,0.0,12.0,-1.0,true,0.031218010036076937,0.008119470166818552,7.0,(1.43170238356026*sqrt_abs(((pow3((-0.006853664007914+v1))-(0.107780273367397/(2.18431325945644-v1)))-((-0.0203197376797101/(v1-0.371162384976822))/(2.7631121805973-v1))))),-0.999999177349449,0.00011379742962876688,0.006839349732080084,0.00011379742962876688,3.3554433e7,0.005463747355642212,(1.43*sqrt_abs(((pow3((-0.00685+v1))-(0.108/(2.18-v1)))-((-0.0203/(v1-0.371))/(2.76-v1)))))
1799.8273968696594,0.15159870508424203,30.0,0.0,1.0,-0.9878787878787879,true,0.11158246747146272,0.04552620021770428,7.0,(1.4331309749376*(-0.0600651046897804+sqrt_abs(((pow3(v1)-(-0.116814750075606/(2.09863734594998-v1)))-((0.0988922040112171/(2.17750324707467-v1))/(2.75915112069227-v1)))))),-0.9999839486886437,0.0022203813906866076,0.031265248157194434,0.0022203813906866076,2.097154e6,0.03110916097612031,(1.43*(-0.0601+sqrt_abs(((pow3(v1)-(-0.117/(2.1-v1)))-((0.0989/(2.18-v1))/(2.76-v1))))))
1798.417279958725,0.03809452095905061,30.0,0.0,5.0,-1.0,true,0.03165975333903248,0.008831207510986021,7.0,(1.43070480132787*(-0.0114178748321681+sqrt_abs(((pow3(v1)-(0.105811223788498/(2.18498665407243-v1)))-((-0.0211627508850323/(-0.370140331722109+v1))/(2.75913842750325-v1)))))),-0.9999991385520782,0.00011916427835987379,0.007066615579236234,0.00011916427835987379,2.097154e6,0.005914431695713329,(1.43*(-0.0114+sqrt_abs(((pow3(v1)-(0.106/(2.18-v1)))-((-0.0212/(-0.37+v1))/(2.76-v1))))))
1560.6529960632324,0.03544801656097853,30.0,0.0,677.0,-0.9878787878787879,true,0.029460285427526434,0.010416579475725843,7.0,(sqrt_abs(((pow3((v1-0.00718349081518786))-(0.104325245606049/(2.18552697320312-v1)))-((-0.0198744464569979/(-0.37114834256192+v1))/(2.75931841569434-v1))))/0.698426344353976),-0.9999992356601728,0.00010573129451897775,0.006971958249821175,0.00010573129451897775,3.3554433e7,0.005892924827487411,(sqrt_abs(((pow3((v1-0.00718))-(0.104/(2.19-v1)))-((-0.0199/(-0.371+v1))/(2.76-v1))))/0.698)
1795.9696140289307,0.02771581807275895,30.0,0.0,12.0,-1.0,true,0.02303417766340421,0.007333003294346956,7.0,(1.43009936383876*sqrt_abs(((pow3(v1)-(0.100950730732528/(2.18582317349174-v1)))-((-0.00443337706555477/(-0.393467643824934+v1))/(0.323937909640437*(2.76068459202124-v1)))))),-0.9999990637742006,0.00012950831843758578,0.005975970299579667,0.00012950831843758578,3.3554433e7,0.007537394744315251,(1.43*sqrt_abs(((pow3(v1)-(0.101/(2.19-v1)))-((-0.00443/(-0.393+v1))/(0.324*(2.76-v1))))))
1796.6450068950653,0.03755887170823919,30.0,0.0,10.0,-1.0,true,0.031214583725923117,0.008110436329674642,7.0,(1.43170158505994*sqrt_abs(((pow3((v1-0.006850137248592))-(0.10777163724462/(2.18431574984046-v1)))-((-0.0203124301285596/(v1-0.371186893568433))/(2.76311225493124-v1))))),-0.9999991774706511,0.00011378066370796005,0.00683796918467435,0.00011378066370796005,3.3554433e7,0.0054643132372185765,(1.43*sqrt_abs(((pow3((v1-0.00685))-(0.108/(2.18-v1)))-((-0.0203/(v1-0.371))/(2.76-v1)))))
1738.441185951233,0.03746434200750621,30.0,0.0,175.0,-1.0,true,0.031136021588033636,0.007899132614960863,7.0,(1.43168275623197*sqrt_abs(((pow3((v1-0.00676719792837829))-(-0.107576119179721/(-2.18437176491464+v1)))-((-0.0201439835499475/(-0.371754130346192+v1))/(2.76311396880867-v1))))),-0.9999991801590453,0.00011340877755819595,0.006805548582354344,0.00011340877755819595,3.3554433e7,0.005476639843593057,(1.43*sqrt_abs(((pow3((v1-0.00677))-(-0.108/(-2.18+v1)))-((-0.0201/(-0.372+v1))/(2.76-v1)))))
1800.234983921051,0.12716388617064794,30.0,0.0,0.0,-0.9878787878787879,true,0.3110731639161992,0.06707431373786535,6.0,(sqrt_abs(((pow3(v1)-(-0.0758709077003487/(pow3((-1.78329289356735+v1))+(-0.0280373603008705*v1))))-(-0.143358653004236/((4.21184487334418-v1)-v1))))/0.699988946450205),-0.9999191344851766,0.011186144251843704,0.04007993504384353,0.011186144251843704,4.194305e6,0.06339841126571613,(sqrt_abs(((pow3(v1)-(-0.0759/(pow3((-1.78+v1))+(-0.028*v1))))-(-0.143/((4.21-v1)-v1))))/0.7)
1799.947998046875,0.05274837801023265,30.0,0.0,1.0,-1.0,true,0.32956842130095243,0.011972362826599695,6.0,sqrt_abs((2.04066624646269*((pow3(v1)-(-0.0563435254304427/(-2.20100369030733+v1)))-(0.00741276393535402*((-0.773109727788138+v1)/pow3((v1+(v1-0.588319031249872)))))))),-0.9999169364958722,0.011490192590315867,0.011730858982364336,0.011490192590315867,1.6225927682921336e32,0.04848602948603777,sqrt_abs((2.04*((pow3(v1)-(-0.0563/(-2.2+v1)))-(0.00741*((-0.773+v1)/pow3((v1+(v1-0.588))))))))
1799.5527250766754,0.033210333525807705,30.0,0.0,2.0,-1.0,true,0.027600582479152314,0.009400675303287344,7.0,(1.43157165954352*sqrt_abs(((pow3((-0.00622243671748036+v1))-(0.100929350126638/(2.18656539554332-v1)))-((-0.0179978340338817/(-0.377160130830068+v1))/(2.76313590286538-v1))))),-0.9999992787818195,9.976626776186403e-5,0.006667210692827457,9.976626776186403e-5,3.3554433e7,0.006167314425010362,(1.43*sqrt_abs(((pow3((-0.00622+v1))-(0.101/(2.19-v1)))-((-0.018/(-0.377+v1))/(2.76-v1)))))
1778.00514793396,0.037141864425980546,30.0,0.0,63.0,-1.0,true,0.030868015574795016,0.007232806936234426,7.0,(sqrt_abs(((pow3((-0.00650615512897806+v1))-(-0.106917947302121/(-2.18456271574926+v1)))-((-0.0196058384349058/(-0.373560170994608+v1))/(2.7631194481014-v1))))/0.698507578590867),-0.9999991885098235,0.00011225361259044324,0.0067018231881680644,0.00011225361259044324,3.3554433e7,0.0055194760818282115,(sqrt_abs(((pow3((-0.00651+v1))-(-0.107/(-2.18+v1)))-((-0.0196/(-0.374+v1))/(2.76-v1))))/0.699)
1799.955985069275,0.19801393041157664,30.0,0.0,1.0,-0.9878787878787879,true,0.10427236046583388,0.05042530290721377,6.0,(sqrt_abs((pow3(v1)-(-0.262982382406305*((v1/(2.7616049203245-v1))/(((pow3(v1)-(-0.0362325069623201/v1))-0.00891132146935343)-10.583683709551)))))/0.699258294311642),-0.9999874445279835,0.0017368011745597816,0.03769495299305136,0.0017368011745597816,5.902958103587057e20,0.025986561915594387,(sqrt_abs((pow3(v1)-(-0.263*((v1/(2.76-v1))/(((pow3(v1)-(-0.0362/v1))-0.00891)-10.6)))))/0.699)
1799.5699589252472,0.10018667849860324,30.0,0.0,2.0,-0.9878787878787879,true,0.19327044007613114,0.07295319505046083,7.0,(sqrt_abs(((pow3((-0.0619809833015228+v1))-(-0.113767148597435/(-2.18860020386201+v1)))-(-0.0309048943766965/((0.437098764774673/(1.08433490968961-v1))-v1))))/0.692565074522024),-0.9999328048320582,0.009295122194739384,0.0412109164534815,0.009295122194739384,524289.0,0.0744134802247583,(sqrt_abs(((pow3((-0.062+v1))-(-0.114/(-2.19+v1)))-(-0.0309/((0.437/(1.08-v1))-v1))))/0.693)
1750.163712978363,0.03700714925036735,30.0,0.0,142.0,-1.0,true,0.03075605592486208,0.007118791190600414,7.0,(1.43161144605321*sqrt_abs(((pow3((-0.00645014067111975+v1))-(-0.106656200670101/(-2.18464522320711+v1)))-((-0.01945681356623/(-0.374033471683744+v1))/(2.76312096585475-v1))))),-0.999999192349433,0.00011172247857827034,0.0066760099238255335,0.00011172247857827034,3.3554433e7,0.005541302437375451,(1.43*sqrt_abs(((pow3((-0.00645+v1))-(-0.107/(-2.18+v1)))-((-0.0195/(-0.374+v1))/(2.76-v1)))))
1749.143539905548,0.03703159882538855,30.0,0.0,145.0,-1.0,true,0.030776375579629422,0.006942839188943779,7.0,sqrt_abs((2.04947201767446*((pow3((-0.00639298428362845+v1))-(-0.106705060010061/(-2.18462088689998+v1)))-((-0.0194002496921913/(-0.374268293405714+v1))/(2.76312154387218-v1))))),-0.999999190678301,0.00011195364663591231,0.006658479217379161,0.00011195364663591231,6.7108864e7,0.005529981959550001,sqrt_abs((2.05*((pow3((-0.00639+v1))-(-0.107/(-2.18+v1)))-((-0.0194/(-0.374+v1))/(2.76-v1)))))
1798.9190759658813,0.027715818098065333,31.0,0.0,3.0,-1.0,true,0.02303417768443594,0.0073330033007792065,6.0,(1.43009936383845*sqrt_abs(((pow3(v1)-(-0.100950730819527/(-2.18582317346133+v1)))-((-0.0136858853028953/(v1+((v1/v1)*-0.393467643706559)))/(2.76068459201495-v1))))),-0.9999990637741998,0.0001295083185541547,0.005975970293089947,0.0001295083185541547,6.8719476737e10,0.007537394751505144,(1.43*sqrt_abs(((pow3(v1)-(-0.101/(-2.19+v1)))-((-0.0137/(v1+((v1/v1)*-0.393)))/(2.76-v1)))))
635.1083559989929,0.026795415573115055,31.0,0.0,3300.0,-1.0,true,0.022269245715771158,0.006488108382268355,6.0,(1.43010688623082*sqrt_abs((pow3(v1)-(-0.108067414218614*(((v1/(2.74830630534648-v1))-0.219624995717769)/((0.388758359309778*exp((0.165033265002369*pow3(v1))))-v1)))))),-0.9999992765338267,0.00010007723309196669,0.005664545429491654,0.00010007723309196669,1.2433080910244666e86,0.006217795532696513,(1.43*sqrt_abs((pow3(v1)-(-0.108*(((v1/(2.75-v1))-0.22)/((0.389*exp((0.165*pow3(v1))))-v1))))))
1799.0919170379639,0.18101785491463523,31.0,0.0,3.0,-1.0,true,0.3344770310291816,0.10929253560357924,6.0,(sqrt_abs(((pow3(v1)-(0.0775439876472688/(2.19405490717037-v1)))-((-0.00297668183640868/pow3(v1))/(pow3((0.115537541665941+v1))-(v1*0.705538612498619)))))/0.70009979686824),-0.9998952845809699,0.014485306687523708,0.057949323904342744,0.014485306687523708,1.8446744073709552e19,0.07489106092215261,(sqrt_abs(((pow3(v1)-(0.0775/(2.19-v1)))-((-0.00298/pow3(v1))/(pow3((0.116+v1))-(v1*0.706)))))/0.7)
1794.5403170585632,0.027715817873809636,31.0,0.0,16.0,-1.0,true,0.023034177498060582,0.007333003113992969,6.0,(sqrt_abs(((pow3(v1)-(0.100950730458526/(2.18582317358921-v1)))-((-0.0136858852263263/(v1+((v1/v1)*-0.393467643885291)))/(2.76068459202886-v1))))/0.699252111626237),-0.9999990637742068,0.0001295083175779339,0.0059759702259625565,0.0001295083175779339,6.8719476737e10,0.007537394666791597,(sqrt_abs(((pow3(v1)-(0.101/(2.19-v1)))-((-0.0137/(v1+((v1/v1)*-0.393)))/(2.76-v1))))/0.699)
1799.939787864685,0.032617302906332794,31.0,0.0,1.0,-1.0,true,0.027107724118884402,0.011068651464653153,6.0,(1.43011146124146*sqrt_abs(((pow3(v1)-(-0.101170167600455/(-2.18586351871809+v1)))-((-0.00906375244032704/((-0.36626769462693*v1)+(v1*v1)))/(2.76269851611779-v1))))),-0.9999989584703245,0.0001440750265129607,0.006762082207616128,0.0001440750265129607,6.8719476737e10,0.007851699110260934,(1.43*sqrt_abs(((pow3(v1)-(-0.101/(-2.19+v1)))-((-0.00906/((-0.366*v1)+(v1*v1)))/(2.76-v1)))))
1794.8217630386353,0.23703120010484863,32.0,0.0,15.0,-0.9878787878787879,true,0.14315396554796767,0.028782632677736446,6.0,(1.43068342054373*sqrt_abs((pow3((v1+(0.0223237897241756/(2.33306829813888-v1))))-(2.18115950023844/(v1+(-473.472941739971*(v1/((-17.2555629547219*pow3(v1))-v1)))))))),-0.9999661373961735,0.0046842213516339725,0.03646777075338168,0.0046842213516339725,9.671406556917033e24,0.04691350580058171,(1.43*sqrt_abs((pow3((v1+(0.0223/(2.33-v1))))-(2.18/(v1+(-473.0*(v1/((-17.3*pow3(v1))-v1))))))))
1697.866219997406,0.026933130400845995,33.0,0.0,290.0,-1.0,true,0.022383698329095147,0.010283477393232373,7.0,(1.43012431149284*sqrt_abs(((pow3(v1)-(-0.140648006128163/(-3.10521097525794+exp((0.517412078780986*v1)))))-((v1*(0.0342572715217801/(0.396049670543901-v1)))/(2.76233179238516-v1))))),-0.9999992189601178,0.00010804141676137235,0.006955952457676438,0.00010804141676137235,4.398046511105e12,0.006459023560121735,(1.43*sqrt_abs(((pow3(v1)-(-0.141/(-3.11+exp((0.517*v1)))))-((v1*(0.0343/(0.396-v1)))/(2.76-v1)))))
1799.3238039016724,0.3455858026706224,33.0,0.0,2.0,-0.9757575757575757,true,0.2872108900328362,0.09712309653751092,7.0,(1.4496194372372*sqrt_abs(((pow3((-0.0863685845564712+v1))-(-0.00231654772979359/(-2.21888172967158+v1)))-((0.0118017396674428/(pow3(v1)-(v1*0.542085401676657)))/(2.33720066993802-v1))))),-0.9998805752344344,0.016520053792700745,0.07503899329386923,0.016520053792700745,1.37438953473e11,0.08839649692490016,(1.45*sqrt_abs(((pow3((-0.0864+v1))-(-0.00232/(-2.22+v1)))-((0.0118/(pow3(v1)-(v1*0.542)))/(2.34-v1)))))
1799.6533770561218,0.04545342497346966,33.0,0.0,1.0,-0.9878787878787879,true,0.035969137410748586,0.020396332763472205,7.0,(1.43087488663022*(-0.0149371864290175+sqrt_abs(((pow3(v1)-(-0.116030011537166/(-2.18212352790607+v1)))-((-0.538148981556264/(v1+(pow3(v1)*17.117554301044)))/(2.76262607090289-v1)))))),-0.9999984732440649,0.00021119648053748809,0.012803610811247198,0.00021119648053748809,8.589934594e9,0.009274102134330641,(1.43*(-0.0149+sqrt_abs(((pow3(v1)-(-0.116/(-2.18+v1)))-((-0.538/(v1+(pow3(v1)*17.1)))/(2.76-v1))))))
1799.3381750583649,0.07509411787713659,33.0,0.0,2.0,-0.9878787878787879,true,0.31904123968248754,0.06590008081781615,7.0,(1.57175036445993*sqrt_abs(((pow3(v1)-1.28245313874376)-(((0.213845277453411*((pow3(v1)-(2.09127023683304/v1))-(1.24943263861847/(2.67698056814897-v1))))-v1)*0.837263310460164)))),-0.9998766932077391,0.017057055389718988,0.042788418850985874,0.017057055389718988,1.048577e6,0.09146854078451569,(1.57*sqrt_abs(((pow3(v1)-1.28)-(((0.214*((pow3(v1)-(2.09/v1))-(1.25/(2.68-v1))))-v1)*0.837))))
1345.0744700431824,0.026421045010501167,33.0,0.0,1287.0,-1.0,true,0.02234758719849883,0.00952374173612265,7.0,(1.43012586888195*sqrt_abs(((pow3(v1)-(-0.140315965134991/(-3.1088168443812+exp((0.517909823972718*v1)))))-((v1*(0.034258802312535/(0.395846297057338-v1)))/(2.7623318193175-v1))))),-0.9999992319121273,0.00010624976247116234,0.006721994294321634,0.00010624976247116234,4.398046511105e12,0.006278414535537791,(1.43*sqrt_abs(((pow3(v1)-(-0.14/(-3.11+exp((0.518*v1)))))-((v1*(0.0343/(0.396-v1)))/(2.76-v1)))))
1797.5741488933563,0.18331187280648545,33.0,0.0,7.0,-0.9878787878787879,true,0.1331251781924001,0.08923567161413862,7.0,(1.43061226010101*sqrt_abs((pow3((v1+(0.0306638423826451/(2.33132197968446-v1))))-(-0.245041991417114/(v1+((pow3(v1)-(24.3507343826599/(4.31106944764051-v1)))*3.32355876417801)))))),-0.9999603713381212,0.005481841415976138,0.054636451253562965,0.005481841415976138,7.555786372591432e22,0.06256616688252029,(1.43*sqrt_abs((pow3((v1+(0.0307/(2.33-v1))))-(-0.245/(v1+((pow3(v1)-(24.4/(4.31-v1)))*3.32))))))
1369.3517229557037,0.02366101160103503,33.0,0.0,1218.0,-1.0,true,0.019664292191677535,0.0027275094704247308,7.0,(sqrt_abs(((pow3(v1)-(0.0661328610154106/(pow3((1.8001223199772-v1))-(v1*-0.0232949105557069))))-((-0.00348447410489874/(-0.430193383283493+v1))/(2.76261047493797-v1))))/0.699232595443285),-0.9999996314710404,5.097869112463334e-5,0.003590950002076139,5.097869112463334e-5,5.36870913e8,0.004156167079782724,(sqrt_abs(((pow3(v1)-(0.0661/(pow3((1.8-v1))-(v1*-0.0233))))-((-0.00348/(-0.43+v1))/(2.76-v1))))/0.699)
1791.0775680541992,0.023441941983216523,33.0,0.0,26.0,-1.0,true,0.019482226900144783,0.0029925800759558695,7.0,(sqrt_abs(((pow3(v1)-(-0.0659596334073052/((-0.0230538758490734*v1)+pow3((-1.80122442406161+v1)))))-((-0.00339919748052209/(-0.430668576637288+v1))/(2.76262776523773-v1))))/0.699233021269077),-0.9999996319091455,5.0918087949673676e-5,0.003690309888380307,5.0918087949673676e-5,5.36870913e8,0.004269825507215219,(sqrt_abs(((pow3(v1)-(-0.066/((-0.0231*v1)+pow3((-1.8+v1)))))-((-0.0034/(-0.431+v1))/(2.76-v1))))/0.699)
1345.0744700431824,0.026421045010501167,33.0,0.0,1287.0,-1.0,true,0.02234758719849883,0.00952374173612265,7.0,(1.43012586888195*sqrt_abs(((pow3(v1)-(-0.140315965134991/(-3.1088168443812+exp((0.517909823972718*v1)))))-((v1*(0.034258802312535/(0.395846297057338-v1)))/(2.7623318193175-v1))))),-0.9999992319121273,0.00010624976247116234,0.006721994294321634,0.00010624976247116234,4.398046511105e12,0.006278414535537791,(1.43*sqrt_abs(((pow3(v1)-(-0.14/(-3.11+exp((0.518*v1)))))-((v1*(0.0343/(0.396-v1)))/(2.76-v1)))))
1689.6743009090424,0.02343778995961614,33.0,0.0,314.0,-1.0,true,0.01947877621905636,0.0029979090000492627,7.0,(sqrt_abs(((pow3(v1)-(0.0659549325150502/(pow3((1.80124511559971-v1))-(v1*-0.023049640674219))))-((-0.00339691422105743/(-0.430681393164862+v1))/(2.76262822725859-v1))))/0.699233024374817),-0.9999996319137814,5.091744667212025e-5,0.003692950693927815,5.091744667212025e-5,5.36870913e8,0.004271915818715721,(sqrt_abs(((pow3(v1)-(0.066/(pow3((1.8-v1))-(v1*-0.023))))-((-0.0034/(-0.431+v1))/(2.76-v1))))/0.699)
