time,generation,mean age hall_of_fame,mean compl,mean recursive_compl,mean n_params,min mae,min mse,min max_ae,min minus_r2,min mare,min q75_are,min max_are,min ms_processed_e,min minus_spearman,max penalty
10.883419036865234,1.0,0.0,7.333333333333333,7.158402881666666e8,0.8333333333333334,1.7425753413473316e26,6.217833392519349e53,4.116736214466029e27,0.002350717838149441,0.9999999999832574,1.0,1.0,6.217833392519349e53,-0.838456103166026,4.5
16.738411903381348,12.0,2.375,6.0,78.5,0.875,4.362772472549375e24,1.8209743651555315e50,6.30849644069009e25,-0.9997064483965951,0.10335777255719897,0.14629822711928042,0.2229308720477514,1.8209743651555315e50,-0.9995550611790879,3.0
21.782546997070312,30.0,8.5,5.5,10.125,0.875,4.362772473284147e24,1.82097436515539e50,6.308496440232583e25,-0.9997064483965952,0.10335777255393051,0.14629822711305707,0.22293087205728465,1.82097436515539e50,-0.9995550611790879,3.0
27.057224988937378,52.0,21.2,6.9,19.7,0.9,8.304437052838841e23,1.1753314082640472e49,1.8479059030963517e25,-0.9999810529776789,0.10335776668725742,0.14629821546497826,0.22293087219184443,1.1753314082640472e49,-0.9995550611790879,3.0
32.293009996414185,71.0,30.384615384615383,9.0,83211.23076923077,1.0769230769230769,8.305581490710862e23,1.1753313257481473e49,1.8478779989194837e25,-0.9999810529790091,0.08221569836020785,0.09145919746779739,0.22293087219184443,1.1753313257481473e49,-0.9995550611790879,4.0
37.36287188529968,87.0,30.526315789473685,12.105263157894736,1.1893455919680026e58,1.2105263157894737,6.344902156582994e23,4.259024888940854e48,8.665520546107117e24,-0.9999931342054615,0.08196792261001576,0.09153830102554475,0.22293087257647956,4.259024888940854e48,-0.9995550611790879,4.0
42.462064027786255,103.0,38.714285714285715,12.857142857142858,8.560443499344361e306,1.1904761904761905,6.34489775343592e23,4.259024887834056e48,8.665520551696004e24,-0.9999931342054633,0.08153757324581722,0.09907127403851425,0.2194970975705746,4.259024887834056e48,-0.9995550611790879,4.0
47.587116956710815,119.0,45.08695652173913,13.826086956521738,7.816057108097024e306,1.2608695652173914,6.34489775343592e23,4.259024887834056e48,8.665520557075777e24,-0.9999931342054633,0.08153757324581722,0.09907127403851425,0.21949307238897509,4.259024887834056e48,-0.9995550611790879,4.0
52.68558597564697,135.0,60.40909090909091,13.590909090909092,8.171332431192344e306,1.2272727272727273,6.34489775343592e23,4.259024887834056e48,8.665520557075777e24,-0.9999931342054633,0.08153757324581722,0.09907127403851425,0.22293087257647956,4.259024887834056e48,-0.9995550611790879,4.0
57.82287907600403,151.0,62.791666666666664,14.291666666666666,7.490388061926316e306,1.25,6.34489775343592e23,4.2560464367492525e48,8.476893265405177e24,-0.9999931390068988,0.10112969201000578,0.14629821546497826,0.22293087257647956,4.2560464367492525e48,-0.9995550611790879,4.0
62.87805199623108,167.0,75.6086956521739,14.217391304347826,7.816057108097024e306,1.2608695652173914,6.34489775343592e23,4.2560464367492525e48,8.476893265405177e24,-0.9999931390068988,0.10112969201000578,0.14629821546497826,0.22293087257647956,4.2560464367492525e48,-0.9995550611790879,4.0
68.05227589607239,183.0,85.16666666666667,14.416666666666666,7.490388061926316e306,1.25,6.34489775343592e23,4.2560464367492525e48,8.476893265405177e24,-0.9999931390068988,0.10044415108819772,0.14629821546497826,0.22293087257647956,4.2560464367492525e48,-0.9995550611790879,4.0
73.18480396270752,199.0,88.70833333333333,14.25,2.72063441620415e174,1.25,6.344873134821498e23,4.223365335967637e48,7.266666918133053e24,-0.9999931916907241,0.10044415108819772,0.14629821546497826,0.22293087257647956,4.223365335967637e48,-1.0,4.0
78.45469808578491,215.0,95.57692307692308,14.692307692307692,6.91420436485506e306,1.2307692307692308,6.344873134821498e23,4.223365335967637e48,7.266666918133053e24,-0.9999931916907241,0.10044415108611947,0.14629821546497826,0.22293087257647956,4.223365335967637e48,-1.0,4.0
83.7036759853363,231.0,105.88888888888889,14.925925925925926,6.658122721712281e306,1.2592592592592593,6.344873134821498e23,4.223365335967637e48,7.266666918133053e24,-0.9999931916907241,0.10044415108611947,0.14629821546497826,0.22293087257647956,4.223365335967637e48,-1.0,4.0
88.74818301200867,246.0,124.95833333333333,14.208333333333334,2.72063441620415e174,1.2916666666666667,5.225194377120587e23,1.6988946416240755e48,5.009882502453932e24,-0.9999972612835435,0.10112969201000578,0.14629821546497826,0.22293087257647956,1.6988946416240755e48,-1.0,4.0
93.87758207321167,261.0,143.7826086956522,13.869565217391305,2.838922869082591e174,1.2608695652173914,5.225194377120587e23,1.6988946416240755e48,5.009882502453932e24,-0.9999972612835435,0.10112969201000578,0.14629821546497826,0.22293087257647956,1.6988946416240755e48,-1.0,4.0
99.11571598052979,276.0,139.96153846153845,14.615384615384615,6.91420436485506e306,1.2692307692307692,5.225194377120587e23,1.6988946416240755e48,5.009882502453932e24,-0.9999972612835435,0.10112969201000578,0.14629821546497826,0.22292959534495244,1.6988946416240755e48,-1.0,6.0
104.37743997573853,291.0,153.23076923076923,14.615384615384615,6.91420436485506e306,1.2692307692307692,5.225194377120587e23,1.6988946416240755e48,5.009882502453932e24,-0.9999972612835435,0.10112969201000578,0.14629821546497826,0.22292959534495244,1.6988946416240755e48,-1.0,6.0
109.73089599609375,306.0,163.92307692307693,14.615384615384615,6.91420436485506e306,1.2692307692307692,5.225198178006275e23,1.6988946397845502e48,5.009879831907039e24,-0.9999972612835465,0.10112969201000578,0.14629821546497826,0.22292959534495244,1.6988946397845502e48,-1.0,6.0
114.77184200286865,320.0,156.32142857142858,15.357142857142858,6.420332624508271e306,1.2857142857142858,3.138063809721139e23,7.949123595891135e47,4.007936578503526e24,-0.9999987185552845,0.10335776668725742,0.14629821546497826,0.22292959534495244,7.949123595891135e47,-1.0,6.0
119.84993696212769,334.0,175.5,14.653846153846153,2.1688483750613217e97,1.2692307692307692,3.138063809721139e23,7.949123595891135e47,4.007936578503526e24,-0.9999987185552845,0.10335776668725742,0.14629821546497826,0.22292959534495244,7.949123595891135e47,-1.0,6.0
125.0886549949646,349.0,175.64285714285714,15.678571428571429,3.627974900895697e113,1.2857142857142858,3.138063809721139e23,7.704187303258954e47,3.729081689779067e24,-0.999998758040432,0.10335776668725742,0.14629821546497826,0.22292959534495244,7.704187303258954e47,-1.0,6.0
130.15064001083374,363.0,181.06896551724137,16.137931034482758,6.804921085823525e197,1.3103448275862069,3.138063809721139e23,7.704187303258633e47,3.729081689770271e24,-0.999998758040432,0.10335776668725742,0.14629821546497826,0.22292959534495244,7.704187303258633e47,-1.0,6.0
135.23233604431152,377.0,174.96774193548387,16.838709677419356,5.799010112459083e306,1.3548387096774193,2.474351538392621e23,3.9692974473072885e47,2.3836854641803677e24,-0.9999993601262861,0.10335776668725742,0.14629821546497826,0.22292959534495244,3.9692974473072885e47,-1.0,6.0
140.37012791633606,391.0,203.5185185185185,15.185185185185185,6.658122721712281e306,1.3703703703703705,2.1233279827544942e23,3.5397697374313e47,2.84613482379012e24,-0.9999994293686381,0.10335776668725742,0.14629821546497826,0.22292959534495244,3.5397697374313e47,-1.0,6.0
145.47516298294067,405.0,207.35714285714286,15.535714285714286,6.420332624508271e306,1.3928571428571428,2.1233279827544942e23,3.5397697374313e47,2.84613482379012e24,-0.9999994293686381,0.10335776668725742,0.14629821546497826,0.22292959534495244,3.5397697374313e47,-1.0,6.0
150.58239698410034,419.0,204.1,16.166666666666668,Inf,1.4333333333333333,2.1233279827544942e23,3.5397697374313e47,2.84613482379012e24,-0.9999994293686381,0.10335776668725742,0.14629821546497826,0.22292959534495244,3.5397697374313e47,-1.0,6.0
155.68733406066895,433.0,215.5,16.166666666666668,Inf,1.4333333333333333,2.1233279827544942e23,3.5397697374313e47,2.84613482379012e24,-0.9999994293686381,0.08071406158657594,0.09199322783269615,0.22292959534495244,3.5397697374313e47,-1.0,6.0
160.85688996315002,447.0,209.58064516129033,16.387096774193548,Inf,1.4193548387096775,2.1233279697294197e23,3.539769737386514e47,2.8461348236826966e24,-0.9999994293686381,0.08071522573760499,0.09201175306033688,0.22292959534495244,3.539769737386514e47,-1.0,6.0
166.07413792610168,461.0,223.6,15.933333333333334,Inf,1.3666666666666667,2.1233279697294197e23,3.539769737386514e47,2.8461348236826966e24,-0.9999994293686381,0.08071514283417111,0.09200909623430038,0.22292959534495244,3.539769737386514e47,-1.0,6.0
171.38274097442627,475.0,231.53333333333333,15.933333333333334,Inf,1.3666666666666667,2.1233279697294197e23,3.539769737386514e47,2.8461348236826966e24,-0.9999994293686381,0.08071507455138094,0.0920069079593338,0.22292959534495244,3.539769737386514e47,-1.0,6.0
176.40877509117126,488.0,242.06666666666666,15.933333333333334,Inf,1.3666666666666667,2.1233279697294197e23,3.539769737386514e47,2.8461348236826966e24,-0.9999994293686381,0.08071503392886961,0.09200560611989061,0.22292959534495244,3.539769737386514e47,-1.0,6.0
181.6926610469818,502.0,250.43333333333334,15.933333333333334,Inf,1.3666666666666667,2.1233279697294197e23,3.539769737386514e47,2.8461348236826966e24,-0.9999994293686381,0.09357376511563226,0.14629821546497826,0.22292959534495244,3.539769737386514e47,-1.0,6.0
187.04923701286316,516.0,311.12,13.92,Inf,1.24,2.1233279697294197e23,3.539769737386514e47,2.8461348236826966e24,-0.9999994293686381,0.10335776668725742,0.14629821546497826,0.22292959534495244,3.539769737386514e47,-1.0,6.0
192.3804430961609,530.0,324.68,13.92,Inf,1.24,2.1233279697294197e23,3.539769737386514e47,2.8461348236826966e24,-0.9999994293686381,0.10335776668725742,0.14629821546497826,0.22292959534495244,3.539769737386514e47,-1.0,6.0
197.39817905426025,543.0,318.5,14.538461538461538,Inf,1.2692307692307692,2.123313644163415e23,3.5397696890092365e47,2.846134705533848e24,-0.9999994293686458,0.10335776668725742,0.14629821546497826,0.22292959534495244,3.5397696890092365e47,-1.0,6.0
202.5518720149994,556.0,318.6666666666667,15.037037037037036,Inf,1.2962962962962963,2.123313644163415e23,3.5397696890092365e47,2.846134705533848e24,-0.9999994293686458,0.10335776668725742,0.14629821546497826,0.22292959534495244,3.5397696890092365e47,-1.0,6.0
207.61059188842773,569.0,319.32142857142856,15.5,Inf,1.2857142857142858,2.0768447988015325e23,3.407329572922825e47,2.8424654711206233e24,-0.9999994507187588,0.10335776668725742,0.14629821546497826,0.22292959534495244,3.407329572922825e47,-1.0,6.0
212.71154403686523,582.0,315.2142857142857,15.464285714285714,Inf,1.3214285714285714,2.0768447988015325e23,3.2226522450119764e47,2.3686744000334172e24,-0.9999994804898126,0.10335776668725742,0.14629821546497826,0.22292959534495244,3.2226522450119764e47,-1.0,6.0
217.83183598518372,595.0,327.9230769230769,14.692307692307692,Inf,1.3076923076923077,2.077180588742256e23,3.0972109232850844e47,2.1479169440266088e24,-0.9999995007116794,0.08064271135181558,0.0944639731851273,0.22292959534495244,3.0972109232850844e47,-1.0,6.0
222.9040129184723,608.0,327.2962962962963,15.0,Inf,1.3333333333333333,2.077180588742256e23,3.0937131736198805e47,2.109428486761327e24,-0.9999995012755369,0.08064271135182076,0.09446397318508376,0.22292959534495244,3.0937131736198805e47,-1.0,6.0
228.03007006645203,621.0,315.55172413793105,15.89655172413793,Inf,1.3793103448275863,1.2493537071207698e23,1.2988316604615729e47,1.6240424514154692e24,-0.9999997906208216,0.08064271135182076,0.09446397318508376,0.22292959534495244,1.2988316604615729e47,-1.0,6.0
233.2164330482483,634.0,337.60714285714283,15.285714285714286,Inf,1.4285714285714286,1.2229240441280212e23,1.2968344068164657e47,1.6058841994783698e24,-0.9999997909427905,0.07336335457371951,0.09194502758264175,0.22292959534495244,1.2968344068164657e47,-1.0,6.0
238.4071650505066,647.0,346.57142857142856,15.25,Inf,1.4285714285714286,1.2229240441280212e23,1.2968344068164657e47,1.6058841994783698e24,-0.9999997909427905,0.07336335457371951,0.09194502758264175,0.22292959534495244,1.2968344068164657e47,-1.0,6.0
243.6397180557251,660.0,353.92857142857144,15.25,Inf,1.4285714285714286,1.2229240441280212e23,1.2968344068164657e47,1.6058841994783698e24,-0.9999997909427905,0.07336335457371951,0.09194502758264175,0.22292959534495244,1.2968344068164657e47,-1.0,6.0
249.0014510154724,673.0,358.57142857142856,15.25,Inf,1.4285714285714286,1.2229240441280212e23,1.2968344068164657e47,1.6058841994783698e24,-0.9999997909427905,0.07336335457421524,0.09194502758418854,0.22292959534495244,1.2968344068164657e47,-1.0,6.0
254.33194708824158,686.0,367.35714285714283,15.357142857142858,Inf,1.4285714285714286,1.2229240441280212e23,1.2968344068164657e47,1.6058841994783698e24,-0.9999997909427905,0.07336335457474903,0.09194502758585452,0.22292959534495244,1.2968344068164657e47,-1.0,6.0
259.3386170864105,698.0,341.17857142857144,15.75,Inf,1.4642857142857142,1.136878637643785e23,9.580248435970345e46,1.4063405770252226e24,-0.9999998455608523,0.07316490325522776,0.09086880526171656,0.22292959534495244,9.580248435970345e46,-1.0,6.0
264.3574550151825,710.0,339.37931034482756,16.24137931034483,Inf,1.5172413793103448,9.078500968671155e22,8.183636907556829e46,1.3914035684237017e24,-0.9999998680750382,0.07316351015867274,0.0908637197813587,0.22292959534495244,8.183636907556829e46,-1.0,6.0
269.3607039451599,722.0,338.8333333333333,16.466666666666665,Inf,1.5,9.078220501665783e22,8.183626143216034e46,1.3914027136506255e24,-0.9999998680752117,0.07316241766223684,0.09085973904927494,0.22292959534495244,8.183626143216034e46,-1.0,6.0
274.4389901161194,734.0,310.96774193548384,16.774193548387096,Inf,1.5806451612903225,9.077954189564518e22,8.183616058445561e46,1.219498003188978e24,-0.9999998680753743,0.07316107834804007,0.09085486023148548,0.22292959534495244,8.183616058445561e46,-1.0,6.0
279.5061628818512,746.0,328.82758620689657,15.96551724137931,Inf,1.5172413793103448,9.077763315538241e22,8.183608911891236e46,1.391401320363196e24,-0.9999998680754895,0.07562641759368502,0.09417774568075221,0.22292959534495244,8.183608911891236e46,-1.0,6.0
284.51589798927307,758.0,366.11538461538464,15.923076923076923,Inf,1.6923076923076923,9.077345751307643e22,8.183593514957018e46,1.3914000478342912e24,-0.9999998680757377,0.07562641759368502,0.09417774568075221,0.22292959534495244,8.183593514957018e46,-1.0,6.0
289.6490309238434,770.0,310.44444444444446,16.25925925925926,Inf,1.7407407407407407,9.077069835855955e22,8.183583519672703e46,1.3913992069810816e24,-0.9999998680758988,0.07562641759368502,0.09417774568075221,0.22292959534495244,8.183583519672703e46,-1.0,6.0
294.7088129520416,782.0,331.11538461538464,15.76923076923077,Inf,1.7307692307692308,9.076811220677887e22,8.183574280139906e46,1.3487288657905272e24,-0.9999998680760478,0.08064271167467482,0.09446375140285786,0.22292959534495244,8.183574280139906e46,-1.0,6.0
299.79769706726074,794.0,326.9259259259259,15.962962962962964,Inf,1.7777777777777777,9.076616053479551e22,8.183567390076313e46,1.1682817458560901e24,-0.9999998680761588,0.07562658383371067,0.07558250227026614,0.22292959534495244,8.183567390076313e46,-1.0,6.0
304.81301188468933,806.0,390.7826086956522,14.0,Inf,1.5217391304347827,9.07647617161154e22,8.183562495518524e46,1.391397397787554e24,-0.9999998680762378,0.08064271167467482,0.09446375140285786,0.22292959534495244,8.183562495518524e46,-1.0,6.0
310.0523109436035,819.0,399.0,14.0,Inf,1.5217391304347827,9.076297918962366e22,8.183556311274794e46,1.391396854562092e24,-0.9999998680763375,0.08064271167467482,0.09446375140285786,0.22292959534495244,8.183556311274794e46,-1.0,6.0
315.37566208839417,832.0,410.8695652173913,14.0,7.816057108097024e306,1.5217391304347827,7.850567890469195e22,5.257611509495199e46,1.1184804566665634e24,-0.9999999152442606,0.08064271167467482,0.07981345430827459,0.22292959534495244,5.257611509495199e46,-1.0,6.0
320.7446930408478,845.0,422.82608695652175,14.0,7.816057108097024e306,1.5217391304347827,7.850567890469195e22,5.257611509495199e46,1.1184804566665634e24,-0.9999999152442606,0.08064271167467482,0.07981345430827459,0.22292959534495244,5.257611509495199e46,-1.0,6.0
326.101438999176,858.0,434.69565217391306,14.0,7.816057108097024e306,1.5217391304347827,7.850567890469195e22,5.257611509495199e46,1.1184804566665634e24,-0.9999999152442606,0.08064271167467482,0.07981345430827459,0.22292959534495244,5.257611509495199e46,-1.0,6.0
331.35975098609924,871.0,440.95652173913044,14.0,7.816057108097024e306,1.5217391304347827,7.850567890469195e22,5.257611509495199e46,1.1184804566665634e24,-0.9999999152442606,0.08064271167467482,0.07981345430827459,0.22292959534495244,5.257611509495199e46,-1.0,6.0
336.6459250450134,884.0,433.9583333333333,14.625,7.490388061926316e306,1.625,7.850567890469195e22,5.257611509495199e46,1.1184804566665634e24,-0.9999999152442606,0.08064271167467482,0.07981345430827459,0.22292959534495244,5.257611509495199e46,-1.0,6.0
341.9577600955963,897.0,445.4583333333333,14.625,7.490388061926316e306,1.625,7.850567890469195e22,5.257611509495199e46,1.1184804566665634e24,-0.9999999152442606,0.08064271167467482,0.07981345430827459,0.22292959534495244,5.257611509495199e46,-1.0,6.0
347.3127040863037,910.0,452.7916666666667,14.625,7.490388061926316e306,1.625,7.850567890469195e22,5.257611509495199e46,1.1184804566665634e24,-0.9999999152442606,0.08064271167467482,0.07981345430827459,0.22292959534495244,5.257611509495199e46,-1.0,6.0
352.56089091300964,923.0,464.2916666666667,14.625,7.490388061926316e306,1.625,7.850567890469195e22,5.257611509495199e46,1.1184804566665634e24,-0.9999999152442606,0.08064271167467482,0.07981345430827459,0.22292959534495244,5.257611509495199e46,-1.0,6.0
357.916405916214,936.0,456.72,15.16,7.190772539449263e306,1.72,7.850567890469195e22,5.257611509495199e46,1.1184804566665634e24,-0.9999999152442606,0.08064271167467482,0.07981345430827459,0.22292959534495244,5.257611509495199e46,-1.0,6.0
363.2748830318451,949.0,467.8,14.96,7.190772539449263e306,1.64,7.850567890469195e22,5.257611509495199e46,1.1184804566665634e24,-0.9999999152442606,0.08064271167467482,0.07981345430827459,0.22292959534495244,5.257611509495199e46,-1.0,6.0
368.4889099597931,962.0,478.52,14.96,7.190772539449263e306,1.64,7.850567890469195e22,5.257611509495199e46,1.1184804566665634e24,-0.9999999152442606,0.08064271167467482,0.07981345430827459,0.22292959534495244,5.257611509495199e46,-1.0,6.0
373.69984793663025,975.0,510.30434782608694,15.304347826086957,7.816057108097024e306,1.6956521739130435,7.850567890469195e22,5.257611509495199e46,1.1184804566665634e24,-0.9999999152442606,0.08064271167467482,0.07981345430827459,0.22292959534495244,5.257611509495199e46,-1.0,6.0
378.99246096611023,988.0,480.12,16.2,7.190772539449263e306,1.84,7.850567890469195e22,5.257611509495199e46,1.1184804566665634e24,-0.9999999152442606,0.08064271167467482,0.07981345430827459,0.22292959534495244,5.257611509495199e46,-1.0,6.0
384.3020429611206,1001.0,487.68,16.2,7.190772539449263e306,1.84,7.850567890469195e22,5.257611509495199e46,1.1184804566665634e24,-0.9999999152442606,0.08064271167467482,0.07981345430827459,0.22292959534495244,5.257611509495199e46,-1.0,6.0
389.5634870529175,1014.0,508.60869565217394,15.565217391304348,7.816057108097024e306,1.8695652173913044,7.850567890469195e22,5.257611509495199e46,1.1184804566665634e24,-0.9999999152442606,0.07562420513809248,0.07981345430827459,0.22292959534495244,5.257611509495199e46,-1.0,6.0
394.86365509033203,1027.0,507.7826086956522,15.565217391304348,7.816057108097024e306,1.9130434782608696,5.506919771635985e22,4.307893828382635e46,1.0821497307093622e24,-0.9999999305542591,0.07562532473526017,0.09418258323497564,0.22292959534495244,4.307893828382635e46,-1.0,6.0
400.0946979522705,1040.0,518.0434782608696,15.565217391304348,7.816057108097024e306,1.9130434782608696,5.5069197647093755e22,4.3078938281100137e46,1.0821497306715751e24,-0.9999999305542591,0.07562570735635801,0.09418087701718336,0.22292959534495244,4.3078938281100137e46,-1.0,6.0
405.3327260017395,1053.0,553.1363636363636,14.954545454545455,8.171332431192344e306,1.8181818181818181,5.5069197647093755e22,4.3078938281100137e46,1.0821497306715751e24,-0.9999999305542591,0.07562570735635801,0.09418087701718336,0.22292959534495244,4.3078938281100137e46,-1.0,6.0
410.5288360118866,1066.0,565.2272727272727,14.954545454545455,8.171332431192344e306,1.8181818181818181,5.5069197647093755e22,4.3078938281100137e46,1.0821497306715751e24,-0.9999999305542591,0.07562570735635801,0.09418087701718336,0.22292959534495244,4.3078938281100137e46,-1.0,6.0
415.7691171169281,1079.0,573.3181818181819,14.954545454545455,8.171332431192344e306,1.8181818181818181,5.5069197647093755e22,4.3078938281100137e46,1.0821497306715751e24,-0.9999999305542591,0.07562570735635801,0.09418087701718336,0.22292959534495244,4.3078938281100137e46,-1.0,6.0
420.99001002311707,1092.0,569.9090909090909,14.954545454545455,8.171332431192344e306,1.8181818181818181,5.5069197647093755e22,4.3078938281100137e46,1.0821497306715751e24,-0.9999999305542591,0.07562570735635801,0.09418087701718336,0.22292959534495244,4.3078938281100137e46,-1.0,6.0
426.2086908817291,1105.0,581.7272727272727,14.954545454545455,8.171332431192344e306,1.8181818181818181,5.5069197647093755e22,4.3078938281100137e46,1.0821497306715751e24,-0.9999999305542591,0.07562570735635801,0.09418087701718336,0.22292959534495244,4.3078938281100137e46,-1.0,6.0
431.4634680747986,1118.0,593.6818181818181,14.954545454545455,8.171332431192344e306,1.8181818181818181,5.5069197647093755e22,4.3078938281100137e46,1.0821497306715751e24,-0.9999999305542591,0.07562570735635801,0.09418087701718336,0.22292959534495244,4.3078938281100137e46,-1.0,6.0
436.6825180053711,1131.0,579.0434782608696,15.304347826086957,7.816057108097024e306,1.8695652173913044,5.5069197647093755e22,4.3078938281100137e46,1.0821497306715751e24,-0.9999999305542591,0.07562570735635801,0.09418087701718336,0.22292959534495244,4.3078938281100137e46,-1.0,6.0
441.94570302963257,1144.0,564.5,15.875,7.490388061926316e306,1.9166666666666667,5.5069197647093755e22,4.3078938281100137e46,1.0821497306715751e24,-0.9999999305542591,0.07562570735635801,0.09418087701718336,0.22292959534495244,4.3078938281100137e46,-1.0,6.0
447.18563199043274,1157.0,576.0833333333334,15.875,7.490388061926316e306,1.9166666666666667,5.5069197647093755e22,4.3078938281100137e46,1.0821497306715751e24,-0.9999999305542591,0.07562570735635801,0.09418087701718336,0.22292959534495244,4.3078938281100137e46,-1.0,6.0
452.4108440876007,1170.0,588.7083333333334,15.875,7.490388061926316e306,1.9166666666666667,5.5069197647093755e22,4.3078938281100137e46,1.0821497306715751e24,-0.9999999305542591,0.07562570735635801,0.09418087701718336,0.22292959534495244,4.3078938281100137e46,-1.0,6.0
457.7050840854645,1183.0,564.92,15.68,7.190772539449263e306,1.92,5.5069197647093755e22,4.3078938281100137e46,9.326106649100746e23,-0.9999999305542591,0.07562570735635801,0.0779422800641768,0.22292959534495244,4.3078938281100137e46,-1.0,6.0
462.9392120838165,1196.0,573.16,15.68,7.190772539449263e306,1.92,5.5069197647093755e22,4.3078938281100137e46,9.333308507619712e23,-0.9999999305542591,0.07562570735635801,0.07795794936770709,0.22292959534495244,4.3078938281100137e46,-1.0,6.0
468.17363691329956,1209.0,583.92,15.68,7.190772539449263e306,1.92,5.5069197647093755e22,4.3078938281100137e46,9.33473497609155e23,-0.9999999305542591,0.07562570735635801,0.07803381590356137,0.22292959534495244,4.3078938281100137e46,-1.0,6.0
473.3960859775543,1222.0,595.2,15.68,7.190772539449263e306,1.92,5.5069197647093755e22,4.3078938281100137e46,9.340409954094593e23,-0.9999999305542591,0.07562570735635801,0.07981345439471998,0.22292959534495244,4.3078938281100137e46,-1.0,6.0
478.6311800479889,1235.0,606.64,15.68,7.190772539449263e306,1.92,5.5069197647093755e22,4.3078938281100137e46,9.34637399641511e23,-0.9999999305542591,0.07562570735635801,0.07981345439471998,0.22292959534495244,4.3078938281100137e46,-1.0,6.0
483.9206440448761,1248.0,618.28,15.68,7.190772539449263e306,1.92,5.5069197647093755e22,4.3078938281100137e46,9.348037082839467e23,-0.9999999305542591,0.07562570735635801,0.07981345439471998,0.22292959534495244,4.3078938281100137e46,-1.0,6.0
489.25227308273315,1261.0,626.44,15.68,7.190772539449263e306,1.92,5.5069197647093755e22,4.3078938281100137e46,9.349503133114823e23,-0.9999999305542591,0.07562570735635801,0.07981345439471998,0.22292959534495244,4.3078938281100137e46,-1.0,6.0
494.44917011260986,1274.0,567.2692307692307,16.03846153846154,6.91420436485506e306,1.9615384615384615,5.5069197647093755e22,4.3078938281100137e46,9.351633403462537e23,-0.9999999305542591,0.07562570735635801,0.07981345439471998,0.22292959534495244,4.3078938281100137e46,-1.0,6.0
499.776978969574,1287.0,533.6153846153846,16.0,6.91420436485506e306,1.9615384615384615,5.5069197647093755e22,4.3078938281100137e46,9.353141823382735e23,-0.9999999305542591,0.07562570735635801,0.07981345439471998,0.22292959534495244,4.3078938281100137e46,-1.0,6.0
505.065927028656,1300.0,565.25,15.5,7.490388061926316e306,1.9166666666666667,5.5069197647093755e22,4.3078938281100137e46,9.354194163586885e23,-0.9999999305542591,0.07562570735635801,0.07981345439471998,0.22292959534495244,4.3078938281100137e46,-1.0,6.0
510.3669180870056,1313.0,576.2916666666666,15.5,7.490388061926316e306,1.9166666666666667,5.5069197647093755e22,4.3078938281100137e46,9.355521494647157e23,-0.9999999305542591,0.07562570735635801,0.07981345439471998,0.22292959534495244,4.3078938281100137e46,-1.0,6.0
515.6877610683441,1326.0,581.5416666666666,15.5,7.490388061926316e306,1.9166666666666667,5.5069197647093755e22,4.3078938281100137e46,9.356474643527572e23,-0.9999999305542591,0.07562570735635801,0.07981345439471998,0.22292959534495244,4.3078938281100137e46,-1.0,6.0
520.9858360290527,1339.0,593.125,15.458333333333334,7.490388061926316e306,1.9166666666666667,5.5069197647093755e22,4.3078938281100137e46,9.714602196676499e23,-0.9999999305542591,0.07562570735635801,0.07981345439471998,0.22292959534495244,4.3078938281100137e46,-1.0,6.0
526.1729590892792,1352.0,604.4166666666666,15.458333333333334,7.490388061926316e306,1.9166666666666667,5.5069197647093755e22,4.3078938281100137e46,9.714613200516564e23,-0.9999999305542591,0.07562570735635801,0.07981345439471998,0.22292959534495244,4.3078938281100137e46,-1.0,6.0
531.4457008838654,1365.0,612.7916666666666,15.458333333333334,7.490388061926316e306,1.9166666666666667,5.5069197647093755e22,4.3078938281100137e46,9.714615712218098e23,-0.9999999305542591,0.07562570735635801,0.07981345439471998,0.22292959534495244,4.3078938281100137e46,-1.0,6.0
536.6526989936829,1378.0,617.75,15.458333333333334,7.490388061926316e306,1.9166666666666667,5.5069197647093755e22,4.3078938281100137e46,9.714642971465637e23,-0.9999999305542591,0.07562570735635801,0.07981345439756386,0.22292959534495244,4.3078938281100137e46,-1.0,6.0
542.0081470012665,1391.0,628.9166666666666,15.458333333333334,7.490388061926316e306,1.9166666666666667,5.5069197647093755e22,4.3078938281100137e46,9.714685936054933e23,-0.9999999305542591,0.07562570735635801,0.07981345439756386,0.22292959534495244,4.3078938281100137e46,-1.0,6.0
547.2783200740814,1404.0,640.2916666666666,15.458333333333334,7.490388061926316e306,1.9166666666666667,5.5069197647093755e22,4.3078938281100137e46,9.714708102434706e23,-0.9999999305542591,0.07562570735635801,0.07981345439756386,0.22292959534495244,4.3078938281100137e46,-1.0,6.0
552.6369380950928,1417.0,600.1538461538462,15.807692307692308,6.91420436485506e306,1.8846153846153846,5.5069197647093755e22,4.3078938281100137e46,9.714748530137466e23,-0.9999999305542591,0.07562570735635801,0.07981345439757295,0.22292959534495244,4.3078938281100137e46,-1.0,6.0
557.9770219326019,1430.0,603.375,15.375,1.0421288031358458e78,1.9583333333333333,5.5069197647093755e22,4.3078938281100137e46,9.714792125675453e23,-0.9999999305542591,0.07562570735635801,0.07981345439757295,0.22292959534495244,4.3078938281100137e46,-1.0,6.0
563.2391059398651,1443.0,614.7083333333334,15.375,1.0421288031358458e78,1.9583333333333333,5.5069197647093755e22,4.3078938281100137e46,9.714837885672731e23,-0.9999999305542591,0.07562570735635801,0.07981345439757295,0.22292959534495244,4.3078938281100137e46,-1.0,6.0
568.5360069274902,1456.0,626.125,15.375,1.0421288031358458e78,1.9583333333333333,5.5069197647093755e22,4.3078938281100137e46,9.714875571872118e23,-0.9999999305542591,0.07562570735635801,0.07981345439757295,0.22292959534495244,4.3078938281100137e46,-1.0,6.0
573.8060169219971,1469.0,612.16,15.84,1.000443651010412e78,2.04,5.5069197647093755e22,4.3078938281100137e46,9.509304323681611e23,-0.9999999305542591,0.07562570735635801,0.07981345439757295,0.22292959534495244,4.3078938281100137e46,-1.0,6.0
579.0422329902649,1482.0,599.0,16.346153846153847,9.61965049048473e77,2.1153846153846154,5.5069197647093755e22,4.3078938281100137e46,9.515410191565516e23,-0.9999999305542591,0.07562570735635801,0.07981345439757295,0.22292959534495244,4.3078938281100137e46,-1.0,6.0
584.360445022583,1495.0,610.0,16.346153846153847,9.61965049048473e77,2.1153846153846154,5.5069197647093755e22,4.3078938281100137e46,9.51865486026249e23,-0.9999999305542591,0.07562570735635801,0.07981345439757295,0.22292959534495244,4.3078938281100137e46,-1.0,6.0
589.6735401153564,1508.0,639.24,16.16,7.0368755848416e11,2.16,5.5069197647093755e22,4.3078938281100137e46,9.520038169075048e23,-0.9999999305542591,0.07562570735635801,0.07981345439757295,0.22292959534495244,4.3078938281100137e46,-1.0,6.0
595.0260639190674,1518.0,647.32,16.16,7.0368755848416e11,2.16,5.5069197647093755e22,4.3078938281100137e46,9.52152140225205e23,-0.9999999305542591,0.07562570735635801,0.07981345439757295,0.22292959534495244,4.3078938281100137e46,-1.0,6.0
600.383810043335,1531.0,683.7916666666666,15.625,7.33018966536375e11,2.0833333333333335,5.5069197647093755e22,4.3078938281100137e46,9.523004024354612e23,-0.9999999305542591,0.06831745838226709,0.07981345439757295,0.22292959534495244,4.3078938281100137e46,-1.0,6.0
605.7625560760498,1544.0,695.125,15.625,7.33018966536375e11,2.0833333333333335,5.5069197647093755e22,4.3078938281100137e46,9.52486886675663e23,-0.9999999305542591,0.06831745838226709,0.07981345439757295,0.22292959534495244,4.3078938281100137e46,-1.0,6.0
611.1220009326935,1557.0,678.24,16.16,7.190772539449263e306,2.12,5.5069197647093755e22,3.649606317877677e46,5.760114988054883e23,-0.9999999411662346,0.06831745838226709,0.07981345439757295,0.22292959534495244,3.649606317877677e46,-1.0,6.0
616.4563810825348,1570.0,689.28,16.16,7.190772539449263e306,2.12,5.5069197647093755e22,3.587446449118809e46,5.038763933648138e23,-0.9999999421682876,0.06831745838226709,0.07981345439757295,0.22292959534495244,3.587446449118809e46,-1.0,6.0
621.8254179954529,1583.0,700.92,16.16,7.190772539449263e306,2.12,5.5069197647093755e22,3.587446449118809e46,5.038763933648138e23,-0.9999999421682876,0.06831745838226709,0.07981345439757295,0.22292959534495244,3.587446449118809e46,-1.0,6.0
627.1339380741119,1596.0,702.92,16.16,7.190772539449263e306,2.12,5.5069197647093755e22,3.587446449118809e46,5.038763933648138e23,-0.9999999421682876,0.06831745838226709,0.07981345439757295,0.22292959534495244,3.587446449118809e46,-1.0,6.0
632.44553399086,1609.0,714.6,16.16,7.190772539449263e306,2.12,5.5069197647093755e22,3.587446449118809e46,5.038763933648138e23,-0.9999999421682876,0.06831745838226709,0.07981345439757295,0.22292959534495244,3.587446449118809e46,-1.0,6.0
637.7816340923309,1622.0,725.88,16.16,7.190772539449263e306,2.12,5.5069197647093755e22,3.587446449118809e46,5.038763933648138e23,-0.9999999421682876,0.06831745838226709,0.07981345439757295,0.22292959534495244,3.587446449118809e46,-1.0,6.0
643.0729808807373,1635.0,728.76,16.16,7.190772539449263e306,2.12,5.5069197647093755e22,3.587446449118809e46,5.038763933648138e23,-0.9999999421682876,0.06831745838226709,0.07981345439760248,0.22292959534495244,3.587446449118809e46,-1.0,6.0
648.4465560913086,1648.0,742.7083333333334,15.75,7.490388061926316e306,2.0416666666666665,5.5069197647093755e22,3.587446449118809e46,5.038763933648138e23,-0.9999999421682876,0.06831745838226709,0.07981345439760248,0.22292959534495244,3.587446449118809e46,-1.0,6.0
653.7401599884033,1661.0,671.3703703703703,16.962962962962962,Inf,2.185185185185185,5.5069197647093755e22,3.5024703199950003e46,5.038763933648138e23,-0.999999943538152,0.06831745838226709,0.07981345439760248,0.22292959534495244,3.5024703199950003e46,-1.0,6.0
658.9497001171112,1674.0,752.5833333333334,15.833333333333334,Inf,2.0416666666666665,5.5069197647093755e22,3.4766325745844144e46,5.038763933648138e23,-0.9999999439546714,0.06864211368865689,0.09182702212980887,0.22292959534495244,3.4766325745844144e46,-1.0,6.0
664.186350107193,1687.0,764.2916666666666,15.833333333333334,Inf,2.0416666666666665,5.5069197647093755e22,3.445884306338288e46,5.038763933648138e23,-0.9999999444503512,0.06864211368865689,0.09182702212980887,0.22292959534495244,3.445884306338288e46,-1.0,6.0
669.358412027359,1700.0,776.375,15.833333333333334,Inf,2.0416666666666665,5.5069197647093755e22,3.439076155689574e46,5.038763933648138e23,-0.9999999445601025,0.06864211368865689,0.09182702212980887,0.22292959534495244,3.439076155689574e46,-1.0,6.0
674.6550030708313,1713.0,643.7407407407408,16.555555555555557,Inf,2.185185185185185,5.5069197647093755e22,3.439024332030121e46,5.038763933648138e23,-0.999999944560938,0.06864211368865689,0.09182702212980887,0.22292959534495244,3.439024332030121e46,-1.0,6.0
679.8969850540161,1726.0,656.1851851851852,16.555555555555557,Inf,2.185185185185185,5.5069197647093755e22,3.439024332030121e46,5.038763933648138e23,-0.999999944560938,0.06864211368865689,0.09182702212980887,0.22292959534495244,3.439024332030121e46,-1.0,6.0
685.1816990375519,1739.0,668.5555555555555,16.555555555555557,Inf,2.185185185185185,5.5069197647093755e22,3.439024332030121e46,5.038763933648138e23,-0.999999944560938,0.06864211368865689,0.09182702212980887,0.22292959534495244,3.439024332030121e46,-1.0,6.0
690.48566198349,1752.0,675.2222222222222,16.555555555555557,Inf,2.185185185185185,5.5069197647093755e22,3.439024332030121e46,5.038763933648138e23,-0.999999944560938,0.06864224950121536,0.09182703464226122,0.22292959534495244,3.439024332030121e46,-1.0,6.0
695.7666039466858,1765.0,708.8461538461538,16.192307692307693,Inf,2.1153846153846154,5.5069197647093755e22,3.439024332030121e46,5.038763933648138e23,-0.999999944560938,0.06864224950121536,0.09182703464226122,0.22292959534495244,3.439024332030121e46,-1.0,6.0
700.9956951141357,1778.0,713.4230769230769,16.192307692307693,Inf,2.1153846153846154,5.5069197647093755e22,3.439024332030121e46,5.0140846101189625e23,-0.999999944560938,0.06864224950121536,0.09182703464226122,0.22292959534495244,3.439024332030121e46,-1.0,6.0
706.2261579036713,1791.0,777.7916666666666,15.208333333333334,Inf,1.9583333333333333,5.5069197647093755e22,3.439024332030121e46,5.0140846101189625e23,-0.999999944560938,0.06865622529942686,0.09182831489786697,0.22292959534495244,3.439024332030121e46,-1.0,6.0
711.4684069156647,1804.0,789.7916666666666,15.208333333333334,Inf,1.9583333333333333,5.5069197647093755e22,3.439024332030121e46,4.9962158097398126e23,-0.999999944560938,0.06865622529942686,0.09182831489786697,0.22292959534495244,3.439024332030121e46,-1.0,6.0
716.7039210796356,1817.0,770.0,15.64,Inf,2.04,5.5069197647093755e22,3.439024332030121e46,4.995603246180988e23,-0.999999944560938,0.06865622529942686,0.09182831489786697,0.22292959534495244,3.439024332030121e46,-1.0,6.0
721.8100910186768,1830.0,748.44,15.64,Inf,2.04,5.5069197647093755e22,3.439024332030121e46,4.995603246180988e23,-0.999999944560938,0.06865622529942686,0.09182831489786697,0.22292959534495244,3.439024332030121e46,-1.0,6.0
726.8619809150696,1843.0,690.52,15.64,Inf,2.04,5.5069197647093755e22,3.439024332030121e46,4.995603246180988e23,-0.999999944560938,0.06865622529942686,0.09182831489786697,0.22292959534495244,3.439024332030121e46,-1.0,6.0
731.9965178966522,1856.0,697.24,15.64,Inf,2.04,5.5069197647093755e22,3.439024332030121e46,4.995603246180988e23,-0.999999944560938,0.06865630541264568,0.09182832226456873,0.22292959534495244,3.439024332030121e46,-1.0,6.0
737.1317780017853,1869.0,709.84,15.64,Inf,2.04,5.5069197647093755e22,3.439024332030121e46,4.995603246180988e23,-0.999999944560938,0.06865630541264568,0.09182832226456873,0.22292959534495244,3.439024332030121e46,-1.0,6.0
742.2646079063416,1882.0,688.92,15.64,Inf,2.04,5.563092626658761e22,3.439024332030121e46,4.995603246180988e23,-0.999999944560938,0.06865630541264568,0.09182832226456873,0.22292959534495244,3.439024332030121e46,-1.0,6.0
747.3737790584564,1895.0,698.08,15.64,Inf,2.04,5.563092626658761e22,3.439024332030121e46,4.995603246180988e23,-0.999999944560938,0.06865630541264568,0.09182832226456873,0.22292959534495244,3.439024332030121e46,-1.0,6.0
752.4822149276733,1908.0,681.2692307692307,15.961538461538462,Inf,2.1153846153846154,5.563092626658761e22,3.439024332030121e46,4.995603246180988e23,-0.999999944560938,0.06941326462991389,0.09190665948567833,0.22292959534495244,3.439024332030121e46,-1.0,6.0
757.6447260379791,1921.0,693.9230769230769,15.961538461538462,Inf,2.1153846153846154,5.563092626658761e22,3.439024332030121e46,4.995603246180988e23,-0.999999944560938,0.06941326462991389,0.09190665948567833,0.22292959534495244,3.439024332030121e46,-1.0,6.0
762.7714910507202,1934.0,656.6071428571429,15.892857142857142,Inf,2.107142857142857,5.563092626658761e22,3.439024332030121e46,4.995603246180988e23,-0.999999944560938,0.06941326462991389,0.09190665948567833,0.22292959534495244,3.439024332030121e46,-1.0,6.0
767.9085099697113,1947.0,669.6071428571429,15.892857142857142,Inf,2.107142857142857,5.563092626658761e22,3.439024332030121e46,4.995603246180988e23,-0.999999944560938,0.06941326462991389,0.09190665948567833,0.22292959534495244,3.439024332030121e46,-1.0,6.0
773.0043339729309,1960.0,680.7857142857143,15.892857142857142,Inf,2.107142857142857,5.563092626658761e22,3.439024332030121e46,4.995603246180988e23,-0.999999944560938,0.06949579522262968,0.09191404210805082,0.22292959534495244,3.439024332030121e46,-1.0,6.0
778.1383678913116,1973.0,691.8214285714286,15.892857142857142,Inf,2.107142857142857,5.563092626658761e22,3.439024332030121e46,4.995603246180988e23,-0.999999944560938,0.06949579522262968,0.09191404210805082,0.22292959534495244,3.439024332030121e46,-1.0,6.0
783.2481410503387,1986.0,674.5862068965517,16.344827586206897,Inf,2.1724137931034484,5.563092626658761e22,3.439024332030121e46,4.995603246180988e23,-0.999999944560938,0.06949579522262968,0.09191404210805082,0.22292959534495244,3.439024332030121e46,-1.0,6.0
788.3329689502716,1999.0,687.5862068965517,16.344827586206897,Inf,2.1724137931034484,5.563092626658761e22,3.439024332030121e46,4.995603246180988e23,-0.999999944560938,0.06949579522262968,0.09191404210805082,0.22292959534495244,3.439024332030121e46,-1.0,6.0
793.4193139076233,2012.0,700.5862068965517,16.344827586206897,Inf,2.1724137931034484,5.563092626658761e22,3.439024332030121e46,4.995603246180988e23,-0.999999944560938,0.06949579522262968,0.09191404210805082,0.22292959534495244,3.439024332030121e46,-1.0,6.0
798.4629030227661,2025.0,713.5862068965517,16.344827586206897,Inf,2.1724137931034484,5.563092626658761e22,3.439024332030121e46,4.995603246180988e23,-0.999999944560938,0.06949579522262968,0.09191404210805082,0.22292959534495244,3.439024332030121e46,-1.0,6.0
803.5537440776825,2038.0,726.5862068965517,16.344827586206897,Inf,2.1724137931034484,5.563092626658761e22,3.439024332030121e46,4.995603246180988e23,-0.999999944560938,0.06949579522262968,0.09191404210805082,0.22292959534495244,3.439024332030121e46,-1.0,6.0
808.590765953064,2051.0,739.5862068965517,16.344827586206897,Inf,2.1724137931034484,5.563092626658761e22,3.439024332030121e46,4.995603246180988e23,-0.999999944560938,0.06949579522262968,0.09191404210805082,0.22292959534495244,3.439024332030121e46,-1.0,6.0
813.7004120349884,2064.0,752.5862068965517,16.344827586206897,Inf,2.1724137931034484,5.563092626658761e22,3.439024332030121e46,4.995603246180988e23,-0.999999944560938,0.06949579522262968,0.09191404210805082,0.22292959534495244,3.439024332030121e46,-1.0,6.0
818.8032779693604,2077.0,765.5862068965517,16.344827586206897,Inf,2.1724137931034484,5.563092626658761e22,3.439024332030121e46,4.995603246180988e23,-0.999999944560938,0.06949579522262968,0.09191404210805082,0.22292959534495244,3.439024332030121e46,-1.0,6.0
823.8374750614166,2090.0,775.2068965517242,16.344827586206897,Inf,2.1724137931034484,5.563092626658761e22,3.439024332030121e46,4.995603246180988e23,-0.999999944560938,0.06949579522262968,0.09191404210805082,0.22292959534495244,3.439024332030121e46,-1.0,6.0
828.8774030208588,2103.0,783.0689655172414,16.344827586206897,Inf,2.1724137931034484,5.563092626658761e22,3.439024332030121e46,4.995603246180988e23,-0.999999944560938,0.06952791419166823,0.09191687622187253,0.22292959534495244,3.439024332030121e46,-1.0,6.0
833.9798710346222,2116.0,796.0689655172414,16.344827586206897,Inf,2.1724137931034484,5.563092626658761e22,3.439024332030121e46,4.995603246180988e23,-0.999999944560938,0.06952791419166823,0.09191687622187253,0.22292959534495244,3.439024332030121e46,-1.0,6.0
839.0287549495697,2129.0,809.0689655172414,16.344827586206897,Inf,2.1724137931034484,5.563092626658761e22,3.439024332030121e46,4.995603246180988e23,-0.999999944560938,0.06952791419166823,0.09191687622187253,0.22292959534495244,3.439024332030121e46,-1.0,6.0
844.2081689834595,2142.0,813.2758620689655,16.344827586206897,Inf,2.1724137931034484,5.5660170667192526e22,3.439024332030121e46,4.995603246180988e23,-0.999999944560938,0.06952791419166823,0.09191687622187253,0.22292959534495244,3.439024332030121e46,-1.0,6.0
849.3490879535675,2155.0,916.72,14.24,3.794275180128377e79,1.96,5.673623821254552e22,2.8034593206347276e46,6.145266598933315e23,-0.9999999548066137,0.07562570735635801,0.0940858232846113,0.22292959534495244,2.8034593206347276e46,-1.0,6.0
854.4741299152374,2168.0,929.72,14.24,3.794275180128377e79,1.96,5.673623821254552e22,2.8034593206347276e46,6.145266598933315e23,-0.9999999548066137,0.07562570735635801,0.0940858232846113,0.22292959534495244,2.8034593206347276e46,-1.0,6.0
859.5901970863342,2181.0,942.72,14.24,3.794275180128377e79,1.96,5.673623821254552e22,2.8034593206347276e46,6.145266598933315e23,-0.9999999548066137,0.07562570735635801,0.0940858232846113,0.22292959534495244,2.8034593206347276e46,-1.0,6.0
864.6199479103088,2194.0,955.72,14.24,3.794275180128377e79,1.96,5.673623821254552e22,2.8034593206347276e46,6.145266598933315e23,-0.9999999548066137,0.07562570735635801,0.0940858232846113,0.22292959534495244,2.8034593206347276e46,-1.0,6.0
869.9898760318756,2208.0,969.72,14.24,3.794275180128377e79,1.96,5.673623821254552e22,2.8034593206347276e46,6.145266598933315e23,-0.9999999548066137,0.07562570735635801,0.0940858232846113,0.22292959534495244,2.8034593206347276e46,-1.0,6.0
875.013475894928,2221.0,982.72,14.24,3.794275180128377e79,1.96,5.673623821254552e22,2.8034593206347276e46,6.145266598933315e23,-0.9999999548066137,0.07562570735635801,0.0940858232846113,0.22292959534495244,2.8034593206347276e46,-1.0,6.0
880.0577669143677,2234.0,995.72,14.24,3.794275180128377e79,1.96,5.673623821254552e22,2.8034593206347276e46,6.145266598933315e23,-0.9999999548066137,0.07562570735635801,0.0940858232846113,0.22292959534495244,2.8034593206347276e46,-1.0,6.0
885.2197210788727,2247.0,1008.72,14.24,3.794275180128377e79,1.96,5.673623821254552e22,2.8034593206347276e46,6.145266598933315e23,-0.9999999548066137,0.07562570735635801,0.0940858232846113,0.22292959534495244,2.8034593206347276e46,-1.0,6.0
890.3773970603943,2260.0,1021.72,14.24,3.794275180128377e79,1.96,5.673623821254552e22,2.8034593206347276e46,6.145266598933315e23,-0.9999999548066137,0.07562570735635801,0.0940858232846113,0.22292959534495244,2.8034593206347276e46,-1.0,6.0
895.4870231151581,2273.0,1034.72,14.24,3.794275180128377e79,1.96,5.673623821254552e22,2.8034593206347276e46,6.145266598933315e23,-0.9999999548066137,0.07562570735635801,0.0940858232846113,0.22292959534495244,2.8034593206347276e46,-1.0,6.0
900.595272064209,2286.0,1047.72,14.24,3.794275180128377e79,1.96,5.673623821254552e22,2.8034593206347276e46,6.145266598933315e23,-0.9999999548066137,0.07562570735635801,0.0940858232846113,0.22292959534495244,2.8034593206347276e46,-1.0,6.0
905.7826509475708,2299.0,1076.75,14.375,3.9523699793003926e79,2.0,5.673623821254552e22,2.8034593206347276e46,6.145266598933315e23,-0.9999999548066137,0.07562570735635801,0.0940858232846113,0.22292959534495244,2.8034593206347276e46,-1.0,6.0
910.9554460048676,2312.0,1063.6666666666667,14.333333333333334,3.9523699793003926e79,1.9583333333333333,5.673623821254552e22,2.8034593206347276e46,6.145266598933315e23,-0.9999999548066137,0.07562570735635801,0.09403243645160067,0.22292959534495244,2.8034593206347276e46,-1.0,6.0
916.1356089115143,2325.0,1076.6666666666667,14.333333333333334,3.9523699793003926e79,1.9583333333333333,5.673623821254552e22,2.8034593206347276e46,6.145266598933315e23,-0.9999999548066137,0.07562570735635801,0.09403243645160067,0.22292959534495244,2.8034593206347276e46,-1.0,6.0
921.2638669013977,2338.0,1089.6666666666667,14.333333333333334,3.9523699793003926e79,1.9583333333333333,5.673623821254552e22,2.8034593206347276e46,6.145266598933315e23,-0.9999999548066137,0.07562570735635801,0.09403243645160067,0.22292959534495244,2.8034593206347276e46,-1.0,6.0
926.4093050956726,2351.0,1102.6666666666667,14.333333333333334,3.9523699793003926e79,1.9583333333333333,5.673623821254552e22,2.8034593206347276e46,6.145266598933315e23,-0.9999999548066137,0.07562570735635801,0.09403243645160067,0.22292959534495244,2.8034593206347276e46,-1.0,6.0
931.5463399887085,2364.0,1115.6666666666667,14.333333333333334,3.9523699793003926e79,1.9583333333333333,5.673623821254552e22,2.8034593206347276e46,6.145266598933315e23,-0.9999999548066137,0.07562570735635801,0.09403243645160067,0.22292959534495244,2.8034593206347276e46,-1.0,6.0
936.7033679485321,2377.0,1127.391304347826,14.130434782608695,4.124212152313453e79,1.9130434782608696,5.673623821254552e22,2.8034593206347276e46,6.145266598933315e23,-0.9999999548066137,0.07562570735635801,0.09403243645160067,0.22292959534495244,2.8034593206347276e46,-1.0,6.0
941.9164199829102,2390.0,1140.391304347826,14.130434782608695,4.124212152313453e79,1.9130434782608696,5.673623821254552e22,2.8034593206347276e46,6.145266598933315e23,-0.9999999548066137,0.07562570735635801,0.09403243645160067,0.22292959534495244,2.8034593206347276e46,-1.0,6.0
947.2723689079285,2403.0,1153.391304347826,14.130434782608695,4.124212152313453e79,1.9130434782608696,5.673623821254552e22,2.8034593206347276e46,6.145266598933315e23,-0.9999999548066137,0.07562570735635801,0.09403243645160067,0.22292959534495244,2.8034593206347276e46,-1.0,6.0
952.5606799125671,2416.0,1166.391304347826,14.130434782608695,4.124212152313453e79,1.9130434782608696,5.673623821254552e22,2.8034593206347276e46,6.145266598933315e23,-0.9999999548066137,0.07562570735635801,0.09403243645160067,0.22292959534495244,2.8034593206347276e46,-1.0,6.0
957.9276089668274,2429.0,1179.391304347826,14.130434782608695,4.124212152313453e79,1.9130434782608696,5.673623821254552e22,2.8034593206347276e46,6.145266598933315e23,-0.9999999548066137,0.07562570735635801,0.09403243645160067,0.22292959534495244,2.8034593206347276e46,-1.0,6.0
963.2650640010834,2442.0,1192.391304347826,14.130434782608695,4.124212152313453e79,1.9130434782608696,5.673623821254552e22,2.8034593206347276e46,6.145266598933315e23,-0.9999999548066137,0.07562570735635801,0.09403243645160067,0.22292959534495244,2.8034593206347276e46,-1.0,6.0
968.6154930591583,2455.0,1205.391304347826,14.130434782608695,4.124212152313453e79,1.9130434782608696,5.673623821254552e22,2.8034593206347276e46,6.145266598933315e23,-0.9999999548066137,0.07562570735635801,0.09403243645160067,0.22292959534495244,2.8034593206347276e46,-1.0,6.0
973.9566640853882,2468.0,1218.391304347826,14.130434782608695,4.124212152313453e79,1.9130434782608696,5.673623821254552e22,2.8034593206347276e46,6.145266598933315e23,-0.9999999548066137,0.07562570735635801,0.09403243645160067,0.22292959534495244,2.8034593206347276e46,-1.0,6.0
979.2282290458679,2481.0,1231.391304347826,14.130434782608695,4.124212152313453e79,1.9130434782608696,5.673623821254552e22,2.8034593206347276e46,6.145266598933315e23,-0.9999999548066137,0.07562570735635801,0.09403243645160067,0.22292959534495244,2.8034593206347276e46,-1.0,6.0
984.6484100818634,2494.0,1244.391304347826,14.130434782608695,4.124212152313453e79,1.9130434782608696,5.673623821254552e22,2.8034593206347276e46,6.145266598933315e23,-0.9999999548066137,0.07562570735635801,0.09403243645160067,0.22292959534495244,2.8034593206347276e46,-1.0,6.0
990.0140240192413,2507.0,1257.391304347826,14.130434782608695,4.124212152313453e79,1.9130434782608696,5.673623821254552e22,2.8034593206347276e46,6.145266598933315e23,-0.9999999548066137,0.07562570735635801,0.09403243645160067,0.22292959534495244,2.8034593206347276e46,-1.0,6.0
995.3360159397125,2520.0,1270.391304347826,14.130434782608695,4.124212152313453e79,1.9130434782608696,5.673623821254552e22,2.8034593206347276e46,6.145266598933315e23,-0.9999999548066137,0.07562570735635801,0.09403243645160067,0.22292959534495244,2.8034593206347276e46,-1.0,6.0
1000.7549440860748,2533.0,1283.391304347826,14.130434782608695,4.124212152313453e79,1.9130434782608696,5.673623821254552e22,2.8034593206347276e46,6.145266598933315e23,-0.9999999548066137,0.07562570735635801,0.09403243645160067,0.22292959534495244,2.8034593206347276e46,-1.0,6.0
1006.1632859706879,2546.0,1266.6521739130435,14.130434782608695,4.124212152313453e79,1.9130434782608696,5.673623821254552e22,2.8034593206347276e46,6.145266598933315e23,-0.9999999548066137,0.07562570735635801,0.09403243645160067,0.22292959534495244,2.8034593206347276e46,-1.0,6.0
1011.48402094841,2559.0,1279.3478260869565,14.130434782608695,4.124212152313453e79,1.9130434782608696,5.673623821254552e22,2.8034593206347276e46,6.145266598933315e23,-0.9999999548066137,0.07562570735635801,0.09403243645160067,0.22292959534495244,2.8034593206347276e46,-1.0,6.0
1016.5281229019165,2571.0,1290.8260869565217,14.130434782608695,4.124212152313453e79,1.9130434782608696,5.673623821254552e22,2.8034593206347276e46,6.145266598933315e23,-0.9999999548066137,0.07562570735635801,0.09403243645160067,0.22292959534495244,2.8034593206347276e46,-1.0,6.0
1021.9474349021912,2584.0,1303.1304347826087,14.130434782608695,4.124212152313453e79,1.9130434782608696,5.673623821254552e22,2.8034593206347276e46,6.145266598933315e23,-0.9999999548066137,0.07562570735635801,0.09403243645160067,0.22292959534495244,2.8034593206347276e46,-1.0,6.0
1027.3145248889923,2597.0,1303.304347826087,14.130434782608695,4.124212152313453e79,1.9130434782608696,5.673623821254552e22,2.8034593206347276e46,6.145266598933315e23,-0.9999999548066137,0.07562570735635801,0.09403243645160067,0.22292959534495244,2.8034593206347276e46,-1.0,6.0
1032.6986799240112,2610.0,1315.7826086956522,14.130434782608695,4.124212152313453e79,1.9130434782608696,5.673623821254552e22,2.8034593206347276e46,6.145266598933315e23,-0.9999999548066137,0.07562570735635801,0.09403243645160067,0.22292959534495244,2.8034593206347276e46,-1.0,6.0
1038.0690450668335,2623.0,1328.0434782608695,14.130434782608695,4.124212152313453e79,1.9130434782608696,5.673623821254552e22,2.8034593206347276e46,6.145266598933315e23,-0.9999999548066137,0.07562570735635801,0.09403243645160067,0.22292959534495244,2.8034593206347276e46,-1.0,6.0
1043.1059679985046,2635.0,1339.5217391304348,14.130434782608695,4.124212152313453e79,1.9130434782608696,5.673623821254552e22,2.8034593206347276e46,6.145266598933315e23,-0.9999999548066137,0.07562570735635801,0.09403243645160067,0.22292959534495244,2.8034593206347276e46,-1.0,6.0
1048.1742000579834,2647.0,1351.1304347826087,14.130434782608695,4.124212152313453e79,1.9130434782608696,5.673623821254552e22,2.8034593206347276e46,6.145266598933315e23,-0.9999999548066137,0.07562570735635801,0.09403243645160067,0.22292959534495244,2.8034593206347276e46,-1.0,6.0
1053.5107901096344,2660.0,1364.1304347826087,14.130434782608695,4.124212152313453e79,1.9130434782608696,5.673623821254552e22,2.8034593206347276e46,6.145266598933315e23,-0.9999999548066137,0.07562570735635801,0.09403243645160067,0.22292959534495244,2.8034593206347276e46,-1.0,6.0
1058.5856220722198,2672.0,1376.1304347826087,14.130434782608695,4.124212152313453e79,1.9130434782608696,5.673623821254552e22,2.8034593206347276e46,6.145266598933315e23,-0.9999999548066137,0.07562570735635801,0.09403243645160067,0.22292959534495244,2.8034593206347276e46,-1.0,6.0
1063.9766919612885,2685.0,1389.1304347826087,14.130434782608695,4.124212152313453e79,1.9130434782608696,5.673623821254552e22,2.8034593206347276e46,6.145266598933315e23,-0.9999999548066137,0.07562570735635801,0.09403243645160067,0.22292959534495244,2.8034593206347276e46,-1.0,6.0
1069.0738151073456,2697.0,1401.1304347826087,14.130434782608695,4.124212152313453e79,1.9130434782608696,5.673623821254552e22,2.8034593206347276e46,6.145266598933315e23,-0.9999999548066137,0.07562570735635801,0.09403243645160067,0.22292959534495244,2.8034593206347276e46,-1.0,6.0
1074.0813660621643,2709.0,1413.1304347826087,14.130434782608695,4.124212152313453e79,1.9130434782608696,5.673623821254552e22,2.8034593206347276e46,6.145266598933315e23,-0.9999999548066137,0.07562570735635801,0.09403243645160067,0.22292959534495244,2.8034593206347276e46,-1.0,6.0
1079.1204390525818,2721.0,1425.1304347826087,14.130434782608695,4.124212152313453e79,1.9130434782608696,5.673623821254552e22,2.8034593206347276e46,6.145266598933315e23,-0.9999999548066137,0.07562570735635801,0.09403243645160067,0.22292959534495244,2.8034593206347276e46,-1.0,6.0
1084.1874220371246,2733.0,1437.1304347826087,14.130434782608695,4.124212152313453e79,1.9130434782608696,5.673623821254552e22,2.8034593206347276e46,6.145266598933315e23,-0.9999999548066137,0.07562570735635801,0.09403243645160067,0.22292959534495244,2.8034593206347276e46,-1.0,6.0
1089.2643790245056,2745.0,1449.1304347826087,14.130434782608695,4.124212152313453e79,1.9130434782608696,5.673623821254552e22,2.8034593206347276e46,6.145266598933315e23,-0.9999999548066137,0.07562570735635801,0.09403243645160067,0.22292959534495244,2.8034593206347276e46,-1.0,6.0
1094.2970509529114,2757.0,1461.1304347826087,14.130434782608695,4.124212152313453e79,1.9130434782608696,5.673623821254552e22,2.8034593206347276e46,6.145266598933315e23,-0.9999999548066137,0.07562570735635801,0.09403243645160067,0.22292959534495244,2.8034593206347276e46,-1.0,6.0
1099.4329249858856,2769.0,1453.391304347826,14.130434782608695,4.124212152313453e79,1.9130434782608696,5.673623821254552e22,2.8034593206347276e46,6.145266598933315e23,-0.9999999548066137,0.07562570735635801,0.09403243857520219,0.22292959534495244,2.8034593206347276e46,-1.0,6.0
1104.5261371135712,2781.0,1465.391304347826,14.130434782608695,4.124212152313453e79,1.9130434782608696,5.673623821254552e22,2.8034593206347276e46,6.145266598933315e23,-0.9999999548066137,0.07562570735635801,0.09403243857520219,0.22292959534495244,2.8034593206347276e46,-1.0,6.0
1109.6915929317474,2793.0,1477.391304347826,14.130434782608695,4.124212152313453e79,1.9130434782608696,5.673623821254552e22,2.8034593206347276e46,6.145266598933315e23,-0.9999999548066137,0.07562570735635801,0.09403243857520219,0.22292959534495244,2.8034593206347276e46,-1.0,6.0
1114.7719728946686,2805.0,1489.391304347826,14.130434782608695,4.124212152313453e79,1.9130434782608696,5.673623821254552e22,2.8034593206347276e46,6.145266598933315e23,-0.9999999548066137,0.07562570735635801,0.09403243857520219,0.22292959534495244,2.8034593206347276e46,-1.0,6.0
1119.9294350147247,2817.0,1501.391304347826,14.130434782608695,4.124212152313453e79,1.9130434782608696,5.673623821254552e22,2.8034593206347276e46,6.145266598933315e23,-0.9999999548066137,0.07562570735635801,0.09403243857520219,0.22292959534495244,2.8034593206347276e46,-1.0,6.0
1125.0585250854492,2829.0,1513.391304347826,14.130434782608695,4.124212152313453e79,1.9130434782608696,5.673623821254552e22,2.8034593206347276e46,6.145266598933315e23,-0.9999999548066137,0.07562570735635801,0.09403243857520219,0.22292959534495244,2.8034593206347276e46,-1.0,6.0
1130.1365110874176,2841.0,1525.391304347826,14.130434782608695,4.124212152313453e79,1.9130434782608696,5.673623821254552e22,2.8034593206347276e46,6.145266598933315e23,-0.9999999548066137,0.07562570735635801,0.09403243857520219,0.22292959534495244,2.8034593206347276e46,-1.0,6.0
1135.2005169391632,2853.0,1537.391304347826,14.130434782608695,4.124212152313453e79,1.9130434782608696,5.673623821254552e22,2.8034593206347276e46,6.145266598933315e23,-0.9999999548066137,0.07562570735635801,0.09403243857520219,0.22292959534495244,2.8034593206347276e46,-1.0,6.0
1140.2799611091614,2865.0,1549.391304347826,14.130434782608695,4.124212152313453e79,1.9130434782608696,5.673623821254552e22,2.8034593206347276e46,6.145266598933315e23,-0.9999999548066137,0.07562570735635801,0.09403243857520219,0.22292959534495244,2.8034593206347276e46,-1.0,6.0
1145.3918690681458,2877.0,1561.391304347826,14.130434782608695,4.124212152313453e79,1.9130434782608696,5.673623821254552e22,2.8034593206347276e46,6.145266598933315e23,-0.9999999548066137,0.07562570735635801,0.09403243857520219,0.22292959534495244,2.8034593206347276e46,-1.0,6.0
1150.5645940303802,2889.0,1573.391304347826,14.130434782608695,4.124212152313453e79,1.9130434782608696,5.673623821254552e22,2.8034593206347276e46,6.145266598933315e23,-0.9999999548066137,0.07562570735635801,0.09403243857520219,0.22292959534495244,2.8034593206347276e46,-1.0,6.0
1155.7703409194946,2901.0,1585.391304347826,14.130434782608695,4.124212152313453e79,1.9130434782608696,5.673623821254552e22,2.8034593206347276e46,6.145266598933315e23,-0.9999999548066137,0.07562570735635801,0.09403243857520219,0.22292959534495244,2.8034593206347276e46,-1.0,6.0
1160.9381980895996,2913.0,1585.6521739130435,14.130434782608695,4.124212152313453e79,1.9130434782608696,5.673623821254552e22,2.8034593206347276e46,6.145266598933315e23,-0.9999999548066137,0.07562570735635801,0.09403243857520219,0.22292959534495244,2.8034593206347276e46,-1.0,6.0
1166.1206328868866,2925.0,1597.2608695652175,14.130434782608695,4.124212152313453e79,1.9130434782608696,5.673623821254552e22,2.8034593206347276e46,6.145266598933315e23,-0.9999999548066137,0.07562570735635801,0.09403243857520219,0.22292959534495244,2.8034593206347276e46,-1.0,6.0
1171.2610590457916,2937.0,1555.695652173913,14.130434782608695,4.124212152313453e79,1.9130434782608696,5.673623821254552e22,2.8034593206347276e46,6.145266598933315e23,-0.9999999548066137,0.07562570735635801,0.09403243857520219,0.22292959534495244,2.8034593206347276e46,-1.0,6.0
1176.3748528957367,2949.0,1533.0,14.130434782608695,4.124212152313453e79,1.9130434782608696,5.67763620942555e22,2.8024873920900283e46,6.142781665478979e23,-0.9999999548222818,0.07562570735635801,0.09403243857520219,0.22292959534495244,2.8024873920900283e46,-1.0,6.0
1181.5391299724579,2961.0,1544.5217391304348,14.130434782608695,4.124212152313453e79,1.9130434782608696,5.67763620942555e22,2.8024873920900283e46,6.142781665478979e23,-0.9999999548222818,0.07562570735635801,0.09403243857520219,0.22292959534495244,2.8024873920900283e46,-1.0,6.0
1186.5899341106415,2973.0,1556.0869565217392,14.130434782608695,4.124212152313453e79,1.9130434782608696,5.67763620942555e22,2.8024873920900283e46,6.142781665478979e23,-0.9999999548222818,0.07562570735635801,0.09403243857520219,0.22292959534495244,2.8024873920900283e46,-1.0,6.0
1191.7344970703125,2985.0,1567.4782608695652,14.130434782608695,4.124212152313453e79,1.9130434782608696,5.67763620942555e22,2.8024873920900283e46,6.142781665478979e23,-0.9999999548222818,0.07562570735635801,0.09403243857520219,0.22292959534495244,2.8024873920900283e46,-1.0,6.0
1196.851037979126,2997.0,1529.695652173913,14.130434782608695,4.124212152313453e79,1.9130434782608696,5.67763620942555e22,2.8024873920900283e46,6.142781665478979e23,-0.9999999548222818,0.07562570735635801,0.09403243857520219,0.22292959534495244,2.8024873920900283e46,-1.0,6.0
1201.930907011032,3009.0,1540.8695652173913,14.130434782608695,4.124212152313453e79,1.9130434782608696,5.67763620942555e22,2.8024873920900283e46,6.142781665478979e23,-0.9999999548222818,0.07562570735635801,0.09403243857520219,0.22292959534495244,2.8024873920900283e46,-1.0,6.0
1206.9600930213928,3021.0,1552.8695652173913,14.130434782608695,4.124212152313453e79,1.9130434782608696,5.67763620942555e22,2.8024873920900283e46,6.142781665478979e23,-0.9999999548222818,0.07562570735635801,0.09403243857520219,0.22292959534495244,2.8024873920900283e46,-1.0,6.0
1212.113065958023,3033.0,1564.8695652173913,14.130434782608695,4.124212152313453e79,1.9130434782608696,5.67763620942555e22,2.8024873920900283e46,6.142781665478979e23,-0.9999999548222818,0.07562570735635801,0.09403243857520219,0.22292959534495244,2.8024873920900283e46,-1.0,6.0
1217.2458810806274,3045.0,1576.8695652173913,14.130434782608695,4.124212152313453e79,1.9130434782608696,5.67763620942555e22,2.8024873920900283e46,6.142781665478979e23,-0.9999999548222818,0.07562570735635801,0.09403243857520219,0.22292959534495244,2.8024873920900283e46,-1.0,6.0
1222.3728671073914,3057.0,1588.8695652173913,14.130434782608695,4.124212152313453e79,1.9130434782608696,5.67763620942555e22,2.8024873920900283e46,6.142781665478979e23,-0.9999999548222818,0.07562570735635801,0.09403243857520219,0.22292959534495244,2.8024873920900283e46,-1.0,6.0
1227.4768600463867,3069.0,1600.8695652173913,14.130434782608695,4.124212152313453e79,1.9130434782608696,5.67763620942555e22,2.8024873920900283e46,6.142781665478979e23,-0.9999999548222818,0.07562570735635801,0.09403243857520219,0.22292959534495244,2.8024873920900283e46,-1.0,6.0
1232.562567949295,3081.0,1609.0869565217392,14.130434782608695,4.124212152313453e79,1.9130434782608696,5.67763620942555e22,2.8024873920900283e46,6.142781665478979e23,-0.9999999548222818,0.07562570735635801,0.09403243857520219,0.22292959534495244,2.8024873920900283e46,-1.0,6.0
1237.7258069515228,3093.0,1621.0869565217392,14.130434782608695,4.124212152313453e79,1.9130434782608696,5.67763620942555e22,2.8024873920900283e46,6.142781665478979e23,-0.9999999548222818,0.07562570735635801,0.09403243857520219,0.22292959534495244,2.8024873920900283e46,-1.0,6.0
1242.9175589084625,3105.0,1633.0869565217392,14.130434782608695,4.124212152313453e79,1.9130434782608696,5.67763620942555e22,2.8024873920900283e46,6.142781665478979e23,-0.9999999548222818,0.07562570735635801,0.09403243857520219,0.22292959534495244,2.8024873920900283e46,-1.0,6.0
1248.0652639865875,3117.0,1645.0869565217392,14.130434782608695,4.124212152313453e79,1.9130434782608696,5.67763620942555e22,2.8024873920900283e46,6.142781665478979e23,-0.9999999548222818,0.07562570735635801,0.09403243857520219,0.22292959534495244,2.8024873920900283e46,-1.0,6.0
1253.1896390914917,3129.0,1657.0869565217392,14.130434782608695,4.124212152313453e79,1.9130434782608696,5.67763620942555e22,2.8024873920900283e46,6.142781665478979e23,-0.9999999548222818,0.07562570735635801,0.09403243857520219,0.22292959534495244,2.8024873920900283e46,-1.0,6.0
1258.2757349014282,3141.0,1669.0869565217392,14.130434782608695,4.124212152313453e79,1.9130434782608696,5.67763620942555e22,2.8024873920900283e46,6.142781665478979e23,-0.9999999548222818,0.07562570735635801,0.09403243857520219,0.22292959534495244,2.8024873920900283e46,-1.0,6.0
1263.2932469844818,3153.0,1681.0869565217392,14.130434782608695,4.124212152313453e79,1.9130434782608696,5.67763620942555e22,2.8024873920900283e46,6.142781665478979e23,-0.9999999548222818,0.07562570735635801,0.09403243857520219,0.22292959534495244,2.8024873920900283e46,-1.0,6.0
1268.367126941681,3165.0,1693.0869565217392,14.130434782608695,4.124212152313453e79,1.9130434782608696,5.67763620942555e22,2.8024873920900283e46,6.142781665478979e23,-0.9999999548222818,0.07562570735635801,0.09403243857520219,0.22292959534495244,2.8024873920900283e46,-1.0,6.0
1273.4721720218658,3177.0,1705.0869565217392,14.130434782608695,4.124212152313453e79,1.9130434782608696,5.67763620942555e22,2.8024873920900283e46,6.142781665478979e23,-0.9999999548222818,0.07562570735635801,0.09403243857520219,0.22292959534495244,2.8024873920900283e46,-1.0,6.0
1278.5613069534302,3189.0,1717.0869565217392,14.130434782608695,4.124212152313453e79,1.9130434782608696,5.67763620942555e22,2.8024873920900283e46,6.142781665478979e23,-0.9999999548222818,0.07562570735635801,0.09403243857520219,0.22292959534495244,2.8024873920900283e46,-1.0,6.0
1283.6448240280151,3201.0,1717.695652173913,14.130434782608695,4.124212152313453e79,1.9130434782608696,5.8611111647256085e22,2.785353909383437e46,6.064075249502104e23,-0.9999999550984834,0.07562570735635801,0.09403243857520219,0.22292959534495244,2.785353909383437e46,-1.0,6.0
1288.752413034439,3213.0,1729.304347826087,14.130434782608695,4.124212152313453e79,1.9130434782608696,5.853945917618068e22,2.783484721677875e46,6.067592826464622e23,-0.9999999551286158,0.07562570735635801,0.09403243857520219,0.22292959534495244,2.783484721677875e46,-1.0,6.0
1293.873332977295,3225.0,1740.6521739130435,14.130434782608695,4.124212152313453e79,1.9130434782608696,5.840411355108035e22,2.781737471594693e46,6.074228598660471e23,-0.9999999551567825,0.07562570735635801,0.09403243857520219,0.22292959534495244,2.781737471594693e46,-1.0,6.0
1299.0448389053345,3237.0,1752.2173913043478,14.130434782608695,4.124212152313453e79,1.9130434782608696,5.836873035208643e22,2.7816602174784203e46,6.075960096472479e23,-0.9999999551580279,0.07562570735635801,0.09403243857520219,0.22292959534495244,2.7816602174784203e46,-1.0,6.0
1304.1238598823547,3249.0,1764.2173913043478,14.130434782608695,4.124212152313453e79,1.9130434782608696,5.836873035208643e22,2.7816602174784203e46,6.075960096472479e23,-0.9999999551580279,0.07562570735635801,0.09403243857520219,0.22292959534495244,2.7816602174784203e46,-1.0,6.0
1309.2773640155792,3261.0,1776.2173913043478,14.130434782608695,4.124212152313453e79,1.9130434782608696,5.836873035208643e22,2.7816602174784203e46,6.075960096472479e23,-0.9999999551580279,0.07562570735635801,0.09403243857520219,0.22292959534495244,2.7816602174784203e46,-1.0,6.0
1314.5534780025482,3273.0,1788.2173913043478,14.130434782608695,4.124212152313453e79,1.9130434782608696,5.836873035208643e22,2.7816602174784203e46,6.075960096472479e23,-0.9999999551580279,0.07562570735635801,0.09403243857520219,0.22292959534495244,2.7816602174784203e46,-1.0,6.0
1319.7571160793304,3285.0,1800.2173913043478,14.130434782608695,4.124212152313453e79,1.9130434782608696,5.836873035208643e22,2.7816602174784203e46,6.075960096472479e23,-0.9999999551580279,0.07562570735635801,0.09403243857520219,0.22292959534495244,2.7816602174784203e46,-1.0,6.0
1324.8928809165955,3297.0,1812.2173913043478,14.130434782608695,4.124212152313453e79,1.9130434782608696,5.836873035208643e22,2.7816602174784203e46,6.075960096472479e23,-0.9999999551580279,0.07562570735635801,0.09403243857520219,0.22292959534495244,2.7816602174784203e46,-1.0,6.0
1330.039123058319,3309.0,1824.2173913043478,14.130434782608695,4.124212152313453e79,1.9130434782608696,5.836873035208643e22,2.7816602174784203e46,6.075960096472479e23,-0.9999999551580279,0.07562570735635801,0.09403243857520219,0.22292959534495244,2.7816602174784203e46,-1.0,6.0
1335.1204419136047,3321.0,1836.2173913043478,14.130434782608695,4.124212152313453e79,1.9130434782608696,5.836873035208643e22,2.7816602174784203e46,6.075960096472479e23,-0.9999999551580279,0.07562570735635801,0.09403243857520219,0.22292959534495244,2.7816602174784203e46,-1.0,6.0
1340.2160940170288,3333.0,1848.2173913043478,14.130434782608695,4.124212152313453e79,1.9130434782608696,5.836873035208643e22,2.7816602174784203e46,6.075960096472479e23,-0.9999999551580279,0.07562570735635801,0.09403243857520219,0.22292959534495244,2.7816602174784203e46,-1.0,6.0
1345.3511440753937,3345.0,1860.2173913043478,14.130434782608695,4.124212152313453e79,1.9130434782608696,5.836873035208643e22,2.7816602174784203e46,6.075960096472479e23,-0.9999999551580279,0.07562570735635801,0.09403243857520219,0.22292959534495244,2.7816602174784203e46,-1.0,6.0
1350.5849599838257,3357.0,1872.2173913043478,14.130434782608695,4.124212152313453e79,1.9130434782608696,5.836873035208643e22,2.7816602174784203e46,6.075960096472479e23,-0.9999999551580279,0.07562570735635801,0.09403243857520219,0.22292959534495244,2.7816602174784203e46,-1.0,6.0
1355.8064680099487,3369.0,1884.2173913043478,14.130434782608695,4.124212152313453e79,1.9130434782608696,5.836873035208643e22,2.7816602174784203e46,6.075960096472479e23,-0.9999999551580279,0.07562570735635801,0.09403243857520219,0.22292959534495244,2.7816602174784203e46,-1.0,6.0
1360.890568971634,3381.0,1896.2173913043478,14.130434782608695,4.124212152313453e79,1.9130434782608696,5.836873035208643e22,2.7816602174784203e46,6.075960096472479e23,-0.9999999551580279,0.07562570735635801,0.09403243857520219,0.22292959534495244,2.7816602174784203e46,-1.0,6.0
1366.1574280261993,3393.0,1908.2173913043478,14.130434782608695,4.124212152313453e79,1.9130434782608696,5.836873035208643e22,2.7816602174784203e46,6.075960096472479e23,-0.9999999551580279,0.07562570735635801,0.09403243857520219,0.22292959534495244,2.7816602174784203e46,-1.0,6.0
1371.3252389431,3405.0,1920.2173913043478,14.130434782608695,4.124212152313453e79,1.9130434782608696,5.836873035208643e22,2.7816602174784203e46,6.075960096472479e23,-0.9999999551580279,0.07562570735635801,0.09403243857520219,0.22292959534495244,2.7816602174784203e46,-1.0,6.0
1376.5798120498657,3417.0,1932.2173913043478,14.130434782608695,4.124212152313453e79,1.9130434782608696,5.836873035208643e22,2.7816602174784203e46,6.075960096472479e23,-0.9999999551580279,0.07562570735635801,0.09403243857520219,0.22292959534495244,2.7816602174784203e46,-1.0,6.0
1381.6506519317627,3429.0,1944.2173913043478,14.130434782608695,4.124212152313453e79,1.9130434782608696,5.836873035208643e22,2.7816602174784203e46,6.075960096472479e23,-0.9999999551580279,0.07562570735635801,0.09403243857520219,0.22292959534495244,2.7816602174784203e46,-1.0,6.0
1386.8795011043549,3441.0,1956.2173913043478,14.130434782608695,4.124212152313453e79,1.9130434782608696,5.836873035208643e22,2.7816602174784203e46,6.075960096472479e23,-0.9999999551580279,0.07562570735635801,0.09403243857520219,0.22292959534495244,2.7816602174784203e46,-1.0,6.0
1392.0758309364319,3453.0,1968.2173913043478,14.130434782608695,4.124212152313453e79,1.9130434782608696,5.836873035208643e22,2.7816602174784203e46,6.075960096472479e23,-0.9999999551580279,0.07562570735635801,0.09403243857520219,0.22292959534495244,2.7816602174784203e46,-1.0,6.0
1397.1451399326324,3465.0,1980.2173913043478,14.130434782608695,4.124212152313453e79,1.9130434782608696,5.836873035208643e22,2.7816602174784203e46,6.075960096472479e23,-0.9999999551580279,0.07562570735635801,0.09403243857520219,0.22292959534495244,2.7816602174784203e46,-1.0,6.0
1402.3559980392456,3477.0,1992.2173913043478,14.130434782608695,4.124212152313453e79,1.9130434782608696,5.836873035208643e22,2.7816602174784203e46,6.075960096472479e23,-0.9999999551580279,0.07562570735635801,0.09403243857520219,0.22292959534495244,2.7816602174784203e46,-1.0,6.0
1407.536295890808,3489.0,2004.2173913043478,14.130434782608695,4.124212152313453e79,1.9130434782608696,5.836873035208643e22,2.7816602174784203e46,6.075960096472479e23,-0.9999999551580279,0.07562570735635801,0.09403243857520219,0.22292959534495244,2.7816602174784203e46,-1.0,6.0
1412.7431650161743,3501.0,2016.2173913043478,14.130434782608695,4.124212152313453e79,1.9130434782608696,5.836873035208643e22,2.7816602174784203e46,6.075960096472479e23,-0.9999999551580279,0.07562570735635801,0.09403243857520219,0.22292959534495244,2.7816602174784203e46,-1.0,6.0
1417.9934599399567,3513.0,2028.2173913043478,14.130434782608695,4.124212152313453e79,1.9130434782608696,5.836873035208643e22,2.7816602174784203e46,6.075960096472479e23,-0.9999999551580279,0.07562570735635801,0.09403243857520219,0.22292959534495244,2.7816602174784203e46,-1.0,6.0
1423.1781339645386,3525.0,2040.2173913043478,14.130434782608695,4.124212152313453e79,1.9130434782608696,5.836873035208643e22,2.7816602174784203e46,6.075960096472479e23,-0.9999999551580279,0.07562570735635801,0.09403243857520219,0.22292959534495244,2.7816602174784203e46,-1.0,6.0
1428.4363059997559,3537.0,2052.217391304348,14.130434782608695,4.124212152313453e79,1.9130434782608696,5.836873035208643e22,2.7816602174784203e46,6.075960096472479e23,-0.9999999551580279,0.07562570735635801,0.09403243857520219,0.22292959534495244,2.7816602174784203e46,-1.0,6.0
1433.6715619564056,3549.0,2064.217391304348,14.130434782608695,4.124212152313453e79,1.9130434782608696,5.836873035208643e22,2.7816602174784203e46,6.075960096472479e23,-0.9999999551580279,0.07562570735635801,0.09403243857520219,0.22292959534495244,2.7816602174784203e46,-1.0,6.0
1438.881504058838,3561.0,2076.217391304348,14.130434782608695,4.124212152313453e79,1.9130434782608696,5.836873035208643e22,2.7816602174784203e46,6.075960096472479e23,-0.9999999551580279,0.07562570735635801,0.09403243857520219,0.22292959534495244,2.7816602174784203e46,-1.0,6.0
1444.1357131004333,3573.0,2088.217391304348,14.130434782608695,4.124212152313453e79,1.9130434782608696,5.836873035208643e22,2.7816602174784203e46,6.075960096472479e23,-0.9999999551580279,0.07562570735635801,0.09403243857520219,0.22292959534495244,2.7816602174784203e46,-1.0,6.0
1449.3839919567108,3585.0,2100.217391304348,14.130434782608695,4.124212152313453e79,1.9130434782608696,5.836873035208643e22,2.7816602174784203e46,6.075960096472479e23,-0.9999999551580279,0.07562570735635801,0.09403243857520219,0.22292959534495244,2.7816602174784203e46,-1.0,6.0
1454.4805738925934,3597.0,2112.217391304348,14.130434782608695,4.124212152313453e79,1.9130434782608696,5.836873035208643e22,2.7816602174784203e46,6.075960096472479e23,-0.9999999551580279,0.07562570735635801,0.09403243857520219,0.22292959534495244,2.7816602174784203e46,-1.0,6.0
1459.6974840164185,3609.0,2124.217391304348,14.130434782608695,4.124212152313453e79,1.9130434782608696,5.836873035208643e22,2.7816602174784203e46,6.075960096472479e23,-0.9999999551580279,0.07562570735635801,0.09403243857520219,0.22292959534495244,2.7816602174784203e46,-1.0,6.0
1464.8804869651794,3621.0,2136.217391304348,14.130434782608695,4.124212152313453e79,1.9130434782608696,5.836873035208643e22,2.7816602174784203e46,6.075960096472479e23,-0.9999999551580279,0.07562570735635801,0.09403243857520219,0.22292959534495244,2.7816602174784203e46,-1.0,6.0
1470.043860912323,3633.0,2148.217391304348,14.130434782608695,4.124212152313453e79,1.9130434782608696,5.836873035208643e22,2.7816602174784203e46,6.075960096472479e23,-0.9999999551580279,0.07562570735635801,0.09403243857520219,0.22292959534495244,2.7816602174784203e46,-1.0,6.0
1475.1574420928955,3645.0,2160.217391304348,14.130434782608695,4.124212152313453e79,1.9130434782608696,5.836873035208643e22,2.7816602174784203e46,6.075960096472479e23,-0.9999999551580279,0.07562570735635801,0.09403243857520219,0.22292959534495244,2.7816602174784203e46,-1.0,6.0
1480.380539894104,3657.0,2172.217391304348,14.130434782608695,4.124212152313453e79,1.9130434782608696,5.836873035208643e22,2.7816602174784203e46,6.075960096472479e23,-0.9999999551580279,0.07562570735635801,0.09403243857520219,0.22292959534495244,2.7816602174784203e46,-1.0,6.0
1485.5734651088715,3669.0,2184.217391304348,14.130434782608695,4.124212152313453e79,1.9130434782608696,5.836873035208643e22,2.7816602174784203e46,6.075960096472479e23,-0.9999999551580279,0.07562570735635801,0.09403243857520219,0.22292959534495244,2.7816602174784203e46,-1.0,6.0
1490.7563700675964,3681.0,2196.217391304348,14.130434782608695,4.124212152313453e79,1.9130434782608696,5.836873035208643e22,2.7816602174784203e46,6.075960096472479e23,-0.9999999551580279,0.07562570735635801,0.09403243857520219,0.22292959534495244,2.7816602174784203e46,-1.0,6.0
1495.9293959140778,3693.0,2208.217391304348,14.130434782608695,4.124212152313453e79,1.9130434782608696,5.836873035208643e22,2.7816602174784203e46,6.075960096472479e23,-0.9999999551580279,0.07562570735635801,0.09403243857520219,0.22292959534495244,2.7816602174784203e46,-1.0,6.0
1501.068680047989,3705.0,2220.217391304348,14.130434782608695,4.124212152313453e79,1.9130434782608696,5.836873035208643e22,2.7816602174784203e46,6.075960096472479e23,-0.9999999551580279,0.07562570735635801,0.09403243857520219,0.22292959534495244,2.7816602174784203e46,-1.0,6.0
1506.2623369693756,3717.0,2232.217391304348,14.130434782608695,4.124212152313453e79,1.9130434782608696,5.836873035208643e22,2.7816602174784203e46,6.075960096472479e23,-0.9999999551580279,0.07562570735635801,0.09403243857520219,0.22292959534495244,2.7816602174784203e46,-1.0,6.0
1511.409882068634,3729.0,2244.217391304348,14.130434782608695,4.124212152313453e79,1.9130434782608696,5.836873035208643e22,2.7816602174784203e46,6.075960096472479e23,-0.9999999551580279,0.07562570735635801,0.09403243857520219,0.22292959534495244,2.7816602174784203e46,-1.0,6.0
1516.523302078247,3741.0,2256.217391304348,14.130434782608695,4.124212152313453e79,1.9130434782608696,5.836873035208643e22,2.7816602174784203e46,6.075960096472479e23,-0.9999999551580279,0.07562570735635801,0.09403243857520219,0.22292959534495244,2.7816602174784203e46,-1.0,6.0
1521.651880979538,3753.0,2268.217391304348,14.130434782608695,4.124212152313453e79,1.9130434782608696,5.836873035208643e22,2.7816602174784203e46,6.075960096472479e23,-0.9999999551580279,0.07562570735635801,0.09403243857520219,0.22292959534495244,2.7816602174784203e46,-1.0,6.0
1526.7934119701385,3765.0,2280.217391304348,14.130434782608695,4.124212152313453e79,1.9130434782608696,5.836873035208643e22,2.7816602174784203e46,6.075960096472479e23,-0.9999999551580279,0.07562570735635801,0.09403243857520219,0.22292959534495244,2.7816602174784203e46,-1.0,6.0
1531.8948669433594,3777.0,2292.217391304348,14.130434782608695,4.124212152313453e79,1.9130434782608696,5.836873035208643e22,2.7816602174784203e46,6.075960096472479e23,-0.9999999551580279,0.07562570735635801,0.09403243857520219,0.22292959534495244,2.7816602174784203e46,-1.0,6.0
1537.0276639461517,3789.0,2304.217391304348,14.130434782608695,4.124212152313453e79,1.9130434782608696,5.836873035208643e22,2.7816602174784203e46,6.075960096472479e23,-0.9999999551580279,0.07562570735635801,0.09403243857520219,0.22292959534495244,2.7816602174784203e46,-1.0,6.0
1542.164302110672,3801.0,2316.217391304348,14.130434782608695,4.124212152313453e79,1.9130434782608696,5.836873035208643e22,2.7816602174784203e46,6.075960096472479e23,-0.9999999551580279,0.07562570735635801,0.09403243857520219,0.22292959534495244,2.7816602174784203e46,-1.0,6.0
1547.2681789398193,3813.0,2328.217391304348,14.130434782608695,4.124212152313453e79,1.9130434782608696,5.836873035208643e22,2.7816602174784203e46,6.075960096472479e23,-0.9999999551580279,0.07562570735635801,0.09403243857520219,0.22292959534495244,2.7816602174784203e46,-1.0,6.0
1552.4226961135864,3825.0,2340.217391304348,14.130434782608695,4.124212152313453e79,1.9130434782608696,5.836873035208643e22,2.7816602174784203e46,6.075960096472479e23,-0.9999999551580279,0.07562570735635801,0.09403243857520219,0.22292959534495244,2.7816602174784203e46,-1.0,6.0
1557.5494680404663,3837.0,2352.217391304348,14.130434782608695,4.124212152313453e79,1.9130434782608696,5.836873035208643e22,2.7816602174784203e46,6.075960096472479e23,-0.9999999551580279,0.07562570735635801,0.09403243857520219,0.22292959534495244,2.7816602174784203e46,-1.0,6.0
1562.6569039821625,3849.0,2364.217391304348,14.130434782608695,4.124212152313453e79,1.9130434782608696,5.836873035208643e22,2.7816602174784203e46,6.075960096472479e23,-0.9999999551580279,0.07562570735635801,0.09403243857520219,0.22292959534495244,2.7816602174784203e46,-1.0,6.0
1567.8461151123047,3861.0,2376.217391304348,14.130434782608695,4.124212152313453e79,1.9130434782608696,5.836873035208643e22,2.7816602174784203e46,6.075960096472479e23,-0.9999999551580279,0.07562570735635801,0.09403243857520219,0.22292959534495244,2.7816602174784203e46,-1.0,6.0
1572.957547903061,3873.0,2388.217391304348,14.130434782608695,4.124212152313453e79,1.9130434782608696,5.836873035208643e22,2.7816602174784203e46,6.075960096472479e23,-0.9999999551580279,0.07562570735635801,0.09403243857520219,0.22292959534495244,2.7816602174784203e46,-1.0,6.0
1578.1270370483398,3885.0,2400.217391304348,14.130434782608695,4.124212152313453e79,1.9130434782608696,5.836873035208643e22,2.7816602174784203e46,6.075960096472479e23,-0.9999999551580279,0.07562570735635801,0.09403243857520219,0.22292959534495244,2.7816602174784203e46,-1.0,6.0
1583.2286639213562,3897.0,2412.217391304348,14.130434782608695,4.124212152313453e79,1.9130434782608696,5.836873035208643e22,2.7816602174784203e46,6.075960096472479e23,-0.9999999551580279,0.07562570735635801,0.09403243857520219,0.22292959534495244,2.7816602174784203e46,-1.0,6.0
1588.2730569839478,3909.0,2424.217391304348,14.130434782608695,4.124212152313453e79,1.9130434782608696,5.836873035208643e22,2.7816602174784203e46,6.075960096472479e23,-0.9999999551580279,0.07562570735635801,0.09403243857520219,0.22292959534495244,2.7816602174784203e46,-1.0,6.0
1593.361212015152,3921.0,2436.217391304348,14.130434782608695,4.124212152313453e79,1.9130434782608696,5.836873035208643e22,2.7816602174784203e46,6.075960096472479e23,-0.9999999551580279,0.07562570735635801,0.09403243857520219,0.22292959534495244,2.7816602174784203e46,-1.0,6.0
1598.417860031128,3933.0,2448.217391304348,14.130434782608695,4.124212152313453e79,1.9130434782608696,5.836873035208643e22,2.7816602174784203e46,6.075960096472479e23,-0.9999999551580279,0.07562570735635801,0.09403243857520219,0.22292959534495244,2.7816602174784203e46,-1.0,6.0
1603.5467948913574,3945.0,2460.217391304348,14.130434782608695,4.124212152313453e79,1.9130434782608696,5.836873035208643e22,2.7816602174784203e46,6.075960096472479e23,-0.9999999551580279,0.07562570735635801,0.09403243857520219,0.22292959534495244,2.7816602174784203e46,-1.0,6.0
1608.5829269886017,3957.0,2472.217391304348,14.130434782608695,4.124212152313453e79,1.9130434782608696,5.836873035208643e22,2.7816602174784203e46,6.075960096472479e23,-0.9999999551580279,0.07562570735635801,0.09403243857520219,0.22292959534495244,2.7816602174784203e46,-1.0,6.0
1613.7202389240265,3969.0,2484.217391304348,14.130434782608695,4.124212152313453e79,1.9130434782608696,5.836873035208643e22,2.7816602174784203e46,6.075960096472479e23,-0.9999999551580279,0.07562570735635801,0.09403243857520219,0.22292959534495244,2.7816602174784203e46,-1.0,6.0
1618.8068099021912,3981.0,2496.217391304348,14.130434782608695,4.124212152313453e79,1.9130434782608696,5.836873035208643e22,2.7816602174784203e46,6.075960096472479e23,-0.9999999551580279,0.07562570735635801,0.09403243857520219,0.22292959534495244,2.7816602174784203e46,-1.0,6.0
1623.8419289588928,3993.0,2508.217391304348,14.130434782608695,4.124212152313453e79,1.9130434782608696,5.836873035208643e22,2.7816602174784203e46,6.075960096472479e23,-0.9999999551580279,0.07562570735635801,0.09403243857520219,0.22292959534495244,2.7816602174784203e46,-1.0,6.0
1628.9562339782715,4005.0,2520.217391304348,14.130434782608695,4.124212152313453e79,1.9130434782608696,5.836873035208643e22,2.7816602174784203e46,6.075960096472479e23,-0.9999999551580279,0.07562570735635801,0.09403243857520219,0.22292959534495244,2.7816602174784203e46,-1.0,6.0
1634.0378289222717,4017.0,2532.217391304348,14.130434782608695,4.124212152313453e79,1.9130434782608696,5.836873035208643e22,2.7816602174784203e46,6.075960096472479e23,-0.9999999551580279,0.07562570735635801,0.09403243857520219,0.22292959534495244,2.7816602174784203e46,-1.0,6.0
1639.1539459228516,4029.0,2544.217391304348,14.130434782608695,4.124212152313453e79,1.9130434782608696,5.836873035208643e22,2.7816602174784203e46,6.075960096472479e23,-0.9999999551580279,0.07562570735635801,0.09403243857520219,0.22292959534495244,2.7816602174784203e46,-1.0,6.0
1644.2138850688934,4041.0,2556.217391304348,14.130434782608695,4.124212152313453e79,1.9130434782608696,5.836873035208643e22,2.7816602174784203e46,6.075960096472479e23,-0.9999999551580279,0.07562570735635801,0.09403243857520219,0.22292959534495244,2.7816602174784203e46,-1.0,6.0
1649.3042590618134,4053.0,2568.217391304348,14.130434782608695,4.124212152313453e79,1.9130434782608696,5.836873035208643e22,2.7816602174784203e46,6.075960096472479e23,-0.9999999551580279,0.07562570735635801,0.09403243857520219,0.22292959534495244,2.7816602174784203e46,-1.0,6.0
1654.3598110675812,4065.0,2472.9583333333335,14.125,3.9523699793003926e79,1.9166666666666667,5.836873035208643e22,2.7816602174784203e46,6.075960096472479e23,-0.9999999551580279,0.07562570735635801,0.09403243857520219,0.22292959534495244,2.7816602174784203e46,-1.0,6.0
1659.529361963272,4077.0,2484.9583333333335,14.125,3.9523699793003926e79,1.9166666666666667,5.836873035208643e22,2.7816602174784203e46,6.075960096472479e23,-0.9999999551580279,0.07562570735635801,0.09403243857520219,0.22292959534495244,2.7816602174784203e46,-1.0,6.0
1664.651743888855,4089.0,2496.9583333333335,14.125,3.9523699793003926e79,1.9166666666666667,5.836873035208643e22,2.7816602174784203e46,6.075960096472479e23,-0.9999999551580279,0.07562570735635801,0.09403243857520219,0.22292959534495244,2.7816602174784203e46,-1.0,6.0
1669.737920999527,4101.0,2508.9583333333335,14.125,3.9523699793003926e79,1.9166666666666667,5.836873035208643e22,2.7816602174784203e46,6.075960096472479e23,-0.9999999551580279,0.07562570735635801,0.09403243857520219,0.22292959534495244,2.7816602174784203e46,-1.0,6.0
1674.8462998867035,4113.0,2520.9583333333335,14.125,3.9523699793003926e79,1.9166666666666667,5.836873035208643e22,2.7816602174784203e46,6.075960096472479e23,-0.9999999551580279,0.07562570735635801,0.09403243857520219,0.22292959534495244,2.7816602174784203e46,-1.0,6.0
1679.980120897293,4125.0,2532.9583333333335,14.125,3.9523699793003926e79,1.9166666666666667,5.836873035208643e22,2.7816602174784203e46,6.075960096472479e23,-0.9999999551580279,0.07562570735635801,0.09403243857520219,0.22292959534495244,2.7816602174784203e46,-1.0,6.0
1685.0625610351562,4137.0,2544.9583333333335,14.125,3.9523699793003926e79,1.9166666666666667,5.836873035208643e22,2.7816602174784203e46,6.075960096472479e23,-0.9999999551580279,0.07562570735635801,0.09403243857520219,0.22292959534495244,2.7816602174784203e46,-1.0,6.0
1690.1645550727844,4149.0,2556.9583333333335,14.125,3.9523699793003926e79,1.9166666666666667,5.836873035208643e22,2.7816602174784203e46,6.075960096472479e23,-0.9999999551580279,0.07562570735635801,0.09403243857520219,0.22292959534495244,2.7816602174784203e46,-1.0,6.0
1695.3106729984283,4161.0,2568.9583333333335,14.125,3.9523699793003926e79,1.9166666666666667,5.836873035208643e22,2.7816602174784203e46,6.075960096472479e23,-0.9999999551580279,0.07562570735635801,0.09403243857520219,0.22292959534495244,2.7816602174784203e46,-1.0,6.0
1700.4245319366455,4173.0,2580.9583333333335,14.125,3.9523699793003926e79,1.9166666666666667,5.836873035208643e22,2.7816602174784203e46,6.075960096472479e23,-0.9999999551580279,0.07562570735635801,0.09403243857520219,0.22292959534495244,2.7816602174784203e46,-1.0,6.0
1705.5565490722656,4185.0,2592.9583333333335,14.125,3.9523699793003926e79,1.9166666666666667,5.836873035208643e22,2.7816602174784203e46,6.075960096472479e23,-0.9999999551580279,0.07562570735635801,0.09403243857520219,0.22292959534495244,2.7816602174784203e46,-1.0,6.0
1710.6729989051819,4197.0,2604.9583333333335,14.125,3.9523699793003926e79,1.9166666666666667,5.836873035208643e22,2.7816602174784203e46,6.075960096472479e23,-0.9999999551580279,0.07562570735635801,0.09403243857520219,0.22292959534495244,2.7816602174784203e46,-1.0,6.0
1715.7507309913635,4209.0,2616.9583333333335,14.125,3.9523699793003926e79,1.9166666666666667,5.836873035208643e22,2.7816602174784203e46,6.075960096472479e23,-0.9999999551580279,0.07562570735635801,0.09403243857520219,0.22292959534495244,2.7816602174784203e46,-1.0,6.0
1720.8935289382935,4221.0,2628.9583333333335,14.125,3.9523699793003926e79,1.9166666666666667,5.836873035208643e22,2.7816602174784203e46,6.075960096472479e23,-0.9999999551580279,0.07562570735635801,0.09403243857520219,0.22292959534495244,2.7816602174784203e46,-1.0,6.0
1725.9236381053925,4233.0,2640.9583333333335,14.125,3.9523699793003926e79,1.9166666666666667,5.836873035208643e22,2.7816602174784203e46,6.075960096472479e23,-0.9999999551580279,0.07562570735635801,0.09403243857520219,0.22292959534495244,2.7816602174784203e46,-1.0,6.0
1731.0486950874329,4245.0,2652.9583333333335,14.125,3.9523699793003926e79,1.9166666666666667,5.836873035208643e22,2.7816602174784203e46,6.075960096472479e23,-0.9999999551580279,0.07562570735635801,0.09403243857520219,0.22292959534495244,2.7816602174784203e46,-1.0,6.0
1736.152223110199,4257.0,2664.9583333333335,14.125,3.9523699793003926e79,1.9166666666666667,5.836873035208643e22,2.7816602174784203e46,6.075960096472479e23,-0.9999999551580279,0.07562570735635801,0.09403243857520219,0.22292959534495244,2.7816602174784203e46,-1.0,6.0
1741.327092885971,4269.0,2676.9583333333335,14.125,3.9523699793003926e79,1.9166666666666667,5.836873035208643e22,2.7816602174784203e46,6.075960096472479e23,-0.9999999551580279,0.07562570735635801,0.09403243857520219,0.22292959534495244,2.7816602174784203e46,-1.0,6.0
1746.3674728870392,4281.0,2688.9583333333335,14.125,3.9523699793003926e79,1.9166666666666667,5.836873035208643e22,2.7816602174784203e46,6.075960096472479e23,-0.9999999551580279,0.07562570735635801,0.09403243857520219,0.22292959534495244,2.7816602174784203e46,-1.0,6.0
1751.4438030719757,4293.0,2700.9583333333335,14.125,3.9523699793003926e79,1.9166666666666667,5.836873035208643e22,2.7816602174784203e46,6.075960096472479e23,-0.9999999551580279,0.07562570735635801,0.09403243857520219,0.22292959534495244,2.7816602174784203e46,-1.0,6.0
1756.6014530658722,4305.0,2712.9583333333335,14.125,3.9523699793003926e79,1.9166666666666667,5.836873035208643e22,2.7816602174784203e46,6.075960096472479e23,-0.9999999551580279,0.07562570735635801,0.09403243857520219,0.22292959534495244,2.7816602174784203e46,-1.0,6.0
1761.7289519309998,4317.0,2724.9583333333335,14.125,3.9523699793003926e79,1.9166666666666667,5.836873035208643e22,2.7816602174784203e46,6.075960096472479e23,-0.9999999551580279,0.07562570735635801,0.09403243857520219,0.22292959534495244,2.7816602174784203e46,-1.0,6.0
1766.8582239151,4329.0,2736.9583333333335,14.125,3.9523699793003926e79,1.9166666666666667,5.836873035208643e22,2.7816602174784203e46,6.075960096472479e23,-0.9999999551580279,0.07562570735635801,0.09403243857520219,0.22292959534495244,2.7816602174784203e46,-1.0,6.0
1771.936264038086,4341.0,2748.9583333333335,14.125,3.9523699793003926e79,1.9166666666666667,5.836873035208643e22,2.7816602174784203e46,6.075960096472479e23,-0.9999999551580279,0.07562570735635801,0.09403243857520219,0.22292959534495244,2.7816602174784203e46,-1.0,6.0
1776.9938309192657,4353.0,2760.9583333333335,14.125,3.9523699793003926e79,1.9166666666666667,5.836873035208643e22,2.7816602174784203e46,6.075960096472479e23,-0.9999999551580279,0.07562570735635801,0.09403243857520219,0.22292959534495244,2.7816602174784203e46,-1.0,6.0
1782.0813241004944,4365.0,2772.9583333333335,14.125,3.9523699793003926e79,1.9166666666666667,5.836873035208643e22,2.7816602174784203e46,6.075960096472479e23,-0.9999999551580279,0.07562570735635801,0.09403243857520219,0.22292959534495244,2.7816602174784203e46,-1.0,6.0
1787.1978330612183,4377.0,2784.9583333333335,14.125,3.9523699793003926e79,1.9166666666666667,5.836873035208643e22,2.7816602174784203e46,6.075960096472479e23,-0.9999999551580279,0.07562570735635801,0.09403243857520219,0.22292959534495244,2.7816602174784203e46,-1.0,6.0
1792.5528049468994,4390.0,2797.9583333333335,14.125,3.9523699793003926e79,1.9166666666666667,5.836873035208643e22,2.7816602174784203e46,6.075960096472479e23,-0.9999999551580279,0.07562570735635801,0.09403243857520219,0.22292959534495244,2.7816602174784203e46,-1.0,6.0
1797.5742499828339,4402.0,2809.9583333333335,14.125,3.9523699793003926e79,1.9166666666666667,5.836873035208643e22,2.7816602174784203e46,6.075960096472479e23,-0.9999999551580279,0.07562570735635801,0.09403243857520219,0.22292959534495244,2.7816602174784203e46,-1.0,6.0
