time,generation,mean age hall_of_fame,mean compl,mean recursive_compl,mean n_params,min mae,min mse,min max_ae,min minus_r2,min mare,min q75_are,min max_are,min ms_processed_e,min minus_spearman,max penalty
16.671735048294067,1.0,0.0,10.5,7.158497868333334e8,1.5,1.7893990672503617,7.086070506109088,8.800823193893613,-0.9550083558530325,0.05735486029487616,0.07065776539276024,0.29984932244321033,7.086070506109088,-0.9638895558223289,0.0
21.68457317352295,7.0,2.6363636363636362,11.363636363636363,6001.181818181818,2.3636363636363638,0.742561321668226,0.9499136724478832,2.8414484145011443,-0.9939687055210262,0.021899390143948726,0.03262735771544798,0.06518434918717184,0.9499136724478832,-0.9924129651860745,0.0
26.78162407875061,15.0,2.4166666666666665,13.833333333333334,23.25,2.8333333333333335,0.2530068934297924,0.0974212436201806,0.6905292250642212,-0.9993814425185954,0.00824391830741277,0.011209708427019073,0.02796388327809948,0.0974212436201806,-0.9977911164465786,0.0
33.65232014656067,26.0,5.583333333333333,14.333333333333334,54.416666666666664,2.9166666666666665,0.24171402819765078,0.09333881486357753,0.6920345718680849,-0.9994073631161556,0.008033186247437924,0.010624281523204835,0.030014575899069897,0.09333881486357753,-0.9977911164465786,0.0
38.759812116622925,37.0,9.785714285714286,16.071428571428573,27.5,3.2857142857142856,0.23204539105849528,0.08094056829089286,0.6930490679177943,-0.9994860834022951,0.007880224594312028,0.010026191931171111,0.027404694521371457,0.08094056829089286,-0.9977911164465786,0.0
44.01708912849426,48.0,14.125,13.5625,89.5,2.5,0.23204539105849528,0.08094056829089286,0.687657224517416,-0.9994860834022951,0.007880224594312028,0.010026191931171111,0.027404694521371457,0.08094056829089286,-0.9977911164465786,0.0
49.37075114250183,59.0,20.555555555555557,13.777777777777779,162.33333333333334,2.5555555555555554,0.2319227053933367,0.07903604312782017,0.6809769799928489,-0.9994981758191475,0.00760852433204944,0.009717112842822472,0.025786198478765298,0.07903604312782017,-0.9978871548619448,0.0
54.73350119590759,70.0,19.238095238095237,16.285714285714285,120.33333333333333,3.0952380952380953,0.2206853770042723,0.07811238870539601,0.6686890105721659,-0.9995040403855603,0.007449224904732903,0.00942022626599718,0.023904752975352557,0.07811238870539601,-0.9980792316926771,0.0
59.77606511116028,80.0,20.555555555555557,15.166666666666666,113.61111111111111,2.888888888888889,0.2273832172347334,0.07703336664915834,0.6686890105721659,-0.9995108914289331,0.00726253202161532,0.009159526191937882,0.023904752975352557,0.07703336664915834,-0.9980792316926771,0.0
64.78251719474792,90.0,14.88888888888889,16.22222222222222,170.16666666666666,3.111111111111111,0.21819991391061982,0.07493215806557023,0.6686890105721659,-0.9995242326494008,0.007262532021022677,0.00915952618427921,0.023904752975352557,0.07493215806557023,-0.9980792316926771,0.0
69.83118510246277,100.0,28.05,16.3,102.85,3.2,0.2231383135259224,0.07347731882156705,0.6686890105721659,-0.9995334698718502,0.007034760650302161,0.008167855545190514,0.023904752975352557,0.07347731882156705,-0.9980792316926771,0.0
74.86527919769287,110.0,34.833333333333336,16.055555555555557,35.388888888888886,3.1666666666666665,0.2231253630005474,0.07265492598775956,0.6663932382585003,-0.9995386914972484,0.007046007541774084,0.008167855545190514,0.021776756372987892,0.07265492598775956,-0.9980792316926771,0.0
79.92948913574219,120.0,39.473684210526315,16.63157894736842,35.05263157894737,3.3157894736842106,0.2231253630005474,0.07265492598775956,0.6663932382585003,-0.9995386914972484,0.007046007541774084,0.008167855545190514,0.021776756372987892,0.07265492598775956,-0.9980792316926771,0.0
85.02242708206177,130.0,42.94444444444444,17.27777777777778,38.0,3.4444444444444446,0.2231253630005474,0.07265492598775956,0.6663932382585003,-0.9995386914972484,0.007046007541774084,0.008167855545190514,0.021776756372987892,0.07265492598775956,-0.9980792316926771,0.0
90.23394012451172,140.0,36.55555555555556,17.27777777777778,39.833333333333336,3.388888888888889,0.22312055551913423,0.07264587563537037,0.6671897958496018,-0.9995387489607233,0.00704645436961797,0.00827671145593951,0.021802786710036035,0.07264587563537037,-0.9980792316926771,0.0
95.53150010108948,150.0,49.22222222222222,16.27777777777778,37.72222222222222,3.111111111111111,0.22312055551913423,0.07264587563537037,0.6518972080356917,-0.9995387489607233,0.00704645436961797,0.008573846970266476,0.021802786710036035,0.07264587563537037,-0.9980792316926771,0.0
100.94802904129028,160.0,51.72222222222222,16.27777777777778,38.0,3.0555555555555554,0.22312055551913423,0.07264587563537037,0.6522214001384086,-0.9995387489607233,0.00704645436961797,0.008318217318685083,0.021802786710036035,0.07264587563537037,-0.9980792316926771,0.0
106.28035807609558,170.0,52.333333333333336,16.22222222222222,38.44444444444444,3.0555555555555554,0.22312055551913423,0.07264587563537037,0.6523296431060324,-0.9995387489607233,0.00704645436961797,0.008349125752347768,0.021802786710036035,0.07264587563537037,-0.9980792316926771,0.0
111.61738014221191,180.0,50.68421052631579,17.105263157894736,38.68421052631579,3.1578947368421053,0.22312055551913423,0.07261602735675868,0.6671897958496018,-0.9995389384766373,0.00704645436961797,0.008348788990399892,0.021802786710036035,0.07261602735675868,-0.9980792316926771,0.0
116.90832209587097,190.0,57.73684210526316,17.105263157894736,25.894736842105264,3.1578947368421053,0.22312055551913423,0.07261602735675868,0.6671897958496018,-0.9995389384766373,0.00704645436961797,0.008348788990399892,0.021802786710036035,0.07261602735675868,-0.9980792316926771,0.0
122.29563808441162,200.0,55.55555555555556,16.38888888888889,32.666666666666664,2.9444444444444446,0.22177425283193103,0.07181462686372883,0.6671897958496018,-0.9995440268151983,0.00704645436961797,0.008520093795200637,0.021802786710036035,0.07181462686372883,-0.9979831932773109,0.0
127.7275230884552,210.0,66.05263157894737,15.842105263157896,31.42105263157895,2.8421052631578947,0.22177425283193103,0.07181462686372883,0.6415642965386041,-0.9995440268151983,0.007033235801647179,0.008520093795200637,0.02307538912570362,0.07181462686372883,-0.9979831932773109,0.0
133.24596309661865,220.0,70.76470588235294,15.0,28.294117647058822,2.764705882352941,0.22314679237216972,0.07161067309622114,0.6415553612166249,-0.9995453217804857,0.007033250519055315,0.00862990849580046,0.023075067745550848,0.07161067309622114,-0.9978871548619448,0.0
138.674791097641,230.0,76.0,15.0,28.294117647058822,2.764705882352941,0.22314679237216972,0.07161067309622114,0.6415553612166249,-0.9995453217804857,0.007033250519055315,0.00862990849580046,0.023075067745550848,0.07161067309622114,-0.9978871548619448,0.0
144.10142302513123,240.0,79.55555555555556,15.88888888888889,28.5,2.9444444444444446,0.22314679237216972,0.07139204780793168,0.6415553612166249,-0.9995467098997776,0.007033250519055315,0.00862990849580046,0.021923781153217133,0.07139204780793168,-0.9978871548619448,0.0
149.5875961780548,250.0,82.89473684210526,16.105263157894736,27.894736842105264,3.0526315789473686,0.22314679237216972,0.0711775267186133,0.6415553612166249,-0.9995480719602459,0.007033250519055315,0.00862990849580046,0.021880970032988077,0.0711775267186133,-0.9978871548619448,0.0
155.07953715324402,260.0,75.84210526315789,16.105263157894736,21.894736842105264,3.0,0.22314679237216972,0.0711775267186133,0.6415553612166249,-0.9995480719602459,0.007033250519055315,0.00862990849580046,0.021880970032988077,0.0711775267186133,-0.9979831932773109,0.0
160.57345414161682,270.0,97.3157894736842,16.105263157894736,21.736842105263158,3.0526315789473686,0.22314679237216972,0.0711775267186133,0.6415553612166249,-0.9995480719602459,0.007033250519055315,0.00862990849580046,0.021880970032988077,0.0711775267186133,-0.9979831932773109,0.0
166.09777212142944,280.0,69.3,18.3,25.5,3.4,0.22093588425793803,0.0699254275616132,0.6415553612166249,-0.9995560219234392,0.007033250519055315,0.00862990849580046,0.021561708784900706,0.0699254275616132,-0.9979831932773109,0.0
171.11471009254456,289.0,89.57142857142857,17.666666666666668,23.523809523809526,3.3333333333333335,0.22093588425793803,0.0699254275616132,0.6415553612166249,-0.9995560219234392,0.007033250519055315,0.00862990849580046,0.021561708784900706,0.0699254275616132,-0.9979831932773109,0.0
176.61273097991943,299.0,89.57142857142857,17.666666666666668,23.523809523809526,3.3333333333333335,0.22093588425793803,0.0699254275616132,0.6415553612166249,-0.9995560219234392,0.007033250519055315,0.00862990849580046,0.021561708784900706,0.0699254275616132,-0.9979831932773109,0.0
181.65863800048828,308.0,105.71428571428571,17.666666666666668,23.666666666666668,3.380952380952381,0.22093588425793803,0.0699254275616132,0.6439881044407372,-0.9995560219234392,0.007025898818804226,0.008661137244900637,0.021561708784900706,0.0699254275616132,-0.9979831932773109,0.0
186.68867707252502,317.0,97.0,17.666666666666668,23.80952380952381,3.3333333333333335,0.22093588425793803,0.0699254275616132,0.6439881044407372,-0.9995560219234392,0.007025898818804226,0.008661137244900637,0.021561708784900706,0.0699254275616132,-0.9979831932773109,0.0
191.71696209907532,326.0,97.42857142857143,17.666666666666668,23.80952380952381,3.3333333333333335,0.22093588425793803,0.0699254275616132,0.6439881044407372,-0.9995560219234392,0.007025898818804226,0.008104010767145954,0.021561708784900706,0.0699254275616132,-0.9979831932773109,0.0
196.8136670589447,335.0,104.0,17.666666666666668,23.80952380952381,3.3333333333333335,0.21925978663644372,0.06912538107150583,0.6439881044407372,-0.9995611016650185,0.007025898818804226,0.008104010767145954,0.021561708784900706,0.06912538107150583,-0.9979831932773109,0.0
201.8873929977417,344.0,125.95238095238095,17.666666666666668,22.19047619047619,3.380952380952381,0.21925978663644372,0.06912538107150583,0.6439881044407372,-0.9995611016650185,0.007025898818804226,0.008104010767145954,0.021561708784900706,0.06912538107150583,-0.9979831932773109,0.0
206.8917260169983,353.0,118.61904761904762,17.666666666666668,22.19047619047619,3.380952380952381,0.21925978663644372,0.06912538107150583,0.6439881044407372,-0.9995611016650185,0.007025898818804226,0.008104010767145954,0.021561708784900706,0.06912538107150583,-0.9979831932773109,0.0
212.00227808952332,362.0,109.3157894736842,18.842105263157894,24.789473684210527,3.6315789473684212,0.21925978663644372,0.06912538107150583,0.6439881044407372,-0.9995611016650185,0.007025898818804226,0.008104010767145954,0.021561708784900706,0.06912538107150583,-0.9979831932773109,0.0
217.0107409954071,371.0,111.21052631578948,18.842105263157894,24.789473684210527,3.6315789473684212,0.21925978663644372,0.06912538107150583,0.6443500455938,-0.9995611016650185,0.007021425626504576,0.008104010767145954,0.021561708784900706,0.06912538107150583,-0.9979831932773109,0.0
222.0855209827423,380.0,120.21052631578948,18.842105263157894,24.789473684210527,3.6315789473684212,0.21925978663644372,0.06912538107150583,0.6443500455938,-0.9995611016650185,0.007021425626504576,0.008104010767145954,0.021561708784900706,0.06912538107150583,-0.9979831932773109,0.0
227.18740701675415,389.0,121.8,18.3,24.35,3.5,0.21925978663644372,0.06912538107150583,0.6444564561000732,-0.9995611016650185,0.007021425626504576,0.008104010767145954,0.021561708784900706,0.06912538107150583,-0.9979831932773109,0.0
232.66813898086548,399.0,118.25,18.3,24.3,3.5,0.21925978663644372,0.06912538107150583,0.6436560007797354,-0.9995611016650185,0.007024967181770128,0.008104010767145954,0.021561708784900706,0.06912538107150583,-0.9979831932773109,0.0
238.21759009361267,409.0,103.89473684210526,19.68421052631579,24.736842105263158,3.8947368421052633,0.21925978663644372,0.06912538107150583,0.6436560007797354,-0.9995611016650185,0.007024967181770128,0.008104010767145954,0.021561708784900706,0.06912538107150583,-0.9979831932773109,0.0
243.25244617462158,418.0,108.52380952380952,18.523809523809526,123.47619047619048,3.5714285714285716,0.21925978663644372,0.06912538107150583,0.6436560007797354,-0.9995611016650185,0.007024967181770128,0.008104010767145954,0.021561708784900706,0.06912538107150583,-0.9979831932773109,0.0
248.31586813926697,427.0,115.85714285714286,18.523809523809526,123.47619047619048,3.5714285714285716,0.21925978663644372,0.06912538107150583,0.6444564561000732,-0.9995611016650185,0.007054157242033525,0.008104010767145954,0.021561708784900706,0.06912538107150583,-0.9979831932773109,0.0
253.39082407951355,436.0,117.23809523809524,18.523809523809526,123.47619047619048,3.5714285714285716,0.21925978663644372,0.06912538107150583,0.6444564561000732,-0.9995611016650185,0.007054157242033525,0.008104010767145954,0.021556596627110614,0.06912538107150583,-0.9979831932773109,0.0
258.46987104415894,445.0,121.14285714285714,18.523809523809526,123.47619047619048,3.5714285714285716,0.21925978663644372,0.06912538107150583,0.6444564561000732,-0.9995611016650185,0.007054157242033525,0.008104010767145954,0.021556596627110614,0.06912538107150583,-0.9979831932773109,0.0
263.48596000671387,454.0,124.95238095238095,18.523809523809526,123.47619047619048,3.5714285714285716,0.21925978663644372,0.06912538107150583,0.6444564561000732,-0.9995611016650185,0.007054157242033525,0.008104010767145954,0.021556596627110614,0.06912538107150583,-0.9979831932773109,0.0
268.90600204467773,464.0,134.57142857142858,18.523809523809526,123.47619047619048,3.5714285714285716,0.21925978663644372,0.06912538107150583,0.6444564561000732,-0.9995611016650185,0.007054157242033525,0.008104010767145954,0.021556596627110614,0.06912538107150583,-0.9979831932773109,0.0
273.9352161884308,473.0,144.0,17.90909090909091,116.77272727272727,3.5,0.21925978663644372,0.06912538107150583,0.6444564561000732,-0.9995611016650185,0.007054157242033525,0.008104010767145954,0.02159966159596994,0.06912538107150583,-0.9979831932773109,0.0
278.9550840854645,482.0,142.0,17.90909090909091,117.04545454545455,3.4545454545454546,0.21925978663644372,0.06912538107150583,0.6444564561000732,-0.9995611016650185,0.007054157242033525,0.008104010767145954,0.02159966159596994,0.06912538107150583,-0.9979831932773109,0.0
284.46165919303894,492.0,150.6818181818182,17.90909090909091,117.04545454545455,3.4545454545454546,0.21925978663644372,0.06912538107150583,0.6444564561000732,-0.9995611016650185,0.007054157242033525,0.008104010767145954,0.02159966159596994,0.06912538107150583,-0.9979831932773109,0.0
289.99175810813904,502.0,141.45454545454547,17.90909090909091,118.36363636363636,3.409090909090909,0.21925978663644372,0.06912538107150583,0.6444564561000732,-0.9995611016650185,0.007054157242033525,0.008104010767145954,0.02159966159596994,0.06912538107150583,-0.9979831932773109,0.0
295.4844980239868,512.0,136.72727272727272,17.90909090909091,118.5,3.409090909090909,0.21725127053078444,0.06792762190256095,0.6308092259706477,-0.9995687066068909,0.007054157242033525,0.008104010767145954,0.02159966159596994,0.06792762190256095,-0.9979831932773109,0.0
301.0575580596924,522.0,132.82608695652175,17.695652173913043,113.82608695652173,3.347826086956522,0.21725127053078444,0.06792762190256095,0.6308092259706477,-0.9995687066068909,0.007054157242033525,0.008104010767145954,0.02159966159596994,0.06792762190256095,-0.9979831932773109,0.0
306.08883810043335,531.0,127.54545454545455,17.90909090909091,118.04545454545455,3.409090909090909,0.21725127053078444,0.06792762190256095,0.6308092259706477,-0.9995687066068909,0.007054157242033525,0.008104010767145954,0.02159966159596994,0.06792762190256095,-0.9979831932773109,0.0
311.5406081676483,541.0,136.9047619047619,17.19047619047619,121.95238095238095,3.238095238095238,0.21725127053078444,0.06792762190256095,0.6308092259706477,-0.9995687066068909,0.007054157242033525,0.008104010767145954,0.022165598979488835,0.06792762190256095,-0.9979831932773109,0.0
317.0908901691437,551.0,134.05263157894737,18.210526315789473,24.789473684210527,3.526315789473684,0.21725105626446697,0.06792750278870752,0.6308092259706477,-0.9995687073631815,0.007054157242033525,0.008104010767145954,0.0221656786439815,0.06792750278870752,-0.9979831932773109,0.0
322.1224219799042,560.0,142.6315789473684,18.210526315789473,24.789473684210527,3.526315789473684,0.21725105626446697,0.06792750278870752,0.6308092259706477,-0.9995687073631815,0.007054157242033525,0.008104010767145954,0.0221656786439815,0.06792750278870752,-0.9979831932773109,0.0
327.673308134079,570.0,148.94736842105263,18.210526315789473,24.789473684210527,3.526315789473684,0.2169422079614702,0.06757607280448179,0.6308092259706477,-0.9995709387003915,0.007054157242033525,0.008104010767145954,0.022482571021311036,0.06757607280448179,-0.9979831932773109,0.0
332.84200620651245,579.0,157.94736842105263,18.210526315789473,24.789473684210527,3.526315789473684,0.2169422079614702,0.06757607280448179,0.6308092259706477,-0.9995709387003915,0.007054157242033525,0.008104010767145954,0.022482571021311036,0.06757607280448179,-0.9979831932773109,0.0
338.05018305778503,588.0,176.4,17.65,128.85,3.35,0.2169422079614702,0.06757607280448179,0.6308092259706477,-0.9995709387003915,0.007054157242033525,0.008104010767145954,0.022482571021311036,0.06757607280448179,-0.9979831932773109,0.0
343.1290671825409,597.0,171.0952380952381,17.571428571428573,124.04761904761905,3.3333333333333335,0.2169422079614702,0.06757607280448179,0.6308092259706477,-0.9995709387003915,0.007054157242033525,0.008104010767145954,0.022482571021311036,0.06757607280448179,-0.9979831932773109,0.0
348.3112781047821,606.0,214.7,17.7,128.95,3.35,0.2169422079614702,0.06757607280448179,0.6308092259706477,-0.9995709387003915,0.007054157242033525,0.008104010767145954,0.022482571021311036,0.06757607280448179,-0.9979831932773109,0.0
353.4292821884155,615.0,197.4,17.65,128.85,3.35,0.2169422079614702,0.06757607280448179,0.6308092259706477,-0.9995709387003915,0.007054157242033525,0.008104010767145954,0.022482571021311036,0.06757607280448179,-0.9979831932773109,0.0
358.569580078125,624.0,196.85714285714286,16.952380952380953,122.95238095238095,3.1904761904761907,0.2169422079614702,0.06757607280448179,0.6308092259706477,-0.9995709387003915,0.007054157242033525,0.008104010767145954,0.022482571021311036,0.06757607280448179,-0.9979831932773109,0.0
363.79036021232605,633.0,205.85714285714286,16.952380952380953,122.95238095238095,3.1904761904761907,0.2169422079614702,0.06757607280448179,0.6308092259706477,-0.9995709387003915,0.007054157242033525,0.008104010767145954,0.022482571021311036,0.06757607280448179,-0.9979831932773109,0.0
368.9798421859741,642.0,239.9047619047619,17.0,123.04761904761905,3.1904761904761907,0.2169422079614702,0.06757607280448179,0.6308092259706477,-0.9995709387003915,0.007054157242033525,0.008104010767145954,0.022482571021311036,0.06757607280448179,-0.9979831932773109,0.0
374.0968201160431,651.0,196.85714285714286,16.952380952380953,26.333333333333332,3.1904761904761907,0.2169422079614702,0.06757607280448179,0.6308092259706477,-0.9995709387003915,0.007054157242033525,0.008104010767145954,0.022482571021311036,0.06757607280448179,-0.9979831932773109,0.0
379.2347090244293,660.0,184.1,17.65,27.4,3.35,0.2169422079614702,0.06757607280448179,0.6308092259706477,-0.9995709387003915,0.007054157242033525,0.008104010767145954,0.022482571021311036,0.06757607280448179,-0.9979831932773109,0.0
384.41697907447815,669.0,181.38095238095238,16.952380952380953,26.333333333333332,3.1904761904761907,0.2169422079614702,0.06757607280448179,0.6308092259706477,-0.9995709387003915,0.007054157242033525,0.008104010767145954,0.022482571021311036,0.06757607280448179,-0.9979831932773109,0.0
389.52691102027893,678.0,191.65,17.65,27.4,3.35,0.2169422079614702,0.06757607280448179,0.6308092259706477,-0.9995709387003915,0.007054157242033525,0.008104010767145954,0.022482571021311036,0.06757607280448179,-0.9979831932773109,0.0
394.71048617362976,687.0,200.65,17.65,27.4,3.35,0.2169422079614702,0.06757607280448179,0.6308092259706477,-0.9995709387003915,0.007054157242033525,0.008104010767145954,0.022482571021311036,0.06757607280448179,-0.9979831932773109,0.0
399.9125711917877,696.0,209.65,17.65,27.4,3.35,0.2169422079614702,0.06757607280448179,0.6308092259706477,-0.9995709387003915,0.007054157242033525,0.008104010767145954,0.022482571021311036,0.06757607280448179,-0.9979831932773109,0.0
405.1239981651306,705.0,212.38095238095238,16.952380952380953,26.333333333333332,3.1904761904761907,0.2169422079614702,0.06757607280448179,0.6308092259706477,-0.9995709387003915,0.007054157242033525,0.008104010767145954,0.022482571021311036,0.06757607280448179,-0.9979831932773109,0.0
410.313068151474,714.0,211.13636363636363,17.636363636363637,119.0909090909091,3.3181818181818183,0.2169422079614702,0.06757607280448179,0.6308092259706477,-0.9995709387003915,0.007054157242033525,0.008104010767145954,0.021776311738184846,0.06757607280448179,-0.9979831932773109,0.0
415.45441818237305,723.0,222.8095238095238,18.333333333333332,124.38095238095238,3.4761904761904763,0.21665368641391253,0.06749945303452418,0.6308092259706477,-0.9995714251829098,0.007054157242033525,0.008104010767145954,0.021776311738184846,0.06749945303452418,-0.9979831932773109,0.0
420.6470320224762,732.0,249.86363636363637,18.227272727272727,118.68181818181819,3.5,0.21665368641391253,0.06749945303452418,0.6308092259706477,-0.9995714251829098,0.007054157242033525,0.008104010767145954,0.021776311738184846,0.06749945303452418,-0.9979831932773109,0.0
425.8742530345917,741.0,234.33333333333334,17.857142857142858,77.0952380952381,3.4285714285714284,0.21681484745452387,0.06745804679782498,0.6308092259706477,-0.9995716880838597,0.007054157242033525,0.008540218069791928,0.021776311738184846,0.06745804679782498,-0.9978871548619448,0.0
431.0516061782837,750.0,230.8421052631579,18.210526315789473,83.47368421052632,3.473684210526316,0.21681484745452387,0.06745804679782498,0.6308092259706477,-0.9995716880838597,0.007054157242033525,0.008540218069791928,0.021776311738184846,0.06745804679782498,-0.9978871548619448,0.0
436.3106601238251,759.0,212.75,18.7,489.35,3.6,0.21681484745452387,0.06745804679782498,0.6382468562576555,-0.9995716880838597,0.007054157242033525,0.008540218069791928,0.021665063306154062,0.06745804679782498,-0.9978871548619448,0.0
441.39062309265137,768.0,247.0952380952381,18.095238095238095,465.2857142857143,3.4761904761904763,0.21681484745452387,0.06745804679782498,0.6382468562576555,-0.9995716880838597,0.007054157242033525,0.008540218069791928,0.021876429552650404,0.06745804679782498,-0.9978871548619448,0.0
446.5229260921478,777.0,256.0952380952381,18.095238095238095,465.2857142857143,3.4761904761904763,0.21681484745452387,0.06745804679782498,0.6382468562576555,-0.9995716880838597,0.007054157242033525,0.008540218069791928,0.021876429552650404,0.06745804679782498,-0.9978871548619448,0.0
451.7714970111847,786.0,265.0952380952381,18.095238095238095,465.2857142857143,3.4761904761904763,0.21681484745452387,0.06745804679782498,0.6382468562576555,-0.9995716880838597,0.007054157242033525,0.008540218069791928,0.021876429552650404,0.06745804679782498,-0.9978871548619448,0.0
456.9715521335602,795.0,271.3809523809524,18.095238095238095,465.7142857142857,3.4761904761904763,0.21681484745452387,0.06745804679782498,0.6382468562576555,-0.9995716880838597,0.007054157242033525,0.008540218069791928,0.021511842417506345,0.06745804679782498,-0.9978871548619448,0.0
462.03679609298706,804.0,266.04545454545456,17.954545454545453,445.22727272727275,3.4545454545454546,0.21681484745452387,0.06745804679782498,0.6302097943394642,-0.9995716880838597,0.007054157242033525,0.008436512188886814,0.021511842417506345,0.06745804679782498,-0.9978871548619448,0.0
467.2457721233368,813.0,274.5,17.954545454545453,445.22727272727275,3.4545454545454546,0.21681484745452387,0.06745804679782498,0.6302097943394642,-0.9995716880838597,0.007054157242033525,0.008436512188886814,0.021511842417506345,0.06745804679782498,-0.9978871548619448,0.0
472.59590911865234,822.0,281.89473684210526,15.947368421052632,5.786903354842105e10,3.1052631578947367,0.21526080472176148,0.06576584100426179,0.6302097943394642,-0.999582432419641,0.006989817985957896,0.008205510339238772,0.021511842417506345,0.06576584100426179,-0.9977911164465786,0.0
477.83317613601685,831.0,289.5263157894737,15.947368421052632,5.786903354842105e10,3.1052631578947367,0.21526080472066,0.06576584100405114,0.6302097943394642,-0.9995824324196423,0.006989817985934319,0.008205510339523575,0.021511842417506345,0.06576584100405114,-0.9977911164465786,0.0
483.1397399902344,840.0,294.57894736842104,15.947368421052632,5.786903354526316e10,3.1578947368421053,0.21526080472066,0.06576584100405114,0.6302097943394642,-0.9995824324196423,0.006989817985934319,0.008205510339523575,0.021511842417506345,0.06576584100405114,-0.9977911164465786,0.0
488.34729504585266,849.0,302.8421052631579,15.947368421052632,5.786903354526316e10,3.1578947368421053,0.21526080472066,0.06576584100405114,0.6302097943394642,-0.9995824324196423,0.006989817985934319,0.008205510339523575,0.021511842417506345,0.06576584100405114,-0.9977911164465786,0.0
493.6020472049713,858.0,311.8421052631579,15.947368421052632,5.786903354526316e10,3.1578947368421053,0.21526080472066,0.06576584100405114,0.6302097943394642,-0.9995824324196423,0.006989817985934319,0.008205510339523575,0.021511842417506345,0.06576584100405114,-0.9977911164465786,0.0
498.8802990913391,867.0,307.05263157894734,15.947368421052632,5.786903354568421e10,3.1052631578947367,0.21526080472066,0.06576584100405114,0.6582865732607601,-0.9995824324196423,0.006989817985934319,0.008205510339523575,0.021511842417506345,0.06576584100405114,-0.9977911164465786,0.0
504.24355912208557,876.0,332.3333333333333,15.944444444444445,6.108397985222222e10,3.111111111111111,0.21526080472066,0.06576584100405114,0.6582865732607601,-0.9995824324196423,0.006989817985934319,0.008205510339523575,0.021511842417506345,0.06576584100405114,-0.9977911164465786,0.0
509.69490098953247,885.0,340.77777777777777,15.944444444444445,6.108397985222222e10,3.111111111111111,0.21526080472066,0.06576584100405114,0.6582865732607601,-0.9995824324196423,0.006989817985934319,0.008205510339523575,0.021511842417506345,0.06576584100405114,-0.9977911164465786,0.0
514.9704661369324,894.0,349.1111111111111,15.944444444444445,6.108397985222222e10,3.111111111111111,0.21526080472066,0.06576584100405114,0.6582865732607601,-0.9995824324196423,0.006989817985934319,0.008205510339523575,0.021511842417506345,0.06576584100405114,-0.9977911164465786,0.0
520.2493891716003,903.0,357.94444444444446,15.944444444444445,6.108397985222222e10,3.111111111111111,0.21526080472066,0.06576584100405114,0.6582865732607601,-0.9995824324196423,0.006989817985934319,0.008205510339523575,0.021511842417506345,0.06576584100405114,-0.9977911164465786,0.0
525.6237101554871,912.0,359.0,15.944444444444445,6.108397985222222e10,3.111111111111111,0.21526080472066,0.06576584100405114,0.6582865732607601,-0.9995824324196423,0.006989817985934319,0.008205510339523575,0.021511842417506345,0.06576584100405114,-0.9977911164465786,0.0
530.8853330612183,921.0,367.44444444444446,15.944444444444445,6.108397985222222e10,3.111111111111111,0.21526080472066,0.06576584100405114,0.6582865732607601,-0.9995824324196423,0.006989817985934319,0.008205510339523575,0.021511842417506345,0.06576584100405114,-0.9977911164465786,0.0
536.2305471897125,930.0,374.77777777777777,15.944444444444445,6.108397996572222e10,3.0555555555555554,0.21526080472066,0.06576584100405114,0.6582865732607601,-0.9995824324196423,0.006989817985934319,0.008205510339523575,0.021511842417506345,0.06576584100405114,-0.9977911164465786,0.0
541.5910890102386,939.0,383.6111111111111,15.944444444444445,6.108397985222222e10,3.111111111111111,0.21526080472066,0.06576584100405114,0.6582865732607601,-0.9995824324196423,0.006989817985934319,0.008205510339523575,0.021511842417506345,0.06576584100405114,-0.9977911164465786,0.0
546.9969301223755,948.0,392.6111111111111,15.944444444444445,6.108397985222222e10,3.111111111111111,0.21526080472066,0.06576584100405114,0.6582865732607601,-0.9995824324196423,0.006989817985934319,0.008205510339523575,0.021511842417506345,0.06576584100405114,-0.9977911164465786,0.0
552.3831050395966,957.0,402.4117647058824,15.176470588235293,6.467715471447059e10,2.9411764705882355,0.21526080472066,0.06576584100405114,0.6736326671874764,-0.9995824324196423,0.006989817985934319,0.008205510339523575,0.022013330322144198,0.06576584100405114,-0.9977911164465786,0.0
557.9021379947662,966.0,411.05882352941177,15.176470588235293,6.467715471447059e10,2.9411764705882355,0.21526080472066,0.06576584100405114,0.6736326671874764,-0.9995824324196423,0.006989817985934319,0.008205510339523575,0.022013330322144198,0.06576584100405114,-0.9977911164465786,0.0
563.4102120399475,975.0,419.3529411764706,15.176470588235293,6.467715471447059e10,2.9411764705882355,0.21526080472066,0.06576584100405114,0.6736326671874764,-0.9995824324196423,0.006989817985934319,0.008205510339523575,0.022013330322144198,0.06576584100405114,-0.9977911164465786,0.0
568.7909791469574,984.0,427.70588235294116,15.176470588235293,6.467715471447059e10,2.9411764705882355,0.21526080472066,0.06576584100405114,0.6736326671874764,-0.9995824324196423,0.006989817985934319,0.008205510339523575,0.022013330322144198,0.06576584100405114,-0.9977911164465786,0.0
574.3059060573578,993.0,436.2352941176471,15.176470588235293,6.467715471447059e10,2.9411764705882355,0.21526080472066,0.06576584100405114,0.6736326671874764,-0.9995824324196423,0.006989817985934319,0.008205510339523575,0.022013330322144198,0.06576584100405114,-0.9977911164465786,0.0
579.7630410194397,1002.0,444.70588235294116,15.176470588235293,6.467715471447059e10,2.9411764705882355,0.21526080472066,0.06576584100405114,0.6736326671874764,-0.9995824324196423,0.006989817985934319,0.008205510339523575,0.022013330322144198,0.06576584100405114,-0.9977911164465786,0.0
585.2597770690918,1011.0,393.2352941176471,15.176470588235293,6.467715471447059e10,2.9411764705882355,0.21526080472066,0.06576584100405114,0.6736326487680593,-0.9995824324196423,0.006989817985934319,0.008205510339523575,0.022013329720224586,0.06576584100405114,-0.9977911164465786,0.0
590.6828200817108,1020.0,333.0,15.176470588235293,6.467715474429412e10,2.8823529411764706,0.21526080472066,0.06576584100405114,0.6736326459671247,-0.9995824324196423,0.006989817985934319,0.008205510339523575,0.02201332962869414,0.06576584100405114,-0.9977911164465786,0.0
596.102756023407,1029.0,304.4117647058824,15.176470588235293,6.467715474564706e10,2.8823529411764706,0.215260804603865,0.06576584094298658,0.6736305294730585,-0.99958243242003,0.006989817985082877,0.008205510330982857,0.0220132604647636,0.06576584094298658,-0.9977911164465786,0.0
601.5105559825897,1038.0,275.88235294117646,15.176470588235293,6.467715474564706e10,2.8823529411764706,0.21526080460352823,0.06576584094292182,0.6736304184077397,-0.9995824324200304,0.006989817985076277,0.008205510331080586,0.022013256835311426,0.06576584094292182,-0.9977911164465786,0.0
606.9138040542603,1047.0,269.44444444444446,15.222222222222221,6.108397948355556e10,2.888888888888889,0.21526080460352823,0.06576584094292182,0.6736304184077397,-0.9995824324200304,0.006989817985076277,0.008205510331080586,0.022013256835311426,0.06576584094292182,-0.9977911164465786,0.0
612.3537549972534,1056.0,278.44444444444446,15.222222222222221,6.108397948355556e10,2.888888888888889,0.21526080460352823,0.06576584094292182,0.6736304184077397,-0.9995824324200304,0.006989817985076277,0.008205510331080586,0.022013256835311426,0.06576584094292182,-0.9977911164465786,0.0
617.9177432060242,1065.0,287.44444444444446,15.222222222222221,6.108397948355556e10,2.888888888888889,0.21526080460352823,0.06576584094292182,0.6736304184077397,-0.9995824324200304,0.006989817985076277,0.008205510331080586,0.022013256835311426,0.06576584094292182,-0.9977911164465786,0.0
623.3336141109467,1074.0,296.44444444444446,15.222222222222221,6.108397948355556e10,2.888888888888889,0.21526080460352823,0.06576584094292182,0.6736304184077397,-0.9995824324200304,0.006989817985076277,0.008205510331080586,0.022013256835311426,0.06576584094292182,-0.9977911164465786,0.0
628.8362760543823,1083.0,305.44444444444446,15.222222222222221,6.108397948355556e10,2.888888888888889,0.21526080460352823,0.06576584094292182,0.6736304184077397,-0.9995824324200304,0.006989817985076277,0.008205510331080586,0.022013256835311426,0.06576584094292182,-0.9977911164465786,0.0
634.2974600791931,1092.0,314.44444444444446,15.222222222222221,6.108397948355556e10,2.888888888888889,0.21526080460352823,0.06576584094292182,0.6736304184077397,-0.9995824324200304,0.006989817985076277,0.008205510331080586,0.022013256835311426,0.06576584094292182,-0.9977911164465786,0.0
639.7828741073608,1101.0,306.6842105263158,16.157894736842106,5.786903324989474e10,3.0526315789473686,0.21526080460352823,0.06560033571915824,0.6730840786997732,-0.9995834832636715,0.006989817985076277,0.008205510331080586,0.021995403252720508,0.06560033571915824,-0.9977911164465786,0.0
645.2845740318298,1110.0,315.6842105263158,16.157894736842106,5.786903324989474e10,3.0526315789473686,0.21526080460352823,0.06560033571915824,0.6730840786997732,-0.9995834832636715,0.006989817985076277,0.008205510331080586,0.021995403252720508,0.06560033571915824,-0.9977911164465786,0.0
650.8009281158447,1119.0,314.3157894736842,16.157894736842106,5.786903324989474e10,3.0526315789473686,0.21526080460352823,0.06560033571915824,0.6730840786997732,-0.9995834832636715,0.006989817985076277,0.008205510331080586,0.021995403252720508,0.06560033571915824,-0.9977911164465786,0.0
656.3074760437012,1128.0,323.3157894736842,16.157894736842106,5.786903324989474e10,3.0526315789473686,0.21526080460352823,0.06560033571915824,0.6730840786997732,-0.9995834832636715,0.006989817985076277,0.008205510331080586,0.021995403252720508,0.06560033571915824,-0.9977911164465786,0.0
661.7891571521759,1137.0,311.1578947368421,16.157894736842106,5.786903324868421e10,3.0526315789473686,0.21526080460352823,0.06560033571915824,0.6730840786997732,-0.9995834832636715,0.006989817985076277,0.008205510331080586,0.021995403252720508,0.06560033571915824,-0.9977911164465786,0.0
667.2612371444702,1146.0,317.8421052631579,16.157894736842106,5.786903324868421e10,3.0526315789473686,0.21526080460352823,0.06559593891089077,0.6730751277188922,-0.9995835111803615,0.006989817985076277,0.008205510331080586,0.02199511074775684,0.06559593891089077,-0.9977911164465786,0.0
672.7794120311737,1155.0,326.8421052631579,16.157894736842106,5.786903324868421e10,3.0526315789473686,0.21526080460352823,0.06559593891089077,0.6730751277188922,-0.9995835111803615,0.006989817985076277,0.008205510331080586,0.02199511074775684,0.06559593891089077,-0.9977911164465786,0.0
678.3404910564423,1164.0,335.8421052631579,16.157894736842106,5.786903324868421e10,3.0526315789473686,0.21526080460352823,0.06559593891089077,0.6730751277188922,-0.9995835111803615,0.006989817985076277,0.008205510331080586,0.02199511074775684,0.06559593891089077,-0.9977911164465786,0.0
683.7723081111908,1173.0,344.8421052631579,16.157894736842106,5.786903324868421e10,3.0526315789473686,0.21526080460352823,0.06559593891089077,0.6730751277188922,-0.9995835111803615,0.006989817985076277,0.008205510331080586,0.02199511074775684,0.06559593891089077,-0.9977911164465786,0.0
689.2423620223999,1182.0,353.8421052631579,16.157894736842106,5.786903324868421e10,3.0526315789473686,0.21526080460352823,0.06559593891089077,0.6730751277188922,-0.9995835111803615,0.006989817985076277,0.008205510331080586,0.02199511074775684,0.06559593891089077,-0.9977911164465786,0.0
694.6995069980621,1191.0,362.8421052631579,16.157894736842106,5.786903324868421e10,3.0526315789473686,0.21526080460352823,0.06559593891089077,0.6730751277188922,-0.9995835111803615,0.006989817985076277,0.008205510331080586,0.02199511074775684,0.06559593891089077,-0.9977911164465786,0.0
700.1792590618134,1200.0,371.8421052631579,16.157894736842106,5.786903324868421e10,3.0526315789473686,0.21526080460352823,0.06559593891089077,0.6730751277188922,-0.9995835111803615,0.006989817985076277,0.008205510331080586,0.02199511074775684,0.06559593891089077,-0.9977911164465786,0.0
705.6703109741211,1209.0,380.8421052631579,16.157894736842106,5.786903324868421e10,3.0526315789473686,0.21526080460352823,0.06559593891089077,0.6730751277188922,-0.9995835111803615,0.006989817985076277,0.008205510331080586,0.02199511074775684,0.06559593891089077,-0.9977911164465786,0.0
711.1486041545868,1218.0,389.8421052631579,16.157894736842106,5.786903324868421e10,3.0526315789473686,0.21526080460352823,0.06559593891089077,0.6730751277188922,-0.9995835111803615,0.006989817985076277,0.008205510331080586,0.02199511074775684,0.06559593891089077,-0.9977911164465786,0.0
716.6167731285095,1227.0,398.8421052631579,16.157894736842106,5.786903324868421e10,3.0526315789473686,0.21526080460352823,0.06559593891089077,0.6730751277188922,-0.9995835111803615,0.006989817985076277,0.008205510331080586,0.02199511074775684,0.06559593891089077,-0.9977911164465786,0.0
722.1050701141357,1236.0,407.1578947368421,16.157894736842106,5.7869033222e10,3.1052631578947367,0.21526080460352823,0.0654375790803246,0.671965191838968,-0.9995845166557004,0.006989817985076277,0.008205510331080586,0.021958839666570733,0.0654375790803246,-0.9977911164465786,0.0
727.5870890617371,1245.0,415.6842105263158,16.157894736842106,5.7869033222e10,3.1052631578947367,0.21526080460352823,0.06543757907869002,0.6719651917634408,-0.9995845166557108,0.006989817985076277,0.008205510331080586,0.021958839664102614,0.06543757907869002,-0.9977911164465786,0.0
733.0938041210175,1254.0,417.5263157894737,16.157894736842106,5.786903332952631e10,3.0526315789473686,0.21526080460352823,0.06543757907869002,0.6719651917634408,-0.9995845166557108,0.006989817985076277,0.008205510331080586,0.021958839664102614,0.06543757907869002,-0.9977911164465786,0.0
738.5135271549225,1263.0,426.5263157894737,16.157894736842106,5.786903332952631e10,3.0526315789473686,0.21526080460352823,0.06543757907869002,0.6719651917634408,-0.9995845166557108,0.006989817985076277,0.008205510331080586,0.021958839664102614,0.06543757907869002,-0.9977911164465786,0.0
743.9376339912415,1272.0,451.7368421052632,16.157894736842106,5.786903332952631e10,3.0526315789473686,0.21526080460352823,0.06543757907805588,0.6719651917323333,-0.9995845166557148,0.006989817985076277,0.008205510331080586,0.021958839663086066,0.06543757907805588,-0.9977911164465786,0.0
749.4229190349579,1281.0,460.7368421052632,16.157894736842106,5.786903332952631e10,3.0526315789473686,0.21526080460352823,0.06543757907805588,0.6719651917323333,-0.9995845166557148,0.006989817985076277,0.008205510331080586,0.021958839663086066,0.06543757907805588,-0.9977911164465786,0.0
754.8506669998169,1290.0,469.7368421052632,16.157894736842106,5.786903332952631e10,3.0526315789473686,0.21526080460352823,0.06543757907805588,0.6719651917323333,-0.9995845166557148,0.006989817985076277,0.008205510331080586,0.021958839663086066,0.06543757907805588,-0.9977911164465786,0.0
760.4111530780792,1299.0,478.7368421052632,16.157894736842106,5.786903332952631e10,3.0526315789473686,0.21526080460352823,0.06543757907805588,0.6719651917323333,-0.9995845166557148,0.006989817985076277,0.008205510331080586,0.021958839663086066,0.06543757907805588,-0.9977911164465786,0.0
765.9324331283569,1308.0,487.7368421052632,16.157894736842106,5.786903332952631e10,3.0526315789473686,0.21526080460352823,0.06543757907805588,0.6719651917323333,-0.9995845166557148,0.006989817985076277,0.008205510331080586,0.021958839663086066,0.06543757907805588,-0.9977911164465786,0.0
771.3892061710358,1317.0,492.1111111111111,16.72222222222222,6.1083979511833336e10,3.2222222222222223,0.21526080460352823,0.06543757907805588,0.6719651917323333,-0.9995845166557148,0.006989817985076277,0.008205510331080586,0.021958839663086066,0.06543757907805588,-0.9977911164465786,0.0
776.7090821266174,1326.0,474.94736842105266,16.157894736842106,5.78690332251579e10,3.0526315789473686,0.21526080460352823,0.06543757907805588,0.6719651917323333,-0.9995845166557148,0.006989817985076277,0.008205510331080586,0.021958839663086066,0.06543757907805588,-0.9977911164465786,0.0
782.1190371513367,1335.0,483.94736842105266,16.157894736842106,5.78690332251579e10,3.0526315789473686,0.21526080460352823,0.06543757907805588,0.6719651917323333,-0.9995845166557148,0.006989817985076277,0.008205510331080586,0.021958839663086066,0.06543757907805588,-0.9977911164465786,0.0
787.4797341823578,1344.0,492.94736842105266,16.157894736842106,5.78690332251579e10,3.0526315789473686,0.21526080460352823,0.06543757907805588,0.6719651917323333,-0.9995845166557148,0.006989817985076277,0.008205510331080586,0.021958839663086066,0.06543757907805588,-0.9977911164465786,0.0
793.0228390693665,1353.0,497.57894736842104,16.157894736842106,5.78690332251579e10,3.0526315789473686,0.21526080460352823,0.0654375790570128,0.671965190683089,-0.9995845166558484,0.006989817985076277,0.008205510331080586,0.0219588396287983,0.0654375790570128,-0.9977911164465786,0.0
798.5057489871979,1362.0,504.8421052631579,16.157894736842106,5.7869033222e10,3.1052631578947367,0.21526080460352823,0.0654375790570128,0.671965190683089,-0.9995845166558484,0.006989817985076277,0.008205510331080586,0.0219588396287983,0.0654375790570128,-0.9977911164465786,0.0
803.981822013855,1371.0,470.3,17.05,8.988465674311579e306,3.25,0.21419018809263746,0.06384331734248232,0.671965190683089,-0.9995946391145052,0.006989817985076277,0.008205510331080586,0.0219588396287983,0.06384331734248232,-0.9977911164465786,0.0
809.4455420970917,1380.0,503.2105263157895,17.63157894736842,9.46154281506482e306,3.3684210526315788,0.21419018809263746,0.06384331734248232,0.671965190683089,-0.9995946391145052,0.006989817985076277,0.008205510331080586,0.0219588396287983,0.06384331734248232,-0.9977911164465786,0.0
814.938490152359,1389.0,441.6842105263158,17.57894736842105,9.46154281506482e306,3.3684210526315788,0.21419018809263746,0.06384331734248232,0.671965190683089,-0.9995946391145052,0.006989817985076277,0.008205510331080586,0.0219588396287983,0.06384331734248232,-0.9977911164465786,0.0
820.3017621040344,1398.0,425.10526315789474,17.57894736842105,9.46154281506482e306,3.3684210526315788,0.21419018809263746,0.06384331734248232,0.6735876082124506,-0.9995946391145052,0.006989817985076277,0.008198178572771027,0.022011857860742702,0.06384331734248232,-0.9977911164465786,0.0
825.7616910934448,1407.0,412.25,16.85,8.988465674311579e306,3.2,0.21419018809263746,0.06384331734248232,0.6735801288385126,-0.9995946391145052,0.006989817985076277,0.008198178572771027,0.02201161344574159,0.06384331734248232,-0.9977911164465786,0.0
831.2660319805145,1416.0,421.25,16.85,8.988465674311579e306,3.2,0.21419018809263746,0.06384331734248232,0.6735801288385126,-0.9995946391145052,0.006989817985076277,0.008198178572771027,0.02201161344574159,0.06384331734248232,-0.9977911164465786,0.0
836.7667651176453,1425.0,430.25,16.85,8.988465674311579e306,3.2,0.21419018809263746,0.06384331734248232,0.6735801288385126,-0.9995946391145052,0.006989817985076277,0.008198178572771027,0.02201161344574159,0.06384331734248232,-0.9977911164465786,0.0
842.2422201633453,1434.0,439.25,16.85,8.988465674311579e306,3.2,0.21419018809263746,0.06384331734248232,0.6735801288385126,-0.9995946391145052,0.006989817985076277,0.008198178572771027,0.02201161344574159,0.06384331734248232,-0.9977911164465786,0.0
847.7382581233978,1443.0,448.25,16.85,8.988465674311579e306,3.2,0.21419018809263746,0.06384331734248232,0.6735801288385126,-0.9995946391145052,0.006989817985076277,0.008198178572771027,0.02201161344574159,0.06384331734248232,-0.9977911164465786,0.0
853.1929152011871,1452.0,437.23809523809524,16.38095238095238,8.560443499344361e306,3.0952380952380953,0.21419018809263746,0.06384331734248232,0.6735801288385126,-0.9995946391145052,0.006989817985076277,0.008198178572771027,0.02201161344574159,0.06384331734248232,-0.9977911164465786,0.0
858.7085521221161,1461.0,375.57142857142856,16.38095238095238,8.560443499344361e306,3.0476190476190474,0.21419018809263746,0.06384331734248232,0.6735801288385126,-0.9995946391145052,0.006989817985076277,0.008198178572771027,0.02201161344574159,0.06384331734248232,-0.9978871548619448,0.0
864.1608500480652,1470.0,386.0,16.0,8.171332431192344e306,2.909090909090909,0.21419018809263746,0.06384331734248232,0.6735801288385126,-0.9995946391145052,0.006989817985076277,0.008198178572771027,0.02201161344574159,0.06384331734248232,-0.9978871548619448,0.0
869.6585171222687,1479.0,411.3181818181818,16.0,8.171332431192344e306,2.9545454545454546,0.21419018809263746,0.06384331734248232,0.6735801288385126,-0.9995946391145052,0.006989817985076277,0.008197156422031962,0.02201161344574159,0.06384331734248232,-0.9980792316926771,0.0
875.224906206131,1488.0,399.8095238095238,15.19047619047619,8.560443499344361e306,2.8095238095238093,0.21419018809263746,0.06384331734248232,0.6735801288385126,-0.9995946391145052,0.006972139088382449,0.008461631957743299,0.02201161344574159,0.06384331734248232,-0.9978871548619448,0.0
880.5934550762177,1497.0,402.6666666666667,15.19047619047619,8.560443499344361e306,2.8095238095238093,0.21419018809263746,0.06384331734248232,0.6735801288385126,-0.9995946391145052,0.0069721390883805134,0.008461631957743299,0.02201161344574159,0.06384331734248232,-0.9978871548619448,0.0
886.1170680522919,1506.0,362.1,15.55,8.988465674311579e306,2.9,0.21419018809263746,0.06384331734248232,0.6735801288385126,-0.9995946391145052,0.0069721390883805134,0.008461631957743299,0.02201161344574159,0.06384331734248232,-0.9978871548619448,0.0
891.550849199295,1515.0,370.65,15.55,8.988465674311579e306,2.9,0.21419018809263746,0.06384331734248232,0.6735801288385126,-0.9995946391145052,0.0069721390883805134,0.008461631957743299,0.02201161344574159,0.06384331734248232,-0.9978871548619448,0.0
896.9857721328735,1524.0,373.45,15.55,8.988465674311579e306,2.9,0.21419018809263746,0.06384331734248232,0.6720031730541294,-0.9995946391145052,0.0069721390883805134,0.008461631957743299,0.02196008083713165,0.06384331734248232,-0.9978871548619448,0.0
902.485472202301,1533.0,376.1,15.55,8.988465674311579e306,2.9,0.21419018809263746,0.06384331734248232,0.6720031730541294,-0.9995946391145052,0.0069721390883805134,0.008461631957743299,0.02196008083713165,0.06384331734248232,-0.9978871548619448,0.0
908.0619871616364,1542.0,379.75,15.55,8.988465674311579e306,2.9,0.21419018809263746,0.06384331734248232,0.6720031730541294,-0.9995946391145052,0.0069721390883805134,0.008461631957743299,0.02196008083713165,0.06384331734248232,-0.9978871548619448,0.0
913.6104061603546,1551.0,413.25,15.55,8.988465674311579e306,2.9,0.21419018809263746,0.06384331734248232,0.6720031730541294,-0.9995946391145052,0.0069721390883805134,0.008461631957743299,0.02196008083713165,0.06384331734248232,-0.9978871548619448,0.0
919.1098129749298,1560.0,422.25,15.55,8.988465674311579e306,2.9,0.21419018809263746,0.06384331734248232,0.6720031730541294,-0.9995946391145052,0.0069721390883805134,0.008461631957743299,0.02196008083713165,0.06384331734248232,-0.9978871548619448,0.0
924.6811830997467,1569.0,409.7142857142857,16.047619047619047,8.560443499344361e306,3.0,0.21419018809263746,0.06384331734248232,0.6720031730541294,-0.9995946391145052,0.0069721390883805134,0.008461631957743299,0.02196008083713165,0.06384331734248232,-0.9978871548619448,0.0
930.2345499992371,1578.0,431.1,16.7,8.988465674311579e306,3.15,0.21419018809263746,0.06384331734248232,0.6720031730541294,-0.9995946391145052,0.0069721390883805134,0.008461631957743299,0.02196008083713165,0.06384331734248232,-0.9978871548619448,0.0
935.7991201877594,1587.0,377.63157894736844,16.789473684210527,9.46154281506482e306,3.1578947368421053,0.21419018809263746,0.06384331734248232,0.6720031730541294,-0.9995946391145052,0.0069721390883805134,0.008461631957743299,0.02196008083713165,0.06384331734248232,-0.9978871548619448,0.0
941.3934690952301,1596.0,386.63157894736844,16.789473684210527,9.46154281506482e306,3.1578947368421053,0.21419018809263746,0.06384331734248232,0.6720031730541294,-0.9995946391145052,0.0069721390883805134,0.008461631957743299,0.02196008083713165,0.06384331734248232,-0.9978871548619448,0.0
947.02490401268,1605.0,395.63157894736844,16.789473684210527,9.46154281506482e306,3.1578947368421053,0.21419018809263746,0.06384331734248232,0.6720031730541294,-0.9995946391145052,0.0069721390883805134,0.008461631957743299,0.02196008083713165,0.06384331734248232,-0.9978871548619448,0.0
952.0442481040955,1613.0,383.6,16.35,8.988465674311579e306,3.05,0.21419018809263746,0.06384331734248232,0.6720031730541294,-0.9995946391145052,0.0069721390883805134,0.008461631957743299,0.02196008083713165,0.06384331734248232,-0.9978871548619448,0.0
957.653774023056,1622.0,389.9,16.35,8.988465674311579e306,3.05,0.21419018809263746,0.06384331734248232,0.6720031730541294,-0.9995946391145052,0.0069721390883805134,0.008461631957743299,0.02196008083713165,0.06384331734248232,-0.9978871548619448,0.0
963.262255191803,1631.0,399.7,16.35,8.988465674311579e306,3.05,0.21419018809263746,0.06384331734248232,0.6641739836376637,-0.9995946391145052,0.0069721390883805134,0.008390936423695315,0.021704234377815965,0.06384331734248232,-0.9978871548619448,0.0
968.2839632034302,1639.0,370.8636363636364,16.681818181818183,8.171332431192344e306,3.090909090909091,0.21419018809263746,0.06384331734248232,0.6588338084270369,-0.9995946391145052,0.006918142033742264,0.007979219514688458,0.021704234377815965,0.06384331734248232,-0.9978871548619448,0.0
973.3182821273804,1647.0,427.6521739130435,16.608695652173914,7.816057108097024e306,3.0869565217391304,0.21419018809263746,0.06384331734248232,0.6603443655713299,-0.9995946391145052,0.006909603542541315,0.007952803541711798,0.021704234377815965,0.06384331734248232,-0.9978871548619448,0.0
978.913969039917,1656.0,431.60869565217394,16.608695652173914,7.816057108097024e306,3.0869565217391304,0.21419018809263746,0.06384331734248232,0.6603443655713299,-0.9995946391145052,0.006909603542541315,0.007952803541711798,0.021704234377815965,0.06384331734248232,-0.9978871548619448,0.0
984.5121660232544,1665.0,391.9130434782609,16.608695652173914,7.816057108097024e306,3.0434782608695654,0.21419018809263746,0.06384331734248232,0.6603443655713299,-0.9995946391145052,0.006909603542541315,0.007952803541711798,0.021704234377815965,0.06384331734248232,-0.9978871548619448,0.0
990.0671491622925,1674.0,364.17391304347825,16.608695652173914,7.816057108097024e306,3.0434782608695654,0.21419018809263746,0.06384331734248232,0.6603443655713299,-0.9995946391145052,0.006909603542541315,0.007952803541711798,0.021704234377815965,0.06384331734248232,-0.9978871548619448,0.0
995.587648153305,1683.0,400.6818181818182,17.136363636363637,8.171332431192344e306,3.1818181818181817,0.21419018809263746,0.06384331734248232,0.6603443655713299,-0.9995946391145052,0.006909603542541315,0.007952803541711798,0.021704234377815965,0.06384331734248232,-0.9978871548619448,0.0
1001.1887650489807,1692.0,416.8695652173913,16.608695652173914,7.816057108097024e306,3.0869565217391304,0.21419018809263746,0.06384331734248232,0.6603443655713299,-0.9995946391145052,0.006909603542541315,0.007952803541711798,0.021704234377815965,0.06384331734248232,-0.9978871548619448,0.0
1006.7638640403748,1701.0,429.14285714285717,17.666666666666668,8.560443499344361e306,3.2857142857142856,0.21419018809263746,0.06384331734248232,0.6603443655713299,-0.9995946391145052,0.006909603542541315,0.007952803541711798,0.021704234377815965,0.06384331734248232,-0.9978871548619448,0.0
1012.3094520568848,1710.0,365.54545454545456,17.136363636363637,8.171332431192344e306,3.1363636363636362,0.21419018809263746,0.06384331734248232,0.6603443655713299,-0.9995946391145052,0.006909603542541315,0.007952803541711798,0.021704234377815965,0.06384331734248232,-0.9978871548619448,0.0
1017.8059420585632,1719.0,447.14285714285717,17.666666666666668,8.560443499344361e306,3.2857142857142856,0.21419018809263746,0.06384331734248232,0.6603443655713299,-0.9995946391145052,0.006909603542541315,0.007952803541711798,0.021704234377815965,0.06384331734248232,-0.9978871548619448,0.0
1023.392548084259,1728.0,434.09090909090907,17.954545454545453,8.171332431192344e306,3.3636363636363638,0.21419018809263746,0.06384331734248232,0.6586182898872792,-0.9995946391145052,0.006909603542541315,0.007952803541711798,0.021704234377815965,0.06384331734248232,-0.9978871548619448,0.0
1028.8953471183777,1737.0,425.17391304347825,17.434782608695652,7.816057108097024e306,3.260869565217391,0.21419018809263746,0.06384331734248232,0.6586182898895281,-0.9995946391145052,0.006909603542541315,0.007952803541711798,0.021704234377815965,0.06384331734248232,-0.9978871548619448,0.0
1034.4903421401978,1746.0,397.8695652173913,17.434782608695652,7.816057108097024e306,3.260869565217391,0.21419018809263746,0.06384331734248232,0.6586182898895281,-0.9995946391145052,0.006909603542541315,0.007952803541711798,0.021704234377815965,0.06384331734248232,-0.9978871548619448,0.0
1039.5369420051575,1754.0,353.4347826086956,17.434782608695652,7.816057108097024e306,3.217391304347826,0.21419018809263746,0.06384331734248232,0.6586182898895281,-0.9995946391145052,0.006909603542541315,0.007952803541711798,0.021704234377815965,0.06384331734248232,-0.9978871548619448,0.0
1045.1267371177673,1763.0,410.60869565217394,17.434782608695652,7.816057108097024e306,3.260869565217391,0.21419018809263746,0.06384331734248232,0.6586182898895281,-0.9995946391145052,0.006909603542541315,0.007952803541711798,0.021704234377815965,0.06384331734248232,-0.9978871548619448,0.0
1050.691878080368,1772.0,419.60869565217394,17.434782608695652,7.816057108097024e306,3.260869565217391,0.21419018809263746,0.06384331734248232,0.6586182898895281,-0.9995946391145052,0.006909603542541315,0.007952803541711798,0.021704234377815965,0.06384331734248232,-0.9978871548619448,0.0
1056.1915171146393,1781.0,388.54545454545456,17.954545454545453,8.171332431192344e306,3.3181818181818183,0.21419018809263746,0.06384331734248232,0.6586182898895281,-0.9995946391145052,0.006909603542541315,0.007952803541711798,0.021704234377815965,0.06384331734248232,-0.9978871548619448,0.0
1061.7715821266174,1790.0,380.1304347826087,17.434782608695652,7.816057108097024e306,3.217391304347826,0.21419018809263746,0.06384331734248232,0.6586182898895281,-0.9995946391145052,0.006909603542541315,0.007952803541711798,0.021704234377815965,0.06384331734248232,-0.9978871548619448,0.0
1066.7728581428528,1798.0,373.39130434782606,17.434782608695652,7.816057108097024e306,3.217391304347826,0.21419018809263746,0.06384331734248232,0.6586182898895281,-0.9995946391145052,0.006909603542541315,0.007952803541711798,0.021704234377815965,0.06384331734248232,-0.9978871548619448,0.0
1072.2699720859528,1807.0,436.2173913043478,17.434782608695652,7.816057108097024e306,3.260869565217391,0.21419018809263746,0.06384331734248232,0.6586182898895281,-0.9995946391145052,0.006909603542541315,0.007952803541711798,0.021704234377815965,0.06384331734248232,-0.9978871548619448,0.0
1077.7314341068268,1816.0,444.3478260869565,17.434782608695652,7.816057108097024e306,3.217391304347826,0.21419018809263746,0.06384331734248232,0.6586182898895281,-0.9995946391145052,0.006909603542541315,0.007952803541711798,0.021704234377815965,0.06384331734248232,-0.9978871548619448,0.0
1083.1334881782532,1825.0,457.4166666666667,16.916666666666668,7.490388061926316e306,3.1666666666666665,0.21419018809263746,0.06384331734248232,0.6586182898895281,-0.9995946391145052,0.006909603542541315,0.007952803541711798,0.021704234377815965,0.06384331734248232,-0.9978871548619448,0.0
1088.7062940597534,1834.0,442.9583333333333,16.916666666666668,7.490388061926316e306,3.1666666666666665,0.21391356191267177,0.06377719834003046,0.6582100960601096,-0.9995950589244164,0.006909603542541315,0.007952803541711798,0.021704234377815965,0.06377719834003046,-0.9978871548619448,0.0
1094.207776069641,1843.0,452.4583333333333,16.916666666666668,7.490388061926316e306,3.2083333333333335,0.21391356191267177,0.06377719834003046,0.6582115460952096,-0.9995950589244164,0.006909603542541315,0.007952803541711798,0.021704234377815965,0.06377719834003046,-0.9978871548619448,0.0
1099.7332360744476,1852.0,456.9166666666667,16.916666666666668,7.490388061926316e306,3.2083333333333335,0.21391356191267177,0.06377719834003046,0.6582137092431246,-0.9995950589244164,0.006909603542541315,0.007952803541711798,0.021704234377815965,0.06377719834003046,-0.9978871548619448,0.0
1105.2181119918823,1861.0,465.625,16.916666666666668,7.490388061926316e306,3.2083333333333335,0.21391356191267177,0.06377719834003046,0.6582149884684902,-0.9995950589244164,0.006909603542541315,0.007952803541711798,0.021704234377815965,0.06377719834003046,-0.9978871548619448,0.0
1110.7163500785828,1870.0,474.1666666666667,16.916666666666668,7.490388061926316e306,3.2083333333333335,0.21391356191267177,0.06377719834003046,0.6582170928933131,-0.9995950589244164,0.006909603542541315,0.007952803541711798,0.021704234377815965,0.06377719834003046,-0.9978871548619448,0.0
1116.164088010788,1879.0,482.7916666666667,16.916666666666668,7.490388061926316e306,3.2083333333333335,0.21391356191267177,0.06377719834003046,0.6582187519302529,-0.9995950589244164,0.006909603542541315,0.007952803541711798,0.021704234377815965,0.06377719834003046,-0.9978871548619448,0.0
1121.672357082367,1888.0,500.625,16.916666666666668,7.490388061926316e306,3.2083333333333335,0.21391356191267177,0.06377719834003046,0.6582195733849545,-0.9995950589244164,0.006909603542541315,0.007952803541711798,0.021704234377815965,0.06377719834003046,-0.9978871548619448,0.0
1127.2372369766235,1897.0,509.5,16.916666666666668,7.490388061926316e306,3.2083333333333335,0.21391356191267177,0.06377719834003046,0.6582203895135734,-0.9995950589244164,0.006909603542541315,0.007952803541711798,0.021704234377815965,0.06377719834003046,-0.9978871548619448,0.0
1132.8250250816345,1906.0,515.5416666666666,16.916666666666668,7.490388061926316e306,3.2083333333333335,0.21391356191267177,0.06377719834003046,0.6582224067757636,-0.9995950589244164,0.006909603542541315,0.007952803541711798,0.021704234377815965,0.06377719834003046,-0.9978871548619448,0.0
1137.8680701255798,1914.0,521.4166666666666,16.916666666666668,7.490388061926316e306,3.1666666666666665,0.21391356191267177,0.06377719834003046,0.6582224067757636,-0.9995950589244164,0.006909603542541315,0.007952803541711798,0.021704234377815965,0.06377719834003046,-0.9978871548619448,0.0
1142.9977819919586,1922.0,528.75,16.916666666666668,7.490388061926316e306,3.1666666666666665,0.21391356191267177,0.06377719834003046,0.6582232045528436,-0.9995950589244164,0.006909603542541315,0.007952803541711798,0.021704234377815965,0.06377719834003046,-0.9978871548619448,0.0
1148.5339050292969,1931.0,537.375,16.916666666666668,7.490388061926316e306,3.1666666666666665,0.21391356191267177,0.06377719834003046,0.6582247846581453,-0.9995950589244164,0.006909603542541315,0.007952803541711798,0.021704234377815965,0.06377719834003046,-0.9978871548619448,0.0
1153.5482800006866,1939.0,532.6666666666666,16.916666666666668,7.490388061926316e306,3.1666666666666665,0.21391356191267177,0.06377719834003046,0.6582263444027667,-0.9995950589244164,0.0069607678288964685,0.008167966888516296,0.021704234377815965,0.06377719834003046,-0.9978871548619448,0.0
1158.6082282066345,1947.0,536.25,16.916666666666668,7.490388061926316e306,3.2083333333333335,0.21391356191267177,0.06377719834003046,0.6582275010192795,-0.9995950589244164,0.0069607678288964685,0.008167966888516296,0.021704234377815965,0.06377719834003046,-0.9978871548619448,0.0
1164.1875820159912,1956.0,544.75,16.916666666666668,7.490388061926316e306,3.2083333333333335,0.21391356191267177,0.06377719834003046,0.6582286464590332,-0.9995950589244164,0.0069607678288964685,0.008167966888516296,0.021704234377815965,0.06377719834003046,-0.9978871548619448,0.0
1169.2128410339355,1964.0,523.625,16.916666666666668,7.490388061926316e306,3.2083333333333335,0.21391356191267177,0.06377719834003046,0.6582294039336958,-0.9995950589244164,0.0069607678288964685,0.008167966888516296,0.021704234377815965,0.06377719834003046,-0.9978871548619448,0.0
1174.7352311611176,1973.0,531.875,16.916666666666668,7.490388061926316e306,3.2083333333333335,0.21391356191267177,0.06377719834003046,0.6582312763374567,-0.9995950589244164,0.0069607678288964685,0.008167966888516296,0.021704234377815965,0.06377719834003046,-0.9978871548619448,0.0
1180.3025760650635,1982.0,540.375,16.916666666666668,7.490388061926316e306,3.2083333333333335,0.21391356191267177,0.06377719834003046,0.6582323853542391,-0.9995950589244164,0.0069607678288964685,0.008167966888516296,0.021704234377815965,0.06377719834003046,-0.9978871548619448,0.0
1185.827136039734,1991.0,527.125,16.916666666666668,7.490388061926316e306,3.2083333333333335,0.21391356191267177,0.06377719834003046,0.6582338474465992,-0.9995950589244164,0.0069607678288964685,0.008167966888516296,0.021704234377815965,0.06377719834003046,-0.9977911164465786,0.0
1191.3681290149689,2000.0,556.3913043478261,17.391304347826086,7.816057108097024e306,3.3043478260869565,0.21391356191267177,0.06377719834003046,0.6582349317121299,-0.9995950589244164,0.0069607678288964685,0.008167966888516296,0.021704234377815965,0.06377719834003046,-0.9977911164465786,0.0
1196.9846930503845,2009.0,565.0,17.391304347826086,7.816057108097024e306,3.3043478260869565,0.21391356191267177,0.06377719834003046,0.6582360055534053,-0.9995950589244164,0.0069607678288964685,0.008167966888516296,0.021704234377815965,0.06377719834003046,-0.9977911164465786,0.0
1201.9872291088104,2017.0,572.6521739130435,17.391304347826086,7.816057108097024e306,3.3043478260869565,0.21391356191267177,0.06377719834003046,0.6582374213135012,-0.9995950589244164,0.0069607678288964685,0.008167966888516296,0.021704234377815965,0.06377719834003046,-0.9977911164465786,0.0
1207.6142010688782,2026.0,581.4347826086956,17.391304347826086,7.816057108097024e306,3.3043478260869565,0.21391356191267177,0.06377719834003046,0.6582381223957441,-0.9995950589244164,0.0069607678288964685,0.008167966888516296,0.021704234377815965,0.06377719834003046,-0.9977911164465786,0.0
1212.7037270069122,2034.0,559.25,16.916666666666668,7.490388061926316e306,3.2083333333333335,0.21391356191267177,0.06377719834003046,0.6582391656102473,-0.9995950589244164,0.0069607678288964685,0.008167966888516296,0.021704234377815965,0.06377719834003046,-0.9977911164465786,0.0
1217.778599023819,2042.0,598.2727272727273,17.818181818181817,8.171332431192344e306,3.409090909090909,0.21391356191267177,0.06377719834003046,0.6582398555260625,-0.9995950589244164,0.0069607678288964685,0.008167966888516296,0.021704234377815965,0.06377719834003046,-0.9977911164465786,0.0
1222.9220960140228,2050.0,595.2272727272727,17.818181818181817,1.237390425167049e38,3.409090909090909,0.2001295407775848,0.05821149216911186,0.6391167123365591,-0.9996303973071283,0.006860726966730815,0.008167966888516296,0.021704234377815965,0.05821149216911186,-0.9980792316926771,0.0
1227.9882621765137,2058.0,510.4347826086956,17.304347826086957,1.1835908414641338e38,3.260869565217391,0.2001295407775848,0.05821149216911186,0.6391167123365591,-0.9996303973071283,0.006860726966730815,0.008167966888516296,0.021704234377815965,0.05821149216911186,-0.9980792316926771,0.0
1233.0952382087708,2066.0,534.8095238095239,17.61904761904762,1.2963137787464322e38,3.3333333333333335,0.2001295407775848,0.05821149216911186,0.6391167123365591,-0.9996303973071283,0.006860726966730815,0.008167966888516296,0.021704234377815965,0.05821149216911186,-0.9980792316926771,0.0
1238.6923620700836,2075.0,615.952380952381,17.61904761904762,1.2963137787464322e38,3.380952380952381,0.2001295407775848,0.05821149216911186,0.6391167123365591,-0.9996303973071283,0.006860726966730815,0.008167966888516296,0.021704234377815965,0.05821149216911186,-0.9980792316926771,0.0
1243.7364490032196,2083.0,542.35,17.75,1.361129467683754e38,3.4,0.2001295407775848,0.05821149216911186,0.6391167123365591,-0.9996303973071283,0.006860726966730815,0.008167966888516296,0.021704234377815965,0.05821149216911186,-0.9980792316926771,0.0
1248.8540329933167,2091.0,603.3181818181819,17.772727272727273,1.237390425167049e38,3.409090909090909,0.2001295407775848,0.05821149216911186,0.6391167123365591,-0.9996303973071283,0.006860726966730815,0.008167966888516296,0.021704234377815965,0.05821149216911186,-0.9980792316926771,0.0
1253.9496359825134,2099.0,538.3,17.2,1.361129467683754e38,3.2,0.2001295407775848,0.05821149216911186,0.6391167123365591,-0.9996303973071283,0.006860726966730815,0.008167966888516296,0.021704234377815965,0.05821149216911186,-0.9980792316926771,0.0
1258.9748430252075,2107.0,493.10526315789474,17.36842105263158,1.4327678607197408e38,3.263157894736842,0.2001295407775848,0.05821149216911186,0.6391167123365591,-0.9996303973071283,0.006860726966730815,0.008167966888516296,0.021704234377815965,0.05821149216911186,-0.9980792316926771,0.0
1264.607351064682,2116.0,423.5,17.7,1.361129467683754e38,3.35,0.2001295407775848,0.05821149216911186,0.6391167123365591,-0.9996303973071283,0.006860726966730815,0.008167966888516296,0.021704234377815965,0.05821149216911186,-0.9980792316926771,0.0
1269.7319900989532,2124.0,378.9047619047619,17.142857142857142,1.2963137787464322e38,3.238095238095238,0.2001295407775848,0.05821149216911186,0.6391167123365591,-0.9996303973071283,0.006860726966730815,0.008167966888516296,0.021704234377815965,0.05821149216911186,-0.9980792316926771,0.0
1274.8150169849396,2132.0,385.3333333333333,17.142857142857142,1.2963137787464322e38,3.238095238095238,0.2001295407775848,0.05821149216911186,0.6391167123365591,-0.9996303973071283,0.006860726966730815,0.008167966888516296,0.021704234377815965,0.05821149216911186,-0.9980792316926771,0.0
1279.8673920631409,2140.0,374.6818181818182,16.727272727272727,1.237390425167049e38,3.1363636363636362,0.2001295407775848,0.05821149216911186,0.6391167123365591,-0.9996303973071283,0.006860726966730815,0.008167966888516296,0.021704234377815965,0.05821149216911186,-0.9980792316926771,0.0
1285.0532491207123,2148.0,345.39130434782606,17.26086956521739,1.1835908414641338e38,3.217391304347826,0.2001295407775848,0.05821149216911186,0.6391167123365591,-0.9996303973071283,0.006860726966730815,0.008167966888516296,0.021704234377815965,0.05821149216911186,-0.9980792316926771,0.0
1290.1116681098938,2156.0,420.4782608695652,17.26086956521739,1.1835908414641338e38,3.260869565217391,0.2001295407775848,0.05821149216911186,0.6391167123365591,-0.9996303973071283,0.006860726966730815,0.008167966888516296,0.021704234377815965,0.05821149216911186,-0.9980792316926771,0.0
1295.2101521492004,2164.0,428.04347826086956,17.26086956521739,1.1835908414641338e38,3.260869565217391,0.2001295407775848,0.05821149216911186,0.6391167123365591,-0.9996303973071283,0.006860726966730815,0.008167966888516296,0.021704234377815965,0.05821149216911186,-0.9980792316926771,0.0
1300.2213900089264,2172.0,452.04545454545456,17.681818181818183,1.237390425167049e38,3.3636363636363638,0.2001295407775848,0.05821149216911186,0.6391167123365591,-0.9996303973071283,0.006860726966730815,0.008167966888516296,0.021704234377815965,0.05821149216911186,-0.9980792316926771,0.0
1305.2496800422668,2180.0,458.0,17.681818181818183,1.237390425167049e38,3.3636363636363638,0.2001295407775848,0.05821149216911186,0.6391167123365591,-0.9996303973071283,0.006860726966730815,0.008167966888516296,0.021704234377815965,0.05821149216911186,-0.9980792316926771,0.0
1310.2993750572205,2188.0,465.77272727272725,17.681818181818183,1.237390425167049e38,3.3636363636363638,0.2001295407775848,0.05821149216911186,0.6391167123365591,-0.9996303973071283,0.006860726966730815,0.008167966888516296,0.021704234377815965,0.05821149216911186,-0.9980792316926771,0.0
1315.4611451625824,2196.0,465.54545454545456,17.681818181818183,1.237390425167049e38,3.3636363636363638,0.2001295407775848,0.05821149216911186,0.6391167123365591,-0.9996303973071283,0.006860726966730815,0.008167966888516296,0.021704234377815965,0.05821149216911186,-0.9980792316926771,0.0
1320.5420830249786,2204.0,465.2857142857143,17.285714285714285,918.4761904761905,3.2857142857142856,0.2001295407775848,0.05821149216911186,0.6391167123365591,-0.9996303973071283,0.006860726966730815,0.008167966888516296,0.021935012165931602,0.05821149216911186,-0.9980792316926771,0.0
1325.632915019989,2212.0,473.2857142857143,17.285714285714285,918.4761904761905,3.2857142857142856,0.2001295407775848,0.05821149216911186,0.6391167123365591,-0.9996303973071283,0.006860726966730815,0.008167966888516296,0.021935012165931602,0.05821149216911186,-0.9980792316926771,0.0
1330.758367061615,2220.0,401.04761904761904,17.285714285714285,918.6190476190476,3.238095238095238,0.2001295407775848,0.05821149216911186,0.6391167123365591,-0.9996303973071283,0.006860726966730815,0.008167966888516296,0.021935012165931602,0.05821149216911186,-0.9980792316926771,0.0
1335.8062319755554,2228.0,407.5238095238095,17.285714285714285,918.6190476190476,3.238095238095238,0.2001295407775848,0.05821149216911186,0.6391167123365591,-0.9996303973071283,0.006860726966730815,0.008167966888516296,0.021935012165931602,0.05821149216911186,-0.9980792316926771,0.0
1340.8777821063995,2236.0,413.76190476190476,17.285714285714285,918.6190476190476,3.238095238095238,0.2001295407775848,0.05821149216911186,0.6391167123365591,-0.9996303973071283,0.006860726966730815,0.008167966888516296,0.021935012165931602,0.05821149216911186,-0.9980792316926771,0.0
1345.9845051765442,2244.0,501.95238095238096,17.285714285714285,918.4761904761905,3.2857142857142856,0.2001295407775848,0.05821149216911186,0.6391167123365591,-0.9996303973071283,0.006860726966730815,0.008167966888516296,0.021935012165931602,0.05821149216911186,-0.9980792316926771,0.0
1351.091150045395,2252.0,509.6666666666667,17.285714285714285,918.4761904761905,3.2857142857142856,0.2001295407775848,0.05821149216911186,0.6391167123365591,-0.9996303973071283,0.006860726966730815,0.008167966888516296,0.021935012165931602,0.05821149216911186,-0.9980792316926771,0.0
1356.2956671714783,2260.0,514.4285714285714,17.285714285714285,918.4761904761905,3.2857142857142856,0.2001295407775848,0.05821149216911186,0.6391167123365591,-0.9996303973071283,0.006860726966730815,0.008167966888516296,0.021935012165931602,0.05821149216911186,-0.9980792316926771,0.0
1361.2998731136322,2268.0,522.047619047619,17.285714285714285,918.4761904761905,3.2857142857142856,0.2001295407775848,0.05821149216911186,0.6391167123365591,-0.9996303973071283,0.006860726966730815,0.008167966888516296,0.021935012165931602,0.05821149216911186,-0.9980792316926771,0.0
1366.3106520175934,2276.0,529.7619047619048,17.285714285714285,918.4761904761905,3.2857142857142856,0.2001295407775848,0.05821149216911186,0.6391167123365591,-0.9996303973071283,0.006860726966730815,0.008167966888516296,0.021935012165931602,0.05821149216911186,-0.9980792316926771,0.0
1371.427724123001,2284.0,537.3333333333334,17.285714285714285,918.4761904761905,3.2857142857142856,0.2001295407775848,0.05821149216911186,0.6391167123365591,-0.9996303973071283,0.006860726966730815,0.008167966888516296,0.021935012165931602,0.05821149216911186,-0.9980792316926771,0.0
1376.4548251628876,2292.0,544.9047619047619,17.285714285714285,918.4761904761905,3.2857142857142856,0.2001295407775848,0.05821149216911186,0.6391167123365591,-0.9996303973071283,0.006860726966730815,0.008167966888516296,0.021935012165931602,0.05821149216911186,-0.9980792316926771,0.0
1381.505793094635,2300.0,552.6190476190476,17.285714285714285,918.4761904761905,3.2857142857142856,0.2001295407775848,0.05821149216911186,0.6391167123365591,-0.9996303973071283,0.006860726966730815,0.008167966888516296,0.021935012165931602,0.05821149216911186,-0.9980792316926771,0.0
1386.602019071579,2308.0,560.1904761904761,17.285714285714285,918.4761904761905,3.2857142857142856,0.2001295407775848,0.05821149216911186,0.6391167123365591,-0.9996303973071283,0.006860726966730815,0.008167966888516296,0.021935012165931602,0.05821149216911186,-0.9980792316926771,0.0
1391.6723990440369,2316.0,567.8095238095239,17.285714285714285,918.4761904761905,3.2857142857142856,0.2001295407775848,0.05821149216911186,0.6391167123365591,-0.9996303973071283,0.006860726966730815,0.008167966888516296,0.021935012165931602,0.05821149216911186,-0.9980792316926771,0.0
1397.2944831848145,2325.0,576.4285714285714,17.285714285714285,918.4761904761905,3.2857142857142856,0.2001295407775848,0.05821149216911186,0.6391167123365591,-0.9996303973071283,0.006860726966730815,0.008167966888516296,0.021935012165931602,0.05821149216911186,-0.9980792316926771,0.0
1402.872742176056,2334.0,578.3809523809524,17.285714285714285,918.4761904761905,3.2857142857142856,0.2001295407775848,0.05821149216911186,0.6391167123365591,-0.9996303973071283,0.006860726966730815,0.008167966888516296,0.021921684543411066,0.05821149216911186,-0.9980792316926771,0.0
1408.4173619747162,2343.0,587.047619047619,17.285714285714285,918.4761904761905,3.2857142857142856,0.2001295407775848,0.05821149216911186,0.6391167123365591,-0.9996303973071283,0.006860726966730815,0.008167966888516296,0.021921684543411066,0.05821149216911186,-0.9980792316926771,0.0
1413.467540025711,2351.0,594.4761904761905,17.285714285714285,918.4761904761905,3.2857142857142856,0.2001295407775848,0.05821149216911186,0.6391167123365591,-0.9996303973071283,0.006860726966730815,0.008167966888516296,0.021921684543411066,0.05821149216911186,-0.9980792316926771,0.0
1418.4977850914001,2359.0,593.1904761904761,17.285714285714285,918.4761904761905,3.2857142857142856,0.2001295407775848,0.05821149216911186,0.6391167123365591,-0.9996303973071283,0.006860726966730815,0.008167966888516296,0.021921684543411066,0.05821149216911186,-0.9980792316926771,0.0
1424.101525068283,2368.0,490.65,17.4,963.8,3.25,0.2001295407775848,0.05821149216911186,0.6391167123365591,-0.9996303973071283,0.006860726966730815,0.008167966888516296,0.021921684543411066,0.05821149216911186,-0.9980792316926771,0.0
1429.680869102478,2377.0,400.15,17.4,963.8,3.25,0.2001295407775848,0.05821149216911186,0.6391167123365591,-0.9996303973071283,0.006860726966730815,0.008167966888516296,0.021921684543411066,0.05821149216911186,-0.9980792316926771,0.0
1434.7202541828156,2385.0,407.75,17.4,963.8,3.25,0.2001295407775848,0.05821149216911186,0.6391167123365591,-0.9996303973071283,0.006860726966730815,0.008167966888516296,0.021921684543411066,0.05821149216911186,-0.9980792316926771,0.0
1440.2978100776672,2394.0,445.3,17.4,957.9,3.25,0.2001295407775848,0.05821149216911186,0.6391167123365591,-0.9996303973071283,0.006860726966730815,0.008167966888516296,0.021921684543411066,0.05821149216911186,-0.9980792316926771,0.0
1445.421842098236,2402.0,385.6666666666667,16.38095238095238,865.1428571428571,3.0476190476190474,0.2001295407775848,0.05821149216911186,0.6391167123365591,-0.9996303973071283,0.006860726966730815,0.008167966888516296,0.022029665702540207,0.05821149216911186,-0.9980792316926771,0.0
1450.5356221199036,2410.0,392.76190476190476,16.38095238095238,865.1428571428571,3.0476190476190474,0.2001295407775848,0.05821149216911186,0.6391167123365591,-0.9996303973071283,0.006860726966730815,0.008167966888516296,0.022029665702540207,0.05821149216911186,-0.9980792316926771,0.0
1455.6226451396942,2418.0,358.57142857142856,16.38095238095238,865.1428571428571,3.0476190476190474,0.2001295407775848,0.05821149216911186,0.6391167123365591,-0.9996303973071283,0.006860726966730815,0.008167966888516296,0.022029665702540207,0.05821149216911186,-0.9980792316926771,0.0
1460.6583361625671,2426.0,365.0,17.05,908.15,3.2,0.2001295407775848,0.05821149216911186,0.6391167123365591,-0.9996303973071283,0.006860726966730815,0.008167966888516296,0.022029665702540207,0.05821149216911186,-0.9980792316926771,0.0
1465.6725721359253,2434.0,372.35,17.05,908.15,3.2,0.2001295407775848,0.05821149216911186,0.6391167123365591,-0.9996303973071283,0.006860726966730815,0.008167966888516296,0.022029665702540207,0.05821149216911186,-0.9980792316926771,0.0
1470.7802040576935,2442.0,379.4,17.05,908.15,3.2,0.2001295407775848,0.05821149216911186,0.6391167123365591,-0.9996303973071283,0.006860726966730815,0.008167966888516296,0.022029665702540207,0.05821149216911186,-0.9980792316926771,0.0
1475.8281700611115,2450.0,386.7,17.05,908.15,3.2,0.2001295407775848,0.05821149216911186,0.6391167123365591,-0.9996303973071283,0.006860726966730815,0.008167966888516296,0.022029665702540207,0.05821149216911186,-0.9980792316926771,0.0
1480.9108021259308,2458.0,393.8,17.05,908.15,3.2,0.2001295407775848,0.05821149216911186,0.6391167123365591,-0.9996303973071283,0.006860726966730815,0.008167966888516296,0.022029665702540207,0.05821149216911186,-0.9980792316926771,0.0
1485.9520931243896,2466.0,401.05,17.05,908.15,3.2,0.2001295407775848,0.05821149216911186,0.6391167123365591,-0.9996303973071283,0.006860726966730815,0.008167966888516296,0.022029665702540207,0.05821149216911186,-0.9980792316926771,0.0
1491.542141199112,2475.0,409.2,17.05,908.15,3.2,0.2001295407775848,0.05821149216911186,0.6391167123365591,-0.9996303973071283,0.006860726966730815,0.008167966888516296,0.022029665702540207,0.05821149216911186,-0.9980792316926771,0.0
1496.6037850379944,2483.0,416.65,17.05,908.15,3.2,0.2001295407775848,0.05821149216911186,0.6391167123365591,-0.9996303973071283,0.006860726966730815,0.008167966888516296,0.022029665702540207,0.05821149216911186,-0.9980792316926771,0.0
1501.6905291080475,2491.0,395.9,17.05,957.15,3.2,0.2001295407775848,0.05821149216911186,0.6391167123365591,-0.9996303973071283,0.006860726966730815,0.008315712727451859,0.022013329585414857,0.05821149216911186,-0.9980792316926771,0.0
1506.812476158142,2499.0,402.95,17.05,957.15,3.2,0.2001295407775848,0.05821149216911186,0.6391167123365591,-0.9996303973071283,0.006860726966730815,0.008315712727451859,0.022013329582801153,0.05821149216911186,-0.9980792316926771,0.0
1511.952605009079,2507.0,410.5,17.05,957.15,3.2,0.2001295407775848,0.05821149216911186,0.6391167123365591,-0.9996303973071283,0.006860726966730815,0.008315712727451859,0.022013329582801153,0.05821149216911186,-0.9980792316926771,0.0
1516.9873189926147,2515.0,417.6,17.05,957.15,3.2,0.2001295407775848,0.05821149216911186,0.6391167123365591,-0.9996303973071283,0.006860726966730815,0.008315712727451859,0.022013329582801153,0.05821149216911186,-0.9980792316926771,0.0
1522.0694720745087,2523.0,404.6666666666667,17.80952380952381,1692.952380952381,3.3333333333333335,0.2001295407775848,0.05821149216911186,0.6391167123365591,-0.9996303973071283,0.006846099278683586,0.008315712727451859,0.022013329582801153,0.05821149216911186,-0.9980792316926771,0.0
1527.2452731132507,2531.0,411.85714285714283,17.80952380952381,1692.952380952381,3.3333333333333335,0.2001295407775848,0.05821149216911186,0.6391167123365591,-0.9996303973071283,0.006846099278683586,0.008315712727451859,0.022013329582801153,0.05821149216911186,-0.9980792316926771,0.0
1532.3937430381775,2539.0,418.3333333333333,17.80952380952381,1692.952380952381,3.3333333333333335,0.2001295407775848,0.05821149216911186,0.6391167123365591,-0.9996303973071283,0.006841975671673384,0.008315712727451859,0.022013329582801153,0.05821149216911186,-0.9980792316926771,0.0
1537.5705440044403,2547.0,425.42857142857144,17.80952380952381,1692.952380952381,3.3333333333333335,0.2001295407775848,0.05821149216911186,0.6391167123365591,-0.9996303973071283,0.006843165207556525,0.008315712727451859,0.022013329582801153,0.05821149216911186,-0.9980792316926771,0.0
1542.6945312023163,2555.0,424.95238095238096,17.80952380952381,1692.952380952381,3.3333333333333335,0.2001295407775848,0.05821149216911186,0.6391167123365591,-0.9996303973071283,0.006843165207556525,0.008315712727451859,0.021961646541854285,0.05821149216911186,-0.9980792316926771,0.0
1547.855387210846,2563.0,432.1904761904762,17.80952380952381,1692.952380952381,3.3333333333333335,0.2001295407775848,0.05821149216911186,0.6391167123365591,-0.9996303973071283,0.006843165207556525,0.008315712727451859,0.021961646541854285,0.05821149216911186,-0.9980792316926771,0.0
1552.9024760723114,2571.0,438.42857142857144,17.80952380952381,1692.952380952381,3.3333333333333335,0.2001295407775848,0.05821149216911186,0.6391167123365591,-0.9996303973071283,0.0068407739968258064,0.008315712727451859,0.021961646541854285,0.05821149216911186,-0.9980792316926771,0.0
1557.9125800132751,2579.0,436.8095238095238,17.80952380952381,1692.952380952381,3.3333333333333335,0.2001295407775848,0.05821149216911186,0.6391167123365591,-0.9996303973071283,0.006839549421435371,0.008312423156921003,0.021961646541854285,0.05821149216911186,-0.9980792316926771,0.0
1562.9242630004883,2587.0,443.5238095238095,17.80952380952381,1692.952380952381,3.3333333333333335,0.2001295407775848,0.05821149216911186,0.6391167123365591,-0.9996303973071283,0.006839549421435371,0.008312714584538397,0.021961646541854285,0.05821149216911186,-0.9980792316926771,0.0
1568.027549982071,2595.0,434.8095238095238,17.80952380952381,1692.952380952381,3.3333333333333335,0.2001295407775848,0.05821149216911186,0.6391167123365591,-0.9996303973071283,0.006839549421435371,0.008312714584538397,0.021961646541854285,0.05821149216911186,-0.9980792316926771,0.0
1573.1591811180115,2603.0,442.14285714285717,17.80952380952381,1692.952380952381,3.3333333333333335,0.2001295407775848,0.05821149216911186,0.6391167123365591,-0.9996303973071283,0.006839549421435371,0.008312714584538397,0.021961646541854285,0.05821149216911186,-0.9980792316926771,0.0
1578.1886110305786,2611.0,449.3809523809524,17.80952380952381,1692.952380952381,3.3333333333333335,0.2001295407775848,0.05821149216911186,0.6391167123365591,-0.9996303973071283,0.006839549421435371,0.008312714584538397,0.021961646541854285,0.05821149216911186,-0.9980792316926771,0.0
1583.306603193283,2619.0,455.7142857142857,17.80952380952381,1692.952380952381,3.3333333333333335,0.2001295407775848,0.05821149216911186,0.6391167123365591,-0.9996303973071283,0.006839549421435371,0.008312714584538397,0.021961646541854285,0.05821149216911186,-0.9980792316926771,0.0
1588.3628101348877,2627.0,463.3333333333333,17.80952380952381,1692.952380952381,3.3333333333333335,0.2001295407775848,0.05821149216911186,0.6391167123365591,-0.9996303973071283,0.006839549421435371,0.008312714584538397,0.021961646541854285,0.05821149216911186,-0.9980792316926771,0.0
1593.4513001441956,2635.0,468.23809523809524,17.80952380952381,1692.952380952381,3.3333333333333335,0.2001295407775848,0.05821149216911186,0.6391167123365591,-0.9996303973071283,0.0068383566194394115,0.008312714584538397,0.021961646541854285,0.05821149216911186,-0.9980792316926771,0.0
1598.5666801929474,2643.0,475.5238095238095,17.80952380952381,1692.952380952381,3.3333333333333335,0.2001295407775848,0.05821149216911186,0.6391167123365591,-0.9996303973071283,0.006838627035571122,0.008312714584538397,0.021961646541854285,0.05821149216911186,-0.9980792316926771,0.0
1603.8649389743805,2651.0,483.14285714285717,17.80952380952381,1692.952380952381,3.3333333333333335,0.2001295407775848,0.05821149216911186,0.6391167123365591,-0.9996303973071283,0.006838627035571122,0.008312714584538397,0.021961646541854285,0.05821149216911186,-0.9980792316926771,0.0
1609.0896611213684,2659.0,488.23809523809524,17.80952380952381,1692.952380952381,3.3333333333333335,0.2001295407775848,0.05821149216911186,0.6391167123365591,-0.9996303973071283,0.00684219732179449,0.008312714584538397,0.021961646541854285,0.05821149216911186,-0.9980792316926771,0.0
1614.3090779781342,2667.0,491.9047619047619,17.80952380952381,1692.952380952381,3.3333333333333335,0.2001295407775848,0.05821149216911186,0.6391167123365591,-0.9996303973071283,0.00684219732179449,0.008307511374425754,0.021961646541854285,0.05821149216911186,-0.9980792316926771,0.0
1619.4554600715637,2675.0,499.14285714285717,17.80952380952381,1692.952380952381,3.3333333333333335,0.2001295407775848,0.05821149216911186,0.6391167123365591,-0.9996303973071283,0.00684219732179449,0.008304789104145371,0.021961646541854285,0.05821149216911186,-0.9980792316926771,0.0
1624.617052078247,2683.0,506.85714285714283,17.80952380952381,1692.952380952381,3.3333333333333335,0.2001295407775848,0.05821149216911186,0.6391167123365591,-0.9996303973071283,0.00684219732179449,0.008304789104145371,0.021961646541854285,0.05821149216911186,-0.9980792316926771,0.0
1629.779939174652,2691.0,514.3809523809524,17.80952380952381,1692.952380952381,3.3333333333333335,0.2001295407775848,0.05821149216911186,0.6391167123365591,-0.9996303973071283,0.00684219732179449,0.008304789104145371,0.021961646541854285,0.05821149216911186,-0.9980792316926771,0.0
1634.8725271224976,2699.0,522.0952380952381,17.80952380952381,1692.952380952381,3.3333333333333335,0.2001295407775848,0.05821149216911186,0.6391167123365591,-0.9996303973071283,0.00684219732179449,0.008304789104145371,0.021961646541854285,0.05821149216911186,-0.9980792316926771,0.0
1640.0788481235504,2707.0,529.8571428571429,17.80952380952381,1692.952380952381,3.3333333333333335,0.2001295407775848,0.05821149216911186,0.6391167123365591,-0.9996303973071283,0.00684219732179449,0.008304789104145371,0.021961646541854285,0.05821149216911186,-0.9980792316926771,0.0
1645.2515320777893,2715.0,537.2380952380952,17.80952380952381,1692.952380952381,3.3333333333333335,0.2001295407775848,0.05821149216911186,0.6391167123365591,-0.9996303973071283,0.00684219732179449,0.008304789104145371,0.021961646541854285,0.05821149216911186,-0.9980792316926771,0.0
1650.4316210746765,2723.0,528.4285714285714,17.80952380952381,1693.095238095238,3.2857142857142856,0.2001295407775848,0.05821149216911186,0.6391167123365591,-0.9996303973071283,0.00684219732179449,0.008304789104145371,0.021961646541854285,0.05821149216911186,-0.9980792316926771,0.0
1655.6124501228333,2731.0,535.6666666666666,17.80952380952381,1692.952380952381,3.3333333333333335,0.2001295407775848,0.05821149216911186,0.6391167123365591,-0.9996303973071283,0.00684219732179449,0.008304789104145371,0.021961646541854285,0.05821149216911186,-0.9980792316926771,0.0
1660.673052072525,2739.0,543.3333333333334,17.80952380952381,1692.952380952381,3.3333333333333335,0.2001295407775848,0.05821149216911186,0.6391167123365591,-0.9996303973071283,0.00684219732179449,0.008304789104145371,0.021961646541854285,0.05821149216911186,-0.9980792316926771,0.0
1665.8558511734009,2747.0,526.0,18.181818181818183,1623.3636363636363,3.409090909090909,0.2001295407775848,0.05821149216911186,0.6391167123365591,-0.9996303973071283,0.00684219732179449,0.008304789104145371,0.021961646541854285,0.05821149216911186,-0.9980792316926771,0.0
1671.0492680072784,2755.0,533.4090909090909,18.181818181818183,1623.3636363636363,3.409090909090909,0.2001295407775848,0.05821149216911186,0.6391167123365591,-0.9996303973071283,0.00684219732179449,0.008304789104145371,0.021961646541854285,0.05821149216911186,-0.9980792316926771,0.0
1676.2397611141205,2763.0,540.6363636363636,18.181818181818183,1623.3636363636363,3.409090909090909,0.2001295407775848,0.05821149216911186,0.6391167123365591,-0.9996303973071283,0.00684219732179449,0.008304789104145371,0.021961646541854285,0.05821149216911186,-0.9980792316926771,0.0
1681.383708000183,2771.0,548.2272727272727,18.181818181818183,1623.3636363636363,3.409090909090909,0.2001295407775848,0.05821149216911186,0.6391167123365591,-0.9996303973071283,0.00684219732179449,0.008304789104145371,0.021961646541854285,0.05821149216911186,-0.9980792316926771,0.0
1686.565996170044,2779.0,555.9545454545455,18.181818181818183,1623.3636363636363,3.409090909090909,0.2001295407775848,0.05821149216911186,0.6391167123365591,-0.9996303973071283,0.00684219732179449,0.008304789104145371,0.021961646541854285,0.05821149216911186,-0.9980792316926771,0.0
1691.7503941059113,2787.0,544.3181818181819,18.181818181818183,1623.3636363636363,3.409090909090909,0.2001295407775848,0.05821149216911186,0.6391167123365591,-0.9996303973071283,0.00684219732179449,0.008304789104145371,0.021961646541854285,0.05821149216911186,-0.9980792316926771,0.0
1696.976861000061,2795.0,517.7391304347826,18.652173913043477,2265.913043478261,3.4782608695652173,0.2001295407775848,0.05821149216911186,0.6391167123365591,-0.9996303973071283,0.00684219732179449,0.008304789104145371,0.021930718120375177,0.05821149216911186,-0.9980792316926771,0.0
1702.0741050243378,2803.0,506.7391304347826,18.652173913043477,2266.0434782608695,3.4347826086956523,0.2001295407775848,0.05821149216911186,0.6391167123365591,-0.9996303973071283,0.00684219732179449,0.008304789104145371,0.021930718120375177,0.05821149216911186,-0.9980792316926771,0.0
1707.264433145523,2811.0,514.4782608695652,18.652173913043477,2266.0434782608695,3.4347826086956523,0.2001295407775848,0.05821149216911186,0.6391167123365591,-0.9996303973071283,0.00684219732179449,0.008304789104145371,0.021930718120375177,0.05821149216911186,-0.9980792316926771,0.0
1712.321988105774,2819.0,522.0434782608696,18.652173913043477,2266.0434782608695,3.4347826086956523,0.2001295407775848,0.05821149216911186,0.6391167123365591,-0.9996303973071283,0.00684219732179449,0.008304789104145371,0.021930718120375177,0.05821149216911186,-0.9980792316926771,0.0
1717.5402591228485,2827.0,542.2173913043479,18.652173913043477,2265.913043478261,3.4782608695652173,0.2001295407775848,0.05821149216911186,0.6391167123365591,-0.9996303973071283,0.00684219732179449,0.008289871931155332,0.021930718120375177,0.05821149216911186,-0.9980792316926771,0.0
1722.7510771751404,2835.0,534.5652173913044,18.652173913043477,2265.913043478261,3.4782608695652173,0.2001295407775848,0.05821149216911186,0.6391167123365591,-0.9996303973071283,0.00684219732179449,0.008292307432572869,0.02187579329650661,0.05821149216911186,-0.9980792316926771,0.0
1727.9194521903992,2843.0,542.0869565217391,18.652173913043477,2265.913043478261,3.4782608695652173,0.2001295407775848,0.05821149216911186,0.6391167123365591,-0.9996303973071283,0.00684219732179449,0.008292307432572869,0.02187579329650661,0.05821149216911186,-0.9980792316926771,0.0
1732.996707201004,2851.0,550.0869565217391,18.652173913043477,2265.913043478261,3.4782608695652173,0.2001295407775848,0.05821149216911186,0.6391167123365591,-0.9996303973071283,0.00684219732179449,0.008292307432572869,0.02187579329650661,0.05821149216911186,-0.9980792316926771,0.0
1738.1129631996155,2859.0,558.0869565217391,18.652173913043477,2265.913043478261,3.4782608695652173,0.2001295407775848,0.05821149216911186,0.6391167123365591,-0.9996303973071283,0.00684219732179449,0.008292307432572869,0.02187579329650661,0.05821149216911186,-0.9980792316926771,0.0
1743.3131251335144,2867.0,566.0869565217391,18.652173913043477,2265.913043478261,3.4782608695652173,0.2001295407775848,0.05821149216911186,0.6391167123365591,-0.9996303973071283,0.00684219732179449,0.008292307432572869,0.02187579329650661,0.05821149216911186,-0.9980792316926771,0.0
1748.5116171836853,2875.0,570.4782608695652,18.652173913043477,2265.913043478261,3.4782608695652173,0.2001295407775848,0.05821149216911186,0.6391167123365591,-0.9996303973071283,0.00684219732179449,0.008292307432572869,0.02187579329650661,0.05821149216911186,-0.9980792316926771,0.0
1753.7230830192566,2883.0,555.0434782608696,18.652173913043477,2265.6521739130435,3.5217391304347827,0.2001295407775848,0.05821149216911186,0.6391167123365591,-0.9996303973071283,0.00684219732179449,0.008292307432572869,0.02187579329650661,0.05821149216911186,-0.9980792316926771,0.0
1758.8050541877747,2891.0,563.0434782608696,18.652173913043477,2265.6521739130435,3.5217391304347827,0.2001295407775848,0.05821149216911186,0.6391167123365591,-0.9996303973071283,0.00684219732179449,0.008292307432572869,0.02187579329650661,0.05821149216911186,-0.9980792316926771,0.0
1763.906925201416,2899.0,571.0434782608696,18.652173913043477,2265.6521739130435,3.5217391304347827,0.2001295407775848,0.05821149216911186,0.6391167123365591,-0.9996303973071283,0.00684219732179449,0.008292307432572869,0.02187579329650661,0.05821149216911186,-0.9980792316926771,0.0
1769.0954401493073,2907.0,579.0434782608696,18.652173913043477,2265.6521739130435,3.5217391304347827,0.2001295407775848,0.05821149216911186,0.6391167123365591,-0.9996303973071283,0.00684219732179449,0.008292307432572869,0.02187579329650661,0.05821149216911186,-0.9980792316926771,0.0
1774.278652191162,2915.0,587.0434782608696,18.652173913043477,2265.6521739130435,3.5217391304347827,0.2001295407775848,0.05821149216911186,0.6391167123365591,-0.9996303973071283,0.00684219732179449,0.008292307432572869,0.02187579329650661,0.05821149216911186,-0.9980792316926771,0.0
1779.6006920337677,2923.0,595.0434782608696,18.652173913043477,2265.6521739130435,3.5217391304347827,0.2001295407775848,0.05821149216911186,0.6391167123365591,-0.9996303973071283,0.00684219732179449,0.008292307432572869,0.02187579329650661,0.05821149216911186,-0.9980792316926771,0.0
1784.8758141994476,2931.0,603.0434782608696,18.652173913043477,2265.6521739130435,3.5217391304347827,0.2001295407775848,0.05821149216911186,0.6391167123365591,-0.9996303973071283,0.00684219732179449,0.008292307432572869,0.02187579329650661,0.05821149216911186,-0.9980792316926771,0.0
1790.1990151405334,2939.0,611.0434782608696,18.652173913043477,2265.6521739130435,3.5217391304347827,0.2001295407775848,0.05821149216911186,0.6391167123365591,-0.9996303973071283,0.00684219732179449,0.008292307432572869,0.02187579329650661,0.05821149216911186,-0.9980792316926771,0.0
1795.485647201538,2947.0,619.0434782608696,18.652173913043477,2265.6521739130435,3.5217391304347827,0.2001295407775848,0.05821149216911186,0.6391167123365591,-0.9996303973071283,0.00684219732179449,0.008292307432572869,0.02187579329650661,0.05821149216911186,-0.9980792316926771,0.0
