time_stamp,max_are,compl,dim_penalty,age,minus_spearman,valid,max_ae,q75_are,n_params,eqs_orig,minus_r2,mse,mare,ms_processed_e,recursive_compl,mae,eqs_orig_rounded
65.69276309013367,0.9884505483513788,1.0,1.0,5301.0,-0.971523915461624,true,1444.906433699226,0.9873321664772835,0.0,v1,3.1801094269109074,774191.9845436855,0.9862312210829326,774191.9845436855,2.0,770.7184978329925,v1
188.93095707893372,0.9884505483513788,1.0,1.0,4963.0,-0.971523915461624,true,1444.906433699226,0.9873321664772835,0.0,v1,3.1801094269109074,774191.9845436855,0.9862312210829326,774191.9845436855,2.0,770.7184978329925,v1
19.892139196395874,0.9884505483513788,1.0,1.0,5417.0,-0.971523915461624,true,1444.906433699226,0.9873321664772835,0.0,v1,3.1801094269109074,774191.9845436855,0.9862312210829326,774191.9845436855,2.0,770.7184978329925,v1
19.892139196395874,0.9884505483513788,1.0,1.0,5417.0,-0.971523915461624,true,1444.906433699226,0.9873321664772835,0.0,v1,3.1801094269109074,774191.9845436855,0.9862312210829326,774191.9845436855,2.0,770.7184978329925,v1
14.781375169754028,4.489155460981945,2.0,3.0,5430.0,-0.971523915461624,true,6524.496596552621,2.1481911375804685,0.0,pow3(v1),35.36372789420697,6.734873130971433e6,1.66783080282979,6.734873130971433e6,4.0,1729.455141117727,pow3(v1)
15.176398038864136,4.284109928298333,2.0,0.0,5429.0,-0.35509503476120446,true,706.0585735903361,1.20056891768314,1.0,758.230220756124,0.0029146443690017954,185748.36195753756,0.9949624542944898,185748.36195753756,1.0,388.53304293899146,758.0
12.822710990905762,0.9969933934710435,2.0,1.5,5431.0,-0.971523915461624,true,1459.8862540971002,0.9965471869682405,0.0,sqrt_abs(v1),3.2664253032303723,790178.4223998777,0.9949481342752213,790178.4223998777,4.0,778.3467654089222,sqrt_abs(v1)
15.039961099624634,0.9795245331478878,2.0,2.0,5429.0,-0.971523915461624,true,1088.612890087013,0.9266493671091125,0.0,pow2(v1),1.6671323720031985,493975.70571443153,0.8509207005366252,493975.70571443153,4.0,630.3596866752648,pow2(v1)
16.69328022003174,0.9969933934710435,2.0,1.5,5423.0,-0.971523915461624,true,1459.8862540971002,0.9965471869682405,0.0,sqrt_abs(v1),3.2664253032303723,790178.4223998777,0.9949481342752213,790178.4223998777,4.0,778.3467654089222,sqrt_abs(v1)
15.176398038864136,4.284109928298333,2.0,0.0,5429.0,-0.35509503476120446,true,706.0585735903361,1.20056891768314,1.0,758.230220756124,0.0029146443690017954,185748.36195753756,0.9949624542944898,185748.36195753756,1.0,388.53304293899146,758.0
15.039961099624634,0.9795245331478878,2.0,2.0,5429.0,-0.971523915461624,true,1088.612890087013,0.9266493671091125,0.0,pow2(v1),1.6671323720031985,493975.70571443153,0.8509207005366252,493975.70571443153,4.0,630.3596866752648,pow2(v1)
15.009355068206787,4.489155460981945,2.0,3.0,5430.0,-0.971523915461624,true,6524.496596552621,2.1481911375804685,0.0,pow3(v1),35.36372789420697,6.734873130971433e6,1.66783080282979,6.734873130971433e6,4.0,1729.455141117727,pow3(v1)
15.176398038864136,4.284109928298333,2.0,0.0,5429.0,-0.35509503476120446,true,706.0585735903361,1.20056891768314,1.0,758.230220756124,0.0029146443690017954,185748.36195753756,0.9949624542944898,185748.36195753756,1.0,388.53304293899146,758.0
16.69328022003174,0.9969933934710435,2.0,1.5,5423.0,-0.971523915461624,true,1459.8862540971002,0.9965471869682405,0.0,sqrt_abs(v1),3.2664253032303723,790178.4223998777,0.9949481342752213,790178.4223998777,4.0,778.3467654089222,sqrt_abs(v1)
15.201174020767212,0.9795245331478878,2.0,2.0,5429.0,-0.971523915461624,true,1088.612890087013,0.9266493671091125,0.0,pow2(v1),1.6671323720031985,493975.70571443153,0.8509207005366252,493975.70571443153,4.0,630.3596866752648,pow2(v1)
15.009355068206787,4.489155460981945,2.0,3.0,5430.0,-0.971523915461624,true,6524.496596552621,2.1481911375804685,0.0,pow3(v1),35.36372789420697,6.734873130971433e6,1.66783080282979,6.734873130971433e6,4.0,1729.455141117727,pow3(v1)
15.176398038864136,4.284109928298333,2.0,0.0,5429.0,-0.35509503476120446,true,706.0585735903361,1.20056891768314,1.0,758.230220756124,0.0029146443690017954,185748.36195753756,0.9949624542944898,185748.36195753756,1.0,388.53304293899146,758.0
15.009355068206787,4.489155460981945,2.0,3.0,5430.0,-0.971523915461624,true,6524.496596552621,2.1481911375804685,0.0,pow3(v1),35.36372789420697,6.734873130971433e6,1.66783080282979,6.734873130971433e6,4.0,1729.455141117727,pow3(v1)
15.201174020767212,0.9795245331478878,2.0,2.0,5429.0,-0.971523915461624,true,1088.612890087013,0.9266493671091125,0.0,pow2(v1),1.6671323720031985,493975.70571443153,0.8509207005366252,493975.70571443153,4.0,630.3596866752648,pow2(v1)
14.323533058166504,0.9969933934710435,2.0,1.5,5431.0,-0.971523915461624,true,1459.8862540971002,0.9965471869682405,0.0,sqrt_abs(v1),3.2664253032303723,790178.4223998777,0.9949481342752213,790178.4223998777,4.0,778.3467654089222,sqrt_abs(v1)
12.782979011535645,0.9843947435635324,3.0,1.5,5431.0,-0.971523915461624,true,1378.9571714694025,0.9689786301821413,0.0,sqrt_abs(pow3(v1)),2.848055117659578,712692.689094488,0.9568866044411817,712692.689094488,16.0,741.963683115444,sqrt_abs(pow3(v1))
1636.4776751995087,0.9769010967027577,3.0,1.0,502.0,-0.971523915461624,true,1425.524073051992,0.974664332954567,0.0,(v1+v1),3.0645606433660832,752791.3624766491,0.9724624421658646,752791.3624766491,4.0,759.9728117841355,(v1+v1)
12.892356157302856,0.9843947435635324,3.0,1.5,5431.0,-0.971523915461624,true,1378.9571714694025,0.9689786301821413,0.0,pow3(sqrt_abs(v1)),2.848055117659578,712692.689094488,0.9568866044411817,712692.689094488,16.0,741.963683115444,pow3(sqrt_abs(v1))
1799.1620662212372,1.0,3.0,1.0,2.0,100.0,true,1464.28879434646,1.0,0.0,(v1-v1),3.297289933195911,795894.8156051353,1.0,795894.8156051353,4.0,781.4641838818496,(v1-v1)
369.88475799560547,0.9769010967027577,3.0,1.0,4405.0,-0.971523915461624,true,1425.524073051992,0.974664332954567,0.0,(v1+v1),3.0645606433660832,752791.3624766491,0.9724624421658646,752791.3624766491,4.0,759.9728117841355,(v1+v1)
12.892356157302856,0.9843947435635324,3.0,1.5,5431.0,-0.971523915461624,true,1378.9571714694025,0.9689786301821413,0.0,pow3(sqrt_abs(v1)),2.848055117659578,712692.689094488,0.9568866044411817,712692.689094488,16.0,741.963683115444,pow3(sqrt_abs(v1))
369.88475799560547,0.9769010967027577,3.0,1.0,4405.0,-0.971523915461624,true,1425.524073051992,0.974664332954567,0.0,(v1+v1),3.0645606433660832,752791.3624766491,0.9724624421658646,752791.3624766491,4.0,759.9728117841355,(v1+v1)
29.5095431804657,0.9843947435635324,3.0,1.5,5392.0,-0.971523915461624,true,1378.9571714694025,0.9689786301821413,0.0,sqrt_abs(pow3(v1)),2.848055117659578,712692.689094488,0.9568866044411817,712692.689094488,16.0,741.963683115444,sqrt_abs(pow3(v1))
1789.7686421871185,0.9993170746072353,3.0,2.0,31.0,100.0,true,1463.28879434646,0.9991191946574328,0.0,(v1/v1),3.288856583814108,794332.8872373716,0.9978214775466522,794332.8872373716,5.0,780.4641838818496,(v1/v1)
1794.8725881576538,0.9180981325915514,4.0,2.0,15.0,-0.971523915461624,true,389.4001895614467,0.7065974684364502,0.0,pow2((v1+v1)),-0.6966671626607561,56179.83342854276,0.4330871340012047,56179.83342854276,16.0,213.56942654701135,pow2((v1+v1))
64.01565599441528,0.36948367731967097,4.0,0.0,5306.0,-0.971523915461624,true,240.95722539973826,0.10822907548456655,1.0,(72.6238609763965*v1),-0.9690252830489658,5736.782255655335,0.08622692931768143,5736.782255655335,3.0,58.23647857360709,(72.6*v1)
284.99787402153015,0.3695034204338493,4.0,0.0,4672.0,-0.971523915461624,true,240.9754656678531,0.10824505223079242,1.0,(v1/0.0137693806181324),-0.9690247527623145,5736.8804692744125,0.08622528911213381,5736.8804692744125,3.0,58.23484528640447,(v1/0.0138)
1234.6797981262207,0.9180981325915514,4.0,2.0,1743.0,-0.971523915461624,true,389.4001895614467,0.7065974684364502,0.0,pow2((v1+v1)),-0.6966671626607561,56179.83342854276,0.4330871340012047,56179.83342854276,16.0,213.56942654701135,pow2((v1+v1))
1209.2431781291962,0.36953200980591777,4.0,0.0,1821.0,-0.971523915461624,true,241.00187881661236,0.10826818764591338,1.0,(v1/0.0137690931783772),-0.9690239817008439,5737.02327644741,0.08622291398294978,5737.02327644741,3.0,58.23248017545448,(v1/0.0138)
64.01565599441528,0.36948367731967097,4.0,0.0,5306.0,-0.971523915461624,true,240.95722539973826,0.10822907548456655,1.0,(72.6238609763965*v1),-0.9690252830489658,5736.782255655335,0.08622692931768143,5736.782255655335,3.0,58.23647857360709,(72.6*v1)
1209.2431781291962,0.36953200980591777,4.0,0.0,1821.0,-0.971523915461624,true,241.00187881661236,0.10826818764591338,1.0,(v1/0.0137690931783772),-0.9690239817008439,5737.02327644741,0.08622291398294978,5737.02327644741,3.0,58.23248017545448,(v1/0.0138)
64.01565599441528,0.36948367731967097,4.0,0.0,5306.0,-0.971523915461624,true,240.95722539973826,0.10822907548456655,1.0,(72.6238609763965*v1),-0.9690252830489658,5736.782255655335,0.08622692931768143,5736.782255655335,3.0,58.23647857360709,(72.6*v1)
1379.0686190128326,0.9180981325915514,4.0,2.0,1296.0,-0.971523915461624,true,389.4001895614467,0.7065974684364502,0.0,pow2((v1+v1)),-0.6966671626607561,56179.83342854276,0.4330871340012047,56179.83342854276,16.0,213.56942654701135,pow2((v1+v1))
64.01565599441528,0.36948367731967097,4.0,0.0,5306.0,-0.971523915461624,true,240.95722539973826,0.10822907548456655,1.0,(72.6238609763965*v1),-0.9690252830489658,5736.782255655335,0.08622692931768143,5736.782255655335,3.0,58.23647857360709,(72.6*v1)
284.99787402153015,0.3695034204338493,4.0,0.0,4672.0,-0.971523915461624,true,240.9754656678531,0.10824505223079242,1.0,(v1/0.0137693806181324),-0.9690247527623145,5736.8804692744125,0.08622528911213381,5736.8804692744125,3.0,58.23484528640447,(v1/0.0138)
1798.9972450733185,4.226680435496014,4.0,1.0,3.0,-0.971523915461624,true,697.0937875347199,1.1837320626566914,1.0,(v1--747.812646164506),-0.02429091613820855,180709.65968239988,0.9811619490358703,180709.65968239988,3.0,383.0871310584391,(v1--748.0)
1799.7045540809631,1.5381670434668682,5.0,2.0,0.0,-0.971523915461624,true,230.9932021171919,0.30572921925384205,1.0,pow2((16.9073613216589+v1)),-0.9089760390298065,16858.415363690197,0.31741005431439906,16858.415363690197,8.0,110.49449850178256,pow2((16.9+v1))
1798.5532121658325,1.5381670453357241,5.0,2.0,4.0,-0.971523915461624,true,230.99320165352106,0.305729220120349,1.0,pow2((16.9073613286847+v1)),-0.9089760390390046,16858.41536198663,0.31741005464431027,16858.41536198663,8.0,110.49449847278284,pow2((16.9+v1))
1733.2840511798859,1.5381670467580792,5.0,2.0,204.0,-0.971523915461624,true,230.99320130062847,0.30572922077983306,1.0,pow2((16.907361334032+v1)),-0.9089760390460053,16858.41536069005,0.31741005489540036,16858.41536069005,8.0,110.49449845071146,pow2((16.9+v1))
1799.9935309886932,1.7069571789480764,5.0,0.0,0.0,-0.971523915461624,true,323.0439845108324,0.583147989529736,1.0,(sqrt_abs(v1)/0.00379844498492064),-0.8223272790878426,32906.506111231334,0.42245845949497174,32906.506111231334,5.0,158.01389156248013,(sqrt_abs(v1)/0.0038)
1798.1196241378784,0.3695544882758285,6.0,1.0,5.0,-0.971523915461624,true,241.0226462251519,0.1082863779276523,1.0,((v1/0.0135818603551553)-v1),-0.9690233728179536,5737.13604676157,0.08622104653130475,5737.13604676157,5.0,58.23062060067271,((v1/0.0136)-v1)
886.0925991535187,0.3694860725922173,6.0,1.0,2812.0,-0.971523915461624,true,240.95943834411264,0.10823101381411615,1.0,((73.6239879979473*v1)-v1),-0.9690252188089075,5736.79415346307,0.08622673032479292,5736.79415346307,5.0,58.23628042006545,((73.6*v1)-v1)
1776.1203410625458,0.3695446518182749,6.0,1.0,72.0,-0.971523915461624,true,241.01355851885296,0.10827841795818269,1.0,((v1/0.0135819565790197)-v1),-0.9690236395471415,5737.086646236766,0.08622186371810228,5737.086646236766,5.0,58.23143434059726,((v1/0.0136)-v1)
886.0925991535187,0.3694860725922173,6.0,1.0,2812.0,-0.971523915461624,true,240.95943834411264,0.10823101381411615,1.0,((73.6239879979473*v1)-v1),-0.9690252188089075,5736.79415346307,0.08622673032479292,5736.79415346307,5.0,58.23628042006545,((73.6*v1)-v1)
886.0925991535187,0.3694860725922173,6.0,1.0,2812.0,-0.971523915461624,true,240.95943834411264,0.10823101381411615,1.0,((73.6239879979473*v1)-v1),-0.9690252188089075,5736.79415346307,0.08622673032479292,5736.79415346307,5.0,58.23628042006545,((73.6*v1)-v1)
1743.002004146576,0.3694979068678618,6.0,1.0,174.0,-0.971523915461624,true,240.97037179456765,0.10824059048054421,1.0,((v1/0.0135824138740427)-v1),-0.9690249010329612,5736.853008283678,0.08622574716456861,5736.853008283678,5.0,58.23530140678583,((v1/0.0136)-v1)
1798.0493080615997,0.3695544819512097,6.0,1.0,6.0,-0.971523915461624,true,241.02264038196313,0.10828637280957282,1.0,((v1/0.0135818604170246)-v1),-0.969023372989597,5737.136014971735,0.08622104705673732,5737.136014971735,5.0,58.230621123889,((v1/0.0136)-v1)
828.0789821147919,0.3694863813890769,6.0,1.0,2991.0,-0.971523915461624,true,240.9597236353518,0.10823126370220452,1.0,((73.6240043734767*v1)-v1),-0.9690252105252083,5736.795687674937,0.08622670467076907,5736.795687674937,5.0,58.23625487424963,((73.6*v1)-v1)
1178.836118221283,0.4007789513285897,7.0,1.5,1914.0,-0.971523915461624,true,235.79653997888386,0.10461207823408972,1.0,(v1*(76.5015843128479-sqrt_abs(v1))),-0.9697819081432208,5596.648822902187,0.0856311395343889,5596.648822902187,11.0,57.38577108684159,(v1*(76.5-sqrt_abs(v1)))
1308.5831332206726,0.4001532043144821,7.0,0.0,1514.0,-0.971523915461624,true,237.16305353508824,0.09209984889885053,2.0,((71.6802867581626*v1)--12.6445918402006),-0.9694434351307442,5659.336917035986,0.0866137119635921,5659.336917035986,4.0,57.7722583300451,((71.7*v1)--12.6)
1798.4648840427399,0.39548936862463613,7.0,0.0,4.0,-0.971523915461624,true,238.1242933719775,0.0922237076648415,2.0,((v1/0.0139170107066001)--10.5705299680553),-0.9693940155589718,5668.489844014275,0.08646301395049456,5668.489844014275,4.0,57.807248671087265,((v1/0.0139)--10.6)
1326.5733480453491,0.40023734186266924,7.0,0.0,1459.0,-0.971523915461624,true,237.14328533803564,0.09210278480254491,2.0,((71.6769495425592*v1)--12.6829639544006),-0.9694442844882061,5659.17960877636,0.08661657461214252,5659.17960877636,4.0,57.77176889112631,((71.7*v1)--12.7)
1063.5126831531525,0.40077465160454784,7.0,1.5,2267.0,-0.971523915461624,true,235.79256754988205,0.10461479621173753,1.0,(v1*(76.5013562980375-sqrt_abs(v1))),-0.969782006352814,5596.630633646335,0.0856312888591745,5596.630633646335,11.0,57.38608721526991,(v1*(76.5-sqrt_abs(v1)))
1794.2740550041199,0.39548576997387114,7.0,0.0,17.0,-0.971523915461624,true,238.12503166432634,0.09222492231906772,2.0,((v1/0.0139169847220674)--10.5689309473453),-0.9693939728587949,5668.497752451903,0.08646289787293893,5668.497752451903,4.0,57.807275868987716,((v1/0.0139)--10.6)
1718.683494091034,0.39548611799442557,7.0,0.0,249.0,-0.971523915461624,true,238.12496051867242,0.09222480478001827,2.0,((v1/0.0139169872310629)--10.5690854866355),-0.9693939769802391,5668.496989125221,0.08646290908359458,5668.496989125221,4.0,57.80727322390051,((v1/0.0139)--10.6)
1326.5733480453491,0.40023734186266924,7.0,0.0,1459.0,-0.971523915461624,true,237.14328533803564,0.09210278480254491,2.0,((71.6769495425592*v1)--12.6829639544006),-0.9694442844882061,5659.17960877636,0.08661657461214252,5659.17960877636,4.0,57.77176889112631,((71.7*v1)--12.7)
905.9965929985046,0.4007774651863924,7.0,1.5,2751.0,-0.971523915461624,true,235.79516696184646,0.10461301766676823,1.0,(v1*(76.5015055025736-sqrt_abs(v1))),-0.9697819420976488,5596.6425342519815,0.08563119114650693,5596.6425342519815,11.0,57.38588035241129,(v1*(76.5-sqrt_abs(v1)))
550.3217420578003,0.40076443586847016,7.0,1.5,3852.0,-0.971523915461624,true,235.7831294357445,0.10462125386856502,1.0,(v1*(76.5008145564973-sqrt_abs(v1))),-0.9697822393492611,5596.587480713387,0.08563164364068708,5596.587480713387,11.0,57.386838306400115,(v1*(76.5-sqrt_abs(v1)))
1799.655058145523,0.39550955218608985,7.0,0.0,1.0,-0.971523915461624,true,238.11999055870388,0.09221694078230792,2.0,(-71.8537456637316*(-0.147237446924459-v1)),-0.9693942602433742,5668.444526372147,0.08646367459936202,5668.444526372147,4.0,57.807105592218505,(-71.9*(-0.147-v1))
50.90565299987793,0.40780990241740234,7.0,0.0,5339.0,-0.971523915461624,true,235.59360893332996,0.09326313469332934,2.0,(16.0462143944444+(71.3949507748898*v1)),-0.969498099457237,5649.212616667501,0.08686060289438319,5649.212616667501,4.0,57.714309344400014,(16.0+(71.4*v1))
1747.8132581710815,4.465424422523932,8.0,0.0,159.0,-0.9724137931034482,true,1343.002405477193,1.094376103671521,2.0,sqrt_abs(((v1-18.9767949089801)/2.75700229531069e-5)),1.5958863844603153,480780.3400305813,1.1895765461366041,480780.3400305813,16.0,612.2620178760178,sqrt_abs(((v1-19.0)/2.76e-5))
1769.8558571338654,4.463980113814043,8.0,0.0,91.0,-0.9724137931034482,true,1343.7305884719826,1.0938782624888583,2.0,(190.374840647256*sqrt_abs((v1-18.9813328776013))),1.596073188512583,480814.937737286,1.1893077114866435,480814.937737286,9.0,612.2308710708699,(190.0*sqrt_abs((v1-19.0)))
1759.7376201152802,0.4008461109610538,8.0,1.5,122.0,-0.971523915461624,true,235.8585874194025,0.10456962472356288,1.0,((76.5051457951*v1)-sqrt_abs(pow3(v1))),-0.9697803631453109,5596.934969716966,0.08562880715267777,5596.934969716966,19.0,57.38083331203318,((76.5*v1)-sqrt_abs(pow3(v1)))
1449.6387832164764,0.4007769963527708,8.0,1.5,1077.0,-0.971523915461624,true,235.79473381584512,0.10461331402981203,1.0,((76.5014806402781*v1)-pow3(sqrt_abs(v1))),-0.9697819528071572,5596.640550759531,0.08563120742859379,5596.640550759531,19.0,57.38591482244579,((76.5*v1)-pow3(sqrt_abs(v1)))
1753.824909210205,0.9999999999999992,8.0,0.0,141.0,-0.972866567704181,true,1464.2887943464589,0.9999999999999987,1.0,pow3(((sqrt_abs(v1)/v1)/2213.84526607529)),3.2972899331958843,795894.8156051303,0.9999999999999659,795894.8156051303,1024.0,781.464183881842,pow3(((sqrt_abs(v1)/v1)/2210.0))
890.0741560459137,0.4008462041470652,8.0,1.5,2800.0,-0.971523915461624,true,235.8586735120939,0.10456956581803928,1.0,((76.5051507367638*v1)-sqrt_abs(pow3(v1))),-0.969780360987201,5596.935369417366,0.08562880391642798,5596.935369417366,19.0,57.38082646072207,((76.5*v1)-sqrt_abs(pow3(v1)))
212.7085771560669,0.42980171093959313,9.0,0.0,4892.0,-0.971523915461624,true,227.95794781032646,0.09020490096809064,2.0,((-245.212376694603+v1)*(-0.315542955462697*v1)),-0.9702519540760662,5509.592299636663,0.08567269572443244,5509.592299636663,10.0,56.77718968087618,((-245.0+v1)*(-0.316*v1))
246.22499203681946,0.43102410551161985,9.0,0.0,4791.0,-0.971523915461624,true,226.373373389966,0.09051770932009395,2.0,((0.328003445769828*v1)*(236.281568777509-v1)),-0.9702644574161828,5507.276574207102,0.08573909316670845,5507.276574207102,10.0,56.82025750895176,((0.328*v1)*(236.0-v1))
1792.1872131824493,0.42307688181195086,9.0,0.0,23.0,-0.971523915461624,true,231.05281302294316,0.09174112152874665,2.0,(v1*((-0.272807818798797*v1)--76.8081581725479)),-0.9701887290163169,5521.302120955002,0.0854136115342725,5521.302120955002,9.0,56.76795740194676,(v1*((-0.273*v1)--76.8))
84.517165184021,0.42979560699306785,9.0,0.0,5251.0,-0.971523915461624,true,227.9637820044336,0.09020454949421619,2.0,((-0.315490276857158*v1)*(v1-245.251473204413)),-0.970251887546691,5509.604621445448,0.08567240342581889,5509.604621445448,10.0,56.7770587909859,((-0.315*v1)*(v1-245.0))
246.22499203681946,0.43102410551161985,9.0,0.0,4791.0,-0.971523915461624,true,226.373373389966,0.09051770932009395,2.0,((0.328003445769828*v1)*(236.281568777509-v1)),-0.9702644574161828,5507.276574207102,0.08573909316670845,5507.276574207102,10.0,56.82025750895176,((0.328*v1)*(236.0-v1))
1645.010456085205,0.427410548633478,9.0,0.0,476.0,-0.971523915461624,true,230.4335502553247,0.08999519213284587,2.0,(v1*(77.1424068426937-(0.294033747905566*v1))),-0.9702100563286882,5517.352120463784,0.08555459986536404,5517.352120463784,9.0,56.71821557817904,(v1*(77.1-(0.294*v1)))
1724.81356215477,1.0000000000006442,9.0,5.0,230.0,-0.973230332114119,true,1464.2887943465546,1.0000000000002691,1.0,pow3(((v1/v1)/(v1-2213.84526607529))),3.297289933196706,795894.8156052824,1.0000000000002025,795894.8156052824,65536.0,781.4641838819431,pow3(((v1/v1)/(v1-2210.0)))
1789.3551750183105,0.42621146682071487,9.0,0.0,32.0,-0.971523915461624,true,230.60168313778058,0.09029663630574936,2.0,(v1*(77.0499961465329-(0.288175489968468*v1))),-0.9702051744964878,5518.256277502122,0.08551565046307104,5518.256277502122,9.0,56.732108672642745,(v1*(77.0-(0.288*v1)))
246.22499203681946,0.43102410551161985,9.0,0.0,4791.0,-0.971523915461624,true,226.373373389966,0.09051770932009395,2.0,((0.328003445769828*v1)*(236.281568777509-v1)),-0.9702644574161828,5507.276574207102,0.08573909316670845,5507.276574207102,10.0,56.82025750895176,((0.328*v1)*(236.0-v1))
1722.834485054016,0.44134400286544573,9.0,0.0,236.0,-0.971523915461624,true,226.19912612475923,0.09011858852370694,2.0,(0.37257875634832*(v1*(210.070348826132-v1))),-0.9702385186246926,5512.080660035851,0.0860502718671577,5512.080660035851,8.0,56.64914088070519,(0.373*(v1*(210.0-v1)))
1799.859209060669,0.4220721550690931,9.0,0.0,0.0,-0.971523915461624,true,231.19534372777503,0.09237225179720558,2.0,(v1*((-0.26789153059831*v1)--76.7306887389833)),-0.9701824572080072,5522.463713446023,0.08538094414538443,5522.463713446023,9.0,56.77953179391393,(v1*((-0.268*v1)--76.7))
212.7085771560669,0.42980171093959313,9.0,0.0,4892.0,-0.971523915461624,true,227.95794781032646,0.09020490096809064,2.0,((-245.212376694603+v1)*(-0.315542955462697*v1)),-0.9702519540760662,5509.592299636663,0.08567269572443244,5509.592299636663,10.0,56.77718968087618,((-245.0+v1)*(-0.316*v1))
1353.9153079986572,0.43549085715059704,9.0,0.0,1375.0,-0.971523915461624,true,227.901697899312,0.08989944644961312,2.0,(v1*(0.339933627208052*(228.858614124521-v1))),-0.9702454623320956,5510.794626091419,0.08584349023534307,5510.794626091419,9.0,56.68124442334012,(v1*(0.34*(229.0-v1)))
1755.1981661319733,1.0000000000006442,9.0,5.0,137.0,-0.973230332114119,true,1464.2887943465546,1.0000000000002691,1.0,pow3(((v1/v1)/(v1-2213.8452863433))),3.297289933196706,795894.8156052824,1.0000000000002025,795894.8156052824,65536.0,781.4641838819431,pow3(((v1/v1)/(v1-2210.0)))
1799.9595811367035,0.42207215510053636,9.0,0.0,0.0,-0.971523915461624,true,231.1953437233144,0.09237225177745426,2.0,(v1*((-0.267891530752166*v1)--76.7306887414077)),-0.9701824572082115,5522.463713408196,0.08538094414640678,5522.463713408196,9.0,56.779531793551705,(v1*((-0.268*v1)--76.7))
1267.4953989982605,0.7931527326358785,10.0,0.0,1641.0,-0.9724137931034482,true,259.709410378827,0.3659037499069835,2.0,((0.373998129611028*pow2(v1))*(28.7329402716588-v1)),-0.9201791485253805,14783.503755491407,0.24718618937925016,14783.503755491407,16.0,105.63863754512373,((0.374*pow2(v1))*(28.7-v1))
804.4616341590881,0.3753377688205954,10.0,1.5,3064.0,-0.971523915461624,true,230.36933778107846,0.10599395077116915,2.0,(v1*(74.9328716720042-sqrt_abs((8.91438085454498-v1)))),-0.970371101277683,5487.525219794526,0.08470943232617394,5487.525219794526,19.0,57.18976729019303,(v1*(74.9-sqrt_abs((8.91-v1))))
1393.677430152893,0.40544719305671595,10.0,1.5,1250.0,-0.971523915461624,true,214.71485558863014,0.10682504523472947,2.0,(v1*(sqrt_abs((17.4373082076139-v1))--70.9930444338528)),-0.9718141433550846,5220.2614963878295,0.08383568627282682,5220.2614963878295,19.0,55.48593339127675,(v1*(sqrt_abs((17.4-v1))--71.0))
316.85043716430664,0.7929775875221469,10.0,0.0,4570.0,-0.9724137931034482,true,260.96517375292274,0.36535672634995736,2.0,(pow2(v1)*(10.7551041086486+(-0.374279434875058*v1))),-0.9201467636559947,14789.501710027615,0.24705594838306297,14789.501710027615,17.0,105.59462128031545,(pow2(v1)*(10.8+(-0.374*v1)))
1306.1250491142273,0.4054595349417526,10.0,1.5,1522.0,-0.971523915461624,true,213.83830590306684,0.10681548651303097,2.0,(v1*(sqrt_abs((v1-17.4270004940862))--70.9951559542628)),-0.9718834418322656,5207.426826264321,0.08380023868802251,5207.426826264321,19.0,55.44776630662319,(v1*(sqrt_abs((v1-17.4))--71.0))
1393.677430152893,0.40544719305671595,10.0,1.5,1250.0,-0.971523915461624,true,214.71485558863014,0.10682504523472947,2.0,(v1*(sqrt_abs((17.4373082076139-v1))--70.9930444338528)),-0.9718141433550846,5220.2614963878295,0.08383568627282682,5220.2614963878295,19.0,55.48593339127675,(v1*(sqrt_abs((17.4-v1))--71.0))
1221.4043490886688,0.7935272775141703,10.0,0.0,1784.0,-0.9724137931034482,true,259.30724841280994,0.36693658880620283,2.0,(0.372917420707534*(pow2(v1)*(28.7621667166632-v1))),-0.9201985324913167,14779.913679365696,0.2474532211969101,14779.913679365696,14.0,105.65087376219262,(0.373*(pow2(v1)*(28.8-v1)))
860.9246790409088,0.7950989441373798,10.0,0.0,2889.0,-0.9724137931034482,true,252.0378112853764,0.37160542057596685,2.0,(-0.369553901229736*(pow2(v1)*(-28.8005725738526+v1))),-0.9202048143491796,14778.750225611546,0.24894735038185628,14778.750225611546,14.0,106.2801605197804,(-0.37*(pow2(v1)*(-28.8+v1)))
1785.326071023941,0.40521959058494095,10.0,1.5,44.0,-0.971523915461624,true,230.79997502329252,0.10722457785666416,2.0,(v1*(sqrt_abs((-19.0688857658283+v1))--70.7574540835445)),-0.9702521200633099,5509.561557380794,0.0849468437250338,5509.561557380794,19.0,56.83623081494443,(v1*(sqrt_abs((-19.1+v1))--70.8))
1267.4953989982605,0.7931527326358785,10.0,0.0,1641.0,-0.9724137931034482,true,259.709410378827,0.3659037499069835,2.0,((0.373998129611028*pow2(v1))*(28.7329402716588-v1)),-0.9201791485253805,14783.503755491407,0.24718618937925016,14783.503755491407,16.0,105.63863754512373,((0.374*pow2(v1))*(28.7-v1))
1437.7968940734863,0.4054450863172657,10.0,1.5,1114.0,-0.971523915461624,true,214.79416050312125,0.10682658617846227,2.0,(v1*(sqrt_abs((17.4385363125781-v1))--70.9927591565973)),-0.9718077803357653,5221.439981937242,0.0838391234562346,5221.439981937242,19.0,55.4896983028442,(v1*(sqrt_abs((17.4-v1))--71.0))
1797.6116139888763,1.0000000000006493,10.0,6.5,7.0,-0.9726005569029059,true,1464.2887943464625,1.0000000000000633,1.0,pow3(((sqrt_abs(v1)/v1)/(-1678.04391408723+v1))),3.297289933195975,795894.815605147,1.0000000000000795,795894.815605147,2.68435456e8,781.4641838818671,pow3(((sqrt_abs(v1)/v1)/(-1680.0+v1)))
1718.015188217163,0.4038896840081604,10.0,1.5,251.0,-0.971523915461624,true,219.13367704824464,0.10735709039312034,2.0,(v1*(sqrt_abs((-17.2351231187243+v1))--70.9391395316157)),-0.971422683394557,5292.76322606966,0.08388847237827401,5292.76322606966,19.0,55.560439618764526,(v1*(sqrt_abs((-17.2+v1))--70.9))
1439.7116420269012,1.0000000000002824,10.0,6.5,1108.0,-0.9783747842144449,true,1464.2887943464611,1.0000000000000275,1.0,pow3(((sqrt_abs(v1)/v1)/(v1-2213.84526607529))),3.2972899331959384,795894.8156051402,1.0000000000000344,795894.8156051402,2.68435456e8,781.464183881857,pow3(((sqrt_abs(v1)/v1)/(v1-2210.0)))
1221.4043490886688,0.7935272775141703,10.0,0.0,1784.0,-0.9724137931034482,true,259.30724841280994,0.36693658880620283,2.0,(0.372917420707534*(pow2(v1)*(28.7621667166632-v1))),-0.9201985324913167,14779.913679365696,0.2474532211969101,14779.913679365696,14.0,105.65087376219262,(0.373*(pow2(v1)*(28.8-v1)))
1267.4953989982605,0.7931527326358785,10.0,0.0,1641.0,-0.9724137931034482,true,259.709410378827,0.3659037499069835,2.0,((0.373998129611028*pow2(v1))*(28.7329402716588-v1)),-0.9201791485253805,14783.503755491407,0.24718618937925016,14783.503755491407,16.0,105.63863754512373,((0.374*pow2(v1))*(28.7-v1))
1429.3539900779724,0.4054438892933025,10.0,1.5,1140.0,-0.971523915461624,true,214.83777164204275,0.10682746151378777,2.0,(v1*(sqrt_abs((v1-17.4392329447486))--70.9925972335358)),-0.9718042763533359,5222.088949424403,0.08384102770683984,5222.088949424403,19.0,55.49178730356739,(v1*(sqrt_abs((v1-17.4))--71.0))
1267.4953989982605,0.7931527326358785,10.0,0.0,1641.0,-0.9724137931034482,true,259.709410378827,0.3659037499069835,2.0,((0.373998129611028*pow2(v1))*(28.7329402716588-v1)),-0.9201791485253805,14783.503755491407,0.24718618937925016,14783.503755491407,16.0,105.63863754512373,((0.374*pow2(v1))*(28.7-v1))
1175.0648891925812,0.40543069967802015,10.0,1.5,1926.0,-0.971523915461624,true,215.1712731396617,0.10683680135049964,2.0,(v1*(sqrt_abs((v1-17.4451192786485))--70.9910660673892)),-0.9717771951297307,5227.10462344284,0.08385615331492116,5227.10462344284,19.0,55.50856380301748,(v1*(sqrt_abs((v1-17.4))--71.0))
789.3757631778717,0.7920536801670345,10.0,0.0,3111.0,-0.9724137931034482,true,259.55522390724195,0.3629530572416902,2.0,(pow2(v1)*(0.377449324575999*(28.6281714065187-v1))),-0.920121280571294,14794.221395064964,0.24640933209435265,14794.221395064964,17.0,105.65058728629519,(pow2(v1)*(0.377*(28.6-v1)))
1006.7372360229492,0.40563579421643897,10.0,1.5,2442.0,-0.971523915461624,true,218.15508346952583,0.10668802776688545,2.0,(v1*(sqrt_abs((-17.3334295624806+v1))--71.0177571201166)),-0.9715694342145603,5265.583720231746,0.08386476272266753,5265.583720231746,19.0,55.493226023235174,(v1*(sqrt_abs((-17.3+v1))--71.0))
1799.96297621727,0.3751636594849906,10.0,1.5,0.0,-0.971523915461624,true,233.8741076809406,0.10858966622616198,2.0,(v1*(75.0461798725774-sqrt_abs((9.41921110409136-v1)))),-0.9702386093588288,5512.063855298517,0.08490768803641922,5512.063855298517,19.0,57.19089805825027,(v1*(75.0-sqrt_abs((9.42-v1))))
1791.8689630031586,0.7920606194674196,11.0,0.0,24.0,-0.9724137931034482,true,259.5349669081236,0.3629729611139073,2.0,((28.6285092818531-v1)*(v1*(0.377431989310508*v1))),-0.9201220991576637,14794.069785874544,0.2464143438923261,14794.069785874544,22.0,105.65127329221521,((28.6-v1)*(v1*(0.377*v1)))
1609.4907631874084,0.3792979801114344,11.0,0.0,586.0,-0.9777530589543938,true,180.3206545132456,0.11296058710119782,2.0,((v1/0.0136567159419994)-(v1/(17.4621556084541-v1))),-0.9746003069272516,4704.240195291593,0.08203841068657074,4704.240195291593,10.0,53.992310531836885,((v1/0.0137)-(v1/(17.5-v1)))
1680.9102821350098,0.3792973912612001,11.0,0.0,365.0,-0.9777530589543938,true,180.31380095277768,0.11296011158239877,2.0,((73.2240150363838*v1)-(v1/(17.4621562999064-v1))),-0.9746007264867466,4704.162489288019,0.08203822172324919,4704.162489288019,10.0,53.992131152991526,((73.2*v1)-(v1/(17.5-v1)))
329.235808134079,0.3571653774016809,11.0,0.0,4532.0,-0.9773081201334817,true,213.89239366345214,0.09418163807048874,2.0,((71.8818847818362*v1)-(v1/(-16.1895581507085+v1))),-0.9766694820725306,4321.011277460159,0.08053429868412547,4321.011277460159,10.0,50.86788136281091,((71.9*v1)-(v1/(-16.2+v1)))
1686.399661064148,0.35705011902705536,11.0,0.0,348.0,-0.9773081201334817,true,213.79173712818852,0.09425762854140055,2.0,((v1/0.0139128947059735)-(v1/(v1-16.1890438049238))),-0.9766706455250983,4320.79579610303,0.08052313309164856,4320.79579610303,10.0,50.84986700446491,((v1/0.0139)-(v1/(v1-16.2)))
893.4470360279083,0.37929896894307563,11.0,0.0,2789.0,-0.9777530589543938,true,180.3326601211993,0.11296138555320723,2.0,((v1/0.0136567061606079)-(v1/(17.4621544009564-v1))),-0.9745995700874744,4704.3766643145555,0.0820387445361275,4704.3766643145555,10.0,53.99262875628665,((v1/0.0137)-(v1/(17.5-v1)))
329.235808134079,0.3571653774016809,11.0,0.0,4532.0,-0.9773081201334817,true,213.89239366345214,0.09418163807048874,2.0,((71.8818847818362*v1)-(v1/(-16.1895581507085+v1))),-0.9766694820725306,4321.011277460159,0.08053429868412547,4321.011277460159,10.0,50.86788136281091,((71.9*v1)-(v1/(-16.2+v1)))
1487.2785861492157,0.35721810195669174,11.0,0.0,962.0,-0.9773081201334817,true,213.9400536181097,0.09414666395248829,2.0,((v1/0.0139111696557046)-(v1/(-16.1896508719706+v1))),-0.9766688571187682,4321.127024237151,0.080533633888191,4321.127024237151,10.0,50.86845490236601,((v1/0.0139)-(v1/(-16.2+v1)))
839.8567831516266,0.37929825604706774,11.0,0.0,2954.0,-0.9777530589543938,true,180.3250657077881,0.11296080976794207,2.0,((73.2240609032359*v1)-(v1/(17.4621551723236-v1))),-0.9746000324314203,4704.291034265086,0.08203853916080212,4704.291034265086,10.0,53.992435649338255,((73.2*v1)-(v1/(17.5-v1)))
1153.117938041687,0.35716944550636076,11.0,0.0,1993.0,-0.9773081201334817,true,213.89600198160701,0.09417894861944533,2.0,((71.8821006181178*v1)-(v1/(v1-16.1895713930561))),-0.9766694356149284,4321.019881805081,0.08053449178714016,4321.019881805081,10.0,50.86825024967079,((71.9*v1)-(v1/(v1-16.2)))
329.235808134079,0.3571653774016809,11.0,0.0,4532.0,-0.9773081201334817,true,213.89239366345214,0.09418163807048874,2.0,((71.8818847818362*v1)-(v1/(-16.1895581507085+v1))),-0.9766694820725306,4321.011277460159,0.08053429868412547,4321.011277460159,10.0,50.86788136281091,((71.9*v1)-(v1/(-16.2+v1)))
1241.4528682231903,0.3792995320354488,11.0,0.0,1722.0,-0.9777530589543938,true,180.3413369336422,0.11296183998547898,2.0,((v1/0.0136567005903752)-(v1/(17.4621535413935-v1))),-0.9745990309841461,4704.476510857541,0.08203899589321285,4704.476510857541,10.0,53.99287295598179,((v1/0.0137)-(v1/(17.5-v1)))
1457.6561801433563,0.3572088076504754,11.0,0.0,1053.0,-0.9773081201334817,true,213.93163657642754,0.09415283124707506,2.0,((v1/0.0139112650612468)-(v1/(v1-16.1896358973885))),-0.9766689686182924,4321.10637357249,0.08053380647457398,4321.10637357249,10.0,50.86842737716462,((v1/0.0139)-(v1/(v1-16.2)))
1484.4674971103668,0.37929947591005303,11.0,0.0,971.0,-0.9777530589543938,true,180.34017327431798,0.11296179473089243,2.0,((73.224125602342*v1)-(v1/(17.4621536549942-v1))),-0.9745991041214694,4704.46296520033,0.08203896089444963,4704.46296520033,10.0,53.99283838801537,((73.2*v1)-(v1/(17.5-v1)))
1518.445986032486,0.3781619871312962,11.0,0.0,866.0,-0.9781979977753059,true,285.05232526248165,0.11105503923804767,2.0,((v1*73.1674160946201)-(v1/(16.9186514468891-v1))),-0.9638802317609051,6689.689718230156,0.0870096129699824,6689.689718230156,10.0,59.528143277484624,((v1*73.2)-(v1/(16.9-v1)))
380.11782002449036,0.35716725354956236,11.0,0.0,4373.0,-0.9773081201334817,true,213.8940912633832,0.09418039333437853,2.0,((71.8819842989732*v1)-(v1/(v1-16.1895613029808))),-0.9766694600674162,4321.015352995381,0.08053426925054312,4321.015352995381,10.0,50.86789409597113,((71.9*v1)-(v1/(v1-16.2)))
1779.9111142158508,0.3792960355007393,11.0,0.0,61.0,-0.9777530589543938,true,180.2954771882646,0.11295901709777527,2.0,((v1/0.0136567351780454)-(v1/(17.4621581298193-v1))),-0.9746018575610561,4703.95300466096,0.08203770197810835,4703.95300466096,10.0,53.99163106855705,((v1/0.0137)-(v1/(17.5-v1)))
848.8281581401825,0.37929602423085973,11.0,0.0,2927.0,-0.9777530589543938,true,180.29492858287426,0.11295900805320364,2.0,((73.2239425306582*v1)-(v1/(17.4621581820764-v1))),-0.9746018926870954,4703.946499018324,0.08203768446824448,4703.946499018324,10.0,53.99161334731374,((73.2*v1)-(v1/(17.5-v1)))
380.11782002449036,0.35716725354956236,11.0,0.0,4373.0,-0.9773081201334817,true,213.8940912633832,0.09418039333437853,2.0,((71.8819842989732*v1)-(v1/(v1-16.1895613029808))),-0.9766694600674162,4321.015352995381,0.08053426925054312,4321.015352995381,10.0,50.86789409597113,((71.9*v1)-(v1/(v1-16.2)))
329.235808134079,0.3571653774016809,11.0,0.0,4532.0,-0.9773081201334817,true,213.89239366345214,0.09418163807048874,2.0,((71.8818847818362*v1)-(v1/(-16.1895581507085+v1))),-0.9766694820725306,4321.011277460159,0.08053429868412547,4321.011277460159,10.0,50.86788136281091,((71.9*v1)-(v1/(-16.2+v1)))
1798.7405931949615,0.3807071339390559,12.0,3.0,3.0,-0.9799777530589544,true,147.75532436925778,0.10477851058180099,2.0,((v1/0.0136565091664289)-(v1/pow2((17.7102539001533-v1)))),-0.98061387378114,3590.4762285337915,0.07701027586290908,3590.4762285337915,20.0,48.664709643544576,((v1/0.0137)-(v1/pow2((17.7-v1))))
1339.0869262218475,0.3777284816266758,12.0,4.0,1420.0,-0.9799777530589544,true,147.23994527427408,0.10322227143891563,2.0,((v1/0.0136870904113741)-(v1/pow3((17.8441025598324-v1)))),-0.9807295765286566,3569.0470910235754,0.07653652720181887,3569.0470910235754,20.0,48.192752505814674,((v1/0.0137)-(v1/pow3((17.8-v1))))
1025.2899630069733,0.34961680678613155,12.0,2.5,2384.0,-0.982202447163515,true,165.69753052647775,0.1576426340832834,2.0,(v1*((v1*sqrt_abs((18.3864788447843-v1)))--47.6562028858238)),-0.9703179242670246,5497.374056561507,0.11108368639398251,5497.374056561507,37.0,58.61977014405799,(v1*((v1*sqrt_abs((18.4-v1)))--47.7))
1017.8369550704956,0.3496229288984742,12.0,2.5,2407.0,-0.982202447163515,true,165.73267195758945,0.1576416274330516,2.0,(v1*((v1*sqrt_abs((v1-18.3866096920868)))--47.6556605490388)),-0.9703153953552387,5497.842432633595,0.11108624763159422,5497.842432633595,37.0,58.62157733871663,(v1*((v1*sqrt_abs((v1-18.4)))--47.7))
665.3605551719666,0.37775713045561277,12.0,4.0,3497.0,-0.9799777530589544,true,147.21601817362716,0.10323482310779611,2.0,((73.063066306296*v1)-(v1/pow3((17.8440010125475-v1)))),-0.9807316984321897,3568.654096357753,0.07652955229553686,3568.654096357753,20.0,48.18619237137064,((73.1*v1)-(v1/pow3((17.8-v1))))
1126.5634551048279,0.3777571596537443,12.0,4.0,2074.0,-0.9799777530589544,true,147.21599404209724,0.10323483590519027,2.0,((73.0630678546924*v1)-(v1/pow3((17.8440008591774-v1)))),-0.9807317010855686,3568.653604929312,0.07652954295977703,3568.653604929312,20.0,48.186183486919916,((73.1*v1)-(v1/pow3((17.8-v1))))
1060.6212770938873,0.34961953953838454,12.0,2.5,2276.0,-0.982202447163515,true,165.71330237338384,0.15764220796932854,2.0,(v1*(47.6559607066312+(v1*sqrt_abs((18.3865376978813-v1))))),-0.9703167883050464,5497.584446426563,0.11108483203561019,5497.584446426563,37.0,58.62057931524863,(v1*(47.7+(v1*sqrt_abs((18.4-v1)))))
1017.8369550704956,0.3496229288984742,12.0,2.5,2407.0,-0.982202447163515,true,165.73267195758945,0.1576416274330516,2.0,(v1*((v1*sqrt_abs((v1-18.3866096920868)))--47.6556605490388)),-0.9703153953552387,5497.842432633595,0.11108624763159422,5497.842432633595,37.0,58.62157733871663,(v1*((v1*sqrt_abs((v1-18.4)))--47.7))
1156.382344007492,0.3777578198371473,12.0,4.0,1983.0,-0.9799777530589544,true,147.2154389936884,0.103235125072614,2.0,((v1/0.0136867989558984)-(v1/pow3((17.8439992397375-v1)))),-0.980731742713629,3568.645895056813,0.07652941432019965,3568.645895056813,20.0,48.186063992297704,((v1/0.0137)-(v1/pow3((17.8-v1))))
294.96302318573,0.3496235045124575,12.0,2.5,4640.0,-0.982202447163515,true,165.73510732044042,0.15764129779638336,2.0,(v1*((v1*sqrt_abs((18.3866174773431-v1)))--47.6556105099009)),-0.9703152313729331,5497.872803557809,0.1110864644020103,5497.872803557809,37.0,58.6217220168347,(v1*((v1*sqrt_abs((18.4-v1)))--47.7))
1442.9876232147217,0.3701666626855652,12.0,0.0,1098.0,-0.9790878754171302,true,193.1913008823219,0.10501205361483905,3.0,((v1/0.0138966108361911)-(-39.3207580184138/(16.335597484299-v1))),-0.9795818591907706,3781.614149147173,0.075220636925412,3781.614149147173,7.0,45.370242379781715,((v1/0.0139)-(-39.3/(16.3-v1)))
1700.317556142807,0.3496964613829396,12.0,2.5,306.0,-0.982202447163515,true,166.13677277035845,0.15762463411333144,2.0,(v1*((v1*sqrt_abs((v1-18.3880872115461)))--47.6491664060835)),-0.9702864583725281,5503.201809095633,0.11111651186287232,5503.201809095633,37.0,58.64276177657077,(v1*((v1*sqrt_abs((v1-18.4)))--47.6))
1750.2881700992584,0.37008671938328286,12.0,0.0,152.0,-0.9790878754171302,true,193.22295849325178,0.1049654513521352,3.0,((71.9569378188373*v1)-(-39.2519463291008/(16.3349505290505-v1))),-0.9795767680117812,3782.5570789996927,0.07523954664094352,3782.5570789996927,7.0,45.38923494948026,((72.0*v1)-(-39.3/(16.3-v1)))
807.2971301078796,0.37775713913296444,12.0,4.0,3055.0,-0.9799777530589544,true,147.2160111677365,0.10323482691433562,2.0,((73.0630667664652*v1)-(v1/pow3((17.8440009344614-v1)))),-0.980731699543719,3568.6538904930276,0.07652954807107663,3568.6538904930276,20.0,48.18618829966498,((73.1*v1)-(v1/pow3((17.8-v1))))
1677.166151046753,1.0000000000006433,12.0,0.0,377.0,-0.9833232962875239,true,1464.2887943465535,1.0000000000002682,2.0,pow3(((v1/v1)/((v1/1.90474697957087)-2213.8452863433))),3.297289933196696,795894.8156052807,1.0000000000002018,795894.8156052807,2.097152e6,781.4641838819425,pow3(((v1/v1)/((v1/1.9)-2210.0)))
701.0282201766968,0.37775781974168177,12.0,4.0,3386.0,-0.9799777530589544,true,147.2154390724986,0.10323512503077018,2.0,((v1/0.0136867989568468)-(v1/pow3((17.8439992402566-v1)))),-0.9807317427047795,3568.645896695817,0.07652941435150895,3568.645896695817,20.0,48.18606402212132,((v1/0.0137)-(v1/pow3((17.8-v1))))
1060.6212770938873,0.34961953953838454,12.0,2.5,2276.0,-0.982202447163515,true,165.71330237338384,0.15764220796932854,2.0,(v1*(47.6559607066312+(v1*sqrt_abs((18.3865376978813-v1))))),-0.9703167883050464,5497.584446426563,0.11108483203561019,5497.584446426563,37.0,58.62057931524863,(v1*(47.7+(v1*sqrt_abs((18.4-v1)))))
1205.1333529949188,0.34961902462237,12.0,2.5,1834.0,-0.982202447163515,true,165.710327998685,0.15764228756996804,2.0,(v1*((v1*sqrt_abs((-18.386526595258+v1)))--47.6560063417954)),-0.9703170025863336,5497.544759701167,0.11108461609808233,5497.544759701167,37.0,58.620426772869635,(v1*((v1*sqrt_abs((-18.4+v1)))--47.7))
1364.7323620319366,0.3777577187332414,12.0,4.0,1341.0,-0.9799777530589544,true,147.2155233644769,0.10323508077542808,2.0,((v1/0.013686799960277)-(v1/pow3((17.8439996117494-v1)))),-0.9807317351067404,3568.6473039175744,0.07652943955216593,3568.6473039175744,20.0,48.18608775268726,((v1/0.0137)-(v1/pow3((17.8-v1))))
1677.166151046753,1.0000000000006433,12.0,0.0,377.0,-0.9833232962875239,true,1464.2887943465535,1.0000000000002682,2.0,pow3(((v1/v1)/((v1/1.90474697957087)-2213.8452863433))),3.297289933196696,795894.8156052807,1.0000000000002018,795894.8156052807,2.097152e6,781.4641838819425,pow3(((v1/v1)/((v1/1.9)-2210.0)))
998.937970161438,0.3496268441034671,12.0,2.5,2466.0,-0.982202447163515,true,165.75485754827423,0.15764090547446657,2.0,(v1*((v1*sqrt_abs((-18.3866918695182+v1)))--47.6553140312893)),-0.9703138018982422,5498.13755448529,0.11108787761218865,5498.13755448529,37.0,58.62272471106372,(v1*((v1*sqrt_abs((-18.4+v1)))--47.7))
707.1734721660614,0.377757115188575,12.0,4.0,3367.0,-0.9799777530589544,true,147.2160311440075,0.10323481642335053,2.0,((73.0630654966822*v1)-(v1/pow3((17.8440010235895-v1)))),-0.9807316977318692,3568.6542260630863,0.07652955409239663,3568.6542260630863,20.0,48.186193971884876,((73.1*v1)-(v1/pow3((17.8-v1))))
1794.053388118744,0.3699787976754571,12.0,0.0,18.0,-0.9790878754171302,true,193.27125950924687,0.10490190973266549,3.0,((71.9528790371377*v1)-(39.1553528682569/(v1-16.3340405646794))),-0.9795694965291465,3783.9038197178397,0.07526563487420644,3783.9038197178397,7.0,45.41541694280404,((72.0*v1)-(39.2/(v1-16.3)))
1137.578033208847,0.34961796345240664,12.0,2.5,2041.0,-0.982202447163515,true,165.70423320390455,0.15764246106375956,2.0,(v1*((v1*sqrt_abs((18.3865038959795-v1)))--47.6561003511869)),-0.970317441189091,5497.46352672267,0.11108417204865069,5497.46352672267,37.0,58.62011342071423,(v1*((v1*sqrt_abs((18.4-v1)))--47.7))
1164.8258810043335,0.37784165535750136,13.0,0.0,1957.0,-0.9804226918798665,true,146.96114306235268,0.10326292229055224,3.0,((73.068442265386*v1)-(-14.2944966247831/pow3((-17.8091558447756+v1)))),-0.980779803192654,3559.7446836686645,0.07603850371556015,3559.7446836686645,12.0,47.68062420821126,((73.1*v1)-(-14.3/pow3((-17.8+v1))))
398.66501116752625,0.38162867572448034,13.0,0.0,4319.0,-0.9728587319243605,true,140.700048219961,0.10815034844492141,3.0,(v1*pow2(((0.244712539528944/(16.7723796835424-v1))--8.53902083147826))),-0.9808016127852337,3555.705360761792,0.07582997117368938,3555.705360761792,65.0,46.564848796695436,(v1*pow2(((0.245/(16.8-v1))--8.54)))
1479.0280179977417,0.38201509243442683,13.0,2.5,987.0,-0.9799777530589544,true,148.89397415961776,0.10563348078280162,2.0,((v1/0.0136406030685949)-(v1/pow3(sqrt_abs((17.6034826510919-v1))))),-0.9807915361470106,3557.57164026472,0.07650305343110612,3557.57164026472,516.0,48.13162225827316,((v1/0.0136)-(v1/pow3(sqrt_abs((17.6-v1)))))
497.7574701309204,0.3777598523564635,13.0,0.0,4013.0,-0.9804226918798665,true,147.01705046578422,0.10322656979305216,3.0,((v1+(-0.194359560973085/pow3((17.8082486007134-v1))))/0.0136866129859834),-0.9807759846493792,3560.451910512294,0.07603886698112312,3560.451910512294,12.0,47.67914229467991,((v1+(-0.194/pow3((17.8-v1))))/0.0137)
1595.29754114151,0.3816125896632489,13.0,0.0,630.0,-0.9728587319243605,true,140.7073870083068,0.10813951737627635,3.0,(v1*pow2((-8.53895463620582-(0.244906269279901/(16.7723679819958-v1))))),-0.9808016461080364,3555.699189093992,0.07583037565770473,3555.699189093992,65.0,46.56606958925057,(v1*pow2((-8.54-(0.245/(16.8-v1)))))
1790.556802034378,0.37769614463460194,13.0,0.0,28.0,-0.9804226918798665,true,147.05162692115732,0.10319788591697984,3.0,((v1+(0.192426510423119/pow3((-17.8066026997391+v1))))/0.0136872483014747),-0.9807731457943484,3560.9776907217733,0.07602007321942912,3560.9776907217733,12.0,47.658411795392915,((v1+(0.192/pow3((-17.8+v1))))/0.0137)
1037.3970181941986,0.3820226365734721,13.0,2.5,2347.0,-0.9799777530589544,true,148.88779540120254,0.10563679367140247,2.0,((73.3109418404493*v1)-(v1/pow3(sqrt_abs((17.6034523422599-v1))))),-0.9807923890087513,3557.4136829827235,0.0765011674706538,3557.4136829827235,516.0,48.12953866021093,((73.3*v1)-(v1/pow3(sqrt_abs((17.6-v1)))))
1409.538283109665,0.37775657441805993,13.0,0.0,1201.0,-0.9804226918798665,true,147.0200460989588,0.10322514467927016,3.0,((v1/0.0136866455134518)-(14.2028137502345/pow3((17.8082923542204-v1)))),-0.9807758072006867,3560.484775526422,0.07604052618811773,3560.484775526422,12.0,47.68076885274196,((v1/0.0137)-(14.2/pow3((17.8-v1))))
1750.814532995224,0.3816371495054506,13.0,0.0,150.0,-0.9768631813125696,true,140.60212921386687,0.10814640406521565,3.0,(v1*pow2(((-0.24370108657956/(v1-16.7724404333384))--8.53913252415204))),-0.9808014363509844,3555.7380378923976,0.07583405989301227,3555.7380378923976,65.0,46.56823475244324,(v1*pow2(((-0.244/(v1-16.8))--8.54)))
1458.305055141449,0.38162731158641044,13.0,0.0,1051.0,-0.9728587319243605,true,140.71727515629732,0.10815113355908487,3.0,(v1*pow2((-8.53900165622595-(-0.244889506609029/(v1-16.7723690549083))))),-0.980801609314605,3555.7060035518803,0.07582924566486539,3555.7060035518803,65.0,46.56424037918497,(v1*pow2((-8.54-(-0.245/(v1-16.8)))))
1134.4778640270233,0.38160562930518377,13.0,0.0,2050.0,-0.9728587319243605,true,140.60359189484097,0.10812385561937035,3.0,(v1*pow2(((0.243955814580184/(16.7724249455989-v1))--8.53901336592044))),-0.980801582039445,3555.711055144578,0.0758359642558242,3555.711055144578,65.0,46.57176371643511,(v1*pow2(((0.244/(16.8-v1))--8.54)))
1431.8565092086792,0.38201508718130084,13.0,2.5,1132.0,-0.9799777530589544,true,148.89397849635452,0.10563347847735137,2.0,((v1/0.0136406031204364)-(v1/pow3(sqrt_abs((-17.6034826681665+v1))))),-0.980791535628325,3557.57173632975,0.07650305453056776,3557.57173632975,516.0,48.13162349585335,((v1/0.0136)-(v1/pow3(sqrt_abs((-17.6+v1)))))
497.7574701309204,0.3777598523564635,13.0,0.0,4013.0,-0.9804226918798665,true,147.01705046578422,0.10322656979305216,3.0,((v1+(-0.194359560973085/pow3((17.8082486007134-v1))))/0.0136866129859834),-0.9807759846493792,3560.451910512294,0.07603886698112312,3560.451910512294,12.0,47.67914229467991,((v1+(-0.194/pow3((17.8-v1))))/0.0137)
1746.6070861816406,0.3776982121405405,13.0,0.0,163.0,-0.9804226918798665,true,147.03775301436758,0.10319827808631449,3.0,((73.0608051581976*v1)-(13.9624152781448/pow3((17.8051937525953-v1)))),-0.9807732983448059,3560.9494370735206,0.07598797076280658,3560.9494370735206,12.0,47.625672893443486,((73.1*v1)-(14.0/pow3((17.8-v1))))
1775.7795190811157,0.38201371324045635,13.0,2.5,73.0,-0.9799777530589544,true,148.8951137961251,0.10563287553477843,2.0,((v1/0.0136406166793806)-(v1/pow3(sqrt_abs((17.603487012184-v1))))),-0.980791402239048,3557.5964411636405,0.07650333563125417,3557.5964411636405,516.0,48.13194073617676,((v1/0.0136)-(v1/pow3(sqrt_abs((17.6-v1)))))
1037.3970181941986,0.3820226365734721,13.0,2.5,2347.0,-0.9799777530589544,true,148.88779540120254,0.10563679367140247,2.0,((73.3109418404493*v1)-(v1/pow3(sqrt_abs((17.6034523422599-v1))))),-0.9807923890087513,3557.4136829827235,0.0765011674706538,3557.4136829827235,516.0,48.12953866021093,((73.3*v1)-(v1/pow3(sqrt_abs((17.6-v1)))))
1748.876091003418,0.3815978103273282,13.0,0.0,156.0,-0.9728587319243605,true,140.69158636528323,0.1081272532160934,3.0,(v1*pow2((-8.53891223064582-(0.244866298568424/(16.7723702573513-v1))))),-0.9808016766158172,3555.6935387923104,0.07583230734083966,3555.6935387923104,65.0,46.56874893918264,(v1*pow2((-8.54-(0.245/(16.8-v1)))))
461.12455201148987,0.3820153302729274,13.0,2.5,4126.0,-0.9799777530589544,true,148.89377787680337,0.10563358516609103,2.0,((73.3105543092652*v1)-(v1/sqrt_abs(pow3((-17.6034818703345+v1))))),-0.980791559774621,3557.5672642294,0.07650300324440118,3557.5672642294,516.0,48.13156581912344,((73.3*v1)-(v1/sqrt_abs(pow3((-17.6+v1)))))
1748.876091003418,0.3815978103273282,13.0,0.0,156.0,-0.9728587319243605,true,140.69158636528323,0.1081272532160934,3.0,(v1*pow2((-8.53891223064582-(0.244866298568424/(16.7723702573513-v1))))),-0.9808016766158172,3555.6935387923104,0.07583230734083966,3555.6935387923104,65.0,46.56874893918264,(v1*pow2((-8.54-(0.245/(16.8-v1)))))
1774.927980184555,0.38201370660817724,13.0,2.5,76.0,-0.9799777530589544,true,148.8951191856977,0.10563287262062057,2.0,((v1/0.0136406167448375)-(v1/pow3(sqrt_abs((v1-17.6034870438006))))),-0.9807914013956562,3557.5965973670104,0.07650333755221722,3557.5965973670104,516.0,48.131942830263334,((v1/0.0136)-(v1/pow3(sqrt_abs((v1-17.6)))))
947.8641531467438,0.37775563114348787,13.0,0.0,2623.0,-0.9804226918798665,true,147.01862857210472,0.10322464022534197,3.0,((v1/0.0136866551690827)-(14.1860577532985/pow3((17.80807611771-v1)))),-0.9807758102982549,3560.4842018303266,0.07603658163427379,3560.4842018303266,12.0,47.67668843984149,((v1/0.0137)-(14.2/pow3((17.8-v1))))
1431.6177220344543,0.3777536948716724,13.0,0.0,1133.0,-0.9804226918798665,true,147.01694725794755,0.10322365547420574,3.0,((73.0637654775432*v1)-(-14.160985350528/pow3((-17.8077534570138+v1)))),-0.9807757798149086,3560.4898476065346,0.07603077168922964,3560.4898476065346,12.0,47.67066765459675,((73.1*v1)-(-14.2/pow3((-17.8+v1))))
398.66501116752625,0.38162867572448034,13.0,0.0,4319.0,-0.9728587319243605,true,140.700048219961,0.10815034844492141,3.0,(v1*pow2(((0.244712539528944/(16.7723796835424-v1))--8.53902083147826))),-0.9808016127852337,3555.705360761792,0.07582997117368938,3555.705360761792,65.0,46.564848796695436,(v1*pow2(((0.245/(16.8-v1))--8.54)))
516.1264181137085,0.3820151623008834,13.0,2.5,3957.0,-0.9799777530589544,true,148.89391650517928,0.10563351144619779,2.0,((73.3105454002482*v1)-(v1/sqrt_abs(pow3((17.6034824211776-v1))))),-0.9807915430983534,3557.5703528166455,0.07650303865872739,3557.5703528166455,516.0,48.131605649272835,((73.3*v1)-(v1/sqrt_abs(pow3((17.6-v1)))))
1063.2726600170135,0.3777558006601012,13.0,0.0,2268.0,-0.9804226918798665,true,147.01890445715412,0.10322473175319974,3.0,((v1/0.0136866534311404)-(-14.1892287670447/pow3((-17.8081170811421+v1)))),-0.9807758096859982,3560.4843152255075,0.07603733108340359,3560.4843152255075,12.0,47.6774634945368,((v1/0.0137)-(-14.2/pow3((-17.8+v1))))
1326.5933260917664,0.3816263473342489,13.0,0.0,1459.0,-0.9728587319243605,true,140.72942844304453,0.10815168608461526,3.0,(v1*pow2((-8.53898812156822-(-0.245014365886966/(v1-16.7723615558281))))),-0.9808016007790458,3555.7075844104006,0.0758287338224152,3555.7075844104006,65.0,46.56381118052495,(v1*pow2((-8.54-(-0.245/(v1-16.8)))))
1310.4131770133972,0.38167348343854834,13.0,0.0,1509.0,-0.9777530589543938,true,140.09131158161063,0.10812015378079949,3.0,(v1*pow2(((-0.238482888360734/(v1-16.7727537901847))--8.5396858733034))),-0.9807952853312681,3556.877259303776,0.07585566298885117,3556.877259303776,65.0,46.58651286697708,(v1*pow2(((-0.238/(v1-16.8))--8.54)))
1394.7726511955261,0.3777553961802258,13.0,0.0,1247.0,-0.9804226918798665,true,147.0196586300708,0.10322457166146674,3.0,((73.0638585500525*v1)-(14.1923599218594/pow3((17.808158784115-v1)))),-0.98077578164065,3560.4895094636186,0.07603818616156323,3560.4895094636186,12.0,47.67833616310541,((73.1*v1)-(14.2/pow3((17.8-v1))))
1668.5525121688843,0.3816201373364444,13.0,0.0,404.0,-0.9728587319243605,true,140.6631017131067,0.10814040900295377,3.0,(v1*pow2((-8.53901905402014-(0.244420483590933/(16.7723971378071-v1))))),-0.9808016189065144,3555.704227048311,0.07583240491258775,3555.704227048311,65.0,46.56763944242357,(v1*pow2((-8.54-(0.244/(16.8-v1)))))
1310.4131770133972,0.38167348343854834,13.0,0.0,1509.0,-0.9777530589543938,true,140.09131158161063,0.10812015378079949,3.0,(v1*pow2(((-0.238482888360734/(v1-16.7727537901847))--8.5396858733034))),-0.9807952853312681,3556.877259303776,0.07585566298885117,3556.877259303776,65.0,46.58651286697708,(v1*pow2(((-0.238/(v1-16.8))--8.54)))
788.0951461791992,0.38201673921243945,13.0,2.5,3115.0,-0.9799777530589544,true,148.89278157665308,0.1056342101978021,2.0,((73.3106290887216*v1)-(v1/sqrt_abs(pow3((17.6034577132754-v1))))),-0.980792065269525,3557.473642253764,0.07650167085869539,3557.473642253764,516.0,48.13019882861225,((73.3*v1)-(v1/sqrt_abs(pow3((17.6-v1)))))
1479.0280179977417,0.38201509243442683,13.0,2.5,987.0,-0.9799777530589544,true,148.89397415961776,0.10563348078280162,2.0,((v1/0.0136406030685949)-(v1/pow3(sqrt_abs((17.6034826510919-v1))))),-0.9807915361470106,3557.57164026472,0.07650305343110612,3557.57164026472,516.0,48.13162225827316,((v1/0.0136)-(v1/pow3(sqrt_abs((17.6-v1)))))
398.66501116752625,0.38162867572448034,13.0,0.0,4319.0,-0.9728587319243605,true,140.700048219961,0.10815034844492141,3.0,(v1*pow2(((0.244712539528944/(16.7723796835424-v1))--8.53902083147826))),-0.9808016127852337,3555.705360761792,0.07582997117368938,3555.705360761792,65.0,46.564848796695436,(v1*pow2(((0.245/(16.8-v1))--8.54)))
1063.2726600170135,0.3777558006601012,13.0,0.0,2268.0,-0.9804226918798665,true,147.01890445715412,0.10322473175319974,3.0,((v1/0.0136866534311404)-(-14.1892287670447/pow3((-17.8081170811421+v1)))),-0.9807758096859982,3560.4843152255075,0.07603733108340359,3560.4843152255075,12.0,47.6774634945368,((v1/0.0137)-(-14.2/pow3((-17.8+v1))))
1799.7962701320648,0.4032663552485513,14.0,1.5,0.0,-0.971523915461624,true,235.55738995279557,0.09984940089691406,2.0,(v1*(76.3391827340045-sqrt_abs(((v1/(v1/v1))-1.21901395351034)))),-0.9698035710351716,5592.636670205344,0.08566865189195744,5592.636670205344,8195.0,57.341997626721586,(v1*(76.3-sqrt_abs(((v1/(v1/v1))-1.22))))
1799.6649980545044,0.3723321676263975,14.0,0.0,1.0,-0.9790878754171302,true,193.08819751385113,0.10896965777634768,3.0,((71.8765168230288*v1)-((55.3674036147774-v1)/(-16.3329431594516+v1))),-0.9795892807868797,3780.239606130848,0.07528793197631156,3780.239606130848,13.0,45.399909825799924,((71.9*v1)-((55.4-v1)/(-16.3+v1)))
1437.9992990493774,0.38312430677233544,15.0,0.0,1113.0,-0.9830923248053393,true,129.3422908524808,0.09678771424862496,3.0,(v1*(76.7002901856805-sqrt_abs(((v1/(-17.4729081944899+v1))--11.6349994260319)))),-0.9831646282394337,3118.0547068777337,0.07337326051805955,3118.0547068777337,515.0,44.23323102378959,(v1*(76.7-sqrt_abs(((v1/(-17.5+v1))--11.6))))
1797.423683166504,0.3762883768062035,15.0,0.0,7.0,-0.9830923248053393,true,124.00551229277016,0.09130079864084968,3.0,(v1*(76.3404444646363-sqrt_abs((-11.6529404931731-(v1/(v1-17.470779504248)))))),-0.983001919514407,3148.189753084907,0.07476503208253481,3148.189753084907,515.0,45.85098032750996,(v1*(76.3-sqrt_abs((-11.7-(v1/(v1-17.5))))))
1547.8494470119476,0.38269486502246597,15.0,0.0,776.0,-0.9830923248053393,true,129.0068188359653,0.09643278426530591,3.0,(v1*(76.6781248191308-sqrt_abs((-11.6390921379561-(v1/(-17.4724217204503+v1)))))),-0.9831608915561422,3118.7467725529664,0.07348929221506115,3118.7467725529664,515.0,44.372531577339366,(v1*(76.7-sqrt_abs((-11.6-(v1/(-17.5+v1))))))
1799.7114260196686,0.3962196069806225,15.0,0.0,0.0,-0.9728587319243605,true,239.06011382134602,0.08532854868278197,4.0,((v1*(71.864601173542+(0.0887727399630549/(-14.7303448775411+v1))))--10.7559369266423),-0.973728911358615,4865.63010060417,0.07937812979284874,4865.63010060417,12.0,50.244600710260656,((v1*(71.9+(0.0888/(-14.7+v1))))--10.8)
1277.8361229896545,0.38346283023064137,15.0,0.0,1609.0,-0.9830923248053393,true,129.6072918455318,0.09709449536735046,3.0,(v1*(76.7165980517754-sqrt_abs(((v1/(-17.4742248968734+v1))--11.6239356863799)))),-0.9831649276164763,3117.9992596912925,0.07320015909728905,3117.9992596912925,515.0,44.03905422845693,(v1*(76.7-sqrt_abs(((v1/(-17.5+v1))--11.6))))
1261.1537930965424,0.3841794126680763,15.0,0.0,1661.0,-0.9830923248053393,true,130.1659432637996,0.09763267554143447,3.0,(v1*(76.7559220983324-sqrt_abs((-11.6328423524482-(v1/(v1-17.4731681201854)))))),-0.9831636615390732,3118.2337480448628,0.07319290996113861,3118.2337480448628,515.0,43.99956023987434,(v1*(76.8-sqrt_abs((-11.6-(v1/(v1-17.5))))))
1108.946130990982,0.38348758579891923,15.0,0.0,2128.0,-0.9830923248053393,true,129.62660141298466,0.09711347246437384,3.0,(v1*(76.7179392498215-sqrt_abs((-11.6241268164032-(v1/(-17.4742019332574+v1)))))),-0.9831651970794302,3117.949352849689,0.07319571403520718,3117.949352849689,515.0,44.03331592999459,(v1*(76.7-sqrt_abs((-11.6-(v1/(-17.5+v1))))))
1108.946130990982,0.38348758579891923,15.0,0.0,2128.0,-0.9830923248053393,true,129.62660141298466,0.09711347246437384,3.0,(v1*(76.7179392498215-sqrt_abs((-11.6241268164032-(v1/(-17.4742019332574+v1)))))),-0.9831651970794302,3117.949352849689,0.07319571403520718,3117.949352849689,515.0,44.03331592999459,(v1*(76.7-sqrt_abs((-11.6-(v1/(-17.5+v1))))))
1799.2620861530304,0.3832423742779545,15.0,0.0,2.0,-0.9790878754171302,true,192.2484190052378,0.08983411055606408,4.0,(((v1/0.0139816113334534)-(-38.4627764299384/(16.3278138925599-v1)))--5.63692960768247),-0.9796485051771547,3769.2707429845254,0.0757228036968998,3769.2707429845254,8.0,45.41025998702525,(((v1/0.014)-(-38.5/(16.3-v1)))--5.64)
1725.7901520729065,0.3793448694025003,15.0,0.0,227.0,-0.9830923248053393,true,126.39161485090176,0.09375036286419951,3.0,(v1*(76.5015055025736-sqrt_abs(((v1/(-17.4715993453981+v1))--11.6460361526906)))),-0.9831050629589916,3129.0867057958703,0.07407813817557043,3129.0867057958703,515.0,45.12744130434039,(v1*(76.5-sqrt_abs(((v1/(-17.5+v1))--11.6))))
1261.1537930965424,0.3841794126680763,15.0,0.0,1661.0,-0.9830923248053393,true,130.1659432637996,0.09763267554143447,3.0,(v1*(76.7559220983324-sqrt_abs((-11.6328423524482-(v1/(v1-17.4731681201854)))))),-0.9831636615390732,3118.2337480448628,0.07319290996113861,3118.2337480448628,515.0,43.99956023987434,(v1*(76.8-sqrt_abs((-11.6-(v1/(v1-17.5))))))
1798.3539321422577,0.3861219584478241,15.0,0.0,5.0,-0.9830923248053393,true,131.68411795213092,0.099214488148372,3.0,(v1*(76.8567825949581-sqrt_abs(((v1/(v1-17.4747181089267))--11.618362303517)))),-0.9831294418725899,3124.5715226817283,0.07303241150541097,3124.5715226817283,515.0,43.74698772484715,(v1*(76.9-sqrt_abs(((v1/(v1-17.5))--11.6))))
1108.946130990982,0.38348758579891923,15.0,0.0,2128.0,-0.9830923248053393,true,129.62660141298466,0.09711347246437384,3.0,(v1*(76.7179392498215-sqrt_abs((-11.6241268164032-(v1/(-17.4742019332574+v1)))))),-0.9831651970794302,3117.949352849689,0.07319571403520718,3117.949352849689,515.0,44.03331592999459,(v1*(76.7-sqrt_abs((-11.6-(v1/(-17.5+v1))))))
1762.6091711521149,1.0000000000006337,15.0,0.0,114.0,-0.9848725485959217,true,1464.2887943465498,1.0000000000002633,3.0,pow3(((v1/v1)/(((-17.0496470529853-v1)/1.90474697957087)-2213.8452863433))),3.297289933196671,795894.815605276,1.0000000000001976,795894.815605276,6.7108864e7,781.4641838819399,pow3(((v1/v1)/(((-17.0-v1)/1.9)-2210.0)))
1065.8678171634674,0.38292284672951626,15.0,0.0,2260.0,-0.9830923248053393,true,129.18537524295516,0.0966429171331734,3.0,(v1*(76.6889509048128-sqrt_abs((11.6305854336575-(v1/(17.4734307037353-v1)))))),-0.9831633375666003,3118.293750515156,0.0733472397245671,3118.293750515156,515.0,44.21588310159114,(v1*(76.7-sqrt_abs((11.6-(v1/(17.5-v1))))))
1799.9261620044708,0.35704368104642814,15.0,1.5,0.0,-0.971523915461624,true,226.25251147874633,0.11135735592076451,3.0,(v1*(77.8857220783082-sqrt_abs((((-4.78696425845758*v1)-v1)--63.5373092943638)))),-0.9708854754593803,5392.258726060533,0.08492539799355846,5392.258726060533,131.0,56.21412415229913,(v1*(77.9-sqrt_abs((((-4.79*v1)-v1)--63.5))))
1782.2703549861908,0.36319824225781727,16.0,3.0,53.0,-0.9848720800889877,true,110.72642209605533,0.09300762945290157,3.0,((72.2834638322229*v1)-((v1/(17.4817441651855-v1))/(-16.1643022722684+v1))),-0.9853542960800864,2712.509512263257,0.07259004961517959,2712.509512263257,25.0,42.67123764262832,((72.3*v1)-((v1/(17.5-v1))/(-16.2+v1)))
1669.2958500385284,0.3632358349345424,16.0,3.0,401.0,-0.9848720800889877,true,110.697068346891,0.09298270454755811,3.0,((v1/0.0138340412635713)-((v1/(17.4816808270945-v1))/(-16.1643483680947+v1))),-0.9853565829413315,2712.0859660196193,0.07257938109000378,2712.0859660196193,25.0,42.660812833929334,((v1/0.0138)-((v1/(17.5-v1))/(-16.2+v1)))
1307.644124031067,0.3632356352195671,16.0,3.0,1517.0,-0.9848720800889877,true,110.69722488543425,0.09298283734123894,3.0,((72.2854467783534*v1)-((v1/(17.4816811681414-v1))/(v1-16.164348344806))),-0.985356570786716,2712.0882171582716,0.07257944887157736,2712.0882171582716,25.0,42.66088310396376,((72.3*v1)-((v1/(17.5-v1))/(v1-16.2)))
1798.1404130458832,0.3811081559787824,16.0,0.0,5.0,-0.9777530589543938,true,140.01838222500146,0.1071436459872158,4.0,((v1*pow2((-8.54050786242679-(0.237925744408664/(16.7727886655043-v1)))))-0.212776856413533),-0.9807920713759354,3557.472511294387,0.07584287108725449,3557.472511294387,66.0,46.59556114210424,((v1*pow2((-8.54-(0.238/(16.8-v1)))))-0.213)
1799.7229120731354,0.3631877739133633,16.0,3.0,0.0,-0.9844271412680756,true,110.73457943097446,0.09301455959071481,3.0,((72.2829086923755*v1)-((v1/(-17.4817603591258+v1))/(16.1642838716411-v1))),-0.985353663917143,2712.6265942421505,0.07259257521490685,2712.6265942421505,25.0,42.673596323726784,((72.3*v1)-((v1/(-17.5+v1))/(16.2-v1)))
1799.1998472213745,0.36318889501377566,16.0,3.0,2.0,-0.9844271412680756,true,110.73370836321533,0.09301381902538108,3.0,((72.2829681454186*v1)-((v1/(v1-17.4817590735535))/(16.1642865667064-v1))),-0.9853537291190828,2712.6145182857613,0.07259239443536264,2712.6145182857613,25.0,42.673447032717604,((72.3*v1)-((v1/(v1-17.5))/(16.2-v1)))
1799.487226009369,0.3813101903209789,16.0,0.0,1.0,-0.978642936596218,true,171.79393990941776,0.10712189338926649,4.0,(v1*(29.9199272756621+pow2((-6.56390444195972-(0.221955063680199/(16.7694528409525-v1)))))),-0.9798973055469755,3723.1907885157034,0.07610239743995141,3723.1907885157034,67.0,46.788924165542944,(v1*(29.9+pow2((-6.56-(0.222/(16.8-v1))))))
1798.4772210121155,0.3632024038096159,16.0,3.0,4.0,-0.9848720800889877,true,110.72316448004585,0.09300486507273821,3.0,((72.2836845173039*v1)-((v1/(16.164303816138-v1))/(-17.4817381092993+v1))),-0.9853545456099579,2712.4632971988335,0.07258881870201245,2712.4632971988335,25.0,42.669975912063464,((72.3*v1)-((v1/(16.2-v1))/(-17.5+v1)))
1659.8976500034332,0.36320417845976083,16.0,3.0,430.0,-0.9848720800889877,true,110.72178918166219,0.09300369505650861,3.0,((72.2837786293062*v1)-((v1/(-17.481734965207+v1))/(16.1643100001746-v1))),-0.9853546542622934,2712.443173857873,0.07258848638799818,2712.443173857873,25.0,42.66972289465212,((72.3*v1)-((v1/(-17.5+v1))/(16.2-v1)))
1460.9361340999603,0.3631975978918455,16.0,3.0,1043.0,-0.9848720800889877,true,110.72692456017057,0.09300805625120151,3.0,((v1/0.0138344293385723)-((v1/(-17.4817452369423+v1))/(16.16430123264-v1))),-0.9853542567932712,2712.516788517142,0.07259021876657777,2712.516788517142,25.0,42.67139831948598,((v1/0.0138)-((v1/(-17.5+v1))/(16.2-v1)))
1799.8403210639954,0.382443244029894,16.0,0.0,0.0,-0.978642936596218,true,167.5639071047833,0.10866487409108178,4.0,((v1*pow2((-8.54444209349717-(0.176934971895369/(16.7764447280994-v1)))))--0.238001384305385),-0.9800537351049472,3694.218697702065,0.0761377734636468,3694.218697702065,66.0,46.812327773724626,((v1*pow2((-8.54-(0.177/(16.8-v1)))))--0.238)
1609.94593501091,0.3805420959190135,16.0,2.5,585.0,-0.985761957730812,true,119.06819383028278,0.08872206005437289,3.0,((v1/0.0136637322434324)-(v1/(0.307960670537684-sqrt_abs(pow3((-17.0501712986927+v1)))))),-0.9837598666073499,3007.8114748783773,0.07335853577653233,3007.8114748783773,518.0,44.38247121363235,((v1/0.0137)-(v1/(0.308-sqrt_abs(pow3((-17.1+v1))))))
1703.8324551582336,0.36319242814065106,16.0,3.0,295.0,-0.9848720800889877,true,110.73095640328415,0.09301148081866636,3.0,((72.283155508312*v1)-((v1/(v1-17.4817523367101))/(16.1642938833387-v1))),-0.9853539495311984,2712.5736960785407,0.07259143799999754,2712.5736960785407,25.0,42.67256218029653,((72.3*v1)-((v1/(v1-17.5))/(16.2-v1)))
1174.6704142093658,0.36323563142991605,16.0,3.0,1927.0,-0.9848720800889877,true,110.69722739479039,0.09298283956786998,3.0,((72.2854465772724*v1)-((v1/(-17.4816811356659+v1))/(16.1643481906281-v1))),-0.9853565707883938,2712.0882168475373,0.07257943807192382,2712.0882168475373,25.0,42.66086962777274,((72.3*v1)-((v1/(-17.5+v1))/(16.2-v1)))
705.5098640918732,0.38052050771791923,16.0,2.5,3372.0,-0.985761957730812,true,119.05249611168279,0.08870853281441866,3.0,((73.1853000541799*v1)-(v1/(0.308114240134544-sqrt_abs(pow3((-17.0498722904081+v1)))))),-0.9837635100976131,3007.1366693483224,0.07335498396301654,3007.1366693483224,518.0,44.37982897435727,((73.2*v1)-(v1/(0.308-sqrt_abs(pow3((-17.0+v1))))))
1459.0208802223206,0.3631927061746869,16.0,3.0,1049.0,-0.9848720800889877,true,110.73073986154554,0.09301129682947978,3.0,((v1/0.0138344789873786)-((v1/(-17.4817517854761+v1))/(16.1642944774081-v1))),-0.9853539669783947,2712.5704647087,0.07259136099287847,2712.5704647087,25.0,42.6724910569279,((v1/0.0138)-((v1/(-17.5+v1))/(16.2-v1)))
1689.8454802036285,0.3632361168496282,16.0,3.0,338.0,-0.9848720800889877,true,110.69684867102637,0.09298251791920574,3.0,((v1/0.0138340384024277)-((v1/(17.4816802275686-v1))/(v1-16.1643489494754))),-0.9853566006099799,2712.082693634981,0.0725792967842412,2712.082693634981,25.0,42.6607340043884,((v1/0.0138)-((v1/(17.5-v1))/(v1-16.2)))
1768.1332411766052,0.36319785573968166,16.0,3.0,97.0,-0.9848720800889877,true,110.72672373528667,0.0930078856172111,3.0,((72.2834433351464*v1)-((v1/(17.481744781129-v1))/(v1-16.1643017530861))),-0.9853542726495641,2712.5138517961936,0.07259015271036022,2712.5138517961936,25.0,42.67133735558219,((72.3*v1)-((v1/(17.5-v1))/(v1-16.2)))
632.2595200538635,0.36323675521489507,16.0,3.0,3600.0,-0.9848720800889877,true,110.69634585973336,0.09298209189912991,3.0,((72.2855061704761*v1)-((v1/(17.4816789464146-v1))/(-16.16434819699+v1))),-0.985356640605005,2712.075286214554,0.0725790173919181,2712.075286214554,25.0,42.660432059523444,((72.3*v1)-((v1/(17.5-v1))/(-16.2+v1)))
1709.9576601982117,0.3805039741467027,16.0,2.5,276.0,-0.985761957730812,true,119.04045977781266,0.08869822088900915,3.0,((v1/0.0136641100013035)-(v1/(0.308229979400713-sqrt_abs(pow3((-17.0496470529853+v1)))))),-0.9837662231510965,3006.634188660391,0.07335227772416526,3006.634188660391,518.0,44.37781219020951,((v1/0.0137)-(v1/(0.308-sqrt_abs(pow3((-17.0+v1))))))
1773.0298449993134,0.3805360838442813,16.0,2.5,82.0,-0.985761957730812,true,119.06382341961853,0.08871828895820144,3.0,((73.186126760485*v1)-(v1/(0.308003588831897-sqrt_abs(pow3((-17.0500876859266+v1)))))),-0.9837608903574778,3007.6218676068456,0.07335754639586875,3007.6218676068456,518.0,44.38173594175935,((73.2*v1)-(v1/(0.308-sqrt_abs(pow3((-17.1+v1))))))
1799.805387020111,0.3628033144996336,17.0,2.5,0.0,-0.9773081201334817,true,191.5367700596346,0.09523261187747126,3.0,((72.244381385775*v1)-((v1/sqrt_abs((v1-17.3138027469587)))/(-16.1834504052894+v1))),-0.978838636274096,3919.265384091956,0.07848743017944018,3919.265384091956,55.0,48.70166425714322,((72.2*v1)-((v1/sqrt_abs((v1-17.3)))/(-16.2+v1)))
1799.9121570587158,0.38324237459585747,17.0,0.0,0.0,-0.9790878754171302,true,192.24841965510086,0.08983410813067358,4.0,((7.99259009621552-((v1/-0.424509511386082)/(16.3278138777519-v1)))-(-71.5225144515119*v1)),-0.9796485050854409,3769.270759970716,0.07572280390091449,3769.270759970716,14.0,45.410260160947445,((7.99-((v1/-0.425)/(16.3-v1)))-(-71.5*v1))
1799.6728420257568,0.39312327287809473,17.0,0.0,1.0,-0.9790878754171302,true,190.777435992939,0.10030568556672233,4.0,((v1*((585.738238509226-v1)/7.93212921142654))-(36.669250526078/(v1-16.3162441809357))),-0.9796191574624961,3774.7061905130377,0.07547084425760339,3774.7061905130377,13.0,45.399797103835176,((v1*((586.0-v1)/7.93))-(36.7/(v1-16.3)))
1799.763708114624,0.38257884603625447,18.0,1.0,0.0,-0.978642936596218,true,169.49490916102718,0.10888360239867109,4.0,((v1*pow2(((0.173974031566413/(16.7765464587445-v1))--8.48574358742452)))-(-0.301162258894101-v1)),-0.979959275009282,3711.713514572758,0.07616096262311906,3711.713514572758,68.0,46.82771711274025,((v1*pow2(((0.174/(16.8-v1))--8.49)))-(-0.301-v1))
981.4323132038116,0.36319986672468263,18.0,3.0,2520.0,-0.9848720800889877,true,110.72515479770595,0.09300655311823305,3.0,(v1*((((v1/v1)/(v1-16.1643045923717))/(-17.4817416286254+v1))--72.2835499778999)),-0.9853543942243772,2712.4913351019595,0.07258962927244353,2712.4913351019595,101.0,42.67083401044138,(v1*((((v1/v1)/(v1-16.2))/(-17.5+v1))--72.3))
1799.8464241027832,0.3302688573212753,18.0,0.0,0.0,-0.9830923248053393,true,117.41716472292637,0.092553639910434,4.0,((v1*(76.8929361010546-sqrt_abs((-11.6493901549746-(v1/(-17.4712016994343+v1))))))-14.7280421177143),-0.9820059858873798,3332.645170978547,0.08349529155324784,3332.645170978547,516.0,49.27334549903052,((v1*(76.9-sqrt_abs((-11.6-(v1/(-17.5+v1))))))-14.7)
981.4323132038116,0.36319986672468263,18.0,3.0,2520.0,-0.9848720800889877,true,110.72515479770595,0.09300655311823305,3.0,(v1*((((v1/v1)/(v1-16.1643045923717))/(-17.4817416286254+v1))--72.2835499778999)),-0.9853543942243772,2712.4913351019595,0.07258962927244353,2712.4913351019595,101.0,42.67083401044138,(v1*((((v1/v1)/(v1-16.2))/(-17.5+v1))--72.3))
873.6813931465149,0.36323823616516465,18.0,3.0,2850.0,-0.9848720800889877,true,110.69519416704566,0.09298111297232416,3.0,(v1*((((v1/v1)/(v1-16.1643517581876))/(v1-17.4816764960074))--72.2855847062832)),-0.9853567296387987,2712.058796395185,0.0725786848055927,2712.058796395185,101.0,42.66013884025387,(v1*((((v1/v1)/(v1-16.2))/(v1-17.5))--72.3))
1799.870390176773,0.32902762025997506,18.0,0.0,0.0,-0.9830923248053393,true,122.65398582088073,0.09306944138514164,4.0,((v1*(77.4596992853656-sqrt_abs((-11.6445083039641-(v1/(-17.4717772399195+v1))))))-17.8440009344614),-0.9822669054559477,3284.320637344212,0.08350331226585513,3284.320637344212,516.0,48.17253412439751,((v1*(77.5-sqrt_abs((-11.6-(v1/(-17.5+v1))))))-17.8)
1799.9056441783905,0.3232593582051158,18.0,0.0,0.0,-0.9773081201334817,true,202.0489600955775,0.1074037041401688,4.0,(v1*((v1*pow2((-0.425674608271227-(-0.163715292026462/(v1-16.4386775749294)))))--69.2205334407181)),-0.9777441132558762,4121.980399672432,0.08224476054315459,4121.980399672432,133.0,49.51240423079405,(v1*((v1*pow2((-0.426-(-0.164/(v1-16.4)))))--69.2))
1670.8632612228394,0.3908647203478481,19.0,3.0,396.0,-0.9862068965517241,true,112.10328910766225,0.08220623573399602,4.0,((71.4096953430932*v1)-(((v1/(-17.4952065199386+v1))/(16.1623499931926-v1))-11.517634278261)),-0.9851431919736477,2751.6077966423486,0.07405916637259895,2751.6077966423486,26.0,43.69204788607259,((71.4*v1)-(((v1/(-17.5+v1))/(16.2-v1))-11.5))
1799.5050811767578,0.3788340517745006,19.0,1.0,1.0,-0.9741935483870968,true,249.56986278833233,0.1057442701409449,4.0,((v1+(72.1191385111691*v1))-((-0.95988844400004/(39.6230608114527-v1))/(14.7178806547309-v1))),-0.9708296570480612,5402.5967728004025,0.08194103754426225,5402.5967728004025,18.0,54.26261677556715,((v1+(72.1*v1))-((-0.96/(39.6-v1))/(14.7-v1)))
1799.7821052074432,0.39160832247493377,19.0,3.0,0.0,-0.9844271412680756,true,112.20816808928248,0.08217743925671803,4.0,(((71.3792887572046*v1)-((v1/(-17.4956002712595+v1))/(16.1622383624302-v1)))--11.8612548152626),-0.9851241180072325,2755.1404582078517,0.07412159710985926,2755.1404582078517,26.0,43.72557931172592,(((71.4*v1)-((v1/(-17.5+v1))/(16.2-v1)))--11.9)
1799.8045771121979,0.3916129854491289,19.0,3.0,0.0,-0.9844271412680756,true,112.20882829824973,0.08217726100249641,4.0,(((71.3790977346227*v1)-((v1/(v1-17.4956022611053))/(16.1622375719142-v1)))--11.863411304684),-0.985124015965935,2755.159357128093,0.07412194448513607,2755.159357128093,26.0,43.725742930847716,(((71.4*v1)-((v1/(v1-17.5))/(16.2-v1)))--11.9)
1499.579029083252,0.38535124464233933,19.0,3.0,924.0,-0.9844271412680756,true,111.25493603134146,0.08521551936528737,4.0,(((v1/0.0139582859612234)-((v1/(-17.4898299540681+v1))/(16.1632899397296-v1)))--8.93594783871094),-0.9853586212550541,2711.7084529009812,0.07335370634498055,2711.7084529009812,26.0,43.196280053738036,(((v1/0.014)-((v1/(-17.5+v1))/(16.2-v1)))--8.94)
1785.7223451137543,0.390860405964976,19.0,3.0,43.0,-0.9862068965517241,true,112.07403900913073,0.08218694661784491,4.0,((11.5014289513195-((v1/(v1-17.4948689907602))/(16.1624207205302-v1)))-(-71.4127600986763*v1)),-0.9851580490031475,2748.856147826928,0.07403064011583617,2748.856147826928,26.0,43.66392558781902,((11.5-((v1/(v1-17.5))/(16.2-v1)))-(-71.4*v1))
1070.0542039871216,0.3912172448704238,19.0,3.0,2247.0,-0.9862068965517241,true,112.15230112768882,0.08219209748373678,4.0,(((v1/0.0140065139282398)-((v1/(v1-17.4953929499488))/(16.1622976309369-v1)))--11.6801812254649),-0.9851342454143668,2753.2647758687585,0.07408871474055162,2753.2647758687585,26.0,43.70789794134021,(((v1/0.014)-((v1/(v1-17.5))/(16.2-v1)))--11.7)
1276.0634171962738,0.3908919822455443,19.0,3.0,1615.0,-0.9862068965517241,true,112.10711910567852,0.08220516948297504,4.0,(((71.4085821419234*v1)-((v1/(v1-17.4952210437056))/(16.1623459621598-v1)))--11.5302243831044),-0.9851424972868724,2751.736458569181,0.07406146978494142,2751.736458569181,26.0,43.693293088293856,(((71.4*v1)-((v1/(v1-17.5))/(16.2-v1)))--11.5)
1799.9275732040405,0.3709359253664513,19.0,0.0,0.0,-0.9728587319243605,true,243.03111927518876,0.10012018323388835,4.0,((v1*(72.7097186876678+(-0.0887702134345078/(14.7300676698956-v1))))-(v1/(-4893.63810475721-v1))),-0.9733135596598234,4942.55678436535,0.07901046924499719,4942.55678436535,18.0,50.57816983274377,((v1*(72.7+(-0.0888/(14.7-v1))))-(v1/(-4890.0-v1)))
651.4437501430511,0.3643350130830046,20.0,0.0,3541.0,-0.9862068965517241,true,120.85097569209506,0.08810545595843688,5.0,((v1*(72.1488233888332-(2.38641103681339/(-16.3338417098249+v1))))-(0.435518070362813/(17.4243568318946-v1))),-0.9861760941762168,2560.3054826650186,0.07023540773143096,2560.3054826650186,15.0,39.934082559186706,((v1*(72.1-(2.39/(-16.3+v1))))-(0.436/(17.4-v1)))
770.1161961555481,0.364328907110536,20.0,0.0,3170.0,-0.9866518353726362,true,120.84963204015094,0.08810970269089974,5.0,((v1*(72.1483248194316-(-2.38674925019705/(16.3338687364302-v1))))-(-0.426533181253051/(v1-17.4236158877962))),-0.9859798307774241,2596.655141175485,0.0707819197738939,2596.655141175485,15.0,40.49375377438094,((v1*(72.1-(-2.39/(16.3-v1))))-(-0.427/(v1-17.4)))
1799.4315361976624,0.3750338701963433,20.0,0.0,1.0,-0.9826473859844271,true,195.53877879509423,0.08570468873149387,5.0,((v1*((0.0870128725856725/(-14.728299595104+v1))--72.1952126164879))-(41.1668435957984/(-16.3529066227432+v1))),-0.9841020761621005,2944.4313411870075,0.0675593076042473,2944.4313411870075,15.0,37.235959337883735,((v1*((0.087/(-14.7+v1))--72.2))-(41.2/(-16.4+v1)))
1787.932825088501,0.3643316091995877,20.0,0.0,36.0,-0.9866518353726362,true,120.86737806093038,0.08810805330091025,5.0,((v1*(72.1479031719748-(-2.38878257463405/(16.334127622103-v1))))-(-0.402455067491152/(-17.4238913836259+v1))),-0.9862778029973498,2541.4681398979546,0.06950661072976302,2541.4681398979546,15.0,39.18720050531871,((v1*(72.1-(-2.39/(16.3-v1))))-(-0.402/(-17.4+v1)))
927.5528140068054,0.3643300466086338,20.0,0.0,2684.0,-0.9866518353726362,true,120.85642143368341,0.08810896206942145,5.0,((v1*((2.38753541652844/(16.3339709057776-v1))--72.1481882745825))-(0.418580651522483/(17.4248947771038-v1))),-0.9856507761683838,2657.5988665134205,0.07137540482886745,2657.5988665134205,15.0,41.10150932058949,((v1*((2.39/(16.3-v1))--72.1))-(0.419/(17.4-v1)))
1799.7489252090454,0.38151677303143694,20.0,0.0,0.0,-0.9830923248053393,true,129.06383976636266,0.096588224552378,4.0,((v1*(76.6866015496693-sqrt_abs((-11.6147753876556-(v1/(-17.475318084592+v1))))))-(1.80502793513378/v1)),-0.9831483018843017,3121.0784873554917,0.07338476823453093,3121.0784873554917,518.0,44.26127544563394,((v1*(76.7-sqrt_abs((-11.6-(v1/(-17.5+v1))))))-(1.81/v1))
362.52220916748047,0.37012881125757746,20.0,0.0,4428.0,-0.9862068965517241,true,120.66749860339291,0.0860121373412194,5.0,(((v1+(0.543170128747431/(16.333777148773-v1)))/0.0138950076334697)-(0.389496486710588/(17.4248162438649-v1))),-0.9855634805068484,2673.7667689637915,0.07107230573543771,2673.7667689637915,11.0,41.12139873502124,(((v1+(0.543/(16.3-v1)))/0.0139)-(0.389/(17.4-v1)))
769.3484120368958,0.36432530991392403,20.0,0.0,3173.0,-0.9866518353726362,true,120.84249866031996,0.088112096793502,5.0,((v1*(72.148278510651-(2.38615109636713/(v1-16.3337861094353))))-(-0.432298411871064/(-17.4238956650414+v1))),-0.9862527213985302,2546.1134663194794,0.06984964223999358,2546.1134663194794,15.0,39.538869033307705,((v1*(72.1-(2.39/(v1-16.3))))-(-0.432/(-17.4+v1)))
1799.241942167282,0.36498505985905905,20.0,0.0,2.0,-0.9790878754171302,true,188.57145937556697,0.09983081702335303,4.0,((71.4563774771486*v1)-((-146.399525656709/(16.3171801831248-v1))/sqrt_abs((v1+(-17.739460984473+v1))))),-0.9803662480629971,3636.338627474566,0.07318431726505141,3636.338627474566,132.0,44.10782832941758,((71.5*v1)-((-146.0/(16.3-v1))/sqrt_abs((v1+(-17.7+v1)))))
769.3484120368958,0.36432530991392403,20.0,0.0,3173.0,-0.9866518353726362,true,120.84249866031996,0.088112096793502,5.0,((v1*(72.148278510651-(2.38615109636713/(v1-16.3337861094353))))-(-0.432298411871064/(-17.4238956650414+v1))),-0.9862527213985302,2546.1134663194794,0.06984964223999358,2546.1134663194794,15.0,39.538869033307705,((v1*(72.1-(2.39/(v1-16.3))))-(-0.432/(-17.4+v1)))
651.4437501430511,0.3643350130830046,20.0,0.0,3541.0,-0.9862068965517241,true,120.85097569209506,0.08810545595843688,5.0,((v1*(72.1488233888332-(2.38641103681339/(-16.3338417098249+v1))))-(0.435518070362813/(17.4243568318946-v1))),-0.9861760941762168,2560.3054826650186,0.07023540773143096,2560.3054826650186,15.0,39.934082559186706,((v1*(72.1-(2.39/(-16.3+v1))))-(0.436/(17.4-v1)))
362.52220916748047,0.37012881125757746,20.0,0.0,4428.0,-0.9862068965517241,true,120.66749860339291,0.0860121373412194,5.0,(((v1+(0.543170128747431/(16.333777148773-v1)))/0.0138950076334697)-(0.389496486710588/(17.4248162438649-v1))),-0.9855634805068484,2673.7667689637915,0.07107230573543771,2673.7667689637915,11.0,41.12139873502124,(((v1+(0.543/(16.3-v1)))/0.0139)-(0.389/(17.4-v1)))
1799.8650171756744,0.36997879743357215,20.0,0.0,0.0,-0.9790878754171302,true,193.27125964241122,0.10490190958977534,4.0,((71.952879028072*v1)-((-151.790591497999/(16.3340405620057-v1))/sqrt_abs((v1+(15.0282159531106-v1))))),-0.9795694965115178,3783.9038229828225,0.0752656349267913,3783.9038229828225,132.0,45.41541699265268,((72.0*v1)-((-152.0/(16.3-v1))/sqrt_abs((v1+(15.0-v1)))))
295.09836316108704,0.36431909178067,20.0,0.0,4640.0,-0.9862068965517241,true,120.84610155918745,0.08811642686602837,5.0,((v1*(72.1476104407991-(-2.38716097502731/(16.3338985852525-v1))))-(0.416817644190437/(17.4243846176516-v1))),-0.9860821538950313,2577.704025452294,0.07052899714974625,2577.704025452294,15.0,40.234482658246264,((v1*(72.1-(-2.39/(16.3-v1))))-(0.417/(17.4-v1)))
651.4437501430511,0.3643350130830046,20.0,0.0,3541.0,-0.9862068965517241,true,120.85097569209506,0.08810545595843688,5.0,((v1*(72.1488233888332-(2.38641103681339/(-16.3338417098249+v1))))-(0.435518070362813/(17.4243568318946-v1))),-0.9861760941762168,2560.3054826650186,0.07023540773143096,2560.3054826650186,15.0,39.934082559186706,((v1*(72.1-(2.39/(-16.3+v1))))-(0.436/(17.4-v1)))
1799.9553241729736,0.36853751165526905,20.0,0.0,0.0,-0.9804226918798665,true,125.45244339418718,0.08973918289602449,4.0,((v1*(76.520589465191-sqrt_abs((-11.7691159762912-(v1/(-17.4569564658013+v1))))))-(13.8944234642191/v1)),-0.9819583705112181,3341.4639455130314,0.07884437515102888,3341.4639455130314,518.0,48.16391850162002,((v1*(76.5-sqrt_abs((-11.8-(v1/(-17.5+v1))))))-(13.9/v1))
1799.974802017212,0.38054210854690873,20.0,2.5,0.0,-0.985761957730812,true,119.06820312032437,0.08872206757183043,3.0,((v1*(72.186446524318+(v1/v1)))-(v1/(0.307960593052457-sqrt_abs(pow3((-17.0501714447841+v1)))))),-0.9837598649588434,3007.8117801958806,0.07335853719140473,3007.8117801958806,528.0,44.38247212259511,((v1*(72.2+(v1/v1)))-(v1/(0.308-sqrt_abs(pow3((-17.1+v1))))))
776.1944990158081,0.3698429575925738,21.0,3.5,3152.0,-0.985761957730812,true,109.38891011743817,0.0890700983931022,4.0,((72.6408008140698*v1)-((v1/sqrt_abs((0.0855703689588928-pow3((v1-16.988840833548)))))/(-16.2084956452027+v1))),-0.986181769291917,2559.254402743964,0.0707055924899067,2559.254402743964,3079.0,40.62509691843891,((72.6*v1)-((v1/sqrt_abs((0.0856-pow3((v1-17.0)))))/(-16.2+v1)))
1797.4575090408325,0.38889300645766023,21.0,0.0,7.0,-0.9839822024471635,true,138.34653425013744,0.09950375664496154,5.0,((v1*pow2(((0.256394445192993/(16.7716990597651-v1))--8.5619380744273)))-(1.18521137104048/(14.726112994314-v1))),-0.9856939321872973,2649.60600304613,0.06820375122254911,2649.60600304613,69.0,38.47450486823716,((v1*pow2(((0.256/(16.8-v1))--8.56)))-(1.19/(14.7-v1)))
847.1564841270447,0.3698429536201272,21.0,3.5,2932.0,-0.985761957730812,true,109.38891117776029,0.08907009826863702,4.0,((v1/0.013766368097567)-((v1/sqrt_abs((0.0855707968299404-pow3((v1-16.9888382052482)))))/(-16.2084960261646+v1))),-0.9861820020081209,2559.2113017144593,0.07070475054795113,2559.2113017144593,3079.0,40.62423397867349,((v1/0.0138)-((v1/sqrt_abs((0.0856-pow3((v1-17.0)))))/(-16.2+v1)))
1799.0849900245667,0.372755917093203,21.0,3.0,2.0,-0.9844271412680756,true,111.45182713669101,0.08693154337772191,4.0,(((72.1648506474835*v1)-((v1/(-17.48591676525+v1))/(16.1635834856013-v1)))-(-15.140791208738/v1)),-0.9853612705628344,2711.217778461959,0.07280172190311252,2711.217778461959,28.0,43.004811808629796,(((72.2*v1)-((v1/(-17.5+v1))/(16.2-v1)))-(-15.1/v1))
1799.7216091156006,0.3888939275993983,21.0,0.0,0.0,-0.9839822024471635,true,138.29514706106966,0.09952364069307688,5.0,((v1*pow2((-8.56193107708008-(0.256509958390318/(16.7716921347771-v1)))))-(1.18514206915886/(14.7261118777834-v1))),-0.985693953208904,2649.602109664941,0.06820317566716798,2649.602109664941,69.0,38.474020830700944,((v1*pow2((-8.56-(0.257/(16.8-v1)))))-(1.19/(14.7-v1)))
1799.772292137146,0.3550174548331294,21.0,0.0,0.0,-0.9773081201334817,true,227.68893625022406,0.09795526865670307,4.0,((71.8573076747303*v1)-((v1/(294.813903767681/((1.94927637840935+v1)-v1)))/(16.0893614706255-v1))),-0.9737307994190525,4865.280415677829,0.08331926721222106,4865.280415677829,43.0,54.006480768021184,((71.9*v1)-((v1/(295.0/((1.95+v1)-v1)))/(16.1-v1)))
1799.4817311763763,0.38845949658960627,21.0,0.0,1.0,-0.9839822024471635,true,152.82853829174223,0.09678647594292376,5.0,((v1*pow2((-8.56338989766281-(0.223703154252914/(16.773657619544-v1)))))-(1.20972997526885/(14.7264798800524-v1))),-0.9855213989640521,2681.5606302728684,0.06838873028391658,2681.5606302728684,69.0,38.64173881831237,((v1*pow2((-8.56-(0.224/(16.8-v1)))))-(1.21/(14.7-v1)))
1729.613442182541,0.36984386393251945,21.0,3.5,215.0,-0.985761957730812,true,109.38860644239662,0.08907016774407449,4.0,((72.6408490279303*v1)-((v1/sqrt_abs((0.0854643484827086-pow3((-16.9894819527605+v1)))))/(-16.2084009898734+v1))),-0.9861213218581036,2570.449784004388,0.0709007777536057,2570.449784004388,3079.0,40.82514120931707,((72.6*v1)-((v1/sqrt_abs((0.0855-pow3((-17.0+v1)))))/(-16.2+v1)))
1799.5066289901733,0.3694049947665188,21.0,3.5,1.0,-0.978642936596218,true,205.68763448277673,0.09884444159361394,4.0,((72.617580477254*v1)-((v1/sqrt_abs((0.0946658172781702-pow3((16.9989875391038-v1)))))/(-16.2209379620825+v1))),-0.9786704425287533,3950.41630293067,0.076410746080864,3950.41630293067,3079.0,46.437791141224494,((72.6*v1)-((v1/sqrt_abs((0.0947-pow3((17.0-v1)))))/(-16.2+v1)))
776.1944990158081,0.3698429575925738,21.0,3.5,3152.0,-0.985761957730812,true,109.38891011743817,0.0890700983931022,4.0,((72.6408008140698*v1)-((v1/sqrt_abs((0.0855703689588928-pow3((v1-16.988840833548)))))/(-16.2084956452027+v1))),-0.986181769291917,2559.254402743964,0.0707055924899067,2559.254402743964,3079.0,40.62509691843891,((72.6*v1)-((v1/sqrt_abs((0.0856-pow3((v1-17.0)))))/(-16.2+v1)))
745.2775142192841,0.3907032905839971,21.0,0.0,3248.0,-0.9866518353726362,true,125.39144759545434,0.09103017988669003,5.0,(v1*(76.023489565981-sqrt_abs((-5.20140775217778-((-4.22893637764435/(v1-16.7100229301878))/(-17.4013341866709+v1)))))),-0.9847083891176397,2832.13700092848,0.07129915824970472,2832.13700092848,32771.0,41.951695543590084,(v1*(76.0-sqrt_abs((-5.2-((-4.23/(v1-16.7))/(-17.4+v1))))))
1354.3439910411835,0.37300190628933505,21.0,0.0,1373.0,-0.9862068965517241,true,134.32792945524488,0.09152607011978235,5.0,((v1*pow2(((0.237084056525891/(16.7727607187648-v1))--8.50455324588736)))-(8.68351233887999/(-17.3157959431473+v1))),-0.9848413295137305,2807.515303608083,0.07132656426638145,2807.515303608083,69.0,41.641287991837004,((v1*pow2(((0.237/(16.8-v1))--8.5)))-(8.68/(-17.3+v1)))
1799.1669430732727,0.3886176725653319,21.0,0.0,2.0,-0.9826473859844271,true,144.2333948107023,0.09763486720058212,5.0,((v1*pow2(((-0.242876293840182/(v1-16.7725087587445))--8.56224877249414)))-(1.2011691596307/(14.726304863422-v1))),-0.9856643219131543,2655.0900788346707,0.06830054857672829,2655.0900788346707,69.0,38.5705105128883,((v1*pow2(((-0.243/(v1-16.8))--8.56)))-(1.2/(14.7-v1)))
1719.314040184021,0.38885181110650757,21.0,0.0,247.0,-0.9839822024471635,true,137.64399186125593,0.09973513171602147,5.0,((v1*pow2((-8.56168670986769-(0.257871901519141/(16.7716101760508-v1)))))-(1.18580520137014/(14.7261125313318-v1))),-0.9856943626795409,2649.52627220408,0.06820321942449535,2649.52627220408,69.0,38.47803995398426,((v1*pow2((-8.56-(0.258/(16.8-v1)))))-(1.19/(14.7-v1)))
1438.401619195938,0.39249175050992985,21.0,0.0,1112.0,-0.9866518353726362,true,127.05732574680792,0.09181005010098342,5.0,(v1*(76.3529807161725-sqrt_abs((-6.3303911588718-((-5.2096636099234/(v1-16.6962739954765))/(-17.4474581345245+v1)))))),-0.9848337331017628,2808.9222240151835,0.07087889487209746,2808.9222240151835,32771.0,41.39700570812639,(v1*(76.4-sqrt_abs((-6.33-((-5.21/(v1-16.7))/(-17.4+v1))))))
1799.8773469924927,0.38720799111616794,21.0,0.0,0.0,-0.978642936596218,true,196.1018126653148,0.08366637047775924,5.0,((71.0945764801366*v1)-((-80.8342415847376/(16.3308754713622-v1))/sqrt_abs((-4.16519100879901/(-17.1701648307474+v1))))),-0.9783810944518481,4004.0060392282617,0.07739614310459526,4004.0060392282617,68.0,47.2986535109079,((71.1*v1)-((-80.8/(16.3-v1))/sqrt_abs((-4.17/(-17.2+v1)))))
1799.6662011146545,0.39160381311831394,21.0,3.0,1.0,-0.9844271412680756,true,112.20750811399171,0.08217759773048071,4.0,((v1*((11.8591592362033/v1)--71.3794755457281))-((v1/(17.4955973156815-v1))/(-16.162239170803+v1))),-0.9851242590498883,2755.1143359028224,0.07412117687031804,2755.1143359028224,31.0,43.72533531662726,((v1*((11.9/v1)--71.4))-((v1/(17.5-v1))/(-16.2+v1)))
1796.6796040534973,0.38875158909337443,21.0,0.0,10.0,-0.9826473859844271,true,138.99408840833735,0.09915495957969507,5.0,((v1*pow2((-8.56165267507099-(0.254695661506426/(16.7718006001245-v1)))))-(1.19178970440559/(14.7261700996916-v1))),-0.9856943329479823,2649.5317787428166,0.06823273450139751,2649.5317787428166,69.0,38.509315605730094,((v1*pow2((-8.56-(0.255/(16.8-v1)))))-(1.19/(14.7-v1)))
1452.1355152130127,0.36984179751218543,21.0,3.5,1070.0,-0.985761957730812,true,109.38859287345758,0.08907047783724253,4.0,((72.6407392089883*v1)-((v1/sqrt_abs((0.085614433538705-pow3((-16.9884863107462+v1)))))/(-16.2085339595418+v1))),-0.9862143413452349,2553.221780144068,0.0705773414503738,2553.221780144068,3079.0,40.493536983373424,((72.6*v1)-((v1/sqrt_abs((0.0856-pow3((-17.0+v1)))))/(-16.2+v1)))
1129.6848311424255,0.3698426142076996,21.0,3.5,2065.0,-0.985761957730812,true,109.38899424775241,0.08907009262667347,4.0,((v1/0.0137663715184275)-((v1/sqrt_abs((0.0856066014886924-pow3((-16.9886184797418+v1)))))/(-16.2085278219515+v1))),-0.9862008855684626,2555.713904980742,0.07063326212345929,2555.713904980742,3079.0,40.55096298328466,((v1/0.0138)-((v1/sqrt_abs((0.0856-pow3((-17.0+v1)))))/(-16.2+v1)))
1799.9742381572723,0.3916126793715184,21.0,3.0,0.0,-0.9844271412680756,true,112.20887065137094,0.08217732837013547,4.0,((v1*(71.3791020298752-(-11.8633103214972/v1)))-((v1/(17.4956059673376-v1))/(-16.1622374274651+v1))),-0.9851238646382734,2755.187384304109,0.07412223440915085,2755.187384304109,31.0,43.726049821037925,((v1*(71.4-(-11.9/v1)))-((v1/(17.5-v1))/(-16.2+v1)))
1002.309201002121,0.37405299377308876,22.0,0.0,2455.0,-0.9866518353726362,true,131.8305527255152,0.09084211093460184,5.0,((v1*pow2(((0.216610444974915/(16.7740501375473-v1))--8.5178945869179)))-(-0.0976759758717822/pow3((17.3329500613797-v1)))),-0.9854574023431617,2693.4133513074535,0.06990529441287172,2693.4133513074535,74.0,40.18844391358286,((v1*pow2(((0.217/(16.8-v1))--8.52)))-(-0.0977/pow3((17.3-v1))))
1182.2372372150421,0.374067454742876,22.0,0.0,1904.0,-0.9866518353726362,true,131.69133491328375,0.09078926365442445,5.0,((v1*pow2((-8.51806324572557-(0.215145203382689/(16.7741379896746-v1)))))-(-0.0980454692653762/pow3((17.3334724630474-v1)))),-0.9854553605101309,2693.791516232048,0.06983608025898459,2693.791516232048,74.0,40.121252831802764,((v1*pow2((-8.52-(0.215/(16.8-v1)))))-(-0.098/pow3((17.3-v1))))
1799.5770490169525,0.4227243113823416,22.0,0.0,1.0,-0.9741935483870968,true,241.13713552858258,0.08961729563612565,5.0,((v1*(79.6237131613354-sqrt_abs(((v1/0.397894659154655)--4.98464748629152))))-sqrt_abs((0.0295541767037124/(14.7182200234131-v1)))),-0.9719563595273677,5193.9218460559105,0.0816618749418756,5193.9218460559105,51.0,52.86368457945888,((v1*(79.6-sqrt_abs(((v1/0.398)--4.98))))-sqrt_abs((0.0296/(14.7-v1))))
1781.7586719989777,0.3718985717852671,22.0,0.0,55.0,-0.9866518353726362,true,133.15413450877782,0.0911058488656529,5.0,((v1*pow2((-8.50871966115656-(-0.245973752484112/(v1-16.7722808518847)))))-(0.104496318931859/pow3((-17.3277716691152+v1)))),-0.9854019397564876,2703.685496282598,0.0698847353033673,2703.685496282598,74.0,40.085406084971964,((v1*pow2((-8.51-(-0.246/(v1-16.8)))))-(0.104/pow3((-17.3+v1))))
1680.1122601032257,0.3716294481791165,22.0,0.0,368.0,-0.9866518353726362,true,125.86825879780781,0.08621968095493517,5.0,((v1*pow2((-8.47075861074536-(0.0125762706584752/pow3((17.1364909815829-v1))))))-(55.8195735514095/(v1-16.4523167171789))),-0.9859242638244043,2606.946615689632,0.06944392498978992,2606.946615689632,2053.0,39.47864243212227,((v1*pow2((-8.47-(0.0126/pow3((17.1-v1))))))-(55.8/(v1-16.5)))
1799.6361441612244,0.39641584875024977,22.0,0.0,1.0,-0.9826473859844271,true,195.57290857986254,0.07938004894542734,5.0,((v1*(71.8367290014612+(0.087761050440509/(-14.7287676913802+v1))))-((614.26066840468/v1)/(-16.3281466173416+v1))),-0.9838447471621533,2992.090870831664,0.07098562821360967,2992.090870831664,21.0,38.223224262238624,((v1*(71.8+(0.0878/(-14.7+v1))))-((614.0/v1)/(-16.3+v1)))
1705.7989430427551,0.3715738102711989,22.0,0.0,289.0,-0.9866518353726362,true,125.81517674559268,0.0862339757548055,5.0,((v1*pow2((-8.4706731449309-(0.0124974607100391/pow3((17.1366891306384-v1))))))-(-55.7285897000854/(16.4511227510109-v1))),-0.9859215193496573,2607.454915864098,0.06942251527544042,2607.454915864098,2053.0,39.449018570723965,((v1*pow2((-8.47-(0.0125/pow3((17.1-v1))))))-(-55.7/(16.5-v1)))
1682.1609489917755,0.36556899908071167,23.0,0.0,361.0,-0.9879866518353726,true,137.81612218232726,0.09209315045575613,5.0,((v1*pow2((-8.47917700195951-(0.341438659250003/(16.766512418676-v1)))))-((9.00410023062743/(v1-17.230047648364))/v1)),-0.9835424416262852,3048.080439249557,0.07234888338691894,3048.080439249557,74.0,42.380446601065564,((v1*pow2((-8.48-(0.341/(16.8-v1)))))-((9.0/(v1-17.2))/v1))
1746.8268790245056,0.365992841777666,23.0,0.0,162.0,-0.9879866518353726,true,137.5881849025841,0.09203652632920707,5.0,((v1*pow2((-8.48051325477769-(0.336469971301953/(16.7668116536915-v1)))))-(11.0571148836414/(v1*(-17.2308511035271+v1)))),-0.9835534249030049,3046.0462425499095,0.07239195898065748,3046.0462425499095,73.0,42.44822907224414,((v1*pow2((-8.48-(0.336/(16.8-v1)))))-(11.1/(v1*(-17.2+v1))))
1763.3094370365143,0.3837656619208765,23.0,0.0,111.0,-0.9870967741935484,true,110.39592065059287,0.0908746076018931,5.0,((v1*(76.7583988824244-sqrt_abs((-11.6145448534175-(v1/(-17.4753442702705+v1))))))-(1.30958126027258/(14.7281925445171-v1))),-0.9877751120314323,2264.1537124074325,0.06614471877418839,2264.1537124074325,519.0,36.70584012068751,((v1*(76.8-sqrt_abs((-11.6-(v1/(-17.5+v1))))))-(1.31/(14.7-v1)))
1447.7007989883423,0.3836815130679816,23.0,0.0,1083.0,-0.9870967741935484,true,110.16782147921617,0.0908363948201352,5.0,((v1*(76.7583988824244-sqrt_abs((-11.6445748435944-(v1/(v1-17.4717690144024))))))-(1.30958126027258/(14.7281925445171-v1))),-0.9877780552063224,2263.6086112685975,0.06622551603747273,2263.6086112685975,519.0,36.79510939994749,((v1*(76.8-sqrt_abs((-11.6-(v1/(v1-17.5))))))-(1.31/(14.7-v1)))
1774.4608161449432,0.37366537596118987,23.0,0.0,77.0,-0.9875417130144605,true,101.00493089226757,0.0867364361940326,5.0,((v1*(76.218481428864-sqrt_abs(((v1/(-17.4729114512988+v1))--11.6349699606978))))-(-0.955490362411559/(-14.7264110430498+v1))),-0.9871946281953596,2371.6642790331475,0.06886805365871135,2371.6642790331475,519.0,39.77566298476588,((v1*(76.2-sqrt_abs(((v1/(-17.5+v1))--11.6))))-(-0.955/(-14.7+v1)))
1766.996798992157,0.3816202726856395,23.0,0.0,100.0,-0.9875417130144605,true,108.08366591330673,0.09009771661154206,5.0,((v1*(76.6413936308245-sqrt_abs((-11.6391016227044-(v1/(-17.4724223321333+v1))))))-(-0.977173670208079/(-14.726399423637+v1))),-0.98757059447301,2302.032111812399,0.06732736944431801,2302.032111812399,519.0,38.069439338636435,((v1*(76.6-sqrt_abs((-11.6-(v1/(-17.5+v1))))))-(-0.977/(-14.7+v1)))
1799.7236680984497,0.3914109593124863,23.0,0.0,0.0,-0.9839822024471635,true,131.89324930103726,0.1019302760544557,5.0,((v1*pow2((-8.55668381609657-(0.270375997469375/(16.7708529144067-v1)))))-((-13.5496341716939+v1)/(14.7259821424512-v1))),-0.985671625105145,2653.7374652728536,0.06834374152809679,2653.7374652728536,75.0,38.555860233908454,((v1*pow2((-8.56-(0.27/(16.8-v1)))))-((-13.5+v1)/(14.7-v1)))
1755.3012909889221,0.3848494338359046,23.0,0.0,136.0,-0.9870967741935484,true,111.26591873419034,0.09134269805962283,5.0,((v1*(76.8175001781021-sqrt_abs(((v1/(v1-17.4736190886433))--11.6290129279188))))-(-1.28437174756671/(v1-14.7280111712864))),-0.9877958957736556,2260.304385752378,0.06580023669104755,2260.304385752378,519.0,36.3026624560404,((v1*(76.8-sqrt_abs(((v1/(v1-17.5))--11.6))))-(-1.28/(v1-14.7)))
1799.4697229862213,0.39101192269954477,23.0,0.0,1.0,-0.9826473859844271,true,146.50173779126362,0.09713108419633987,5.0,((v1*pow2(((0.237293173054951/(16.772836622092-v1))--8.55827712247556)))-((-13.523764797461+v1)/(14.72635412265-v1))),-0.9856427639505875,2659.082797713025,0.06840295891301368,2659.082797713025,75.0,38.57222309990517,((v1*pow2(((0.237/(16.8-v1))--8.56)))-((-13.5+v1)/(14.7-v1)))
1050.274120092392,0.38456172112988796,23.0,0.0,2308.0,-0.9870967741935484,true,111.00163358160262,0.09122065965329668,5.0,((v1*(76.8024845801081-sqrt_abs((11.6306363854794-(v1/(17.4734268801986-v1))))))-(-1.28440420633844/(v1-14.7280414424512))),-0.9877948772970547,2260.4930163216404,0.06582412896855878,2260.4930163216404,519.0,36.3388131979618,((v1*(76.8-sqrt_abs((11.6-(v1/(17.5-v1))))))-(-1.28/(v1-14.7)))
1789.9867951869965,0.3848701628633591,23.0,0.0,30.0,-0.9870967741935484,true,111.23992358756254,0.09137269120204947,5.0,((v1*(76.8175001781021-sqrt_abs(((v1/(v1-17.4736190886433))--11.6290129279188))))-(1.23124271459152/(14.7273493781268-v1))),-0.9877928991825082,2260.8593800384697,0.06578081345216102,2260.8593800384697,519.0,36.249752322807446,((v1*(76.8-sqrt_abs(((v1/(v1-17.5))--11.6))))-(1.23/(14.7-v1)))
1799.5305790901184,0.38825121146595437,23.0,0.0,1.0,-0.9839822024471635,true,133.19703158358152,0.10154867739869818,5.0,((v1*pow2((-8.56177897590753-(0.268196746242007/(16.7709922059245-v1)))))-((17.3256784717929/v1)/(14.7259858140984-v1))),-0.985669312844544,2654.165715694233,0.06822168520084547,2654.165715694233,75.0,38.56278269186096,((v1*pow2((-8.56-(0.268/(16.8-v1)))))-((17.3/v1)/(14.7-v1)))
815.1929771900177,0.38621485824117513,23.0,0.0,3030.0,-0.9870967741935484,true,112.37774363161975,0.09191948639224827,5.0,((v1*(76.8929361010546-sqrt_abs((-11.6493901549746-(v1/(-17.4712016994343+v1))))))-(-1.28440226201165/(v1-14.7280421177143))),-0.9877981989889459,2259.8778105998267,0.06590529822339382,2259.8778105998267,519.0,36.358661609671266,((v1*(76.9-sqrt_abs((-11.6-(v1/(-17.5+v1))))))-(-1.28/(v1-14.7)))
1799.8486950397491,0.3631868745129668,23.0,3.0,0.0,-0.9844271412680756,true,110.7346274194631,0.0930146919368641,4.0,(((72.2829277403593*v1)-((v1/(v1-17.4817607964986))/(16.1642837996282-v1)))-((v1/3045.22298621252)/v1)),-0.9853536475202972,2712.629631078108,0.07259270504340826,2712.629631078108,32.0,42.67368276368347,(((72.3*v1)-((v1/(v1-17.5))/(16.2-v1)))-((v1/3050.0)/v1))
1443.6351001262665,0.38714623549461796,23.0,0.0,1096.0,-0.9870967741935484,true,113.29407472952516,0.09231523392122117,5.0,((v1*(76.9397873268707-sqrt_abs((-11.6322459409474-(v1/(v1-17.4732324217036))))))-(1.2846666646344/(14.7276365445781-v1))),-0.9878037823671081,2258.8437212546955,0.06566257488235563,2258.8437212546955,519.0,36.05752563278188,((v1*(76.9-sqrt_abs((-11.6-(v1/(v1-17.5))))))-(1.28/(14.7-v1)))
1530.5556740760803,0.3871172741377574,23.0,0.0,829.0,-0.9870967741935484,true,113.19834728781939,0.0923017725420226,5.0,((v1*(76.9403002046826-sqrt_abs(((v1/(-17.4715993453981+v1))--11.6460361526906))))-(1.28468223130639/(14.7276365248788-v1))),-0.9878060459728565,2258.4244821277753,0.06574700362838393,2258.4244821277753,519.0,36.14628274283289,((v1*(76.9-sqrt_abs(((v1/(-17.5+v1))--11.6))))-(1.28/(14.7-v1)))
1368.1271591186523,0.38507519236677945,23.0,0.0,1330.0,-0.9870967741935484,true,111.43008079824676,0.09143399461918018,5.0,((v1*(76.8309400486789-sqrt_abs((-11.637668294255-(v1/(-17.4725903395915+v1))))))-(1.29313689024617/(14.7279144682102-v1))),-0.9877997834568396,2259.5843536067637,0.06590898028879551,2259.5843536067637,519.0,36.40179759454195,((v1*(76.8-sqrt_abs((-11.6-(v1/(-17.5+v1))))))-(1.29/(14.7-v1)))
1736.6164200305939,0.3853394802408841,23.0,0.0,194.0,-0.9870967741935484,true,111.63659506137651,0.09155027958085665,5.0,((v1*(76.8452676654454-sqrt_abs((-11.6413872011968-(v1/(-17.4721477736246+v1))))))-(-1.2815365694053/(-14.7277609551761+v1))),-0.9878016328321363,2259.2418334990666,0.06590373420069268,2259.2418334990666,519.0,36.377745685518185,((v1*(76.8-sqrt_abs((-11.6-(v1/(-17.5+v1))))))-(-1.28/(-14.7+v1)))
1799.021115064621,0.39160379981213733,23.0,3.0,3.0,-0.9844271412680756,true,112.2075060472705,0.0821775981205834,4.0,((v1*(71.3794761083823+(23.7183059921747/(v1+v1))))-((v1/(17.4955973016475-v1))/(v1-16.162239173469))),-0.9851242596848775,2755.1142182973854,0.07412117519749932,2755.1142182973854,35.0,43.725334157223486,((v1*(71.4+(23.7/(v1+v1))))-((v1/(17.5-v1))/(v1-16.2)))
1796.394515991211,0.36318774568910855,23.0,3.0,11.0,-0.9844271412680756,true,110.73460266505776,0.09301457906466333,4.0,((v1*(72.1814369553404-(-0.101470240805245/(v1/v1))))-((v1/(17.4817613172258-v1))/(-16.1642838165191+v1))),-0.9853536571057288,2712.6278557742667,0.07259269437909972,2712.6278557742667,37.0,42.67371753061954,((v1*(72.2-(-0.101/(v1/v1))))-((v1/(17.5-v1))/(-16.2+v1)))
1179.0213720798492,0.38535438220759316,23.0,0.0,1914.0,-0.9870967741935484,true,111.68550176576468,0.09155743035314017,5.0,((v1*(76.8450311248765-sqrt_abs((-11.6344819535495-(v1/(v1-17.4729716632044))))))-(-1.28154198820986/(-14.728198060176+v1))),-0.9877936886952977,2260.7131555235524,0.06590033598920869,2260.7131555235524,519.0,36.38486894925922,((v1*(76.8-sqrt_abs((-11.6-(v1/(v1-17.5))))))-(-1.28/(-14.7+v1)))
1798.022898197174,0.3884797690758556,23.0,0.0,6.0,-0.9839822024471635,true,157.6067576995638,0.09624577500150863,5.0,((v1*pow2((-8.56339712859525-(0.212885606608654/(16.7743050747676-v1)))))-((0.0827831313257931*v1)/(14.7266133146049-v1))),-0.9853913006931337,2705.655941725607,0.06846135623839543,2705.655941725607,75.0,38.701905956434416,((v1*pow2((-8.56-(0.213/(16.8-v1)))))-((0.0828*v1)/(14.7-v1)))
1799.9880781173706,0.38406363929395265,23.0,0.0,0.0,-0.9830923248053393,true,130.1212525595099,0.09787452553567,5.0,((v1*(76.7434282315191-sqrt_abs((-11.6421024928031-(v1/(v1-17.4731815104607))))))-(-0.483440782946749/(17.6229208042759-v1))),-0.9831034792764795,3129.3800173295485,0.07315578403655544,3129.3800173295485,519.0,43.97381186649433,((v1*(76.7-sqrt_abs((-11.6-(v1/(v1-17.5))))))-(-0.483/(17.6-v1)))
967.0138640403748,0.36370623475520775,24.0,3.0,2565.0,-0.9897664071190211,true,94.89599520056811,0.08569810472619827,5.0,((v1*((0.0882777919274851/(-14.7303815289552+v1))--72.3193994631197))-((v1/(17.4774309871977-v1))/(-16.1653551185388+v1))),-0.9896995721246552,1907.727258794616,0.0656883616274984,1907.727258794616,33.0,35.330094495644616,((v1*((0.0883/(-14.7+v1))--72.3))-((v1/(17.5-v1))/(-16.2+v1)))
1536.0817561149597,0.36369392250384086,24.0,3.0,812.0,-0.9897664071190211,true,94.89278276362046,0.08570635673127823,5.0,((v1*(72.3187463549764+(0.0882759101375851/(-14.7303832328116+v1))))-((v1/(17.4774586980757-v1))/(v1-16.1653385612821))),-0.9896994722518524,1907.7457560911112,0.06568560598070138,1907.7457560911112,33.0,35.327060144547495,((v1*(72.3+(0.0883/(-14.7+v1))))-((v1/(17.5-v1))/(v1-16.2)))
1799.4048700332642,0.3727202855309491,24.0,0.0,1.0,-0.9826473859844271,true,195.7519314006479,0.08601819829055637,5.0,(((72.2737026026446*v1)-((-24.9329999034091-v1)/(16.354054545389-v1)))-((v1/11.4984980914829)/(14.7282777370884-v1))),-0.9840809375849803,2948.346386297037,0.06755715641818681,2948.346386297037,23.0,37.263617722875004,(((72.3*v1)-((-24.9-v1)/(16.4-v1)))-((v1/11.5)/(14.7-v1)))
1769.5422241687775,0.3636939873360503,24.0,3.0,92.0,-0.9897664071190211,true,94.89279967924205,0.08570631322759514,5.0,((v1*(72.3187497925908-(-0.0882759150131318/(-14.7303832266328+v1))))-((v1/(17.4774568965526-v1))/(-16.1653386707636+v1))),-0.9896994384409658,1907.7520181562145,0.06568586663940892,1907.7520181562145,33.0,35.32732912195681,((v1*(72.3-(-0.0883/(-14.7+v1))))-((v1/(17.5-v1))/(-16.2+v1)))
1799.4935710430145,0.38902227207118967,24.0,2.0,1.0,-0.9862068965517241,true,107.06967735069202,0.08300125596956623,5.0,((v1*(75.365513023945-sqrt_abs((2.82102680138176-(v1/pow3((17.8772575058295-v1)))))))-(-1.28368183964303/(v1-14.7283792934117))),-0.986811423955084,2442.6369787798353,0.06900110725533429,2442.6369787798353,524295.0,39.88189471115309,((v1*(75.4-sqrt_abs((2.82-(v1/pow3((17.9-v1)))))))-(-1.28/(v1-14.7)))
1768.2763981819153,0.3634845017082957,24.0,3.0,96.0,-0.9897664071190211,true,94.83814197688133,0.08573633078302373,5.0,(((72.3255760258443*v1)-((v1/(-17.4773582492348+v1))/(16.1653551313893-v1)))-(-1.30002218009847/(v1-14.7303820556706))),-0.9896953865043704,1908.5024714371261,0.06571484365582514,1908.5024714371261,29.0,35.34493363573981,(((72.3*v1)-((v1/(-17.5+v1))/(16.2-v1)))-(-1.3/(v1-14.7)))
1756.937674999237,0.36348437387262145,24.0,3.0,131.0,-0.9897664071190211,true,94.83810862278295,0.08573641657641554,5.0,(((72.3255692456537*v1)-((v1/(-17.47736184263+v1))/(16.1653549150492-v1)))-(1.30002203970688/(14.7303820677683-v1))),-0.9896954566690073,1908.4894763468244,0.06571432170118062,1908.4894763468244,29.0,35.34439506132945,(((72.3*v1)-((v1/(-17.5+v1))/(16.2-v1)))-(1.3/(14.7-v1)))
1441.9179952144623,0.3634871551724846,24.0,3.0,1101.0,-0.9897664071190211,true,94.8388343024476,0.08573455184202902,5.0,(((v1/0.0138263406675603)-((v1/(-17.4773514472146+v1))/(16.165359188965-v1)))-(1.30002686487272/(14.7303817295653-v1))),-0.9896953857166519,1908.502617329318,0.06571558491859947,1908.502617329318,29.0,35.34574850433817,(((v1/0.0138)-((v1/(-17.5+v1))/(16.2-v1)))-(1.3/(14.7-v1)))
948.1461050510406,0.36348721362313857,24.0,3.0,2622.0,-0.9897664071190211,true,94.83884955303296,0.08573451265596464,5.0,(((72.3257199384702*v1)-((v1/(-17.4773513269539+v1))/(16.1653592675765-v1)))-(1.30002700119764/(14.7303817213798-v1))),-0.9896953863475985,1908.5025004726294,0.06571559641396278,1908.5025004726294,29.0,35.34576127574255,(((72.3*v1)-((v1/(-17.5+v1))/(16.2-v1)))-(1.3/(14.7-v1)))
1798.5613582134247,0.36375929395031825,24.0,3.0,4.0,-0.9848720800889877,true,110.16996870461253,0.0925519695698127,5.0,(((v1/0.0138286122390742)-((v1/(v1-17.4778530624141))/(16.1652231483507-v1)))-((5.19600796234816-v1)/90.2516607485316)),-0.9853673663192707,2710.0887922822517,0.0727966537916947,2710.0887922822517,29.0,42.88551896093562,(((v1/0.0138)-((v1/(v1-17.5))/(16.2-v1)))-((5.2-v1)/90.3))
1798.281331062317,0.3884643780198283,24.0,0.0,5.0,-0.9848720800889877,true,114.48481570153353,0.09623319890835777,5.0,((v1*(77.1984070484346-sqrt_abs(((v1/(-17.4688662952591+v1))--11.6692519004285))))-sqrt_abs((10.4452195804864/(14.7186434080002-v1)))),-0.9857813456457318,2633.416283603477,0.06925837894168385,2633.416283603477,531.0,40.12769515236837,((v1*(77.2-sqrt_abs(((v1/(-17.5+v1))--11.7))))-sqrt_abs((10.4/(14.7-v1))))
1759.9184591770172,0.36348637912637843,24.0,3.0,122.0,-0.9897664071190211,true,94.83863182126765,0.08573507209181962,5.0,(((72.3256756532161*v1)-((v1/(v1-17.4773523983634))/(16.1653580012716-v1)))-(1.30002548917396/(14.7303818253841-v1))),-0.9896953636403681,1908.5067060457257,0.06571552240636232,1908.5067060457257,29.0,35.34566845787374,(((72.3*v1)-((v1/(v1-17.5))/(16.2-v1)))-(1.3/(14.7-v1)))
967.0138640403748,0.36370623475520775,24.0,3.0,2565.0,-0.9897664071190211,true,94.89599520056811,0.08569810472619827,5.0,((v1*((0.0882777919274851/(-14.7303815289552+v1))--72.3193994631197))-((v1/(17.4774309871977-v1))/(-16.1653551185388+v1))),-0.9896995721246552,1907.727258794616,0.0656883616274984,1907.727258794616,33.0,35.330094495644616,((v1*((0.0883/(-14.7+v1))--72.3))-((v1/(17.5-v1))/(-16.2+v1)))
1789.3969280719757,0.36348462952567023,24.0,3.0,32.0,-0.9897664071190211,true,94.83817532620503,0.08573624500587382,5.0,(((v1/0.013826366289961)-((v1/(-17.4773548015906+v1))/(16.1653553460638-v1)))-(1.30002232447994/(14.7303820433444-v1))),-0.9896953193729381,1908.5149047520354,0.0657153439370425,1908.5149047520354,29.0,35.345449938565096,(((v1/0.0138)-((v1/(-17.5+v1))/(16.2-v1)))-(1.3/(14.7-v1)))
1799.236414194107,0.38883647641795277,24.0,0.0,2.0,-0.9808676307007786,true,126.5753009121272,0.10406637870463847,5.0,((v1*pow2((-8.56051726587712-(0.283025891266326/(16.7701023305086-v1)))))-((4.47363700361743/(14.7258369149414-v1))/sqrt_abs(v1))),-0.9855878829211274,2669.247233322758,0.0683333918259127,2669.247233322758,82.0,38.690793506341464,((v1*pow2((-8.56-(0.283/(16.8-v1)))))-((4.47/(14.7-v1))/sqrt_abs(v1)))
1794.447329044342,0.36274040912064104,24.0,3.0,17.0,-0.9848720800889877,true,108.65191702443985,0.09168827025598858,5.0,((v1*(79.3376120004375-(0.016781640631289*(426.716071254462-v1))))-((v1/(17.4793510173297-v1))/(-16.1645981740685+v1))),-0.9854261934751741,2699.1935003358685,0.07234154759091257,2699.1935003358685,33.0,42.304355570788765,((v1*(79.3-(0.0168*(427.0-v1))))-((v1/(17.5-v1))/(-16.2+v1)))
1785.1399040222168,0.38435505762006433,24.0,2.5,45.0,-0.9911012235817576,true,112.8316235610564,0.08322244967463172,5.0,((v1*(73.3976481697965+(-0.0882042773157467/(14.7286448564987-v1))))-(v1/(0.297690070048784-sqrt_abs(pow3((-17.0508859025738+v1)))))),-0.9886276384776665,2106.258529798827,0.06504946304918159,2106.258529798827,526.0,35.61439180691329,((v1*(73.4+(-0.0882/(14.7-v1))))-(v1/(0.298-sqrt_abs(pow3((-17.1+v1))))))
1783.5634779930115,0.3636939933665824,24.0,3.0,50.0,-0.9897664071190211,true,94.89280125269141,0.08570630918334135,5.0,((v1*(72.318750112408+(-0.0882759156056218/(14.7303832259309-v1))))-((v1/(17.4774568089152-v1))/(-16.1653386799915+v1))),-0.9896994369536716,1907.7522936158016,0.06568587900005422,1907.7522936158016,33.0,35.327341927652405,((v1*(72.3+(-0.0883/(14.7-v1))))-((v1/(17.5-v1))/(-16.2+v1)))
1794.4364700317383,0.363694028357749,24.0,3.0,17.0,-0.9897664071190211,true,94.89281038237152,0.08570628570240463,5.0,((v1*(72.318751967724+(0.0882759181697306/(-14.7303832226584+v1))))-((v1/(17.4774557964406-v1))/(v1-16.1653387395582))),-0.9896994178601713,1907.7558298951963,0.06568602566173223,1907.7558298951963,33.0,35.327493244331244,((v1*(72.3+(0.0883/(-14.7+v1))))-((v1/(17.5-v1))/(v1-16.2)))
967.0138640403748,0.36370623475520775,24.0,3.0,2565.0,-0.9897664071190211,true,94.89599520056811,0.08569810472619827,5.0,((v1*((0.0882777919274851/(-14.7303815289552+v1))--72.3193994631197))-((v1/(17.4774309871977-v1))/(-16.1653551185388+v1))),-0.9896995721246552,1907.727258794616,0.0656883616274984,1907.727258794616,33.0,35.330094495644616,((v1*((0.0883/(-14.7+v1))--72.3))-((v1/(17.5-v1))/(-16.2+v1)))
691.0317361354828,0.3637033582408865,24.0,3.0,3417.0,-0.9897664071190211,true,94.89524467813231,0.08570003230420496,5.0,((v1*(72.3192468654307+(0.0882772793827056/(-14.7303817856042+v1))))-((v1/(17.4774385027083-v1))/(-16.1653430590582+v1))),-0.9896995815944506,1907.7255049075882,0.06568708262978915,1907.7255049075882,33.0,35.32859940029448,((v1*(72.3+(0.0883/(-14.7+v1))))-((v1/(17.5-v1))/(-16.2+v1)))
1655.7694120407104,0.384354463108427,24.0,2.5,443.0,-0.9911012235817576,true,112.8314422179194,0.08322244573835606,5.0,((v1*(73.3976166126719+(-0.0882043236871786/(14.7286449062496-v1))))-(v1/(0.297690797780763-sqrt_abs(pow3((17.0508743204349-v1)))))),-0.9886277693667822,2106.234288016169,0.06504862291151732,2106.234288016169,526.0,35.61356560589293,((v1*(73.4+(-0.0882/(14.7-v1))))-(v1/(0.298-sqrt_abs(pow3((17.1-v1))))))
1799.985454082489,0.36169464564424747,24.0,3.0,0.0,-0.9839822024471635,true,111.91224172438547,0.09051705945354911,5.0,((v1*((-0.000441058720514056/(3.9334160248853-v1))--72.2032831545983))-((v1/(17.4866995078003-v1))/(-16.1633836923674+v1))),-0.9857733312720441,2634.9006140925903,0.06777786797469403,2634.9006140925903,33.0,41.52000360706388,((v1*((-0.000441/(3.93-v1))--72.2))-((v1/(17.5-v1))/(-16.2+v1)))
1797.7614500522614,0.37454599066441757,25.0,0.0,6.0,-0.982202447163515,true,102.02967506899608,0.0906696278346653,5.0,((v1*(76.3491690005938-sqrt_abs((-11.798515433421-(v1/(-17.4537424266958+v1))))))-((18.8955931344005/v1)/(14.7285301532955-v1))),-0.9859016297596463,2611.1386378889792,0.07042215983884158,2611.1386378889792,525.0,41.16196989272939,((v1*(76.3-sqrt_abs((-11.8-(v1/(-17.5+v1))))))-((18.9/v1)/(14.7-v1)))
1799.4029400348663,0.37399887746605165,25.0,0.0,1.0,-0.9799777530589544,true,222.39141420770716,0.09128492298026192,5.0,((v1*(76.4919246401414-sqrt_abs(((v1/(-17.4403678042934+v1))--11.9155181766201))))-((16.2193493261871-v1)/(14.7287581461531-v1))),-0.9786150726336571,3960.671280633546,0.07551288206157972,3960.671280633546,525.0,46.38506619435442,((v1*(76.5-sqrt_abs(((v1/(-17.4+v1))--11.9))))-((16.2-v1)/(14.7-v1)))
1798.429748058319,0.37275591727838897,25.0,3.0,4.0,-0.9844271412680756,true,111.45182665936682,0.08693154310319526,4.0,(((72.1648506820841*v1)-((v1/(-17.4859167574114+v1))/(16.1635834866778-v1)))-(-15.140790608783/((v1+v1)-v1))),-0.9853612707602968,2711.217741890236,0.07280172104307898,2711.217741890236,32.0,43.00481093972624,(((72.2*v1)-((v1/(-17.5+v1))/(16.2-v1)))-(-15.1/((v1+v1)-v1)))
1799.7409400939941,0.37544550350741446,25.0,3.0,0.0,-0.9826473859844271,true,195.5038081763944,0.08564624938317958,5.0,(((72.1896130225894*v1)-(-41.1477184851224/(16.3527123921579-v1)))-(log((v1*(0.0166060872424897*v1)))/(14.7283035132299-v1))),-0.9841055813623176,2943.78214815516,0.06757905338458305,2943.78214815516,392.0,37.23472259820129,(((72.2*v1)-(-41.1/(16.4-v1)))-(log((v1*(0.0166*v1)))/(14.7-v1)))
1799.756795167923,0.3737101010456673,25.0,0.0,0.0,-0.9848720800889877,true,129.0299428761491,0.09001965305298099,5.0,((v1*(75.8184169412908-sqrt_abs((-7.99568590273087-(v1/(-17.536429040854+v1))))))-((15.1729506695431-v1)/(14.7226676980543-v1))),-0.9841828739040739,2929.466908963712,0.07297854055247407,2929.466908963712,525.0,44.15159294800017,((v1*(75.8-sqrt_abs((-8.0-(v1/(-17.5+v1))))))-((15.2-v1)/(14.7-v1)))
1797.517643213272,0.3752074585308972,25.0,0.0,7.0,-0.9870967741935484,true,102.10612733766584,0.08717460857556228,5.0,((v1*(76.2976161042387-sqrt_abs(((v1/(-17.4661114851069+v1))--11.6940779755625))))-((v1/12.1527601112368)/(14.7269111654698-v1))),-0.9872254810484334,2365.950067008861,0.06911225557103866,2365.950067008861,525.0,39.92886447795157,((v1*(76.3-sqrt_abs(((v1/(-17.5+v1))--11.7))))-((v1/12.2)/(14.7-v1)))
1799.8069732189178,0.3677741816649871,25.0,5.0,0.0,-0.9773081201334817,true,226.66504548425678,0.09603607921743362,5.0,(((71.6579312665646*v1)-((v1/(11.5594600365202-pow3((18.4277949215795-v1))))/(16.1696750377204-v1)))-(-21.1873120394243/v1)),-0.973806800048479,4851.2044496891185,0.08290047878315465,4851.2044496891185,64.0,53.827176838783856,(((71.7*v1)-((v1/(11.6-pow3((18.4-v1))))/(16.2-v1)))-(-21.2/v1))
1799.259523153305,0.3782210638807629,25.0,0.0,2.0,-0.9835372636262514,true,127.17905792493275,0.09286724163871982,5.0,((v1*(76.6924123548352-sqrt_abs((-11.8069959524758-(v1/(-17.4533013732924+v1))))))-((18.1734363753774-v1)/(16.8032997250241-v1))),-0.983502877822928,3055.407993700652,0.07426840620752384,3055.407993700652,525.0,44.95055487587035,((v1*(76.7-sqrt_abs((-11.8-(v1/(-17.5+v1))))))-((18.2-v1)/(16.8-v1)))
1799.5625131130219,0.3775536069120824,25.0,0.0,1.0,-0.9862068965517241,true,108.46539091219552,0.08946004878049647,5.0,((v1*(76.606060316335-sqrt_abs(((v1/(-17.5000516313024+v1))--11.4098739362683))))-((16.250656176492-v1)/(14.7281654524148-v1))),-0.9868985369546764,2426.502906882142,0.06947215673344802,2426.502906882142,525.0,40.121963142046454,((v1*(76.6-sqrt_abs(((v1/(-17.5+v1))--11.4))))-((16.3-v1)/(14.7-v1)))
1799.255294084549,0.4137101165646896,25.0,0.0,2.0,-0.978642936596218,true,223.80566658738098,0.0912167906794249,5.0,((v1*(77.3072279574882-sqrt_abs((1.15730467602981*v1))))-(((30.3538171800242/(16.6194026875704-v1))-v1)/(14.7287570059425-v1))),-0.9796260499790008,3773.429637560397,0.07265234286371322,3773.429637560397,38.0,42.81764360724825,((v1*(77.3-sqrt_abs((1.16*v1))))-(((30.4/(16.6-v1))-v1)/(14.7-v1)))
1799.6744220256805,0.3750742953738923,25.0,0.0,1.0,-0.9799777530589544,true,124.41797814362087,0.09048287366038754,5.0,((v1*(76.3953577785798-sqrt_abs((10.8932507504104-(v1/(17.4498162189791-v1))))))-((16.2407966822198-v1)/(14.7292712830218-v1))),-0.9842661543611575,2914.0426566873944,0.0724091129427247,2914.0426566873944,525.0,43.36988297384518,((v1*(76.4-sqrt_abs((10.9-(v1/(17.4-v1))))))-((16.2-v1)/(14.7-v1)))
1799.338151216507,0.3881743858503752,25.0,1.0,2.0,-0.9799777530589544,true,167.17787999439884,0.09524159579761168,5.0,((v1*pow2((-8.62245416932653-(0.190140487453692/(16.7757469942075-v1)))))-((v1*(14.8103410267748-v1))/(14.726832650945-v1))),-0.9850200422026602,2774.4161865335655,0.06857567498160555,2774.4161865335655,87.0,38.80258045344204,((v1*pow2((-8.62-(0.19/(16.8-v1)))))-((v1*(14.8-v1))/(14.7-v1)))
1795.4440121650696,0.3624107428628587,25.0,3.0,14.0,-0.9848720800889877,true,110.25542958746223,0.09280532702781388,5.0,((v1*(77.0809795407662-(0.268343725342638*sqrt_abs((v1-330.140780278174)))))-((v1/(17.4807395351978-v1))/(-16.1644094518783+v1))),-0.985364471853135,2710.6248721435322,0.0724682470407124,2710.6248721435322,43.0,42.49204917438006,((v1*(77.1-(0.268*sqrt_abs((v1-330.0)))))-((v1/(17.5-v1))/(-16.2+v1)))
1799.9789071083069,0.3704902832690551,25.0,0.0,0.0,-0.9728587319243605,true,242.54638463051697,0.0997534779524526,5.0,((v1*(72.692817245588+(-0.0405613697549585/((14.7301549621333-v1)/sqrt_abs((19.5567685913845-v1))))))-(v1/(-4117.97912575705-v1))),-0.9733344822864791,4938.681735126617,0.07907066803694286,4938.681735126617,62.0,50.641416857873885,((v1*(72.7+(-0.0406/((14.7-v1)/sqrt_abs((19.6-v1))))))-(v1/(-4120.0-v1)))
1738.007481098175,0.37434662884219216,26.0,0.0,189.0,-0.9915461624026697,true,104.28712871255425,0.08138590120199976,6.0,((v1*pow2((-8.50846712314697-(0.342547783138982/(16.766472427008-v1)))))-((-3.06847386109551/(-17.2348553645493+v1))/(14.7264024741763-v1))),-0.9886635666309982,2099.604328798784,0.06482841715047412,2099.604328798784,78.0,34.72195299593516,((v1*pow2((-8.51-(0.343/(16.8-v1)))))-((-3.07/(-17.2+v1))/(14.7-v1)))
1309.254229068756,0.3636939152763626,26.0,3.0,1512.0,-0.9897664071190211,true,94.89278087787125,0.08570636157999365,5.0,(((v1*72.3187459717253)-((v1/(-17.4774588627847+v1))/(16.1653385495166-v1)))-((0.0882759095299987*v1)/(14.7303832335588-v1))),-0.9896994752703479,1907.7451970399484,0.06568558229501971,1907.7451970399484,35.0,35.327035680261815,(((v1*72.3)-((v1/(-17.5+v1))/(16.2-v1)))-((0.0883*v1)/(14.7-v1)))
1799.0602850914001,0.14883574324382692,26.0,3.0,2.0,-0.9835372636262514,true,108.03370034277714,0.08875021937419549,5.0,(((72.5422902551223*v1)-((v1/(v1-17.468761249448))/(16.1668305019157-v1)))-(-9.4786862733515/((23.7211936874366/v1)-v1))),-0.9867538234547865,2453.3050836263396,0.06020032155035794,2453.3050836263396,31.0,40.38927752816652,(((72.5*v1)-((v1/(v1-17.5))/(16.2-v1)))-(-9.48/((23.7/v1)-v1)))
1745.8371360301971,0.3760045412635728,26.0,0.0,165.0,-0.9906562847608453,true,102.59988368453628,0.08083538591130278,6.0,((v1*pow2((-8.51364608854947-(0.342370697633056/(16.766486711892-v1)))))-((-3.23588804661096/(v1-17.2359517512199))/(14.7265750735858-v1))),-0.9886445243376073,2103.131124249552,0.06531415348644239,2103.131124249552,78.0,35.311461396677686,((v1*pow2((-8.51-(0.342/(16.8-v1)))))-((-3.24/(v1-17.2))/(14.7-v1)))
1792.1684370040894,0.38956634095811193,26.0,0.0,23.0,-0.9826473859844271,true,140.04207830850805,0.09878189619477144,6.0,((v1*pow2(((0.25229749588999/(16.7719420525113-v1))--8.56061809753702)))-(((0.316870945787587*v1)-3.47640626770729)/(14.7261736865969-v1))),-0.9856935106409945,2649.6840770234794,0.06825886322740554,2649.6840770234794,78.0,38.499906406541825,((v1*pow2(((0.252/(16.8-v1))--8.56)))-(((0.317*v1)-3.48)/(14.7-v1)))
1799.0814361572266,0.3916126289806367,26.0,3.0,2.0,-0.9844271412680756,true,112.20876758365398,0.08217726754185402,5.0,(((71.379113391004*v1)-((v1/(-17.4956021884795+v1))/(16.1622376299166-v1)))-(-49.5020317424135/((4.17272401635089+v1)-v1))),-0.98512402108176,2755.1584096335855,0.07412192274448938,2755.1584096335855,31.0,43.72573521831143,(((71.4*v1)-((v1/(-17.5+v1))/(16.2-v1)))-(-49.5/((4.17+v1)-v1)))
1787.607948064804,0.3636940223150107,26.0,3.0,37.0,-0.9897664071190211,true,94.89280880573739,0.08570628975715568,5.0,(((72.3187516473173*v1)-((v1/(-17.4774559628392+v1))/(16.1653387293713-v1)))-((0.0882759177124131*v1)/(14.7303832232369-v1))),-0.9896994209826658,1907.7552515825475,0.06568600159016375,1907.7552515825475,35.0,35.3274684035905,(((72.3*v1)-((v1/(-17.5+v1))/(16.2-v1)))-((0.0883*v1)/(14.7-v1)))
1799.7679271697998,0.3849694415379832,26.0,3.0,0.0,-0.9897664071190211,true,111.49401899181498,0.08236963680902006,5.0,(((73.4472386211552*v1)-((v1/(v1-17.5115846967732))/(16.5336112606907-v1)))-((v1/11.3222928373833)/(14.7287336754868-v1))),-0.9883484361355578,2157.969189317651,0.066511201637998,2157.969189317651,35.0,37.17958958519565,(((73.4*v1)-((v1/(v1-17.5))/(16.5-v1)))-((v1/11.3)/(14.7-v1)))
1357.5584330558777,0.3636966104091263,26.0,3.0,1363.0,-0.9897664071190211,true,94.89348407534595,0.08570455509966401,5.0,(((72.3188889262847*v1)-((v1/(-17.4774519033003+v1))/(16.1653426714828-v1)))-((0.0882762275435221*v1)/(14.7303829032847-v1))),-0.9896994784160117,1907.7446144361322,0.06568633860781073,1907.7446144361322,35.0,35.32786694977999,(((72.3*v1)-((v1/(-17.5+v1))/(16.2-v1)))-((0.0883*v1)/(14.7-v1)))
1548.6239709854126,0.375291425653242,26.0,0.0,774.0,-0.9911012235817576,true,100.1479600881994,0.09376658697556835,6.0,((v1*pow2((-8.51499820649024-(0.299967345589961/(16.7690374852492-v1)))))-((-3.04254179727066/(-17.2361422100484+v1))/(14.7266407850804-v1))),-0.9883762010690419,2152.826886387406,0.06517976423056944,2152.826886387406,78.0,35.107118816769656,((v1*pow2((-8.51-(0.3/(16.8-v1)))))-((-3.04/(-17.2+v1))/(14.7-v1)))
1797.8284912109375,0.39499063593929074,26.0,0.0,6.0,-0.9839822024471635,true,137.71260479386206,0.08506305012896549,6.0,((v1*pow2((-8.5575406080973-(0.256253934688056/(16.7717014811589-v1)))))-((10.8510919683847-(142.279754390846/v1))/(14.7261645484525-v1))),-0.9857167216273315,2645.3852040179595,0.0685349180878568,2645.3852040179595,78.0,38.48650939820048,((v1*pow2((-8.56-(0.256/(16.8-v1)))))-((10.9-(142.0/v1))/(14.7-v1)))
1796.2114470005035,0.3616925385992547,26.0,3.0,11.0,-0.9839822024471635,true,111.91204443237052,0.09051743009420637,5.0,(((72.2033240519623*v1)-((v1/(v1-17.4866927645167))/(16.1633841222427-v1)))-(0.00257150786476639/((15.4718241128792/v1)-v1))),-0.9857735061114535,2634.86823233998,0.06777717451987095,2634.86823233998,31.0,41.51929738958567,(((72.2*v1)-((v1/(v1-17.5))/(16.2-v1)))-(0.00257/((15.5/v1)-v1)))
1791.9259700775146,0.36369618690714217,26.0,3.0,24.0,-0.9897664071190211,true,94.89337357781136,0.08570483894650818,5.0,(((72.3188664627108*v1)-((v1/(v1-17.4774523976975))/(16.165342019483-v1)))-((v1/11.3280844458217)/(14.7303829551205-v1))),-0.9896994655087727,1907.7470049670783,0.0656863083305408,1907.7470049670783,35.0,35.3278271117256,(((72.3*v1)-((v1/(v1-17.5))/(16.2-v1)))-((v1/11.3)/(14.7-v1)))
1390.7955281734467,0.3761379136965542,26.0,0.0,1259.0,-0.9911012235817576,true,99.30965330394042,0.09300935071452059,6.0,((v1*pow2((-8.51734270009071-(0.303361273766793/(16.7688359958271-v1)))))-((3.07993402559453/(17.2362234460408-v1))/(14.7266278997967-v1))),-0.9884236246751062,2144.043629313604,0.0651286222300829,2144.043629313604,78.0,35.063079362247535,((v1*pow2((-8.52-(0.303/(16.8-v1)))))-((3.08/(17.2-v1))/(14.7-v1)))
1799.4844191074371,0.3631943408478724,26.0,3.0,1.0,-0.9848720800889877,true,110.72939073218504,0.0930101658977499,5.0,(((72.2832560028411*v1)-((v1/(v1-17.4817032664674))/(16.1643029026348-v1)))-((v1/(-515.432549474193/v1))/10437.4160351117)),-0.9853543148692869,2712.506032342776,0.07258555651314101,2712.506032342776,33.0,42.666675311764905,(((72.3*v1)-((v1/(v1-17.5))/(16.2-v1)))-((v1/(-515.0/v1))/10400.0))
1346.3400440216064,0.3636966687310853,26.0,3.0,1398.0,-0.9897664071190211,true,94.893499292353,0.08570451601118872,5.0,(((72.3188920200145*v1)-((v1/(-17.4774517841445+v1))/(16.1653427499179-v1)))-((-0.0882762365746599*v1)/(v1-14.730382895179))),-0.9896994791479771,1907.7444788698826,0.0656863498715016,1907.7444788698826,35.0,35.32787948586861,(((72.3*v1)-((v1/(-17.5+v1))/(16.2-v1)))-((-0.0883*v1)/(v1-14.7)))
1532.8292701244354,0.3750915286694321,26.0,0.0,822.0,-0.9911012235817576,true,98.50983014539543,0.0925983245756571,6.0,((v1*pow2(((0.303305257869916/(16.7688361353074-v1))--8.51409519860207)))-((-3.04020646981703/(-17.2359871811268+v1))/(14.7266237517659-v1))),-0.9884094335195593,2146.6719525831018,0.06512653585375074,2146.6719525831018,78.0,35.04471571771048,((v1*pow2(((0.303/(16.8-v1))--8.51)))-((-3.04/(-17.2+v1))/(14.7-v1)))
1791.9849181175232,0.3636940429493631,26.0,3.0,24.0,-0.9897664071190211,true,94.89281418952578,0.0857062759088222,5.0,(((v1/0.0138276721056907)-((v1/(v1-17.4774553145653))/(16.1653387650357-v1)))-((0.0882759190769294*v1)/(14.7303832213815-v1))),-0.9896994086567017,1907.7575344564332,0.06568609568644039,1907.7575344564332,35.0,35.32756545369216,(((v1/0.0138)-((v1/(v1-17.5))/(16.2-v1)))-((0.0883*v1)/(14.7-v1)))
1510.954644203186,0.3752876164870477,26.0,0.0,889.0,-0.9911012235817576,true,100.11722329518398,0.09374467625789631,6.0,((v1*pow2((-8.51498108625834-(0.300029906704813/(16.7690337114928-v1)))))-((3.04248032232923/(14.7266404436984-v1))/(17.2361391737759-v1))),-0.9883768419533062,2152.708189145346,0.06517873724447104,2152.708189145346,78.0,35.10591595920958,((v1*pow2((-8.51-(0.3/(16.8-v1)))))-((3.04/(14.7-v1))/(17.2-v1)))
1798.9421191215515,0.36890253299363457,26.0,3.0,3.0,-0.9826473859844271,true,196.23184637506802,0.08647703127476307,5.0,(((72.3985814185646*v1)-((v1/(-0.395730442857633-(v1-v1)))/(16.355210332857-v1)))-(1.27989574886104/(14.72825279305-v1))),-0.984030146655282,2957.7533004813336,0.06788540547625509,2957.7533004813336,41.0,37.38236378185157,(((72.4*v1)-((v1/(-0.396-(v1-v1)))/(16.4-v1)))-(1.28/(14.7-v1)))
1799.5658609867096,0.36151742758920197,26.0,3.0,1.0,-0.985761957730812,true,112.82268234170238,0.09421625945181827,5.0,((v1*((-0.253844877279024/(v1+(-18.400828409485+v1)))--72.1646811819972))-((v1/(17.4901895816719-v1))/(-16.1627527973242+v1))),-0.9859415536452338,2603.744393131977,0.06970223986729837,2603.744393131977,37.0,41.01001157607329,((v1*((-0.254/(v1+(-18.4+v1)))--72.2))-((v1/(17.5-v1))/(-16.2+v1)))
1766.440505027771,0.3752915288336591,26.0,0.0,102.0,-0.9911012235817576,true,100.1488989636839,0.09376725847354503,6.0,((v1*pow2((-8.51499869169937-(-0.299965399516119/(v1-16.7690376025804)))))-((3.04254562852072/(14.7266408043556-v1))/(17.2361423083465-v1))),-0.9883761810693963,2152.830590492666,0.06517979852723223,2152.830590492666,78.0,35.10715907916224,((v1*pow2((-8.51-(-0.3/(v1-16.8)))))-((3.04/(14.7-v1))/(17.2-v1)))
1797.6214032173157,0.14396164235892886,26.0,0.0,7.0,-0.9839822024471635,true,146.89357549279248,0.07162286650745756,6.0,((v1*pow2((-8.57378639116066-(0.244117963993154/(16.7724448360755-v1)))))-((11.7209029599548/(14.7260843958744-v1))/(-4.90843394052821+v1))),-0.9875537354000729,2305.154556179701,0.05484909891326099,2305.154556179701,78.0,34.76310629254923,((v1*pow2((-8.57-(0.244/(16.8-v1)))))-((11.7/(14.7-v1))/(-4.91+v1)))
1663.8758900165558,0.3636939559518119,26.0,3.0,418.0,-0.9897664071190211,true,94.89279149065948,0.08570633428884213,5.0,(((v1/0.0138276729876818)-((v1/(v1-17.4774578301057))/(16.1653386170242-v1)))-((v1*0.0882759127601443)/(14.7303832295258-v1))),-0.9896994560866503,1907.7487500246602,0.06568573131707442,1907.7487500246602,35.0,35.32718951971485,(((v1/0.0138)-((v1/(v1-17.5))/(16.2-v1)))-((v1*0.0883)/(14.7-v1)))
1664.5020651817322,0.36369643373061616,26.0,3.0,416.0,-0.9897664071190211,true,94.89343797747506,0.0857046735168428,5.0,(((72.3188795549508*v1)-((v1/(-17.477452074167+v1))/(16.1653423920538-v1)))-((0.0882762083607401*v1)/(14.7303829242784-v1))),-0.989699472306716,1907.7457459298942,0.06568633091012115,1907.7457459298942,35.0,35.327855242215854,(((72.3*v1)-((v1/(-17.5+v1))/(16.2-v1)))-((0.0883*v1)/(14.7-v1)))
1799.904107093811,0.37644982547104544,26.0,1.0,0.0,-0.9826473859844271,true,124.85807939662732,0.09294540655667921,5.0,((v1*(76.3612089436602-sqrt_abs(((v1/(-17.4972521532584+v1))--11.4348621849778))))-((179.231449059693-pow2(v1))/(709.3144427463-v1))),-0.9826018331186624,3222.2891722810486,0.0755224376472194,3222.2891722810486,531.0,46.55592595115463,((v1*(76.4-sqrt_abs(((v1/(-17.5+v1))--11.4))))-((179.0-pow2(v1))/(709.0-v1)))
1795.394986152649,0.35722369746374405,26.0,3.0,14.0,-0.9862068965517241,true,113.9724608075635,0.09401936020381306,5.0,((v1*(72.0036471580598+(0.45100483458909/(v1+(-22.0269141509314+v1)))))-((v1/(17.4949041654488-v1))/(v1-16.1622084571311))),-0.9857662227154727,2636.2171795116287,0.07165977936218201,2636.2171795116287,37.0,42.10163139836464,((v1*(72.0+(0.451/(v1+(-22.0+v1)))))-((v1/(17.5-v1))/(v1-16.2)))
1799.6788311004639,0.3885146972566472,26.0,0.0,1.0,-0.9839822024471635,true,135.630990368325,0.1005727468755586,6.0,((v1*pow2((-8.56237755318053-(0.262620118143494/(16.7713272001291-v1)))))-((-0.180715563441838*(v1-21.259659573746))/(14.726046431114-v1))),-0.9856877085999899,2650.758664595487,0.06821131731604775,2650.758664595487,78.0,38.514034855782924,((v1*pow2((-8.56-(0.263/(16.8-v1)))))-((-0.181*(v1-21.3))/(14.7-v1)))
1293.3857231140137,0.3745836291984536,26.0,0.0,1562.0,-0.9919911012235818,true,99.39224785191186,0.08966959257100547,6.0,((v1*pow2((-8.5118074181231-(0.311700864086636/(16.7683295694039-v1)))))-((-3.03037925192923/(v1-17.2356044228869))/(14.7265720654261-v1))),-0.9884830278859323,2133.041647073226,0.06498751913625328,2133.041647073226,78.0,34.881610341454824,((v1*pow2((-8.51-(0.312/(16.8-v1)))))-((-3.03/(v1-17.2))/(14.7-v1)))
1798.691435098648,0.36318773698618284,26.0,3.0,4.0,-0.9844271412680756,true,110.73460981100652,0.09301458505782242,5.0,((v1*(72.4612065731158-(4.5427354906753/(v1+(25.4780684772221-v1)))))-((v1/(17.4817615996016-v1))/(-16.1642837993931+v1))),-0.9853536550774241,2712.6282314336163,0.07259272950880566,2712.6282314336163,37.0,42.67375325104864,((v1*(72.5-(4.54/(v1+(25.5-v1)))))-((v1/(17.5-v1))/(-16.2+v1)))
1740.198898077011,0.3753079641218336,26.0,0.0,183.0,-0.9906562847608453,true,103.3075451622085,0.081027685310668,6.0,((v1*pow2((-8.51148378101456-(0.342395050387813/(16.7664857586124-v1)))))-((3.25730862884618/(17.23553351051-v1))/(14.7267093962224-v1))),-0.9886613588393969,2100.0132306687415,0.06511299228060467,2100.0132306687415,78.0,35.06430208150688,((v1*pow2((-8.51-(0.342/(16.8-v1)))))-((3.26/(17.2-v1))/(14.7-v1)))
1799.9465351104736,0.3805385190841433,26.0,2.5,0.0,-0.985761957730812,true,119.06559369649631,0.08871981646252441,5.0,((v1*(74.0852091124348+(10.973578337842/((-12.2070643422862+v1)-v1))))-(v1/(0.307986220675346-sqrt_abs(pow3((-17.0501215574473+v1)))))),-0.9837604753224671,3007.698735637251,0.07335794952649416,3007.698735637251,530.0,44.382036219130505,((v1*(74.1+(11.0/((-12.2+v1)-v1))))-(v1/(0.308-sqrt_abs(pow3((-17.1+v1))))))
1799.9534602165222,0.3804606320331303,26.0,3.0,0.0,-0.9773081201334817,true,252.48153674776677,0.10171022713546551,5.0,((v1*(73.2188209846025+(0.0891498468083743/(-14.7294829321321+v1))))-((v1/((-12.5489027425924-v1)-v1))/(v1-16.7903424274422))),-0.974921893734709,4644.679570618531,0.0755229122905411,4644.679570618531,45.0,46.917674636289846,((v1*(73.2+(0.0891/(-14.7+v1))))-((v1/((-12.5-v1)-v1))/(v1-16.8)))
1799.9726250171661,0.3891583229812907,26.0,0.0,0.0,-0.9808676307007786,true,130.68198997242098,0.10246839410720243,6.0,((v1*pow2((-8.56066972811716-(0.27365119512761/(16.7706639088689-v1)))))-((-0.0519520712335473*(-7.85199067163331-v1))/(14.7259358959302-v1))),-0.9856513044294574,2657.501028048643,0.06829345361650135,2657.501028048643,78.0,38.60564516399701,((v1*pow2((-8.56-(0.274/(16.8-v1)))))-((-0.052*(-7.85-v1))/(14.7-v1)))
1711.0697751045227,0.36379954787241753,27.0,3.0,272.0,-0.9897664071190211,true,94.92034188554823,0.08570203031439796,5.0,(((72.3195640616476*v1)-((v1/(-17.4774994228405+v1))/(16.1653330128599-v1)))-(log((0.249100652237126*v1))/(14.7303842208217-v1))),-0.9897012246975208,1907.4211881788185,0.06566529391121548,1907.4211881788185,50.0,35.31629867418466,(((72.3*v1)-((v1/(-17.5+v1))/(16.2-v1)))-(log((0.249*v1))/(14.7-v1)))
1773.4758150577545,0.363797461790285,27.0,3.0,80.0,-0.9897664071190211,true,94.9197975978206,0.08570342880639446,5.0,(((72.3194533577879*v1)-((v1/(v1-17.4775025252799))/(16.1653298370871-v1)))-(log((0.249099710233565*v1))/(14.7303844796416-v1))),-0.989701173818524,1907.4306114037947,0.06566504782329677,1907.4306114037947,50.0,35.31600373552328,(((72.3*v1)-((v1/(v1-17.5))/(16.2-v1)))-(log((0.249*v1))/(14.7-v1)))
1799.3875122070312,0.3535996441357651,27.0,3.0,1.0,-0.9795328142380423,true,225.92436826446874,0.09266539937665534,4.0,((v1*(72.7721526071701+(((14.8180423244858-v1)/v1)/((-14.7316067056571+v1)/v1))))-((v1/v1)/(-16.0961091006979+v1))),-0.9782786732119538,4022.975328037467,0.07616240435494864,4022.975328037467,119.0,46.30286557617743,((v1*(72.8+(((14.8-v1)/v1)/((-14.7+v1)/v1))))-((v1/v1)/(-16.1+v1)))
1751.7683720588684,0.3721725830969531,27.0,0.0,147.0,-0.9919911012235818,true,106.18024289288451,0.0835396485484799,6.0,((v1*pow2((-8.50146086482224-(0.341942774733369/(16.7665156250183-v1)))))-pow3(((-0.139040772984917/(-17.2371542645273+v1))/(14.728757495578-v1)))),-0.988206643587951,2184.230380739701,0.06492243880389795,2184.230380739701,8257.0,34.734535098914556,((v1*pow2((-8.5-(0.342/(16.8-v1)))))-pow3(((-0.139/(-17.2+v1))/(14.7-v1))))
1784.2916061878204,0.36317924657106887,27.0,5.0,47.0,-0.9862068965517241,true,94.75849668276993,0.08621762475746227,5.0,((v1*(71.2984594197662-((-14.6428364689115+v1)/(14.7307838148839-v1))))-((v1/pow3((17.8446682527677-v1)))/(-16.1091859791027+v1))),-0.9882951354090693,2167.8409393134953,0.06828054061135351,2167.8409393134953,75.0,38.11738721995604,((v1*(71.3-((-14.6+v1)/(14.7-v1))))-((v1/pow3((17.8-v1)))/(-16.1+v1)))
1782.331080198288,0.37357588351752524,27.0,0.0,53.0,-0.9919911012235818,true,102.25067754730071,0.08945030310764078,6.0,((v1*pow2((-8.50761575044647-(0.328533330839714/(16.7673221664715-v1)))))-((1.90765460532047/sqrt_abs((v1-17.2268321511975)))/(14.7265098045991-v1))),-0.9883727447842088,2153.4670198721633,0.06503558885790434,2153.4670198721633,93.0,34.897200062308684,((v1*pow2((-8.51-(0.329/(16.8-v1)))))-((1.91/sqrt_abs((v1-17.2)))/(14.7-v1)))
1799.7534592151642,0.36919693808596665,27.0,0.0,0.0,-0.9728587319243605,true,242.51277766337466,0.09617861131639058,5.0,((v1*(76.2365096529089-sqrt_abs((-12.5821382058832-(v1/(v1+(-596.865639830779*v1)))))))-((19.226085395562/v1)/(14.7301450982487-v1))),-0.9733134366904661,4942.579559341077,0.07920396673957517,4942.579559341077,8205.0,50.66638221011328,((v1*(76.2-sqrt_abs((-12.6-(v1/(v1+(-597.0*v1)))))))-((19.2/v1)/(14.7-v1)))
1797.2141931056976,0.3636158527524502,27.0,3.0,8.0,-0.9897664071190211,true,94.87241328395436,0.08573435354519945,5.0,(((72.3066116386359*v1)-((v1/(v1-17.4774051437432))/(16.1653447277322-v1)))-(pow3((v1/13.4966486608091))/(14.7303836150238-v1))),-0.9896969662721271,1908.2098849496008,0.06569621654535836,1908.2098849496008,50.0,35.33515547808502,(((72.3*v1)-((v1/(v1-17.5))/(16.2-v1)))-(pow3((v1/13.5))/(14.7-v1)))
1193.8473880290985,0.3637010641623595,27.0,3.0,1868.0,-0.9897664071190211,true,94.89464612126392,0.08570156937558995,5.0,(((72.3131323135388*v1)-((v1/(-17.4774416801068+v1))/(16.1653470673811-v1)))-((0.00599281182064723*pow2(v1))/(14.7303822670235-v1))),-0.989699512357926,1907.7383281035814,0.06568723639756298,1907.7383281035814,41.0,35.32883603782305,(((72.3*v1)-((v1/(-17.5+v1))/(16.2-v1)))-((0.00599*pow2(v1))/(14.7-v1)))
1799.5599901676178,0.37511595732102965,27.0,0.0,1.0,-0.9911012235817576,true,106.87781512026027,0.09425316491614116,6.0,((v1*pow2((-8.51464304240506-(0.302028688417202/(16.7689208968828-v1)))))-((1.91851918671995/(14.7266504166783-v1))/sqrt_abs((17.2268247336449-v1)))),-0.9881341045761091,2197.6652255725153,0.0654069938310884,2197.6652255725153,98.0,35.33114805145086,((v1*pow2((-8.51-(0.302/(16.8-v1)))))-((1.92/(14.7-v1))/sqrt_abs((17.2-v1))))
1782.7487602233887,0.3742055688911734,27.0,0.0,52.0,-0.9911012235817576,true,99.84770526551597,0.09350849547216328,6.0,((v1*pow2((-8.51056248504142-(0.316826392901262/(16.768028578197-v1)))))-((1.91080873733651/(14.7265727214356-v1))/sqrt_abs((v1-17.226829886283)))),-0.9882834338044585,2170.0081764766455,0.06520347619930364,2170.0081764766455,98.0,35.09355507232111,((v1*pow2((-8.51-(0.317/(16.8-v1)))))-((1.91/(14.7-v1))/sqrt_abs((v1-17.2))))
1798.928153038025,0.38890386214608935,27.0,0.0,3.0,-0.9826473859844271,true,139.95870150005885,0.0988806316551016,6.0,((v1*pow2((-8.56206672834294-(0.252771130232273/(16.7719161065699-v1)))))-((6.02542602240162/(14.7261474363212-v1))/sqrt_abs((-40.4781715396616+v1)))),-0.9856912625088766,2650.1004503018034,0.06822316838947379,2650.1004503018034,98.0,38.48938046269212,((v1*pow2((-8.56-(0.253/(16.8-v1)))))-((6.03/(14.7-v1))/sqrt_abs((-40.5+v1))))
1799.8880150318146,0.3626694320777901,27.0,2.0,0.0,-0.9773081201334817,true,244.41118755805132,0.09611369915112891,5.0,(v1*((((v1/v1)/(v1-16.1198124676061))/(sqrt_abs(((v1/(-17.1462891923843+v1))--3.6880662505117))-6.85025401808205))--72.2447765893465)),-0.974441431708893,4733.665243306853,0.08043340900743971,4733.665243306853,8229.0,50.85480135036937,(v1*((((v1/v1)/(v1-16.1))/(sqrt_abs(((v1/(-17.1+v1))--3.69))-6.85))--72.2))
1799.8941450119019,0.3726894943886956,27.0,3.0,0.0,-0.9844271412680756,true,111.42192997077996,0.08694730045157321,5.0,(((72.1698689797963*v1)-((v1/(v1-17.4857996462041))/(16.1636066118344-v1)))-(-187.496970255073/(v1*sqrt_abs((-152.708072938919-v1))))),-0.9853648098716578,2710.562268224785,0.07278435042832866,2710.562268224785,43.0,42.98949888608186,(((72.2*v1)-((v1/(v1-17.5))/(16.2-v1)))-(-187.0/(v1*sqrt_abs((-153.0-v1)))))
1315.0695731639862,0.3843675123138689,27.0,2.5,1495.0,-0.9911012235817576,true,112.83288660378503,0.08322166912088116,5.0,((v1*(73.3945135234407+(0.0229835645954238/((-14.7286451378502+v1)/sqrt_abs(v1)))))-(v1/(0.297702114081225-sqrt_abs(pow3((-17.0508583747232+v1)))))),-0.9886279129893251,2106.2076878939906,0.06504878553271266,2106.2076878939906,546.0,35.6133736066243,((v1*(73.4+(0.023/((-14.7+v1)/sqrt_abs(v1)))))-(v1/(0.298-sqrt_abs(pow3((-17.1+v1))))))
1506.4810900688171,0.36371065470284325,27.0,3.0,903.0,-0.9897664071190211,true,94.89714842613733,0.08570125882728219,5.0,((v1*(72.3158361669382+(0.0230019678281374/((-14.7303829205798+v1)/sqrt_abs(v1)))))-((v1/(17.4774595467955-v1))/(v1-16.165339736797))),-0.9896997895353473,1907.6869924766893,0.06568484467916333,1907.6869924766893,53.0,35.32688535711348,((v1*(72.3+(0.023/((-14.7+v1)/sqrt_abs(v1)))))-((v1/(17.5-v1))/(v1-16.2)))
1600.3590002059937,0.3637084184226629,27.0,3.0,615.0,-0.9897664071190211,true,94.89656494965828,0.08570275332495293,5.0,((v1*(72.3157173646338-(-0.023001006655442/((-14.7303832680704+v1)/sqrt_abs(v1)))))-((v1/(17.4774720384721-v1))/(-16.1653370822185+v1))),-0.9896999226673996,1907.662335283009,0.06568301963411992,1907.662335283009,53.0,35.324974634633655,((v1*(72.3-(-0.023/((-14.7+v1)/sqrt_abs(v1)))))-((v1/(17.5-v1))/(-16.2+v1)))
1699.3842301368713,0.3843703647484528,27.0,2.5,309.0,-0.9911012235817576,true,112.8330740891297,0.08322130005901202,5.0,((v1*(73.3946648922519+(-0.022983494552779/((14.7286449195837-v1)/sqrt_abs(v1)))))-(v1/(0.297690565850619-sqrt_abs(pow3((-17.050896467875+v1)))))),-0.9886276460628967,2106.257124949385,0.06505042651681235,2106.257124949385,546.0,35.61492569259641,((v1*(73.4+(-0.023/((14.7-v1)/sqrt_abs(v1)))))-(v1/(0.298-sqrt_abs(pow3((-17.1+v1))))))
1797.764713048935,0.3727559174258882,28.0,3.0,6.0,-0.9844271412680756,true,111.45182618676813,0.08693154284479562,5.0,(((72.1648507161655*v1)-((v1/(-17.4859167457504+v1))/(16.1635834877183-v1)))-(-4681.14521413994/((v1+(309.174436901853*v1))-v1))),-0.9853612710401295,2711.2176900628315,0.07280171977015115,2711.2176900628315,33.0,43.004809649689186,(((72.2*v1)-((v1/(-17.5+v1))/(16.2-v1)))-(-4680.0/((v1+(309.0*v1))-v1)))
1793.8538551330566,0.37657238519822656,28.0,3.0,18.0,-0.9919911012235818,true,98.252952090549,0.0795142413983792,6.0,((v1*pow2((-8.51474127757126-(0.286872620996452/(16.7697813032201-v1)))))-(((v1/(17.2817605565371-v1))-4.55217959835863)/(14.7266046144357-v1))),-0.9893963755647721,1963.8818524738008,0.06394535996815458,1963.8818524738008,90.0,33.91740770004451,((v1*pow2((-8.51-(0.287/(16.8-v1)))))-(((v1/(17.3-v1))-4.55)/(14.7-v1)))
1689.5922122001648,0.37483293298068404,28.0,3.0,338.0,-0.9919911012235818,true,99.03431990281229,0.0870820067100156,6.0,((v1*pow2((-8.51212394188549-(0.305781531029899/(16.7686761094152-v1)))))-(((-11.6152208287191+v1)/(17.2435373742468-v1))/(14.7267639285537-v1))),-0.988610341678075,2109.46204488285,0.0649838369607377,2109.46204488285,96.0,34.91173516749195,((v1*pow2((-8.51-(0.306/(16.8-v1)))))-(((-11.6+v1)/(17.2-v1))/(14.7-v1)))
1770.7943940162659,0.39029903904468116,28.0,0.0,88.0,-0.9915461624026697,true,101.8344262393486,0.07086732143354434,6.0,((v1*(77.0845716318157-sqrt_abs((-11.6305792767975-(v1/(-17.4734349963475+v1))))))-((2.55211583576017/(16.7753712774496-v1))/(14.727305130465-v1))),-0.9902303083999293,1809.430365517481,0.06223719156893945,1809.430365517481,528.0,32.13628178256457,((v1*(77.1-sqrt_abs((-11.6-(v1/(-17.5+v1))))))-((2.55/(16.8-v1))/(14.7-v1)))
1799.1241881847382,0.36869656226227465,28.0,3.0,2.0,-0.9790878754171302,true,186.91477171155861,0.10209017783535322,5.0,(((72.1083160885362*v1)-((v1/(-18.1782217751291+v1))/(16.1769688262639-v1)))-(-26.443198041612/((v1+(16.4261518774147-v1))-v1))),-0.9801648204844189,3673.644736208792,0.07549895779925893,3673.644736208792,33.0,45.590991470585294,(((72.1*v1)-((v1/(-18.2+v1))/(16.2-v1)))-(-26.4/((v1+(16.4-v1))-v1)))
1579.9814372062683,0.39028665122324924,28.0,0.0,677.0,-0.9915461624026697,true,101.83119408512408,0.07087567522107241,6.0,((v1*(77.0845716318157-sqrt_abs(((v1/(-17.4729081944899+v1))--11.6349994260319))))-((2.55211583576017/(16.7753712774496-v1))/(14.7268760642387-v1))),-0.9902242140073949,1810.5590990909213,0.06235174437989482,1810.5590990909213,528.0,32.2292999142277,((v1*(77.1-sqrt_abs(((v1/(-17.5+v1))--11.6))))-((2.55/(16.8-v1))/(14.7-v1)))
786.6178250312805,0.37656091175078954,28.0,3.0,3119.0,-0.9919911012235818,true,98.28146149226609,0.07951457549808183,6.0,((v1*pow2(((0.288512266396916/(16.7696824758892-v1))--8.51456517216242)))-(((v1/(17.2813959467726-v1))-4.55375354511132)/(14.7265878428821-v1))),-0.9894018168325053,1962.8740831944501,0.06391868126397302,1962.8740831944501,90.0,33.88720775798269,((v1*pow2(((0.289/(16.8-v1))--8.51)))-(((v1/(17.3-v1))-4.55)/(14.7-v1)))
1798.1208500862122,0.3760133190311682,28.0,1.0,5.0,-0.9853170189098999,true,134.95697405500596,0.0956908097128762,6.0,((v1*pow2(((0.286633504512953/(16.7696681356492-v1))--8.42441640004063)))-((-3.79031691606541-((-15.7798410703669+v1)/(17.2382700374561-v1)))-v1)),-0.9834004256275175,3074.3830157359716,0.07279199082357878,3074.3830157359716,78.0,43.12170883506395,((v1*pow2(((0.287/(16.8-v1))--8.42)))-((-3.79-((-15.8+v1)/(17.2-v1)))-v1))
1799.3838930130005,0.3574866173408422,28.0,0.0,1.0,-0.9808676307007786,true,214.9188401407248,0.09133447495637362,6.0,((v1*(71.9079039324338+(0.0881499984908593/(-14.7303350120132+v1))))-((v1+(973.75390900845/pow3((1530.93336662052-v1))))/(v1-16.1893355606167))),-0.9809414049967409,3529.8146486781,0.07338739601911475,3529.8146486781,45.0,43.27094564147631,((v1*(71.9+(0.0881/(-14.7+v1))))-((v1+(974.0/pow3((1530.0-v1))))/(v1-16.2)))
1799.7424700260162,0.4118073075080918,28.0,3.0,0.0,-0.9830923248053393,true,109.80842159733675,0.09091975059985526,5.0,((v1*(73.0896223178655+(((11.8457318309254-v1)/v1)/(3.90923606185118/v1))))-((v1/(17.522129817193-v1))/(-16.1601395039762+v1))),-0.9841864502344888,2928.80454201143,0.07458979687827937,2928.80454201143,69.0,44.65360194586315,((v1*(73.1+(((11.8-v1)/v1)/(3.91/v1))))-((v1/(17.5-v1))/(-16.2+v1)))
1799.761215209961,0.36828961644116154,28.0,0.0,0.0,-0.9773081201334817,true,226.3858397565591,0.09613347912421619,5.0,(((71.7064867244967*v1)-((v1/(1901.26726045905/((v1+(v1/0.535416764957833))-v1)))/(16.0884978168276-v1)))-(-20.6849369498904/v1)),-0.9739191689532034,4830.392768351418,0.08286146713751184,4830.392768351418,58.0,53.803767561524154,(((71.7*v1)-((v1/(1900.0/((v1+(v1/0.535))-v1)))/(16.1-v1)))-(-20.7/v1))
1798.8318221569061,0.3631465494597874,28.0,3.0,3.0,-0.9844271412680756,true,110.78223287417154,0.09305178567789082,5.0,(((72.2807648994981*v1)-((v1/(v1-17.4821743623904))/(16.1646366587328-v1)))-((v1/((16.1742855001578-v1)/v1))/10436.7173321211)),-0.985346608878224,2713.9332477346634,0.0726753749152505,2713.9332477346634,41.0,42.76658893958048,(((72.3*v1)-((v1/(v1-17.5))/(16.2-v1)))-((v1/((16.2-v1)/v1))/10400.0))
1725.4040222167969,0.3765035006489738,28.0,0.0,228.0,-0.9919911012235818,true,98.2647697132104,0.07955514883547306,6.0,((v1*pow2(((0.288019939442919/(16.769711901843-v1))--8.51442905718398)))-((-4.55330208379806+(v1/(17.2814384692018-v1)))/(14.7265981160034-v1))),-0.9893982783679781,1963.529437060753,0.06392980383897343,1963.529437060753,90.0,33.8987055253071,((v1*pow2(((0.288/(16.8-v1))--8.51)))-((-4.55+(v1/(17.3-v1)))/(14.7-v1)))
786.6178250312805,0.37656091175078954,28.0,3.0,3119.0,-0.9919911012235818,true,98.28146149226609,0.07951457549808183,6.0,((v1*pow2(((0.288512266396916/(16.7696824758892-v1))--8.51456517216242)))-(((v1/(17.2813959467726-v1))-4.55375354511132)/(14.7265878428821-v1))),-0.9894018168325053,1962.8740831944501,0.06391868126397302,1962.8740831944501,90.0,33.88720775798269,((v1*pow2(((0.289/(16.8-v1))--8.51)))-(((v1/(17.3-v1))-4.55)/(14.7-v1)))
1578.073028087616,0.3931567700893724,28.0,0.0,683.0,-0.9915461624026697,true,102.5800478580818,0.06895948983687161,6.0,((v1*(77.2391407295611-sqrt_abs((-11.6493747419986-(v1/(-17.471199863594+v1))))))-((2.68465824152286/(16.7757345263852-v1))/(14.7271706478293-v1))),-0.9902932814720069,1797.7672144691592,0.06222448926094428,1797.7672144691592,528.0,32.03567468931265,((v1*(77.2-sqrt_abs((-11.6-(v1/(-17.5+v1))))))-((2.68/(16.8-v1))/(14.7-v1)))
1529.836014032364,0.3930940511599381,28.0,0.0,831.0,-0.9915461624026697,true,102.56368362052456,0.06900120851532128,6.0,((v1*(77.2344060052524-sqrt_abs((-11.6398881045746-(v1/(v1-17.472325777191))))))-((2.68468353750012/(16.7757344344304-v1))/(14.7271705498358-v1))),-0.9902917944129983,1798.0426305043543,0.062228186082873393,1798.0426305043543,528.0,32.04130254248501,((v1*(77.2-sqrt_abs((-11.6-(v1/(v1-17.5))))))-((2.68/(16.8-v1))/(14.7-v1)))
1798.213326215744,0.37521572040671547,28.0,0.0,5.0,-0.9830923248053393,true,106.07412956607959,0.08737883291430146,6.0,((v1*(76.3033008125893-sqrt_abs((-11.7569344227486-(v1/(v1-17.4585655988657))))))-((-2.5346442181398/(-17.0312938164859+v1))/(14.7284782164606-v1))),-0.9863493768831085,2528.2120446626645,0.07061902694812087,2528.2120446626645,528.0,41.5028527989975,((v1*(76.3-sqrt_abs((-11.8-(v1/(v1-17.5))))))-((-2.53/(-17.0+v1))/(14.7-v1)))
1799.1740500926971,0.39160980572288234,28.0,3.0,2.0,-0.9844271412680756,true,112.20788379023816,0.08217712135155253,6.0,(((71.3827316077102*v1)-((v1/(v1-17.4956035360075))/(16.1622379988961-v1)))-(-945.854069093759/(sqrt_abs((-448.869685433102-v1))--58.5522642052106))),-0.9851240006362584,2755.162196315199,0.07412185671972761,2755.162196315199,35.0,43.72576286430341,(((71.4*v1)-((v1/(v1-17.5))/(16.2-v1)))-(-946.0/(sqrt_abs((-449.0-v1))--58.6)))
1680.307857990265,0.39318673821435157,28.0,0.0,367.0,-0.9915461624026697,true,102.58786695704805,0.0689393339091377,6.0,((v1*(77.2395337497908-sqrt_abs(((v1/(v1-17.4721577953242))--11.6413073317797))))-((2.68571852187226/(16.7757306359936-v1))/(14.7273107046966-v1))),-0.9902960930032334,1797.2464948617337,0.06216204447990941,1797.2464948617337,528.0,31.981543729114982,((v1*(77.2-sqrt_abs(((v1/(v1-17.5))--11.6))))-((2.69/(16.8-v1))/(14.7-v1)))
1798.219671010971,0.363187737071955,28.0,3.0,5.0,-0.9844271412680756,true,110.73460974112118,0.09301458499910104,5.0,(((72.2829126592422*v1)-((v1/(v1-17.4817615965148))/(16.1642837999237-v1)))-((v1/123.29530701896)/(v1-(-1370.05421931783+v1)))),-0.9853536550990738,2712.628227423922,0.0725927291423312,2712.628227423922,41.0,42.67375288405442,(((72.3*v1)-((v1/(v1-17.5))/(16.2-v1)))-((v1/123.0)/(v1-(-1370.0+v1))))
1799.780683040619,0.3622904585906425,28.0,3.0,0.0,-0.9839822024471635,true,111.9224544129961,0.09040139501227792,5.0,(((72.1977560347405*v1)-((v1/(v1-17.4867924881496))/(16.1633693965497-v1)))-((v1/14.9603705019306)/((15.4538217262942/v1)-v1))),-0.9857697232895761,2635.5688432755696,0.06781078231937172,2635.5688432755696,41.0,41.534325748219565,(((72.2*v1)-((v1/(v1-17.5))/(16.2-v1)))-((v1/15.0)/((15.5/v1)-v1)))
1748.2632381916046,0.3964140387581931,28.0,0.0,158.0,-0.9915461624026697,true,103.4299143778884,0.06713221648414357,6.0,((v1*(77.4092552352313-sqrt_abs((-11.6328221993455-(v1/(v1-17.4731657162045))))))-((2.59314646438114/(14.7271463186122-v1))/(16.7767224288898-v1))),-0.9903172822698921,1793.322061616049,0.06214825455103335,1793.322061616049,528.0,31.94253209235627,((v1*(77.4-sqrt_abs((-11.6-(v1/(v1-17.5))))))-((2.59/(14.7-v1))/(16.8-v1)))
1462.2743229866028,0.3968903355100432,28.0,0.0,1039.0,-0.9915461624026697,true,103.55418679875584,0.06698447723744372,6.0,((v1*(77.4364711334976-sqrt_abs(((v1/(-17.4715915015016+v1))--11.6459690175186))))-((2.59599800392239/(14.726836443991-v1))/(16.7767297752443-v1))),-0.9903244435230655,1791.9957363360418,0.062113385523355026,1791.9957363360418,528.0,31.884751646413704,((v1*(77.4-sqrt_abs(((v1/(-17.5+v1))--11.6))))-((2.6/(14.7-v1))/(16.8-v1)))
1798.9451031684875,0.36386345545139986,28.0,3.0,3.0,-0.9848720800889877,true,110.20317065636368,0.092564136325268,5.0,(((v1/0.0138276737205872)-((v1/(v1-17.4774557095546))/(16.1653385457242-v1)))-((0.013224908779302*v1)/((v1/0.00219167066722899)-v1))),-0.9853586041476375,2711.7116213407144,0.07285838952053164,2711.7116213407144,41.0,42.95890752275326,(((v1/0.0138)-((v1/(v1-17.5))/(16.2-v1)))-((0.0132*v1)/((v1/0.00219)-v1)))
1743.6939871311188,0.39733235861350175,28.0,0.0,172.0,-0.9915461624026697,true,103.66951674995278,0.0668474127445372,6.0,((v1*(77.4596992853656-sqrt_abs((-11.6445083039641-(v1/(-17.4717772399195+v1))))))-((2.5985621374151/(14.7268466574921-v1))/(16.7767351421716-v1))),-0.9903263549621678,1791.6417214812152,0.06213881603027949,1791.6417214812152,528.0,31.908528897096208,((v1*(77.5-sqrt_abs((-11.6-(v1/(-17.5+v1))))))-((2.6/(14.7-v1))/(16.8-v1)))
1798.940915107727,0.37848116093608425,28.0,1.0,3.0,-0.9826473859844271,true,123.13770235221341,0.0910507016479729,5.0,((v1*(76.5406460535359-sqrt_abs(((v1/(-17.499258082904+v1))--11.4172287045272))))-((7.51328370269694-pow2(v1))/((-18.6510577985033-v1)-v1))),-0.9825478525471221,3232.2868353897193,0.07568436691198956,3232.2868353897193,541.0,46.8599173741463,((v1*(76.5-sqrt_abs(((v1/(-17.5+v1))--11.4))))-((7.51-pow2(v1))/((-18.7-v1)-v1)))
1799.5429210662842,0.3889879161394652,28.0,0.0,1.0,-0.9853170189098999,true,133.5856580764912,0.10026888919854157,6.0,((v1*pow2((-8.55820357384983-(-0.264746052114439/(v1-16.7711957321688)))))-((-13.429263876913/(14.7262860302863-v1))/((18.4163785530825-v1)-v1))),-0.9864405790383423,2511.3206261987143,0.06421785577621789,2511.3206261987143,86.0,35.825062700239855,((v1*pow2((-8.56-(-0.265/(v1-16.8)))))-((-13.4/(14.7-v1))/((18.4-v1)-v1)))
1799.8904600143433,0.3744593000685571,28.0,0.0,0.0,-0.9741935483870968,true,142.02625925460666,0.10441816684472865,6.0,((v1*pow2((-8.51229514596098-(-0.297285591311677/(v1-16.769196213228)))))-((-10.0426638773793/(14.7425814435683-v1))/((264.651786310533+v1)-v1))),-0.9811508524642125,3491.0231879915373,0.07436453179690039,3491.0231879915373,86.0,44.844499787425406,((v1*pow2((-8.51-(-0.297/(v1-16.8)))))-((-10.0/(14.7-v1))/((265.0+v1)-v1)))
1799.8965010643005,0.38910494238580307,28.0,3.0,0.0,-0.9844271412680756,true,111.18062916590952,0.08739518786838692,5.0,(((v1/0.0133618575374544)-((v1/(v1-17.5016223778451))/(16.1634061223222-v1)))-((52.0838202719201*v1)/((53.8825860712709-v1)-v1))),-0.9850766711282948,2763.9280256166917,0.07324361263586862,2763.9280256166917,41.0,43.72321477275604,(((v1/0.0134)-((v1/(v1-17.5))/(16.2-v1)))-((52.1*v1)/((53.9-v1)-v1)))
1799.0269792079926,0.3750338708423677,28.0,0.0,3.0,-0.9826473859844271,true,195.53877857815905,0.08570468902918653,5.0,((v1*(72.1952126424791+(0.087012872724829/(-14.7282995951122+v1))))-((v1/(v1/((v1--41.1668440831146)-v1)))/(-16.3529066287031+v1))),-0.984102076198589,2944.4313344290413,0.06755930762122624,2944.4313344290413,81.0,37.23595935216663,((v1*(72.2+(0.087/(-14.7+v1))))-((v1/(v1/((v1--41.2)-v1)))/(-16.4+v1)))
1799.32368516922,0.39155913186191477,28.0,3.0,2.0,-0.9844271412680756,true,112.19370836601593,0.08217417844786326,5.0,((v1*(71.3820676034107-(1055.72462274181/(v1+((-89.2055004710659*v1)-v1)))))-((v1/(17.4955763345823-v1))/(-16.1622505266804+v1))),-0.9851256835739847,2754.8505018677383,0.07411679747305998,2754.8505018677383,41.0,43.722686907787,((v1*(71.4-(1060.0/(v1+((-89.2*v1)-v1)))))-((v1/(17.5-v1))/(-16.2+v1)))
1796.3965702056885,0.37514553800748945,28.0,0.0,11.0,-0.9919911012235818,true,98.95691902966314,0.0891813551363695,6.0,((v1*pow2((-8.51336493864475-(0.311547650393884/(16.7683395388352-v1)))))-((v1*(-0.202854875124465/(-17.2365751613806+v1)))/(14.726477129424-v1))),-0.9885135766843375,2127.383748571692,0.06500013558838862,2127.383748571692,93.0,34.923851795404076,((v1*pow2((-8.51-(0.312/(16.8-v1)))))-((v1*(-0.203/(-17.2+v1)))/(14.7-v1)))
1729.477254152298,0.39563173647057287,28.0,0.0,216.0,-0.9906562847608453,true,103.22580087353407,0.06737432643001409,6.0,((v1*(77.3688442185614-sqrt_abs((-11.6379986411656-(v1/(v1-17.4725514399519))))))-((-2.76786323608496/(-14.7277570294212+v1))/(16.7756482806248-v1))),-0.9902957188716666,1797.31578722482,0.06230887784806736,1797.31578722482,528.0,32.15071928625897,((v1*(77.4-sqrt_abs((-11.6-(v1/(v1-17.5))))))-((-2.77/(-14.7+v1))/(16.8-v1)))
1433.9895691871643,0.39076644990928067,28.0,0.0,1126.0,-0.9919911012235818,true,101.95638020913299,0.07055350267734628,6.0,((v1*(77.1084603820122-sqrt_abs((11.6305869957416-(v1/(17.4734308755235-v1))))))-((-2.03802060170675/(-14.7259405119007+v1))/(16.778792866697-v1))),-0.9901213391145814,1829.6124082971999,0.06273087122751271,1829.6124082971999,528.0,32.66116224542918,((v1*(77.1-sqrt_abs((11.6-(v1/(17.5-v1))))))-((-2.04/(-14.7+v1))/(16.8-v1)))
1744.4725670814514,0.37460842639812264,28.0,0.0,170.0,-0.9919911012235818,true,99.50982877569231,0.08882758573686503,6.0,((v1*pow2((-8.51169583251941-(0.311579541742824/(16.7683348781482-v1)))))-((v1*(-0.205862364775852/(v1-17.2370970680678)))/(14.7265690161982-v1))),-0.9885166988169678,2126.805502930211,0.06494788600084374,2126.805502930211,93.0,34.842888951804056,((v1*pow2((-8.51-(0.312/(16.8-v1)))))-((v1*(-0.206/(v1-17.2)))/(14.7-v1)))
1799.6458621025085,0.4236787184470732,28.0,0.0,1.0,-0.9777530589543938,true,243.5436579067166,0.09176714728307606,6.0,((v1*(101.478386813499-sqrt_abs(((v1/0.0859670719308644)--617.015310071646))))-(((40.1886272039415/(14.729130933927-v1))/v1)/(16.7760691016897-v1))),-0.976242741451832,4400.047286875877,0.0748102703540865,4400.047286875877,63.0,45.06632293396889,((v1*(101.0-sqrt_abs(((v1/0.086)--617.0))))-(((40.2/(14.7-v1))/v1)/(16.8-v1)))
1793.3878622055054,0.3957030148750146,28.0,0.0,20.0,-0.9906562847608453,true,103.24439839669822,0.06735221241136971,6.0,((v1*(77.3731282468218-sqrt_abs((-11.6413867968458-(v1/(-17.4721476918544+v1))))))-((-2.76836743927559/(-14.7277606265582+v1))/(16.7756491800607-v1))),-0.9902968897277697,1797.0989346696608,0.06226634335464072,1797.0989346696608,528.0,32.10683341175051,((v1*(77.4-sqrt_abs((-11.6-(v1/(-17.5+v1))))))-((-2.77/(-14.7+v1))/(16.8-v1)))
1763.2465891838074,0.39481519457264164,28.0,0.0,112.0,-0.9915461624026697,true,103.012753780516,0.06785124803626819,6.0,((v1*(77.3251653879173-sqrt_abs((-11.6379911909881-(v1/(v1-17.4725535766972))))))-((2.55289219322802/(14.7275290762874-v1))/(16.7776806966421-v1))),-0.9902726401747723,1801.590159095131,0.06252567441224903,1801.590159095131,528.0,32.36588250531292,((v1*(77.3-sqrt_abs((-11.6-(v1/(v1-17.5))))))-((2.55/(14.7-v1))/(16.8-v1)))
1711.6301209926605,0.3904009709617226,28.0,0.0,271.0,-0.9915461624026697,true,101.86102168860413,0.0707997729366573,6.0,((v1*(77.0910229438042-sqrt_abs(((v1/(v1-17.4727860032837))--11.6360278558801))))-((2.68750495271483/(14.7277850605662-v1))/(16.775649033378-v1))),-0.990243390520154,1807.0074450662655,0.06211411704104087,1807.0074450662655,528.0,32.016562865340006,((v1*(77.1-sqrt_abs(((v1/(v1-17.5))--11.6))))-((2.69/(14.7-v1))/(16.8-v1)))
1799.9591751098633,0.36783199767074215,28.0,0.0,0.0,-0.9862068965517241,true,136.44974356113312,0.09232514600263854,6.0,((v1*pow2((-8.48852564178068-(0.311290736530437/(16.7683355528223-v1)))))-((-4.97709061334241/(v1-17.230984150112))/((0.515540713038054*v1)-v1))),-0.9834609556246288,3063.17234304729,0.07277816717817741,3063.17234304729,86.0,42.912030671527276,((v1*pow2((-8.49-(0.311/(16.8-v1)))))-((-4.98/(v1-17.2))/((0.516*v1)-v1)))
1799.96959400177,0.38087463319888143,28.0,2.5,0.0,-0.9826473859844271,true,148.74512593778013,0.08347359823108888,5.0,((v1*(73.2553294651457+(0.0232048009793857/((-14.7296349860989+v1)/sqrt_abs(v1)))))-((v1/(17.595953040804-v1))/sqrt_abs((v1-17.596365303214)))),-0.9851372349704246,2752.711084541351,0.06924059953700228,2752.711084541351,88.0,40.567750363514975,((v1*(73.3+(0.0232/((-14.7+v1)/sqrt_abs(v1)))))-((v1/(17.6-v1))/sqrt_abs((v1-17.6))))
1793.4488461017609,0.36411031581011716,29.0,3.0,19.0,-0.9897664071190211,true,95.00142554567378,0.08567059797549878,5.0,(((72.3133250665593*v1)-((v1/(v1-17.4776498403224))/(16.1653043702659-v1)))-(log((v1*(v1/59.1352253700431)))/(14.7303869139392-v1))),-0.9897068123440466,1906.3863082962769,0.06561492541955216,1906.3863082962769,410.0,35.28673617350987,(((72.3*v1)-((v1/(v1-17.5))/(16.2-v1)))-(log((v1*(v1/59.1)))/(14.7-v1)))
1798.7605822086334,0.40820569231077486,29.0,3.0,3.0,-0.9844271412680756,true,110.43824845850918,0.08973091799941163,5.0,(((68.040636844369*v1)-((v1/(v1-17.5091242223306))/(16.1609744973453-v1)))-(log((0.66371034250989*v1))/((-0.0362808930211538+v1)-v1))),-0.9847189140421034,2830.1876949832163,0.07386939596663944,2830.1876949832163,66.0,43.94737008257266,(((68.0*v1)-((v1/(v1-17.5))/(16.2-v1)))-(log((0.664*v1))/((-0.0363+v1)-v1)))
1676.025374174118,0.37981384884971126,29.0,0.0,380.0,-0.9915461624026697,true,99.09869486238006,0.07767312253298915,7.0,((v1*pow2((-8.52536370083039-(0.238661131962946/(16.7726741755829-v1)))))-(((-27.385487613715/(v1-17.3401489508195))-9.25470477688484)/(14.7268071175858-v1))),-0.9902970802280624,1797.0636523876399,0.062179988385436244,1797.0636523876399,81.0,32.196667312903266,((v1*pow2((-8.53-(0.239/(16.8-v1)))))-(((-27.4/(v1-17.3))-9.25)/(14.7-v1)))
1785.8838109970093,0.36658800982407835,29.0,3.0,42.0,-0.9897664071190211,true,95.64789023830019,0.08431359424801359,6.0,(((72.3196562825963*v1)-((v1/(-17.4772656086955+v1))/(16.1653697182406-v1)))-((-10.4622947303953/(6.42991255006499-v1))/(14.7303973103197-v1))),-0.9899552538873972,1860.3728115558492,0.06401378468812892,1860.3728115558492,38.0,34.56513491854215,(((72.3*v1)-((v1/(-17.5+v1))/(16.2-v1)))-((-10.5/(6.43-v1))/(14.7-v1)))
1772.1015300750732,0.37896593374280385,29.0,0.0,84.0,-0.9919911012235818,true,98.87746206451578,0.07817603243571924,7.0,((v1*pow2((-8.52139424982978-(0.253386367043489/(16.771782512195-v1)))))-(((-27.498120326515/(-17.3302668730374+v1))-9.34308835852711)/(14.7267171305175-v1))),-0.9902146320448718,1812.333760427259,0.06229910272653523,1812.333760427259,81.0,32.31933197678858,((v1*pow2((-8.52-(0.253/(16.8-v1)))))-(((-27.5/(-17.3+v1))-9.34)/(14.7-v1)))
1788.878424167633,0.36411031638634617,29.0,3.0,33.0,-0.9897664071190211,true,95.00142569601991,0.08567059758878762,5.0,(((72.3133250971219*v1)-((v1/(-17.4776498244195+v1))/(16.165304371238-v1)))-(log((v1*(0.0169103946826426*v1)))/(14.7303869138841-v1))),-0.9897068120684948,1906.3863593308306,0.06561492770400289,1906.3863593308306,410.0,35.286738531040335,(((72.3*v1)-((v1/(-17.5+v1))/(16.2-v1)))-(log((v1*(0.0169*v1)))/(14.7-v1)))
1790.5139181613922,0.37690851522618696,29.0,0.0,28.0,-0.9919911012235818,true,100.9435585992444,0.07939591433703146,7.0,((v1*pow2(((0.288054765056632/(16.7696821919038-v1))--8.51202600923857)))-(((-27.3564305797491/(-17.3117912773265+v1))-9.37644160427797)/(14.72651277187-v1))),-0.9899704776236015,1857.5532455252971,0.062298714796391826,1857.5532455252971,81.0,32.25952514237337,((v1*pow2(((0.288/(16.8-v1))--8.51)))-(((-27.4/(-17.3+v1))-9.38)/(14.7-v1)))
1798.7462940216064,0.38883624390247323,29.0,1.5,3.0,-0.9817575083426029,true,158.71615477709406,0.0937244276335138,6.0,((v1*pow2(((0.225837688126646/(16.7735232010458-v1))--8.56960438793515)))-(((v1*sqrt_abs((15.3450241216076-v1)))-10.3418765025029)/(14.7270667778419-v1))),-0.9856364343022296,2660.255102675212,0.06801822991371008,2660.255102675212,120.0,38.03044359757623,((v1*pow2(((0.226/(16.8-v1))--8.57)))-(((v1*sqrt_abs((15.3-v1)))-10.3)/(14.7-v1)))
1799.178721189499,0.3632261243856049,29.0,3.0,2.0,-0.9848720800889877,true,110.70406176858182,0.0929887571180086,6.0,(((72.3075442633077*v1)-((v1/(-17.4814490643509+v1))/(16.164376883553-v1)))-((-0.16847179319383*v1)/((v1/-1233.8720958972)-7.44987070431468))),-0.9853571515895081,2711.9806475182704,0.07255326371924888,2711.9806475182704,38.0,42.63459271308948,(((72.3*v1)-((v1/(-17.5+v1))/(16.2-v1)))-((-0.168*v1)/((v1/-1230.0)-7.45)))
1798.158672094345,0.383778338054965,29.0,3.0,5.0,-0.9844271412680756,true,110.86760702117067,0.08509307312556506,6.0,(((72.2362270246348*v1)-((v1/(-17.4799376994255+v1))/(16.1647442073668-v1)))-((0.0236281525521728*(271.315902891972-v1))/(3.79651014607322-v1))),-0.9857467112051262,2639.830877951975,0.06961800671051725,2639.830877951975,38.0,41.3223500998953,(((72.2*v1)-((v1/(-17.5+v1))/(16.2-v1)))-((0.0236*(271.0-v1))/(3.8-v1)))
1792.2452001571655,0.37046184212653643,29.0,0.0,23.0,-0.9862068965517241,true,101.04050078312844,0.08643422285782212,5.0,((v1*(76.263776295933-sqrt_abs(((v1/(v1-17.4728538925038))--11.6354512234973))))-((v1/(v1/(16.2572951282862-v1)))/(14.7291741694697-v1))),-0.9872700331728836,2357.6986328665703,0.06917073812408928,2357.6986328665703,561.0,39.87068033630276,((v1*(76.3-sqrt_abs(((v1/(v1-17.5))--11.6))))-((v1/(v1/(16.3-v1)))/(14.7-v1)))
1799.465849161148,0.34820437627929923,29.0,3.0,1.0,-0.9799777530589544,true,220.84822396783034,0.0929801575264866,6.0,(((71.5266599717378*v1)-((v1/(-10.1053432549202-(v1-19.0006672177134)))/(16.103328652133-v1)))-((v1/11.6501626731068)/(14.7318863323661-v1))),-0.9793631294774287,3822.124761084905,0.07342556060498445,3822.124761084905,41.0,44.182745410666115,(((71.5*v1)-((v1/(-10.1-(v1-19.0)))/(16.1-v1)))-((v1/11.7)/(14.7-v1)))
1799.811466217041,0.4189913010781332,29.0,0.0,0.0,-0.9728587319243605,true,234.18728775930458,0.0871949487693173,6.0,(((61.5132717081513*v1)-((v1/-0.018940731880631)/((3.40889189007832-(-1.08784702700202*v1))-v1)))-((v1/11.2311629195666)/(14.7301182329339-v1))),-0.9743877412307165,4743.609178645713,0.07839540011447757,4743.609178645713,32.0,49.367878611038144,(((61.5*v1)-((v1/-0.0189)/((3.41-(-1.09*v1))-v1)))-((v1/11.2)/(14.7-v1)))
1748.2636861801147,0.3929349651018042,29.0,0.0,158.0,-0.9906562847608453,true,102.52217586408119,0.06883461559305666,7.0,((v1*(78.6179367172254-sqrt_abs(((36.1857864169899/(-17.5148081743826+v1))--25.3971457272949))))-((2.57477370927536/(14.7268465456092-v1))/(16.7767297752443-v1))),-0.9905674045168129,1746.9972842129735,0.06236827486275163,1746.9972842129735,80.0,32.194961021697495,((v1*(78.6-sqrt_abs(((36.2/(-17.5+v1))--25.4))))-((2.57/(14.7-v1))/(16.8-v1)))
1799.5793380737305,0.38911288236500463,29.0,0.0,1.0,-0.9808676307007786,true,125.31253920230711,0.10453710972852574,6.0,((v1*pow2((-8.56010527414193-(0.285816743507112/(16.7699345211745-v1)))))-((2.53012854559665/(14.725809925609-v1))/sqrt_abs((-4.72652853112637-(v1-v1))))),-0.9855653908893303,2673.4129498040843,0.0683614444580478,2673.4129498040843,194.0,38.71364602008952,((v1*pow2((-8.56-(0.286/(16.8-v1)))))-((2.53/(14.7-v1))/sqrt_abs((-4.73-(v1-v1)))))
1789.0177500247955,0.3888987395360856,29.0,0.0,33.0,-0.9826473859844271,true,138.6615544863173,0.09939051972072138,6.0,((v1*pow2((-8.56201352226493-(0.255707494232974/(16.7717402789555-v1)))))-((4.66582038199134/(14.7261140362593-v1))/sqrt_abs((v1+(15.5040889494466-v1))))),-0.9856936157870041,2649.664603084039,0.0682053399881338,2649.664603084039,194.0,38.4747865716347,((v1*pow2((-8.56-(0.256/(16.8-v1)))))-((4.67/(14.7-v1))/sqrt_abs((v1+(15.5-v1)))))
1795.9762170314789,0.363694001194838,29.0,3.0,12.0,-0.9897664071190211,true,94.89280329519175,0.08570630392843405,6.0,(((72.3187505274374*v1)-((v1/(-17.4774565237578+v1))/(16.1653386940187-v1)))-((-0.0274188306403418*v1)/((14.730383225292-v1)/-3.21953613671073))),-0.9896994314655053,1907.7533100710875,0.06568592053091712,1907.7533100710875,38.0,35.327384741097404,(((72.3*v1)-((v1/(-17.5+v1))/(16.2-v1)))-((-0.0274*v1)/((14.7-v1)/-3.22)))
1483.1212630271912,0.3947536947520259,29.0,0.0,975.0,-0.9906562847608453,true,102.99670762533827,0.06804034020518243,7.0,((v1*(78.567886098501-sqrt_abs((-23.8321397172041-(33.6891920200914/(-17.5036135434102+v1))))))-((2.5794495064636/(14.7271035757927-v1))/(16.7760327923004-v1))),-0.9905898404848104,1742.8419512264115,0.06199352265464609,1742.8419512264115,80.0,31.764464866652318,((v1*(78.6-sqrt_abs((-23.8-(33.7/(-17.5+v1))))))-((2.58/(14.7-v1))/(16.8-v1)))
1799.8587820529938,0.38909693851323607,29.0,0.0,0.0,-0.9808676307007786,true,126.55779355293771,0.10406005773516303,6.0,((v1*pow2((-8.5602964253469-(0.283002125612956/(16.7701033968073-v1)))))-((2.94335030967576/(14.7258385314709-v1))/sqrt_abs(((-6.37342740642616+v1)-v1)))),-0.9855892347562512,2668.996861906523,0.06834475672644919,2668.996861906523,194.0,38.68879218796272,((v1*pow2((-8.56-(0.283/(16.8-v1)))))-((2.94/(14.7-v1))/sqrt_abs(((-6.37+v1)-v1))))
1798.6398952007294,0.40896075385803676,29.0,2.0,4.0,-0.9911012235817576,true,131.83642449014724,0.09275508164698153,6.0,((v1*(74.7662317358043-sqrt_abs((v1/(-1.25462368438675-pow3((-18.5180264282237+v1)))))))-((2.65992667861862/(16.7743208163033-v1))/(14.7279031018262-v1))),-0.9878383844492483,2252.43511997047,0.06441212623777044,2252.43511997047,1.048592e6,34.73677168961019,((v1*(74.8-sqrt_abs((v1/(-1.25-pow3((-18.5+v1)))))))-((2.66/(16.8-v1))/(14.7-v1)))
1797.9828782081604,0.3833413768727806,29.0,2.5,6.0,-0.9862068965517241,true,120.83152343422171,0.0898159537590626,5.0,((v1*(73.3727818197249+(0.136463081118637/(((-7.99021449618737+v1)-v1)/sqrt_abs(v1)))))-(v1/(0.298279693934658-sqrt_abs(pow3((-17.0506193953458+v1)))))),-0.9840617280132442,2951.9041631267046,0.07229317450725672,2951.9041631267046,562.0,43.22050319438318,((v1*(73.4+(0.136/(((-7.99+v1)-v1)/sqrt_abs(v1)))))-(v1/(0.298-sqrt_abs(pow3((-17.1+v1))))))
1798.6971101760864,0.3682875558275435,29.0,3.0,4.0,-0.9835372636262514,true,109.07059457718901,0.09813592792142466,6.0,((v1*(72.510551750025-(-0.0396812479848214/((16.7771025929709-v1)/(17.7162572562645-v1)))))-((v1/(17.5274778363054-v1))/(-16.1637979196186+v1))),-0.9841662322196982,2932.549091111862,0.07318908298904288,2932.549091111862,47.0,43.06854927841466,((v1*(72.5-(-0.0397/((16.8-v1)/(17.7-v1)))))-((v1/(17.5-v1))/(-16.2+v1)))
1799.6417322158813,0.36343407211124845,29.0,3.0,1.0,-0.9848720800889877,true,110.27740570812148,0.09266366429917176,6.0,((v1*(72.3227204018066+(-0.132163132927225/(v1+(0.240630569644543/(16.7725267003356-v1))))))-((v1/(17.4790919110544-v1))/(-16.1651532938413+v1))),-0.9855732108582624,2671.9646247368746,0.0723337675781642,2671.9646247368746,39.0,42.37013310236494,((v1*(72.3+(-0.132/(v1+(0.241/(16.8-v1))))))-((v1/(17.5-v1))/(-16.2+v1)))
1795.7572541236877,0.36369404294207014,29.0,3.0,13.0,-0.9897664071190211,true,94.89281418762295,0.08570627591607104,6.0,((v1*(72.3502583231753-(-0.0315055821419872/((-14.7303832212573+v1)/(17.5322968273936-v1)))))-((v1/(17.4774553923415-v1))/(-16.1653387639318+v1))),-0.9896994102716148,1907.7572353607168,0.06568608411658684,1907.7572353607168,47.0,35.327553561256806,((v1*(72.4-(-0.0315/((-14.7+v1)/(17.5-v1)))))-((v1/(17.5-v1))/(-16.2+v1)))
1200.667137145996,0.39017409765964844,30.0,0.0,1847.0,-0.9902113459399332,true,101.80182730113575,0.07062686900943566,6.0,((v1*(77.0170890308343-sqrt_abs(((v1/(-17.4804560616249+v1))--11.571839217328))))-(((30.7333961797449/(16.646998941737-v1))-v1)/(14.72656882024-v1))),-0.9905634656992242,1747.72678688728,0.0625426151996053,1747.72678688728,534.0,32.417180373410076,((v1*(77.0-sqrt_abs(((v1/(-17.5+v1))--11.6))))-(((30.7/(16.6-v1))-v1)/(14.7-v1)))
1584.4902591705322,0.3936022492868489,30.0,0.0,663.0,-0.9915461624026697,true,102.69627955208654,0.06866654049783344,6.0,((v1*(77.2603457448788-sqrt_abs(((v1/(-17.4705746023172+v1))--11.6546672379682))))-((0.1730622968124/((16.7752312929129-v1)/v1))/(14.7272788334869-v1))),-0.9903108409918701,1794.515041345909,0.061904719855773664,1794.515041345909,540.0,31.69812622012097,((v1*(77.3-sqrt_abs(((v1/(-17.5+v1))--11.7))))-((0.173/((16.8-v1)/v1))/(14.7-v1)))
1635.1767501831055,0.3936697091520282,30.0,0.0,506.0,-0.9915461624026697,true,102.71388076545753,0.06862105578888919,6.0,((v1*(77.2603457448788-sqrt_abs((-11.6305792767975-(v1/(-17.4734349963475+v1))))))-((0.1730622968124/((16.7752312929129-v1)/v1))/(14.7272788334869-v1))),-0.9903060411943915,1795.4040048527995,0.06198240068652458,1795.4040048527995,540.0,31.7811219754499,((v1*(77.3-sqrt_abs((-11.6-(v1/(-17.5+v1))))))-((0.173/((16.8-v1)/v1))/(14.7-v1)))
1799.3812770843506,0.3749723123767633,30.0,3.0,1.0,-0.9799777530589544,true,198.7176677100665,0.10781890620914594,5.0,(((72.2206361464576*v1)-((v1/(-19.5084616474389+v1))/((v1--12.8282818490362)-v1)))-(-38.7175176699287/((v1+(16.3422825020091-v1))-v1))),-0.9799374163008149,3715.761934161682,0.07413286517538782,3715.761934161682,47.0,43.782022417462215,(((72.2*v1)-((v1/(-19.5+v1))/((v1--12.8)-v1)))-(-38.7/((v1+(16.3-v1))-v1)))
1604.9640011787415,0.3973501532128178,30.0,1.0,600.0,-0.9919911012235818,true,103.67415960742932,0.06684302598158408,6.0,((v1+(v1*(76.4600561082881-sqrt_abs(((v1/(-17.4716294490688+v1))--11.6457537319589)))))-((-2.1571480394071/(-16.7784844655072+v1))/(14.7258720226014-v1))),-0.9902696862036229,1802.1372597934494,0.062155106601388475,1802.1372597934494,530.0,31.937955648986577,((v1+(v1*(76.5-sqrt_abs(((v1/(-17.5+v1))--11.6)))))-((-2.16/(-16.8+v1))/(14.7-v1)))
1798.0917530059814,0.36369404669793504,30.0,3.0,5.0,-0.9897664071190211,true,94.89281516758012,0.08570627339623066,5.0,((v1*(73.3187529401901+(((14.8186591404452-v1)/v1)/((-14.7303832208885+v1)/v1))))-((v1/(17.4774553029636-v1))/(-16.1653387703751+v1))),-0.9896994086217231,1907.7575409347623,0.0656860970038794,1907.7575409347623,125.0,35.32756687425613,((v1*(73.3+(((14.8-v1)/v1)/((-14.7+v1)/v1))))-((v1/(17.5-v1))/(-16.2+v1)))
1159.5633401870728,0.3900511714072344,30.0,0.0,1973.0,-0.9902113459399332,true,101.76975413893945,0.07070893517884891,6.0,((v1*(77.0097574855246-sqrt_abs((-11.5663047283544-(v1/(v1-17.4811139337534))))))-(((30.7377798547265/(16.6468774867023-v1))-v1)/(14.727305130465-v1))),-0.9905643691885977,1747.5594529350499,0.06234307311885134,1747.5594529350499,534.0,32.262183685530594,((v1*(77.0-sqrt_abs((-11.6-(v1/(v1-17.5))))))-(((30.7/(16.6-v1))-v1)/(14.7-v1)))
1770.7939991950989,0.3899919020091147,30.0,0.0,88.0,-0.9902113459399332,true,101.75428993188979,0.070748870418903,6.0,((v1*(77.0097574855246-sqrt_abs((-11.5874209324661-(v1/(-17.4785861850671+v1))))))-(((30.7377798547265/(16.6468774867023-v1))-v1)/(14.7268760642387-v1))),-0.9905635949796106,1747.7028430550174,0.0625100968267658,1747.7028430550174,534.0,32.41141960176558,((v1*(77.0-sqrt_abs((-11.6-(v1/(-17.5+v1))))))-(((30.7/(16.6-v1))-v1)/(14.7-v1)))
1796.8321731090546,0.36253189523201024,30.0,3.0,9.0,-0.9839822024471635,true,111.9225593942565,0.09037881234464255,5.0,(((72.1735716962598*v1)-((v1/(v1-17.4867949925001))/(16.1633682756518-v1)))-((v1/(37.0457378607678/v1))/((15.4431673047332/v1)-v1))),-0.9857681969359094,2635.851537017191,0.06781015884791139,2635.851537017191,61.0,41.532496509567366,(((72.2*v1)-((v1/(v1-17.5))/(16.2-v1)))-((v1/(37.0/v1))/((15.4/v1)-v1)))
1617.2362990379333,0.3923069770814925,30.0,0.0,562.0,-0.9902113459399332,true,102.35832508983856,0.06920201610214466,6.0,((v1*(77.1272627430442-sqrt_abs(((v1/(-17.4828001649034+v1))--11.5523056903987))))-(((30.7192702395992/(16.6466443385013-v1))-v1)/(14.7268834704132-v1))),-0.9905992889087472,1741.0920223773312,0.0624604218622074,1741.0920223773312,534.0,32.28441306675343,((v1*(77.1-sqrt_abs(((v1/(-17.5+v1))--11.6))))-(((30.7/(16.6-v1))-v1)/(14.7-v1)))
1713.792988061905,0.3942572844663261,30.0,1.0,264.0,-0.9915461624026697,true,102.86718730484944,0.06822404740950873,6.0,((v1+(v1*(76.294963044607-sqrt_abs((-11.6328216888025-(v1/(v1-17.4731656576852)))))))-((2.63928058444354/(16.7763147531108-v1))/(14.7271665510719-v1))),-0.9903074476258095,1795.1435217363573,0.06219114410197222,1795.1435217363573,530.0,31.995136265389608,((v1+(v1*(76.3-sqrt_abs((-11.6-(v1/(v1-17.5)))))))-((2.64/(16.8-v1))/(14.7-v1)))
1724.7189180850983,0.39419880698438686,30.0,1.0,230.0,-0.9915461624026697,true,102.85192971970196,0.0682634927462285,6.0,((v1+(v1*(76.2951061707965-sqrt_abs(((v1/(-17.4705746023172+v1))--11.6546672379682)))))-((2.63930027615281/(16.7763147852276-v1))/(14.7273107046966-v1))),-0.9903133708255215,1794.046494536443,0.062039511963630556,1794.046494536443,530.0,31.84508047418843,((v1+(v1*(76.3-sqrt_abs(((v1/(-17.5+v1))--11.7)))))-((2.64/(16.8-v1))/(14.7-v1)))
1522.918308019638,0.3793174307392558,30.0,3.0,852.0,-0.9919911012235818,true,98.96917250030407,0.07881835673025549,6.0,((v1*pow2((-8.51211755367923-(0.28847196977104/(16.7696812270251-v1)))))-(((v1/(17.281174575262-v1))-(67.0417832083622/v1))/(14.7266209722694-v1))),-0.9894123128760464,1960.9301262428467,0.06394268781096012,1960.9301262428467,96.0,33.8648869005534,((v1*pow2((-8.51-(0.288/(16.8-v1)))))-(((v1/(17.3-v1))-(67.0/v1))/(14.7-v1)))
1752.8084721565247,0.3935416399986941,30.0,1.0,144.0,-0.9915461624026697,true,102.68046574916474,0.06870194895267129,6.0,((v1+(v1*(76.2566788813825-sqrt_abs((11.6306380606414-(v1/(17.4734251508359-v1)))))))-((2.63412774649099/(16.7763041659318-v1))/(14.7271761763109-v1))),-0.990298926079701,1796.7217848915184,0.06219328341977495,1796.7217848915184,530.0,32.001755148371075,((v1+(v1*(76.3-sqrt_abs((11.6-(v1/(17.5-v1)))))))-((2.63/(16.8-v1))/(14.7-v1)))
1793.6017282009125,0.36369403968573344,30.0,3.0,19.0,-0.9897664071190211,true,94.8928133379996,0.08570627810118787,6.0,(((72.3127597902012*v1)-((v1/(-17.4774554845883+v1))/(16.1653387586635-v1)))-((0.0502959301103492*pow2((0.345181633117586*v1)))/(14.7303832215741-v1))),-0.9896994120077831,1907.7569138075073,0.06568607077531342,1907.7569138075073,53.0,35.327539799655156,(((72.3*v1)-((v1/(-17.5+v1))/(16.2-v1)))-((0.0503*pow2((0.345*v1)))/(14.7-v1)))
1604.9640011787415,0.3973501532128178,30.0,1.0,600.0,-0.9919911012235818,true,103.67415960742932,0.06684302598158408,6.0,((v1+(v1*(76.4600561082881-sqrt_abs(((v1/(-17.4716294490688+v1))--11.6457537319589)))))-((-2.1571480394071/(-16.7784844655072+v1))/(14.7258720226014-v1))),-0.9902696862036229,1802.1372597934494,0.062155106601388475,1802.1372597934494,530.0,31.937955648986577,((v1+(v1*(76.5-sqrt_abs(((v1/(-17.5+v1))--11.6)))))-((-2.16/(-16.8+v1))/(14.7-v1)))
1652.4169881343842,0.3922925567064484,30.0,0.0,453.0,-0.9902113459399332,true,102.35456261421893,0.06921164641113922,6.0,((v1*(77.126497656761-sqrt_abs((-11.5523050738307-(v1/(-17.48280024367+v1))))))-(((30.7191227668354/(16.6466485413841-v1))-v1)/(14.7268834101555-v1))),-0.9905991619048858,1741.1155445776894,0.06246045441653522,1741.1155445776894,534.0,32.28487940874871,((v1*(77.1-sqrt_abs((-11.6-(v1/(-17.5+v1))))))-(((30.7/(16.6-v1))-v1)/(14.7-v1)))
1754.3558142185211,0.39070897094572293,30.0,0.0,139.0,-0.9902113459399332,true,101.94138315126406,0.07027019223112431,6.0,((v1*(77.0500828829155-sqrt_abs(((v1/(v1-17.4767195330328))--11.6030835517508))))-(((30.7189769164445/(16.6466504406166-v1))-v1)/(14.7269472907322-v1))),-0.9905673920307403,1746.9995967403204,0.06252461492779007,1746.9995967403204,534.0,32.40877502032133,((v1*(77.1-sqrt_abs(((v1/(v1-17.5))--11.6))))-(((30.7/(16.6-v1))-v1)/(14.7-v1)))
1799.7923851013184,0.38040360215672825,30.0,0.0,0.0,-0.9835372636262514,true,131.0070817018044,0.09693596111090234,6.0,((v1*(76.8037289280309-sqrt_abs((-11.8480193123983-(v1/(v1-17.4480452453546))))))-((3.81814794557529/(v1/(18.361870810569-v1)))/(14.7256093727338-v1))),-0.9845076109344592,2869.322836086033,0.07145906018852914,2869.322836086033,540.0,42.087317789931255,((v1*(76.8-sqrt_abs((-11.8-(v1/(v1-17.4))))))-((3.82/(v1/(18.4-v1)))/(14.7-v1)))
1799.8039441108704,0.37529924700507344,30.0,0.0,0.0,-0.9804226918798665,true,123.22693684301089,0.09016638481733187,6.0,((v1*(76.3033008125893-sqrt_abs((-11.7569344227486-(v1/(v1-17.4585655988657))))))-((-2.5346442181398/(-17.0312938164859+v1))/((-448.869685433102-v1)-v1))),-0.9821667080963128,3302.878044526547,0.07669866389512932,3302.878044526547,536.0,47.850119708765796,((v1*(76.3-sqrt_abs((-11.8-(v1/(v1-17.5))))))-((-2.53/(-17.0+v1))/((-449.0-v1)-v1)))
1799.8166201114655,0.3612832341046873,30.0,3.0,0.0,-0.9897664071190211,true,94.26380076415018,0.08601230979528923,6.0,(((72.3591165151298*v1)-((v1/(-17.4763249832408+v1))/(16.1655317261741-v1)))-((0.000920667644330007*pow3((25.9423275759993-v1)))/(14.7303671629826-v1))),-0.9896489285592363,1917.1068798551785,0.0660306743359624,1917.1068798551785,53.0,35.53760307370805,(((72.4*v1)-((v1/(-17.5+v1))/(16.2-v1)))-((0.000921*pow3((25.9-v1)))/(14.7-v1)))
1701.242712020874,0.39098936577744303,30.0,0.0,303.0,-0.9902113459399332,true,102.01454204727003,0.07008296611857029,6.0,((v1*(77.0649886579378-sqrt_abs((-11.6030825093657-(v1/(v1-17.4767196184057))))))-(((30.7441480525151/(16.6484905412248-v1))-v1)/(14.7270711562682-v1))),-0.9905701813791865,1746.4829855733303,0.06245031490420072,1746.4829855733303,534.0,32.333225513142104,((v1*(77.1-sqrt_abs((-11.6-(v1/(v1-17.5))))))-(((30.7/(16.6-v1))-v1)/(14.7-v1)))
1617.2362990379333,0.3923069770814925,30.0,0.0,562.0,-0.9902113459399332,true,102.35832508983856,0.06920201610214466,6.0,((v1*(77.1272627430442-sqrt_abs(((v1/(-17.4828001649034+v1))--11.5523056903987))))-(((30.7192702395992/(16.6466443385013-v1))-v1)/(14.7268834704132-v1))),-0.9905992889087472,1741.0920223773312,0.0624604218622074,1741.0920223773312,534.0,32.28441306675343,((v1*(77.1-sqrt_abs(((v1/(-17.5+v1))--11.6))))-(((30.7/(16.6-v1))-v1)/(14.7-v1)))
1799.8642981052399,0.38513632300923445,30.0,0.0,0.0,-0.9808676307007786,true,286.57138059474266,0.0975427699562561,6.0,((v1*(76.8674588617327-sqrt_abs(((v1/(-17.4362619224943+v1))--11.9423660459428))))-((4.67482341876073/(14.7235132397624-v1))/((6.41198377960956+v1)-v1))),-0.9725587328391513,5082.357161484848,0.07689680550242126,5082.357161484848,536.0,47.876601218235606,((v1*(76.9-sqrt_abs(((v1/(-17.4+v1))--11.9))))-((4.67/(14.7-v1))/((6.41+v1)-v1)))
1799.8831000328064,0.36323949640325537,30.0,3.0,0.0,-0.9741935483870968,true,215.5814037399566,0.10335527884873064,6.0,(((v1/0.0138286122390742)-((v1/(v1-17.4778530624141))/(sqrt_abs((10.4452195804864/(14.7186434080002-v1)))-v1)))-((5.19600796234816-v1)/90.2516607485316)),-0.9708289665523718,5402.724658502297,0.08592489190442376,5402.724658502297,134.0,57.86202572946445,(((v1/0.0138)-((v1/(v1-17.5))/(sqrt_abs((10.4/(14.7-v1)))-v1)))-((5.2-v1)/90.3))
1799.9003510475159,0.38691420144178806,30.0,0.0,0.0,-0.9728587319243605,true,234.30204529105777,0.10813208282385642,6.0,((v1*(80.0440453657967-sqrt_abs((3.40609153625993*v1))))-(((-1812.88403889067/(233.808423979481-sqrt_abs(pow3((34.638676667339+v1)))))-v1)/(14.7300442478472-v1))),-0.9737365403150698,4864.217152679944,0.08872260549323673,4864.217152679944,800.0,51.6814669705549,((v1*(80.0-sqrt_abs((3.41*v1))))-(((-1810.0/(234.0-sqrt_abs(pow3((34.6+v1)))))-v1)/(14.7-v1)))
1797.7102811336517,0.3895301133740813,30.0,0.0,7.0,-0.9906562847608453,true,101.63380287968596,0.07136520690417392,6.0,((v1*(77.0534317890359-sqrt_abs(((v1/(v1-17.465071828897))--11.7026145223595))))-(((9.59834288314981/(14.7206570150862-v1))/v1)/(16.7845790078273-v1))),-0.9890429288092186,2029.3432117747966,0.06503408625394418,2029.3432117747966,543.0,35.29148831407702,((v1*(77.1-sqrt_abs(((v1/(v1-17.5))--11.7))))-(((9.6/(14.7-v1))/v1)/(16.8-v1)))
1723.31986618042,0.3968936618771845,30.0,1.0,235.0,-0.9915461624026697,true,103.55505469402436,0.06698290562192905,6.0,(v1+((v1*(76.4385164243785-sqrt_abs((-11.6562350758004-(v1/(v1-17.4703894597499))))))-((2.79310410460608/(14.7275081765258-v1))/(16.7754527283378-v1)))),-0.9903012696845047,1796.2877292559874,0.062379936737154855,1796.2877292559874,530.0,32.20665268515313,(v1+((v1*(76.4-sqrt_abs((-11.7-(v1/(v1-17.5))))))-((2.79/(14.7-v1))/(16.8-v1))))
1799.3410592079163,0.38063396462176746,30.0,0.0,2.0,-0.9804226918798665,true,127.43960403371716,0.09439409952265346,6.0,((v1*(76.5917350797-sqrt_abs((-11.7695294346489-(v1/(-17.4571011808883+v1))))))-((0.428803922835646/(v1+(-3.96421636850118/(-148.339014502787+v1))))/v1)),-0.9822312241969087,3290.92911141159,0.07597217861297591,3290.92911141159,530.0,47.02550800592724,((v1*(76.6-sqrt_abs((-11.8-(v1/(-17.5+v1))))))-((0.429/(v1+(-3.96/(-148.0+v1))))/v1))
1677.2830820083618,0.3907024401127835,30.0,0.0,377.0,-0.9902113459399332,true,101.9396791664762,0.070274795262843,6.0,((v1*(77.0512608449697-sqrt_abs(((v1/(v1-17.475528030031))--11.6130039828698))))-(((30.7509999650374/(16.6484623404305-v1))-v1)/(14.7270639021997-v1))),-0.9905507895702774,1750.0745142846467,0.06264052179577569,1750.0745142846467,534.0,32.53879302542665,((v1*(77.1-sqrt_abs(((v1/(v1-17.5))--11.6))))-(((30.8/(16.6-v1))-v1)/(14.7-v1)))
1770.079792022705,0.3743609029919226,30.0,0.0,91.0,-0.9919911012235818,true,99.76162942822043,0.08851134771174657,6.0,((v1*pow2((-8.51093858391826-(0.311491582204176/(16.7683383433047-v1)))))-(((v1+v1)*(-0.107112284280528/(v1-17.2375885112553)))/(14.7268582472969-v1))),-0.9885175399863734,2126.649711168564,0.06514693131265398,2126.649711168564,117.0,35.06847967587497,((v1*pow2((-8.51-(0.311/(16.8-v1)))))-(((v1+v1)*(-0.107/(v1-17.2)))/(14.7-v1)))
1694.1958651542664,0.39563632683632727,30.0,1.0,325.0,-0.9915461624026697,true,103.22699856355138,0.0673728352755381,6.0,(v1+((v1*(76.3702047394038-sqrt_abs(((v1/(v1-17.4716685532824))--11.6453167456127))))-((2.78510589290016/(14.7274960768456-v1))/(16.7756490097033-v1)))),-0.9902989270748158,1796.7216005877542,0.06232228783096853,1796.7216005877542,530.0,32.14667503742929,(v1+((v1*(76.4-sqrt_abs(((v1/(v1-17.5))--11.6))))-((2.79/(14.7-v1))/(16.8-v1))))
1440.456423997879,0.39096440366364926,30.0,0.0,1106.0,-0.9902113459399332,true,102.00802908597211,0.07009917769066475,6.0,((v1*(77.0597665466507-sqrt_abs((11.5767659240977-(v1/(17.4798637054454-v1))))))-(((30.7560234330613/(16.6484895036331-v1))-v1)/(14.7266811589873-v1))),-0.9905832899230557,1744.0551712373754,0.06240544628294961,1744.0551712373754,534.0,32.260531969589756,((v1*(77.1-sqrt_abs((11.6-(v1/(17.5-v1))))))-(((30.8/(16.6-v1))-v1)/(14.7-v1)))
1638.688772201538,0.39114598044443183,30.0,0.0,496.0,-0.9902113459399332,true,102.05540498352656,0.06997851916535101,6.0,((v1*(77.074257428725-sqrt_abs(((v1/(-17.4759544922587+v1))--11.6094232092792))))-(((30.7556753798911/(16.648505121363-v1))-v1)/(14.7270767912593-v1))),-0.990566279335334,1747.2056774374353,0.06253265088419552,1747.2056774374353,534.0,32.412760690283896,((v1*(77.1-sqrt_abs(((v1/(-17.5+v1))--11.6))))-(((30.8/(16.6-v1))-v1)/(14.7-v1)))
