max_are,compl,dim_penalty,age,minus_spearman,valid,max_ae,q75_are,n_params,eqs_orig,minus_r2,mse,mare,ms_processed_e,recursive_compl,mae,eqs_orig_rounded
48.78555136286394,1.0,0,1854.0,-0.5469013657472219,true,1.5007250188303094e-5,7.631224434898817,1.0,3.18052570575981e-6,0.0008689750431456478,1.8193503172158167e-11,8.124689756361517,1.8193503172158167e-11,1.0,3.1156156639141947e-6,3.18e-6
48.78419208482893,1.0,0,495.0,-0.1038055240845923,true,1.500733702511846e-5,7.630988779503458,1.0,3.18043886894444e-6,0.0008701762505207711,1.8193525007354117e-11,8.124459193859263,1.8193525007354117e-11,1.0,3.115587876133277e-6,3.18e-6
48.78643265682104,1.0,0,1218.0,-0.5842372364809134,true,1.500719388726779e-5,7.631377223122078,1.0,3.18058200679511e-6,0.0008681966783381512,1.8193489023270605e-11,8.124839242584892,1.8193489023270605e-11,1.0,3.1156336802454914e-6,3.18e-6
48.78643265682104,1.0,0,1218.0,-0.5842372364809134,true,1.500719388726779e-5,7.631377223122078,1.0,3.18058200679511e-6,0.0008681966783381512,1.8193489023270605e-11,8.124839242584892,1.8193489023270605e-11,1.0,3.1156336802454914e-6,3.18e-6
3.0459809306789506e7,2.0,0,1664.0,-0.41090319125644104,true,1.9459100851708002,4.40703212300629e6,0.0,log(v2),1.6099929696374902e11,2.926598079351122,3.919871020404452e6,2.926598079351122,4.0,1.6710026829899833,log(v2)
3.853536192829192e6,2.0,0,1882.0,-0.9699892335027729,true,1.7917532516262669,836147.7147470132,0.0,log(v1),7.872349593456042e10,1.4310126587401286,570963.7951166182,1.4310126587401286,4.0,1.0186068479750785,log(v1)
48.77439680028478,2.0,0,769.0,-0.5842372364809134,true,1.5007962792101753e-5,7.629290590029004,1.0,exp(-12.6586881358676),0.000878856971223918,1.8193682802953326e-11,8.122797704997812,1.8193682802953326e-11,2.0,3.115387630698623e-6,exp(-12.7)
48.75881775661446,2.0,0,1826.0,-0.5842372364809134,true,1.5008958051720421e-5,7.62658968145777,1.0,pow3(0.0147035390962666),0.0008927520955528401,1.8193935384454864e-11,8.12015516741622,1.8193935384454864e-11,2.0,3.1150691476206495e-6,pow3(0.0147)
3.0459809306789506e7,2.0,0,1884.0,-0.41090319125644104,true,1.9459100851708002,4.40703212300629e6,0.0,log(v2),1.6099929696374902e11,2.926598079351122,3.919871020404452e6,2.926598079351122,4.0,1.6710026829899833,log(v2)
3.853536192829192e6,2.0,0,1886.0,-0.9699892335027729,true,1.7917532516262669,836147.7147470132,0.0,log(v1),7.872349593456042e10,1.4310126587401286,570963.7951166182,1.4310126587401286,4.0,1.0186068479750785,log(v1)
48.77439979369568,2.0,0,1410.0,100.0,true,1.5007962600869156e-5,7.629291108990843,1.0,exp(-12.658688075728),0.0008788543118392056,1.8193682754611812e-11,8.12279821274405,1.8193682754611812e-11,2.0,3.1153876918930546e-6,exp(-12.7)
1.5653245025556175e7,2.0,0,1885.0,-0.9699892335027729,true,2.44948352518139,3.8378534256424843e6,0.0,sqrt_abs(v1),1.8043998609337885e11,3.2799852340819537,3.146453875431143e6,3.2799852340819537,4.0,1.7422877077737637,sqrt_abs(v1)
3.0459809306789506e7,2.0,0,1884.0,-0.41090319125644104,true,1.9459100851708002,4.40703212300629e6,0.0,log(v2),1.6099929696374902e11,2.926598079351122,3.919871020404452e6,2.926598079351122,4.0,1.6710026829899833,log(v2)
3.853536192829192e6,2.0,0,1886.0,-0.9699892335027729,true,1.7917532516262669,836147.7147470132,0.0,log(v1),7.872349593456042e10,1.4310126587401286,570963.7951166182,1.4310126587401286,4.0,1.0186068479750785,log(v1)
48.758817843303376,2.0,0,1072.0,-0.5842372364809134,true,1.5008958046182342e-5,7.626589696486859,1.0,pow2(0.0017829239602071),0.0008927520179309312,1.8193935383043878e-11,8.120155182120506,1.8193935383043878e-11,2.0,3.1150691493928342e-6,pow2(0.00178)
48.77439706830324,2.0,0,936.0,-0.5842372364809134,true,1.5007962774979524e-5,7.6292906364948445,1.0,exp(-12.6586881304829),0.0008788567331126096,1.819368279862501e-11,8.12279775045945,1.819368279862501e-11,2.0,3.1153876361777366e-6,exp(-12.7)
3.853536192829192e6,2.0,0,1886.0,-0.9699892335027729,true,1.7917532516262669,836147.7147470132,0.0,log(v1),7.872349593456042e10,1.4310126587401286,570963.7951166182,1.4310126587401286,4.0,1.0186068479750785,log(v1)
48.774401190469355,2.0,0,282.0,-0.1038055240845923,true,1.5007962511636949e-5,7.629291351146786,1.0,exp(-12.6586880476659),0.0008788530709291642,1.8193682732054913e-11,8.122798449666611,1.8193682732054913e-11,2.0,3.1153877204473607e-6,exp(-12.7)
3.0459809306789506e7,2.0,0,1886.0,-0.41090319125644104,true,1.9459100851708002,4.40703212300629e6,0.0,log(v2),1.6099929696374902e11,2.926598079351122,3.919871020404452e6,2.926598079351122,4.0,1.6710026829899833,log(v2)
48.758817761450786,2.0,0,1572.0,-0.5469013657472219,true,1.5008958051411456e-5,7.626589682296234,1.0,pow3(0.0147035390967429),0.0008927520912225262,1.819393538437615e-11,8.120155168236563,1.819393538437615e-11,2.0,3.115069147719519e-6,pow3(0.0147)
17.059892527258363,3.0,0,1821.0,-0.96689427295398,true,1.126529125498945e-5,5.262017047347284,1.0,(1.15374743984558e-6*v1),-0.5307294550966807,8.530262562021055e-12,3.5308959155785726,8.530262562021055e-12,3.0,2.2105937796786903e-6,(1.15e-6*v1)
38.572782157247296,3.0,0,1870.0,-0.9573505859445576,true,1.776642790770234e-5,2.4303282273914766,1.0,(2.52808791816337e-6/v1),0.507606797095582,2.7404834927711978e-11,6.004438039841859,2.7404834927711978e-11,3.0,3.4594544476767278e-6,(2.53e-6/v1)
77.36975605029414,3.0,0,1556.0,-0.35725707562968056,true,1.670866954665122e-5,4.329444025879965,1.0,(1.03537444318818e-5/v2),0.3044990096786204,2.3712801038359757e-11,7.498771446943949,2.3712801038359757e-11,3.0,3.251895792531668e-6,(1.04e-5/v2)
63.60759284944901,3.0,0,1843.0,-0.4079873010037469,true,1.4060351285520503e-5,7.122183748878462,1.0,(5.89632086934628e-7*v2),-0.1274232381112833,1.5861444885620035e-11,6.838879409360689,1.5861444885620035e-11,3.0,2.937581665865543e-6,(5.9e-7*v2)
38.57906887451195,3.0,0,1868.0,-0.9537930284448249,true,1.7766360970390483e-5,2.430873185378127,1.0,(2.5284895420345e-6/v1),0.5076083942747311,2.7404863960766895e-11,6.005353805430492,2.7404863960766895e-11,3.0,3.459513620260408e-6,(2.53e-6/v1)
17.056823146600223,3.0,0,1816.0,-0.9708813256887511,true,1.1266467770321716e-5,5.260952782209658,1.0,(1.15355135395686e-6*v1),-0.5307057877384882,8.530692780328436e-12,3.530187048278779,8.530692780328436e-12,3.0,2.2103349463055915e-6,(1.15e-6*v1)
77.36975603133112,3.0,0,743.0,-0.3106433420575668,true,1.6708669547009117e-5,4.329444024590408,1.0,(1.03537444293765e-5/v2),0.30449900967688737,2.3712801038328253e-11,7.498771445129481,2.3712801038328253e-11,3.0,3.2518957924206007e-6,(1.04e-5/v2)
63.60759284944901,3.0,0,1843.0,-0.4079873010037469,true,1.4060351285520503e-5,7.122183748878462,1.0,(5.89632086934628e-7*v2),-0.1274232381112833,1.5861444885620035e-11,6.838879409360689,1.5861444885620035e-11,3.0,2.937581665865543e-6,(5.9e-7*v2)
1.0,3.0,0,460.0,100.0,true,1.81877758940629e-5,1.0,0.0,(v1-v1),0.6013414951172749,2.910871682266775e-11,1.0,2.910871682266775e-11,4.0,3.3062077406609647e-6,(v1-v1)
63.606076008091584,3.0,0,552.0,-0.41912292063410667,true,1.4060448188191998e-5,7.121993058223083,1.0,(5.89618243695843e-7*v2),-0.12742140414530423,1.5861478222916613e-11,6.838709456709841,1.5861478222916613e-11,3.0,2.9375559174414034e-6,(5.9e-7*v2)
17.06201658249811,3.0,0,1338.0,-0.9691466219971705,true,1.1264477089581348e-5,5.262753534017997,1.0,(1.15388313408026e-6*v1),-0.530745799662476,8.529965455289744e-12,3.5313864618711692,8.529965455289744e-12,3.0,2.2107728960684725e-6,(1.15e-6*v1)
77.36975680656916,3.0,0,1633.0,-0.3185311510565207,true,1.6708669532377714e-5,4.329444077309567,1.0,(1.03537445317963e-5/v2),0.3044990097477389,2.371280103961617e-11,7.498771519307751,2.371280103961617e-11,3.0,3.2518957969612127e-6,(1.04e-5/v2)
17.055156460174874,3.0,0,1872.0,-0.9699892335027729,true,1.1267106623025864e-5,5.2603748818266745,1.0,(1.15344487850617e-6*v1),-0.5306929122332013,8.530926827493571e-12,3.5298021303954887,8.530926827493571e-12,3.0,2.2101943987106795e-6,(1.15e-6*v1)
38.572782157247296,3.0,0,1870.0,-0.9573505859445576,true,1.776642790770234e-5,2.4303282273914766,1.0,(2.52808791816337e-6/v1),0.507606797095582,2.7404834927711978e-11,6.004438039841859,2.7404834927711978e-11,3.0,3.4594544476767278e-6,(2.53e-6/v1)
77.3641350576222,3.0,0,469.0,-0.4460878779833126,true,1.6708775634080336e-5,4.329061776817001,1.0,(1.0353001819878e-5/v2),0.30449849752330804,2.371279172855045e-11,7.498233605033038,2.371279172855045e-11,3.0,3.251862870066166e-6,(1.04e-5/v2)
63.56848046859625,3.0,0,22.0,-0.4036636156939815,true,1.4062849960925523e-5,7.117266711574773,1.0,(5.8927513330534e-7*v2),-0.1273757193272267,1.5862308668163035e-11,6.834497110068623,1.5862308668163035e-11,3.0,2.9369177321150666e-6,(5.89e-7*v2)
1.3083550771761803,4.0,0,1864.0,-0.9579496917439984,true,7.0659275992785614e-6,0.5675084684329619,1.0,pow3((0.00372026952998*v1)),-0.8524081283156502,2.6828818283214587e-12,0.38894793958118656,2.6828818283214587e-12,8.0,9.271768899143729e-7,pow3((0.00372*v1))
1.3071119062387606,4.0,0,727.0,-0.9699892335027729,true,7.071917301082751e-6,0.5674721115627319,1.0,(5.1462308300834e-8*pow3(v1)),-0.8523348965537776,2.684213013846393e-12,0.3888246390424247,2.684213013846393e-12,5.0,9.27189091158789e-7,(5.15e-8*pow3(v1))
0.9957289103772822,4.0,0,831.0,-0.981549313747651,true,6.1910458535721994e-6,0.5133770628696773,1.0,exp((v1-17.2971169379638)),-0.8284064790160485,3.1191767815649724e-12,0.3576336377805947,3.1191767815649724e-12,8.0,1.0042381294134802e-6,exp((v1-17.3))
1.7566953174982163,4.0,0,1885.0,-0.9699892335027729,true,7.064387373543648e-6,0.5883424799596272,1.0,pow3((v1/253.355426037054)),-0.8289431872115112,3.109420657136943e-12,0.4606084579095279,3.109420657136943e-12,8.0,1.0477794945701032e-6,pow3((v1/253.0))
0.9958963628718364,4.0,0,74.0,-0.9463601234775386,true,6.192087006501753e-6,0.5133362325623615,1.0,exp((-17.2970330360526+v1)),-0.8284153053735854,3.1190163386220383e-12,0.3576099457092488,3.1190163386220383e-12,8.0,1.0041486184142084e-6,exp((-17.3+v1))
1.0747665107609423,4.0,0,1370.0,-0.9802507484676777,true,6.682470179040614e-6,0.49410515221966905,1.0,exp((-17.2582776677682+v1)),-0.8304996298750347,3.0811280981285305e-12,0.3469094763626602,3.0811280981285305e-12,8.0,9.641401549724046e-7,exp((-17.3+v1))
4.8834338716603725,4.0,0,20.0,-0.9699892335027729,true,8.663339366067703e-6,1.21531626659086,1.0,(2.645676813332e-7*pow2(v1)),-0.7700173778939559,4.180556765332039e-12,0.9980869708717688,4.180556765332039e-12,5.0,1.3874756693294414e-6,(2.65e-7*pow2(v1))
0.9957185729159049,4.0,0,1347.0,-0.9593106276488044,true,6.190981579353856e-6,0.5133795834754528,1.0,exp((v1-17.2971221177696)),-0.8284059335212215,3.119186697410215e-12,0.3576351003797225,3.119186697410215e-12,8.0,1.0042436552582893e-6,exp((v1-17.3))
0.9953271987377492,4.0,0,999.0,-0.981549313747651,true,6.18854817056396e-6,0.5134750130957287,1.0,(3.0751771213957e-8*exp(v1)),-0.8283852289182636,3.1195630596204403e-12,0.3576904740842261,3.1195630596204403e-12,5.0,1.0044528626150935e-6,(3.08e-8*exp(v1))
1.3067045681958338,4.0,0,1224.0,-0.9699892335027729,true,7.073879889924874e-6,0.5674601988515184,1.0,(5.14532222413798e-8*pow3(v1)),-0.8523107350390318,2.6846522147869088e-12,0.3887842383230712,2.6846522147869088e-12,5.0,9.271930890249487e-7,(5.15e-8*pow3(v1))
1.0029600624841264,4.0,0,855.0,-0.9684505053850414,true,6.236006277841356e-6,0.5116138752650023,1.0,exp((v1-17.2935001725497)),-0.8287706451371585,3.1125570764439077e-12,0.35661053584302804,3.1125570764439077e-12,8.0,1.0003727486516494e-6,exp((v1-17.3))
4.8834338715327945,4.0,0,2.0,-0.9699892335027729,true,8.663339366274233e-6,1.2153162665428223,1.0,pow2((0.000514361430637507*v1)),-0.7700173778906814,4.180556765391563e-12,0.9980869708371154,4.180556765391563e-12,8.0,1.3874756693179675e-6,pow2((0.000514*v1))
0.9953272008909269,4.0,0,971.0,-0.9442651241522595,true,6.188548183951561e-6,0.5134750125707147,1.0,(3.07517712471415e-8*exp(v1)),-0.8283852290324518,3.119563057544759e-12,0.357690473779583,3.119563057544759e-12,5.0,1.0044528614641216e-6,(3.08e-8*exp(v1))
1.0753036149929025,4.0,0,1255.0,-0.9465935694957229,true,6.6858096792736175e-6,0.4939741889222279,1.0,exp((-17.2580188267276+v1)),-0.8304996417153319,3.081127882899076e-12,0.34684395766905796,3.081127882899076e-12,8.0,9.639021895912948e-7,exp((-17.3+v1))
1.3083733795339625,4.0,0,987.0,-0.9699892335027729,true,7.0658394169842955e-6,0.5675090036903643,1.0,(5.14904466531417e-8*pow3(v1)),-0.8524092007440693,2.682862334031664e-12,0.3889497548509191,2.682862334031664e-12,5.0,9.271767102837735e-7,(5.15e-8*pow3(v1))
1.7566953174982163,4.0,0,1885.0,-0.9699892335027729,true,7.064387373543648e-6,0.5883424799596272,1.0,pow3((v1/253.355426037054)),-0.8289431872115112,3.109420657136943e-12,0.4606084579095279,3.109420657136943e-12,8.0,1.0477794945701032e-6,pow3((v1/253.0))
1.3067027077138336,4.0,0,1864.0,-0.9699892335027729,true,7.0738888538831355e-6,0.5674601444412192,1.0,(5.1453180741573e-8*pow3(v1)),-0.8523106244949831,2.684654224224258e-12,0.3887840537962083,2.684654224224258e-12,5.0,9.271931072848637e-7,(5.15e-8*pow3(v1))
1.3075924560461958,4.0,0,1343.0,-0.9699892335027729,true,7.069601971821138e-6,0.5674861653717954,1.0,pow3((0.0037198597910741*v1)),-0.8523632950948552,2.683696793481825e-12,0.38887230107213855,2.683696793481825e-12,8.0,9.271843747473301e-7,pow3((0.00372*v1))
1.0746389176155324,4.0,0,732.0,-0.9700543417145678,true,6.68167685567157e-6,0.4941362635348654,1.0,exp((-17.2583391672517+v1)),-0.8304995988601865,3.0811286619073593e-12,0.34692504082054826,3.0811286619073593e-12,8.0,9.641966854364523e-7,exp((-17.3+v1))
0.939193503038287,5.0,0,1353.0,-0.9755956432029508,true,6.244327678555881e-6,0.7877116569920812,1.0,pow2((9.59980396835082e-5*pow2(v1))),-0.8549220364482314,2.6371847423640706e-12,0.4808253158561597,2.6371847423640706e-12,32.0,9.352863104591142e-7,pow2((9.6e-5*pow2(v1)))
0.9736508137141724,5.0,0,661.0,-0.9636487069641356,true,6.053773040282967e-6,0.7818829385174565,1.0,pow2(pow2((v1/-101.374317868664))),-0.8572502511987352,2.5948631363347383e-12,0.47974971178873205,2.5948631363347383e-12,256.0,9.2897068680474e-7,pow2(pow2((v1/-101.0)))
0.9391935686726354,5.0,0,261.0,-0.9719393933491979,true,6.244340570277683e-6,0.7877118861354753,1.0,(9.2156136757602e-9*pow2(pow2(v1))),-0.8549219053585366,2.6371871252741586e-12,0.48082535814119504,2.6371871252741586e-12,17.0,9.352865587441264e-7,(9.22e-9*pow2(pow2(v1)))
0.9391612920329272,5.0,0,483.0,-0.9719393933491979,true,6.238000879715195e-6,0.7875992015589268,1.0,pow2(pow2((-0.00979915623009868*v1))),-0.8549859952798365,2.6360221174504093e-12,0.4808045638637909,2.6360221174504093e-12,256.0,9.351644609999601e-7,pow2(pow2((-0.0098*v1)))
18.35538238307589,5.0,0,1438.0,-0.9747339469305587,true,6.436999471286438e-6,3.0869900430887864,2.0,(-6.90963172372605e-6/(-6.58801490855814+v1)),-0.8288671077700189,3.110803606948196e-12,3.0833908794716693,3.110803606948196e-12,4.0,1.29179609988604e-6,(-6.91e-6/(-6.59+v1))
0.9739501380940002,5.0,0,1006.0,-0.9719393933491979,true,6.05563412008219e-6,0.78184985882894,1.0,pow2(pow2((v1/101.3704746193))),-0.8572577211947463,2.594727348934478e-12,0.4797436074198776,2.594727348934478e-12,256.0,9.289348437863847e-7,pow2(pow2((v1/101.0)))
0.9391935686706883,5.0,0,1128.0,-0.9499417974460043,true,6.244340569895198e-6,0.7877118861286768,1.0,pow2((9.59979878750348e-5*pow2(v1))),-0.854921905362426,2.6371871252034597e-12,0.48082535813994043,2.6371871252034597e-12,32.0,9.352865587367601e-7,pow2((9.6e-5*pow2(v1)))
0.9844522211622935,5.0,0,1821.0,-0.9684505053850414,true,6.120931890545832e-6,0.7806892262173429,1.0,pow2(pow2((-0.00987790027542791*v1))),-0.8574787772557422,2.590709056583293e-12,0.4795294297814725,2.590709056583293e-12,256.0,9.276772570959737e-7,pow2(pow2((-0.00988*v1)))
0.9844522211622935,5.0,0,1821.0,-0.9684505053850414,true,6.120931890545832e-6,0.7806892262173429,1.0,pow2(pow2((-0.00987790027542791*v1))),-0.8574787772557422,2.590709056583293e-12,0.4795294297814725,2.590709056583293e-12,256.0,9.276772570959737e-7,pow2(pow2((-0.00988*v1)))
1.0099704613743534,5.0,0,928.0,-0.9705088486483465,true,6.279594146516156e-6,0.7778690902892524,1.0,pow2((9.8198259137609e-5*pow2(v1))),-0.8576833936426784,2.5869895998136007e-12,0.4790090152704341,2.5869895998136007e-12,32.0,9.246215395735822e-7,pow2((9.82e-5*pow2(v1)))
0.939193568460962,5.0,0,1782.0,-0.9499417974460043,true,6.244340528701337e-6,0.7877118853964782,1.0,(9.215613707840712e-9*pow2(pow2(v1))),-0.8549219057813114,2.637187117589082e-12,0.48082535800482407,2.637187117589082e-12,17.0,9.352865579433969e-7,(9.22e-9*pow2(pow2(v1)))
0.973635643053121,5.0,0,1122.0,-0.9699892335027729,true,6.0536787151536875e-6,0.7818846150956974,1.0,pow2(pow2((v1/101.374512675515))),-0.857249870870896,2.5948700498228386e-12,0.4797500211765302,2.5948700498228386e-12,256.0,9.289725034368594e-7,pow2(pow2((v1/101.0)))
0.939193503038287,5.0,0,1353.0,-0.9755956432029508,true,6.244327678555881e-6,0.7877116569920812,1.0,pow2((9.59980396835082e-5*pow2(v1))),-0.8549220364482314,2.6371847423640706e-12,0.4808253158561597,2.6371847423640706e-12,32.0,9.352863104591142e-7,pow2((9.6e-5*pow2(v1)))
1.0707267952311617,5.0,0,1869.0,-0.9602186891785713,true,6.657352836539448e-6,0.780971842434152,1.0,pow2(pow2((-0.00998355411648824*v1))),-0.8562743706375028,2.6126024074372974e-12,0.4777699612638165,2.6126024074372974e-12,256.0,9.173461870249856e-7,pow2(pow2((-0.00998*v1)))
0.9391935686627478,5.0,0,287.0,-0.961591674846418,true,6.244340568335589e-6,0.7877118861009555,1.0,(9.215613677258731e-9*pow2(pow2(v1))),-0.854921905378285,2.637187124915177e-12,0.48082535813482497,2.637187124915177e-12,17.0,9.352865587067232e-7,(9.22e-9*pow2(pow2(v1)))
4.305980819386064,6.0,0,8.0,-0.9755502870758432,true,6.5082580447491946e-6,1.0034696636485132,2.0,exp(((-22.04336082698+v1)/1.41255692166396)),-0.8620469448836929,2.5076702430098287e-12,0.8081085516156079,2.5076702430098287e-12,16.0,9.105396222098636e-7,exp(((-22.0+v1)/1.41))
4.621896095913763,6.0,0,1498.0,-0.9699892335027729,true,6.322532836433119e-6,1.0962732196492397,2.0,exp(((0.699524538714589*v1)-15.5390444153122)),-0.8635592129987516,2.4801806760090255e-12,0.8719916372227674,2.4801806760090255e-12,16.0,9.250763936363744e-7,exp(((0.7*v1)-15.5))
4.6390736764144895,6.0,0,62.0,-0.969526407334444,true,6.0639480059017505e-6,1.114313265095818,2.0,exp(((v1/1.42201744680134)-15.5396953093935)),-0.8646499427326183,2.460353710274359e-12,0.8804921714114318,2.460353710274359e-12,16.0,9.266095491695736e-7,exp(((v1/1.42)-15.5))
4.529907011294256,6.0,0,989.0,-0.9699892335027729,true,6.022019663551607e-6,1.0914634420537748,2.0,exp((0.709037131725213*(-21.9523834541557+v1))),-0.864913069111672,2.455570675999782e-12,0.8611256165750776,2.455570675999782e-12,16.0,9.212110432810893e-7,exp((0.709*(-22.0+v1)))
4.140606251420468,6.0,0,482.0,-0.9747339469305587,true,6.016163853131621e-6,1.006375035336581,2.0,exp((-15.6525592656133-(-0.723541418655502*v1))),-0.8651934606944988,2.4504737999063003e-12,0.7861426641739615,2.4504737999063003e-12,16.0,9.03210935673346e-7,exp((-15.7-(-0.724*v1)))
3.6619463736168476,6.0,0,429.0,-0.9608399276107293,true,6.177199034398619e-6,0.9623409565749078,2.0,exp((0.74570447354966*(v1-21.1510871431554))),-0.8650549398867482,2.452991790590456e-12,0.6990674818841314,2.452991790590456e-12,16.0,8.847355891714214e-7,exp((0.746*(v1-21.2)))
4.617284353626356,6.0,0,1395.0,-0.969526407334444,true,6.371207978985065e-6,1.0925022646149551,2.0,exp((-15.5392070472996+(0.698866516105901*v1))),-0.8632220501239131,2.4863095240259644e-12,0.8701133299962528,2.4863095240259644e-12,16.0,9.247122309373913e-7,exp((-15.5+(0.699*v1)))
4.140606251420468,6.0,0,482.0,-0.9747339469305587,true,6.016163853131621e-6,1.006375035336581,2.0,exp((-15.6525592656133-(-0.723541418655502*v1))),-0.8651934606944988,2.4504737999063003e-12,0.7861426641739615,2.4504737999063003e-12,16.0,9.03210935673346e-7,exp((-15.7-(-0.724*v1)))
4.640890147413466,6.0,0,1161.0,-0.969526407334444,true,6.338806711048332e-6,1.100385389091226,2.0,exp(((0.698575460732525*v1)-15.5347224473372)),-0.8634360717085319,2.482419102326657e-12,0.8754457302210606,2.482419102326657e-12,16.0,9.260293457141874e-7,exp(((0.699*v1)-15.5))
1.3067028285298083,6.0,0,40.0,-0.9699892335027729,true,7.073888271781642e-6,0.567460147974515,2.0,(-0.0112285411669776*pow3((-0.0166097452462007*v1))),-0.8523106316735442,2.6846540937344766e-12,0.38878406577901325,2.6846540937344766e-12,9.0,9.271931060991017e-7,(-0.0112*pow3((-0.0166*v1)))
3.9168489844301524,6.0,0,1254.0,-0.9608399276107293,true,6.306658608397108e-6,0.937234306700508,2.0,exp((0.726592158274099*(v1-21.6078758512542))),-0.8635814723180099,2.479776052621117e-12,0.7390277013703652,2.479776052621117e-12,16.0,8.957740174884044e-7,exp((0.727*(v1-21.6)))
3.768952449355084,6.0,0,132.0,-0.9699892335027729,true,6.2672642690258735e-6,0.9239630800337892,2.0,exp((0.733362444608932*(-21.459272640734+v1))),-0.8636863417962242,2.4778697659521027e-12,0.7120252783871982,2.4778697659521027e-12,16.0,8.901349155805824e-7,exp((0.733*(-21.5+v1)))
3.8620436306712844,6.0,0,508.0,-0.9699892335027729,true,6.407134710124284e-6,0.9192800137799148,2.0,exp(((v1-21.6078946846496)/1.37525965836632)),-0.8626595637228454,2.4965342371275774e-12,0.7272684096993981,2.4965342371275774e-12,16.0,8.939863485640067e-7,exp(((v1-21.6)/1.38))
4.179742028113629,6.0,0,1377.0,-0.9708109090887463,true,6.0785589345146115e-6,1.0036775347667224,2.0,exp((-15.6414116038219-(-0.719977990113943*v1))),-0.8649292156371595,2.4552771691872007e-12,0.791487772167474,2.4552771691872007e-12,16.0,9.049597705497433e-7,exp((-15.6-(-0.72*v1)))
3.918971549634194,6.0,0,1071.0,-0.9616752729768077,true,6.308893385450893e-6,0.9372316905721684,2.0,exp((0.726468215960937*(v1-21.610797642929))),-0.8635667735387401,2.4800432427268544e-12,0.739388931231579,2.4800432427268544e-12,16.0,8.958587229581703e-7,exp((0.726*(v1-21.6)))
4.621896095913763,6.0,0,1498.0,-0.9699892335027729,true,6.322532836433119e-6,1.0962732196492397,2.0,exp(((0.699524538714589*v1)-15.5390444153122)),-0.8635592129987516,2.4801806760090255e-12,0.8719916372227674,2.4801806760090255e-12,16.0,9.250763936363744e-7,exp(((0.7*v1)-15.5))
3.7621732872931557,6.0,0,785.0,-0.9699892335027729,true,6.396477124108454e-6,0.9085350664959656,2.0,exp(((-21.5142275263076+v1)/1.36711528452037)),-0.8626046792947784,2.497531910190724e-12,0.7087965644680922,2.497531910190724e-12,16.0,8.902237913679151e-7,exp(((-21.5+v1)/1.37))
4.673413154334479,6.0,0,1538.0,-0.9747339469305587,true,6.329931054711042e-6,1.10935358481265,2.0,exp((-15.527973376467-(-0.697575413135063*v1))),-0.8634693550717342,2.4818140870957912e-12,0.8820834226152328,2.4818140870957912e-12,16.0,9.277517392489078e-7,exp((-15.5-(-0.698*v1)))
3.780630649311665,7.0,0,16.0,-0.9708109090887463,true,6.334846596867948e-6,0.9941924789262295,2.0,exp((-0.0102116899880473*pow2((-39.3283582427593+v1)))),-0.8638969105702063,2.4740421084335585e-12,0.7330749171363391,2.4740421084335585e-12,512.0,9.047015082716806e-7,exp((-0.0102*pow2((-39.3+v1))))
0.9658027595013016,7.0,0,2.0,-0.9761673111703453,true,6.004976964376328e-6,0.6834592063221581,2.0,pow2((-5.9278995156484e-5-pow2((v1/-102.346742970303)))),-0.8595621933806167,2.552837328293189e-12,0.43030311437749846,2.552837328293189e-12,512.0,9.097322827834886e-7,pow2((-5.93e-5-pow2((v1/-102.0))))
3.653344358414514,7.0,0,402.0,-0.9747339469305587,true,6.376257774658565e-6,0.946039878347395,2.0,exp((-0.010331793413733*pow2((-39.1391881936609+v1)))),-0.8636266563512145,2.4789547104954873e-12,0.7084658617094667,2.4789547104954873e-12,512.0,8.99894391543267e-7,exp((-0.0103*pow2((-39.1+v1))))
1.374262682383937,7.0,0,583.0,-0.9754383072773953,true,7.152407409733452e-6,0.58945119757839,1.0,pow2(((0.00064593521044267*pow2(v1))/v2)),-0.8656265842872833,2.442600606056004e-12,0.38054780094331675,2.442600606056004e-12,2048.0,8.158511907922898e-7,pow2(((0.000646*pow2(v1))/v2))
0.929409590440113,7.0,0,878.0,-0.9772668691202162,true,6.570874571218793e-6,0.6978228152851994,1.0,(6.27456089968432e-8*(pow2(pow2(v1))/v2)),-0.8688715967813053,2.3836137190849727e-12,0.4328327379626017,2.3836137190849727e-12,34.0,8.635218081628264e-7,(6.27e-8*(pow2(pow2(v1))/v2))
1.374262892170723,7.0,0,606.0,-0.9746194207972119,true,7.152406434662534e-6,0.5894512054821824,1.0,pow2((0.00064593523897967*(pow2(v1)/v2))),-0.8656265977166299,2.4426003619412746e-12,0.38054780629324225,2.4426003619412746e-12,1024.0,8.158511514964761e-7,pow2((0.000646*(pow2(v1)/v2)))
1.3776826515228797,7.0,0,378.0,-0.9748099722294968,true,7.1365116876917014e-6,0.5895800461415373,1.0,pow2((pow2(v1)*(0.000646400256616001/v2))),-0.8658427828691808,2.4386706115375932e-12,0.3806350160658023,2.4386706115375932e-12,8192.0,8.152105857667366e-7,pow2((pow2(v1)*(0.000646/v2)))
1.3742655434769275,7.0,0,1770.0,-0.97485708839822,true,7.152394111619616e-6,0.5894513053710939,1.0,(4.17232798873241e-7*pow2((pow2(v1)/v2))),-0.8656267674362734,2.4425972768272894e-12,0.3805478739061317,2.4425972768272894e-12,513.0,8.158506548720886e-7,(4.17e-7*pow2((pow2(v1)/v2)))
0.9979276790043689,7.0,0,0.0,-0.9791753378102511,true,6.0597337871618185e-6,0.9518039268952525,1.0,pow2((0.00011355240899321*(pow3(v1)/v2))),-0.8337561191234052,3.021932590077366e-12,0.6222794844159291,3.021932590077366e-12,1024.0,1.1118387390971368e-6,pow2((0.000114*(pow3(v1)/v2)))
1.3841266516903252,7.0,0,1372.0,-0.9748099722294968,true,7.106560529848697e-6,0.589822826157603,1.0,pow2((pow2((v1/39.3056861000001))/v2)),-0.8662353226530067,2.4315351382835355e-12,0.3807993492048067,2.4315351382835355e-12,131072.0,8.140035401109952e-7,pow2((pow2((v1/39.3))/v2))
1.4943789611944875,7.0,0,1421.0,-0.974811035012405,true,6.594117289825594e-6,0.5795738904355865,1.0,pow2((pow2((0.0257307767397798*v1))/v2)),-0.8699501198286755,2.3640086429233e-12,0.38919123466134287,2.3640086429233e-12,131072.0,8.236025928179065e-7,pow2((pow2((0.0257*v1))/v2))
1.3742626823469495,7.0,0,404.0,-0.974811035012405,true,7.152407409905368e-6,0.5894511975769965,1.0,pow2(((0.000645935210437639*pow2(v1))/v2)),-0.8656265842849156,2.4426006060990434e-12,0.38054780094237345,2.4426006060990434e-12,2048.0,8.15851190799218e-7,pow2(((0.000646*pow2(v1))/v2))
1.2971562532616212,7.0,0,3.0,-0.9669136596256234,true,7.389233264500047e-6,0.9981758432768966,2.0,exp((-10.482692769986-(34.322637767784/pow2(v1)))),-0.834159510840873,3.014599853551033e-12,0.611740421306095,3.014599853551033e-12,64.0,1.0704540667781185e-6,exp((-10.5-(34.3/pow2(v1))))
4.487722871801623,7.0,0,1726.0,-0.9699892335027729,true,6.0329336419329516e-6,0.9346263727601486,2.0,(3.41465243382707e-7+pow2(pow2((v1/102.342903610641)))),-0.8627082994949915,2.495648332531424e-12,0.7795053607764687,2.495648332531424e-12,257.0,9.039519728475344e-7,(3.41e-7+pow2(pow2((v1/102.0))))
7.9520573242267725,8.0,0,221.0,-0.9492041033332471,true,6.171857991131651e-6,0.5525833674137155,2.0,exp(((v1+(-0.397682815626231*v2))-14.5454985858949)),-0.8754954915773169,2.2632064989709885e-12,0.7332591162731203,2.2632064989709885e-12,64.0,8.529061018740661e-7,exp(((v1+(-0.398*v2))-14.5))
8.641714856023727,8.0,0,813.0,-0.937143321880579,true,6.219682246657878e-6,0.5816239080490808,2.0,exp((-14.440001528124-((0.413323540546025*v2)-v1))),-0.8755054518109343,2.263025444760663e-12,0.7802064252013119,2.263025444760663e-12,64.0,8.57631553145036e-7,exp((-14.4-((0.413*v2)-v1)))
8.378283639364389,8.0,0,1451.0,-0.9364857414959646,true,6.379603838247614e-6,0.5617487564175334,2.0,exp((v1+(-14.473403669114-(0.410473578567962*v2)))),-0.8741502173422206,2.2876605001179325e-12,0.7617567173637113,2.2876605001179325e-12,64.0,8.628863102986753e-7,exp((v1+(-14.5-(0.41*v2))))
8.807196126214789,8.0,0,200.0,-0.9364857414959646,true,6.242029738534833e-6,0.6203886012325952,2.0,exp((-14.4322770005604+(v1+(-0.408677088141044*v2)))),-0.8764013480257405,2.246740105687885e-12,0.7947347417926416,2.246740105687885e-12,64.0,8.417162168340347e-7,exp((-14.4+(v1+(-0.409*v2))))
7.958246671812865,8.0,0,1586.0,-0.9366587153973711,true,6.34640477673596e-6,0.5529812061640886,2.0,exp((v1+(-14.5386778423076-(0.400747612725324*v2)))),-0.8741854963306774,2.287019208995513e-12,0.7335060461008684,2.287019208995513e-12,64.0,8.61095325827134e-7,exp((v1+(-14.5-(0.401*v2))))
6.9991771252858825,8.0,0,1671.0,-0.9496881353574699,true,6.039505911522743e-6,0.5434001327053342,2.0,exp(((-14.7110106528903+v1)-(0.371199130853277*v2))),-0.8757170214221692,2.259179594315585e-12,0.6695707751810519,2.259179594315585e-12,64.0,8.428814773359618e-7,exp(((-14.7+v1)-(0.371*v2)))
9.216130849301,8.0,0,1513.0,-0.937143321880579,true,6.507852451656998e-6,0.6346697474528814,2.0,exp(((v1+(-0.429771894089366*v2))-14.3492358765486)),-0.8731454093178123,2.3059256061760907e-12,0.8186845998776338,2.3059256061760907e-12,64.0,8.73148551324173e-7,exp(((v1+(-0.43*v2))-14.3))
8.143934570681052,8.0,0,911.0,-0.9364886553388057,true,6.239359447265568e-6,0.5543434877827481,2.0,exp(((v1-14.5135548275524)-(0.403050996532507*v2))),-0.875170184490325,2.2691198359478443e-12,0.7461105741825196,2.2691198359478443e-12,64.0,8.561119634353757e-7,exp(((v1-14.5)-(0.403*v2)))
8.219603295437395,8.0,0,1351.0,-0.9367550596388232,true,6.467698036322133e-6,0.5583530284712304,2.0,exp((v1+(-14.494298961867+(-0.408558309831221*v2)))),-0.8731538356091126,2.305772435520066e-12,0.7510038894677459,2.305772435520066e-12,64.0,8.669684172639211e-7,exp((v1+(-14.5+(-0.409*v2))))
10.609629204885476,8.0,0,640.0,-0.9603379601902327,true,6.554278410623176e-6,0.8551796324891638,2.0,(6.93041252221917e-7*(exp((0.794410759061418*v1))/v2)),-0.8703458605480032,2.356814984000932e-12,1.0443606458102488,2.356814984000932e-12,18.0,8.866075537810399e-7,(6.93e-7*(exp((0.794*v1))/v2))
8.370755437330956,8.0,0,388.0,-0.9364857414959646,true,6.448625390836944e-6,0.5629500971511673,2.0,(5.18574060305223e-7*exp((v1+(-0.411485445939356*v2)))),-0.8734576248879906,2.300250242958651e-12,0.7611836612425168,2.300250242958651e-12,33.0,8.661577894047636e-7,(5.19e-7*exp((v1+(-0.411*v2))))
8.207179831234605,8.0,0,185.0,-0.9369703881862023,true,6.466924610074218e-6,0.5579252527659417,2.0,exp(((v1+(-0.408275429156108*v2))-14.4962131372078)),-0.873153704050781,2.3057748269488987e-12,0.7501689567612385,2.3057748269488987e-12,64.0,8.66924456883233e-7,exp(((v1+(-0.408*v2))-14.5))
7.958246671812865,8.0,0,1586.0,-0.9366587153973711,true,6.34640477673596e-6,0.5529812061640886,2.0,exp((v1+(-14.5386778423076-(0.400747612725324*v2)))),-0.8741854963306774,2.287019208995513e-12,0.7335060461008684,2.287019208995513e-12,64.0,8.61095325827134e-7,exp((v1+(-14.5-(0.401*v2))))
8.378283639364389,8.0,0,1451.0,-0.9364857414959646,true,6.379603838247614e-6,0.5617487564175334,2.0,exp((v1+(-14.473403669114-(0.410473578567962*v2)))),-0.8741502173422206,2.2876605001179325e-12,0.7617567173637113,2.2876605001179325e-12,64.0,8.628863102986753e-7,exp((v1+(-14.5-(0.41*v2))))
8.249584004403479,8.0,0,96.0,-0.9372367808460838,true,6.469592824937581e-6,0.5593854451303326,2.0,exp(((v1+(-0.409239960086848*v2))-14.4896890934572)),-0.8731534857475476,2.3057787952011557e-12,0.7530184055391325,2.3057787952011557e-12,64.0,8.670762076488645e-7,exp(((v1+(-0.409*v2))-14.5))
8.257655350936096,8.0,0,913.0,-0.9364886553388057,true,6.44302129757311e-6,0.5590930546210615,2.0,(5.09735458869535e-7/exp(((0.408961411495061*v2)-v1))),-0.8734464348778286,2.300453651686922e-12,0.753586132335638,2.300453651686922e-12,33.0,8.658206951231091e-7,(5.1e-7/exp(((0.409*v2)-v1)))
9.175734457961012,8.0,0,1441.0,-0.9368316691447978,true,6.1402251839724434e-6,0.6305926611916308,2.0,exp((-14.3773499793653-((0.417695850478758*v2)-v1))),-0.8764936570447566,2.2450621393684525e-12,0.8198521391362363,2.2450621393684525e-12,64.0,8.483240608788236e-7,exp((-14.4-((0.418*v2)-v1)))
7.972715796345947,9.0,0,1288.0,-0.97485708839822,true,6.218462184900075e-6,1.0324390410931845,2.0,exp((0.647315807978938*((pow2(v1)/v2)-22.6507941259835))),-0.8743752726488576,2.2835695106504696e-12,1.1816417370719774,2.2835695106504696e-12,2048.0,8.83349177362437e-7,exp((0.647*((pow2(v1)/v2)-22.7)))
7.572247544382692,9.0,0,4.0,-0.9745444757817722,true,6.317141688325154e-6,0.9802670896968736,2.0,exp((((pow2(v1)/v2)-22.4483444743522)/1.52586293043259)),-0.8729716711198768,2.3090837682673147e-12,1.1209540196556975,2.3090837682673147e-12,2048.0,8.863989317849092e-7,exp((((pow2(v1)/v2)-22.4)/1.53))
7.972715796345947,9.0,0,1288.0,-0.97485708839822,true,6.218462184900075e-6,1.0324390410931845,2.0,exp((0.647315807978938*((pow2(v1)/v2)-22.6507941259835))),-0.8743752726488576,2.2835695106504696e-12,1.1816417370719774,2.2835695106504696e-12,2048.0,8.83349177362437e-7,exp((0.647*((pow2(v1)/v2)-22.7)))
3.679611088766384,9.0,0,1731.0,-0.9580027216338627,true,6.423235704791901e-6,0.5026952176592068,2.0,(sqrt_abs((6.69149718373701-v2))*(5.25023206173699e-8*exp(v1))),-0.877268617092157,2.230975142536459e-12,0.4605854759041194,2.230975142536459e-12,41.0,8.075128325616343e-7,(sqrt_abs((6.69-v2))*(5.25e-8*exp(v1)))
3.5813903483660403,9.0,0,1628.0,-0.9570817750572481,true,6.32432462964883e-6,0.4799285939166891,2.0,(sqrt_abs((6.67391866600765-v2))*(5.1496912250486e-8*exp(v1))),-0.8777371297639691,2.2224586563695826e-12,0.44999910494753964,2.2224586563695826e-12,41.0,8.029442634387474e-7,(sqrt_abs((6.67-v2))*(5.15e-8*exp(v1)))
0.9999706365821865,10.0,0,1026.0,-0.9417877166601674,true,6.112329538851653e-6,0.5391962239724227,3.0,exp((-17.8120719499537-((1.39215261734292/(4.14568150714185-v2))-v1))),-0.8866013740504733,2.0613270191956478e-12,0.3919333272461034,2.0613270191956478e-12,128.0,7.944025412113302e-7,exp((-17.8-((1.39/(4.15-v2))-v1)))
0.9542965358021989,10.0,0,346.0,-0.952578532441849,true,6.036738258684465e-6,0.4609048579237025,3.0,exp((v1+(-17.5450657738565-(0.541397494962037/(4.61467149885669-v2))))),-0.8847724110567583,2.0945733729718545e-12,0.3534044555480159,2.0945733729718545e-12,128.0,7.91036455527394e-7,exp((v1+(-17.5-(0.541/(4.61-v2)))))
0.9999905692108241,10.0,0,829.0,-0.9407587689793842,true,6.334154178551954e-6,0.5459973831031035,3.0,exp(((-17.8675370721954+v1)-(-1.49999041190549/(v2-4.14102368842159)))),-0.8841978092475231,2.105018316415725e-12,0.4030157949541763,2.105018316415725e-12,128.0,8.161615725874655e-7,exp(((-17.9+v1)-(-1.5/(v2-4.14))))
0.9999877190290354,10.0,0,1095.0,-0.9409996063069607,true,6.151346126138165e-6,0.5389858998309505,3.0,exp((-17.7856645987263-((-1.39143165171374/(v2-4.13309729783356))-v1))),-0.8875489218794682,2.0441027722038308e-12,0.39142418973745463,2.0441027722038308e-12,128.0,7.856155381502755e-7,exp((-17.8-((-1.39/(v2-4.13))-v1)))
0.9534507516851911,10.0,0,597.0,-0.9621468049974187,true,6.041997007522675e-6,0.4423014041049256,3.0,exp(((-17.5407620235835+v1)-(0.531705847468482/(4.60744142978853-v2)))),-0.8851419816219068,2.0878554274494895e-12,0.3480002359816365,2.0878554274494895e-12,128.0,7.842803847642808e-7,exp(((-17.5+v1)-(0.532/(4.61-v2))))
0.9999751133657708,10.0,0,233.0,-0.9417850589281657,true,6.307262088529587e-6,0.5398714938488937,3.0,exp(((-17.8350026098889+v1)-(1.41123646256321/(4.14550890218109-v2)))),-0.8851631399305505,2.087470817910154e-12,0.3936582051434878,2.087470817910154e-12,128.0,8.020624254668961e-7,exp(((-17.8+v1)-(1.41/(4.15-v2))))
0.9546829301244257,10.0,0,414.0,-0.953443557279008,true,6.0343358126556965e-6,0.43447972548051905,3.0,exp((v1+(-17.651025392028-(0.857625782256985/(4.42552981344459-v2))))),-0.8861175041580158,2.070122664422795e-12,0.37309366191392185,2.070122664422795e-12,128.0,7.892439514000301e-7,exp((v1+(-17.7-(0.858/(4.43-v2)))))
0.9999706365821865,10.0,0,1026.0,-0.9417877166601674,true,6.112329538851653e-6,0.5391962239724227,3.0,exp((-17.8120719499537-((1.39215261734292/(4.14568150714185-v2))-v1))),-0.8866013740504733,2.0613270191956478e-12,0.3919333272461034,2.0613270191956478e-12,128.0,7.944025412113302e-7,exp((-17.8-((1.39/(4.15-v2))-v1)))
0.9880052701673313,10.0,0,527.0,-0.9662130514308048,true,6.143023334392575e-6,0.42598185148841505,3.0,exp(((v1-17.4542455494437)-(-0.349407857233298/(v2-4.7200291345491)))),-0.8850693869948972,2.089175031323437e-12,0.3269026102264218,2.089175031323437e-12,128.0,7.714826627593926e-7,exp(((v1-17.5)-(-0.349/(v2-4.72))))
0.9597105594312616,10.0,0,0.0,-0.9420365330193222,true,6.357683949635954e-6,0.433326108711214,3.0,exp((v1+(-17.698661172367+(-0.927242061256557/(4.37916971539265-v2))))),-0.8838279041978904,2.1117423420991062e-12,0.37595361443294606,2.1117423420991062e-12,128.0,7.997725204185899e-7,exp((v1+(-17.7+(-0.927/(4.38-v2)))))
0.9998732514720883,10.0,0,104.0,-0.9420968798432021,true,6.403457762450839e-6,0.536973698198502,3.0,exp(((v1+(-1.34783753076329/(4.16678501745559-v2)))-17.824468117594)),-0.884141645550607,2.1060392436534355e-12,0.39080775044176347,2.1060392436534355e-12,128.0,8.037345808687544e-7,exp(((v1+(-1.35/(4.17-v2)))-17.8))
0.9999999325010319,10.0,0,741.0,-0.9410050140936982,true,6.425011789648178e-6,0.5412314764952273,3.0,exp((v1+(-17.867236530359-(1.50023238436844/(4.09631465800536-v2))))),-0.884089998830456,2.1069780626100922e-12,0.39455442606652796,2.1069780626100922e-12,128.0,8.052454466420884e-7,exp((v1+(-17.9-(1.5/(4.1-v2)))))
0.9999637004381934,10.0,0,387.0,-0.9424726626586886,true,6.220896440768586e-6,0.5386314045163708,3.0,exp((v1+(-17.8193179563425+(-1.38572817760301/(4.14841517577893-v2))))),-0.8858944417454087,2.074177427646106e-12,0.3915668106049236,2.074177427646106e-12,128.0,7.976397278813179e-7,exp((v1+(-17.8+(-1.39/(4.15-v2)))))
0.9981513948486049,10.0,0,0.0,-0.941957648677237,true,6.394131909108111e-6,0.5248069637116932,3.0,exp((-17.7904795973448-((1.2276377450727/(4.22586411247438-v2))-v1))),-0.884062630257214,2.1074755605209204e-12,0.387642079430329,2.1074755605209204e-12,128.0,8.029184608590167e-7,exp((-17.8-((1.23/(4.23-v2))-v1)))
0.9999999323441546,10.0,0,885.0,-0.9411468046480556,true,6.424886207569574e-6,0.541233105019642,3.0,exp((v1+(-17.867228168886-(1.50023173622741/(4.09632892120307-v2))))),-0.8840914592139775,2.1069515161860417e-12,0.39455636864905913,2.1069515161860417e-12,128.0,8.052431452975795e-7,exp((v1+(-17.9-(1.5/(4.1-v2)))))
1.0038300121988204,10.0,0,1603.0,-0.9780649268580816,true,6.071820303607381e-6,0.7328825399885923,2.0,(sqrt_abs((6.53027784925576-v2))*pow2(pow2((v1/92.2037353038188)))),-0.8857528421777158,2.0767513831270273e-12,0.41485710877932674,2.0767513831270273e-12,2049.0,7.867479176731972e-7,(sqrt_abs((6.53-v2))*pow2(pow2((v1/92.2))))
0.9999999910446958,10.0,0,99.0,-0.9427616465086451,true,6.378643198449263e-6,0.5392870073792154,3.0,(1.7596863692417e-8/exp(((1.48383718178469/(4.08427099022774-v2))-v1))),-0.884428007442658,2.100833841026992e-12,0.3914264492684058,2.100833841026992e-12,65.0,8.009236639820483e-7,(1.76e-8/exp(((1.48/(4.08-v2))-v1)))
0.9044180740828012,10.0,0,2.0,-0.9636583879319686,true,6.3468626714560425e-6,0.4462318745333423,3.0,exp(((v1-17.6189441341696)-(0.684921426865753/(4.50932530333533-v2)))),-0.8830750434178104,2.1254276249204537e-12,0.3604195813676057,2.1254276249204537e-12,128.0,7.965655388408162e-7,exp(((v1-17.6)-(0.685/(4.51-v2))))
0.999999932343221,10.0,0,957.0,-0.9420968798432021,true,6.424983316472755e-6,0.5412327852499449,3.0,exp((-17.8672364925672-((1.5002318592355/(4.09632906593458-v2))-v1))),-0.8840903635906905,2.1069714321053533e-12,0.3945564453383447,2.1069714321053533e-12,128.0,8.052464734741166e-7,exp((-17.9-((1.5/(4.1-v2))-v1)))
0.9409056972756017,11.0,0,331.0,-0.9724247488088917,true,6.424202956206416e-6,0.7931372363111043,3.0,pow2(pow2(((v1+(0.00801109299642944/(-4.99034457627345+v2)))/102.519122520245))),-0.8863179843324308,2.066478394513223e-12,0.439152400475074,2.066478394513223e-12,3.402823669209385e38,7.941341802646208e-7,pow2(pow2(((v1+(0.00801/(-4.99+v2)))/103.0)))
0.9422315328786316,11.0,0,103.0,-0.97023468354343,true,6.112417603914821e-6,0.7300120639068374,3.0,pow2(pow2((v1*(-0.0101520362054054-(0.000664442893676945/(4.96952594774275-v2)))))),-0.885417891242103,2.082840023160379e-12,0.42918330402304716,2.082840023160379e-12,1.7976931348623157e308,7.720250522460118e-7,pow2(pow2((v1*(-0.0102-(0.000664/(4.97-v2))))))
0.9451850511615989,11.0,0,1085.0,-0.971250016158037,true,6.223718612999128e-6,0.8046185967566362,3.0,pow2(pow2(((v1+(-0.0619438289050639/(4.92569205167824-v2)))/102.526889403135))),-0.8876401180385936,2.0424450351256443e-12,0.44125897857974933,2.0424450351256443e-12,3.402823669209385e38,7.973647337645442e-7,pow2(pow2(((v1+(-0.0619/(4.93-v2)))/103.0)))
0.9518594092273753,11.0,0,285.0,-0.97288763086418,true,6.156678696548301e-6,0.8123564860059347,3.0,pow2(pow2(((v1+(0.0942072732394989/(v2-4.8873945450963)))/102.633880659664))),-0.8877478531821597,2.0404866572309367e-12,0.44215082782058074,2.0404866572309367e-12,3.402823669209385e38,7.990024909796121e-7,pow2(pow2(((v1+(0.0942/(v2-4.89)))/103.0)))
0.9385544257560224,11.0,0,0.0,-0.9685527684067426,true,6.567162220449647e-6,0.7838509829936923,3.0,pow2(pow2((v1*(-0.00978639305029246+(-0.000111136184368256/(4.99486182815713-v2)))))),-0.8850463555911712,2.089593689436735e-12,0.43546778664656666,2.089593689436735e-12,1.7976931348623157e308,7.817752778152214e-7,pow2(pow2((v1*(-0.00979+(-0.000111/(4.99-v2))))))
0.9985546153347861,11.0,0,1193.0,-0.9630056011856695,true,6.2086149617684695e-6,0.34091534926709005,3.0,exp(((v1-17.3429898340605)-(-0.130066032468123/pow2((-5.341530360724+v2))))),-0.8888813627569363,2.019882052074223e-12,0.2864424782023099,2.019882052074223e-12,4096.0,7.50811873947506e-7,exp(((v1-17.3)-(-0.13/pow2((-5.34+v2)))))
0.8934479815344852,11.0,0,512.0,-0.9632015539174262,true,6.415070338499496e-6,0.38075779499582424,3.0,exp((v1+(-17.4066952279589-(-0.153887744131886/pow2((-5.35644259512655+v2)))))),-0.8859437712033793,2.0732807312028673e-12,0.29661454873978654,2.0732807312028673e-12,4096.0,7.800934192470164e-7,exp((v1+(-17.4-(-0.154/pow2((-5.36+v2))))))
0.8855820143108171,11.0,0,1073.0,-0.9623826278650833,true,6.463977790374097e-6,0.3766531759550663,3.0,exp((v1+(-17.4087380334877+(0.148889489261746/pow2((-5.35240477865493+v2)))))),-0.8853240978317745,2.084544972310459e-12,0.29528770706354057,2.084544972310459e-12,4096.0,7.794365848366515e-7,exp((v1+(-17.4+(0.149/pow2((-5.35+v2))))))
0.9985546153347861,11.0,0,1193.0,-0.9630056011856695,true,6.2086149617684695e-6,0.34091534926709005,3.0,exp(((v1-17.3429898340605)-(-0.130066032468123/pow2((-5.341530360724+v2))))),-0.8888813627569363,2.019882052074223e-12,0.2864424782023099,2.019882052074223e-12,4096.0,7.50811873947506e-7,exp(((v1-17.3)-(-0.13/pow2((-5.34+v2)))))
0.8996597189626357,11.0,0,1366.0,-0.9656801629860904,true,6.376448228759347e-6,0.3719992853165511,3.0,(sqrt_abs((-0.0943170325537606/(4.73725535341733-v2)))*(1.4340177770114e-7*exp(v1))),-0.8859177617662983,2.0737535231345164e-12,0.28160029247080276,2.0737535231345164e-12,81.0,7.660481044028032e-7,(sqrt_abs((-0.0943/(4.74-v2)))*(1.43e-7*exp(v1)))
0.9384333131711564,11.0,0,576.0,-0.9716835024037807,true,6.459431951577112e-6,0.7837403061205989,3.0,pow2((pow2(v1)*(-9.60073718656473e-5+(-1.76214921110701e-6/(4.99238687193884-v2))))),-0.8857388527359883,2.0770056791026157e-12,0.4326907995438278,2.0770056791026157e-12,2.097152e6,7.784119578002464e-7,pow2((pow2(v1)*(-9.6e-5+(-1.76e-6/(4.99-v2)))))
0.8855820143108171,11.0,0,1073.0,-0.9623826278650833,true,6.463977790374097e-6,0.3766531759550663,3.0,exp((v1+(-17.4087380334877+(0.148889489261746/pow2((-5.35240477865493+v2)))))),-0.8853240978317745,2.084544972310459e-12,0.29528770706354057,2.084544972310459e-12,4096.0,7.794365848366515e-7,exp((v1+(-17.4+(0.149/pow2((-5.35+v2))))))
0.9579352014175437,11.0,0,1445.0,-0.9730579442593332,true,6.413236885182823e-6,0.8458158152624753,3.0,pow2(pow2((v1*(-0.00946335637397782-(-0.000698401205702185/(4.6694787393149-v2)))))),-0.8854854178668026,2.0816125439485037e-12,0.44918613333356205,2.0816125439485037e-12,1.7976931348623157e308,7.960016597507877e-7,pow2(pow2((v1*(-0.00946-(-0.000698/(4.67-v2))))))
0.8982358983652101,11.0,0,1476.0,-0.9653692993500985,true,6.385300978251759e-6,0.3724699803277885,3.0,(sqrt_abs((0.0158559789431764/(4.7413514589667-v2)))*(3.49167644517184e-7*exp(v1))),-0.8859121491019633,2.0738555485034017e-12,0.28198117764379876,2.0738555485034017e-12,81.0,7.668372671130495e-7,(sqrt_abs((0.0159/(4.74-v2)))*(3.49e-7*exp(v1)))
0.940913445899583,11.0,0,408.0,-0.9707867779662114,true,6.593452681305783e-6,0.793756527151765,3.0,pow2((9.45937679370192e-5*pow2(((-0.000584514786581945/(5.00069271533103-v2))-v1)))),-0.8845436153981234,2.0987323534627534e-12,0.43873492253373136,2.0987323534627534e-12,3.6893488147419103e19,7.939983641571443e-7,pow2((9.46e-5*pow2(((-0.000585/(5.0-v2))-v1))))
0.9409447876144859,11.0,0,575.0,-0.9690083134446962,true,6.600596027177348e-6,0.793782130268239,3.0,pow2(pow2((v1*(0.00972550718456072+(3.09107865855513e-6/(5.00145957557116-v2)))))),-0.8850263107984423,2.0899580578098094e-12,0.43796158548772696,2.0899580578098094e-12,1.7976931348623157e308,7.84860613712588e-7,pow2(pow2((v1*(0.00973+(3.09e-6/(5.0-v2))))))
1.8107627119198708,12.0,0,22.0,-0.9723518959793069,true,6.405520442998727e-6,0.3980427242901687,4.0,exp((-16.3694964048395+(v1*(0.812472959688631+(0.054356147819133/(v2-4.76224224161769)))))),-0.8893281593880784,2.0117603137361504e-12,0.3565751370044049,2.0117603137361504e-12,4096.0,7.305637578371376e-7,exp((-16.4+(v1*(0.812+(0.0544/(v2-4.76))))))
1.6640657532907055,12.0,0,796.0,-0.9719664817610125,true,5.99160799288841e-6,0.35527431254721265,4.0,exp((-16.440938521024-(v1*(-0.821194681048721-(-0.0777385460343272/(4.67308434250383-v2)))))),-0.8915196798804103,1.9719234959075538e-12,0.3364734288112425,1.9719234959075538e-12,4096.0,7.289762223669759e-7,exp((-16.4-(v1*(-0.821-(-0.0777/(4.67-v2))))))
1.6281559009916777,12.0,0,55.0,-0.9723518959793069,true,6.36960601729e-6,0.34342535815587405,4.0,exp((-16.4507132562104-(v1*(-0.826276421924293-(0.0548922491612654/(v2-4.76227563340613)))))),-0.8894348649132574,2.0098206519430105e-12,0.3282953866738434,2.0098206519430105e-12,4096.0,7.250810946929961e-7,exp((-16.5-(v1*(-0.826-(0.0549/(v2-4.76))))))
1.6214947004025195,12.0,0,1254.0,-0.9719664817610125,true,6.253561853697364e-6,0.34575977676806186,4.0,exp((-16.4557128281969+(v1*(0.818674653343273-(0.0804588746961649/(4.67419292714238-v2)))))),-0.8904829263812881,1.990769297451368e-12,0.3292450524295848,1.990769297451368e-12,4096.0,7.314155282024908e-7,exp((-16.5+(v1*(0.819-(0.0805/(4.67-v2))))))
1.8268170923507703,12.0,0,327.0,-0.9720887127614074,true,6.008444887403358e-6,0.3995037211194766,4.0,exp((-16.3692909444856+(v1*(0.813643200252517+(-0.0655011910379083/(4.71056934758277-v2)))))),-0.8914394924944566,1.9733811187304117e-12,0.36144029564587143,1.9733811187304117e-12,4096.0,7.318312153885673e-7,exp((-16.4+(v1*(0.814+(-0.0655/(4.71-v2))))))
0.9999879226660037,12.0,0,0.0,-0.9417850589281657,true,6.436814567276607e-6,0.5385054587986594,4.0,exp((-15.7244331602312+(v1+(-2.11943860216832-(1.41021630555322/(4.13543158963586-v2)))))),-0.8838350164084758,2.1116130584175513e-12,0.39209494363375397,2.1116130584175513e-12,256.0,8.048859549894522e-7,exp((-15.7+(v1+(-2.12-(1.41/(4.14-v2))))))
1.9303031629710847,12.0,0,706.0,-0.9723518959793069,true,6.040981476992035e-6,0.40561421219071264,4.0,exp((-16.3256105257445-(v1*(-0.80643598655289-(-0.0642595781392319/(4.71249506399107-v2)))))),-0.891293234544081,1.976039752927758e-12,0.37746157678560266,1.976039752927758e-12,4096.0,7.355902133681154e-7,exp((-16.3-(v1*(-0.806-(-0.0643/(4.71-v2))))))
1.6402425725021208,12.0,0,34.0,-0.9723518959793069,true,6.016352711669936e-6,0.3473500028677238,4.0,exp((-16.4510977417181-(v1*(-0.822427530879484-(0.0776638390616526/(v2-4.67139863081365)))))),-0.8914406067522322,1.973360864078823e-12,0.33195475546099856,1.973360864078823e-12,4096.0,7.279923881710962e-7,exp((-16.5-(v1*(-0.822-(0.0777/(v2-4.67))))))
1.486117616188855,12.0,0,1123.0,-0.9723518959793069,true,6.119407375310211e-6,0.32977980826778897,4.0,exp(((v1*(0.838042130545906+(0.0756083213444242/(v2-4.67142594258888))))-16.5259784889692)),-0.8913057037360614,1.975813091606939e-12,0.3093882100295857,1.975813091606939e-12,4096.0,7.210030814673078e-7,exp(((v1*(0.838+(0.0756/(v2-4.67))))-16.5))
1.472748982813262,12.0,0,71.0,-0.9723518959793069,true,6.226797784461756e-6,0.3199276970465811,4.0,exp(((v1*(0.836191797339148+(-0.0668015243607638/(4.71287762493957-v2))))-16.5262578581157)),-0.8901739407353483,1.9963859480517286e-12,0.3055037456061845,1.9963859480517286e-12,4096.0,7.219305753007206e-7,exp(((v1*(0.836+(-0.0668/(4.71-v2))))-16.5))
1.4941987137466746,12.0,0,1221.0,-0.9723518959793069,true,6.250471981821598e-6,0.33487250297003757,4.0,exp((-16.5241977598241-(v1*(-0.846656936936518+(0.0566971185366521/(4.76073100930119-v2)))))),-0.8914264730607946,1.973617782183409e-12,0.31401345938260034,1.973617782183409e-12,4096.0,7.188626359278862e-7,exp((-16.5-(v1*(-0.847+(0.0567/(4.76-v2))))))
1.518755299823439,12.0,0,607.0,-0.9723518959793069,true,6.435447075369937e-6,0.3355199922246711,4.0,(6.82139333465917e-8*exp((v1*(0.826612932644648-(0.0731395115161576/(4.68399579979608-v2)))))),-0.8884373916187366,2.0279524294288957e-12,0.30923334174701733,2.0279524294288957e-12,2049.0,7.249049068753783e-7,(6.82e-8*exp((v1*(0.827-(0.0731/(4.68-v2))))))
1.2826753810003964,12.0,0,915.0,-0.9723518959793069,true,6.413226814584866e-6,0.32309437005066116,4.0,(6.05924949879729e-8*exp((v1*(0.846676162371759+(-0.0723601527662576/(4.70852168765681-v2)))))),-0.8884578908225417,2.027579800904329e-12,0.2828433947880141,2.027579800904329e-12,2049.0,7.220487807133664e-7,(6.06e-8*exp((v1*(0.847+(-0.0724/(4.71-v2))))))
1.624531064737695,12.0,0,1152.0,-0.9723518959793069,true,6.136702659012174e-6,0.3343071610715822,4.0,exp((-16.4562725875946+(v1*(0.824061476342118-(0.0716252421639942/(4.68386607430709-v2)))))),-0.890789555550056,1.985195482203059e-12,0.32660016541932635,1.985195482203059e-12,4096.0,7.249750543794421e-7,exp((-16.5+(v1*(0.824-(0.0716/(4.68-v2))))))
1.644551964352481,12.0,0,143.0,-0.9723518959793069,true,6.0537814153010546e-6,0.35292906254306444,4.0,exp((-16.4507765320788-(v1*(-0.827394806546637-(-0.0679599091441572/(4.71136526145416-v2)))))),-0.8916258010439615,1.9699944564689792e-12,0.33462599600532267,1.9699944564689792e-12,4096.0,7.261967415493502e-7,exp((-16.5-(v1*(-0.827-(-0.068/(4.71-v2))))))
0.9982873455512898,12.0,0,1.0,-0.9423631662844058,true,6.419546701248925e-6,0.5246071472086887,4.0,exp(((v1+(-2.06026568633868-(1.2276806293805/(4.22280977864183-v2))))-15.7318999435151)),-0.8837567241363261,2.1130362324165748e-12,0.38717587631975975,2.1130362324165748e-12,256.0,8.033024648804989e-7,exp(((v1+(-2.06-(1.23/(4.22-v2))))-15.7))
1.5864240723587548,12.0,0,0.0,-0.9724482495338805,true,6.563553430411953e-6,0.36293307208550807,4.0,exp(((v1*(0.815532569879989+(-0.0818120952807838/(4.67354917103279-v2))))-16.4666112363416)),-0.8877697523703878,2.0400885801994473e-12,0.32155013718494485,2.0400885801994473e-12,4096.0,7.327171162028436e-7,exp(((v1*(0.816+(-0.0818/(4.67-v2))))-16.5))
1.6425580058109133,12.0,0,856.0,-0.9724482495338805,true,6.444592889735575e-6,0.3538695721218907,4.0,exp((-16.4428822419848-(v1*(-0.813474629564702+(0.0814602751434036/(4.67030941434855-v2)))))),-0.8890416075035112,2.0169691699909238e-12,0.3307010677232842,2.0169691699909238e-12,4096.0,7.331777058637237e-7,exp((-16.4-(v1*(-0.813+(0.0815/(4.67-v2))))))
1.6472552028079077,12.0,0,512.0,-0.9723518959793069,true,6.058734525548182e-6,0.35393329447147254,4.0,exp((-16.4496312387208-(v1*(-0.827625991742782-(-0.0671716735497613/(4.71055431301015-v2)))))),-0.8916216120894792,1.9700706020570268e-12,0.3342989244818751,1.9700706020570268e-12,4096.0,7.253390471029627e-7,exp((-16.4-(v1*(-0.828-(-0.0672/(4.71-v2))))))
1.863673654947496,12.0,0,1264.0,-0.9719664817610125,true,6.1103597081140936e-6,0.40376315639872723,4.0,exp(((v1*(0.80498566424543-(0.0767998986016872/(4.67247601687389-v2))))-16.3520656302413)),-0.8910765617142422,1.9799783681863857e-12,0.36691337115567635,1.9799783681863857e-12,4096.0,7.37018714496029e-7,exp(((v1*(0.805-(0.0768/(4.67-v2))))-16.4))
1.8717508450997147,12.0,0,1280.0,-0.9719664817610125,true,6.091663300414904e-6,0.4103976863920295,4.0,exp(((v1*((-0.0777419390684348/(4.67006595130176-v2))--0.80785514705922))-16.3524887034879)),-0.8912660930018388,1.9765331239355474e-12,0.3710561989299778,1.9765331239355474e-12,4096.0,7.377546741699101e-7,exp(((v1*((-0.0777/(4.67-v2))--0.808))-16.4))
3.6864415714079337,13.0,0,0.0,-0.9747339469305587,true,6.465406485220793e-6,0.9081890862721831,3.0,exp((-15.7201523488328+(v1*(0.727690137726488-(0.0290530884097236/pow2(pow2(pow2(v1)))))))),-0.8620635728086075,2.507367985459417e-12,0.7002460614819386,2.507367985459417e-12,1.7976931348623157e308,8.907815104911655e-7,exp((-15.7+(v1*(0.728-(0.0291/pow2(pow2(pow2(v1))))))))
1.638841373684055,13.0,0,97.0,-0.968883168014658,true,6.049673955927176e-6,0.3652128944637298,4.0,exp((-16.4511864775312-(v1*(-0.849544365007608-(0.017016084281398/pow2((-5.28615779681424+v2))))))),-0.8914810168295347,1.9726263015257602e-12,0.3415530975352463,1.9726263015257602e-12,4.194304e6,7.2429137192903e-7,exp((-16.5-(v1*(-0.85-(0.017/pow2((-5.29+v2)))))))
0.9436406981062577,13.0,0,2.0,-0.9723049008899399,true,6.653173610460732e-6,0.8049506010690708,4.0,pow2((0.000177058054376074*pow2((v1*(-0.72555052537389-(-0.00903568386949444/(4.94497259076857-v2))))))),-0.8846635461363176,2.096552287619789e-12,0.4405853460665311,2.096552287619789e-12,1.7976931348623157e308,7.881455547985707e-7,pow2((0.000177*pow2((v1*(-0.726-(-0.00904/(4.94-v2)))))))
1.6274001245261118,14.0,0,1018.0,-0.9723518959793069,true,6.091980623838057e-6,0.34263240451736554,4.0,exp((-16.4557023341056+(v1*(0.818399591897244-((-0.0120235434190446*v2)/(v2-4.73193793670905)))))),-0.8904656167814566,1.991083946288823e-12,0.3262235921522394,1.991083946288823e-12,1.6777216e7,7.198941486187527e-7,exp((-16.5+(v1*(0.818-((-0.012*v2)/(v2-4.73))))))
1.8472266615862498,14.0,0,257.0,-0.9723518959793069,true,6.041925600039594e-6,0.4034079316003978,5.0,(exp((-16.4563127290617+(v1*(0.815289033677442-(-0.0608028892597104/(v2-4.73446643433048))))))/0.909971474163616),-0.8914978984726427,1.972319431960319e-12,0.36708477580470084,1.972319431960319e-12,4097.0,7.327421736576461e-7,(exp((-16.5+(v1*(0.815-(-0.0608/(v2-4.73))))))/0.91)
1.6057973037777302,14.0,0,1140.0,-0.9719664817610125,true,6.12777903418026e-6,0.33801145278733447,4.0,exp((-16.4650168811492-(-0.811323727244336*(v1+(v1*(-0.13599309768177/(4.56129188296871-v2))))))),-0.8908977902371192,1.9832280237529294e-12,0.3244754760510293,1.9832280237529294e-12,8192.0,7.346580455070541e-7,exp((-16.5-(-0.811*(v1+(v1*(-0.136/(4.56-v2)))))))
1.8593780156968809,14.0,0,744.0,-0.9723518959793069,true,6.053318736234205e-6,0.4011658171363005,5.0,(exp((-16.4538866154557+(v1*(0.81755205296031+(0.0535203935159682/(v2-4.76151838537805))))))/0.907700700501584),-0.891534910206257,1.971646643503778e-12,0.3689323903988096,1.971646643503778e-12,4097.0,7.31106728594695e-7,(exp((-16.5+(v1*(0.818+(0.0535/(v2-4.76))))))/0.908)
1.852333526917972,14.0,0,193.0,-0.9723518959793069,true,5.9926010628120215e-6,0.4067403125451193,5.0,(exp((-16.4547758457425+(v1*(0.812471859392629+(-0.0652280732415366/(4.71054815989712-v2))))))/0.908680378778949),-0.8914682898330147,1.9728576491420138e-12,0.3657566986651183,1.9728576491420138e-12,4097.0,7.326921955544991e-7,(exp((-16.5+(v1*(0.812+(-0.0652/(4.71-v2))))))/0.909)
1.497846454505887,14.0,0,859.0,-0.9723518959793069,true,6.0865402529285675e-6,0.32673710288782437,4.0,exp(((0.840833970347001*v1)-(16.5197969895339-(v1*(-0.0645050067509255/(4.71283938539625-v2)))))),-0.8912496637838909,1.9768317694489003e-12,0.31035353664962784,1.9768317694489003e-12,8192.0,7.187817705678175e-7,exp(((0.841*v1)-(16.5-(v1*(-0.0645/(4.71-v2))))))
1.7747792430779483,14.0,0,187.0,-0.9719664817610125,true,6.042023883420411e-6,0.3896594221626395,5.0,exp((-16.4542362142204-((0.0723899631492023+v1)*(-0.814489884923373-(0.0763699918536625/(v2-4.67120767184118)))))),-0.8914559840057109,1.9730813408675753e-12,0.35432161336691925,1.9730813408675753e-12,131072.0,7.33796639011006e-7,exp((-16.5-((0.0724+v1)*(-0.814-(0.0764/(v2-4.67))))))
1.768166994387333,14.0,0,69.0,-0.9723518959793069,true,6.085196630199787e-6,0.3831492966362515,5.0,exp((-16.456339098038-((0.0705647650327969+v1)*(-0.82040172945394-(-0.0641933508898704/(4.71246267586522-v2)))))),-0.8915737468348339,1.9709406826409384e-12,0.35307833526889837,1.9709406826409384e-12,131072.0,7.295578587488422e-7,exp((-16.5-((0.0706+v1)*(-0.82-(-0.0642/(4.71-v2))))))
1.4965913604824934,14.0,0,1319.0,-0.9719664817610125,true,6.104200265218611e-6,0.34001026343141505,4.0,exp(((0.835224770340709*v1)-(16.5206869578018-(v1*(0.0796353325840463/(v2-4.67145875993674)))))),-0.891592248603502,1.970604362907441e-12,0.3126251543375387,1.970604362907441e-12,8192.0,7.242730753585402e-7,exp(((0.835*v1)-(16.5-(v1*(0.0796/(v2-4.67))))))
1.647192393574866,14.0,0,1292.0,-0.9723518959793069,true,6.069612208242914e-6,0.3458859647342788,5.0,exp((-16.4498368458268-(v1*((-0.832813690570621-(-0.0708391873054683/(4.69309612671853-v2)))--0.0063735802490748)))),-0.8915838648396252,1.9707567605124127e-12,0.33357364485886315,1.9707567605124127e-12,16384.0,7.254594716885074e-7,exp((-16.4-(v1*((-0.833-(-0.0708/(4.69-v2)))--0.00637))))
1.497846454505887,14.0,0,859.0,-0.9723518959793069,true,6.0865402529285675e-6,0.32673710288782437,4.0,exp(((0.840833970347001*v1)-(16.5197969895339-(v1*(-0.0645050067509255/(4.71283938539625-v2)))))),-0.8912496637838909,1.9768317694489003e-12,0.31035353664962784,1.9768317694489003e-12,8192.0,7.187817705678175e-7,exp(((0.841*v1)-(16.5-(v1*(-0.0645/(4.71-v2))))))
1.9002890184521906,14.0,0,1104.0,-0.9723518959793069,true,6.078353980490719e-6,0.4106803532018676,4.0,exp((v1+(-16.3373488208209-(v1*(0.195947957380748-(-0.0742344429763507/(4.67423602128762-v2))))))),-0.8911615747444125,1.978433026215914e-12,0.3718296820185113,1.978433026215914e-12,16384.0,7.366740474859633e-7,exp((v1+(-16.3-(v1*(0.196-(-0.0742/(4.67-v2)))))))
1.7881163069747337,14.0,0,771.0,-0.9723518959793069,true,6.1614133931626115e-6,0.3924848184433494,5.0,exp((-16.4520824651702-((0.0742657014273535+v1)*(-0.820297615051563-(-0.0639746292867984/(4.71236069235999-v2)))))),-0.8914958661535147,1.9723563748623603e-12,0.35704178879512843,1.9723563748623603e-12,131072.0,7.302603063011404e-7,exp((-16.5-((0.0743+v1)*(-0.82-(-0.064/(4.71-v2))))))
1.9803871611986428,14.0,0,1056.0,-0.9720887127614074,true,6.1881895186626015e-6,0.40596555728786576,5.0,exp((-16.1463058732553-(0.156529237574827-(v1*(0.79770458337298-(0.0722093909434958/(4.67027944124684-v2))))))),-0.8906006749038116,1.988628899285909e-12,0.38150257001185023,1.988628899285909e-12,8192.0,7.377362352502087e-7,exp((-16.1-(0.157-(v1*(0.798-(0.0722/(4.67-v2)))))))
1.5739766253594911,14.0,0,11.0,-0.9723518959793069,true,6.334040954053526e-6,0.33063977434813785,5.0,exp(((-16.4509142676436-(v1*(-0.825953775580509-(-0.067784277354982/(4.71154316240405-v2)))))-0.0253964282789923)),-0.8897363043426315,2.004341174257837e-12,0.3194369616255404,2.004341174257837e-12,8192.0,7.257643455108342e-7,exp(((-16.5-(v1*(-0.826-(-0.0678/(4.71-v2)))))-0.0254))
1.9564593616545198,16.0,0,285.0,-0.9759169774985295,true,6.065895458478074e-6,0.3874908853801987,5.0,exp(((-16.4514646727027-(v1*(-0.822258228010988-(0.0523866098639703/(v2-4.76189431976271)))))-(-0.398837762315952/v2))),-0.8913796608364968,1.9744687210899926e-12,0.3758357288233419,1.9744687210899926e-12,32768.0,7.29526381402562e-7,exp(((-16.5-(v1*(-0.822-(0.0524/(v2-4.76)))))-(-0.399/v2)))
1.8650706884345543,16.0,0,966.0,-0.9720887127614074,true,6.0584534875815915e-6,0.4048278272160295,5.0,exp((v1+(-16.3547430294085-(0.477442866149577*(v1*(0.390435954305816+(0.132058497277722/(4.71208789908998-v2)))))))),-0.8914679496088623,1.9728638336370374e-12,0.3671650429044257,1.9728638336370374e-12,32768.0,7.313693716161837e-7,exp((v1+(-16.4-(0.477*(v1*(0.39+(0.132/(4.71-v2))))))))
1.646597822666094,16.0,0,44.0,-0.9723518959793069,true,6.177660015609979e-6,0.33585932441920197,5.0,exp(((-16.4518574168644-(v1*(-0.820669019846239-(-0.0650414116791351/(4.71062130847682-v2)))))-(v1/-101.374298463474))),-0.8914891042228523,1.972479291258035e-12,0.3337442708382353,1.972479291258035e-12,32768.0,7.229815068660245e-7,exp(((-16.5-(v1*(-0.821-(-0.065/(4.71-v2)))))-(v1/-101.0)))
1.9359710152520082,16.0,0,681.0,-0.9759169774985295,true,6.112977106307823e-6,0.3869782465965349,5.0,exp(((-16.4521855252992-(v1*(-0.820630810803254-(-0.0640691010965575/(4.7115440464049-v2)))))-(-0.398947267337055/v2))),-0.8915657038309082,1.971086886011296e-12,0.3781202428918903,1.971086886011296e-12,32768.0,7.319013194175268e-7,exp(((-16.5-(v1*(-0.821-(-0.0641/(4.71-v2)))))-(-0.399/v2)))
1.8643200940394646,16.0,0,996.0,-0.9720887127614074,true,6.093616552424357e-6,0.406665283459308,5.0,exp((v1+(-16.3556295014101-(0.477401701049483*(v1*(0.38976037819473+(0.133404803000743/(4.71268900328978-v2)))))))),-0.8914946239932756,1.97237895448748e-12,0.3680710851484181,1.97237895448748e-12,32768.0,7.320662026607348e-7,exp((v1+(-16.4-(0.477*(v1*(0.39+(0.133/(4.71-v2))))))))
1.4964649430458534,16.0,0,1577.0,-0.9719664817610125,true,5.9979296998593395e-6,0.34137874495366993,4.0,exp(((0.845611704287972*v1)-(16.5190153219343-(v1*((0.35643661263426/(v2-4.69495434929675))/v2))))),-0.8914748369375988,1.9727386377918897e-12,0.3099500982248996,1.9727386377918897e-12,8.388608e6,7.241598453807685e-7,exp(((0.846*v1)-(16.5-(v1*((0.356/(v2-4.69))/v2)))))
1.9760343705024015,16.0,0,278.0,-0.9759169774985295,true,6.096955733972095e-6,0.3887746946994079,5.0,exp(((-16.4535683324-(v1*(-0.820170045836436-(-0.06348305544383/(4.71220373482524-v2)))))-(-0.429297617919708/v2))),-0.8915729769997659,1.970954676477395e-12,0.3807168727141419,1.970954676477395e-12,32768.0,7.320420451450508e-7,exp(((-16.5-(v1*(-0.82-(-0.0635/(4.71-v2)))))-(-0.429/v2)))
1.7602392377421747,16.0,0,229.0,-0.9723518959793069,true,6.120440968764071e-6,0.3837960053180266,6.0,exp(((-16.4518827904958-(v1*(-0.821219406275896-(-0.0649721186732363/(4.71146475843897-v2)))))-(0.0228380076493386/-0.444305300107947))),-0.8915624845667665,1.971145404852256e-12,0.3520155021320139,1.971145404852256e-12,16384.0,7.283771074942454e-7,exp(((-16.5-(v1*(-0.821-(-0.065/(4.71-v2)))))-(0.0228/-0.444)))
1.996069528835205,16.0,0,842.0,-0.9759169774985295,true,6.0556406513857e-6,0.3882922528060805,5.0,exp(((-16.4529569385176-(v1*(-0.818975017914631-(-0.063885048411606/(4.71245460953058-v2)))))-(-0.444176174532343/v2))),-0.8915694315496334,1.9710191246317904e-12,0.38246347273437153,1.9710191246317904e-12,32768.0,7.328852913823385e-7,exp(((-16.5-(v1*(-0.819-(-0.0639/(4.71-v2)))))-(-0.444/v2)))
2.506869465505189,16.0,0,362.0,-0.9717033264834903,true,6.0047331462081245e-6,0.47287093653903395,5.0,exp(((-16.5167475526242-(v1*(-0.824800896783106-(-0.0755178409690588/(4.66997998144069-v2)))))-(-0.348070725879887/v1))),-0.8913190830622155,1.9755698861336e-12,0.4524914521594346,1.9755698861336e-12,32768.0,7.421609635085032e-7,exp(((-16.5-(v1*(-0.825-(-0.0755/(4.67-v2)))))-(-0.348/v1)))
1.6395929068923183,16.0,0,569.0,-0.9723518959793069,true,6.0023415507188034e-6,0.336839862813364,5.0,exp(((-16.4516231515038-(v1*(-0.822336556093112-(-0.0657957402430471/(4.7117622029314-v2)))))-(-0.00496854050790514*v1))),-0.8914293597708619,1.973565308413039e-12,0.33142160123586684,1.973565308413039e-12,32768.0,7.244474463815567e-7,exp(((-16.5-(v1*(-0.822-(-0.0658/(4.71-v2)))))-(-0.00497*v1)))
1.8709852573596646,16.0,0,393.0,-0.9759169774985295,true,6.083283931920856e-6,0.3846381567844618,5.0,exp(((-16.4526848810577-(v1*(-0.82118739130539-(-0.0644990360576364/(4.71137358421221-v2)))))-(-0.354386978452953/v2))),-0.8915978473869398,1.9705025898614403e-12,0.3722462666601383,1.9705025898614403e-12,32768.0,7.310833273347061e-7,exp(((-16.5-(v1*(-0.821-(-0.0645/(4.71-v2)))))-(-0.354/v2)))
1.6493990543510546,17.0,0,198.0,-0.9723518959793069,true,6.069401857820055e-6,0.35506596328863316,6.0,exp(((-16.4506001727474-(v1*(-0.827344313778765-(-0.0678396877382735/(4.71068621001045-v2)))))-(0.0250689012461332/log(6.8751245579882e-7)))),-0.8916326302419496,1.969870317307553e-12,0.33529838081651553,1.969870317307553e-12,32768.0,7.260310796470878e-7,exp(((-16.5-(v1*(-0.827-(-0.0678/(4.71-v2)))))-(0.0251/log(6.88e-7))))
1.60010193952619,17.0,0,1.0,-0.9723518959793069,true,6.336760105157261e-6,0.3284496275803021,5.0,exp(((-16.4511317192794-(v1*(-0.823995822919201-(-0.0675553773504984/(4.71095136160463-v2)))))-(0.025325523532736/log(v2)))),-0.8897016554375213,2.0049710119096708e-12,0.31990821749517795,2.0049710119096708e-12,131072.0,7.258324987426899e-7,exp(((-16.5-(v1*(-0.824-(-0.0676/(4.71-v2)))))-(0.0253/log(v2))))
1.6485405695677249,17.0,0,16.0,-0.9723518959793069,true,6.061546898885513e-6,0.3544335825435097,6.0,exp(((-16.4507815950583-(v1*(-0.827292160290028-(-0.0678146886133224/(4.71068551593536-v2)))))-(0.0252396106827402/log(3.18157831490552e-7)))),-0.8916300500973006,1.9699172184215135e-12,0.3350695412345315,1.9699172184215135e-12,32768.0,7.260169973258065e-7,exp(((-16.5-(v1*(-0.827-(-0.0678/(4.71-v2)))))-(0.0252/log(3.18e-7))))
1.648716471370052,17.0,0,644.0,-0.9723518959793069,true,6.0658559993592216e-6,0.3546978731575189,6.0,exp(((-16.4507606669178-(v1*(-0.82733748661871-(-0.0678094121692686/(4.71175697014752-v2)))))-(0.0252301244851718/log(2.88982853661189e-7)))),-0.8916304817074044,1.9699093727394205e-12,0.3353669749430089,1.9699093727394205e-12,32768.0,7.262082848328006e-7,exp(((-16.5-(v1*(-0.827-(-0.0678/(4.71-v2)))))-(0.0252/log(2.89e-7))))
1.6489515045478762,17.0,0,672.0,-0.9723518959793069,true,6.0646876173979335e-6,0.3547053882480961,6.0,exp(((-16.4507240258801-(v1*(-0.82730633471459-(-0.06779752274355/(4.71172430474748-v2)))))-(0.0251942920037382/log(6.29507028490862e-7)))),-0.891630233359912,1.969913887127422e-12,0.33537716440739423,1.969913887127422e-12,32768.0,7.262039756187475e-7,exp(((-16.5-(v1*(-0.827-(-0.0678/(4.71-v2)))))-(0.0252/log(6.3e-7))))
1.5689463691752248,17.0,0,35.0,-0.9723518959793069,true,6.172186605469044e-6,0.33965413328098637,5.0,exp(((-16.4512252759864-(v1*(-0.824538807075754-(-0.0668882463317304/(4.71175997829891-v2)))))-(0.0252378634429065/pow2(v1)))),-0.8908488892002198,1.984116932483378e-12,0.32088089994146674,1.984116932483378e-12,131072.0,7.251677788283847e-7,exp(((-16.5-(v1*(-0.825-(-0.0669/(4.71-v2)))))-(0.0252/pow2(v1))))
1.812445105101907,18.0,0,764.0,-0.9720887127614074,true,6.081954401498589e-6,0.3951471308313369,5.0,exp((v1+(-16.3773720659977-(0.561112897183315*((0.328931427994717*v1)+(v1*(0.122207306816478/(4.69931781172278-v2)))))))),-0.8915262489926964,1.9718040845078636e-12,0.36046795207394483,1.9718040845078636e-12,65536.0,7.319707755670031e-7,exp((v1+(-16.4-(0.561*((0.329*v1)+(v1*(0.122/(4.7-v2))))))))
1.7126448730741328,18.0,0,236.0,-0.9723518959793069,true,6.085128785181074e-6,0.3609128512700325,6.0,exp(((-16.4524929640591-(v1*(-0.821826142780413-(-0.0654028652096931/(4.71062478059128-v2)))))-(0.708904378514446/(-21.9523741615476+v1)))),-0.8915825406360239,1.970780831497746e-12,0.34381191824274,1.970780831497746e-12,65536.0,7.262864523292271e-7,exp(((-16.5-(v1*(-0.822-(-0.0654/(4.71-v2)))))-(0.709/(-22.0+v1))))
1.6380928264214367,18.0,0,362.0,-0.9723518959793069,true,6.096872932109183e-6,0.3285318396559212,6.0,exp(((-16.4514508026972-(v1*(-0.822232716531371-(-0.0660253261361913/(4.71182222733639-v2)))))-(0.0236409250268961/(v1-6.58823728397415)))),-0.8915282379356824,1.9717679300846314e-12,0.33016002875636,1.9717679300846314e-12,65536.0,7.198057447914295e-7,exp(((-16.5-(v1*(-0.822-(-0.066/(4.71-v2)))))-(0.0236/(v1-6.59))))
1.9292375517789568,18.0,0,200.0,-0.9759169774985295,true,6.017520144771894e-6,0.38130368711468204,6.0,exp((((-16.4521154754915-(v1*(-0.819371121164596-(-0.0643480576055218/(4.7105995534732-v2)))))-(-0.398807302689051/v2))-0.000925302080152537)),-0.8915672851143008,1.971058141904786e-12,0.3760987105372763,1.971058141904786e-12,65536.0,7.317858770674975e-7,exp((((-16.5-(v1*(-0.819-(-0.0643/(4.71-v2)))))-(-0.399/v2))-0.000925))
1.625878654629118,18.0,0,1.0,-0.9723518959793069,true,6.187664946882653e-6,0.33883860300654695,6.0,exp(((-16.451196276032-(v1*(-0.824725729904462-(-0.0670977203610514/(4.71075656143438-v2)))))-(0.0252892799814546/(1.76183108279503e-6+v2)))),-0.8907440598579337,1.9860224895732404e-12,0.326949567686084,1.9860224895732404e-12,65536.0,7.257463639624277e-7,exp(((-16.5-(v1*(-0.825-(-0.0671/(4.71-v2)))))-(0.0253/(1.76e-6+v2))))
1.6019203726474531,18.0,0,1159.0,-0.9723518959793069,true,6.089807585080215e-6,0.3463110983962874,6.0,exp(((v1+(-16.3328019383243-(0.462120105971767*(v1*(0.364516426225859+(0.145344942326997/(4.71357656619074-v2)))))))-0.138063151848856)),-0.8916408201498442,1.969721443559864e-12,0.32798017215479464,1.969721443559864e-12,65536.0,7.242328989088817e-7,exp(((v1+(-16.3-(0.462*(v1*(0.365+(0.145/(4.71-v2)))))))-0.138))
7.7449571479324595,18.0,0,0.0,-0.9712920068789975,true,6.617951454520869e-6,1.2619381938759813,4.0,exp(((-15.3901407734469-(v1*(-0.378744986387447-(0.995022820244363/v2))))-((0.149613993569505*v1)/(v1-v2)))),-0.8743283656796998,2.2844221718013787e-12,1.0385003963709976,2.2844221718013787e-12,8.388608e6,8.705845949521993e-7,exp(((-15.4-(v1*(-0.379-(0.995/v2))))-((0.15*v1)/(v1-v2))))
1.7141996854001738,18.0,0,211.0,-0.9723518959793069,true,6.0871837930695184e-6,0.3622250564790549,6.0,exp(((-16.4517166928959-(v1*(-0.82178538323931-(-0.0653276351198099/(4.71150726003921-v2)))))-(0.708453729461854/(-22.0264608595383+v1)))),-0.8915906063965755,1.9706342144641077e-12,0.34421772643928933,1.9706342144641077e-12,65536.0,7.264532104616414e-7,exp(((-16.5-(v1*(-0.822-(-0.0653/(4.71-v2)))))-(0.708/(-22.0+v1))))
1.639660209363705,18.0,0,199.0,-0.9723518959793069,true,6.007421264424684e-6,0.3407500117120279,5.0,exp(((-16.4515091642253-(v1*(-0.823035646584997-(-0.0660057560912204/(4.711560873009-v2)))))-(0.0245503011278527/(v1-v2)))),-0.8915217372977091,1.9718860967783106e-12,0.33381743975970196,1.9718860967783106e-12,131072.0,7.244208058472924e-7,exp(((-16.5-(v1*(-0.823-(-0.066/(4.71-v2)))))-(0.0246/(v1-v2))))
1.7153441487274794,18.0,0,792.0,-0.9723518959793069,true,6.091790263985688e-6,0.36344166157975344,6.0,exp(((-16.4526871482415-(v1*(-0.821647884964922-(-0.0652344558247142/(4.71251626554071-v2)))))-(0.726449553582806/(v1-21.6078537140729)))),-0.891598400923391,1.970492527837907e-12,0.3445834207430942,1.970492527837907e-12,65536.0,7.265859629876375e-7,exp(((-16.5-(v1*(-0.822-(-0.0652/(4.71-v2)))))-(0.726/(v1-21.6))))
1.6019203726474531,18.0,0,1159.0,-0.9723518959793069,true,6.089807585080215e-6,0.3463110983962874,6.0,exp(((v1+(-16.3328019383243-(0.462120105971767*(v1*(0.364516426225859+(0.145344942326997/(4.71357656619074-v2)))))))-0.138063151848856)),-0.8916408201498442,1.969721443559864e-12,0.32798017215479464,1.969721443559864e-12,65536.0,7.242328989088817e-7,exp(((v1+(-16.3-(0.462*(v1*(0.365+(0.145/(4.71-v2)))))))-0.138))
1.6292303691618872,18.0,0,1.0,-0.9723518959793069,true,6.1968017538351715e-6,0.34017426592643285,6.0,exp(((-16.4508825308822-(v1*(-0.824443639919561-(-0.0667619384815303/(4.71242818799366-v2)))))-(0.0249556545940613/(4.12383981332734+v2)))),-0.8907137704634156,1.9865730813180037e-12,0.32856982300377524,1.9865730813180037e-12,65536.0,7.26063140082342e-7,exp(((-16.5-(v1*(-0.824-(-0.0668/(4.71-v2)))))-(0.025/(4.12+v2))))
1.658218188074827,18.0,0,0.0,-0.9724482495338805,true,6.155611714431135e-6,0.3450213258189991,6.0,exp(((-16.4514273403582-(v1*(-0.823674642729644-(-0.0651320193160658/(4.71036732380032-v2)))))-(0.0246450481215514/(4.7124130238407-v2)))),-0.8908406864590209,1.9842660395111145e-12,0.3354636383587003,1.9842660395111145e-12,65536.0,7.323771516674955e-7,exp(((-16.5-(v1*(-0.824-(-0.0651/(4.71-v2)))))-(0.0246/(4.71-v2))))
2.141770386292692,18.0,0,6.0,-0.9757242703893823,true,6.1732709310956245e-6,0.4064933558182193,6.0,exp(((-16.4521246247262-(v1*(-0.8199405937985-(-0.063785539181416/(4.71121708213947-v2)))))-(-0.444302055069475/(-0.340605044671221+v2)))),-0.8914320017909869,1.973517282544793e-12,0.39318432062923997,1.973517282544793e-12,65536.0,7.339955791961339e-7,exp(((-16.5-(v1*(-0.82-(-0.0638/(4.71-v2)))))-(-0.444/(-0.341+v2))))
1.711650465875187,18.0,0,536.0,-0.9723518959793069,true,6.076784920661564e-6,0.3619852297255121,6.0,exp(((-16.4526750823071-(v1*(-0.821796093654006-(-0.0653169832790822/(4.71252190214531-v2)))))-(0.708422862242622/(-22.0255345652963+v1)))),-0.8915990713962223,1.9704803401790947e-12,0.3438866188483103,1.9704803401790947e-12,65536.0,7.265254491316711e-7,exp(((-16.5-(v1*(-0.822-(-0.0653/(4.71-v2)))))-(0.708/(-22.0+v1))))
1.7153441487274794,18.0,0,792.0,-0.9723518959793069,true,6.091790263985688e-6,0.36344166157975344,6.0,exp(((-16.4526871482415-(v1*(-0.821647884964922-(-0.0652344558247142/(4.71251626554071-v2)))))-(0.726449553582806/(v1-21.6078537140729)))),-0.891598400923391,1.970492527837907e-12,0.3445834207430942,1.970492527837907e-12,65536.0,7.265859629876375e-7,exp(((-16.5-(v1*(-0.822-(-0.0652/(4.71-v2)))))-(0.726/(v1-21.6))))
1.6571241055098977,18.0,0,0.0,-0.9724482495338805,true,6.180217932386557e-6,0.3439530842792972,6.0,exp(((-16.4514576156402-(v1*(-0.823387889851156-(-0.0650073413432674/(4.71150495507668-v2)))))-(0.0245337202747525/(4.71121020645752-v2)))),-0.8907255592632396,1.9863587879665845e-12,0.3351514895231773,1.9863587879665845e-12,65536.0,7.324911104823725e-7,exp(((-16.5-(v1*(-0.823-(-0.065/(4.71-v2)))))-(0.0245/(4.71-v2))))
1.5775354650732691,18.0,0,846.0,-0.9723518959793069,true,6.10308369929122e-6,0.34296569320750664,6.0,exp(((v1+(-16.3385593996679-(0.458014764930534*(v1*(0.362889054251697+(0.145936503744475/(4.71353644845382-v2)))))))-0.143820613192506)),-0.8916253648400309,1.9700023856563106e-12,0.32392566433870273,1.9700023856563106e-12,65536.0,7.23009400886278e-7,exp(((v1+(-16.3-(0.458*(v1*(0.363+(0.146/(4.71-v2)))))))-0.144))
1.7141834022771434,18.0,0,761.0,-0.9723518959793069,true,6.087576574350533e-6,0.36242915158154965,6.0,exp(((-16.4517330892709-(v1*(-0.821790443142816-(-0.0653270340574958/(4.71170530193607-v2)))))-(0.708488474175248/(-22.0255392734233+v1)))),-0.8915928897453796,1.970592708418115e-12,0.34426039391524504,1.970592708418115e-12,65536.0,7.264892115512323e-7,exp(((-16.5-(v1*(-0.822-(-0.0653/(4.71-v2)))))-(0.708/(-22.0+v1))))
5.565070249033422,18.0,0,1.0,-0.977098734374331,true,6.708982530267008e-6,0.7915514380410074,5.0,exp(((-16.1972916503312-(v1*(-0.502386678564564-(-2.07021002668851/((v1/81.8345041589476)-v2)))))-(-0.00245231612082242*v1))),-0.8738377199578233,2.293340986071728e-12,0.6680703632664476,2.293340986071728e-12,524288.0,8.175026315052129e-7,exp(((-16.2-(v1*(-0.502-(-2.07/((v1/81.8)-v2)))))-(-0.00245*v1)))
1.6426566947412244,18.0,0,366.0,-0.9723518959793069,true,6.070523054644374e-6,0.3547665068423611,5.0,exp(((-16.4519095143794-(v1*(-0.820637852376563-(-0.0653152045359803/(4.71152093599703-v2)))))-(0.0499599029850898/(v1-v2)))),-0.8917232604133318,1.96822286858884e-12,0.3371620903126147,1.96822286858884e-12,131072.0,7.230775405801142e-7,exp(((-16.5-(v1*(-0.821-(-0.0653/(4.71-v2)))))-(0.05/(v1-v2))))
1.6457588212013792,18.0,0,596.0,-0.9723518959793069,true,6.052137903002381e-6,0.3531850722395596,6.0,exp(((-16.4507832409084-(v1*(-0.827344067164613-(-0.0677952524719608/(4.7117241931992-v2)))))-(0.0252499065469849/log(pow2(-3.65506020100624e-10))))),-0.89162541412155,1.9700014898312837e-12,0.3347505879926775,1.9700014898312837e-12,131072.0,7.261565568598224e-7,exp(((-16.5-(v1*(-0.827-(-0.0678/(4.71-v2)))))-(0.0252/log(pow2(-3.66e-10)))))
1.6502763020243048,19.0,0,384.0,-0.9723518959793069,true,6.069904044593373e-6,0.3553366844425398,6.0,exp(((-16.450780880363-(v1*(-0.827296345668542-(-0.0678166544351413/(4.71068559306184-v2)))))-(0.0252397448345858/log((2.90648245005172e-6*v2))))),-0.8916325756992691,1.9698713087684294e-12,0.3353793139057468,1.9698713087684294e-12,2.097152e6,7.26025642343085e-7,exp(((-16.5-(v1*(-0.827-(-0.0678/(4.71-v2)))))-(0.0252/log((2.91e-6*v2)))))
1.6495387140940583,19.0,0,26.0,-0.9723518959793069,true,6.071435195548767e-6,0.35524825996727083,6.0,exp(((-16.4505777249498-(v1*(-0.827321865981151-(-0.0678172399406599/(4.71066376221283-v2)))))-(0.0250464534485195/log((1.13288875994795e-6*v1))))),-0.8916331740715416,1.9698604317324643e-12,0.335322383526052,1.9698604317324643e-12,2.097152e6,7.260053727603664e-7,exp(((-16.5-(v1*(-0.827-(-0.0678/(4.71-v2)))))-(0.025/log((1.13e-6*v1)))))
1.6492859591955042,19.0,0,274.0,-0.9723518959793069,true,6.0684861595174015e-6,0.3549885989858863,7.0,exp(((-16.4506000627756-(v1*(-0.827337638242724-(-0.0678404033772104/(4.71068581062655-v2)))))-(0.0250677502060951/log((1.62423189172794e-7--3.47860992405304e-7))))),-0.8916323820451034,1.969874828957151e-12,0.33527245205538436,1.969874828957151e-12,131072.0,7.260324626303771e-7,exp(((-16.5-(v1*(-0.827-(-0.0678/(4.71-v2)))))-(0.0251/log((1.62e-7--3.48e-7)))))
1.6492002804749875,19.0,0,407.0,-0.9723518959793069,true,6.068088471732082e-6,0.354944760677886,6.0,exp(((-16.4507626959241-(v1*(-0.827341064117634-(-0.0678327921628636/(4.71067754856418-v2)))))-(0.0252323470081393/log((9.01890577854568e-6/v2))))),-0.8916323691992312,1.9698750624656547e-12,0.33528090619248985,1.9698750624656547e-12,2.097152e6,7.260294046941807e-7,exp(((-16.5-(v1*(-0.827-(-0.0678/(4.71-v2)))))-(0.0252/log((9.02e-6/v2)))))
1.603947586889592,19.0,0,4.0,-0.9723518959793069,true,6.2457942712552174e-6,0.33370920610446186,6.0,exp(((-16.4509350363102-(v1*(-0.825273368425347-(-0.0674595379055781/(4.71079827741233-v2)))))-(0.0252329872457397/log((1.23575911494785e-6+v2))))),-0.8903701446334418,1.9928194110410267e-12,0.32125304785795633,1.9928194110410267e-12,2.097152e6,7.253894134679453e-7,exp(((-16.5-(v1*(-0.825-(-0.0675/(4.71-v2)))))-(0.0252/log((1.24e-6+v2)))))
1.6496468213508004,19.0,0,378.0,-0.9723518959793069,true,6.071482300069231e-6,0.3552391604723396,6.0,exp(((-16.4507656220484-(v1*(-0.827349584421104-(-0.0678358726139553/(4.71157854253511-v2)))))-(0.025236218149351/log((5.05111197594412e-7*v2))))),-0.8916317699900997,1.9698859547137973e-12,0.3355151204859724,1.9698859547137973e-12,2.097152e6,7.261944797466708e-7,exp(((-16.5-(v1*(-0.827-(-0.0678/(4.71-v2)))))-(0.0252/log((5.05e-7*v2)))))
1.6462521871082028,19.0,0,1.0,-0.9723518959793069,true,6.114736290975217e-6,0.34324951399010617,6.0,exp(((-16.4513077364916-(v1*(-0.823993992141361-(-0.0665941072840015/(4.711587350032-v2)))))-(0.0250277283675362/log((v1/126.746642130575))))),-0.8911209380333349,1.979171708451383e-12,0.33208917151474426,1.979171708451383e-12,2.097152e6,7.260041319440705e-7,exp(((-16.5-(v1*(-0.824-(-0.0666/(4.71-v2)))))-(0.025/log((v1/127.0)))))
1.6487121248573455,19.0,0,66.0,-0.9723518959793069,true,6.067661295169228e-6,0.35482148595615265,6.0,exp(((-16.4507436713985-(v1*(-0.827323679373406-(-0.0678117388458703/(4.71155594713112-v2)))))-(0.0252136421383524/log((2.83447520896009e-7*v1))))),-0.891631380974348,1.9698930261282274e-12,0.33534545949852507,1.9698930261282274e-12,2.097152e6,7.261664358871607e-7,exp(((-16.5-(v1*(-0.827-(-0.0678/(4.71-v2)))))-(0.0252/log((2.83e-7*v1)))))
1.6467022594500718,19.0,0,3.0,-0.9723518959793069,true,6.0243706830193665e-6,0.35206288101623984,6.0,exp(((-16.45043133101-(v1*(-0.826953311068199-(-0.0674679429704982/(4.71245066228927-v2)))))-(0.02491678686292/log((1.2491272587936202e-9/v2))))),-0.8916031371132414,1.9704064347655726e-12,0.3345564503974452,1.9704064347655726e-12,2.097152e6,7.261546066601761e-7,exp(((-16.5-(v1*(-0.827-(-0.0675/(4.71-v2)))))-(0.0249/log((1.25e-9/v2)))))
1.6492859591955042,19.0,0,274.0,-0.9723518959793069,true,6.0684861595174015e-6,0.3549885989858863,7.0,exp(((-16.4506000627756-(v1*(-0.827337638242724-(-0.0678404033772104/(4.71068581062655-v2)))))-(0.0250677502060951/log((1.62423189172794e-7--3.47860992405304e-7))))),-0.8916323820451034,1.969874828957151e-12,0.33527245205538436,1.969874828957151e-12,131072.0,7.260324626303771e-7,exp(((-16.5-(v1*(-0.827-(-0.0678/(4.71-v2)))))-(0.0251/log((1.62e-7--3.48e-7)))))
1.6491064243461142,19.0,0,56.0,-0.9723518959793069,true,6.066172022355691e-6,0.35478188254073567,6.0,exp(((-16.4507665197225-(v1*(-0.827357885834089-(-0.0678333819736007/(4.71068547654244-v2)))))-(0.025236147757752/log((8.92354057182526e-7/v1))))),-0.8916317606116463,1.969886125192578e-12,0.33521104140294794,1.969886125192578e-12,2.097152e6,7.260252831274935e-7,exp(((-16.5-(v1*(-0.827-(-0.0678/(4.71-v2)))))-(0.0252/log((8.92e-7/v1)))))
1.649187495649305,19.0,0,194.0,-0.9723518959793069,true,6.072692015191533e-6,0.35521266620598646,6.0,exp(((-16.4507654190678-(v1*(-0.82734898411223-(-0.0678354498144163/(4.71157827464056-v2)))))-(0.025235952165374/log((1.08636920607721e-6*v1))))),-0.8916321056405402,1.9698798533583702e-12,0.33549224512691966,1.9698798533583702e-12,2.097152e6,7.261859328496162e-7,exp(((-16.5-(v1*(-0.827-(-0.0678/(4.71-v2)))))-(0.0252/log((1.09e-6*v1)))))
1.648845084688476,19.0,0,333.0,-0.9723518959793069,true,6.068510547648104e-6,0.35486634687147817,7.0,exp(((-16.4507746869287-(v1*(-0.827357855140401-(-0.0678444981918204/(4.71158747768524-v2)))))-(0.0252451572238415/log((9.48132191268551e-7-5.77834030493141e-7))))),-0.8916312139559537,1.969896062139697e-12,0.3354026906734643,1.969896062139697e-12,131072.0,7.261999117666369e-7,exp(((-16.5-(v1*(-0.827-(-0.0678/(4.71-v2)))))-(0.0252/log((9.48e-7-5.78e-7)))))
1.6486326624377423,19.0,0,507.0,-0.9723518959793069,true,6.066889531426195e-6,0.3546351355741861,6.0,exp(((-16.4506678072045-(v1*(-0.827224352004725-(-0.067722928261656/(4.71173671464651-v2)))))-(0.0251335370575211/(v1+log(1.42475900304994e-7))))),-0.8916320944630693,1.9698800565391617e-12,0.33527702653356267,1.9698800565391617e-12,131072.0,7.260960394331894e-7,exp(((-16.5-(v1*(-0.827-(-0.0677/(4.71-v2)))))-(0.0251/(v1+log(1.42e-7)))))
1.6342509997476566,19.0,0,3.0,-0.9723518959793069,true,6.164745092435523e-6,0.34103432391149335,6.0,exp(((-16.4512970472755-(v1*(-0.824515231803984-(-0.0669725014054828/(4.71155143340639-v2)))))-(0.0252521226100217/(1.53375700543695e-6+pow3(v2))))),-0.8908957789848796,1.983264583707243e-12,0.32957231822587635,1.983264583707243e-12,262144.0,7.261296842295771e-7,exp(((-16.5-(v1*(-0.825-(-0.067/(4.71-v2)))))-(0.0253/(1.53e-6+pow3(v2)))))
1.6496468213508004,19.0,0,378.0,-0.9723518959793069,true,6.071482300069231e-6,0.3552391604723396,6.0,exp(((-16.4507656220484-(v1*(-0.827349584421104-(-0.0678358726139553/(4.71157854253511-v2)))))-(0.025236218149351/log((5.05111197594412e-7*v2))))),-0.8916317699900997,1.9698859547137973e-12,0.3355151204859724,1.9698859547137973e-12,2.097152e6,7.261944797466708e-7,exp(((-16.5-(v1*(-0.827-(-0.0678/(4.71-v2)))))-(0.0252/log((5.05e-7*v2)))))
1.568607366293907,19.0,0,0.0,-0.9723518959793069,true,6.168605400439443e-6,0.3405747252386244,6.0,exp(((-16.4513072163438-(v1*(-0.82446832812295-(-0.0669817647237567/(4.71141422517051-v2)))))-(0.0252538996854742/(1.51386229500541e-6+pow3(v1))))),-0.8908763200377241,1.983618302751021e-12,0.3210532772756537,1.983618302751021e-12,262144.0,7.252590925231767e-7,exp(((-16.5-(v1*(-0.824-(-0.067/(4.71-v2)))))-(0.0253/(1.51e-6+pow3(v1)))))
1.6502418595292596,19.0,0,614.0,-0.9723518959793069,true,6.0729642345452146e-6,0.35547974765727625,6.0,exp(((-16.4507832104443-(v1*(-0.827344550668062-(-0.0677954920172803/(4.71172424271621-v2)))))-(0.0252499355680242/log((2.14420761427635e-6*v2))))),-0.8916319907908744,1.9698819410619653e-12,0.33561424087402086,1.9698819410619653e-12,2.097152e6,7.261946805358675e-7,exp(((-16.5-(v1*(-0.827-(-0.0678/(4.71-v2)))))-(0.0252/log((2.14e-6*v2)))))
1.6243180963935824,19.0,0,129.0,-0.9723518959793069,true,6.1115896383725666e-6,0.35102649543299946,5.0,exp(((-16.4517419974115-(v1*(-0.821666569333573-(-0.0651968032052698/(4.71149456605825-v2)))))-(0.0472688831259582/pow3((v1-v2))))),-0.8917612555648009,1.967532203850481e-12,0.33257888096288163,1.967532203850481e-12,5.36870912e8,7.198386939341483e-7,exp(((-16.5-(v1*(-0.822-(-0.0652/(4.71-v2)))))-(0.0473/pow3((v1-v2)))))
1.6490794327389873,19.0,0,605.0,-0.9723518959793069,true,6.069097750754896e-6,0.35500329579823353,6.0,exp(((-16.4507604949744-(v1*(-0.827323649879501-(-0.0677737842374591/(4.71170182473458-v2)))))-(0.0252275183397016/log((1.13250200568879e-6*v1))))),-0.8916317476141078,1.969886361458027e-12,0.3354198272452706,1.969886361458027e-12,2.097152e6,7.261646450555179e-7,exp(((-16.5-(v1*(-0.827-(-0.0678/(4.71-v2)))))-(0.0252/log((1.13e-6*v1)))))
1.6545583345338044,19.0,0,270.0,-0.9723518959793069,true,6.076542289538218e-6,0.35686688700733954,6.0,exp(((-16.450666776327-(v1*(-0.827146561567856-(-0.067641495194357/(4.71157144195205-v2)))))-(0.0250571894979935/(v2+log(1.87942497295717e-6))))),-0.8916326618736558,1.9698697423156604e-12,0.3357821989789686,1.9698697423156604e-12,131072.0,7.260085062751333e-7,exp(((-16.5-(v1*(-0.827-(-0.0676/(4.71-v2)))))-(0.0251/(v2+log(1.88e-6)))))
1.651950607131192,20.0,0,250.0,-0.9723518959793069,true,6.077664711645438e-6,0.3561928183979766,6.0,exp(((-16.4507808847313-(v1*(-0.827296321036386-(-0.0678166389023559/(4.71068559162417-v2)))))-(0.02523973603391/log((4.13629357589924e-6*pow2(v2)))))),-0.8916336467697246,1.9698518391633015e-12,0.3356321476083707,1.9698518391633015e-12,3.5184372088832e13,7.260226145076214e-7,exp(((-16.5-(v1*(-0.827-(-0.0678/(4.71-v2)))))-(0.0252/log((4.14e-6*pow2(v2))))))
1.651708826668794,20.0,0,290.0,-0.9723518959793069,true,6.076260063582757e-6,0.35605501638410514,7.0,exp(((-16.4507815381572-(v1*(-0.827292492406722-(-0.0678148409483828/(4.71068552090626-v2)))))-(0.0252396149368668/log((5.80255287335227e-7*pow2(-16.4650168732201)))))),-0.8916336973916201,1.9698509189733065e-12,0.3357099521720691,1.9698509189733065e-12,2.097152e6,7.260504521713384e-7,exp(((-16.5-(v1*(-0.827-(-0.0678/(4.71-v2)))))-(0.0252/log((5.8e-7*pow2(-16.5))))))
1.649953947689201,20.0,0,396.0,-0.9723518959793069,true,6.080999481578897e-6,0.3559046826632172,6.0,exp(((-16.4507805615158-(v1*(-0.827298205310892-(-0.0678175142631632/(4.71068562262785-v2)))))-(0.025239779363073/log((1.10938682255935e-5*pow2(v1)))))),-0.8916345561815971,1.9698353081405584e-12,0.3354897385455455,1.9698353081405584e-12,3.5184372088832e13,7.259852022319767e-7,exp(((-16.5-(v1*(-0.827-(-0.0678/(4.71-v2)))))-(0.0252/log((1.11e-5*pow2(v1))))))
1.613829747369534,20.0,0,631.0,-0.9723518959793069,true,6.11380361944126e-6,0.32025185441626064,5.0,exp(((-16.450671756835-(v1*(-0.813218551095617-(-0.0676805264773247/(4.71068655720705-v2)))))-((0.0151028525143581*v1)/(v1-v2)))),-0.8917426466992289,1.96787047036014e-12,0.3286215839096664,1.96787047036014e-12,3.3554432e7,7.209023508718231e-7,exp(((-16.5-(v1*(-0.813-(-0.0677/(4.71-v2)))))-((0.0151*v1)/(v1-v2))))
1.651708826668794,20.0,0,290.0,-0.9723518959793069,true,6.076260063582757e-6,0.35605501638410514,7.0,exp(((-16.4507815381572-(v1*(-0.827292492406722-(-0.0678148409483828/(4.71068552090626-v2)))))-(0.0252396149368668/log((5.80255287335227e-7*pow2(-16.4650168732201)))))),-0.8916336973916201,1.9698509189733065e-12,0.3357099521720691,1.9698509189733065e-12,2.097152e6,7.260504521713384e-7,exp(((-16.5-(v1*(-0.827-(-0.0678/(4.71-v2)))))-(0.0252/log((5.8e-7*pow2(-16.5))))))
1.6456516317997365,20.0,0,6.0,-0.9723518959793069,true,6.035263402289843e-6,0.3523173440330125,6.0,exp(((-16.4505686420523-(v1*(-0.827145923970314-(-0.06763526286383/(4.71138048971456-v2)))))-(0.0250381989859974/log((v1*pow2(8.20186212214981e-10)))))),-0.8916131741604654,1.970223984259999e-12,0.3343771175122058,1.970223984259999e-12,3.5184372088832e13,7.260143022421871e-7,exp(((-16.5-(v1*(-0.827-(-0.0676/(4.71-v2)))))-(0.025/log((v1*pow2(8.2e-10))))))
1.6361899796313544,20.0,0,361.0,-0.975820623943956,true,6.190577532480435e-6,0.34014419865976153,6.0,exp(((-16.4523386509266-(v1*(-0.8158380810812-(-0.0625319334042039/(4.7124428414124-v2)))))-(0.0181296280263268/((0.811427452939342+v1)-v2)))),-0.8916516829175001,1.9695239833500524e-12,0.33368780202420084,1.9695239833500524e-12,262144.0,7.147089201170019e-7,exp(((-16.5-(v1*(-0.816-(-0.0625/(4.71-v2)))))-(0.0181/((0.811+v1)-v2))))
1.647763837506004,20.0,0,8.0,-0.9723518959793069,true,6.062070317925818e-6,0.35428894966615343,6.0,exp(((-16.4507818533908-(v1*(-0.827290652772313-(-0.0678139953326348/(4.71068549291337-v2)))))-(0.0252395859690386/log((1.40266610253525e-8*pow2(v1)))))),-0.891630353719683,1.969911699262745e-12,0.33495630792741865,1.969911699262745e-12,3.5184372088832e13,7.259942151898861e-7,exp(((-16.5-(v1*(-0.827-(-0.0678/(4.71-v2)))))-(0.0252/log((1.4e-8*pow2(v1))))))
1.647267754051307,20.0,0,9.0,-0.9723518959793069,true,5.990647176375138e-6,0.34997926000059765,6.0,exp(((-16.4505769617499-(v1*(-0.826299352484697-(-0.0671823053901126/(4.71261649484509-v2)))))-(0.0246356427277363/log((3.51704891603923e-7*pow2(v2)))))),-0.8915336345870597,1.9716698313360416e-12,0.3339538254253438,1.9716698313360416e-12,3.5184372088832e13,7.261316534584651e-7,exp(((-16.5-(v1*(-0.826-(-0.0672/(4.71-v2)))))-(0.0246/log((3.52e-7*pow2(v2))))))
1.6496593314402639,20.0,0,525.0,-0.9723518959793069,true,6.079039586645911e-6,0.3557152904795328,6.0,exp(((-16.4507837572425-(v1*(-0.827303489531813-(-0.0678182047465848/(4.71158611050604-v2)))))-(0.0252433152631214/log((5.58506232835736e-6*pow2(v1)))))),-0.8916328896262574,1.9698656022955537e-12,0.3356210116435268,1.9698656022955537e-12,3.5184372088832e13,7.261626826019679e-7,exp(((-16.5-(v1*(-0.827-(-0.0678/(4.71-v2)))))-(0.0252/log((5.59e-6*pow2(v1))))))
1.6466173426600657,20.0,0,3.0,-0.9723518959793069,true,6.056994971945098e-6,0.35364924351637594,6.0,exp(((-16.450774743767-(v1*(-0.827357523807043-(-0.0678443418214625/(4.71158747153413-v2)))))-(0.0252451550014167/log((2.0298131172968498e-13/pow2(v1)))))),-0.8916275978493942,1.969961794665934e-12,0.3349387846578199,1.969961794665934e-12,3.5184372088832e13,7.261793710305262e-7,exp(((-16.5-(v1*(-0.827-(-0.0678/(4.71-v2)))))-(0.0252/log((2.03e-13/pow2(v1))))))
1.6382551731147315,20.0,0,3.0,-0.9723518959793069,true,6.164484511612977e-6,0.34165540275188533,7.0,exp(((-16.4510862463935-(v1*(-0.824316601346662-(-0.0667365201395088/(4.71173236784694-v2)))))-(0.0252191443530934/(-16.4507834200258-(-0.067827364835882/v2))))),-0.890890403422748,1.983362299101698e-12,0.33046700973643667,1.983362299101698e-12,131072.0,7.261138665082407e-7,exp(((-16.5-(v1*(-0.824-(-0.0667/(4.71-v2)))))-(0.0252/(-16.5-(-0.0678/v2)))))
1.6485004826999932,20.0,0,93.0,-0.9723518959793069,true,6.073655281440342e-6,0.3551082728786106,6.0,exp(((-16.4507843807328-(v1*(-0.827299861770888-(-0.0678164720291044/(4.71158603835558-v2)))))-(0.0252432244231942/log((2.36656592704869e-7*pow3(v1)))))),-0.8916326497201581,1.9698699632383814e-12,0.3353833297766411,1.9698699632383814e-12,3.5184372088832e13,7.261467037822787e-7,exp(((-16.5-(v1*(-0.827-(-0.0678/(4.71-v2)))))-(0.0252/log((2.37e-7*pow3(v1))))))
1.6511908410017206,20.0,0,278.0,-0.9723518959793069,true,6.075201232107863e-6,0.35585712746174225,6.0,exp(((-16.4507840812833-(v1*(-0.827301604134879-(-0.0678173052468483/(4.71158607326997-v2)))))-(0.0252432755102245/log((1.58447779765503e-6*pow2(v2)))))),-0.8916320789750206,1.9698803380763763e-12,0.33570904678419544,1.9698803380763763e-12,3.5184372088832e13,7.261938888104881e-7,exp(((-16.5-(v1*(-0.827-(-0.0678/(4.71-v2)))))-(0.0252/log((1.58e-6*pow2(v2))))))
1.6194482132999215,20.0,0,0.0,-0.9723518959793069,true,6.206003651462594e-6,0.3392375595722174,7.0,exp(((-16.4511809868544-(v1*(-0.82413358321632-(-0.0667960815813362/(4.71181465639286-v2)))))-(0.0251499841326806/(-1.85149644510258e-6+(4.68386104512523*v1))))),-0.8906555157596954,1.9876320182651524e-12,0.32735642755542427,1.9876320182651524e-12,131072.0,7.259489817630369e-7,exp(((-16.5-(v1*(-0.824-(-0.0668/(4.71-v2)))))-(0.0251/(-1.85e-6+(4.68*v1)))))
1.6356047179501458,20.0,0,494.0,-0.9723518959793069,true,6.082974006910391e-6,0.3522722246787744,6.0,exp(((-16.4517180761103-(v1*(-0.82186041090139-(-0.0652615684023801/(4.71163990110077-v2)))))-(0.0236233254750285/((0.457901861698032+v1)-v2)))),-0.8917325146022692,1.968054648651977e-12,0.33494316735859214,1.968054648651977e-12,262144.0,7.219717619426057e-7,exp(((-16.5-(v1*(-0.822-(-0.0653/(4.71-v2)))))-(0.0236/((0.458+v1)-v2))))
1.651708826668794,20.0,0,290.0,-0.9723518959793069,true,6.076260063582757e-6,0.35605501638410514,7.0,exp(((-16.4507815381572-(v1*(-0.827292492406722-(-0.0678148409483828/(4.71068552090626-v2)))))-(0.0252396149368668/log((5.80255287335227e-7*pow2(-16.4650168732201)))))),-0.8916336973916201,1.9698509189733065e-12,0.3357099521720691,1.9698509189733065e-12,2.097152e6,7.260504521713384e-7,exp(((-16.5-(v1*(-0.827-(-0.0678/(4.71-v2)))))-(0.0252/log((5.8e-7*pow2(-16.5))))))
1.640640775601028,20.0,0,1.0,-0.9723518959793069,true,6.142172624401515e-6,0.3421295315040962,6.0,exp(((-16.4512094844926-(v1*(-0.824180682916617-(-0.0667034872324073/(4.71143637265678-v2)))))-(0.0250811061456206/log(pow2((v1/101.374492672364)))))),-0.8909961503568133,1.981440062297144e-12,0.3309809723767968,1.981440062297144e-12,9.485687950320943e80,7.260126612106472e-7,exp(((-16.5-(v1*(-0.824-(-0.0667/(4.71-v2)))))-(0.0251/log(pow2((v1/101.0))))))
1.631495893266438,20.0,0,7.0,-0.9723518959793069,true,6.148392860893273e-6,0.3409511662382465,6.0,exp((((-16.4524048824185-(v1*(-0.817657289411761-(-0.0648323140808357/(4.71362008552155-v2)))))-(0.049491832029136/(v1-v2)))-0.000493327497977215)),-0.891038790158418,1.9806649684685805e-12,0.33313146348863226,1.9806649684685805e-12,262144.0,7.239144464483946e-7,exp((((-16.5-(v1*(-0.818-(-0.0648/(4.71-v2)))))-(0.0495/(v1-v2)))-0.000493))
1.6495316122574066,20.0,0,130.0,-0.9723518959793069,true,6.074406315705834e-6,0.3554433173431521,6.0,exp(((-16.4507096455319-(v1*(-0.827273303682018-(-0.0677728648339123/(4.7114074218212-v2)))))-(0.0251927346889495/log((3.76361335680137e-6*pow2(v1)))))),-0.891633265345064,1.9698587725890984e-12,0.33548207286572057,1.9698587725890984e-12,3.5184372088832e13,7.261011138037405e-7,exp(((-16.5-(v1*(-0.827-(-0.0678/(4.71-v2)))))-(0.0252/log((3.76e-6*pow2(v1))))))
1.419268303446383,20.0,0,0.0,-0.9728336637521748,true,6.551083138005651e-6,0.3752020477482578,6.0,exp(((-16.5123459722947-(v1*(-0.821060760142872-(-0.0890617292218433/(4.67244639977322-v2)))))-((-0.0680255735565049/(4.70977778154237-v2))/v1))),-0.887847815149412,2.0386695778592625e-12,0.3095030554583126,2.0386695778592625e-12,2.097152e6,7.300302776603324e-7,exp(((-16.5-(v1*(-0.821-(-0.0891/(4.67-v2)))))-((-0.068/(4.71-v2))/v1)))
3.0653489477858207,20.0,0,0.0,-0.9771724198236662,true,6.371952075688404e-6,0.8009287864880843,6.0,exp(((v1*(0.749275397039776-(0.231316902660682/((v1*(-0.797350621435183-(0.072897187873731/(4.6852811438966-v2))))-v2))))-15.9614200622369)),-0.8629859711284278,2.490600898881557e-12,0.5866357417578413,2.490600898881557e-12,4.294967296e9,8.6577322480995e-7,exp(((v1*(0.749-(0.231/((v1*(-0.797-(0.0729/(4.69-v2))))-v2))))-16.0))
1.6484353966042107,21.0,0,45.0,-0.9723518959793069,true,6.078802087681617e-6,0.35533197108292736,6.0,exp(((-16.4507818614947-(v1*(-0.827290606622447-(-0.067813967332036/(4.71068549048948-v2)))))-(0.025239570365372/log((2.26278916905187e-7*pow2(pow2(v1))))))),-0.891634865776209,1.9698296804203555e-12,0.3352190239662481,1.9698296804203555e-12,1.7976931348623157e308,7.25935508880534e-7,exp(((-16.5-(v1*(-0.827-(-0.0678/(4.71-v2)))))-(0.0252/log((2.26e-7*pow2(pow2(v1)))))))
1.6498813558123997,21.0,0,289.0,-0.9723518959793069,true,6.086716973772799e-6,0.35581546138584286,6.0,exp(((-16.4507594243122-(v1*(-0.827268113124492-(-0.0677915157754893/(4.71066304885322-v2)))))-(0.0252171042860428/(v1+log((5.68721236322363e-7*v2)))))),-0.8916360269606904,1.969808572748847e-12,0.3354126123730299,1.969808572748847e-12,8.388608e6,7.258497772775254e-7,exp(((-16.5-(v1*(-0.827-(-0.0678/(4.71-v2)))))-(0.0252/(v1+log((5.69e-7*v2))))))
1.65066369973534,21.0,0,155.0,-0.9723518959793069,true,6.074850291121602e-6,0.3556919951581714,7.0,exp(((-16.4506001211175-(v1*(-0.82733729809269-(-0.0678402453762721/(4.7106858050286-v2)))))-(0.0250677445044573/log(((2.1160208697949e-6*v2)-2.68292258952557e-7))))),-0.8916335359515318,1.9698538535839615e-12,0.33550678030480263,1.9698538535839615e-12,5.36870912e8,7.260373589900146e-7,exp(((-16.5-(v1*(-0.827-(-0.0678/(4.71-v2)))))-(0.0251/log(((2.12e-6*v2)-2.68e-7)))))
1.6503524830776262,21.0,0,30.0,-0.9723518959793069,true,6.075005599205134e-6,0.35568020396456,6.0,exp(((-16.4507510404872-(v1*(-0.827290590085103-(-0.0677913722284804/(4.71065815363762-v2)))))-(0.0252182046574487/log((v1*(3.15768697939389e-6*v2)))))),-0.8916337301702176,1.9698503231335573e-12,0.33541953109793154,1.9698503231335573e-12,2.787593149816328e42,7.259802103371299e-7,exp(((-16.5-(v1*(-0.827-(-0.0678/(4.71-v2)))))-(0.0252/log((v1*(3.16e-6*v2))))))
1.6488705780140562,21.0,0,0.0,-0.9723518959793069,true,6.068015788632932e-6,0.3549258918342538,6.0,exp(((-16.4507563159626-(v1*(-0.827259844885076-(-0.0677770282847321/(4.71065763324057-v2)))))-(0.0252168703138463/log((v1*(1.08012730443118e-6*v1)))))),-0.8916323774478837,1.969874912524064e-12,0.33515605083787753,1.969874912524064e-12,2.787593149816328e42,7.259648127200716e-7,exp(((-16.5-(v1*(-0.827-(-0.0678/(4.71-v2)))))-(0.0252/log((v1*(1.08e-6*v1))))))
1.6478801224627877,21.0,0,0.0,-0.9723518959793069,true,6.054637327646392e-6,0.3539038115130403,6.0,exp(((-16.450736348849-(v1*(-0.827249244252498-(-0.0677707376673524/(4.71064065192402-v2)))))-(0.0251947956446343/log((v1+(3.0222988469347e-8-v1)))))),-0.8916266725807404,1.969978613928602e-12,0.334856268679977,1.969978613928602e-12,3.5184372088832e13,7.259778041205862e-7,exp(((-16.5-(v1*(-0.827-(-0.0678/(4.71-v2)))))-(0.0252/log((v1+(3.02e-8-v1))))))
1.6462177620236005,21.0,0,284.0,-0.9723518959793069,true,6.06877281998169e-6,0.35256621065719196,6.0,exp(((-16.4505766947097-(v1*(-0.826300920112856-(-0.0671829734295262/(4.71261650514103-v2)))))-(0.0246356716542267/log((1.61365842250331e-6*pow2(pow3(v1))))))),-0.8916386718766152,1.9697604942416045e-12,0.3344694361804328,1.9697604942416045e-12,1.7976931348623157e308,7.253593061738972e-7,exp(((-16.5-(v1*(-0.826-(-0.0672/(4.71-v2)))))-(0.0246/log((1.61e-6*pow2(pow3(v1)))))))
1.6538213162685256,21.0,0,844.0,-0.9723518959793069,true,6.07723369307547e-6,0.35685445767293583,6.0,exp(((-16.4504058675592-(v1*(-0.826999031173328-(-0.0674813993720227/(4.71252578994066-v2)))))-(0.0248779082870816/(v2+log((1.13272360298488e-6*v1)))))),-0.8916325073949123,1.9698725503850286e-12,0.3357968123278214,1.9698725503850286e-12,8.388608e6,7.260039429342481e-7,exp(((-16.5-(v1*(-0.827-(-0.0675/(4.71-v2)))))-(0.0249/(v2+log((1.13e-6*v1))))))
1.6492993372037712,21.0,0,45.0,-0.9723518959793069,true,6.067603534885366e-6,0.35494830260806104,6.0,exp(((-16.4507440644438-(v1*(-0.827335430555376-(-0.0678109266948876/(4.71066302126373-v2)))))-(0.0252136924790389/log(((1.66126274338928e-6*v1)/v1))))),-0.8916322064306582,1.969878021225115e-12,0.33523805391714506,1.969878021225115e-12,2.787593149816328e42,7.260041977669193e-7,exp(((-16.5-(v1*(-0.827-(-0.0678/(4.71-v2)))))-(0.0252/log(((1.66e-6*v1)/v1)))))
1.649359407541926,21.0,0,583.0,-0.9723518959793069,true,6.078604918567535e-6,0.355432514984031,6.0,exp(((-16.4504607138873-(v1*(-0.826981075966957-(-0.0674962509796815/(4.71262732050678-v2)))))-(0.0249202757703775/log((7.03744463036846e-6*pow2(pow2(v1))))))),-0.8916350575304925,1.9698261947671336e-12,0.33551542216211117,1.9698261947671336e-12,1.7976931348623157e308,7.260163058410205e-7,exp(((-16.5-(v1*(-0.827-(-0.0675/(4.71-v2)))))-(0.0249/log((7.04e-6*pow2(pow2(v1)))))))
1.6471049008476564,21.0,0,6.0,-0.9723518959793069,true,6.042052166810589e-6,0.3530575776025963,7.0,exp(((-16.4505682990021-(v1*(-0.827147931091461-(-0.0676361660840102/(4.71138051546307-v2)))))-(0.0250382117417217/log((-5.170017212175571e-9/(v1-17.2971221171216)))))),-0.891618821416332,1.9701213300963826e-12,0.33467112933361165,1.9701213300963826e-12,5.36870912e8,7.260294297648792e-7,exp(((-16.5-(v1*(-0.827-(-0.0676/(4.71-v2)))))-(0.025/log((-5.17e-9/(v1-17.3))))))
1.6478259805347457,21.0,0,0.0,-0.9723518959793069,true,6.025510369177539e-6,0.3524348625952235,7.0,exp(((-16.4504767147104-(v1*(-0.82688667876914-(-0.0674516078596777/(4.71262541848921-v2)))))-(0.0249134377155609/log((-1.49211222072516e-8*(-17.8120710471022-v1)))))),-0.8916043275387517,1.9703847955592024e-12,0.334759910175789,1.9703847955592024e-12,5.36870912e8,7.262032074965608e-7,exp(((-16.5-(v1*(-0.827-(-0.0675/(4.71-v2)))))-(0.0249/log((-1.49e-8*(-17.8-v1))))))
1.649448301023111,21.0,0,573.0,-0.9723518959793069,true,6.073287734163274e-6,0.3550983437910384,6.0,exp(((-16.4506186589769-(v1*(-0.827189606688436-(-0.0676817166671762/(4.71168990958302-v2)))))-(0.025087107334807/(v1+log((1.00529647192105e-5/v2)))))),-0.8916343579650258,1.9698389112633543e-12,0.33545364458979265,1.9698389112633543e-12,8.388608e6,7.260392603917867e-7,exp(((-16.5-(v1*(-0.827-(-0.0677/(4.71-v2)))))-(0.0251/(v1+log((1.01e-5/v2))))))
1.648001246167571,21.0,0,279.0,-0.9723518959793069,true,6.09318945180428e-6,0.3556538870610857,6.0,exp(((-16.4507959676612-(v1*(-0.827232443875333-(-0.067783917159513/(4.71158460413455-v2)))))-(0.0252367019974694/log((9.35674743714427e-8*pow2(pow3(v1))))))),-0.8916348873697414,1.9698292878994457e-12,0.3354167351436274,1.9698292878994457e-12,1.7976931348623157e308,7.259493690718515e-7,exp(((-16.5-(v1*(-0.827-(-0.0678/(4.71-v2)))))-(0.0252/log((9.36e-8*pow2(pow3(v1)))))))
1.6493046278338153,21.0,0,544.0,-0.9723518959793069,true,6.081789889079734e-6,0.3553354687683524,6.0,exp(((-16.4505960581024-(v1*(-0.827169183246874-(-0.0676603114972778/(4.71166766187086-v2)))))-(0.0250648621017127/(v1+log((1.08035159653393e-6*v1)))))),-0.8916364091347441,1.9698016257008026e-12,0.3354244328314796,1.9698016257008026e-12,8.388608e6,7.259250806790111e-7,exp(((-16.5-(v1*(-0.827-(-0.0677/(4.71-v2)))))-(0.0251/(v1+log((1.08e-6*v1))))))
1.6483675813785355,21.0,0,1.0,-0.9723518959793069,true,6.070584494491038e-6,0.3548916618905881,6.0,exp(((-16.4507657410355-(v1*(-0.827347110291124-(-0.0678345572428013/(4.7115782379608-v2)))))-(0.0252359206750771/log((v1*(6.91821976683579e-8*v1)))))),-0.8916319115926958,1.969883380703267e-12,0.3353431939092556,1.969883380703267e-12,2.787593149816328e42,7.261698877243761e-7,exp(((-16.5-(v1*(-0.827-(-0.0678/(4.71-v2)))))-(0.0252/log((v1*(6.92e-8*v1))))))
1.649946252659334,21.0,0,559.0,-0.9723518959793069,true,6.079722756570166e-6,0.3554838835047092,6.0,exp(((-16.4506089082696-(v1*(-0.827186655298469-(-0.0676757020802466/(4.71168126232227-v2)))))-(0.0250784945483868/(v1+log((5.83672911516078e-7*v2)))))),-0.8916354498338757,1.969819063591102e-12,0.33548875699735403,1.969819063591102e-12,8.388608e6,7.259752462598929e-7,exp(((-16.5-(v1*(-0.827-(-0.0677/(4.71-v2)))))-(0.0251/(v1+log((5.84e-7*v2))))))
1.646801240677831,21.0,0,1.0,-0.9723518959793069,true,6.058379163382807e-6,0.35380138631645713,7.0,exp(((-16.4508328771072-(v1*(-0.827302673526639-(-0.0679169018425498/(4.71136361050407-v2)))))-(0.0252544516376811/(4.71166766157993+log((1.4931758599941e-13*v1)))))),-0.8916278490439832,1.969957228524244e-12,0.3349944820770534,1.969957228524244e-12,4.194304e6,7.262094742740161e-7,exp(((-16.5-(v1*(-0.827-(-0.0679/(4.71-v2)))))-(0.0253/(4.71+log((1.49e-13*v1))))))
1.5685448769817019,21.0,0,1.0,-0.9723518959793069,true,6.2962531764601555e-6,0.33225588991060406,7.0,exp(((-16.451571296817-(v1*(-0.822813099732369-(-0.066842728829909/(4.7115460052817-v2)))))-(0.0252550243256926/pow3((0.733345933360868*(0.400735847226218+v1)))))),-0.8900523768430052,1.998595700892621e-12,0.31958059556781165,1.998595700892621e-12,5.36870912e8,7.256519342086473e-7,exp(((-16.5-(v1*(-0.823-(-0.0668/(4.71-v2)))))-(0.0253/pow3((0.733*(0.401+v1))))))
1.645233773854706,21.0,0,47.0,-0.9723518959793069,true,6.01495745563928e-6,0.3511948165638185,7.0,exp((((-16.4508356419601-(v1*(-0.826848519290987-(-0.0675918386489113/(4.7118163038716-v2)))))-(0.0251005616081501/log((1.9876854424067298e-11*v1))))-4.46775489803388e-7)),-0.8915917351055596,1.9706136971226837e-12,0.3341867961866876,1.9706136971226837e-12,4.194304e6,7.26146793358556e-7,exp((((-16.5-(v1*(-0.827-(-0.0676/(4.71-v2)))))-(0.0251/log((1.99e-11*v1))))-4.47e-7))
1.6491766413878943,21.0,0,3.0,-0.9723518959793069,true,6.065146885487731e-6,0.354792527368232,7.0,exp(((-16.4507832758554-(v1*(-0.827298756893404-(-0.0678153671516206/(4.71158493347809-v2)))))-(0.0252421195457105/log((-8.92441525833149e-8*(-21.4592408663629+v1)))))),-0.8916304191597936,1.969910509711577e-12,0.33540123237835845,1.969910509711577e-12,5.36870912e8,7.261992134862663e-7,exp(((-16.5-(v1*(-0.827-(-0.0678/(4.71-v2)))))-(0.0252/log((-8.92e-8*(-21.5+v1))))))
1.6222764490295831,21.0,0,3.0,-0.9723518959793069,true,6.200593246157738e-6,0.3382268651578087,5.0,exp(((-16.4510235611381-(v1*(-0.824592254499767-(-0.0669195105982686/(4.71159990364446-v2)))))-(0.0250565126648945/(v2+log((v1/v2)))))),-0.8906719167730852,1.9873338854459962e-12,0.3255119223352098,1.9873338854459962e-12,1.40737488355328e14,7.25638278007173e-7,exp(((-16.5-(v1*(-0.825-(-0.0669/(4.71-v2)))))-(0.0251/(v2+log((v1/v2))))))
1.648001246167571,21.0,0,279.0,-0.9723518959793069,true,6.09318945180428e-6,0.3556538870610857,6.0,exp(((-16.4507959676612-(v1*(-0.827232443875333-(-0.067783917159513/(4.71158460413455-v2)))))-(0.0252367019974694/log((9.35674743714427e-8*pow2(pow3(v1))))))),-0.8916348873697414,1.9698292878994457e-12,0.3354167351436274,1.9698292878994457e-12,1.7976931348623157e308,7.259493690718515e-7,exp(((-16.5-(v1*(-0.827-(-0.0678/(4.71-v2)))))-(0.0252/log((9.36e-8*pow2(pow3(v1)))))))
1.6490372571050846,21.0,0,8.0,-0.9723518959793069,true,6.066362376913583e-6,0.35474614652366315,6.0,exp(((-16.4507015764626-(v1*(-0.827283885297168-(-0.0677750733261278/(4.71170185533005-v2)))))-(0.025171842586316/log((-5.34934953403398e-6/(v1-v2)))))),-0.891631470449036,1.969891399683548e-12,0.3354238862739882,1.969891399683548e-12,3.5184372088832e13,7.261774196718833e-7,exp(((-16.5-(v1*(-0.827-(-0.0678/(4.71-v2)))))-(0.0252/log((-5.35e-6/(v1-v2))))))
1.6536698402106034,21.0,0,51.0,-0.9723518959793069,true,6.08428430172359e-6,0.3571652064159856,6.0,exp(((-16.4506106269433-(v1*(-0.827090412184092-(-0.0675853458105938/(4.71151529256829-v2)))))-(0.0250010401142303/(v2+log((1.14391775350046e-6*v1)))))),-0.8916334810625519,1.9698548513397657e-12,0.33570213462808035,1.9698548513397657e-12,8.388608e6,7.258768173846066e-7,exp(((-16.5-(v1*(-0.827-(-0.0676/(4.71-v2)))))-(0.025/(v2+log((1.14e-6*v1))))))
1.616926565960014,21.0,0,139.0,-0.9723518959793069,true,6.102315299124105e-6,0.34984086258353025,6.0,exp((((-16.453309048351-(v1*(-0.821788966807687-(-0.065233175148113/(4.71143595660442-v2)))))-(0.0486555163462249/pow3((v1-v2))))-0.00139745618273635)),-0.8917575210630406,1.96760008853001e-12,0.3314564132032878,1.96760008853001e-12,1.073741824e9,7.196155633436304e-7,exp((((-16.5-(v1*(-0.822-(-0.0652/(4.71-v2)))))-(0.0487/pow3((v1-v2))))-0.0014))
1.650692681139688,21.0,0,178.0,-0.9723518959793069,true,6.094786610222018e-6,0.34696801570096286,6.0,exp(((-16.4517010437165-(v1*(-0.821665131210098-(-0.065275421807614/(4.71136985243673-v2)))))-(0.0233717407461885/log(((0.699398180535564*v1)/v2))))),-0.8916432879897096,1.9696765838893802e-12,0.33548631785139754,1.9696765838893802e-12,2.787593149816328e42,7.238581499511551e-7,exp(((-16.5-(v1*(-0.822-(-0.0653/(4.71-v2)))))-(0.0234/log(((0.699*v1)/v2)))))
1.6380775811625896,21.0,0,1.0,-0.9723518959793069,true,6.44595608635361e-6,0.3308712847598922,6.0,exp(((-16.4520255377887-(v1*(-0.81955452811503-(-0.0668098254175384/(4.71212214553831-v2)))))-(0.0499165142210877/(pow3((0.0257235327048416*v1))-v2)))),-0.8888246250153781,2.020913414127358e-12,0.3308215661049371,2.020913414127358e-12,8.388608e6,7.280962174043636e-7,exp(((-16.5-(v1*(-0.82-(-0.0668/(4.71-v2)))))-(0.0499/(pow3((0.0257*v1))-v2))))
1.6494633152699008,22.0,0,39.0,-0.9723518959793069,true,6.082677891119359e-6,0.35584075240072804,6.0,exp(((-16.4507559986667-(v1*(-0.82726169667122-(-0.0677778780754478/(4.71065766100679-v2)))))-(0.0252169069400277/log((v1*(4.73351465288717e-6*pow2(v1))))))),-0.8916350866229767,1.969825665932474e-12,0.3353875485746815,1.969825665932474e-12,1.7976931348623157e308,7.259143654625628e-7,exp(((-16.5-(v1*(-0.827-(-0.0678/(4.71-v2)))))-(0.0252/log((v1*(4.73e-6*pow2(v1)))))))
1.649731313103154,22.0,0,118.0,-0.9723518959793069,true,6.078383666090033e-6,0.3557065660955231,7.0,exp(((-16.4507819587214-(v1*(-0.827290045395947-(-0.0678137393191996/(4.71068549095821-v2)))))-(0.0252396091132418/log((2.77565304654258e-8*pow2((-16.4650168705853*v1))))))),-0.8916343672492263,1.9698387424978762e-12,0.3354265476477071,1.9698387424978762e-12,1.0983676256208976e158,7.25986332571862e-7,exp(((-16.5-(v1*(-0.827-(-0.0678/(4.71-v2)))))-(0.0252/log((2.78e-8*pow2((-16.5*v1)))))))
1.6471822709494623,22.0,0,10.0,-0.9723518959793069,true,6.098245995428302e-6,0.3552463335738436,6.0,exp(((-16.4508017054441-(v1*(-0.82717483062682-(-0.0677599207398492/(4.71068351292111-v2)))))-(0.0252242029789117/log((6.26738738690606e-9*pow2(pow2(pow2(v1)))))))),-0.891637626817955,1.969779491011933e-12,0.33505845048902566,1.969779491011933e-12,1.7976931348623157e308,7.256127322494566e-7,exp(((-16.5-(v1*(-0.827-(-0.0678/(4.71-v2)))))-(0.0252/log((6.27e-9*pow2(pow2(pow2(v1))))))))
1.700784123058064,22.0,0,2.0,-0.9723518959793069,true,6.0697269419763926e-6,0.35453716454079265,8.0,exp(((-16.4515732608335-(v1*(-0.82150055337131-(-0.0660788173259677/(4.71083286364834-v2)))))-(0.0244749952968826/(-0.82733941718721-(-0.0678215114739434/(4.71065915445139-v2)))))),-0.8912699012027155,1.9764638995750566e-12,0.3404792721404169,1.9764638995750566e-12,262144.0,7.263454678808933e-7,exp(((-16.5-(v1*(-0.822-(-0.0661/(4.71-v2)))))-(0.0245/(-0.827-(-0.0678/(4.71-v2))))))
1.649091944209095,22.0,0,19.0,-0.9723518959793069,true,6.064056319474029e-6,0.3547132107710045,6.0,exp(((-16.450781708351-(v1*(-0.82729151812773-(-0.0678144118678644/(4.71068551365069-v2)))))-(0.0252396092020424/log((4.826710816646501e-9*(v2*pow2(v2))))))),-0.8916308046786011,1.9699035018635736e-12,0.3350997806643278,1.9699035018635736e-12,1.7976931348623157e308,7.260039225081167e-7,exp(((-16.5-(v1*(-0.827-(-0.0678/(4.71-v2)))))-(0.0252/log((4.83e-9*(v2*pow2(v2)))))))
1.6465287164502838,22.0,0,4.0,-0.9723518959793069,true,6.053793144194248e-6,0.3535046449100251,7.0,exp(((-16.4507819769818-(v1*(-0.827289935884315-(-0.0678136892441748/(4.7106854890046-v2)))))-(0.0252396077937029/log((1.69035976075022e-8*pow2((v1/-101.374298462966))))))),-0.8916264313432772,1.9699829990725704e-12,0.3346796903622743,1.9699829990725704e-12,1.0983676256208976e158,7.259899885540754e-7,exp(((-16.5-(v1*(-0.827-(-0.0678/(4.71-v2)))))-(0.0252/log((1.69e-8*pow2((v1/-101.0)))))))
1.8337174368887432,22.0,0,1029.0,-0.9723518959793069,true,5.994637198890364e-6,0.41849814320510337,5.0,exp(((0.786728437843433*v1)-(16.3192674544012-(v1*((0.0903272758183564/((-4.69032582276156+v2)/v1))/(v2+(4.92573011869044-v2))))))),-0.8917176374247953,1.9683250816280362e-12,0.36271021211393745,1.9683250816280362e-12,1.5474250491067253e26,7.198524824047765e-7,exp(((0.787*v1)-(16.3-(v1*((0.0903/((-4.69+v2)/v1))/(v2+(4.93-v2)))))))
1.6475707736830068,22.0,0,25.0,-0.9723518959793069,true,6.054711973114338e-6,0.35370077251701504,7.0,exp(((-16.450783207124-(v1*(-0.827282770305556-(-0.0678103672830453/(4.71068537384188-v2)))))-(0.0252393962843641/log((4.38766949525434e-10*pow2((4.71174688355829-v1))))))),-0.8916277673882703,1.9699587128378838e-12,0.3348306126027382,1.9699587128378838e-12,1.0983676256208976e158,7.2597443219366e-7,exp(((-16.5-(v1*(-0.827-(-0.0678/(4.71-v2)))))-(0.0252/log((4.39e-10*pow2((4.71-v1)))))))
1.6470068333966765,22.0,0,7.0,-0.9723518959793069,true,6.053719999375768e-6,0.35361350507958317,7.0,exp(((-16.4507832631739-(v1*(-0.827282442497494-(-0.0678102182168056/(4.71068536921487-v2)))))-(0.0252393931338688/log((3.2564667627480596e-11*pow2((v2-4.73446643400284))))))),-0.8916263084712033,1.9699852326051553e-12,0.3347249861641019,1.9699852326051553e-12,1.0983676256208976e158,7.259802993936218e-7,exp(((-16.5-(v1*(-0.827-(-0.0678/(4.71-v2)))))-(0.0252/log((3.26e-11*pow2((v2-4.73)))))))
1.6491022987511452,22.0,0,15.0,-0.9723518959793069,true,6.064298689933486e-6,0.35472820566747165,7.0,exp(((-16.4507812568858-(v1*(-0.827294145714966-(-0.0678156410458264/(4.71068555860072-v2)))))-(0.0252397016729792/log((3.8555320190309e-7*pow2((4.9257301183665-v2))))))),-0.8916311851224917,1.9698965862659257e-12,0.33511249945390953,1.9698965862659257e-12,1.0983676256208976e158,7.25954878243676e-7,exp(((-16.5-(v1*(-0.827-(-0.0678/(4.71-v2)))))-(0.0252/log((3.86e-7*pow2((4.93-v2)))))))
1.7040795715786377,22.0,0,24.0,-0.9723518959793069,true,5.987711776818804e-6,0.35633829122899346,8.0,exp(((-16.4515454969154-(v1*(-0.822744246741764-(-0.0659632636838613/(4.71067225223525-v2)))))-(0.024301018189409/(-0.826321625298601-(0.0549067166398624/(v2-4.76226662985209)))))),-0.8914904562568781,1.9724547143793944e-12,0.3416914913011287,1.9724547143793944e-12,262144.0,7.261384511706612e-7,exp(((-16.5-(v1*(-0.823-(-0.066/(4.71-v2)))))-(0.0243/(-0.826-(0.0549/(v2-4.76))))))
1.6274665928698833,22.0,0,0.0,-0.9728336637521748,true,6.418592667958376e-6,0.3459521356915497,7.0,exp(((-16.4456381389129-(v1*(-0.817807590756688-(-0.0722105466073438/(4.70603008311037-v2)))))-(0.00269723673616406/(v1*(-0.0168311165280704-(-0.723537680099014*v1)))))),-0.8892296210291584,2.0135515151723973e-12,0.3296710810932369,2.0135515151723973e-12,4.194304e6,7.312777625240601e-7,exp(((-16.4-(v1*(-0.818-(-0.0722/(4.71-v2)))))-(0.0027/(v1*(-0.0168-(-0.724*v1))))))
1.6150106520687364,22.0,0,0.0,-0.9723518959793069,true,6.003383446613659e-6,0.32799630334719343,6.0,exp((((-16.4514085921704-(v1*(-0.821716212987655-(0.0531519046562149/(v2-4.76230442961684)))))-((0.0106662982784859*v1)/(v1-v2)))-0.000758998497519418)),-0.8914197078050603,1.973740759021267e-12,0.3269241751103975,1.973740759021267e-12,6.7108864e7,7.182959872590966e-7,exp((((-16.5-(v1*(-0.822-(0.0532/(v2-4.76)))))-((0.0107*v1)/(v1-v2)))-0.000759))
1.6509543591538327,22.0,0,408.0,-0.9723518959793069,true,6.085793419434862e-6,0.35624514517176753,6.0,exp(((-16.4503341645601-(v1*(-0.826873894407438-(-0.0673807305805294/(4.71244552937249-v2)))))-(0.0247943675006145/(v2+log((1.05656704656156e-7*pow3(v1))))))),-0.8916353640314636,1.9698206232822255e-12,0.33539778088696015,1.9698206232822255e-12,1.40737488355328e14,7.256878155845577e-7,exp(((-16.5-(v1*(-0.827-(-0.0674/(4.71-v2)))))-(0.0248/(v2+log((1.06e-7*pow3(v1)))))))
1.6441367919853396,22.0,0,5.0,-0.9723518959793069,true,6.016702934202241e-6,0.3509674222423599,6.0,exp(((-16.4504059199895-(v1*(-0.826998724651809-(-0.0674812607474292/(4.71252578584517-v2)))))-(0.0248779075836699/pow3((v2+log((5.85827498460404e-7*v1))))))),-0.8915943421616539,1.970566306820352e-12,0.33407647760949055,1.970566306820352e-12,1.7976931348623157e308,7.261230806877077e-7,exp(((-16.5-(v1*(-0.827-(-0.0675/(4.71-v2)))))-(0.0249/pow3((v2+log((5.86e-7*v1)))))))
1.6460955620689957,22.0,0,8.0,-0.9723518959793069,true,6.044263507030364e-6,0.3528863783876792,7.0,exp(((-16.4507701199199-(v1*(-0.827323234376853-(-0.0674642769445461/(4.71262595280511-v2)))))-(0.0252376860927787/log((6.436770786879349e-13/pow2((4.7124477639911-v2))))))),-0.8916212137827502,1.970077842360121e-12,0.334682664084003,1.970077842360121e-12,1.0983676256208976e158,7.260776558758898e-7,exp(((-16.5-(v1*(-0.827-(-0.0675/(4.71-v2)))))-(0.0252/log((6.44e-13/pow2((4.71-v2)))))))
1.5566019373202133,22.0,0,0.0,-0.9709065926607031,true,6.5673118089790645e-6,0.35947132540578014,7.0,exp(((-16.4804632566592-(v1*(-0.398873102926648-(0.0477978238087219/(4.20051130058107-v2)))))-(v1*(-0.41869265838792+(0.126153782598685/(4.59530304884461-v2)))))),-0.8878706967271301,2.0382536432392665e-12,0.31883895853297944,2.0382536432392665e-12,8.388608e6,7.271614690874885e-7,exp(((-16.5-(v1*(-0.399-(0.0478/(4.2-v2)))))-(v1*(-0.419+(0.126/(4.6-v2))))))
1.6214081057277023,22.0,0,0.0,-0.9723518959793069,true,6.306210002532535e-6,0.33220334972671245,5.0,exp(((-16.4511323575485-(v1*(-0.822680911465245-(-0.0665343955688853/(4.71264677339137-v2)))))-(0.0249099499196573/(v2+(v1*pow2(pow2(v1))))))),-0.8899803276378143,1.9999053902484496e-12,0.3258823736762426,1.9999053902484496e-12,2.81474976710656e14,7.263114101240465e-7,exp(((-16.5-(v1*(-0.823-(-0.0665/(4.71-v2)))))-(0.0249/(v2+(v1*pow2(pow2(v1)))))))
1.6464539534295857,22.0,0,581.0,-0.9723518959793069,true,6.116918612219768e-6,0.3545867149530278,6.0,exp(((-16.4508351727324-(v1*(-0.826851262856946-(-0.0675930769240588/(4.71181633990431-v2)))))-(0.0251006003068702/log((4.09687337989446e-8*pow2(pow2(pow2(v1)))))))),-0.8916387027795751,1.9697599324966464e-12,0.33503795498554806,1.9697599324966464e-12,1.7976931348623157e308,7.252649225209794e-7,exp(((-16.5-(v1*(-0.827-(-0.0676/(4.71-v2)))))-(0.0251/log((4.1e-8*pow2(pow2(pow2(v1))))))))
1.6480437305564115,22.0,0,142.0,-0.9723518959793069,true,6.081846228352823e-6,0.35500012934920294,6.0,exp(((-16.4506664340774-(v1*(-0.827232768701506-(-0.0677269531317582/(4.71173693512566-v2)))))-(0.0251340696212259/(v1+log((1.35552767871013e-8*pow3(v1))))))),-0.8916360764853326,1.9698076725044033e-12,0.33529422521186125,1.9698076725044033e-12,1.40737488355328e14,7.259625466605864e-7,exp(((-16.5-(v1*(-0.827-(-0.0677/(4.71-v2)))))-(0.0251/(v1+log((1.36e-8*pow3(v1)))))))
1.648549532938571,22.0,0,605.0,-0.9723518959793069,true,6.083099801399918e-6,0.35523266690505506,6.0,exp(((-16.4506654478427-(v1*(-0.827238513522532-(-0.0677296705887584/(4.71173704255183-v2)))))-(0.0251342568457867/(v1+log((9.03844910879988e-8*pow2(v1))))))),-0.8916357995758576,1.9698127060837607e-12,0.3353924457622298,1.9698127060837607e-12,1.40737488355328e14,7.259819626246302e-7,exp(((-16.5-(v1*(-0.827-(-0.0677/(4.71-v2)))))-(0.0251/(v1+log((9.04e-8*pow2(v1)))))))
1.8777931703486457,22.0,0,1114.0,-0.9759169774985295,true,6.034132693287348e-6,0.36967508509633246,7.0,exp((((v1+(-16.3475542980404-(0.465682504976218*(v1*(0.373155515240305+(0.138875431774995/(4.71284532440164-v2)))))))-0.152815511565007)-(-0.444514156445884/v2))),-0.8916393897312609,1.969747445290043e-12,0.3639910041531337,1.969747445290043e-12,524288.0,7.286662714104739e-7,exp((((v1+(-16.3-(0.466*(v1*(0.373+(0.139/(4.71-v2)))))))-0.153)-(-0.445/v2)))
1.7036116540247053,22.0,0,5.0,-0.9723518959793069,true,5.989856804712413e-6,0.35671033028120375,8.0,exp(((-16.4514402698744-(v1*(-0.822692937686069-(-0.0658522059516959/(4.71172443668998-v2)))))-(0.024216640604137/(-0.824437862064919-(-0.0668070167118/(4.7117360640573-v2)))))),-0.8914867624839065,1.972521858702928e-12,0.3417585158042016,1.972521858702928e-12,262144.0,7.262069432250717e-7,exp(((-16.5-(v1*(-0.823-(-0.0659/(4.71-v2)))))-(0.0242/(-0.824-(-0.0668/(4.71-v2))))))
1.6463041460845311,22.0,0,1.0,-0.9723518959793069,true,6.057775536613109e-6,0.3535975334537827,6.0,exp(((-16.4507747627222-(v1*(-0.827357413379065-(-0.0678442897470491/(4.7115874695045-v2)))))-(0.0252451542712256/log((7.10795272886788e-14/pow2((v1-v2))))))),-0.8916281601170222,1.969951573929624e-12,0.33491209372571346,1.969951573929624e-12,1.7976931348623157e308,7.261693145644218e-7,exp(((-16.5-(v1*(-0.827-(-0.0678/(4.71-v2)))))-(0.0252/log((7.11e-14/pow2((v1-v2)))))))
1.6464907131665614,22.0,0,6.0,-0.9723518959793069,true,6.043293699465557e-6,0.3519545629704914,6.0,exp(((-16.4508328581314-(v1*(-0.827302784174475-(-0.0679169541655713/(4.71136361259324-v2)))))-(0.0252544525925108/(pow3(v1)+log((2.39287692359572e-13*v1)))))),-0.8916015273071166,1.9704356973499534e-12,0.3350678023568669,1.9704356973499534e-12,3.3554432e7,7.266969607755459e-7,exp(((-16.5-(v1*(-0.827-(-0.0679/(4.71-v2)))))-(0.0253/(pow3(v1)+log((2.39e-13*v1))))))
1.6499634004921644,22.0,0,4.0,-0.9723518959793069,true,6.069371330452747e-6,0.35522247943308227,7.0,exp(((-16.4507844021934-(v1*(-0.827299736284095-(-0.0678164173929598/(4.71158603720835-v2)))))-(0.0252432414739778/log((2.19915258514701e-7*(0.00583215434214873+pow2(v2))))))),-0.8916313428584643,1.9698937189875997e-12,0.3354908614989003,1.9698937189875997e-12,1.5111572745182865e23,7.261883620109913e-7,exp(((-16.5-(v1*(-0.827-(-0.0678/(4.71-v2)))))-(0.0252/log((2.2e-7*(0.00583+pow2(v2)))))))
1.6479547483836898,22.0,0,2.0,-0.9723518959793069,true,6.067953777093989e-6,0.35465705536553105,7.0,exp(((-16.4507838022916-(v1*(-0.827299283329628-(-0.0678158935878444/(4.71158545991432-v2)))))-(0.0252426459819342/log((-7.50006673762682e-8*pow3((-0.712269208156261*v1))))))),-0.891631523668867,1.969890432269041e-12,0.33524155546194534,1.969890432269041e-12,1.0983676256208976e158,7.261541055653676e-7,exp(((-16.5-(v1*(-0.827-(-0.0678/(4.71-v2)))))-(0.0252/log((-7.5e-8*pow3((-0.712*v1)))))))
5.48914376175084,22.0,0,0.0,-0.9646948896599339,true,6.198380830823242e-6,0.49166115426546175,6.0,exp((v1+(-17.6172843908648+(-1.91797101781616/(log((-0.827599656448401/(-0.298266043551928-(0.00318617091320203/((0.0299931186934387+pow3(v2))-v2)))))-v2))))),-0.8405892659350618,2.8977216480923394e-12,0.531723470677925,2.8977216480923394e-12,1.7976931348623157e308,9.538600957379104e-7,exp((v1+(-17.6+(-1.92/(log((-0.828/(-0.298-(0.00319/((0.03+pow3(v2))-v2)))))-v2)))))
1.647012176030946,22.0,0,257.0,-0.9723518959793069,true,6.089231286790928e-6,0.35481397760274036,6.0,exp(((-16.4507598594012-(v1*(-0.827098338384243-(-0.0676982734669707/(4.7117202714434-v2)))))-(0.0251725752163716/log((5.1772998251417405e-9*pow2(pow2(pow2(v1)))))))),-0.8916379019439057,1.9697744898529586e-12,0.335134750643854,1.9697744898529586e-12,1.7976931348623157e308,7.258096744178114e-7,exp(((-16.5-(v1*(-0.827-(-0.0677/(4.71-v2)))))-(0.0252/log((5.18e-9*pow2(pow2(pow2(v1))))))))
1.648815800233344,22.0,0,10.0,-0.9723518959793069,true,6.051421254104924e-6,0.35407435297795414,6.0,exp(((-16.4507258000475-(v1*(-0.82723383982836-(-0.0677575360034978/(4.71062931948701-v2)))))-(0.0251834195123552/log((-4.50311096291249e-9*pow3((v1-v2))))))),-0.8916239171436278,1.9700287014576363e-12,0.3348721906108691,1.9700287014576363e-12,1.7976931348623157e308,7.259913275630588e-7,exp(((-16.5-(v1*(-0.827-(-0.0678/(4.71-v2)))))-(0.0252/log((-4.5e-9*pow3((v1-v2)))))))
1.680000306681782,22.0,0,5.0,-0.9723518959793069,true,5.996905929372904e-6,0.35671063577901785,6.0,exp(((-16.450834907322-(v1*(-0.826162451606698-(-0.0672103878187186/(4.71156201002714-v2)))))-(0.0250154492098635/(v2+log((0.000170733095732714/pow2(v1))))))),-0.8915563095443559,1.971257652601578e-12,0.3360224945599724,1.971257652601578e-12,1.40737488355328e14,7.260905042328074e-7,exp(((-16.5-(v1*(-0.826-(-0.0672/(4.71-v2)))))-(0.025/(v2+log((0.000171/pow2(v1)))))))
1.6258304123227878,22.0,0,1.0,-0.9723518959793069,true,6.198052429715841e-6,0.3392504351339021,7.0,exp(((-16.4510853451583-(v1*(-0.82461438592988-(-0.0669384161308347/(4.71164938549973-v2)))))-(0.0251112875626614/(v2+(-0.0663251923482041/(4.71194917782407-v2)))))),-0.890691730571028,1.9869737160285062e-12,0.32691367104386543,1.9869737160285062e-12,524288.0,7.258361956660779e-7,exp(((-16.5-(v1*(-0.825-(-0.0669/(4.71-v2)))))-(0.0251/(v2+(-0.0663/(4.71-v2))))))
9.501422225822992,22.0,0,0.0,-0.97527128134652,true,6.592674778111629e-6,1.3348067020578736,6.0,exp((((-14.983020362109-(v1*(-0.557008320177773-(0.280246809654465/(0.252664746335924-pow3(v2))))))-(0.585928825061923/pow3((v1-v2))))-0.304980360273943)),-0.8733051644866787,2.3030216234930273e-12,1.1763357636871437,2.3030216234930273e-12,1.7179869184e10,8.946767281371807e-7,exp((((-15.0-(v1*(-0.557-(0.28/(0.253-pow3(v2))))))-(0.586/pow3((v1-v2))))-0.305))
1.6489672144105885,23.0,0,35.0,-0.9723518959793069,true,6.059699822659904e-6,0.354460862269968,6.0,exp(((-16.4507362927524-(v1*(-0.827249571983349-(-0.0677708862254123/(4.71064065637122-v2)))))-(0.0251947993470793/log((v1+((9.51720477748378e-6/v2)-v1)))))),-0.8916292244363898,1.969932227043794e-12,0.33511006236451735,1.969932227043794e-12,2.787593149816328e42,7.259961964580848e-7,exp(((-16.5-(v1*(-0.827-(-0.0678/(4.71-v2)))))-(0.0252/log((v1+((9.52e-6/v2)-v1))))))
1.6484204143902499,23.0,0,10.0,-0.9723518959793069,true,6.060116414046593e-6,0.3543312254374938,6.0,exp(((-16.4507821539678-(v1*(-0.827288738611312-(-0.0678130936259164/(4.71068543819209-v2)))))-(0.0252395162088337/log((-1.69100503198452e-8*((v1-v2)-v2)))))),-0.8916293537210213,1.969929876945618e-12,0.33500967720664093,1.969929876945618e-12,2.787593149816328e42,7.26012364380817e-7,exp(((-16.5-(v1*(-0.827-(-0.0678/(4.71-v2)))))-(0.0252/log((-1.69e-8*((v1-v2)-v2))))))
1.6494540267212872,23.0,0,33.0,-0.9723518959793069,true,6.069195765779281e-6,0.3551312917663837,8.0,exp(((-16.4506002799055-(v1*(-0.827345474279181-(-0.0678403653127648/(4.71062478059128-v2)))))-(0.025069174745333/log((7.48829538585365e-7-(-2.15852336358458e-7/(4.71174688388294-v1))))))),-0.8916392561324709,1.969749873809729e-12,0.3352503626047523,1.969749873809729e-12,3.5184372088832e13,7.258289980877674e-7,exp(((-16.5-(v1*(-0.827-(-0.0678/(4.71-v2)))))-(0.0251/log((7.49e-7-(-2.16e-7/(4.71-v1)))))))
1.6496245355803036,23.0,0,4.0,-0.9723518959793069,true,6.069995078747158e-6,0.3551587099070905,8.0,exp(((-16.4506013097993-(v1*(-0.82733880975547-(-0.0678372539543082/(4.71062458605914-v2)))))-(0.025068989945698/log((1.45635835988412e-6-(-1.08676548500766e-7/(4.92537488734719-v2))))))),-0.8916333251802228,1.9698576849231023e-12,0.33525586723572703,1.9698576849231023e-12,3.5184372088832e13,7.259556723151691e-7,exp(((-16.5-(v1*(-0.827-(-0.0678/(4.71-v2)))))-(0.0251/log((1.46e-6-(-1.09e-7/(4.93-v2)))))))
1.646046298756286,23.0,0,13.0,-0.9723518959793069,true,6.052104652521033e-6,0.3532907810299152,7.0,exp(((-16.4507824936657-(v1*(-0.827286918987463-(-0.0678123800366302/(4.71068546445501-v2)))))-(0.0252396858575125/log((2.99881219363036e-7*pow2((9.40655480948358e-5*pow2(v1)))))))),-0.8916254856783986,1.970000189091842e-12,0.33458694428725494,1.970000189091842e-12,1.7976931348623157e308,7.259816830401577e-7,exp(((-16.5-(v1*(-0.827-(-0.0678/(4.71-v2)))))-(0.0252/log((3.0e-7*pow2((9.41e-5*pow2(v1))))))))
1.6481013794505182,23.0,0,134.0,-0.9723518959793069,true,6.097120812261477e-6,0.35581785913656516,6.0,exp(((-16.4507908001244-(v1*(-0.827238487586866-(-0.0677896351618708/(4.71068460139574-v2)))))-(0.0252353864759514/log((2.74678255679256e-9*pow2((v2*pow3(v1)))))))),-0.8916357345535492,1.969813888040245e-12,0.3352133110819001,1.969813888040245e-12,1.7976931348623157e308,7.2571638986491e-7,exp(((-16.5-(v1*(-0.827-(-0.0678/(4.71-v2)))))-(0.0252/log((2.75e-9*pow2((v2*pow3(v1))))))))
1.6485278520072788,23.0,0,44.0,-0.9723518959793069,true,6.07986288182537e-6,0.35540588348471297,7.0,exp(((-16.4507848564329-(v1*(-0.827273154559306-(-0.0678058381677997/(4.71068519891104-v2)))))-(0.0252389466911991/log((8.03762574496415e-10*pow2(pow2((4.67419291450648*v1)))))))),-0.8916350286995339,1.969826718847858e-12,0.3352362850568425,1.969826718847858e-12,1.7976931348623157e308,7.259244605905353e-7,exp(((-16.5-(v1*(-0.827-(-0.0678/(4.71-v2)))))-(0.0252/log((8.04e-10*pow2(pow2((4.67*v1))))))))
1.6518882029657234,23.0,0,1.0,-0.9723518959793069,true,6.048238676028872e-6,0.35470617103338264,7.0,exp(((-16.4504316062236-(v1*(-0.826951703920061-(-0.067467185195064/(4.71245063247486-v2)))))-(0.0249167139622031/(log((1.70936603539165e-8/v2))+(4.71357641332002+v2))))),-0.8916224304019527,1.970055727012487e-12,0.33535692737812345,1.970055727012487e-12,1.6777216e7,7.26132757190913e-7,exp(((-16.5-(v1*(-0.827-(-0.0675/(4.71-v2)))))-(0.0249/(log((1.71e-8/v2))+(4.71+v2)))))
1.6494011792083767,23.0,0,509.0,-0.9723518959793069,true,6.082818310978732e-6,0.35551616334727676,7.0,exp(((-16.4504768204693-(v1*(-0.826887150235981-(-0.0674519100832552/(4.71262558233991-v2)))))-(0.0249136009802937/log((3.07952354120692e-8*pow2(pow2((4.71355376059367*v1)))))))),-0.8916364074763022,1.969801655847472e-12,0.3355060989582243,1.969801655847472e-12,1.7976931348623157e308,7.259281367146013e-7,exp(((-16.5-(v1*(-0.827-(-0.0675/(4.71-v2)))))-(0.0249/log((3.08e-8*pow2(pow2((4.71*v1))))))))
1.648272371071342,23.0,0,4.0,-0.9723518959793069,true,6.062793745739538e-6,0.35442261331803254,8.0,exp(((-16.4507474535221-(v1*(-0.827325293912586-(-0.0678031755499398/(4.71155031798087-v2)))))-(0.0252170841287457/log((-5.08842999401953e-8/(-0.815871956628866-(0.071374521403766/v1))))))),-0.8916300420117542,1.9699173653982073e-12,0.3352180010339201,1.9699173653982073e-12,3.5184372088832e13,7.261617130225753e-7,exp(((-16.5-(v1*(-0.827-(-0.0678/(4.71-v2)))))-(0.0252/log((-5.09e-8/(-0.816-(0.0714/v1)))))))
1.6494906864861114,23.0,0,80.0,-0.9723518959793069,true,6.069035365829645e-6,0.355446945351142,8.0,exp(((-16.4507745928384-(v1*(-0.827358555211105-(-0.0678336904938114/(4.71068548694746-v2)))))-(0.0252451889393518/log((2.05969337981252e-6-(1.7526192094303e-6/(v1-4.14908731936732))))))),-0.8916415070787418,1.9697089567674985e-12,0.33527314866717334,1.9697089567674985e-12,3.5184372088832e13,7.257901398429614e-7,exp(((-16.5-(v1*(-0.827-(-0.0678/(4.71-v2)))))-(0.0252/log((2.06e-6-(1.75e-6/(v1-4.15)))))))
1.6039176948992453,23.0,0,377.0,-0.9723518959793069,true,6.0989776713691365e-6,0.3469508319614811,8.0,exp((((v1+(-16.3328041645064-(0.462124013664183*(v1*(0.364522451486711+(0.145342252282367/(4.71357641752398-v2)))))))-0.138065378030927)-(0.0249152714872961/log(1.15165507778106e-14)))),-0.8916415291670043,1.9697085552535287e-12,0.3283823804582778,1.9697085552535287e-12,524288.0,7.242537035206168e-7,exp((((v1+(-16.3-(0.462*(v1*(0.365+(0.145/(4.71-v2)))))))-0.138)-(0.0249/log(1.15e-14))))
1.6521572326689713,23.0,0,24.0,-0.9723518959793069,true,6.065121810016159e-6,0.3559261580472606,7.0,exp(((-16.450457352224-(v1*(-0.827010596637668-(-0.0675184103236483/(4.71236069235999-v2)))))-(0.0249224808843345/(v2+log((2.05969337981252e-6-(1.7526192094303e-6/v1))))))),-0.8916298996900399,1.969919952480658e-12,0.33554934126410074,1.969919952480658e-12,2.147483648e9,7.260798601793765e-7,exp(((-16.5-(v1*(-0.827-(-0.0675/(4.71-v2)))))-(0.0249/(v2+log((2.06e-6-(1.75e-6/v1)))))))
1.6492320810517394,23.0,0,28.0,-0.9723518959793069,true,6.069290448531487e-6,0.3550135213697628,8.0,exp(((-16.4507746503671-(v1*(-0.827358218249619-(-0.0678335346773183/(4.71068548140877-v2)))))-(0.0252451840206694/log((1.25021628163527e-6-(1.57149847043512e-6/(-16.4526871477657-v1))))))),-0.8916326648702493,1.9698696878444607e-12,0.33526559347479146,1.9698696878444607e-12,3.5184372088832e13,7.260198531713579e-7,exp(((-16.5-(v1*(-0.827-(-0.0678/(4.71-v2)))))-(0.0252/log((1.25e-6-(1.57e-6/(-16.5-v1)))))))
1.6462989987813297,23.0,0,20.0,-0.9723518959793069,true,6.014496107350717e-6,0.35145674567030866,7.0,exp(((-16.4504853488645-(v1*(-0.826837381475298-(-0.0674285367203638/(4.71262469144909-v2)))))-(0.0249096302563727/log((1.24118480740023e-11*pow2(pow2((4.71156087268448-v2)))))))),-0.8915914488697103,1.9706189002341415e-12,0.3343514445554734,1.9706189002341415e-12,1.7976931348623157e308,7.261483486427645e-7,exp(((-16.5-(v1*(-0.827-(-0.0674/(4.71-v2)))))-(0.0249/log((1.24e-11*pow2(pow2((4.71-v2))))))))
1.6505298401557322,23.0,0,77.0,-0.9723518959793069,true,6.075125183313238e-6,0.3551823383072491,6.0,exp(((-16.4504309600422-(v1*(-0.826955477024535-(-0.0674689350887798/(4.71245069434681-v2)))))-(0.024916819402712/(log((1.35135394229348e-7/v2))+(v1+v2))))),-0.8916357304285387,1.9698139630234756e-12,0.33535779911147956,1.9698139630234756e-12,3.3554432e7,7.258360481478833e-7,exp(((-16.5-(v1*(-0.827-(-0.0675/(4.71-v2)))))-(0.0249/(log((1.35e-7/v2))+(v1+v2)))))
1.6492393334625637,23.0,0,5.0,-0.9723518959793069,true,6.054326144613268e-6,0.35426881238653174,8.0,exp(((-16.4506493162364-(v1*(-0.827169048525719-(-0.0676837637404906/(4.71145166949995-v2)))))-(0.0251088742570273/log((3.12867729382654e-6-(6.08206677024767e-7/(3.27683806073455-v2))))))),-0.8916266193517076,1.9699795815103737e-12,0.33517428466721655,1.9699795815103737e-12,3.5184372088832e13,7.261029304480389e-7,exp(((-16.5-(v1*(-0.827-(-0.0677/(4.71-v2)))))-(0.0251/log((3.13e-6-(6.08e-7/(3.28-v2)))))))
1.6495225640781874,23.0,0,15.0,-0.9723518959793069,true,6.069922359372257e-6,0.3555001507209957,8.0,exp(((-16.4507745928384-(v1*(-0.827358555211105-(-0.0678446816456876/(4.71124389888067-v2)))))-(0.0252451889393518/log((2.05969337981252e-6-(1.7526192094303e-6/(v1-4.14908731936732))))))),-0.8916409531384991,1.969719026131035e-12,0.3354170775283676,1.969719026131035e-12,3.5184372088832e13,7.259078308958582e-7,exp(((-16.5-(v1*(-0.827-(-0.0678/(4.71-v2)))))-(0.0252/log((2.06e-6-(1.75e-6/(v1-4.15)))))))
1.6475923541893407,23.0,0,101.0,-0.9723518959793069,true,6.090392831278787e-6,0.35474740352775247,6.0,exp(((-16.4506918711114-(v1*(-0.82708434328373-(-0.0676567784634908/(4.7117341464628-v2)))))-(0.025112468720108/(v1+log((2.02784132946644e-8*pow2(pow2(v1)))))))),-0.8916394833871991,1.9697457428398197e-12,0.3351687437331329,1.9697457428398197e-12,1.7976931348623157e308,7.257227382246977e-7,exp(((-16.5-(v1*(-0.827-(-0.0677/(4.71-v2)))))-(0.0251/(v1+log((2.03e-8*pow2(pow2(v1))))))))
1.6465512657936936,23.0,0,4.0,-0.9723518959793069,true,6.046994600276002e-6,0.3531433769930681,6.0,exp(((-16.4506187145885-(v1*(-0.827189282165529-(-0.0676815669195746/(4.71168990448552-v2)))))-(0.0250871041215071/(v1+log(((3.79464267487617e-12*v1)/v2)))))),-0.8916226897434063,1.970051012779478e-12,0.33473912157515184,1.970051012779478e-12,1.1150372599265312e43,7.260922198514071e-7,exp(((-16.5-(v1*(-0.827-(-0.0677/(4.71-v2)))))-(0.0251/(v1+log(((3.79e-12*v1)/v2))))))
1.6471517957767525,23.0,0,1.0,-0.9723518959793069,true,6.048705209249793e-6,0.3533466674448971,6.0,exp(((-16.4506664526885-(v1*(-0.827232660165904-(-0.0677269026397942/(4.71173693331291-v2)))))-(0.0251340687472378/(v1+log((8.32167539476031e-11/pow2(pow2(v1)))))))),-0.8916235349496571,1.9700356488677306e-12,0.3348815239315662,1.9700356488677306e-12,1.7976931348623157e308,7.261485669795328e-7,exp(((-16.5-(v1*(-0.827-(-0.0677/(4.71-v2)))))-(0.0251/(v1+log((8.32e-11/pow2(pow2(v1))))))))
1.6130583106865886,23.0,0,856.0,-0.9723518959793069,true,6.1011676129290376e-6,0.3484547420929589,8.0,exp((((v1+(-16.3455505928307-(0.461693916300998*(v1*(0.366016454075239+(0.144806085915554/(4.71383598171769-v2)))))))-0.150811806355238)-(0.0236928003409519/log(0.459149410998069)))),-0.8916397033133726,1.9697417450862336e-12,0.32967254616313846,1.9697417450862336e-12,524288.0,7.243027525220369e-7,exp((((v1+(-16.3-(0.462*(v1*(0.366+(0.145/(4.71-v2)))))))-0.151)-(0.0237/log(0.459))))
1.6486396332603064,23.0,0,205.0,-0.9723518959793069,true,6.083639815493849e-6,0.35452769368216663,6.0,exp(((-16.4506677349726-(v1*(-0.827138349350065-(-0.0673184231258007/(4.71173042708649-v2)))))-(0.0251148945220267/(v1+(v1+log((3.87637239466054e-7/v1))))))),-0.8916399644219042,1.9697369987318e-12,0.3349776532490699,1.9697369987318e-12,3.3554432e7,7.254266069498428e-7,exp(((-16.5-(v1*(-0.827-(-0.0673/(4.71-v2)))))-(0.0251/(v1+(v1+log((3.88e-7/v1)))))))
1.647872097675782,23.0,0,27.0,-0.9723518959793069,true,6.0439073522434985e-6,0.353366752480808,8.0,exp(((-16.4507598210802-(v1*(-0.827098300063237-(-0.0676982351459654/(4.7117202331224-v2)))))-(0.0251725368953662/log((-1.51232436136985e-8*((0.699518045530571*v1)-15.5390381980306)))))),-0.8916201776295148,1.9700966772502455e-12,0.33493475295016983,1.9700966772502455e-12,3.5184372088832e13,7.261739272043988e-7,exp(((-16.5-(v1*(-0.827-(-0.0677/(4.71-v2)))))-(0.0252/log((-1.51e-8*((0.7*v1)-15.5))))))
1.6462216551899425,23.0,0,31.0,-0.9723518959793069,true,6.100830605626624e-6,0.36153200807497526,7.0,exp((((-16.4519115551107-(v1*(-0.820625766432743-(-0.0657953187340177/(4.71356227579143-v2)))))-(0.0499579604235622/(v1-v2)))-(0.0252273036186182/log(1.90221385384596e-10)))),-0.8917416812777454,1.9678880195091905e-12,0.3388208605972801,1.9678880195091905e-12,1.048576e6,7.238947230482783e-7,exp((((-16.5-(v1*(-0.821-(-0.0658/(4.71-v2)))))-(0.05/(v1-v2)))-(0.0252/log(1.9e-10))))
1.6077458614915177,23.0,0,1.0,-0.9723518959793069,true,6.456797628645745e-6,0.33756009975901025,6.0,exp(((-16.4518096369509-(v1*(-0.820694825814123-(-0.0681931008363269/(4.71249295616891-v2)))))-(0.0254917826004384/log((v2+(v2*(6.67391399880523*v1))))))),-0.8887501662386941,2.0222669039682607e-12,0.32381562321463975,2.0222669039682607e-12,1.0983676256208976e158,7.280666303890338e-7,exp(((-16.5-(v1*(-0.821-(-0.0682/(4.71-v2)))))-(0.0255/log((v2+(v2*(6.67*v1)))))))
1.652725883198979,24.0,0,278.0,-0.9723518959793069,true,6.072505489675322e-6,0.3555842549718027,7.0,exp(((-16.45078119986-(v1*(-0.827294479090902-(-0.0678157933329655/(4.71068556347877-v2)))))-(0.0252397064546326/log((6.47395566536366e-7*pow2((v2*(4.711746882225-v1)))))))),-0.8916368509682767,1.9697935941802148e-12,0.3356091948750056,1.9697935941802148e-12,1.7976931348623157e308,7.259120242911113e-7,exp(((-16.5-(v1*(-0.827-(-0.0678/(4.71-v2)))))-(0.0252/log((6.47e-7*pow2((v2*(4.71-v1))))))))
1.6473302631709767,24.0,0,13.0,-0.9723518959793069,true,6.056748127433038e-6,0.35386547622473447,7.0,exp(((-16.4507832634446-(v1*(-0.827282441010548-(-0.0678102170419304/(4.71068536906707-v2)))))-(0.0252393926951234/log((1.41141676148585e-10*pow2(((4.71068548576385-v2)-v1))))))),-0.8916278090621856,1.969957955301652e-12,0.33480094150445067,1.969957955301652e-12,1.7976931348623157e308,7.259919377758693e-7,exp(((-16.5-(v1*(-0.827-(-0.0678/(4.71-v2)))))-(0.0252/log((1.41e-10*pow2(((4.71-v2)-v1)))))))
1.645478684817155,24.0,0,6.0,-0.9723518959793069,true,6.046635619115881e-6,0.35283204787708927,8.0,exp(((-16.4507832631739-(v1*(-0.827282442497494-(-0.0678102182168056/(4.71068536921487-v2)))))-(0.0252393931338688/log((3.2564667627480596e-11*pow2((2.68292258952557e-7-(2.1160208697949e-6*v2)))))))),-0.891621954675023,1.9700643746373204e-12,0.3344355780017837,1.9700643746373204e-12,1.7976931348623157e308,7.259827751324782e-7,exp(((-16.5-(v1*(-0.827-(-0.0678/(4.71-v2)))))-(0.0252/log((3.26e-11*pow2((2.68e-7-(2.12e-6*v2))))))))
1.639062579894492,24.0,0,5.0,-0.9723518959793069,true,6.145284920177727e-6,0.342479307803709,7.0,exp(((-16.4508690066231-(v1*(-0.824525674258646-(-0.0668276937212549/(4.71243760117488-v2)))))-(0.0249762446478882/(v2+log((4.04858500487142e-10/pow2((-0.72354141780758+v2)))))))),-0.8910019303018937,1.981334996147851e-12,0.33095878778931065,1.981334996147851e-12,4.39347050248359e158,7.262568793151111e-7,exp(((-16.5-(v1*(-0.825-(-0.0668/(4.71-v2)))))-(0.025/(v2+log((4.05e-10/pow2((-0.724+v2))))))))
1.9525277703037287,24.0,0,8.0,-0.9723518959793069,true,6.1316292482742965e-6,0.4398275475539407,8.0,exp((((v1+(-16.3452823817591-(0.461248041563034*(v1*(0.365254932453574+(0.145311763611237/(4.71372195594892-v2)))))))-0.150543595283628)-(0.0249569939682684/(0.835219294287894-v1)))),-0.890976521324744,1.9817968730946845e-12,0.37167394837010975,1.9817968730946845e-12,1.048576e6,7.293866105591345e-7,exp((((v1+(-16.3-(0.461*(v1*(0.365+(0.145/(4.71-v2)))))))-0.151)-(0.025/(0.835-v1))))
1.6263358074642984,24.0,0,3.0,-0.9723518959793069,true,6.186694712657336e-6,0.3402531837068178,6.0,exp(((-16.4508799347605-(v1*(-0.82426372172474-(-0.0666371599509116/(4.71251306529474-v2)))))-(0.0249133857416549/(-1.52080702179245e-6+(v2+(v1*pow2(pow2(v1)))))))),-0.8907753622881251,1.9854534831626265e-12,0.32781102169727644,1.9854534831626265e-12,5.62949953421312e14,7.259540000836712e-7,exp(((-16.5-(v1*(-0.824-(-0.0666/(4.71-v2)))))-(0.0249/(-1.52e-6+(v2+(v1*pow2(pow2(v1))))))))
1.5704991028725441,24.0,0,932.0,-0.9723518959793069,true,6.113722178007576e-6,0.3347215793207581,7.0,exp((((v1+(-16.3336731090538-(0.463656098331796*(v1*(0.365239845489998+(0.1448014260193/(4.71342989839007-v2)))))))-0.152159857614467)-(0.0223677314674322/(v1-v2)))),-0.8916843287386225,1.9689305571724436e-12,0.3251484563361134,1.9689305571724436e-12,2.097152e6,7.227775037134642e-7,exp((((v1+(-16.3-(0.464*(v1*(0.365+(0.145/(4.71-v2)))))))-0.152)-(0.0224/(v1-v2))))
1.7081007841703615,24.0,0,0.0,-0.9724482495338805,true,6.576058568380942e-6,0.3622292542419421,8.0,exp(((-16.4446362446266-(v1*(-0.811141539341415-(-0.0810041865385086/(4.68028016282698-v2)))))-(-0.00858703322829061/(v1*(0.334639755741985+(0.0752024276018733/(4.83565905366526-v2))))))),-0.8877426010198698,2.0405821294992003e-12,0.3365798535105036,2.0405821294992003e-12,1.6777216e7,7.336188872353758e-7,exp(((-16.4-(v1*(-0.811-(-0.081/(4.68-v2)))))-(-0.00859/(v1*(0.335+(0.0752/(4.84-v2)))))))
1.644223831215112,24.0,0,75.0,-0.9754352097256616,true,6.051822092341415e-6,0.3270574669082351,6.0,exp(((-16.4508146222129-(v1*(-0.827392501919218-(-0.0679455445789652/(4.71150611610106-v2)))))-(0.0252544221234025/(pow3(v2)+log((2.7891910174049196e-11/pow2(pow2(v1)))))))),-0.8917815956237293,1.9671624682148847e-12,0.3261938615362117,1.9671624682148847e-12,1.7976931348623157e308,7.20658700861316e-7,exp(((-16.5-(v1*(-0.827-(-0.0679/(4.71-v2)))))-(0.0253/(pow3(v2)+log((2.79e-11/pow2(pow2(v1))))))))
1.6453230723003145,24.0,0,3.0,-0.9723518959793069,true,6.023233376291485e-6,0.35162014570422173,8.0,exp(((-16.4508929940809-(v1*(-0.826933056122528-(-0.0677359945511673/(4.71158057377724-v2)))))-(0.0252546361346142/(-0.340622311791723+log((3.1513092387022995e-11/pow2((4.71284532428928-v2)))))))),-0.8916016273571926,1.970433878668968e-12,0.33436242044273357,1.970433878668968e-12,2.196735251241795e158,7.26219082555288e-7,exp(((-16.5-(v1*(-0.827-(-0.0677/(4.71-v2)))))-(0.0253/(-0.341+log((3.15e-11/pow2((4.71-v2))))))))
1.6446550371100097,24.0,0,13.0,-0.9723518959793069,true,6.039448072640863e-6,0.35224946669567836,6.0,exp(((-16.4506664523619-(v1*(-0.827232661996419-(-0.0677269038493011/(4.71173693343378-v2)))))-(0.0251340693098836/(v1+(v2*log((4.41898357012635e-9*pow3(v1)))))))),-0.8916173496418672,1.9701480835816646e-12,0.3344844651148835,1.9701480835816646e-12,1.2089258196146292e24,7.261340551364431e-7,exp(((-16.5-(v1*(-0.827-(-0.0677/(4.71-v2)))))-(0.0251/(v1+(v2*log((4.42e-9*pow3(v1))))))))
1.574195773317536,24.0,0,1195.0,-0.9723518959793069,true,6.11564415099079e-6,0.33509542431073935,7.0,exp((((v1+(-16.332826445471-(0.462186828102937*(v1*(0.366833842402193+(0.144311111704151/(4.71351407745457-v2)))))))-0.151313194031706)-(0.023177252391345/(v1-v2)))),-0.8916822276089562,1.9689687508923032e-12,0.325503323569429,1.9689687508923032e-12,2.097152e6,7.224782966910241e-7,exp((((v1+(-16.3-(0.462*(v1*(0.367+(0.144/(4.71-v2)))))))-0.151)-(0.0232/(v1-v2))))
1.6465801536938516,24.0,0,152.0,-0.9723518959793069,true,6.102790004357706e-6,0.3544187377310334,6.0,exp(((-16.4506865266777-(v1*(-0.827115481570543-(-0.0676719082603803/(4.7117348377041-v2)))))-(0.0251186740184648/(v1+log((2.7348295886864297e-11*pow2(pow2(pow2(v1))))))))),-0.8916413916414051,1.969711055153604e-12,0.3350405151558711,1.969711055153604e-12,1.7976931348623157e308,7.254906804287146e-7,exp(((-16.5-(v1*(-0.827-(-0.0677/(4.71-v2)))))-(0.0251/(v1+log((2.73e-11*pow2(pow2(pow2(v1)))))))))
1.6504259604887115,24.0,0,9.0,-0.9723518959793069,true,6.009170659350939e-6,0.3455148627984067,7.0,exp(((-16.4507722547992-(v1*(-0.826606957979828-(-0.0674706836081308/(4.71173535260594-v2)))))-(0.0251394939792526/(log((7.51182717522792e-8*pow2(v2)))+(4.68386546293274*v1))))),-0.8914928920597445,1.9724104370680953e-12,0.33387301739169517,1.9724104370680953e-12,2.81474976710656e14,7.254377398583104e-7,exp(((-16.5-(v1*(-0.827-(-0.0675/(4.71-v2)))))-(0.0251/(log((7.51e-8*pow2(v2)))+(4.68*v1)))))
2.0115339718503513,24.0,0,1038.0,-0.9757242703893823,true,6.0642009366709e-6,0.3780277821505049,8.0,exp((((v1+(-16.3476101610867-(0.465757581625741*(v1*(0.373295059221033+(0.138753026742367/(4.71281035536178-v2)))))))-0.152871374611239)-(-0.444498799549208/(-0.340622312240854+v2)))),-0.8916484074270794,1.969583524255851e-12,0.3727082610250432,1.969583524255851e-12,1.048576e6,7.298060069571246e-7,exp((((v1+(-16.3-(0.466*(v1*(0.373+(0.139/(4.71-v2)))))))-0.153)-(-0.444/(-0.341+v2))))
1.6446550371100097,24.0,0,0.0,-0.9723518959793069,true,6.0390382930863305e-6,0.35222745475209216,6.0,exp(((-16.4506664523619-(v1*(-0.827232661996419-(-0.0677269038493011/(4.71173693343378-v2)))))-(0.0251340693098836/(v1+(v2*log((4.41898357012635e-9*pow2(v1)))))))),-0.8916170029486001,1.9701543856703602e-12,0.3344800825748356,1.9701543856703602e-12,1.2089258196146292e24,7.261351335407858e-7,exp(((-16.5-(v1*(-0.827-(-0.0677/(4.71-v2)))))-(0.0251/(v1+(v2*log((4.42e-9*pow2(v1))))))))
1.6365511736476832,24.0,0,0.0,-0.9723518959793069,true,6.186905697383805e-6,0.3399711352339717,7.0,exp(((-16.4513404379259-(v1*(-0.824248959220114-(-0.0669139207606893/(4.71164478514979-v2)))))-(0.0252538201115141/(pow3(v1)+log((1.3555789532770499e-11/pow2(pow2(0.647312119744111)))))))),-0.8907716609884789,1.9855207643038497e-12,0.3299659134470075,1.9855207643038497e-12,5.62949953421312e14,7.261046699258025e-7,exp(((-16.5-(v1*(-0.824-(-0.0669/(4.71-v2)))))-(0.0253/(pow3(v1)+log((1.36e-11/pow2(pow2(0.647))))))))
1.622893146919267,24.0,0,1.0,-0.9723518959793069,true,6.334255383450275e-6,0.33370724754822617,7.0,exp(((-16.4511895061026-(v1*(-0.823845292746937-(-0.0675242249249159/(4.71187757506355-v2)))))-(0.0252344045428384/(v2+(v1*(-0.820617718322317-(-0.0657447536309148/v2))))))),-0.8897525108320019,2.0040465774393497e-12,0.3247729471929432,2.0040465774393497e-12,1.6777216e7,7.268621626285556e-7,exp(((-16.5-(v1*(-0.824-(-0.0675/(4.71-v2)))))-(0.0252/(v2+(v1*(-0.821-(-0.0657/v2)))))))
1.5443202421743394,24.0,0,862.0,-0.9723518959793069,true,6.146635598531955e-6,0.3223051546016567,7.0,exp((((v1+(-16.3466943688139-(0.463509625680582*(v1*(0.369102642481734+(0.142755830514557/(4.7131397765828-v2)))))))-0.151955582338499)-(0.0508375782898565/(v1-v2)))),-0.8916957627679514,1.9687227127352057e-12,0.3232783232857395,1.9687227127352057e-12,2.097152e6,7.206182963010583e-7,exp((((v1+(-16.3-(0.464*(v1*(0.369+(0.143/(4.71-v2)))))))-0.152)-(0.0508/(v1-v2))))
1.6223126266848593,24.0,0,145.0,-0.9723518959793069,true,6.120849315951912e-6,0.35108094172238213,6.0,exp((((-16.4517326493371-(v1*(-0.821605448806724-(-0.0651064095518974/(4.71160701024169-v2)))))-(0.0486245330968577/pow3((v1-v2))))-(0.000680881736615086/pow2(v1)))),-0.8917612350310498,1.9675325771069967e-12,0.33241315167347457,1.9675325771069967e-12,1.7179869184e10,7.196119434765019e-7,exp((((-16.5-(v1*(-0.822-(-0.0651/(4.71-v2)))))-(0.0486/pow3((v1-v2))))-(0.000681/pow2(v1))))
1.645478385129864,24.0,0,1.0,-0.9723518959793069,true,6.025783268951686e-6,0.3516102813633496,7.0,exp(((-16.4507598950472-(v1*(-0.82709812976027-(-0.0676981782107704/(4.71172026836673-v2)))))-(0.025172574570679/(v1*log((1.22129457555082e-10*pow2((0.0037198597910741*v1)))))))),-0.891604463285721,1.9703823279905447e-12,0.3343593338569647,1.9703823279905447e-12,1.7976931348623157e308,7.261586777327499e-7,exp(((-16.5-(v1*(-0.827-(-0.0677/(4.71-v2)))))-(0.0252/(v1*log((1.22e-10*pow2((0.00372*v1))))))))
1.6264964789417151,24.0,0,45.0,-0.9723518959793069,true,6.1069886267240295e-6,0.35742085016522923,7.0,exp((((-16.4519114280631-(v1*(-0.820625787135312-(-0.0657952831805023/(4.71176208990992-v2)))))-(0.0499578772590015/pow3((v1-v2))))-(0.0252271995783881/log(6.08453824698192e-7)))),-0.8917824643046932,1.9671466775866744e-12,0.3335808803408062,1.9671466775866744e-12,4.294967296e9,7.204041004996304e-7,exp((((-16.5-(v1*(-0.821-(-0.0658/(4.71-v2)))))-(0.05/pow3((v1-v2))))-(0.0252/log(6.08e-7))))
1.6227913373688292,24.0,0,0.0,-0.9723518959793069,true,6.245735632901374e-6,0.33376621329636663,8.0,exp(((-16.4511708450982-(v1*(-0.82408869720329-(-0.0668467250412765/(4.71167912790801-v2)))))-(0.0250620350402034/(v2+(-0.827279576479868-(-0.0677704746096202/(4.71169731426944-v2))))))),-0.8903768750735803,1.9926970670708737e-12,0.32486675911614454,1.9926970670708737e-12,1.048576e6,7.257133619891466e-7,exp(((-16.5-(v1*(-0.824-(-0.0668/(4.71-v2)))))-(0.0251/(v2+(-0.827-(-0.0678/(4.71-v2)))))))
1.648887052249319,25.0,0,28.0,-0.9723518959793069,true,6.065086804874715e-6,0.35482392681178104,8.0,exp(((-16.4507507947424-(v1*(-0.827292022781548-(-0.0677920365084456/(4.71065817682518-v2)))))-(0.0252182403864869/log((v1*(7.48829423032109e-7-(-2.15852369665991e-7/(4.71174692834644-v1)))))))),-0.8916398117894843,1.969739773239238e-12,0.33508486430097284,1.969739773239238e-12,1.7976931348623157e308,7.257412995701073e-7,exp(((-16.5-(v1*(-0.827-(-0.0678/(4.71-v2)))))-(0.0252/log((v1*(7.49e-7-(-2.16e-7/(4.71-v1))))))))
1.536358529310029,25.0,0,890.0,-0.9723518959793069,true,6.052615201850192e-6,0.3238575960755947,7.0,exp((((v1+(-16.3454222520791-(0.461505653963727*(v1*(0.365665392570208+(0.145098765218905/(4.71369404791241-v2)))))))-0.150683465603622)-(0.0245752304070333/pow3((v1-v2))))),-0.8916648248065617,1.9692850939386583e-12,0.31871864407295997,1.9692850939386583e-12,8.589934592e9,7.207848596121829e-7,exp((((v1+(-16.3-(0.462*(v1*(0.366+(0.145/(4.71-v2)))))))-0.151)-(0.0246/pow3((v1-v2)))))
1.6461754010901044,25.0,0,3.0,-0.9723518959793069,true,6.050190155351283e-6,0.35320453125711027,8.0,exp(((-16.4507825121902-(v1*(-0.827286810608805-(-0.0678123309315763/(4.71068546297002-v2)))))-(0.0252396851344537/log((8.49112060268338e-8*pow2((9.40546188498686e-5*pow2((4.71086164877941-v2))))))))),-0.891624241406195,1.9700228071076344e-12,0.3345626331090308,1.9700228071076344e-12,1.7976931348623157e308,7.259731184476149e-7,exp(((-16.5-(v1*(-0.827-(-0.0678/(4.71-v2)))))-(0.0252/log((8.49e-8*pow2((9.41e-5*pow2((4.71-v2)))))))))
1.3777905930210401,25.0,0,1039.0,-0.9723518959793069,true,6.0772918516559555e-6,0.32207872337885585,8.0,exp((((v1+(-16.3453004220595-(0.461028347260213*(v1*(0.362884714167113+(0.14592230156406/(4.71354078480358-v2)))))))-0.150561635584122)-(0.0240130733503436/log((1.43664297253049/v1))))),-0.8916741617187196,1.969115370283317e-12,0.30237415048412086,1.969115370283317e-12,3.3554432e7,7.220225475328435e-7,exp((((v1+(-16.3-(0.461*(v1*(0.363+(0.146/(4.71-v2)))))))-0.151)-(0.024/log((1.44/v1)))))
1.64928041387942,25.0,0,1.0,-0.9723518959793069,true,6.064161855981039e-6,0.35477125241939245,9.0,exp(((-16.4507701117726-(v1*(-0.827283391003493-(-0.0678047052455566/(4.71067447539136-v2)))))-(0.0252286183672236/log((7.59701970454822e-6*(0.400542463097299+(0.100557663998837/(4.70319843266348-v2)))))))),-0.8916311653722154,1.969896945280664e-12,0.3351854333888673,1.969896945280664e-12,1.5111572745182865e23,7.259954864137887e-7,exp(((-16.5-(v1*(-0.827-(-0.0678/(4.71-v2)))))-(0.0252/log((7.6e-6*(0.401+(0.101/(4.7-v2))))))))
1.6468539116188765,25.0,0,0.0,-0.9723518959793069,true,5.985698206779154e-6,0.3501524834113039,8.0,exp(((-16.4503591176197-(v1*(-0.826402534648925-(-0.0671490483037681/(4.71019179336226-v2)))))-(0.024757694686176/log((v1*(1.19191008957219e-6-(-2.4130906259057e-8/(3.72071267849979-v2)))))))),-0.8915246904891293,1.971832414529373e-12,0.33347042074961036,1.971832414529373e-12,1.7976931348623157e308,7.256128220547115e-7,exp(((-16.5-(v1*(-0.826-(-0.0671/(4.71-v2)))))-(0.0248/log((v1*(1.19e-6-(-2.41e-8/(3.72-v2))))))))
1.6457798099746204,25.0,0,8.0,-0.9723518959793069,true,6.01640988176542e-6,0.3514480144891649,6.0,exp(((-16.4504854013444-(v1*(-0.82683707473154-(-0.0674283978771685/(4.71262468732987-v2)))))-(0.0249096270671107/log((3.75029363060766e-12*pow2(pow2(((v1+v2)-v2)))))))),-0.8915940397164396,1.9705718045809008e-12,0.33433688574044096,1.9705718045809008e-12,1.7976931348623157e308,7.261626890310095e-7,exp(((-16.5-(v1*(-0.827-(-0.0674/(4.71-v2)))))-(0.0249/log((3.75e-12*pow2(pow2(((v1+v2)-v2))))))))
1.6039948521488732,25.0,0,303.0,-0.9723518959793069,true,6.099892143631652e-6,0.3470038371045429,8.0,exp((((v1+(-16.332804623561-(0.462124879490738*(v1*(0.364523826987398+(0.145341529117701/(4.71357630582876-v2)))))))-0.13806583708558)-(0.0249151597052357/log((4.04070526364265e-14*v1))))),-0.8916414971201518,1.9697091377918296e-12,0.3284040063289791,1.9697091377918296e-12,3.3554432e7,7.242526505848447e-7,exp((((v1+(-16.3-(0.462*(v1*(0.365+(0.145/(4.71-v2)))))))-0.138)-(0.0249/log((4.04e-14*v1)))))
1.6491380163835847,25.0,0,3.0,-0.9723518959793069,true,6.0688725897390295e-6,0.35496644960942414,8.0,exp(((-16.4507745702403-(v1*(-0.82735813812276-(-0.067833454550459/(4.71068540128191-v2)))))-(0.0252451038938101/log((2.10914566493577e-6-(8.74523089701312e-7/((0.811500849095037+v1)-v1))))))),-0.8916325632260415,1.9698715355031085e-12,0.3352466906780816,1.9698715355031085e-12,2.787593149816328e42,7.260186938983396e-7,exp(((-16.5-(v1*(-0.827-(-0.0678/(4.71-v2)))))-(0.0252/log((2.11e-6-(8.75e-7/((0.812+v1)-v1)))))))
1.6486841695460455,25.0,0,9.0,-0.9723518959793069,true,6.064675265616357e-6,0.35462990880022593,9.0,exp(((-16.4507473387981-(v1*(-0.827325963178792-(-0.0678034911469234/(4.71155033037861-v2)))))-(0.0252170923069512/log((-2.279732258497e-7/(-0.815871957306964-(0.0713745220989926/(v2-4.70802086249909)))))))),-0.8916306456319991,1.9699063929661367e-12,0.3353001857429402,1.9699063929661367e-12,1.5111572745182865e23,7.261637830348987e-7,exp(((-16.5-(v1*(-0.827-(-0.0678/(4.71-v2)))))-(0.0252/log((-2.28e-7/(-0.816-(0.0714/(v2-4.71))))))))
1.6551842968993387,25.0,0,556.0,-0.9723518959793069,true,6.0617416784324185e-6,0.3583665373372277,8.0,exp(((-16.450457352224-(v1*(-0.827010596637668-(-0.0675184103236483/(4.71236069235999-v2)))))-(0.0249224808843345/(v2+log((2.05969337981252e-6-(1.7526192094303e-6/(v1-4.14908731936732)))))))),-0.8916493732444883,1.9695659679097836e-12,0.33580219286541163,1.9695659679097836e-12,1.40737488355328e14,7.256683725508115e-7,exp(((-16.5-(v1*(-0.827-(-0.0675/(4.71-v2)))))-(0.0249/(v2+log((2.06e-6-(1.75e-6/(v1-4.15))))))))
1.6550111509020609,25.0,0,4.0,-0.9723518959793069,true,6.062236421766911e-6,0.3562791926876368,7.0,exp(((-16.4503970746815-(v1*(-0.82695031909519-(-0.0674581327811697/(4.71230041481751-v2)))))-(0.0248622033418559/(v2+log((0.00789227116303396-((v1/126.746666242441)/v1))))))),-0.8916288052813522,1.9699398463213367e-12,0.3357034997884671,1.9699398463213367e-12,3.794275180128377e81,7.260491605839022e-7,exp(((-16.5-(v1*(-0.827-(-0.0675/(4.71-v2)))))-(0.0249/(v2+log((0.00789-((v1/127.0)/v1)))))))
1.3777905930210401,25.0,0,1039.0,-0.9723518959793069,true,6.0772918516559555e-6,0.32207872337885585,8.0,exp((((v1+(-16.3453004220595-(0.461028347260213*(v1*(0.362884714167113+(0.14592230156406/(4.71354078480358-v2)))))))-0.150561635584122)-(0.0240130733503436/log((1.43664297253049/v1))))),-0.8916741617187196,1.969115370283317e-12,0.30237415048412086,1.969115370283317e-12,3.3554432e7,7.220225475328435e-7,exp((((v1+(-16.3-(0.461*(v1*(0.363+(0.146/(4.71-v2)))))))-0.151)-(0.024/log((1.44/v1)))))
1.6038021454946838,25.0,0,243.0,-0.9723518959793069,true,6.098431120521713e-6,0.3469132483371916,8.0,exp((((v1+(-16.3328041645064-(0.462124013664183*(v1*(0.364522451486711+(0.145342252282367/(4.71357641752398-v2)))))))-0.138065378030927)-(0.0249152714872961/log((1.15165507778106e-14/v2))))),-0.8916415535165605,1.9697081126344276e-12,0.3283638917786565,1.9697081126344276e-12,3.3554432e7,7.242535845325234e-7,exp((((v1+(-16.3-(0.462*(v1*(0.365+(0.145/(4.71-v2)))))))-0.138)-(0.0249/log((1.15e-14/v2)))))
1.6481454169657506,25.0,0,7.0,-0.9723518959793069,true,6.030942224051389e-6,0.35279492844140636,7.0,exp(((-16.4504313132582-(v1*(-0.826953414780115-(-0.0674679901493591/(4.71245066374181-v2)))))-(0.0249167877637195/(log((1.87850028330479e-9/v2))+(v2+(-0.0166097450105083*v1)))))),-0.8916094391947604,1.970291877372979e-12,0.33475891617186804,1.970291877372979e-12,6.7108864e7,7.26145057353963e-7,exp(((-16.5-(v1*(-0.827-(-0.0675/(4.71-v2)))))-(0.0249/(log((1.88e-9/v2))+(v2+(-0.0166*v1))))))
1.642566467275175,25.0,0,96.0,-0.9754352097256616,true,6.0104918383722995e-6,0.3235473926708506,6.0,exp(((-16.4508932102723-(v1*(-0.826933790816735-(-0.0677365147116751/(4.71158088548856-v2)))))-(0.025255078852388/(pow3(v2)+log((4.59440597951949e-10/pow2(pow2(pow2(v1))))))))),-0.8918092031103277,1.966660627407018e-12,0.3187952101896492,1.966660627407018e-12,1.7976931348623157e308,7.160873021374304e-7,exp(((-16.5-(v1*(-0.827-(-0.0677/(4.71-v2)))))-(0.0253/(pow3(v2)+log((4.59e-10/pow2(pow2(pow2(v1)))))))))
2.6367675909298978,25.0,0,685.0,-0.9722555424247333,true,6.098103552211011e-6,0.3108088052994331,8.0,exp((((v1+(-16.3453126524973-(0.461051324274537*(v1*(0.365293807576763+(0.144577479607053/(4.7135416560231-v2)))))))-0.150573866021845)-(0.0234492567360562/log((2.92259482938762/v2))))),-0.8917679968484855,1.9674096627695213e-12,0.3561538519552006,1.9674096627695213e-12,3.3554432e7,7.217277082260435e-7,exp((((v1+(-16.3-(0.461*(v1*(0.365+(0.145/(4.71-v2)))))))-0.151)-(0.0234/log((2.92/v2)))))
1.6491509144320733,25.0,0,1.0,-0.9723518959793069,true,6.031640554966647e-6,0.3531111526100182,8.0,exp(((-16.4508366829609-(v1*(-0.826842401046694-(-0.0675889948462089/(4.71181619681434-v2)))))-(0.0251003607527564/log((4.87081514678565e-10*pow2(pow2((-17.4087380184736+(0.00051435887256664*v1))))))))),-0.8916099259970997,1.970283028422594e-12,0.33496060990381066,1.970283028422594e-12,1.7976931348623157e308,7.261908614678752e-7,exp(((-16.5-(v1*(-0.827-(-0.0676/(4.71-v2)))))-(0.0251/log((4.87e-10*pow2(pow2((-17.4+(0.000514*v1)))))))))
1.6452659867976274,25.0,0,1.0,-0.9723518959793069,true,6.007475260318095e-6,0.349521391752079,6.0,exp(((-16.450897504832-(v1*(-0.826908664011795-(-0.0677253039382311/(4.71158058715059-v2)))))-(0.0252550813419222/(pow3(v1)+log((2.17303598339154e-12/pow2(pow2(pow2(v1))))))))),-0.8915791173003025,1.970843059892133e-12,0.33411316442990924,1.970843059892133e-12,1.7976931348623157e308,7.262287297748629e-7,exp(((-16.5-(v1*(-0.827-(-0.0677/(4.71-v2)))))-(0.0253/(pow3(v1)+log((2.17e-12/pow2(pow2(pow2(v1)))))))))
1.646344909483158,25.0,0,7.0,-0.9723518959793069,true,6.056889477878438e-6,0.35358630014675685,7.0,exp(((-16.4507747437628-(v1*(-0.827357523829331-(-0.0678443418388148/(4.71158747153626-v2)))))-(0.0252451550085554/log((1.90718829426232e-13/pow2(((2.39459676738713e-8/pow2(v2))-v2))))))),-0.8916275985432832,1.9699617820526203e-12,0.334908068517877,1.9699617820526203e-12,1.7976931348623157e308,7.261756135114827e-7,exp(((-16.5-(v1*(-0.827-(-0.0678/(4.71-v2)))))-(0.0252/log((1.91e-13/pow2(((2.39e-8/pow2(v2))-v2)))))))
1.6435538533546639,25.0,0,1.0,-0.9723518959793069,true,6.021825642363831e-6,0.3510549494814862,7.0,exp(((-16.4506257673235-(v1*(-0.82708805547458-(-0.0676312774986751/(4.71167998305849-v2)))))-(0.02525477668533/(log((4.8627342653007e-7*pow3(v1)))+(0.94053832430626*pow3(v2)))))),-0.8915986224839756,1.970488500374474e-12,0.3343467830336003,1.970488500374474e-12,1.125899906842624e15,7.261156959906477e-7,exp(((-16.5-(v1*(-0.827-(-0.0676/(4.71-v2)))))-(0.0253/(log((4.86e-7*pow3(v1)))+(0.941*pow3(v2))))))
1.6466447030402476,25.0,0,26.0,-0.9723518959793069,true,6.020617706025979e-6,0.3508480666954558,7.0,exp(((-16.4506927372876-(v1*(-0.827077882815646-(-0.0676597119262719/(4.71173558137392-v2)))))-(0.0251349162454382/(pow3(v1)+log((2.2125520781512098e-11*pow2((4.67423611875938-v2)))))))),-0.8917682090692793,1.9674058050820692e-12,0.32950723280980426,1.9674058050820692e-12,1.757388200993436e159,7.191268464979726e-7,exp(((-16.5-(v1*(-0.827-(-0.0677/(4.71-v2)))))-(0.0251/(pow3(v1)+log((2.21e-11*pow2((4.67-v2))))))))
1.6436972823868612,25.0,0,185.0,-0.9746643812890728,true,6.037205571829699e-6,0.3223897953497334,7.0,exp(((-16.4508140773144-(v1*(-0.827258817552544-(-0.0677940251472169/(4.71157705303065-v2)))))-(0.0252542636130855/(pow3(v2)+log((3.72094000588967e-10/pow2((-16.3855392829652+v1)))))))),-0.8918387997606443,1.966122628163515e-12,0.32317926634921135,1.966122628163515e-12,1.757388200993436e159,7.159683197273047e-7,exp(((-16.5-(v1*(-0.827-(-0.0678/(4.71-v2)))))-(0.0253/(pow3(v2)+log((3.72e-10/pow2((-16.4+v1))))))))
1.6458361585107195,25.0,0,122.0,-0.9723518959793069,true,6.09630160819687e-6,0.36133522283006964,7.0,exp((((-16.4518881862254-(v1*(-0.8206084969216-(-0.0657932836654633/(4.71176214170911-v2)))))-(0.0499362951861164/(v1-v2)))-(0.0252049365146813/log((8.41975950667448e-11/v2))))),-0.8917409740923559,1.9679008745181356e-12,0.3383421277571865,1.9679008745181356e-12,6.7108864e7,7.235607557229332e-7,exp((((-16.5-(v1*(-0.821-(-0.0658/(4.71-v2)))))-(0.0499/(v1-v2)))-(0.0252/log((8.42e-11/v2)))))
1.648735260935602,25.0,0,6.0,-0.9723518959793069,true,6.052205910003125e-6,0.35406039565361636,8.0,exp(((-16.4505605202141-(v1*(-0.827142445962806-(-0.0676338107102748/(4.71156073807221-v2)))))-(0.025030725353982/log((v1*(6.51221008728677e-7-(-3.41244327379029e-8/(-21.5142274199722+v1)))))))),-0.8916256512984667,1.9699971784987384e-12,0.3350672316720173,1.9699971784987384e-12,1.7976931348623157e308,7.260726172738476e-7,exp(((-16.5-(v1*(-0.827-(-0.0676/(4.71-v2)))))-(0.025/log((v1*(6.51e-7-(-3.41e-8/(-21.5+v1))))))))
1.6489300382307561,25.0,0,35.0,-0.9723518959793069,true,6.053417585411482e-6,0.35417860619500374,8.0,exp(((-16.4505604644418-(v1*(-0.827142773276364-(-0.0676339613053235/(4.71156074330925-v2)))))-(0.0250307305655117/log((v1*(9.75815846340399e-7-(5.77673434504902e-7/(3.63359059382904-v2)))))))),-0.8916261881242524,1.96998742023679e-12,0.3351062410698735,1.96998742023679e-12,1.7976931348623157e308,7.260793097562547e-7,exp(((-16.5-(v1*(-0.827-(-0.0676/(4.71-v2)))))-(0.025/log((v1*(9.76e-7-(5.78e-7/(3.63-v2))))))))
1.6352555013964165,25.0,0,5.0,-0.9728336637521748,true,6.118491318397243e-6,0.3454046340724478,7.0,exp((((-16.4525585275222-(v1*(-0.816916139116012-(-0.0634089042226815/(4.71333465212565-v2)))))-(0.0493604655464375/pow3((v1-v2))))-(0.0247876910226251/(4.63369765058196-v2)))),-0.8911975670194028,1.9777787691797417e-12,0.3324089480389075,1.9777787691797417e-12,8.589934592e9,7.258997075392085e-7,exp((((-16.5-(v1*(-0.817-(-0.0634/(4.71-v2)))))-(0.0494/pow3((v1-v2))))-(0.0248/(4.63-v2))))
1.647026392565217,25.0,0,68.0,-0.9723518959793069,true,6.1013261009484446e-6,0.3584971076319837,7.0,exp((((-16.451911594924-(v1*(-0.820624991111215-(-0.0653098035051364/(4.71171851028785-v2)))))-(0.0508371837383228/(v1-v2)))-(0.0252272144712373/log((6.24873268458958e-8*v1))))),-0.8917356689488659,1.9679973098631422e-12,0.3382706479179211,1.9679973098631422e-12,6.7108864e7,7.230931356537759e-7,exp((((-16.5-(v1*(-0.821-(-0.0653/(4.71-v2)))))-(0.0508/(v1-v2)))-(0.0252/log((6.25e-8*v1)))))
1.6374967475951734,25.0,0,0.0,-0.9779431365108978,true,6.354482863316887e-6,0.4421907982821491,7.0,exp(((-16.4464460038642-(v1*(-0.845163752912054-(-0.0685672943662812/((-14.4733628077056-(0.41042187189864*v2))-v2)))))-(0.0266786485651922/log((3.17563995513881e-6*pow2(pow3(v1))))))),-0.8498761528984887,2.728907336087816e-12,0.3680957389447011,2.728907336087816e-12,1.7976931348623157e308,8.677093330983589e-7,exp(((-16.4-(v1*(-0.845-(-0.0686/((-14.5-(0.41*v2))-v2)))))-(0.0267/log((3.18e-6*pow2(pow3(v1)))))))
1.8063616788733585,25.0,0,0.0,-0.9723518959793069,true,6.036258537206739e-6,0.40070742144753685,9.0,exp((((-16.454113209945-(v1*(-0.816979981491064-(-0.0639518300374559/(4.71160171316132-v2)))))-(0.0472863166951155/pow3((-0.820854936806922-(-0.0658746876767058/(4.71355419846793-v2))))))-0.00220161777673222)),-0.8912402523447854,1.9770028478332737e-12,0.358320308065299,1.9770028478332737e-12,7.0368744177664e13,7.256006555284342e-7,exp((((-16.5-(v1*(-0.817-(-0.064/(4.71-v2)))))-(0.0473/pow3((-0.821-(-0.0659/(4.71-v2))))))-0.0022))
1.6459973253181355,26.0,0,35.0,-0.9723518959793069,true,6.0997864564018405e-6,0.3614165873105729,8.0,exp((((-16.451911554433-(v1*(-0.82062576808281-(-0.06579531975984/(4.71356227560498-v2)))))-(0.0499579604389435/(v1-v2)))-(0.0252273040266084/log((2.25374788731464e-10*pow2(0.369690676385755)))))),-0.8917418835593385,1.9678843424936186e-12,0.3387751847335482,1.9678843424936186e-12,6.7108864e7,7.238925342722933e-7,exp((((-16.5-(v1*(-0.821-(-0.0658/(4.71-v2)))))-(0.05/(v1-v2)))-(0.0252/log((2.25e-10*pow2(0.37))))))
1.717273304307975,26.0,0,886.0,-0.9771695737079861,true,6.035889931297885e-6,0.3429033281683885,8.0,exp((((v1+(-16.3443516666477-(0.459450531706011*(v1*(0.362707203822189+(0.145988040962677/(4.71352446242464-v2)))))))-0.149612880172275)-(0.0249970157576559/((0.417886636245181*v2)-v1)))),-0.8919407215827448,1.9642699231242585e-12,0.33524874487273865,1.9642699231242585e-12,4.194304e6,7.247266816526722e-7,exp((((v1+(-16.3-(0.459*(v1*(0.363+(0.146/(4.71-v2)))))))-0.15)-(0.025/((0.418*v2)-v1))))
1.6320833894272817,26.0,0,0.0,-0.9723518959793069,true,6.295364145730108e-6,0.33181504758336383,8.0,exp(((-16.4515264456527-(v1*(-0.822718921782769-(-0.0667619798438624/(4.71087678486031-v2)))))-(0.0251916296713097/(-16.3773585734921-(0.561099607677104*((0.328918040047249*v1)+(v1*v2))))))),-0.8900466040092339,1.998700637774621e-12,0.3281562420624961,1.998700637774621e-12,8.388608e6,7.264207895731837e-7,exp(((-16.5-(v1*(-0.823-(-0.0668/(4.71-v2)))))-(0.0252/(-16.4-(0.561*((0.329*v1)+(v1*v2)))))))
1.707509878844536,26.0,0,899.0,-0.9771695737079861,true,6.015447245300821e-6,0.34053490703624545,8.0,exp((((v1+(-16.3448377565351-(0.460381349287331*(v1*(0.364018493229323+(0.145665556081091/(4.71364355228026-v2)))))))-0.150098970059631)-(0.0250547915479753/((0.416771775527262*v2)-v1)))),-0.8917793002948049,1.9672041920319965e-12,0.33334989651341607,1.9672041920319965e-12,4.194304e6,7.250221252491857e-7,exp((((v1+(-16.3-(0.46*(v1*(0.364+(0.146/(4.71-v2)))))))-0.15)-(0.0251/((0.417*v2)-v1))))
1.6492223372680779,26.0,0,2.0,-0.9723518959793069,true,6.069238796098056e-6,0.35500833680929333,8.0,exp(((-16.4507746279557-(v1*(-0.827357801389432-(-0.0678332989548718/(4.71068539593987-v2)))))-(0.0252450991734158/log((1.30975412378299e-6-pow3((8.74240455160042e-7/((0.811500848812403+v1)-v1)))))))),-0.891632652719266,1.9698699087214785e-12,0.3352633754480026,1.9698699087214785e-12,1.7976931348623157e308,7.260195557073321e-7,exp(((-16.5-(v1*(-0.827-(-0.0678/(4.71-v2)))))-(0.0252/log((1.31e-6-pow3((8.74e-7/((0.812+v1)-v1))))))))
1.717273304307975,26.0,0,886.0,-0.9771695737079861,true,6.035889931297885e-6,0.3429033281683885,8.0,exp((((v1+(-16.3443516666477-(0.459450531706011*(v1*(0.362707203822189+(0.145988040962677/(4.71352446242464-v2)))))))-0.149612880172275)-(0.0249970157576559/((0.417886636245181*v2)-v1)))),-0.8919407215827448,1.9642699231242585e-12,0.33524874487273865,1.9642699231242585e-12,4.194304e6,7.247266816526722e-7,exp((((v1+(-16.3-(0.459*(v1*(0.363+(0.146/(4.71-v2)))))))-0.15)-(0.025/((0.418*v2)-v1))))
1.643904582350949,26.0,0,34.0,-0.9754352097256616,true,6.030633207801663e-6,0.32283381923301163,7.0,exp(((-16.4506089082696-(v1*(-0.827186655298469-(-0.0676757020802466/(4.71168126232227-v2)))))-(0.0252548143568708/(log((1.42039030435477e-10/pow2(pow2(v1))))+(0.940538415818192*pow3(v2)))))),-0.8918153120960457,1.9665495800533595e-12,0.32139650155212124,1.9665495800533595e-12,1.7976931348623157e308,7.175844209269914e-7,exp(((-16.5-(v1*(-0.827-(-0.0677/(4.71-v2)))))-(0.0253/(log((1.42e-10/pow2(pow2(v1))))+(0.941*pow3(v2))))))
1.717273304307975,26.0,0,886.0,-0.9771695737079861,true,6.035889931297885e-6,0.3429033281683885,8.0,exp((((v1+(-16.3443516666477-(0.459450531706011*(v1*(0.362707203822189+(0.145988040962677/(4.71352446242464-v2)))))))-0.149612880172275)-(0.0249970157576559/((0.417886636245181*v2)-v1)))),-0.8919407215827448,1.9642699231242585e-12,0.33524874487273865,1.9642699231242585e-12,4.194304e6,7.247266816526722e-7,exp((((v1+(-16.3-(0.459*(v1*(0.363+(0.146/(4.71-v2)))))))-0.15)-(0.025/((0.418*v2)-v1))))
1.6256110636845746,26.0,0,15.0,-0.9723518959793069,true,6.104199034597791e-6,0.35701219594419453,7.0,exp((((-16.451911567793-(v1*(-0.820625383081613-(-0.0657951183030788/(4.71356222630069-v2)))))-(0.049957864103188/pow3((v1-v2))))-(0.0252272558922259/log((2.22984454226362e-9*v2))))),-0.8917840752656989,1.9671173940092037e-12,0.3337725819246428,1.9671173940092037e-12,2.74877906944e11,7.207242385992466e-7,exp((((-16.5-(v1*(-0.821-(-0.0658/(4.71-v2)))))-(0.05/pow3((v1-v2))))-(0.0252/log((2.23e-9*v2)))))
1.6256885928987546,26.0,0,123.0,-0.9723518959793069,true,6.08982610671526e-6,0.3524953440053795,8.0,exp((((-16.4519118253741-(v1*(-0.820623982493026-(-0.0653094455797296/(4.71152086950551-v2)))))-(0.0499576641151182/pow3((v1-v2))))-(0.0252272438790175/log((-3.46621361909625e-7*-0.811864844398787))))),-0.8917684538917973,1.967401354770024e-12,0.33286899458556785,1.967401354770024e-12,1.7179869184e10,7.199595911614289e-7,exp((((-16.5-(v1*(-0.821-(-0.0653/(4.71-v2)))))-(0.05/pow3((v1-v2))))-(0.0252/log((-3.47e-7*-0.812)))))
1.6325344925602048,26.0,0,2.0,-0.9723518959793069,true,6.292291423009454e-6,0.3326678458660267,9.0,exp(((-16.4515492679949-(v1*(-0.822667005161729-(-0.0666143850962803/(4.71189427201824-v2)))))-(0.0251775179831619/(((-16.4532965110832-(0.0251935839265261*v1))-(0.0486428769736416/v2))-0.00138491891490571)))),-0.890079759227889,1.998097951917815e-12,0.3283257903629785,1.998097951917815e-12,2.097152e6,7.264734882977694e-7,exp(((-16.5-(v1*(-0.823-(-0.0666/(4.71-v2)))))-(0.0252/(((-16.5-(0.0252*v1))-(0.0486/v2))-0.00138))))
1.644307245924505,26.0,0,11.0,-0.9723518959793069,true,6.027750366233209e-6,0.3515613946068198,8.0,exp(((-16.4507598594012-(v1*(-0.827098338384243-(-0.0676982734669707/(4.7117202714434-v2)))))-(0.0251725752163716/log((5.1772998251417405e-9*pow2(pow2(pow2((-0.000633598677068208/(4.66947442477779-v2)))))))))),-0.8916065327724427,1.9703447094668638e-12,0.3342268442373147,1.9703447094668638e-12,1.7976931348623157e308,7.261411949134028e-7,exp(((-16.5-(v1*(-0.827-(-0.0677/(4.71-v2)))))-(0.0252/log((5.18e-9*pow2(pow2(pow2((-0.000634/(4.67-v2))))))))))
1.6246331273922339,26.0,0,32.0,-0.9723518959793069,true,6.100634348678094e-6,0.3567726826031619,7.0,exp((((-16.4519115726716-(v1*(-0.82062565946128-(-0.0657952709622223/(4.71356227439515-v2)))))-(0.0499579451150626/pow3((v1-v2))))-(0.025227302942038/log((2.33788990624089e-11*v1))))),-0.8917838758631288,1.9671210186907396e-12,0.3336020851006128,1.9671210186907396e-12,2.74877906944e11,7.20716018827574e-7,exp((((-16.5-(v1*(-0.821-(-0.0658/(4.71-v2)))))-(0.05/pow3((v1-v2))))-(0.0252/log((2.34e-11*v1)))))
1.6244921333608726,26.0,0,10.0,-0.9723518959793069,true,6.098862173055117e-6,0.3567935333691102,7.0,exp((((-16.4519117860629-(v1*(-0.820624248160001-(-0.0657946007769415/(4.71356222938897-v2)))))-(0.0499577029712322/pow3((v1-v2))))-(0.0252272652722411/log((4.47999206429743e-11/v2))))),-0.8917837799743554,1.967122761728784e-12,0.3335702827184459,1.967122761728784e-12,2.74877906944e11,7.207200179595462e-7,exp((((-16.5-(v1*(-0.821-(-0.0658/(4.71-v2)))))-(0.05/pow3((v1-v2))))-(0.0252/log((4.48e-11/v2)))))
1.633470323976273,26.0,0,0.0,-0.9728336637521748,true,6.557184114615847e-6,0.35162125013291046,8.0,exp(((-16.4517951623515-(v1*(-0.816447261365164-(-0.0703926515532341/(4.71123026002319-v2)))))-(0.0468808324454545/((-0.0630894448755428/((0.0814515509690317/(4.67030068995036-v2))-v2))-v2)))),-0.8878275909147306,2.0390372080756098e-12,0.3315489355018807,2.0390372080756098e-12,4.194304e6,7.317121545390388e-7,exp(((-16.5-(v1*(-0.816-(-0.0704/(4.71-v2)))))-(0.0469/((-0.0631/((0.0815/(4.67-v2))-v2))-v2))))
1.6496895742660043,27.0,0,2.0,-0.9723518959793069,true,6.069373885984151e-6,0.3551905999141147,9.0,exp(((-16.4505993165876-(v1*(-0.82734359104566-(-0.0678389047907672/(4.71062367028874-v2)))))-(0.0250680663677027/log((1.79017751646831e-6-(-2.86750334229051e-6/(-16.4508221702799-(v1*(4.71066408278515-v2))))))))),-0.8916323354317598,1.969875676280862e-12,0.3353394391300108,1.969875676280862e-12,1.7976931348623157e308,7.260425381058318e-7,exp(((-16.5-(v1*(-0.827-(-0.0678/(4.71-v2)))))-(0.0251/log((1.79e-6-(-2.87e-6/(-16.5-(v1*(4.71-v2)))))))))
1.649090207167435,27.0,0,4.0,-0.9723518959793069,true,6.034279497885772e-6,0.3533004703769077,8.0,exp(((-16.4507694226758-(v1*(-0.826812839705037-(-0.0675593533598796/(4.71060209841837-v2)))))-(0.0251679997422875/log((v1*(-0.0383446139062737-(1.27347281449792/((-19.1781709900236-v2)-v2)))))))),-0.8916166626556419,1.970160571416119e-12,0.3358026363544741,1.970160571416119e-12,1.7976931348623157e308,7.264683146315651e-7,exp(((-16.5-(v1*(-0.827-(-0.0676/(4.71-v2)))))-(0.0252/log((v1*(-0.0383-(1.27/((-19.2-v2)-v2))))))))
1.6488307985146746,27.0,0,0.0,-0.9723518959793069,true,6.066378406150912e-6,0.35479559447719156,9.0,exp(((-16.4507787822771-(v1*(-0.827296426072206-(-0.0678157350244782/(4.71068384338917-v2)))))-(0.0252380001243879/log((-9.3234874411301e-7*(v1*(-0.788337453917191-(-0.0310159247878862/(4.70627700889975-v2))))))))),-0.891631800289184,1.969885403945916e-12,0.3351668677653651,1.969885403945916e-12,1.7976931348623157e308,7.260106461755857e-7,exp(((-16.5-(v1*(-0.827-(-0.0678/(4.71-v2)))))-(0.0252/log((-9.32e-7*(v1*(-0.788-(-0.031/(4.71-v2)))))))))
1.6492157757529113,27.0,0,1.0,-0.9723518959793069,true,6.068319568378269e-6,0.3549398989540444,9.0,exp(((-16.4507747079534-(v1*(-0.827357881919652-(-0.0678333793239797/(4.71068547604562-v2)))))-(0.0252451793643481/log((6.33559845585376e-7-(6.33236165797129e-7/((-0.0671823050583104/(4.71261649451345-v2))-v1))))))),-0.891632403578332,1.9698744375324266e-12,0.33525031719467385,1.9698744375324266e-12,9.485687950320943e80,7.260213308525696e-7,exp(((-16.5-(v1*(-0.827-(-0.0678/(4.71-v2)))))-(0.0252/log((6.34e-7-(6.33e-7/((-0.0672/(4.71-v2))-v1)))))))
1.6524205835815176,27.0,0,141.0,-0.9723518959793069,true,6.0799883240602366e-6,0.35562850152300163,9.0,exp(((-16.4507663735092-(v1*(-0.82734520740972-(-0.0674739650201908/(4.71262617833936-v2)))))-(0.0252361621750093/log((1.42742599050479e-10/((2.05969337981252e-6-(1.7526192094303e-6/(v1-4.14908731936732)))/v2)))))),-0.8916715946264485,1.969162034134972e-12,0.3355692753430997,1.969162034134972e-12,1.7976931348623157e308,7.24843463625756e-7,exp(((-16.5-(v1*(-0.827-(-0.0675/(4.71-v2)))))-(0.0252/log((1.43e-10/((2.06e-6-(1.75e-6/(v1-4.15)))/v2))))))
1.6486012029043604,27.0,0,27.0,-0.9723518959793069,true,6.0647286546401855e-6,0.35464558446592653,9.0,exp(((-16.4507812686554-(v1*(-0.827292222904991-(-0.0678145714466509/(4.71068525140453-v2)))))-(0.0252393454351349/log((-4.5801838330551e-7*(v1*(-0.815001833114851-(0.0730446511214522/(v2-4.67131815330874))))))))),-0.8916312480174893,1.9698954429790744e-12,0.33511429045660535,1.9698954429790744e-12,1.7976931348623157e308,7.260110828401611e-7,exp(((-16.5-(v1*(-0.827-(-0.0678/(4.71-v2)))))-(0.0252/log((-4.58e-7*(v1*(-0.815-(0.073/(v2-4.67)))))))))
1.6552145229413815,27.0,0,2.0,-0.9723518959793069,true,6.064273650377084e-6,0.3566753992945358,9.0,exp(((-16.4504566690809-(v1*(-0.82700991349455-(-0.0675177271805298/(4.71236000921687-v2)))))-(0.0249217977412161/(v2+log((2.6023397009622e-6-(1.92716247920285e-7/((0.719265438761932*v1)-4.12384414459407)))))))),-0.8916270090211736,1.9699724982129164e-12,0.33584430395586695,1.9699724982129164e-12,6.044629098073146e23,7.261915033336585e-7,exp(((-16.5-(v1*(-0.827-(-0.0675/(4.71-v2)))))-(0.0249/(v2+log((2.6e-6-(1.93e-7/((0.719*v1)-4.12))))))))
1.2614952780784456,27.0,0,1023.0,-0.9723518959793069,true,6.109660635976932e-6,0.3138573947364547,9.0,exp((((v1+(-16.3444526197222-(0.459605128715738*(v1*(0.362980469621456+(0.145796843250995/(4.71347929111124-v2)))))))-0.149713833246779)-(0.0246974562631604/log((0.473758429345627/(0.384612180929809*v1)))))),-0.8916725381711413,1.9691448826558173e-12,0.2897904983609769,1.9691448826558173e-12,8.589934592e9,7.204812168183497e-7,exp((((v1+(-16.3-(0.46*(v1*(0.363+(0.146/(4.71-v2)))))))-0.15)-(0.0247/log((0.474/(0.385*v1))))))
1.647952331766526,27.0,0,3.0,-0.9723518959793069,true,6.025290672258965e-6,0.3524602208630591,9.0,exp(((-16.4504766614564-(v1*(-0.82688699122307-(-0.0674517510703438/(4.712625423327-v2)))))-(0.0249134419673822/log((-2.61692384023342e-8*(-17.812071047595-((1.39215283217592/(4.14568201382218-v2))-v1))))))),-0.8916041083488552,1.970388779928963e-12,0.3347805008367913,1.970388779928963e-12,9.485687950320943e80,7.262073478276177e-7,exp(((-16.5-(v1*(-0.827-(-0.0675/(4.71-v2)))))-(0.0249/log((-2.62e-8*(-17.8-((1.39/(4.15-v2))-v1)))))))
1.6632798200582262,27.0,0,59.0,-0.9743753206253521,true,6.123918368739127e-6,0.31322122432783633,7.0,exp(((-16.4507700647211-(v1*(-0.827323556904378-(-0.0674644260641331/(4.71262595798796-v2)))))-(0.0252376882994368/log((1.0021552103615599e-11/pow2((3.62048380998431e-7*pow2(((v1*v2)/v1))))))))),-0.8917763993179751,1.9672569251393966e-12,0.3421844109587198,1.9672569251393966e-12,1.7976931348623157e308,7.2092840280134e-7,exp(((-16.5-(v1*(-0.827-(-0.0675/(4.71-v2)))))-(0.0252/log((1.0e-11/pow2((3.62e-7*pow2(((v1*v2)/v1)))))))))
4.450501042452683,27.0,0,0.0,-0.9779431365108978,true,6.564962204905945e-6,0.9913163662290039,8.0,exp((((v1+(-15.8663242980763-(0.565720729837306*(v1*(0.507350605194111+(0.0564730857078346/((-39.0511119456099+v1)-v2)))))))--0.180505901361945)-(0.121146472326967/log((0.303662305683888/v1))))),-0.8612665196344792,2.5218565846801655e-12,0.8249972836507954,2.5218565846801655e-12,5.36870912e8,9.112079445500994e-7,exp((((v1+(-15.9-(0.566*(v1*(0.507+(0.0565/((-39.1+v1)-v2)))))))--0.181)-(0.121/log((0.304/v1)))))
1.652855574692198,27.0,0,0.0,-0.9723518959793069,true,6.05513823763315e-6,0.3553423719833214,9.0,exp(((-16.4504576639736-(v1*(-0.827008771822298-(-0.0675175587547712/(4.71236066040298-v2)))))-(0.024922430258994/(v2+log((1.24508391072956e-6-(9.93266236626256e-6/(15.5347224447306-(0.698575458159631*v1))))))))),-0.8916259093034913,1.9699924885589455e-12,0.3355078176039885,1.9699924885589455e-12,6.044629098073146e23,7.261412799453669e-7,exp(((-16.5-(v1*(-0.827-(-0.0675/(4.71-v2)))))-(0.0249/(v2+log((1.25e-6-(9.93e-6/(15.5-(0.699*v1)))))))))
1.6484237476335628,27.0,0,10.0,-0.9723518959793069,true,6.037542363233072e-6,0.3532024828691481,10.0,exp(((-16.4508930459255-(v1*(-0.826932535044965-(-0.0677357345838714/(4.7115805334666-v2)))))-(0.0252545929637599/(4.22587049505691+log((-9.21017325044418e-8/(-0.825837599109435-(-0.0672289194181454/(4.71158433879968-v2))))))))),-0.8916150820336622,1.9701893034996547e-12,0.33496306627937955,1.9701893034996547e-12,3.022314549036573e23,7.262292779764047e-7,exp(((-16.5-(v1*(-0.827-(-0.0677/(4.71-v2)))))-(0.0253/(4.23+log((-9.21e-8/(-0.826-(-0.0672/(4.71-v2)))))))))
1.6438985584984835,27.0,0,44.0,-0.9746643812890728,true,6.043956223583018e-6,0.3221043115531567,7.0,exp(((-16.4508328581314-(v1*(-0.827302784174475-(-0.0679169541655713/(4.71136361259324-v2)))))-(0.0252544525925108/(pow3(v2)+log((3.77508890966475e-10/(v2+pow2((-16.3855384815978+v1))))))))),-0.8918437946557054,1.966031832423609e-12,0.323352481299202,1.966031832423609e-12,1.7976931348623157e308,7.160074957835458e-7,exp(((-16.5-(v1*(-0.827-(-0.0679/(4.71-v2)))))-(0.0253/(pow3(v2)+log((3.78e-10/(v2+pow2((-16.4+v1)))))))))
1.6425622807764724,27.0,0,340.0,-0.9743753206253521,true,6.010490342311376e-6,0.3233667470617201,8.0,exp(((-16.4508929233956-(v1*(-0.826933470732869-(-0.067736183698207/(4.71158057996343-v2)))))-(0.0252546395420308/(pow3(v2)+log((3.61757921149006e-10/pow2((-15.6414108650431-(-0.719977367989351*v1))))))))),-0.8918032694449719,1.9667684878384688e-12,0.3249362787572413,1.9667684878384688e-12,1.7976931348623157e308,7.168430342582621e-7,exp(((-16.5-(v1*(-0.827-(-0.0677/(4.71-v2)))))-(0.0253/(pow3(v2)+log((3.62e-10/pow2((-15.6-(-0.72*v1)))))))))
1.6435695929050687,27.0,0,2.0,-0.9746643812890728,true,6.021183754716601e-6,0.32307754596931526,8.0,exp(((-16.4506110087398-(v1*(-0.827081310644196-(-0.0676209617824977/(4.71166650613061-v2)))))-(0.0250648387952881/(pow3(v2)+log((3.65747633594015e-10/pow2((0.733360591435211*(-21.4592716447955+v1))))))))),-0.8918180983704749,1.966498931972612e-12,0.32468279265520616,1.966498931972612e-12,1.7976931348623157e308,7.164624040834012e-7,exp(((-16.5-(v1*(-0.827-(-0.0676/(4.71-v2)))))-(0.0251/(pow3(v2)+log((3.66e-10/pow2((0.733*(-21.5+v1)))))))))
1.650945359609611,27.0,0,6.0,-0.9723518959793069,true,6.040965950365899e-6,0.35441955611666687,8.0,exp(((-16.4501987068738-(v1*(-0.826677751357606-(-0.0671730522708691/(4.71110326169823-v2)))))-(0.024588990201543/(v2+log(((v1-0.0141343634124084)*(1.00803926201098e-6-(8.15245366365929e-7/v1)))))))),-0.8916089002965735,1.970301673306432e-12,0.33459933111324375,1.970301673306432e-12,1.7976931348623157e308,7.255612493897308e-7,exp(((-16.5-(v1*(-0.827-(-0.0672/(4.71-v2)))))-(0.0246/(v2+log(((v1-0.0141)*(1.01e-6-(8.15e-7/v1))))))))
1.6252084936847424,27.0,0,59.0,-0.9723518959793069,true,6.106577994324351e-6,0.35692324721035296,7.0,exp((((-16.4519120426573-(v1*(-0.820622532539306-(-0.0657938724400728/(4.71176211080161-v2)))))-(0.049957410482377/pow3((v1-v2))))-(0.0252272000048748/log((2.61715467039313e-9*pow3(v1)))))),-0.8917819273786807,1.967156437670516e-12,0.333375794133937,1.967156437670516e-12,4.611686018427388e18,7.203697489227856e-7,exp((((-16.5-(v1*(-0.821-(-0.0658/(4.71-v2)))))-(0.05/pow3((v1-v2))))-(0.0252/log((2.62e-9*pow3(v1))))))
1.6158571828045982,27.0,0,2.0,-0.9723518959793069,true,6.124727326136909e-6,0.3419422760326301,8.0,exp((((-16.4524140745455-(v1*(-0.81755740529587-(-0.0647800036134268/(4.71361363282903-v2)))))-(0.049488884454154/pow3((v1-v2))))-(0.0251761516574252/(-15.5279672600736-(-0.697568597037232*v1))))),-0.8911423800950776,1.978781940931297e-12,0.32930201654878266,1.978781940931297e-12,1.7179869184e10,7.209514384482287e-7,exp((((-16.5-(v1*(-0.818-(-0.0648/(4.71-v2)))))-(0.0495/pow3((v1-v2))))-(0.0252/(-15.5-(-0.698*v1)))))
1.6248398974215588,27.0,0,1.0,-0.9723518959793069,true,6.1005846493977415e-6,0.3567412225571923,7.0,exp((((-16.4519116117274-(v1*(-0.820625429120439-(-0.0657951637954525/(4.71356227068435-v2)))))-(0.0499579086569584/pow3((v1-v2))))-(0.02522730071975/log((2.7314738083419097e-12*pow2(v2)))))),-0.8917838857933362,1.967120838182335e-12,0.3336121995407491,1.967120838182335e-12,4.611686018427388e18,7.207167646665892e-7,exp((((-16.5-(v1*(-0.821-(-0.0658/(4.71-v2)))))-(0.05/pow3((v1-v2))))-(0.0252/log((2.73e-12*pow2(v2))))))
1.6370844947327845,27.0,0,0.0,-0.9723518959793069,true,6.163021617516244e-6,0.3358219471826503,8.0,exp(((-16.4512919674549-(v1*(-0.824341709090559-(-0.0665524220568475/(4.711710859871-v2)))))-(0.0252019916026518/log(pow2(pow2((v1*(0.00968074241885712+(0.000468647382364071/(5.00142772386154-v2)))))))))),-0.8905913700956233,1.988798039364691e-12,0.33148612580134196,1.988798039364691e-12,1.7976931348623157e308,7.280882973979214e-7,exp(((-16.5-(v1*(-0.824-(-0.0666/(4.71-v2)))))-(0.0252/log(pow2(pow2((v1*(0.00968+(0.000469/(5.0-v2))))))))))
1.6138514365431462,28.0,0,204.0,-0.9723518959793069,true,6.113905943624017e-6,0.32025036289266773,7.0,exp((((-16.450671756835-(v1*(-0.813218551095617-(-0.0676805264773247/(4.71068655720705-v2)))))-((0.0151028525143581*v1)/(v1-v2)))-(0.025239736301149/pow3(log((7.28419951127074e-8*v2)))))),-0.8917426492685405,1.9678704236559462e-12,0.32862562722072325,1.9678704236559462e-12,7.770675568902916e84,7.209024631025471e-7,exp((((-16.5-(v1*(-0.813-(-0.0677/(4.71-v2)))))-((0.0151*v1)/(v1-v2)))-(0.0252/pow3(log((7.28e-8*v2))))))
1.6349452329640615,28.0,0,1.0,-0.9723518959793069,true,6.720505687000356e-6,0.3490403778066283,7.0,exp((((-16.4506495977126-(v1*(-0.826276187553741-(0.0548921128939025/(v2-4.76227562357276)))))-((0.0150787156926064*v1)/(v1-v2)))-(0.0252172821351714/pow3(log((4.03969291700716e-9*v1)))))),-0.888535134462309,2.0261756886377103e-12,0.33811662541337695,2.0261756886377103e-12,7.770675568902916e84,7.157771908295013e-7,exp((((-16.5-(v1*(-0.826-(0.0549/(v2-4.76)))))-((0.0151*v1)/(v1-v2)))-(0.0252/pow3(log((4.04e-9*v1))))))
1.6558354095945738,28.0,0,111.0,-0.9757242703893823,true,5.990473450238019e-6,0.3243212511447818,6.0,exp(((-16.4508232214869-(v1*(-0.826866638516139-(-0.0676131521709816/(4.71065589722948-v2)))))-(0.0252217985533896/log((v1*(1.1103525177618402e-9*pow2(pow2(pow2((v1*(v1*v2))))))))))),-0.8917719982267284,1.967336926887434e-12,0.3190376095176186,1.967336926887434e-12,1.7976931348623157e308,7.158209688466313e-7,exp(((-16.5-(v1*(-0.827-(-0.0676/(4.71-v2)))))-(0.0252/log((v1*(1.11e-9*pow2(pow2(pow2((v1*(v1*v2)))))))))))
1.6138072775208023,28.0,0,38.0,-0.9723518959793069,true,6.109903999888303e-6,0.320409834874526,7.0,exp((((-16.4506495573586-(v1*(-0.813194598354516-(-0.0676573931740836/(4.71066408332341-v2)))))-((0.0150789443558394*v1)/(v1-v2)))-(0.0252172822438268/pow3(log((3.1934550150804e-7*v1)))))),-0.891742739730559,1.9678687792638623e-12,0.32856218457197783,1.9678687792638623e-12,7.770675568902916e84,7.209013633970144e-7,exp((((-16.5-(v1*(-0.813-(-0.0677/(4.71-v2)))))-((0.0151*v1)/(v1-v2)))-(0.0252/pow3(log((3.19e-7*v1))))))
1.6451512928535799,28.0,0,2.0,-0.9723518959793069,true,6.095803857427954e-6,0.360930990821022,8.0,exp((((-16.451911652781-(v1*(-0.820625185479928-(-0.0657950460274699/(4.71356226485915-v2)))))-(0.0499578646448819/(v1-v2)))-(0.025227299594021/log((2.2487939229943e-14*pow2((v2/39.3056860974336))))))),-0.8917424522677023,1.967874004679501e-12,0.338593104995884,1.967874004679501e-12,3.514776401986872e159,7.238822884491537e-7,exp((((-16.5-(v1*(-0.821-(-0.0658/(4.71-v2)))))-(0.05/(v1-v2)))-(0.0252/log((2.25e-14*pow2((v2/39.3)))))))
1.6487215920061884,28.0,0,0.0,-0.9723518959793069,true,6.069684809382011e-6,0.35496136129079264,9.0,exp(((-16.4507812031376-(v1*(-0.82729446118978-(-0.0678157790010896/(4.71068556172894-v2)))))-(0.0252397006447705/log((7.5581872642632e-7*pow2((v1*(-0.82729447700453-(-0.0678157913546977/(4.71068556159515-v2)))))))))),-0.8916327725542658,1.9698677303959397e-12,0.33518789446937247,1.9698677303959397e-12,1.7976931348623157e308,7.260014631212637e-7,exp(((-16.5-(v1*(-0.827-(-0.0678/(4.71-v2)))))-(0.0252/log((7.56e-7*pow2((v1*(-0.827-(-0.0678/(4.71-v2))))))))))
1.647628292199313,28.0,0,21.0,-0.9723518959793069,true,6.0580724065696e-6,0.35397014925095993,9.0,exp(((-16.4506657620513-(v1*(-0.827236679901648-(-0.0677288098069816/(4.71173700963243-v2)))))-(0.0251342272425796/(v1+log((2.25279700472614e-9*pow2((-0.81897501589043-(-0.0638850464633055/(4.71245460764874-v2)))))))))),-0.891628596948365,1.9699436333373784e-12,0.3350502520447802,1.9699436333373784e-12,1.7976931348623157e308,7.26125652067354e-7,exp(((-16.5-(v1*(-0.827-(-0.0677/(4.71-v2)))))-(0.0251/(v1+log((2.25e-9*pow2((-0.819-(-0.0639/(4.71-v2))))))))))
1.6464978621719863,28.0,0,5.0,-0.9723518959793069,true,6.040868780033079e-6,0.34833705166322393,9.0,exp(((-16.4508328581314-(v1*(-0.827302784174475-(-0.0679169541655713/(4.71136361259324-v2)))))-(0.0252544525925108/(pow3((1.16361778766802e-6+(0.733354295418542*(0.400743520145088+v1))))+log((2.39287692359572e-13*v1)))))),-0.8916073335093797,1.9703301539052823e-12,0.33449661166522004,1.9703301539052823e-12,9.007199254740992e15,7.261728674626546e-7,exp(((-16.5-(v1*(-0.827-(-0.0679/(4.71-v2)))))-(0.0253/(pow3((1.16e-6+(0.733*(0.401+v1))))+log((2.39e-13*v1))))))
1.62634832160055,28.0,0,41.0,-0.9723518959793069,true,6.105471249463749e-6,0.35719208311765804,7.0,exp((((-16.4519115310689-(v1*(-0.820625752210807-(-0.0657953022318222/(4.71356225410644-v2)))))-(0.0499579411685635/pow3((v1-v2))))-(0.0252272817856282/log((-5.18448153149838e-8*(v1-v2)))))),-0.8917841898376389,1.967115311354027e-12,0.3338896024986131,1.967115311354027e-12,4.611686018427388e18,7.207406304904656e-7,exp((((-16.5-(v1*(-0.821-(-0.0658/(4.71-v2)))))-(0.05/pow3((v1-v2))))-(0.0252/log((-5.18e-8*(v1-v2))))))
1.6473832059792122,28.0,0,4.0,-0.9723518959793069,true,6.0269528142312e-6,0.3520079129531478,8.0,exp(((-16.4507598950472-(v1*(-0.82709812976027-(-0.0676981782107704/(4.71172026836673-v2)))))-(0.025172574570679/(v1*log((1.22129457555082e-10*pow2((-14.3773499792135-((0.417695850326627*v2)-v1))))))))),-0.891605614828622,1.970361395580863e-12,0.3346403307343559,1.970361395580863e-12,1.7976931348623157e308,7.261899122826046e-7,exp(((-16.5-(v1*(-0.827-(-0.0677/(4.71-v2)))))-(0.0252/(v1*log((1.22e-10*pow2((-14.4-((0.418*v2)-v1)))))))))
1.6327759187528132,28.0,0,1.0,-0.9723518959793069,true,6.291074694866348e-6,0.3327919519023201,8.0,exp(((-16.4514628495638-(v1*(-0.822671748610759-(-0.0666161978052171/(4.71187528132522-v2)))))-(0.0251287039761591/((-16.453279097561-(v1*(v1/102.342880763213)))-(0.0486254865167643/(v1-v2)))))),-0.8900889782418957,1.9979303713805448e-12,0.3283741830945185,1.9979303713805448e-12,6.7108864e7,7.264744147724355e-7,exp(((-16.5-(v1*(-0.823-(-0.0666/(4.71-v2)))))-(0.0251/((-16.5-(v1*(v1/102.0)))-(0.0486/(v1-v2))))))
1.6356656388418036,28.0,0,4.0,-0.9723518959793069,true,6.23036779961964e-6,0.3243636585034005,7.0,exp((((-16.4531865486822-(v1*(-0.812882616043611-(-0.0626818431444806/(4.71175941306788-v2)))))-(0.0497465783338759/(pow3((0.0257266330039377*v1))-v2)))-(0.017028909757379/log((v1/v2))))),-0.8914325267979987,1.9735077391210568e-12,0.33284190645920975,1.9735077391210568e-12,7.205759403792794e16,7.167589627992896e-7,exp((((-16.5-(v1*(-0.813-(-0.0627/(4.71-v2)))))-(0.0497/(pow3((0.0257*v1))-v2)))-(0.017/log((v1/v2)))))
1.625518900125228,28.0,0,9.0,-0.9723518959793069,true,6.103689303115342e-6,0.35698796096087343,8.0,exp((((-16.451911766929-(v1*(-0.820624361567042-(-0.0657946532398809/(4.71356223120034-v2)))))-(0.0499577209636179/pow3((v1-v2))))-(0.025227265816707/log((-1.4312422544047802e-9*(-0.0099835538424718-v2)))))),-0.8917840753039614,1.9671173933136797e-12,0.3337536153862841,1.9671173933136797e-12,7.0368744177664e13,7.207235881511589e-7,exp((((-16.5-(v1*(-0.821-(-0.0658/(4.71-v2)))))-(0.05/pow3((v1-v2))))-(0.0252/log((-1.43e-9*(-0.00998-v2))))))
1.636543195670447,28.0,0,3.0,-0.9728336637521748,true,6.5586157449990446e-6,0.3520667774691796,8.0,exp((((-16.4524518969281-(v1*(-0.816244441398897-(-0.0700218781664157/(4.71245473047232-v2)))))-(0.0493642965338958/(pow3((0.0251996869300637*v1))-v2)))-(0.0165496101112497/log((0.000115346059833588*v1))))),-0.8878127718611797,2.0393065844920124e-12,0.33211280765296913,2.0393065844920124e-12,4.294967296e9,7.317420108719456e-7,exp((((-16.5-(v1*(-0.816-(-0.07/(4.71-v2)))))-(0.0494/(pow3((0.0252*v1))-v2)))-(0.0165/log((0.000115*v1)))))
1.6320393221540512,28.0,0,0.0,-0.9723518959793069,true,6.22966717343383e-6,0.3318700395403013,8.0,exp(((-16.451544670676-(v1*(-0.822283182135235-(-0.06650171320095/(4.71189744620912-v2)))))-(0.0250210221241244/((-16.4532962155629-(v1*(4.71142955934532-v2)))-(0.0486400371100097/(v1-v2)))))),-0.8904287283993442,1.9917544924978814e-12,0.32807493841933877,1.9917544924978814e-12,6.7108864e7,7.250546326632218e-7,exp(((-16.5-(v1*(-0.822-(-0.0665/(4.71-v2)))))-(0.025/((-16.5-(v1*(4.71-v2)))-(0.0486/(v1-v2))))))
1.6480915207793352,29.0,0,0.0,-0.9723518959793069,true,6.0596905333169056e-6,0.35421704653295316,9.0,exp(((-16.450782210596-(v1*(-0.8272884075513-(-0.0678129420477902/(4.71068543324741-v2)))))-(0.0252395121725516/log((-8.05261000309063e-9*((v1*(-0.82466637179166-(-0.0670709685275298/(4.71074433999787-v2))))-v2)))))),-0.8916292624199765,1.9699315365892753e-12,0.33496394415104447,1.9699315365892753e-12,1.7976931348623157e308,7.260072531371905e-7,exp(((-16.5-(v1*(-0.827-(-0.0678/(4.71-v2)))))-(0.0252/log((-8.05e-9*((v1*(-0.825-(-0.0671/(4.71-v2))))-v2))))))
4.613882150885937,29.0,0,0.0,-0.9754895872378833,true,6.590295680350055e-6,1.0870361381393217,9.0,(exp((-15.6417805503462+(v1*(0.704518760515241+(0.0786138335609667/((v1+(-13.3320386686082-(0.07791799599136*(v1*(-0.0208927176136005+(-0.194295035655137/(pow2(v1)-v2)))))))-1.76075511566198))))))/0.903125861181094),-0.8611986238995506,2.5230907734697085e-12,0.867188201050495,2.5230907734697085e-12,1.125899906842625e15,9.257676890627966e-7,(exp((-15.6+(v1*(0.705+(0.0786/((v1+(-13.3-(0.0779*(v1*(-0.0209+(-0.194/(pow2(v1)-v2)))))))-1.76))))))/0.903)
1.891391370816658,29.0,0,0.0,-0.9747607348436466,true,6.090166249568139e-6,0.354084908093222,9.0,exp(((-16.4512106024116-(v1*(-0.823745726963311-(-0.0664636487678284/(4.71064162006018-v2)))))-(0.0247546398662346/log((-2.46663222093543e-5-(-0.811313188822381/(v1+(v1*(-0.135989787289701/(4.56128748801789-v2)))))))))),-0.8912091519007403,1.977568182598861e-12,0.36110699524601514,1.977568182598861e-12,1.7976931348623157e308,7.286733789323708e-7,exp(((-16.5-(v1*(-0.824-(-0.0665/(4.71-v2)))))-(0.0248/log((-2.47e-5-(-0.811/(v1+(v1*(-0.136/(4.56-v2))))))))))
1.7269872351615918,29.0,0,19.0,-0.9723518959793069,true,6.186334965086716e-6,0.3584838149819974,8.0,exp(((-16.4504768736342-(v1*(-0.82688683927226-(-0.0673807305805294/(4.71068082269411-v2)))))-(0.0249228377187011/(log(((2.05969337981252e-6-(1.7526192094303e-6/(v1-4.14908731936732)))/v2))+(v2+v2))))),-0.8917741935491013,1.9672970209601337e-12,0.3386097343212347,1.9672970209601337e-12,1.7976931348623157e308,7.212299682218676e-7,exp(((-16.5-(v1*(-0.827-(-0.0674/(4.71-v2)))))-(0.0249/(log(((2.06e-6-(1.75e-6/(v1-4.15)))/v2))+(v2+v2)))))
1.6412646870772234,29.0,0,133.0,-0.9723518959793069,true,6.1061206840254855e-6,0.34212043585485696,9.0,exp(((-16.4518881423427-(v1*(-0.82092586208976-(-0.0639136605238632/(4.71123241040734-v2)))))-(0.0171265913774159/log((-0.00123056221229457-((v1*(-0.825940371493555-(-0.0663807834538624/(4.71233727779537-v2))))/v2)))))),-0.8917240527556417,1.9682084656223294e-12,0.3341572476407545,1.9682084656223294e-12,1.7976931348623157e308,7.229355268156256e-7,exp(((-16.5-(v1*(-0.821-(-0.0639/(4.71-v2)))))-(0.0171/log((-0.00123-((v1*(-0.826-(-0.0664/(4.71-v2))))/v2))))))
1.6435680517568885,29.0,0,3.0,-0.9723518959793069,true,6.142262276636891e-6,0.34341201482241107,9.0,exp(((-16.451789918521-(v1*(-0.820180165616264-(-0.0632401758680887/(4.71097158253861-v2)))))-(0.0210487018612876/log((v1*(-0.00239505008366397-((-0.826628599127969-(-0.0670953145245534/(4.71245947328224-v2)))/v2))))))),-0.8916938711182613,1.9687570985893942e-12,0.33498323391578666,1.9687570985893942e-12,1.7976931348623157e308,7.225260563226333e-7,exp(((-16.5-(v1*(-0.82-(-0.0632/(4.71-v2)))))-(0.021/log((v1*(-0.0024-((-0.827-(-0.0671/(4.71-v2)))/v2)))))))
1.6492624979491721,29.0,0,1.0,-0.9723518959793069,true,6.069213382169958e-6,0.35501312146459174,9.0,exp(((-16.4507746279598-(v1*(-0.827357801368176-(-0.0678332989365665/(4.71068539593739-v2)))))-(0.0252450991492135/log((1.25602704617203e-6-(2.0498693438417e-7/((8.73957690367875e-7/((0.811500848529768+v1)-v1))-v1))))))),-0.8916326434064171,1.969870078007717e-12,0.3352687726650137,1.969870078007717e-12,1.7976931348623157e308,7.26020324822268e-7,exp(((-16.5-(v1*(-0.827-(-0.0678/(4.71-v2)))))-(0.0252/log((1.26e-6-(2.05e-7/((8.74e-7/((0.812+v1)-v1))-v1)))))))
1.6530151289758472,29.0,0,8.0,-0.9723518959793069,true,6.116147780147645e-6,0.36296399019669756,8.0,exp(((-16.4504768736342-(v1*(-0.82688683927226-(-0.0673807305805294/(4.71068082269411-v2)))))-(0.0249228377187011/(log(((2.05969337981252e-6-(1.7526192094303e-6/(v1-4.14908731936732)))/v2))+(v1+v2))))),-0.8916758496720503,1.969084687161908e-12,0.3355694982385925,1.969084687161908e-12,1.7976931348623157e308,7.243228976341548e-7,exp(((-16.5-(v1*(-0.827-(-0.0674/(4.71-v2)))))-(0.0249/(log(((2.06e-6-(1.75e-6/(v1-4.15)))/v2))+(v1+v2)))))
1.6476008743022488,29.0,0,1.0,-0.9723518959793069,true,6.023319088385727e-6,0.35226712898515233,9.0,exp(((-16.4504767144358-(v1*(-0.826886679929846-(-0.067451608543784/(4.71262541849422-v2)))))-(0.0249134380389174/log((-1.2696553024164e-8*(-17.8120710470414-(((0.145311763059225/(4.71372195539644-v2))-v2)-v1))))))),-0.8916020319491265,1.970426524115258e-12,0.33471397126470487,1.970426524115258e-12,1.7976931348623157e308,7.262103234747241e-7,exp(((-16.5-(v1*(-0.827-(-0.0675/(4.71-v2)))))-(0.0249/log((-1.27e-8*(-17.8-(((0.145/(4.71-v2))-v2)-v1)))))))
1.6257889428642536,29.0,0,0.0,-0.9723518959793069,true,6.202929240270911e-6,0.3397052565471564,9.0,exp(((-16.4508097932692-(v1*(-0.824453052424554-(-0.0667636250228589/(4.71237688301284-v2)))))-(0.0249049593610769/(v2+log((0.00788776150884888-(v1*(-0.820197627374082-(0.077175333370119/(v2-4.67149869148458)))))))))),-0.8906700594757678,1.9873676468528125e-12,0.3267305183596077,1.9873676468528125e-12,1.7976931348623157e308,7.258572048391793e-7,exp(((-16.5-(v1*(-0.824-(-0.0668/(4.71-v2)))))-(0.0249/(v2+log((0.00789-(v1*(-0.82-(0.0772/(v2-4.67))))))))))
1.6436431277557944,29.0,0,241.0,-0.9746643812890728,true,6.027510996942517e-6,0.3228083256529031,8.0,exp(((-16.4506807598771-(v1*(-0.827148587232244-(-0.0676887526459368/(4.71173568452658-v2)))))-(0.0251341756471902/(pow3(v2)+log((3.74326646063203e-10/pow2((v1+(-16.4507896314413-(-0.0678336277355332/v2)))))))))),-0.8918294443616805,1.9662926878666014e-12,0.3230899529566517,1.9662926878666014e-12,1.7976931348623157e308,7.15988924981794e-7,exp(((-16.5-(v1*(-0.827-(-0.0677/(4.71-v2)))))-(0.0251/(pow3(v2)+log((3.74e-10/pow2((v1+(-16.5-(-0.0678/v2))))))))))
1.6437645309981823,29.0,0,551.0,-0.9746643812890728,true,6.0362693759358635e-6,0.3224420000247326,8.0,exp(((-16.4507682356797-(v1*(-0.827241969787198-(-0.0677786783250448/(4.71182388978655-v2)))))-(0.0252535322007238/(pow3(v2)+log((4.45103668479586e-10/pow2((v1+(-16.3855398247919-(0.444505311831115*v2)))))))))),-0.8918412308305669,1.9660784368862836e-12,0.322795879600848,1.9660784368862836e-12,1.7976931348623157e308,7.154943733749951e-7,exp(((-16.5-(v1*(-0.827-(-0.0678/(4.71-v2)))))-(0.0253/(pow3(v2)+log((4.45e-10/pow2((v1+(-16.4-(0.445*v2))))))))))
1.6432937477823488,29.0,0,166.0,-0.9746643812890728,true,6.031971047451487e-6,0.3225609684306568,7.0,exp(((-16.4509118396232-(v1*(-0.827211652184846-(-0.0677760798079659/(4.71158465861244-v2)))))-(0.0252540603851009/(pow3(v2)+log((4.11203606446269e-10/pow2((v1+(-16.4507882248147-(v1/v2)))))))))),-0.8918338045813089,1.9662134290708764e-12,0.3246636058006169,1.9662134290708764e-12,1.7976931348623157e308,7.159432314274576e-7,exp(((-16.5-(v1*(-0.827-(-0.0678/(4.71-v2)))))-(0.0253/(pow3(v2)+log((4.11e-10/pow2((v1+(-16.5-(v1/v2))))))))))
1.6244508872646917,29.0,0,49.0,-0.9723518959793069,true,6.098785310289863e-6,0.35697775640445084,8.0,exp((((-16.451911553196-(v1*(-0.820625774337887-(-0.0657953243589022/(4.71356227623352-v2)))))-(0.0499579632956436/pow3((v1-v2))))-(0.0252273039127082/log((3.7346072287316294e-11*pow2((6.67391866566847-v2))))))),-0.891783861089101,1.9671212872486903e-12,0.33361236677539813,1.9671212872486903e-12,1.439652414253823e163,7.207347300550608e-7,exp((((-16.5-(v1*(-0.821-(-0.0658/(4.71-v2)))))-(0.05/pow3((v1-v2))))-(0.0252/log((3.73e-11*pow2((6.67-v2)))))))
1.6480328058944007,29.0,0,11.0,-0.9723518959793069,true,6.062317423467792e-6,0.3544056283179478,9.0,exp(((-16.4507103117689-(v1*(-0.827267768827366-(-0.0677701490589137/(4.71140708871218-v2)))))-(0.0251924114841251/log((5.173813308587881e-9*(-16.451911420748-(v1*((v1*(0.804988076904714-v2))-16.3520649371441)))))))),-0.8916302330736975,1.969913892330145e-12,0.3351049345317621,1.969913892330145e-12,1.7976931348623157e308,7.261007151645877e-7,exp(((-16.5-(v1*(-0.827-(-0.0678/(4.71-v2)))))-(0.0252/log((5.17e-9*(-16.5-(v1*((v1*(0.805-v2))-16.4))))))))
1.62435927192139,29.0,0,53.0,-0.9723518959793069,true,6.100107385148704e-6,0.35667276037962403,8.0,exp((((-16.4519114948449-(v1*(-0.820626119030175-(-0.065795484911558/(4.71356228190295-v2)))))-(0.0499580179234832/pow3((v1-v2))))-(0.025227306931992/log((2.24891321617162e-9*pow2((v1/39.3056860994946))))))),-0.8917837813876817,1.9671227360377537e-12,0.333554425950951,1.9671227360377537e-12,1.439652414253823e163,7.207109601721734e-7,exp((((-16.5-(v1*(-0.821-(-0.0658/(4.71-v2)))))-(0.05/pow3((v1-v2))))-(0.0252/log((2.25e-9*pow2((v1/39.3)))))))
1.645036054531245,30.0,0,12.0,-0.9723518959793069,true,6.095267413175164e-6,0.36092783374053045,9.0,exp((((-16.451911652781-(v1*(-0.820625185479928-(-0.0657950460274699/(4.71356226485915-v2)))))-(0.0499578646448819/(v1-v2)))-(0.025227299594021/log((2.2487939229943e-14*pow2(((4.71066408332341-v2)/39.3056860974336))))))),-0.8917425569313616,1.967872102134148e-12,0.33856943635402076,1.967872102134148e-12,1.7976931348623157e308,7.238757429760275e-7,exp((((-16.5-(v1*(-0.821-(-0.0658/(4.71-v2)))))-(0.05/(v1-v2)))-(0.0252/log((2.25e-14*pow2(((4.71-v2)/39.3)))))))
1.6380647581601293,30.0,0,4.0,-0.9723518959793069,true,6.1592601011154096e-6,0.34095952393159157,10.0,exp(((-16.4512640259409-(v1*(-0.824382809156422-(-0.0668770491576005/(4.71074025706652-v2)))))-(0.0252041604321799/(-16.377364947615-(0.561105808731899*((0.328924405132403*v1)+(v1*(0.122200105661984/(4.69931065819148-v2))))))))),-0.8909092328330364,1.9830200235947605e-12,0.3303890713719219,1.9830200235947605e-12,1.34217728e8,7.260316938420937e-7,exp(((-16.5-(v1*(-0.824-(-0.0669/(4.71-v2)))))-(0.0252/(-16.4-(0.561*((0.329*v1)+(v1*(0.122/(4.7-v2)))))))))
1.613472443811433,30.0,0,0.0,-0.9723518959793069,true,6.0983274230171556e-6,0.3208450983740715,7.0,exp((((-16.450687973182-(v1*(-0.81312239817569-(-0.0676373996821281/(4.71068532865773-v2)))))-((0.0150095835394398*v1)/(v1-v2)))-(0.0252396489416636/pow3(log((v2*(1.25612036218939e-6/v2))))))),-0.8917413917159105,1.9678932830794413e-12,0.32839957275568543,1.9678932830794413e-12,1.7976931348623157e308,7.20952253137894e-7,exp((((-16.5-(v1*(-0.813-(-0.0676/(4.71-v2)))))-((0.015*v1)/(v1-v2)))-(0.0252/pow3(log((v2*(1.26e-6/v2)))))))
1.5495921207153938,30.0,0,1111.0,-0.9694612893420994,true,6.146593205692599e-6,0.34009752308282626,10.0,exp((((v1+(-16.3291145134933-(0.447095175481239*(v1*(0.349845599783175+(0.111102013111167/(4.77492025963698-v2)))))))-0.134375727017851)-(1.06641354066576e-5/pow2((9.18863822691706e-6/pow2(((4.71373048206719-v2)/101.374513096535))))))),-0.8916945049985875,1.9687455760984255e-12,0.3227099937887929,1.9687455760984255e-12,1.7976931348623157e308,7.215048229652318e-7,exp((((v1+(-16.3-(0.447*(v1*(0.35+(0.111/(4.77-v2)))))))-0.134)-(1.07e-5/pow2((9.19e-6/pow2(((4.71-v2)/101.0)))))))
1.6475804538950392,30.0,0,1.0,-0.9723518959793069,true,6.0335698772245485e-6,0.35276809484445104,10.0,exp(((-16.4508932093284-(v1*(-0.826931580282888-(-0.0677352942649652/(4.71158051835158-v2)))))-(0.0252545780029892/(4.22587049401954+log((-1.1336660136801e-8/(-0.825837598138201-(-0.0672289184105779/((1.53274954866218e-6+pow3(v2))-v2))))))))),-0.8916117156176174,1.970250497224825e-12,0.33479316398788683,1.970250497224825e-12,1.7976931348623157e308,7.262241042320631e-7,exp(((-16.5-(v1*(-0.827-(-0.0677/(4.71-v2)))))-(0.0253/(4.23+log((-1.13e-8/(-0.826-(-0.0672/((1.53e-6+pow3(v2))-v2)))))))))
1.6480452519716022,30.0,0,0.0,-0.9723518959793069,true,6.060459553410675e-6,0.35424061849753996,10.0,exp(((-16.4507844100324-(v1*(-0.827299500829317-(-0.067816286992026/(4.71158600433648-v2)))))-(0.0252431927146237/log((-7.16075822642031e-8*pow3((-0.824762690063188-(-0.0670844336224907/((-14.5386778418395-(0.400747612257266*v2))-v2))))))))),-0.8916289878949203,1.9699365268253675e-12,0.33517855080102676,1.9699365268253675e-12,1.7976931348623157e308,7.261853379903321e-7,exp(((-16.5-(v1*(-0.827-(-0.0678/(4.71-v2)))))-(0.0252/log((-7.16e-8*pow3((-0.825-(-0.0671/((-14.5-(0.401*v2))-v2)))))))))
1.6264391485635725,30.0,0,1.0,-0.9723518959793069,true,6.1011706556923614e-6,0.3574713442801267,8.0,exp((((-16.4519115530066-(v1*(-0.820625773137488-(-0.0657953235400431/(4.71356227585976-v2)))))-(0.0499579628169759/pow3((v1-v2))))-(0.0252273032765162/log((3.56961494756416e-10*pow2((34.3226377670869/pow2(v1)))))))),-0.8917842206290727,1.9671147516363575e-12,0.3338772739875601,1.9671147516363575e-12,1.7976931348623157e308,7.207533480066105e-7,exp((((-16.5-(v1*(-0.821-(-0.0658/(4.71-v2)))))-(0.05/pow3((v1-v2))))-(0.0252/log((3.57e-10*pow2((34.3/pow2(v1))))))))
1.6257550916644996,30.0,0,12.0,-0.9723518959793069,true,6.104816448054727e-6,0.35705255808539427,8.0,exp((((-16.4519117043434-(v1*(-0.820624704550489-(-0.0657948110992008/(4.71356223308455-v2)))))-(0.0499577720839101/pow3((v1-v2))))-(0.0252272657449003/log((-4.440333242831e-9*((v1/102.342903606031)-v2)))))),-0.8917840841130122,1.9671172331853333e-12,0.33379968644091074,1.9671172331853333e-12,1.9807040628566084e28,7.207251927747989e-7,exp((((-16.5-(v1*(-0.821-(-0.0658/(4.71-v2)))))-(0.05/pow3((v1-v2))))-(0.0252/log((-4.44e-9*((v1/102.0)-v2))))))
1.6262482111087642,30.0,0,1.0,-0.9723518959793069,true,6.106875560838223e-6,0.3572966567826636,8.0,exp((((-16.4519117079732-(v1*(-0.820624704018524-(-0.0657948115310979/(4.71356223579371-v2)))))-(0.0499577744836092/pow3((v1-v2))))-(0.0252272676101612/log((-8.09831030325666e-9*((-21.5142274188931+v1)-v2)))))),-0.891784089039231,1.967117143637972e-12,0.3339118375719302,1.967117143637972e-12,1.9807040628566084e28,7.207336090587195e-7,exp((((-16.5-(v1*(-0.821-(-0.0658/(4.71-v2)))))-(0.05/pow3((v1-v2))))-(0.0252/log((-8.1e-9*((-21.5+v1)-v2))))))
1.6257685570687768,30.0,0,29.0,-0.9723518959793069,true,6.104845225584636e-6,0.3570655399925523,8.0,exp((((-16.4519117081297-(v1*(-0.820624708280052-(-0.0657948148404893/(4.7135622368579-v2)))))-(0.0499577758533702/pow3((v1-v2))))-(0.0252272695075001/log((-4.48763400317729e-9*((-0.348070725047012/v1)-v2)))))),-0.891784085010128,1.967117216877826e-12,0.333803250135081,1.967117216877826e-12,1.9807040628566084e28,7.207255130819301e-7,exp((((-16.5-(v1*(-0.821-(-0.0658/(4.71-v2)))))-(0.05/pow3((v1-v2))))-(0.0252/log((-4.49e-9*((-0.348/v1)-v2))))))
1.625024186561137,30.0,0,17.0,-0.9723518959793069,true,6.101367753176576e-6,0.3569157666910654,10.0,exp((((-16.4519117666481-(v1*(-0.820624362692571-(-0.0657946539517793/(4.71356223120649-v2)))))-(0.0499577210942221/pow3((v1-v2))))-(0.0252272661393924/log((-6.676549255613341e-10*(-0.813474629217891+(0.0814602748025788/4.67030941400665))))))),-0.8917839968126974,1.967118820104896e-12,0.3336694113022999,1.967118820104896e-12,7.0368744177664e13,7.207227708795101e-7,exp((((-16.5-(v1*(-0.821-(-0.0658/(4.71-v2)))))-(0.05/pow3((v1-v2))))-(0.0252/log((-6.68e-10*(-0.813+(0.0815/4.67)))))))
1.6379215906102358,30.0,0,3.0,-0.9723518959793069,true,6.16352963416309e-6,0.3416063490015547,9.0,exp(((-16.451206378395-(v1*(-0.824407149184218-(-0.0668086583379474/(4.71176494750163-v2)))))-(0.0251681962734251/((-16.4533019153226-(v1*(-0.821781708363234-(4.71142869815997-v2))))-(0.0486483508169133/(v1-v2)))))),-0.8909057177170616,1.9830839203437154e-12,0.330604865852699,1.9830839203437154e-12,2.68435456e8,7.262229887112851e-7,exp(((-16.5-(v1*(-0.824-(-0.0668/(4.71-v2)))))-(0.0252/((-16.5-(v1*(-0.822-(4.71-v2))))-(0.0486/(v1-v2))))))
