max_are,compl,dim_penalty,age,minus_spearman,valid,max_ae,q75_are,n_params,eqs_orig,minus_r2,mse,mare,ms_processed_e,recursive_compl,mae,eqs_orig_rounded
0.16219284306266823,1.0,0,5846.0,100.0,true,2.494465193665393,0.13552845501853472,1.0,12.8851603592425,0.000900739353132396,1.8203073221294703,0.088782339978113,1.8203073221294703,1.0,1.1531862412910767,12.9
0.16208106531096575,1.0,0,1454.0,100.0,true,2.492746093699063,0.13567995386483264,1.0,12.8868794592088,0.0008258480559424353,1.820171119635778,0.08879418505519486,1.820171119635778,1.0,1.1531862412910767,12.9
0.16207311850474734,1.0,0,1176.0,100.0,true,2.4926238747950826,0.13569072463053067,1.0,12.8870016781128,0.0008206474223220184,1.8201616614037208,0.08879502717744885,1.8201616614037208,1.0,1.153186241291077,12.9
0.16207311850474734,1.0,0,1176.0,100.0,true,2.4926238747950826,0.13569072463053067,1.0,12.8870016781128,0.0008206474223220184,1.8201616614037208,0.08879502717744885,1.8201616614037208,1.0,1.153186241291077,12.9
298320.1842638791,2.0,0,6435.0,-1.0,true,3.3173858920981633e6,23608.384522367003,0.0,pow3(v1),5.722546694746279e11,1.0407419277584785e12,42536.08609435165,1.0407419277584785e12,4.0,481022.6790432352,pow3(v1)
5.312672168868583e63,2.0,0,6435.0,-1.0,true,5.907807996913047e64,1.2034714466104659e28,0.0,exp(v1),7.381178206001746e127,1.3423921280157058e128,2.0433369603645793e62,1.3423921280157058e128,4.0,2.2722355387020633e63,exp(v1)
0.980576036354546,2.0,0,6435.0,-1.0,true,15.080892265287522,0.867671898802105,0.0,log(v1),57.490677554444815,106.37519230676205,0.7529109977014916,106.37519230676205,4.0,9.915517472512049,log(v1)
0.924504103379843,2.0,0,6435.0,-1.0,true,14.21852693210884,0.819602404722968,0.0,sqrt_abs(v1),40.389417961405876,75.27365862724433,0.536758368174848,75.27365862724433,4.0,7.331223073227606,sqrt_abs(v1)
1999.2530655393552,2.0,0,6435.0,-1.0,true,22232.132668863153,358.6043950029431,0.0,pow2(v1),3.2854898497606758e7,5.975219297167589e7,368.5396654310808,5.975219297167589e7,4.0,4205.636018325574,pow2(v1)
0.980576036354546,2.0,0,6435.0,-1.0,true,15.080892265287522,0.867671898802105,0.0,log(v1),57.490677554444815,106.37519230676205,0.7529109977014916,106.37519230676205,4.0,9.915517472512049,log(v1)
5.312672168868583e63,2.0,0,6435.0,-1.0,true,5.907807996913047e64,1.2034714466104659e28,0.0,exp(v1),7.381178206001746e127,1.3423921280157058e128,2.0433369603645793e62,1.3423921280157058e128,4.0,2.2722355387020633e63,exp(v1)
0.924504103379843,2.0,0,6435.0,-1.0,true,14.21852693210884,0.819602404722968,0.0,sqrt_abs(v1),40.389417961405876,75.27365862724433,0.536758368174848,75.27365862724433,4.0,7.331223073227606,sqrt_abs(v1)
298320.1842638791,2.0,0,6435.0,-1.0,true,3.3173858920981633e6,23608.384522367003,0.0,pow3(v1),5.722546694746279e11,1.0407419277584785e12,42536.08609435165,1.0407419277584785e12,4.0,481022.6790432352,pow3(v1)
1999.2530655393552,2.0,0,6435.0,-1.0,true,22232.132668863153,358.6043950029431,0.0,pow2(v1),3.2854898497606758e7,5.975219297167589e7,368.5396654310808,5.975219297167589e7,4.0,4205.636018325574,pow2(v1)
5.312672168868583e63,2.0,0,6435.0,-1.0,true,5.907807996913047e64,1.2034714466104659e28,0.0,exp(v1),7.381178206001746e127,1.3423921280157058e128,2.0433369603645793e62,1.3423921280157058e128,4.0,2.2722355387020633e63,exp(v1)
0.924504103379843,2.0,0,6435.0,-1.0,true,14.21852693210884,0.819602404722968,0.0,sqrt_abs(v1),40.389417961405876,75.27365862724433,0.536758368174848,75.27365862724433,4.0,7.331223073227606,sqrt_abs(v1)
0.980576036354546,2.0,0,6434.0,-1.0,true,15.080892265287522,0.867671898802105,0.0,log(v1),57.490677554444815,106.37519230676205,0.7529109977014916,106.37519230676205,4.0,9.915517472512049,log(v1)
1999.2530655393552,2.0,0,6435.0,-1.0,true,22232.132668863153,358.6043950029431,0.0,pow2(v1),3.2854898497606758e7,5.975219297167589e7,368.5396654310808,5.975219297167589e7,4.0,4205.636018325574,pow2(v1)
298320.1842638791,2.0,0,6435.0,-1.0,true,3.3173858920981633e6,23608.384522367003,0.0,pow3(v1),5.722546694746279e11,1.0407419277584785e12,42536.08609435165,1.0407419277584785e12,4.0,481022.6790432352,pow3(v1)
0.980576036354546,2.0,0,6433.0,-1.0,true,15.080892265287522,0.867671898802105,0.0,log(v1),57.490677554444815,106.37519230676205,0.7529109977014916,106.37519230676205,4.0,9.915517472512049,log(v1)
5.312672168868583e63,2.0,0,6435.0,-1.0,true,5.907807996913047e64,1.2034714466104659e28,0.0,exp(v1),7.381178206001746e127,1.3423921280157058e128,2.0433369603645793e62,1.3423921280157058e128,4.0,2.2722355387020633e63,exp(v1)
298320.1842638791,2.0,0,6435.0,-1.0,true,3.3173858920981633e6,23608.384522367003,0.0,pow3(v1),5.722546694746279e11,1.0407419277584785e12,42536.08609435165,1.0407419277584785e12,4.0,481022.6790432352,pow3(v1)
0.924504103379843,2.0,0,6433.0,-1.0,true,14.21852693210884,0.819602404722968,0.0,sqrt_abs(v1),40.389417961405876,75.27365862724433,0.536758368174848,75.27365862724433,4.0,7.331223073227606,sqrt_abs(v1)
1999.2530655393552,2.0,0,6435.0,-1.0,true,22232.132668863153,358.6043950029431,0.0,pow2(v1),3.2854898497606758e7,5.975219297167589e7,368.5396654310808,5.975219297167589e7,4.0,4205.636018325574,pow2(v1)
0.964461749247159,3.0,0,6409.0,-1.0,true,14.833060563523858,0.9026967571229623,0.0,sqrt_abs(log(v1)),70.73452911996921,130.4613769103427,0.8665643299469644,130.4613769103427,16.0,11.26952292040172,sqrt_abs(log(v1))
0.9417281090636381,3.0,0,6435.0,-1.0,true,14.483425690046767,0.6030156964063151,0.0,log(pow3(v1)),25.95934955725313,49.03013802410794,0.38833800736352025,49.03013802410794,16.0,5.362104624149258,log(pow3(v1))
0.9611520727090921,3.0,0,6431.0,-1.0,true,14.782158977667144,0.7353437976042101,0.0,log(pow2(v1)),35.52213097812439,66.42167382373742,0.5058219954029831,66.42167382373742,16.0,6.905400558350889,log(pow2(v1))
0.989065010342853,3.0,0,1098.0,-1.0,true,15.211449506556058,0.9432572053940509,1.0,(v1/8.01630218135232),55.002611997926806,101.85022417316378,0.6743100538163354,101.85022417316378,3.0,9.041966158556882,(v1/8.02)
0.9812212874746727,3.0,0,6358.0,-1.0,true,11.532292821024415,0.9596250633531285,1.0,(31.1442816411296/v1),56.96710328331837,105.42298391891929,0.7999357716207613,105.42298391891929,3.0,10.080392600149537,(31.1/v1)
0.9890620735352528,3.0,0,5870.0,-1.0,true,15.211404339554846,0.9432419659950502,1.0,(0.124779299374671*v1),55.002400386455186,101.8498393219032,0.6743258794074749,101.8498393219032,3.0,9.042087503535825,(0.125*v1)
0.1622287785767685,3.0,0,4563.0,100.0,true,2.4950178684163067,0.13547974953963218,2.0,(12.8670371844478/0.998636318584623),0.0009255065818569719,1.8203523655249079,0.08877853189530575,1.8203523655249079,2.0,1.1531862412910767,(12.9/0.999)
0.9812212874746727,3.0,0,6358.0,-1.0,true,11.532292821024415,0.9596250633531285,1.0,(31.1442816411296/v1),56.96710328331837,105.42298391891929,0.7999357716207613,105.42298391891929,3.0,10.080392600149537,(31.1/v1)
0.9611520727090921,3.0,0,6431.0,-1.0,true,14.782158977667144,0.7353437976042101,0.0,log(pow2(v1)),35.52213097812439,66.42167382373742,0.5058219954029831,66.42167382373742,16.0,6.905400558350889,log(pow2(v1))
0.9890650038020085,3.0,0,653.0,-1.0,true,15.211449405960318,0.9432571714529308,1.0,(v1/8.01629738634504),55.0026115208459,101.85022330551145,0.6743100890630201,101.85022330551145,3.0,9.041966428815865,(v1/8.02)
0.9417281090636381,3.0,0,6435.0,-1.0,true,14.483425690046767,0.6030156964063151,0.0,log(pow3(v1)),25.95934955725313,49.03013802410794,0.38833800736352025,49.03013802410794,16.0,5.362104624149258,log(pow3(v1))
0.964461749247159,3.0,0,6409.0,-1.0,true,14.833060563523858,0.9026967571229623,0.0,sqrt_abs(log(v1)),70.73452911996921,130.4613769103427,0.8665643299469644,130.4613769103427,16.0,11.26952292040172,sqrt_abs(log(v1))
0.9890620735352528,3.0,0,5870.0,-1.0,true,15.211404339554846,0.9432419659950502,1.0,(0.124779299374671*v1),55.002400386455186,101.8498393219032,0.6743258794074749,101.8498393219032,3.0,9.042087503535825,(0.125*v1)
0.9890620735352528,3.0,0,5870.0,-1.0,true,15.211404339554846,0.9432419659950502,1.0,(0.124779299374671*v1),55.002400386455186,101.8498393219032,0.6743258794074749,101.8498393219032,3.0,9.042087503535825,(0.125*v1)
0.9417281090636381,3.0,0,6435.0,-1.0,true,14.483425690046767,0.6030156964063151,0.0,log(pow3(v1)),25.95934955725313,49.03013802410794,0.38833800736352025,49.03013802410794,16.0,5.362104624149258,log(pow3(v1))
0.9890650038020085,3.0,0,3762.0,-1.0,true,15.211449405960318,0.9432571714529308,1.0,(v1/8.01629738634504),55.0026115208459,101.85022330551145,0.6743100890630201,101.85022330551145,3.0,9.041966428815865,(v1/8.02)
0.9611520727090921,3.0,0,6434.0,-1.0,true,14.782158977667144,0.7353437976042101,0.0,log(pow2(v1)),35.52213097812439,66.42167382373742,0.5058219954029831,66.42167382373742,16.0,6.905400558350889,log(pow2(v1))
0.9812137834564627,3.0,0,6340.0,-1.0,true,11.53198267811295,0.9596089294323702,1.0,(31.1567269701827/v1),56.96879633609074,105.42606302180843,0.7999480414127802,105.42606302180843,3.0,10.080673052706523,(31.2/v1)
0.964461749247159,3.0,0,36.0,-1.0,true,14.833060563523858,0.9026967571229623,0.0,sqrt_abs(log(v1)),70.73452911996921,130.4613769103427,0.8665643299469644,130.4613769103427,16.0,11.26952292040172,sqrt_abs(log(v1))
0.9890650103591171,3.0,0,6371.0,-1.0,true,15.211449506806193,0.9432572054784469,1.0,(v1/8.01630219327532),55.00261199911312,101.85022417532129,0.6743100537286928,101.85022417532129,3.0,9.04196615788487,(v1/8.02)
0.9812137834564627,3.0,0,6340.0,-1.0,true,11.53198267811295,0.9596089294323702,1.0,(31.1567269701827/v1),56.96879633609074,105.42606302180843,0.7999480414127802,105.42606302180843,3.0,10.080673052706523,(31.2/v1)
0.964461749247159,3.0,0,24.0,-1.0,true,14.833060563523858,0.9026967571229623,0.0,sqrt_abs(log(v1)),70.73452911996921,130.4613769103427,0.8665643299469644,130.4613769103427,16.0,11.26952292040172,sqrt_abs(log(v1))
0.9611520727090921,3.0,0,6434.0,-1.0,true,14.782158977667144,0.7353437976042101,0.0,log(pow2(v1)),35.52213097812439,66.42167382373742,0.5058219954029831,66.42167382373742,16.0,6.905400558350889,log(pow2(v1))
0.9417281090636381,3.0,0,6435.0,-1.0,true,14.483425690046767,0.6030156964063151,0.0,log(pow3(v1)),25.95934955725313,49.03013802410794,0.38833800736352025,49.03013802410794,16.0,5.362104624149258,log(pow3(v1))
0.9890620735352528,3.0,0,5870.0,-1.0,true,15.211404339554846,0.9432419659950502,1.0,(0.124779299374671*v1),55.002400386455186,101.8498393219032,0.6743258794074749,101.8498393219032,3.0,9.042087503535825,(0.125*v1)
0.16222878424525358,3.0,0,6320.0,100.0,true,2.4950179555954843,0.13547974185680683,2.0,(35.6008009412296/2.76304890718251),0.0009255105151482201,1.8203523726782636,0.08877853129461694,1.8203523726782636,2.0,1.1531862412910767,(35.6/2.76)
0.23773730822473552,4.0,0,6130.0,-1.0,true,2.643691020358567,0.09238497876437604,1.0,sqrt_abs((220.99325371245-v1)),-0.3354603600007593,1.2085777589870599,0.07611300748029205,1.2085777589870599,8.0,0.9425075092588285,sqrt_abs((221.0-v1))
0.1622026985777467,4.0,0,6431.0,-1.0,true,2.4946167677969306,0.13554083607562645,1.0,log((394354.435541829+v1)),0.001053690621884762,1.820585489887263,0.08878952105623433,1.820585489887263,8.0,1.1532799376346243,log((394000.0+v1))
0.16223202819345092,4.0,0,6400.0,-1.0,true,2.4950678463040727,0.13550109556369297,1.0,log((v1--394176.590237751)),0.0010739655924034697,1.8206223633511744,0.08878641671047122,1.8206223633511744,8.0,1.1532799799027549,log((v1--394000.0))
0.017112834965418326,4.0,0,10.0,-1.0,true,0.26318899391684347,0.014083742709817569,1.0,log((8.3815870037042e6/v1)),-0.9889801834069195,0.02004140075455678,0.009301449168487318,0.02004140075455678,8.0,0.12095456899811395,log((8.38e6/v1))
0.0170048631462829,4.0,0,2074.0,-1.0,true,0.26152842776827434,0.014224838364541446,1.0,(15.9398872682966-log(v1)),-0.9889892524422761,0.020024907179504538,0.009312890931278663,0.020024907179504538,5.0,0.12095456899811435,(15.9-log(v1))
0.1622032131332399,4.0,0,6245.0,-1.0,true,2.4946246814677426,0.13548865327258494,1.0,log((394354.011052337-v1)),0.0007616461785935336,1.820054357660451,0.08877301326680863,1.820054357660451,8.0,1.1530925184514953,log((394000.0-v1))
0.1622032131332399,4.0,0,528.0,-1.0,true,2.4946246814677426,0.13548865327258494,1.0,log((394354.011052337-v1)),0.0007616461785935336,1.820054357660451,0.08877301326680863,1.820054357660451,8.0,1.1530925184514953,log((394000.0-v1))
0.01701572043475858,4.0,0,3138.0,-1.0,true,0.2616954087995502,0.014210122854048936,1.0,(15.9400542493278-log(v1)),-0.9889884776235746,0.020026316318393564,0.009311740385513174,0.020026316318393564,5.0,0.12095456899811409,(15.9-log(v1))
0.1622026985777467,4.0,0,6431.0,-1.0,true,2.4946167677969306,0.13554083607562645,1.0,log((394354.435541829+v1)),0.001053690621884762,1.820585489887263,0.08878952105623433,1.820585489887263,8.0,1.1532799376346243,log((394000.0+v1))
0.019041483473048244,4.0,0,6355.0,-1.0,true,0.23501205835952987,0.015110510269629061,1.0,log((8.1487157726077e6/v1)),-0.988723246853668,0.020508683343945826,0.00963429459181317,0.020508683343945826,8.0,0.12276413532788397,log((8.15e6/v1))
0.23773730705463336,4.0,0,6373.0,-1.0,true,2.6436910073467743,0.09238497941173171,1.0,sqrt_abs((-220.99325393304+v1)),-0.33546035969431043,1.2085777595443892,0.07611300759742941,1.2085777595443892,8.0,0.9425075110149972,sqrt_abs((-221.0+v1))
0.16220314334933392,4.0,0,6391.0,-1.0,true,2.494623608217399,0.1354887478823821,1.0,log((394354.434291695-v1)),0.0007615982464519444,1.820054270487743,0.08877302067063383,1.820054270487743,8.0,1.153092518552097,log((394000.0-v1))
0.017119341169531302,4.0,0,2.0,-1.0,true,0.2632890568998718,0.01407881142566471,1.0,log((8.38242573226444e6/v1)),-0.9889795400521494,0.02004257080404597,0.00930075970669322,0.02004257080404597,8.0,0.12095456899811388,log((8.38e6/v1))
0.017014886851788084,4.0,0,4902.0,-1.0,true,0.2616825886055967,0.014211252657220123,1.0,(15.9400414291339-log(v1)),-0.9889885381980388,0.02002620615348252,0.009311828720216565,0.02002620615348252,5.0,0.12095456899811435,(15.9-log(v1))
0.16220276288373733,4.0,0,5817.0,-1.0,true,2.494617756798988,0.1355407489434532,1.0,log((394354.045523341+v1)),0.0010537348305772465,1.8205855702882494,0.08878951424986885,1.8205855702882494,8.0,1.1532799377272775,log((394000.0+v1))
0.2377373070597521,4.0,0,1316.0,-1.0,true,2.643691007403696,0.09238497940889968,1.0,sqrt_abs((-220.993253932075+v1)),-0.33546035969565113,1.2085777595419507,0.07611300759691694,1.2085777595419507,8.0,0.9425075110073149,sqrt_abs((-221.0+v1))
0.3414732996377761,4.0,0,0.0,-1.0,true,5.2517314847449175,0.28516959204837833,1.0,(9.8291607805426+log(v1)),3.4346509783918924,8.065163037318241,0.1868688018395435,8.065163037318241,5.0,2.4273270515802685,(9.83+log(v1))
0.16216974318537633,4.0,0,222.0,-1.0,true,2.4941099262023254,0.13558548938305945,1.0,log((394554.362117349+v1)),0.0010311761622092686,1.8205445435334544,0.0887930091684635,1.8205445435334544,8.0,1.1532798901639723,log((395000.0+v1))
0.23773730702136392,4.0,0,6422.0,-1.0,true,2.6436910069768107,0.0923849794301378,1.0,sqrt_abs((-220.993253939312+v1)),-0.3354603596855976,1.2085777595602347,0.07611300760075992,1.2085777595602347,8.0,0.9425075110649299,sqrt_abs((-221.0+v1))
0.16217032941118978,4.0,0,166.0,-1.0,true,2.4941189421358256,0.13553323550105215,1.0,log((394553.501145354-v1)),0.0007391998431665048,1.820013535202113,0.08877650211216043,1.820013535202113,8.0,1.153092565845348,log((395000.0-v1))
0.0170048631462829,4.0,0,2074.0,-1.0,true,0.26152842776827434,0.014224838364541446,1.0,(15.9398872682966-log(v1)),-0.9889892524422761,0.020024907179504538,0.009312890931278663,0.020024907179504538,5.0,0.12095456899811435,(15.9-log(v1))
0.017119076191000736,4.0,0,0.0,-1.0,true,0.26328498162929215,0.014079012262344086,1.0,log((8.38239157168106e6/v1)),-0.9889795664691833,0.02004252276020064,0.00930078778644143,0.02004252276020064,8.0,0.12095456899811421,log((8.38e6/v1))
0.07641966677257023,5.0,0,2538.0,-1.0,true,1.1753058598401278,0.0503647462526255,2.0,(-5672.67911263284/(-398.014806840428-v1)),-0.8013932496731454,0.3611999748126489,0.039392648714011186,0.3611999748126489,4.0,0.5138745651615896,(-5670.0/(-398.0-v1))
0.072606523068046,5.0,0,1.0,-1.0,true,1.1166611374851172,0.0606348214789488,1.0,(14.412331059233-log(sqrt_abs(v1))),-0.7995079193101278,0.3646287670289998,0.03973339639102925,0.3646287670289998,17.0,0.5161158361464816,(14.4-log(sqrt_abs(v1)))
0.07640254419341848,5.0,0,2864.0,-1.0,true,1.1750425209842739,0.05039405707429019,2.0,(5671.38838147167/(397.91653581465+v1)),-0.8013938752097101,0.3611988371685807,0.03939742819306623,0.3611988371685807,4.0,0.5139228419660246,(5670.0/(398.0+v1))
0.07640603261395366,5.0,0,1251.0,-1.0,true,1.175096171585876,0.05038917504110395,2.0,(5671.61091078024/(v1--397.933709921064)),-0.8013937988593096,0.3611989760247006,0.03939644788005672,0.3611989760247006,4.0,0.5139126255266482,(5670.0/(v1--398.0))
0.07641966677257023,5.0,0,315.0,-1.0,true,1.1753058598401278,0.050364746252625534,2.0,(-5672.67911263284/(-398.014806840428-v1)),-0.8013932496731452,0.3611999748126493,0.03939264871401123,0.3611999748126493,4.0,0.51387456516159,(-5670.0/(-398.0-v1))
0.07640519916446704,5.0,0,56.0,-1.0,true,1.1750833534448546,0.050390635830608335,2.0,(5671.5468291306/(v1--397.92883826101)),-0.8013938295881917,0.3611989201390299,0.03939668030342612,0.3611989201390299,4.0,0.5139149633310953,(5670.0/(v1--398.0))
0.07640254419341848,5.0,0,2864.0,-1.0,true,1.1750425209842739,0.05039405707429019,2.0,(5671.38838147167/(397.91653581465+v1)),-0.8013938752097101,0.3611988371685807,0.03939742819306623,0.3611988371685807,4.0,0.5139228419660246,(5670.0/(398.0+v1))
0.07640254419342032,5.0,0,5692.0,-1.0,true,1.1750425209843023,0.05039405707428733,2.0,(5671.3883814718/(397.91653581466+v1)),-0.8013938752097101,0.3611988371685808,0.03939742819306569,0.3611988371685808,4.0,0.5139228419660189,(5670.0/(398.0+v1))
0.07641966708443644,5.0,0,100.0,-1.0,true,1.1753058646365133,0.05036474572654826,2.0,(-5672.6791358578/(-398.014808610344-v1)),-0.801393249661477,0.3611999748338699,0.0393926486269051,0.3611999748338699,4.0,0.5138745642794805,(-5670.0/(-398.0-v1))
0.07640520962312178,5.0,0,1846.0,-1.0,true,1.1750835142950482,0.05039061749969641,2.0,(5671.5476332602/(v1--397.928899393102)),-0.8013938292036098,0.36119892083845717,0.03939667738684076,0.36119892083845717,4.0,0.513914933994975,(5670.0/(v1--398.0))
0.07640558792185756,5.0,0,1083.0,-1.0,true,1.1750893323879517,0.05038995445441832,2.0,(5671.57671946662/(v1--397.931110604852)),-0.8013938152754532,0.36119894616916615,0.039396571891195636,0.36119894616916615,4.0,0.5139138728793525,(5670.0/(v1--398.0))
0.07640254419342032,5.0,0,5692.0,-1.0,true,1.1750425209843023,0.05039405707428733,2.0,(5671.3883814718/(397.91653581466+v1)),-0.8013938752097101,0.3611988371685808,0.03939742819306569,0.3611988371685808,4.0,0.5139228419660189,(5670.0/(398.0+v1))
0.07642194930348158,5.0,0,67.0,-1.0,true,1.1753409643108572,0.05036092234862032,2.0,(-5672.84811902474/(-398.027692094591-v1)),-0.8013931648406327,0.36120012909492466,0.03939201102262569,0.36120012909492466,4.0,0.5138680997245266,(-5670.0/(-398.0-v1))
4.087673587255396e-15,6.0,0,5217.0,-1.0,true,5.1514348342607263e-14,2.672544482763662e-15,2.0,(15.65-(0.905069700286377*log(v1))),-1.0,9.92993834848972e-28,2.2391429636816977e-15,9.92993834848972e-28,6.0,2.8558352264204026e-14,(15.6-(0.905*log(v1)))
1.3992421125605008e-14,6.0,0,23.0,-1.0,true,2.078337502098293e-13,9.932865421555638e-15,2.0,(-0.905069700286437*(-17.2914859430685+log(v1))),-1.0,9.519609314558606e-27,6.528078123227403e-15,9.519609314558606e-27,6.0,8.43769498715119e-14,(-0.905*(-17.3+log(v1)))
4.4264728761392846e-15,6.0,0,4072.0,-1.0,true,4.973799150320701e-14,2.920751226686593e-15,2.0,((log(v1)/-1.10488728070732)--15.65),-1.0,9.926297452004086e-28,2.2668934256803864e-15,9.926297452004086e-28,6.0,2.8899959348704076e-14,((log(v1)/-1.1)--15.6)
3.9522079251243615e-15,6.0,0,5206.0,-1.0,true,5.1514348342607263e-14,2.750080465762055e-15,2.0,((-0.905069700286375*log(v1))--15.65),-1.0,9.853479522291377e-28,2.2660002112966523e-15,9.853479522291377e-28,6.0,2.8899959348704076e-14,((-0.905*log(v1))--15.6)
4.2683845591343105e-15,6.0,0,5097.0,-1.0,true,4.796163466380676e-14,2.9212555031463217e-15,2.0,(15.65+(-0.905069700286375*log(v1))),-1.0,9.819497821758779e-28,2.2470588659972035e-15,9.819497821758779e-28,6.0,2.862667368110404e-14,(15.6+(-0.905*log(v1)))
4.7426495101492335e-15,6.0,0,4352.0,-1.0,true,5.3290705182007514e-14,2.978268023672837e-15,2.0,(15.65+(log(v1)/-1.10488728070732)),-1.0,1.001853349630685e-27,2.247952080380938e-15,1.001853349630685e-27,6.0,2.862667368110404e-14,(15.6+(log(v1)/-1.1))
4.2683845591343105e-15,6.0,0,614.0,-1.0,true,4.796163466380676e-14,2.9252774935163804e-15,2.0,(15.65+(log(v1)/-1.10488728070732)),-1.0,9.908092969575908e-28,2.241849066123483e-15,9.908092969575908e-28,6.0,2.8558352264204026e-14,(15.6+(log(v1)/-1.1))
4.1102962421293356e-15,6.0,0,2286.0,-1.0,true,5.1514348342607263e-14,2.955649088012298e-15,2.0,(15.65-(0.905069700286377*log(v1))),-1.0,9.920229291194692e-28,2.237976070616686e-15,9.920229291194692e-28,6.0,2.8558352264204026e-14,(15.7-(0.905*log(v1)))
1.44587584703401e-14,6.0,0,24.0,-1.0,true,2.220446049250313e-13,9.401210900659407e-15,2.0,(-0.905069700286439*(-17.2914859430685+log(v1))),-1.0,1.0088074619182486e-26,6.549220470027967e-15,1.0088074619182486e-26,6.0,8.547009254191205e-14,(-0.905*(-17.3+log(v1)))
4.2683845591343105e-15,6.0,0,5433.0,-1.0,true,4.796163466380676e-14,2.9212555031463217e-15,2.0,((-0.905069700286375*log(v1))--15.65),-1.0,9.819497821758779e-28,2.2470588659972035e-15,9.819497821758779e-28,6.0,2.862667368110404e-14,((-0.905*log(v1))--15.6)
4.087673587255396e-15,6.0,0,1217.0,-1.0,true,5.1514348342607263e-14,2.672544482763662e-15,2.0,(15.65+(-0.905069700286377*log(v1))),-1.0,9.92993834848972e-28,2.2391429636816977e-15,9.92993834848972e-28,6.0,2.8558352264204026e-14,(15.6+(-0.905*log(v1)))
4.7426495101492335e-15,6.0,0,341.0,-1.0,true,5.3290705182007514e-14,2.978268023672837e-15,2.0,((log(v1)/-1.10488728070732)--15.65),-1.0,1.001853349630685e-27,2.247952080380938e-15,1.001853349630685e-27,6.0,2.862667368110404e-14,((log(v1)/-1.1)--15.6)
1.3992421125605008e-14,6.0,0,32.0,-1.0,true,2.078337502098293e-13,9.932865421555638e-15,2.0,(0.905069700286437*(17.2914859430685-log(v1))),-1.0,9.519609314558606e-27,6.528078123227403e-15,9.519609314558606e-27,6.0,8.43769498715119e-14,(0.905*(17.3-log(v1)))
4.1102962421293356e-15,6.0,0,3015.0,-1.0,true,5.1514348342607263e-14,2.955649088012298e-15,2.0,(15.65-(0.905069700286377*log(v1))),-1.0,9.920229291194692e-28,2.237976070616686e-15,9.920229291194692e-28,6.0,2.8558352264204026e-14,(15.7-(0.905*log(v1)))
2.163030267162879e-14,6.0,0,3.0,-1.0,true,3.3217872896784684e-13,1.6131913997623114e-14,2.0,(-0.905069700286482*(-17.2914859430678+log(v1))),-1.0,2.6485701484755e-26,1.086290268583554e-14,2.6485701484755e-26,6.0,1.4067379739711984e-13,(-0.905*(-17.3+log(v1)))
4.2683845591343105e-15,6.0,0,4169.0,-1.0,true,4.973799150320701e-14,2.9212555031463217e-15,2.0,((log(v1)/-1.10488728070732)--15.65),-1.0,9.904452073090272e-28,2.247052958352008e-15,9.904452073090272e-28,6.0,2.862667368110404e-14,((log(v1)/-1.1)--15.6)
4.2683845591343105e-15,6.0,0,5433.0,-1.0,true,4.796163466380676e-14,2.9212555031463217e-15,2.0,((-0.905069700286375*log(v1))--15.65),-1.0,9.819497821758779e-28,2.2470588659972035e-15,9.819497821758779e-28,6.0,2.862667368110404e-14,((-0.905*log(v1))--15.6)
3.9522079251243615e-15,6.0,0,5930.0,-1.0,true,5.1514348342607263e-14,2.750080465762055e-15,2.0,(15.65+(-0.905069700286375*log(v1))),-1.0,9.853479522291377e-28,2.2660002112966523e-15,9.853479522291377e-28,6.0,2.8899959348704076e-14,(15.6+(-0.905*log(v1)))
1.4149639340499447e-14,6.0,0,10.0,-1.0,true,2.113864638886298e-13,1.003339599271232e-14,2.0,(0.905069700286438*(17.2914859430685-log(v1))),-1.0,9.787579295901375e-27,6.622618593285839e-15,9.787579295901375e-27,6.0,8.560673537571207e-14,(0.905*(17.3-log(v1)))
4.2683845591343105e-15,6.0,0,614.0,-1.0,true,4.796163466380676e-14,2.9252774935163804e-15,2.0,(15.65+(log(v1)/-1.10488728070732)),-1.0,9.908092969575908e-28,2.241849066123483e-15,9.908092969575908e-28,6.0,2.8558352264204026e-14,(15.6+(log(v1)/-1.1))
1.5879039704338268e-14,6.0,0,5.0,-1.0,true,2.3447910280083306e-13,1.1302706430417382e-14,2.0,((17.2914859430684-log(v1))/1.10488728070723),-1.0,1.2640707145261493e-26,7.556989997553738e-15,1.2640707145261493e-26,6.0,9.756298333321375e-14,((17.3-log(v1))/1.1)
4.4264728761392846e-15,6.0,0,1247.0,-1.0,true,4.973799150320701e-14,2.920751226686593e-15,2.0,(15.65+(log(v1)/-1.10488728070732)),-1.0,9.926297452004086e-28,2.2668934256803864e-15,9.926297452004086e-28,6.0,2.8899959348704076e-14,(15.6+(log(v1)/-1.1))
3.9522079251243615e-15,6.0,0,4169.0,-1.0,true,5.1514348342607263e-14,2.750080465762055e-15,2.0,(15.65+(-0.905069700286375*log(v1))),-1.0,9.853479522291377e-28,2.2660002112966523e-15,9.853479522291377e-28,6.0,2.8899959348704076e-14,(15.6+(-0.905*log(v1)))
4.2683845591343105e-15,6.0,0,5433.0,-1.0,true,4.796163466380676e-14,2.9212555031463217e-15,2.0,((-0.905069700286375*log(v1))--15.65),-1.0,9.819497821758779e-28,2.2470588659972035e-15,9.819497821758779e-28,6.0,2.862667368110404e-14,((-0.905*log(v1))--15.6)
4.087673587255396e-15,6.0,0,2672.0,-1.0,true,5.1514348342607263e-14,2.7470310528685824e-15,2.0,(15.65-(0.905069700286375*log(v1))),-1.0,9.937220141460991e-28,2.2614759047668476e-15,9.937220141460991e-28,6.0,2.8831637931804064e-14,(15.6-(0.905*log(v1)))
1.4149639340499447e-14,6.0,0,1.0,-1.0,true,2.0961010704922955e-13,1.003339599271232e-14,2.0,(0.905069700286437*(17.2914859430685-log(v1))),-1.0,9.697406426273804e-27,6.58590080072825e-15,9.697406426273804e-27,6.0,8.5128485457412e-14,(0.905*(17.3-log(v1)))
4.2683845591343105e-15,6.0,0,4169.0,-1.0,true,4.973799150320701e-14,2.9212555031463217e-15,2.0,((log(v1)/-1.10488728070732)--15.65),-1.0,9.904452073090272e-28,2.247052958352008e-15,9.904452073090272e-28,6.0,2.862667368110404e-14,((log(v1)/-1.1)--15.6)
4.1102962421293356e-15,7.0,0,2417.0,-1.0,true,5.1514348342607263e-14,2.955649088012298e-15,2.0,((-0.452534850143188*log(pow2(v1)))--15.65),-1.0,9.920229291194692e-28,2.237976070616686e-15,9.920229291194692e-28,18.0,2.8558352264204026e-14,((-0.453*log(pow2(v1)))--15.7)
4.584561193144259e-15,7.0,0,33.0,-1.0,true,6.394884621840902e-14,3.2179814170543772e-15,2.0,(15.65-(0.301689900095456*log(pow3(v1)))),-1.0,1.1024634558504109e-27,2.390794241438705e-15,1.1024634558504109e-27,18.0,3.0607994771204314e-14,(15.6-(0.302*log(pow3(v1))))
4.2448918021498344e-15,7.0,0,3.0,-1.0,true,6.394884621840902e-14,3.3384601578952313e-15,2.0,(-0.30168990009546*log(pow3((3.09316488350244e-8*v1)))),-1.0,1.0642340427512389e-27,2.2850001706065968e-15,1.0642340427512389e-27,257.0,2.930988785010413e-14,(-0.302*log(pow3((3.09e-8*v1))))
9.872004229677034e-14,7.0,0,3.0,-1.0,true,1.4193091146808001e-12,8.55184838190174e-14,2.0,(0.301689900095636*(51.8744578291832-log(pow3(v1)))),-1.0,6.317999126236703e-25,5.295237675471691e-14,6.317999126236703e-25,18.0,6.81027883659296e-13,(0.302*(51.9-log(pow3(v1))))
5.8492677291840544e-15,7.0,0,30.0,-1.0,true,8.526512829121202e-14,3.4676308547905028e-15,2.0,(15.65+(-1.81013940057272*log(sqrt_abs(v1)))),-1.0,1.4370618428803078e-27,2.5354132269637057e-15,1.4370618428803078e-27,18.0,3.2589315861304596e-14,(15.6+(-1.81*log(sqrt_abs(v1))))
4.9007378271542076e-15,7.0,0,9.0,-1.0,true,6.750155989720952e-14,3.1005168301199975e-15,2.0,(15.65-(0.452534850143184*log(pow2(v1)))),-1.0,1.144697855083782e-27,2.4194542746430195e-15,1.144697855083782e-27,18.0,3.101792327260437e-14,(15.6-(0.453*log(pow2(v1))))
5.974292165988656e-15,7.0,0,14.0,-1.0,true,6.750155989720952e-14,3.402069105271971e-15,2.0,((log(pow3(v1))/-3.31466184212192)--15.65),-1.0,1.2593860943812985e-27,2.40544904334572e-15,1.2593860943812985e-27,18.0,3.0812959021904346e-14,((log(pow3(v1))/-3.31)--15.7)
4.20980390815706e-15,7.0,0,40.0,-1.0,true,5.5067062021407764e-14,2.7694400693477164e-15,2.0,(15.65+(log(sqrt_abs(v1))/-0.552443640353659)),-1.0,1.0262473560844424e-27,2.301368385714973e-15,1.0262473560844424e-27,18.0,2.9378209267004145e-14,(15.6+(log(sqrt_abs(v1))/-0.552))
4.402110017044272e-15,7.0,0,1.0,-1.0,true,5.684341886080802e-14,3.0965816576717473e-15,2.0,(15.65-(1.81013940057276*log(sqrt_abs(v1)))),-1.0,1.0450586545935588e-27,2.2795007217777556e-15,1.0450586545935588e-27,18.0,2.9173245016304114e-14,(15.7-(1.81*log(sqrt_abs(v1))))
4.2683845591343105e-15,7.0,0,18.0,-1.0,true,6.039613253960852e-14,3.2922057777247195e-15,2.0,(15.65+(-0.452534850143189*log(pow2(v1)))),-1.0,1.0610785991303548e-27,2.2820373047127726e-15,1.0610785991303548e-27,18.0,2.9173245016304114e-14,(15.7+(-0.453*log(pow2(v1))))
4.402110017044272e-15,7.0,0,7.0,-1.0,true,5.3290705182007514e-14,2.716815291249778e-15,2.0,((log(sqrt_abs(v1))/-0.552443640353658)--15.65),-1.0,1.017023751654166e-27,2.2711002491248627e-15,1.017023751654166e-27,18.0,2.896828076560408e-14,((log(sqrt_abs(v1))/-0.552)--15.6)
9.903952463430034e-14,7.0,0,15.0,-1.0,true,1.4175327578413999e-12,8.554775148418536e-14,2.0,(-0.301689900095636*(-51.8744578291832+log(pow3(v1)))),-1.0,6.334112520449963e-25,5.306515168716491e-14,6.334112520449963e-25,18.0,6.821893477465962e-13,(-0.302*(-51.9+log(pow3(v1))))
6.760383240460847e-15,7.0,0,0.0,-1.0,true,9.592326932761353e-14,3.5079901611634026e-15,2.0,(1.81013940057279*(8.64574297153461-log(sqrt_abs(v1)))),-1.0,1.7555189221572208e-27,2.7090566515553494e-15,1.7555189221572208e-27,18.0,3.491224403590492e-14,(1.81*(8.65-log(sqrt_abs(v1))))
5.974292165988656e-15,7.0,0,0.0,-1.0,true,7.105427357601002e-14,3.533281529435296e-15,2.0,(15.65+(log(pow3(v1))/-3.31466184212191)),-1.0,1.3110868244773216e-27,2.4508344701417934e-15,1.3110868244773216e-27,18.0,3.135953035710442e-14,(15.7+(log(pow3(v1))/-3.31))
4.7426495101492335e-15,7.0,0,10.0,-1.0,true,6.572520305780927e-14,3.2179814170543772e-15,2.0,(15.65-(0.301689900095456*log(pow3(v1)))),-1.0,1.1321974438164338e-27,2.4170511405343226e-15,1.1321974438164338e-27,18.0,3.0949601855704364e-14,(15.6-(0.302*log(pow3(v1))))
4.873764661727587e-15,7.0,0,9.0,-1.0,true,5.684341886080802e-14,2.7768460313884706e-15,2.0,(15.65+(log(pow2(v1))/-2.20977456141463)),-1.0,1.0701808403444433e-27,2.2785991759813964e-15,1.0701808403444433e-27,18.0,2.91049235994041e-14,(15.6+(log(pow2(v1))/-2.21))
1.1341622982315039e-13,7.0,0,20.0,-1.0,true,1.637801005927031e-12,9.903211720466202e-14,2.0,((51.8744578291793-log(pow3(v1)))/3.31466184211971),-1.0,8.394402391994593e-25,6.087919429336625e-14,8.394402391994593e-25,18.0,7.835100090093105e-13,((51.9-log(pow3(v1)))/3.31)
4.584561193144259e-15,7.0,0,45.0,-1.0,true,5.1514348342607263e-14,2.8953647184376524e-15,2.0,(15.65+(-1.81013940057275*log(sqrt_abs(v1)))),-1.0,1.0104701379800222e-27,2.2927686961293575e-15,1.0104701379800222e-27,18.0,2.924156643320412e-14,(15.6+(-1.81*log(sqrt_abs(v1))))
5.3750027781691314e-15,7.0,0,4.0,-1.0,true,6.039613253960852e-14,2.802792260800755e-15,2.0,(15.65+(-0.452534850143185*log(pow2(v1)))),-1.0,1.0812248930175375e-27,2.312135375167245e-15,1.0812248930175375e-27,18.0,2.944653068390415e-14,(15.6+(-0.453*log(pow2(v1))))
4.584561193144259e-15,7.0,0,10.0,-1.0,true,6.394884621840902e-14,3.2179814170543772e-15,2.0,((-0.452534850143185*log(pow2(v1)))--15.65),-1.0,1.108774343092179e-27,2.4013687956871002e-15,1.108774343092179e-27,18.0,3.074463760500433e-14,((-0.453*log(pow2(v1)))--15.6)
4.087673587255396e-15,7.0,0,5177.0,-1.0,true,4.973799150320701e-14,2.751749128018354e-15,2.0,(15.65-(0.452534850143188*log(pow2(v1)))),-1.0,9.944501934432262e-28,2.250214161482117e-15,9.944501934432262e-28,18.0,2.8694995098004045e-14,(15.6-(0.453*log(pow2(v1))))
6.603165025566409e-15,7.0,0,2.0,-1.0,true,9.592326932761353e-14,3.5276317082168113e-15,2.0,(1.81013940057279*(8.64574297153462-log(sqrt_abs(v1)))),-1.0,1.7459312280783808e-27,2.6866044286301986e-15,1.7459312280783808e-27,18.0,3.4707279785204897e-14,(1.81*(8.65-log(sqrt_abs(v1))))
4.402110017044272e-14,7.0,0,7.0,-1.0,true,6.679101716144942e-13,3.757015234032314e-14,2.0,(-0.452534850143307*(-34.5829718861314+log(pow2(v1)))),-1.0,1.2947756082216748e-25,2.4132745361287028e-14,1.2947756082216748e-25,18.0,3.105891612274438e-13,(-0.453*(-34.6+log(pow2(v1))))
6.007356046189029e-15,7.0,0,10.0,-1.0,true,6.750155989720952e-14,3.309422021220182e-15,2.0,((-1.81013940057273*log(sqrt_abs(v1)))--15.65),-1.0,1.1855972589390868e-27,2.3427326564077298e-15,1.1855972589390868e-27,18.0,2.985645918530421e-14,((-1.81*log(sqrt_abs(v1)))--15.6)
5.0318468160975176e-14,7.0,0,4.0,-1.0,true,7.620570841027074e-13,4.34690603410324e-14,2.0,((34.5829718861303-log(pow2(v1)))/2.20977456141396),-1.0,1.7099798025470547e-25,2.768111306022436e-14,1.7099798025470547e-25,18.0,3.562961891335502e-13,((34.6-log(pow2(v1)))/2.21)
4.584561193144259e-15,7.0,0,40.0,-1.0,true,5.861977570020827e-14,3.0347026866830258e-15,2.0,(15.65-(1.81013940057274*log(sqrt_abs(v1)))),-1.0,1.051248178619139e-27,2.342571387338895e-15,1.051248178619139e-27,18.0,2.992478060220422e-14,(15.6-(1.81*log(sqrt_abs(v1))))
7.0748196702497235e-15,7.0,0,11.0,-1.0,true,9.237055564881302e-14,3.724353219973254e-15,2.0,((8.64574297153461-log(sqrt_abs(v1)))/0.552443640353648),-1.0,1.7931415191754536e-27,2.739247652931495e-15,1.7931415191754536e-27,18.0,3.518552970350496e-14,((8.65-log(sqrt_abs(v1)))/0.552)
4.584561193144259e-15,7.0,0,15.0,-1.0,true,5.861977570020827e-14,3.0347026866830258e-15,2.0,(15.65-(1.81013940057274*log(sqrt_abs(v1)))),-1.0,1.051248178619139e-27,2.342571387338895e-15,1.051248178619139e-27,18.0,2.992478060220422e-14,(15.6-(1.81*log(sqrt_abs(v1))))
4.7426495101492335e-15,7.0,0,28.0,-1.0,true,6.217248937900877e-14,3.130221815015509e-15,2.0,(15.65-(0.301689900095456*log(pow3(v1)))),-1.0,1.0987011961485876e-27,2.387262551956046e-15,1.0987011961485876e-27,18.0,3.053967335430431e-14,(15.6-(0.302*log(pow3(v1))))
4.9007378271542076e-15,7.0,0,15.0,-1.0,true,6.750155989720952e-14,3.1005168301199975e-15,2.0,(15.65-(0.452534850143184*log(pow2(v1)))),-1.0,1.144697855083782e-27,2.4194542746430195e-15,1.144697855083782e-27,18.0,3.101792327260437e-14,(15.6-(0.453*log(pow2(v1))))
4.2683845591343105e-15,7.0,0,2278.0,-1.0,true,4.973799150320701e-14,2.920751226686593e-15,2.0,(15.65+(-0.452534850143187*log(pow2(v1)))),-1.0,9.894743015795246e-28,2.2656982137335422e-15,9.894743015795246e-28,18.0,2.8899959348704076e-14,(15.6+(-0.453*log(pow2(v1))))
4.2683845591343105e-15,7.0,0,26.0,-1.0,true,5.684341886080802e-14,2.9975905063478546e-15,2.0,((log(sqrt_abs(v1))/-0.552443640353661)--15.65),-1.0,1.0615640519951061e-27,2.356381347692066e-15,1.0615640519951061e-27,18.0,3.0129744852904245e-14,((log(sqrt_abs(v1))/-0.552)--15.6)
4.7426495101492335e-15,7.0,0,78.0,-1.0,true,5.861977570020827e-14,3.102220387775649e-15,2.0,(15.65+(-1.81013940057274*log(sqrt_abs(v1)))),-1.0,1.0542822590238354e-27,2.3384563856188776e-15,1.0542822590238354e-27,18.0,2.985645918530421e-14,(15.6+(-1.81*log(sqrt_abs(v1))))
4.2683845591343105e-15,7.0,0,2278.0,-1.0,true,4.973799150320701e-14,2.920751226686593e-15,2.0,(15.65+(-0.452534850143187*log(pow2(v1)))),-1.0,9.894743015795246e-28,2.2656982137335422e-15,9.894743015795246e-28,18.0,2.8899959348704076e-14,(15.6+(-0.453*log(pow2(v1))))
4.7426495101492335e-15,7.0,0,6.0,-1.0,true,6.217248937900877e-14,3.130221815015509e-15,2.0,((-0.301689900095456*log(pow3(v1)))--15.65),-1.0,1.0987011961485876e-27,2.387262551956046e-15,1.0987011961485876e-27,18.0,3.053967335430431e-14,((-0.302*log(pow3(v1)))--15.6)
7.316145529437025e-14,7.0,0,9.0,-1.0,true,1.0462741784067475e-12,6.223837248670929e-14,2.0,(0.301689900095589*(51.8744578291899-log(pow3(v1)))),-1.0,3.4369856506931026e-25,3.928791051233708e-14,3.4369856506931026e-25,18.0,5.044170209727711e-13,(0.302*(51.9-log(pow3(v1))))
4.584561193144259e-15,7.0,0,23.0,-1.0,true,6.394884621840902e-14,3.2179814170543772e-15,2.0,(15.65-(0.301689900095456*log(pow3(v1)))),-1.0,1.1024634558504109e-27,2.390794241438705e-15,1.1024634558504109e-27,18.0,3.0607994771204314e-14,(15.6-(0.302*log(pow3(v1))))
5.2169144611641565e-15,7.0,0,6.0,-1.0,true,6.750155989720952e-14,2.8692181782770245e-15,2.0,(15.65+(-1.81013940057273*log(sqrt_abs(v1)))),-1.0,1.1612032524853294e-27,2.423529649834923e-15,1.1612032524853294e-27,18.0,3.101792327260437e-14,(15.6+(-1.81*log(sqrt_abs(v1))))
5.2169144611641565e-15,7.0,0,2.0,-1.0,true,7.993605777301127e-14,3.131713698651083e-15,2.0,(15.65+(log(sqrt_abs(v1))/-0.552443640353665)),-1.0,1.3224949667989794e-27,2.516235934319404e-15,1.3224949667989794e-27,18.0,3.231603019370456e-14,(15.6+(log(sqrt_abs(v1))/-0.552))
4.1102962421293356e-15,7.0,0,2417.0,-1.0,true,5.1514348342607263e-14,2.955649088012298e-15,2.0,((-0.452534850143188*log(pow2(v1)))--15.65),-1.0,9.920229291194692e-28,2.237976070616686e-15,9.920229291194692e-28,18.0,2.8558352264204026e-14,((-0.453*log(pow2(v1)))--15.7)
6.007356046189029e-15,7.0,0,5.0,-1.0,true,6.750155989720952e-14,3.2724348707330822e-15,2.0,((-1.81013940057273*log(sqrt_abs(v1)))--15.65),-1.0,1.1906945140189765e-27,2.3635585337968206e-15,1.1906945140189765e-27,18.0,3.0129744852904245e-14,((-1.81*log(sqrt_abs(v1)))--15.6)
4.716546446833149e-15,7.0,0,51.0,-1.0,true,5.3290705182007514e-14,2.752367910561787e-15,2.0,(15.65+(log(pow2(v1))/-2.20977456141463)),-1.0,1.0405682155946085e-27,2.2569892571129325e-15,1.0405682155946085e-27,18.0,2.8831637931804064e-14,(15.7+(log(pow2(v1))/-2.21))
4.9007378271542076e-15,7.0,0,0.0,-1.0,true,6.750155989720952e-14,3.1376290104551686e-15,2.0,(15.65-(0.452534850143184*log(pow2(v1)))),-1.0,1.147125119407539e-27,2.4208995229182478e-15,1.147125119407539e-27,18.0,3.101792327260437e-14,(15.6-(0.453*log(pow2(v1))))
6.481620997203952e-15,8.0,0,1.0,-1.0,true,9.237055564881302e-14,3.845494717763913e-15,3.0,((-0.905069700286358*log((-8.970265370939721e-15+v1)))--15.6499999999999),-1.0,1.6744482937437386e-27,2.6456732285341687e-15,1.6744482937437386e-27,10.0,3.409238703310481e-14,((-0.905*log((-8.97e-15+v1)))--15.6)
4.1102962421293356e-15,8.0,0,3623.0,-1.0,true,4.973799150320701e-14,2.9212555031463217e-15,3.0,((13.8419589681734+(-0.80050719838345*log(v1)))/0.884470221608523),-1.0,9.814643293111266e-28,2.246390748550733e-15,9.814643293111266e-28,7.0,2.862667368110404e-14,((13.8+(-0.801*log(v1)))/0.884)
8.77804985108323e-15,8.0,0,5.0,-1.0,true,1.3500311979441904e-13,5.191949751805151e-15,2.0,((-0.150844950047724*log(pow2(pow3(v1))))--15.6499999999999),-1.0,3.086145224440786e-27,3.4333911308719455e-15,3.086145224440786e-27,65538.0,4.516045657090637e-14,((-0.151*log(pow2(pow3(v1))))--15.6)
3.9522079251243615e-15,8.0,0,1657.0,-1.0,true,5.1514348342607263e-14,2.7470310528685824e-15,3.0,((-0.905069700286375*log((v1-2.4758621538455904e-15)))--15.65),-1.0,9.861974947424526e-28,2.261350559138968e-15,9.861974947424526e-28,10.0,2.8831637931804064e-14,((-0.905*log((v1-2.48e-15)))--15.6)
4.2683845591343105e-15,8.0,0,78.0,-1.0,true,5.5067062021407764e-14,2.8649591976802e-15,2.0,((-0.452534850143187*log((v1*v1)))--15.65),-1.0,1.0273396250301331e-27,2.3067832783191265e-15,1.0273396250301331e-27,34.0,2.944653068390415e-14,((-0.453*log((v1*v1)))--15.6)
5.8492677291840544e-15,8.0,0,34.0,-1.0,true,7.993605777301127e-14,3.188404741158812e-15,2.0,(16.2773465109637-(0.905069700286363*log((v1+v1)))),-1.0,1.3400926331462172e-27,2.4896759958815735e-15,1.3400926331462172e-27,18.0,3.197442310920451e-14,(16.3-(0.905*log((v1+v1))))
4.1102962421293356e-15,8.0,0,5307.0,-1.0,true,4.796163466380676e-14,2.9212555031463217e-15,3.0,(1.25148305327015*(12.5051633412903-(0.723197727625164*log(v1)))),-1.0,9.679930123142754e-28,2.2311066883971962e-15,9.679930123142754e-28,7.0,2.842170943040401e-14,(1.25*(12.5-(0.723*log(v1))))
5.659855736199779e-15,8.0,0,1.0,-1.0,true,8.171241461241152e-14,3.2368046247371153e-15,3.0,(5.11762841592114+(log((8.83240336221464e-6*v1))/-1.1048872807073)),-1.0,1.3615739224114664e-27,2.4296468083877018e-15,1.3615739224114664e-27,10.0,3.135953035710442e-14,(5.12+(log((8.83e-6*v1))/-1.1))
4.4264728761392846e-15,8.0,0,3006.0,-1.0,true,4.973799150320701e-14,2.917365680374105e-15,3.0,(-1.00323597237392*(-15.5995203829942+(0.902150366622862*log(v1)))),-1.0,9.855906786615134e-28,2.2681776554788785e-15,9.855906786615134e-28,7.0,2.8899959348704076e-14,(-1.0*(-15.6+(0.902*log(v1))))
4.2683845591343105e-15,8.0,0,3946.0,-1.0,true,4.796163466380676e-14,2.9212555031463217e-15,3.0,(14.9183884308709-(0.905069700286375*log((0.445593437795168*v1)))),-1.0,9.85833405093889e-28,2.2466592719050023e-15,9.85833405093889e-28,10.0,2.862667368110404e-14,(14.9-(0.905*log((0.446*v1))))
4.9007378271542076e-15,8.0,0,13.0,-1.0,true,5.5067062021407764e-14,2.91930463501007e-15,3.0,(15.65+(-0.905069700286371*log((-6.99915360017787e-15+v1)))),-1.0,1.0175092045189174e-27,2.2853036819565245e-15,1.0175092045189174e-27,10.0,2.91049235994041e-14,(15.6+(-0.905*log((-7.0e-15+v1))))
6.1315103808830935e-15,8.0,0,6.0,-1.0,true,8.526512829121202e-14,3.5079901611634026e-15,3.0,(0.90506970028639*(5.7121671323248-log((9.35762713582015e-6*v1)))),-1.0,1.4796603317622424e-27,2.5258960206421334e-15,1.4796603317622424e-27,10.0,3.2520994444404583e-14,(0.905*(5.71-log((9.36e-6*v1))))
4.2683845591343105e-15,8.0,0,33.0,-1.0,true,4.796163466380676e-14,2.9212555031463217e-15,3.0,(15.65+(-0.905069700286375*log((v1-6.15324821338392e-16)))),-1.0,9.883820326338339e-28,2.2515077147573083e-15,9.883820326338339e-28,10.0,2.8694995098004045e-14,(15.6+(-0.905*log((v1-6.15e-16))))
2.6569878317160073e-14,8.0,0,2.0,-1.0,true,3.943512183468556e-13,2.0168953025080435e-14,2.0,(0.603379800191007*(25.937228914601-log(pow3(sqrt_abs(v1))))),-1.0,4.2002474127236117e-26,1.3847220914870539e-14,4.2002474127236117e-26,65538.0,1.7825057669212512e-13,(0.603*(25.9-log(pow3(sqrt_abs(v1)))))
4.402110017044272e-15,8.0,0,5.0,-1.0,true,5.684341886080802e-14,2.7665237129502806e-15,2.0,((log(pow3(sqrt_abs(v1)))/-1.65733092106098)--15.65),-1.0,1.0336505122719012e-27,2.2849742358314446e-15,1.0336505122719012e-27,65538.0,2.9173245016304114e-14,((log(pow3(sqrt_abs(v1)))/-1.66)--15.6)
8.67525508220406e-15,8.0,0,0.0,-1.0,true,1.3322676295501878e-13,4.3852378167656796e-15,3.0,(15.6500000000001+(log((v1-2.60121426238758e-14))/-1.10488728070729)),-1.0,2.750818658113762e-27,3.238237551743761e-15,2.750818658113762e-27,10.0,4.263256414560601e-14,(15.7+(log((v1-2.6e-14))/-1.1))
4.9007378271542076e-15,8.0,0,6.0,-1.0,true,6.750155989720952e-14,3.1005168301199975e-15,2.0,(15.65+(-0.452534850143184*log((v1*v1)))),-1.0,1.144697855083782e-27,2.4194542746430195e-15,1.144697855083782e-27,34.0,3.101792327260437e-14,(15.6+(-0.453*log((v1*v1))))
4.2683845591343105e-15,8.0,0,1.0,-1.0,true,4.973799150320701e-14,2.9212555031463217e-15,3.0,(14.2208718457878+(-0.905069700286375*log((0.206175914629988*v1)))),-1.0,1.0080428736562652e-27,2.283194597680826e-15,1.0080428736562652e-27,10.0,2.91049235994041e-14,(14.2+(-0.905*log((0.206*v1))))
4.1102962421293356e-15,8.0,0,3623.0,-1.0,true,4.973799150320701e-14,2.9212555031463217e-15,3.0,((13.8419589681734+(-0.80050719838345*log(v1)))/0.884470221608523),-1.0,9.814643293111266e-28,2.246390748550733e-15,9.814643293111266e-28,7.0,2.862667368110404e-14,((13.8+(-0.801*log(v1)))/0.884)
4.4264728761392846e-15,8.0,0,6141.0,-1.0,true,4.973799150320701e-14,2.830740188422626e-15,3.0,(1.04751404221457*(14.9401338495797+(-0.864016770957023*log(v1)))),-1.0,9.843770464996349e-28,2.26824613963893e-15,9.843770464996349e-28,7.0,2.8899959348704076e-14,(1.05*(14.9+(-0.864*log(v1))))
4.2683845591343105e-15,8.0,0,582.0,-1.0,true,4.796163466380676e-14,2.9212555031463217e-15,3.0,((-0.905069700286375*log((v1--4.3799620491297998e-16)))--15.65),-1.0,9.86561584391016e-28,2.246796292888222e-15,9.86561584391016e-28,10.0,2.862667368110404e-14,((-0.905*log((v1--4.38e-16)))--15.6)
4.2683845591343105e-15,8.0,0,5335.0,-1.0,true,4.796163466380676e-14,2.9212555031463217e-15,3.0,((-0.905069700286375*log((0.514982551829551*v1)))--15.0493756010929),-1.0,9.864402211748284e-28,2.2519572828347666e-15,9.864402211748284e-28,10.0,2.8694995098004045e-14,((-0.905*log((0.515*v1)))--15.0)
4.1102962421293356e-15,8.0,0,4798.0,-1.0,true,4.796163466380676e-14,2.7835693580149488e-15,3.0,((14.0271070967456-(0.81121467194482*log(v1)))/0.89630077295499),-1.0,9.724834513132257e-28,2.246168495342531e-15,9.724834513132257e-28,7.0,2.862667368110404e-14,((14.0-(0.811*log(v1)))/0.896)
6.940204065763248e-15,8.0,0,20.0,-1.0,true,1.0658141036401503e-13,3.7923012491515386e-15,3.0,(15.6500000000001-(0.905069700286395*log((v1--5.87830843865828e-16)))),-1.0,1.929432410954407e-27,2.7990917291825137e-15,1.929432410954407e-27,10.0,3.648363662460515e-14,(15.7-(0.905*log((v1--5.88e-16))))
3.9522079251243615e-15,8.0,0,4009.0,-1.0,true,5.1514348342607263e-14,2.808398214716589e-15,3.0,(1.24057282526481*(12.6151401040559-(0.729557896041437*log(v1)))),-1.0,9.814643293111266e-28,2.2554984606785493e-15,9.814643293111266e-28,7.0,2.876331651490406e-14,(1.24*(12.6-(0.73*log(v1))))
4.9007378271542076e-15,8.0,0,0.0,-1.0,true,6.572520305780927e-14,3.1376290104551686e-15,2.0,(15.65-(0.452534850143184*log((v1*v1)))),-1.0,1.1362024299506328e-27,2.4218012179760253e-15,1.1362024299506328e-27,34.0,3.101792327260437e-14,(15.6-(0.453*log((v1*v1))))
7.969545259536091e-15,8.0,0,0.0,-1.0,true,1.2256862191861728e-13,3.4048592300349718e-15,3.0,(15.65+(-0.905069700286369*log((1.01753848221634e-13+v1)))),-1.0,1.8757898693993782e-27,2.7352472107530515e-15,1.8757898693993782e-27,10.0,3.580042245560505e-14,(15.6+(-0.905*log((1.02e-13+v1))))
6.288728595777532e-15,8.0,0,0.0,-1.0,true,8.704148513061227e-14,3.576767651761492e-15,3.0,(15.65+(log((-4.450651436995781e-15+v1))/-1.1048872807073)),-1.0,1.538278765180973e-27,2.576479442143323e-15,1.538278765180973e-27,10.0,3.313588719650467e-14,(15.7+(log((-4.45e-15+v1))/-1.1))
4.2683845591343105e-15,8.0,0,8.0,-1.0,true,4.796163466380676e-14,2.9212555031463217e-15,3.0,((-0.905069700286375*log((v1-6.12071340072117e-16)))--15.65),-1.0,9.883820326338339e-28,2.2515077147573083e-15,9.883820326338339e-28,10.0,2.8694995098004045e-14,((-0.905*log((v1-6.12e-16)))--15.6)
4.2683845591343105e-15,8.0,0,1521.0,-1.0,true,4.796163466380676e-14,2.9212555031463217e-15,3.0,(15.1639621802171-(0.905069700286375*log((0.584489182787316*v1)))),-1.0,9.860761315262648e-28,2.2450763215887766e-15,9.860761315262648e-28,10.0,2.862667368110404e-14,(15.2-(0.905*log((0.584*v1))))
4.9007378271542076e-15,8.0,0,1.0,-1.0,true,6.750155989720952e-14,3.1376290104551686e-15,2.0,(15.65-(0.452534850143184*log((v1*v1)))),-1.0,1.1494310205151081e-27,2.4271997689246995e-15,1.1494310205151081e-27,34.0,3.108624468950438e-14,(15.6-(0.453*log((v1*v1))))
8.79092514996678e-15,8.0,0,2.0,-1.0,true,1.3500311979441904e-13,3.760990039721459e-15,3.0,(15.65+(-0.905069700286389*log((v1-8.17105177542418e-14)))),-1.0,2.4335752109987277e-27,3.008564583290418e-15,2.4335752109987277e-27,10.0,3.9763064635805604e-14,(15.7+(-0.905*log((v1-8.17e-14))))
1.7136785423493775e-14,8.0,0,4.0,-1.0,true,1.936228954946273e-13,1.0592305644886017e-14,3.0,(-0.905069700286485*(-17.2914859430678+log((4.20431146954899e-13+v1)))),-1.0,1.0933612146363224e-26,7.156215759615119e-15,1.0933612146363224e-26,10.0,9.032091314181274e-14,(-0.905*(-17.3+log((4.2e-13+v1))))
9.600615624305826e-15,8.0,0,2.0,-1.0,true,1.474376176702208e-13,4.193948876366216e-15,3.0,(15.65+(log((v1-9.07696690476058e-14))/-1.1048872807073)),-1.0,2.9299507652070257e-27,3.26106548417221e-15,2.9299507652070257e-27,10.0,4.3179135480806086e-14,(15.7+(log((v1-9.08e-14))/-1.1))
4.2683845591343105e-15,8.0,0,5335.0,-1.0,true,4.796163466380676e-14,2.9212555031463217e-15,3.0,((-0.905069700286375*log((0.514982551829551*v1)))--15.0493756010929),-1.0,9.864402211748284e-28,2.2519572828347666e-15,9.864402211748284e-28,10.0,2.8694995098004045e-14,((-0.905*log((0.515*v1)))--15.0)
4.2683845591343105e-15,8.0,0,13.0,-1.0,true,4.973799150320701e-14,3.0987372520600306e-15,3.0,(15.341544520307+(-0.905069700286376*log((0.711195063297093*v1)))),-1.0,1.0046447036030054e-27,2.251323303216509e-15,1.0046447036030054e-27,10.0,2.8694995098004045e-14,(15.3+(-0.905*log((0.711*v1))))
1.1550065593530567e-14,8.0,0,2.0,-1.0,true,1.7763568394002505e-13,5.149548909008194e-15,3.0,((log((5.21712325673726e-13+v1))/-1.10488728070725)--15.6500000000002),-1.0,4.042001915136277e-27,3.700258513233987e-15,4.042001915136277e-27,10.0,4.9259741584906944e-14,((log((5.22e-13+v1))/-1.1)--15.7)
4.1102962421293356e-15,8.0,0,4798.0,-1.0,true,4.796163466380676e-14,2.7835693580149488e-15,3.0,((14.0271070967456-(0.81121467194482*log(v1)))/0.89630077295499),-1.0,9.724834513132257e-28,2.246168495342531e-15,9.724834513132257e-28,7.0,2.862667368110404e-14,((14.0-(0.811*log(v1)))/0.896)
4.7426495101492335e-15,8.0,0,19.0,-1.0,true,6.217248937900877e-14,3.130221815015509e-15,2.0,((log((v1+v1))/-1.10488728070732)--16.2773465109637),-1.0,1.0868076009621785e-27,2.3765521243180226e-15,1.0868076009621785e-27,18.0,3.040303052050429e-14,((log((v1+v1))/-1.1)--16.3)
4.1102962421293356e-15,8.0,0,5307.0,-1.0,true,4.796163466380676e-14,2.9212555031463217e-15,3.0,(1.25148305327015*(12.5051633412903-(0.723197727625164*log(v1)))),-1.0,9.679930123142754e-28,2.2311066883971962e-15,9.679930123142754e-28,7.0,2.842170943040401e-14,(1.25*(12.5-(0.723*log(v1))))
4.4264728761392846e-15,8.0,0,6141.0,-1.0,true,4.973799150320701e-14,2.830740188422626e-15,3.0,(1.04751404221457*(14.9401338495797+(-0.864016770957023*log(v1)))),-1.0,9.843770464996349e-28,2.26824613963893e-15,9.843770464996349e-28,7.0,2.8899959348704076e-14,(1.05*(14.9+(-0.864*log(v1))))
6.1315103808830935e-15,8.0,0,11.0,-1.0,true,7.105427357601002e-14,3.533281529435296e-15,3.0,(15.65+(log((-2.1888668596498399e-16+v1))/-1.1048872807073)),-1.0,1.3204317921237859e-27,2.445718343704718e-15,1.3204317921237859e-27,10.0,3.1291208940204414e-14,(15.7+(log((-2.19e-16+v1))/-1.1))
1.0048557066371593e-14,8.0,0,0.0,-1.0,true,1.545430450278218e-13,3.970472832544687e-15,3.0,((-0.905069700286403*log((3.35817255080862e-13+v1)))--15.6500000000001),-1.0,2.5168303773035913e-27,2.6946220861988706e-15,2.5168303773035913e-27,10.0,3.5937065289405066e-14,((-0.905*log((3.36e-13+v1)))--15.7)
6.708863930237806e-15,8.0,0,0.0,-1.0,true,1.0302869668521453e-13,3.5068313354154587e-15,3.0,(15.6500000000001-(0.905069700286392*log((v1-1.07872240667906e-14)))),-1.0,1.7751797631796523e-27,2.685129718318389e-15,1.7751797631796523e-27,10.0,3.504888686970494e-14,(15.7-(0.905*log((v1-1.08e-14))))
4.2448918021498344e-15,8.0,0,63.0,-1.0,true,6.039613253960852e-14,3.3384601578952313e-15,3.0,(0.90506970028638*(17.1806816319206-log((0.895113895601271*v1)))),-1.0,1.0442091120802439e-27,2.2738674560724864e-15,1.0442091120802439e-27,10.0,2.91049235994041e-14,(0.905*(17.2-log((0.895*v1))))
4.1102962421293356e-15,8.0,0,5307.0,-1.0,true,4.796163466380676e-14,2.9212555031463217e-15,3.0,(1.25148305327015*(12.5051633412903-(0.723197727625164*log(v1)))),-1.0,9.679930123142754e-28,2.2311066883971962e-15,9.679930123142754e-28,7.0,2.842170943040401e-14,(1.25*(12.5-(0.723*log(v1))))
4.4264728761392846e-15,8.0,0,6141.0,-1.0,true,4.973799150320701e-14,2.830740188422626e-15,3.0,(1.04751404221457*(14.9401338495797+(-0.864016770957023*log(v1)))),-1.0,9.843770464996349e-28,2.26824613963893e-15,9.843770464996349e-28,7.0,2.8899959348704076e-14,(1.05*(14.9+(-0.864*log(v1))))
5.974292165988656e-15,8.0,0,6.0,-1.0,true,7.993605777301127e-14,3.4323298492223002e-15,2.0,(16.2773465109638+(log((v1+v1))/-1.1048872807073)),-1.0,1.3765015980025717e-27,2.488031143231188e-15,1.3765015980025717e-27,18.0,3.197442310920451e-14,(16.3+(log((v1+v1))/-1.1))
4.2683845591343105e-15,8.0,0,17.0,-1.0,true,5.1514348342607263e-14,2.920751226686593e-15,2.0,(16.2773465109637-(0.905069700286374*log((v1+v1)))),-1.0,1.0221210067340555e-27,2.306017989929687e-15,1.0221210067340555e-27,18.0,2.9378209267004145e-14,(16.3-(0.905*log((v1+v1))))
5.5330910951741055e-15,8.0,0,9.0,-1.0,true,6.750155989720952e-14,2.8695642670429305e-15,3.0,(15.65+(-0.905069700286366*log((-1.23985875226274e-15+v1)))),-1.0,1.175038659130744e-27,2.4126400006631217e-15,1.175038659130744e-27,10.0,3.088128043880435e-14,(15.6+(-0.905*log((-1.24e-15+v1))))
4.2448918021498344e-15,8.0,0,1.0,-1.0,true,5.3290705182007514e-14,2.8342711971143653e-15,3.0,(15.65+(log((v1-3.43859043912421e-16))/-1.10488728070732)),-1.0,1.0212714642207406e-27,2.2869562216281394e-15,1.0212714642207406e-27,10.0,2.9173245016304114e-14,(15.6+(log((v1-3.44e-16))/-1.1))
4.402110017044272e-14,8.0,0,4.0,-1.0,true,6.625811010962934e-13,3.741295505019626e-14,2.0,(0.452534850143307*(34.5829718861314-log((v1*v1)))),-1.0,1.2830373579519862e-25,2.404793265029876e-14,1.2830373579519862e-25,34.0,3.0935937572324363e-13,(0.453*(34.6-log((v1*v1))))
5.2169144611641565e-15,8.0,0,1.0,-1.0,true,6.927791673660977e-14,2.997457257431268e-15,2.0,(15.65-(0.603379800190911*log(pow3(sqrt_abs(v1))))),-1.0,1.1832913578315177e-27,2.4424815521781403e-15,1.1832913578315177e-27,65538.0,3.1291208940204414e-14,(15.6-(0.603*log(pow3(sqrt_abs(v1)))))
4.2683845591343105e-15,8.0,0,749.0,-1.0,true,4.796163466380676e-14,2.9212555031463217e-15,3.0,((-0.905069700286375*log((v1--3.77486215681757e-16)))--15.65),-1.0,9.86561584391016e-28,2.246796292888222e-15,9.86561584391016e-28,10.0,2.862667368110404e-14,((-0.905*log((v1--3.77e-16)))--15.6)
4.9007378271542076e-15,8.0,0,10.0,-1.0,true,6.750155989720952e-14,3.1005168301199975e-15,2.0,(15.65+(-0.452534850143184*log((v1*v1)))),-1.0,1.144697855083782e-27,2.4194542746430195e-15,1.144697855083782e-27,34.0,3.101792327260437e-14,(15.6+(-0.453*log((v1*v1))))
4.2448918021498344e-15,8.0,0,9.0,-1.0,true,5.3290705182007514e-14,2.671004584617797e-15,3.0,(15.65+(log((2.9676330999314e-15+v1))/-1.10488728070732)),-1.0,1.02017919527505e-27,2.291164420692508e-15,1.02017919527505e-27,10.0,2.924156643320412e-14,(15.6+(log((2.97e-15+v1))/-1.1))
4.1102962421293356e-15,8.0,0,2.0,-1.0,true,5.5067062021407764e-14,3.1296542616258454e-15,3.0,((-0.905069700286377*(0.127404479507898+log(v1)))--15.7653099340834),-1.0,1.0215141906531164e-27,2.2624459005759508e-15,1.0215141906531164e-27,7.0,2.8899959348704076e-14,((-0.905*(0.127+log(v1)))--15.8)
4.7426495101492335e-15,8.0,0,11.0,-1.0,true,6.217248937900877e-14,3.130221815015509e-15,2.0,(15.65+(-0.226267425071592*log(pow2(pow2(v1))))),-1.0,1.0951816628791401e-27,2.381572221111877e-15,1.0951816628791401e-27,65538.0,3.0471351937404295e-14,(15.6+(-0.226*log(pow2(pow2(v1)))))
3.9522079251243615e-15,8.0,0,1.0,-1.0,true,5.1514348342607263e-14,2.91435209069624e-15,3.0,((12.0985379218894+(-0.699681794943628*log(v1)))/0.773069515775679),-1.0,9.82556598256817e-28,2.2382364557659004e-15,9.82556598256817e-28,7.0,2.8558352264204026e-14,((12.1+(-0.7*log(v1)))/0.773)
4.2683845591343105e-15,8.0,0,5335.0,-1.0,true,4.796163466380676e-14,2.9212555031463217e-15,3.0,((-0.905069700286375*log((0.514982551829551*v1)))--15.0493756010929),-1.0,9.864402211748284e-28,2.2519572828347666e-15,9.864402211748284e-28,10.0,2.8694995098004045e-14,((-0.905*log((0.515*v1)))--15.0)
4.9007378271542076e-15,8.0,0,0.0,-1.0,true,6.572520305780927e-14,3.1376290104551686e-15,2.0,((-0.452534850143184*log((v1*v1)))--15.65),-1.0,1.1362024299506328e-27,2.4218012179760253e-15,1.1362024299506328e-27,34.0,3.101792327260437e-14,((-0.453*log((v1*v1)))--15.6)
4.584561193144259e-15,9.0,0,5.0,-1.0,true,6.394884621840902e-14,3.2179814170543772e-15,2.0,(15.65+(-0.226267425071592*log(pow2((v1*v1))))),-1.0,1.108774343092179e-27,2.4013687956871002e-15,1.108774343092179e-27,4.294967298e9,3.074463760500433e-14,(15.6+(-0.226*log(pow2((v1*v1)))))
4.1102962421293356e-15,9.0,0,4377.0,-1.0,true,5.1514348342607263e-14,2.673920941015233e-15,3.0,(-0.906243293665322*(-17.2690933101455+(0.499352495413124*log(pow2(v1))))),-1.0,9.798866075006845e-28,2.2637504792947967e-15,9.798866075006845e-28,19.0,2.8831637931804064e-14,(-0.906*(-17.3+(0.499*log(pow2(v1)))))
4.087673587255396e-15,9.0,0,5450.0,-1.0,true,5.1514348342607263e-14,2.7470310528685824e-15,2.0,((15.65+log(v1))+(log(v1)/-0.52491517756525)),-1.0,9.817070557435023e-28,2.255004557710775e-15,9.817070557435023e-28,10.0,2.876331651490406e-14,((15.6+log(v1))+(log(v1)/-0.525))
4.4264728761392846e-15,9.0,0,5618.0,-1.0,true,4.973799150320701e-14,2.8953647184376524e-15,3.0,(1.32788887654743*(11.7856247434579-(1.3631708439935*log(sqrt_abs(v1))))),-1.0,9.813429660949387e-28,2.260954836717295e-15,9.813429660949387e-28,19.0,2.8831637931804064e-14,(1.33*(11.8-(1.36*log(sqrt_abs(v1)))))
4.087673587255396e-15,9.0,0,2.0,-1.0,true,5.1514348342607263e-14,2.91435209069624e-15,3.0,((14.9573686444854+(-0.288337830801645*log(pow3(v1))))/0.955742405398426),-1.0,1.009013779385768e-27,2.2588658186553964e-15,1.009013779385768e-27,19.0,2.8831637931804064e-14,((15.0+(-0.288*log(pow3(v1))))/0.956)
3.9522079251243615e-15,9.0,0,3227.0,-1.0,true,5.1514348342607263e-14,2.8094146856810796e-15,3.0,(1.02058925501921*(15.3342786268168-(0.443405462008974*log(pow2(v1))))),-1.0,9.764884374474247e-28,2.2487408822359262e-15,9.764884374474247e-28,19.0,2.8694995098004045e-14,(1.02*(15.3-(0.443*log(pow2(v1)))))
4.4264728761392846e-15,9.0,0,1.0,-1.0,true,4.973799150320701e-14,2.890692870146675e-15,3.0,(-0.94503144750583*(-16.5602954709118+(0.319237947998124*log(pow3(v1))))),-1.0,1.028189167543448e-27,2.296795376665939e-15,1.028189167543448e-27,19.0,2.924156643320412e-14,(-0.945*(-16.6+(0.319*log(pow3(v1)))))
4.087673587255396e-15,9.0,0,1.0,-1.0,true,4.973799150320701e-14,2.7901647032543888e-15,3.0,((-0.452534850143189*log(pow2((v1--6.325284774800701e-15))))--15.65),-1.0,1.0037951610896906e-27,2.2648340667512146e-15,1.0037951610896906e-27,258.0,2.8899959348704076e-14,((-0.453*log(pow2((v1--6.33e-15))))--15.7)
7.623043291730173e-15,9.0,0,1.0,-1.0,true,1.1723955140041653e-13,3.4024006208577574e-15,3.0,(15.65+(-0.452534850143185*log(pow2((9.4168180824524e-14+v1))))),-1.0,1.7700825080997626e-27,2.692998550257938e-15,1.7700825080997626e-27,258.0,3.518552970350496e-14,(15.6+(-0.453*log(pow2((9.42e-14+v1)))))
4.402110017044272e-15,9.0,0,0.0,-1.0,true,6.217248937900877e-14,3.3384601578952313e-15,2.0,(log(v1)+(log((0.00027058547277745*v1))/-0.524915177565248)),-1.0,1.0757635482890844e-27,2.2823403276829738e-15,1.0757635482890844e-27,13.0,2.924156643320412e-14,(log(v1)+(log((0.000271*v1))/-0.525))
4.2683845591343105e-15,9.0,0,1585.0,-1.0,true,4.796163466380676e-14,2.9543281071004194e-15,3.0,(9.44314261196867+(log((0.0324213250997374*sqrt_abs(v1)))/-0.552443640353659)),-1.0,9.80978876446375e-28,2.235614346772649e-15,9.80978876446375e-28,34.0,2.849003084730402e-14,(9.44+(log((0.0324*sqrt_abs(v1)))/-0.552))
7.0748196702497235e-15,9.0,0,3.0,-1.0,true,9.059419880941277e-14,3.862559588380108e-15,2.0,((8.64574297153462-log((v1/sqrt_abs(v1))))/0.552443640353648),-1.0,1.770689324180702e-27,2.7195101372725066e-15,1.770689324180702e-27,514.0,3.4843922619004915e-14,((8.65-log((v1/sqrt_abs(v1))))/0.552)
3.9522079251243615e-15,9.0,0,5328.0,-1.0,true,5.1514348342607263e-14,2.7835693580149488e-15,3.0,(1.20298522837556*(13.0093035482512-(0.376176564324289*log(pow2(v1))))),-1.0,9.853479522291377e-28,2.2366761338580803e-15,9.853479522291377e-28,19.0,2.849003084730402e-14,(1.2*(13.0-(0.376*log(pow2(v1)))))
6.603165025566409e-15,9.0,0,20.0,-1.0,true,9.592326932761353e-14,3.5276317082168113e-15,3.0,(1.81013940057279*(8.64574297153462-log(sqrt_abs((-7.56194664337921e-16+v1))))),-1.0,1.7478730395373864e-27,2.6954890944713757e-15,1.7478730395373864e-27,258.0,3.4843922619004915e-14,(1.81*(8.65-log(sqrt_abs((-7.56e-16+v1)))))
4.2683845591343105e-15,9.0,0,3.0,-1.0,true,5.684341886080802e-14,2.9975905063478546e-15,2.0,(15.65+(log((v1/sqrt_abs(v1)))/-0.552443640353661)),-1.0,1.060835872697979e-27,2.3561687927534752e-15,1.060835872697979e-27,514.0,3.0129744852904245e-14,(15.6+(log((v1/sqrt_abs(v1)))/-0.552))
4.1102962421293356e-15,9.0,0,5586.0,-1.0,true,4.973799150320701e-14,2.7470310528685824e-15,2.0,((15.65+log(v1))+(log(v1)/-0.52491517756525)),-1.0,9.642307526124522e-28,2.2346499203038784e-15,9.642307526124522e-28,10.0,2.849003084730402e-14,((15.6+log(v1))+(log(v1)/-0.525))
4.7426495101492335e-15,9.0,0,21.0,-1.0,true,5.3290705182007514e-14,3.033412965725993e-15,3.0,((13.8946360973334-(1.6071072368309*log(sqrt_abs(v1))))/0.887836172353575),-1.0,1.0177519309512931e-27,2.2949390357016898e-15,1.0177519309512931e-27,19.0,2.924156643320412e-14,((13.9-(1.61*log(sqrt_abs(v1))))/0.888)
4.584561193144259e-15,9.0,0,12.0,-1.0,true,6.217248937900877e-14,3.130221815015509e-15,2.0,(15.65+(-0.226267425071592*log((v1*pow3(v1))))),-1.0,1.0895989549344991e-27,2.381225722072142e-15,1.0895989549344991e-27,514.0,3.0471351937404295e-14,(15.6+(-0.226*log((v1*pow3(v1)))))
4.4264728761392846e-15,9.0,0,3692.0,-1.0,true,4.973799150320701e-14,2.8601619818230346e-15,3.0,(-0.896873419944675*(-17.4495080933109+(0.50456936294433*log(pow2(v1))))),-1.0,9.785516121226183e-28,2.2441882266827304e-15,9.785516121226183e-28,19.0,2.862667368110404e-14,(-0.897*(-17.4+(0.505*log(pow2(v1)))))
4.1102962421293356e-15,9.0,0,2.0,-1.0,true,5.1514348342607263e-14,2.91435209069624e-15,3.0,((13.6416611304097-(0.394461793952338*log(pow2(v1))))/0.871671637725856),-1.0,1.01059150119621e-27,2.256670384419056e-15,1.01059150119621e-27,19.0,2.876331651490406e-14,((13.6-(0.394*log(pow2(v1))))/0.872)
4.087673587255396e-15,9.0,0,4685.0,-1.0,true,4.973799150320701e-14,2.813940952510867e-15,3.0,((13.974036451591+(-0.404072747061736*log(pow2(v1))))/0.892909677417954),-1.0,9.852265890129498e-28,2.240501531386516e-15,9.852265890129498e-28,19.0,2.8558352264204026e-14,((14.0+(-0.404*log(pow2(v1))))/0.893)
4.2683845591343105e-15,9.0,0,0.0,-1.0,true,5.1514348342607263e-14,2.8094146856810796e-15,2.0,(log(v1)-(-15.65+(1.90506970028637*log(v1)))),-1.0,1.0159314827084753e-27,2.298720751689334e-15,1.0159314827084753e-27,10.0,2.930988785010413e-14,(log(v1)-(-15.6+(1.91*log(v1))))
4.2683845591343105e-15,9.0,0,1585.0,-1.0,true,4.796163466380676e-14,2.9543281071004194e-15,3.0,(9.44314261196867+(log((0.0324213250997374*sqrt_abs(v1)))/-0.552443640353659)),-1.0,9.80978876446375e-28,2.235614346772649e-15,9.80978876446375e-28,34.0,2.849003084730402e-14,(9.44+(log((0.0324*sqrt_abs(v1)))/-0.552))
2.44861390582848e-14,9.0,0,1.0,-1.0,true,3.765876499528531e-13,8.832745705244771e-15,3.0,(15.6500000000003-(0.452534850143225*log((pow2(v1)--2.44882154572949e-12)))),-1.0,1.8187006125046145e-26,7.205575619018614e-15,1.8187006125046145e-26,34.0,9.892941167121395e-14,(15.7-(0.453*log((pow2(v1)--2.45e-12))))
4.1102962421293356e-15,9.0,0,5317.0,-1.0,true,4.973799150320701e-14,2.7470310528685824e-15,2.0,((15.65+log(v1))+(log(v1)/-0.52491517756525)),-1.0,9.642307526124522e-28,2.2346499203038784e-15,9.642307526124522e-28,10.0,2.849003084730402e-14,((15.6+log(v1))+(log(v1)/-0.525))
4.2683845591343105e-15,9.0,0,5685.0,-1.0,true,5.1514348342607263e-14,2.7768463581867105e-15,3.0,(-0.922983958098002*(-16.9558743277077+(0.490295466321785*log(pow2(v1))))),-1.0,9.77823432825491e-28,2.2568730869429216e-15,9.77823432825491e-28,19.0,2.876331651490406e-14,(-0.923*(-17.0+(0.49*log(pow2(v1)))))
8.316047227342009e-15,9.0,0,6.0,-1.0,true,1.2789769243681803e-13,3.6486311498495225e-15,3.0,((-1.81013940057273*log(sqrt_abs((-9.9186288641586e-14-v1))))--15.65),-1.0,2.0478829099537466e-27,2.8029263617924847e-15,2.0478829099537466e-27,258.0,3.6756922292205185e-14,((-1.81*log(sqrt_abs((-9.92e-14-v1))))--15.6)
4.4264728761392846e-15,9.0,0,5618.0,-1.0,true,4.973799150320701e-14,2.8953647184376524e-15,3.0,(1.32788887654743*(11.7856247434579-(1.3631708439935*log(sqrt_abs(v1))))),-1.0,9.813429660949387e-28,2.260954836717295e-15,9.813429660949387e-28,19.0,2.8831637931804064e-14,(1.33*(11.8-(1.36*log(sqrt_abs(v1)))))
5.1882010915164636e-15,9.0,0,0.0,-1.0,true,5.861977570020827e-14,2.9467879629131184e-15,3.0,((-1.81013940057277*log(sqrt_abs((v1--4.1404600160365303e-14))))--15.65),-1.0,1.0943321203658252e-27,2.2537278806291044e-15,1.0943321203658252e-27,258.0,2.8899959348704076e-14,((-1.81*log(sqrt_abs((v1--4.14e-14))))--15.7)
6.639709314208927e-15,9.0,0,0.0,-1.0,true,8.526512829121202e-14,3.9964456192536166e-15,3.0,(15.6499999999999+(-1.81013940057272*log(sqrt_abs((1.52243903505238e-14-v1))))),-1.0,1.553570530420642e-27,2.5715661140031614e-15,1.553570530420642e-27,258.0,3.299924436270465e-14,(15.6+(-1.81*log(sqrt_abs((1.52e-14-v1)))))
4.087673587255396e-15,9.0,0,0.0,-1.0,true,5.684341886080802e-14,3.1296542616258454e-15,3.0,(15.4066580073172+(-0.452534850143189*log(pow2((0.764246060785906*v1))))),-1.0,1.0337718754880891e-27,2.279066049476889e-15,1.0337718754880891e-27,258.0,2.91049235994041e-14,(15.4+(-0.453*log(pow2((0.764*v1)))))
1.1896567561336483e-14,9.0,0,0.0,-1.0,true,1.829647544582258e-13,6.608435402686975e-15,2.0,(15.6499999999998-(0.301689900095443*log((v1*pow2(v1))))),-1.0,5.7973994740773095e-27,4.589478696794698e-15,5.7973994740773095e-27,514.0,6.073773962410857e-14,(15.6-(0.302*log((v1*pow2(v1)))))
1.457442853810282e-14,9.0,0,0.0,-1.0,true,2.2382096176443156e-13,8.721674588160974e-15,3.0,(((10.9999571028715+log(pow2(v1)))/-2.20977456141449)--20.62786393913),-1.0,9.439266865442252e-27,6.100454270938466e-15,9.439266865442252e-27,19.0,8.041430769131133e-14,(((11.0+log(pow2(v1)))/-2.21)--20.6)
5.030982876622026e-15,9.0,0,0.0,-1.0,true,6.750155989720952e-14,3.074357371988176e-15,3.0,((-0.452534850143191*log((0.103873434054685*pow2(v1))))--14.6251976781938),-1.0,1.1563487238378154e-27,2.327799343140951e-15,1.1563487238378154e-27,34.0,2.992478060220422e-14,((-0.453*log((0.104*pow2(v1))))--14.6)
5.2169144611641565e-15,9.0,0,5.0,-1.0,true,5.861977570020827e-14,2.8169705841109707e-15,2.0,((-0.226267425071593*log((v1*pow3(v1))))--15.65),-1.0,1.0471218292687524e-27,2.2856966627078545e-15,1.0471218292687524e-27,514.0,2.91049235994041e-14,((-0.226*log((v1*pow3(v1))))--15.6)
3.9522079251243615e-15,9.0,0,332.0,-1.0,true,4.973799150320701e-14,2.7835693580149488e-15,3.0,(1.15713360457786*(13.5247995029143-(0.39108262723757*log(pow2(v1))))),-1.0,9.81100239662563e-28,2.24082693326262e-15,9.81100239662563e-28,19.0,2.8558352264204026e-14,(1.16*(13.5-(0.391*log(pow2(v1)))))
4.2683845591343105e-15,9.0,0,249.0,-1.0,true,4.796163466380676e-14,2.950091004409109e-15,3.0,((11.5033210497302+(-1.33051850923672*log(sqrt_abs(v1))))/0.735036488800655),-1.0,9.801293339330603e-28,2.24262032339183e-15,9.801293339330603e-28,19.0,2.8558352264204026e-14,((11.5+(-1.33*log(sqrt_abs(v1))))/0.735)
4.1102962421293356e-15,9.0,0,5317.0,-1.0,true,4.973799150320701e-14,2.7470310528685824e-15,2.0,((15.65+log(v1))+(log(v1)/-0.52491517756525)),-1.0,9.642307526124522e-28,2.2346499203038784e-15,9.642307526124522e-28,10.0,2.849003084730402e-14,((15.6+log(v1))+(log(v1)/-0.525))
4.1102962421293356e-15,9.0,0,12.0,-1.0,true,5.1514348342607263e-14,2.955649088012298e-15,3.0,((-0.452534850143188*log(pow2((v1--5.76673420059312e-16))))--15.65),-1.0,9.916588394709058e-28,2.233532457558077e-15,9.916588394709058e-28,258.0,2.849003084730402e-14,((-0.453*log(pow2((v1--5.77e-16))))--15.7)
5.2169144611641565e-15,9.0,0,12.0,-1.0,true,6.217248937900877e-14,2.8692181782770245e-15,3.0,(15.65+(-1.81013940057273*log(sqrt_abs((v1-8.060782223170721e-15))))),-1.0,1.1233379290347208e-27,2.3955044167409142e-15,1.1233379290347208e-27,258.0,3.0607994771204314e-14,(15.6+(-1.81*log(sqrt_abs((v1-8.06e-15)))))
4.087673587255396e-15,9.0,0,2.0,-1.0,true,5.1514348342607263e-14,2.91435209069624e-15,3.0,((12.213884980455+(-0.353176268964622*log(pow2(v1))))/0.780439934853353),-1.0,1.0088924161695802e-27,2.264854857241476e-15,1.0088924161695802e-27,19.0,2.8899959348704076e-14,((12.2+(-0.353*log(pow2(v1))))/0.78)
4.2683845591343105e-15,9.0,0,5685.0,-1.0,true,5.1514348342607263e-14,2.7768463581867105e-15,3.0,(-0.922983958098002*(-16.9558743277077+(0.490295466321785*log(pow2(v1))))),-1.0,9.77823432825491e-28,2.2568730869429216e-15,9.77823432825491e-28,19.0,2.876331651490406e-14,(-0.923*(-17.0+(0.49*log(pow2(v1)))))
6.797797631213901e-15,9.0,0,4.0,-1.0,true,9.947598300641403e-14,4.091948986816455e-15,2.0,(16.2773465109637-(1.81013940057271*log(sqrt_abs((v1+v1))))),-1.0,1.8154723509540177e-27,2.721822903649874e-15,1.8154723509540177e-27,65538.0,3.518552970350496e-14,(16.3-(1.81*log(sqrt_abs((v1+v1)))))
4.2683845591343105e-15,9.0,0,1808.0,-1.0,true,4.796163466380676e-14,2.9543281071004194e-15,3.0,(9.44314261196867+(log((0.0324213250997374*sqrt_abs(v1)))/-0.552443640353659)),-1.0,9.80978876446375e-28,2.235614346772649e-15,9.80978876446375e-28,34.0,2.849003084730402e-14,(9.44+(log((0.0324*sqrt_abs(v1)))/-0.552))
5.2051530493224356e-15,9.0,0,0.0,-1.0,true,7.993605777301127e-14,3.2707417177284475e-15,3.0,((-0.452534850143192*(0.0332710123427638+log(pow2(v1))))--15.6650562925847),-1.0,1.2727360481619617e-27,2.3612334053063846e-15,1.2727360481619617e-27,19.0,3.053967335430431e-14,((-0.453*(0.0333+log(pow2(v1))))--15.7)
4.2683845591343105e-15,10.0,0,4804.0,-1.0,true,4.796163466380676e-14,2.9212555031463217e-15,4.0,(-0.924387153217433*(-16.7139828040047+(0.979102421681412*log((0.801903950046243*v1))))),-1.0,9.683571019628389e-28,2.2169050842565732e-15,9.683571019628389e-28,11.0,2.821674517970398e-14,(-0.924*(-16.7+(0.979*log((0.802*v1)))))
4.087673587255396e-15,10.0,0,1.0,-1.0,true,4.973799150320701e-14,2.7901647032543888e-15,4.0,((13.7844200407634+(-0.932698028275986*log((0.0810730574688745*v1))))/1.03052618818293),-1.0,1.0118051333580885e-27,2.2680796378259834e-15,1.0118051333580885e-27,11.0,2.8899959348704076e-14,((13.8+(-0.933*log((0.0811*v1))))/1.03)
3.938203656017895e-15,10.0,0,1859.0,-1.0,true,5.1514348342607263e-14,2.91930463501007e-15,2.0,(((v1--15.65)-v1)+(-0.905069700286373*log(v1))),-1.0,9.135009282459317e-28,2.116845442505357e-15,9.135009282459317e-28,10.0,2.7260245343103845e-14,(((v1--15.6)-v1)+(-0.905*log(v1)))
4.074003782087477e-15,10.0,0,3376.0,-1.0,true,5.3290705182007514e-14,2.9272044278818137e-15,2.0,(((v1--15.65)-v1)+(log(v1)/-1.10488728070732)),-1.0,9.13258201813556e-28,2.10482342443982e-15,9.13258201813556e-28,10.0,2.7123602509303826e-14,(((v1--15.6)-v1)+(log(v1)/-1.1))
4.1102962421293356e-15,10.0,0,4.0,-1.0,true,5.1514348342607263e-14,2.890692870146675e-15,2.0,((15.65+log(v1))+(log(sqrt_abs(v1))/-0.262457588782625)),-1.0,1.02017919527505e-27,2.3063002453709484e-15,1.02017919527505e-27,22.0,2.9378209267004145e-14,((15.6+log(v1))+(log(sqrt_abs(v1))/-0.262))
4.2683845591343105e-15,10.0,0,6.0,-1.0,true,5.1514348342607263e-14,2.8342711971143653e-15,3.0,(-0.904026233869644*(-17.3114445285629+(0.50057712175689*log((v1*v1))))),-1.0,1.0116837701419008e-27,2.297236681225059e-15,1.0116837701419008e-27,35.0,2.924156643320412e-14,(-0.904*(-17.3+(0.501*log((v1*v1)))))
3.938203656017895e-15,10.0,0,798.0,-1.0,true,5.1514348342607263e-14,2.9451954197187394e-15,2.0,(((15.65+v1)-v1)+(-0.905069700286373*log(v1))),-1.0,9.125300225164288e-28,2.1098901529768743e-15,9.125300225164288e-28,10.0,2.7123602509303826e-14,(((15.6+v1)-v1)+(-0.905*log(v1)))
4.087673587255396e-15,10.0,0,7.0,-1.0,true,5.684341886080802e-14,3.1296542616258454e-15,3.0,(15.2787502080927-(0.452534850143189*log((v1*(0.440265050431818*v1))))),-1.0,1.023456002112122e-27,2.26024313506138e-15,1.023456002112122e-27,130.0,2.8899959348704076e-14,(15.3-(0.453*log((v1*(0.44*v1)))))
4.074003782087477e-15,10.0,0,3786.0,-1.0,true,5.3290705182007514e-14,2.9272044278818137e-15,2.0,(((15.65+v1)-v1)+(log(v1)/-1.10488728070732)),-1.0,9.098600317602963e-28,2.097868134911337e-15,9.098600317602963e-28,10.0,2.6986959675503804e-14,(((15.6+v1)-v1)+(log(v1)/-1.1))
4.1102962421293356e-15,10.0,0,2214.0,-1.0,true,4.796163466380676e-14,2.7835693580149488e-15,4.0,((14.0271070967456-(0.81121467194482*log((-5.68259255155573e-16+v1))))/0.89630077295499),-1.0,9.721193616646623e-28,2.2415640777126853e-15,9.721193616646623e-28,11.0,2.8558352264204026e-14,((14.0-(0.811*log((-5.68e-16+v1))))/0.896)
2.4175044162408645e-14,10.0,0,2.0,-1.0,true,3.7125857943465235e-13,1.2004874077228556e-14,3.0,((-0.452534850143118*log((v1*(-2.67415471444883e-12+v1))))--15.6499999999994),-1.0,2.297357137149487e-26,8.759313694091119e-15,2.297357137149487e-26,130.0,1.1805940840321666e-13,((-0.453*log((v1*(-2.67e-12+v1))))--15.6)
4.2448918021498344e-15,10.0,0,12.0,-1.0,true,5.3290705182007514e-14,2.7954412298909606e-15,3.0,((19.6532141572355+(-0.1894305500208*log(pow2(pow3(v1)))))/1.25579643177224),-1.0,1.0150819401951604e-27,2.2791933303515926e-15,1.0150819401951604e-27,65539.0,2.91049235994041e-14,((19.7+(-0.189*log(pow2(pow3(v1)))))/1.26)
4.074003782087477e-15,10.0,0,3786.0,-1.0,true,5.3290705182007514e-14,2.9272044278818137e-15,2.0,(((15.65+v1)-v1)+(log(v1)/-1.10488728070732)),-1.0,9.098600317602963e-28,2.097868134911337e-15,9.098600317602963e-28,10.0,2.6986959675503804e-14,(((15.6+v1)-v1)+(log(v1)/-1.1))
4.1102962421293356e-15,10.0,0,2.0,-1.0,true,5.1514348342607263e-14,2.890692870146675e-15,2.0,((15.65+log(v1))+(log(sqrt_abs(v1))/-0.262457588782625)),-1.0,1.02017919527505e-27,2.3063002453709484e-15,1.02017919527505e-27,22.0,2.9378209267004145e-14,((15.6+log(v1))+(log(sqrt_abs(v1))/-0.262))
3.938203656017895e-15,10.0,0,4036.0,-1.0,true,5.1514348342607263e-14,2.9451954197187394e-15,2.0,(((15.65+v1)-v1)+(-0.905069700286373*log(v1))),-1.0,9.125300225164288e-28,2.1098901529768743e-15,9.125300225164288e-28,10.0,2.7123602509303826e-14,(((15.6+v1)-v1)+(-0.905*log(v1)))
3.938203656017895e-15,10.0,0,1405.0,-1.0,true,5.1514348342607263e-14,2.91930463501007e-15,2.0,(((v1--15.65)-v1)+(-0.905069700286373*log(v1))),-1.0,9.135009282459317e-28,2.116845442505357e-15,9.135009282459317e-28,10.0,2.7260245343103845e-14,(((v1--15.6)-v1)+(-0.905*log(v1)))
4.074003782087477e-15,10.0,0,3376.0,-1.0,true,5.3290705182007514e-14,2.9272044278818137e-15,2.0,(((v1--15.65)-v1)+(log(v1)/-1.10488728070732)),-1.0,9.13258201813556e-28,2.10482342443982e-15,9.13258201813556e-28,10.0,2.7123602509303826e-14,(((v1--15.6)-v1)+(log(v1)/-1.1))
4.345604034226642e-15,10.0,0,0.0,-1.0,true,5.684341886080802e-14,3.0931096346803377e-15,2.0,((15.65+log(sqrt_abs(v1)))+(log(v1)/-0.711708465278404)),-1.0,1.0591367876713492e-27,2.3475653715280958e-15,1.0591367876713492e-27,22.0,2.9993102019104227e-14,((15.6+log(sqrt_abs(v1)))+(log(v1)/-0.712))
7.854044603600786e-15,10.0,0,0.0,-1.0,true,1.2079226507921703e-13,3.94917020823698e-15,2.0,((15.6499999999999+log(pow3(v1)))+(log(v1)/-0.256077375501562)),-1.0,2.384544471658837e-27,3.0821811574098057e-15,2.384544471658837e-27,22.0,4.058292163860572e-14,((15.6+log(pow3(v1)))+(log(v1)/-0.256))
4.074003782087477e-15,10.0,0,340.0,-1.0,true,5.3290705182007514e-14,3.0347026866830258e-15,2.0,(((v1--15.65)-v1)+(log(v1)/-1.10488728070732)),-1.0,9.375308450511257e-28,2.1475260512851407e-15,9.375308450511257e-28,10.0,2.76701738445039e-14,(((v1--15.6)-v1)+(log(v1)/-1.1))
3.802403529948312e-15,10.0,0,297.0,-1.0,true,4.973799150320701e-14,2.832661882884605e-15,2.0,(((15.65+v1)-v1)+(-0.905069700286372*log(v1))),-1.0,9.068259513556e-28,2.0945558259765757e-15,9.068259513556e-28,10.0,2.6918638258603795e-14,(((15.6+v1)-v1)+(-0.905*log(v1)))
4.4264728761392846e-15,10.0,0,1.0,-1.0,true,4.973799150320701e-14,3.003170250751426e-15,3.0,(1.07221994215228*(15.1809772147029+(-0.844108251213477*log((v1+v1))))),-1.0,9.967560945507953e-28,2.2772511516578987e-15,9.967560945507953e-28,19.0,2.9036602182504095e-14,(1.07*(15.2+(-0.844*log((v1+v1)))))
4.584561193144259e-15,10.0,0,10.0,-1.0,true,6.217248937900877e-14,3.2257409433479928e-15,2.0,((15.65+log(v1))+(log(sqrt_abs(v1))/-0.262457588782626)),-1.0,1.1011284604723446e-27,2.387042759397499e-15,1.1011284604723446e-27,22.0,3.053967335430431e-14,((15.6+log(v1))+(log(sqrt_abs(v1))/-0.262))
3.938203656017895e-15,10.0,0,246.0,-1.0,true,5.1514348342607263e-14,2.91930463501007e-15,2.0,(((v1--15.65)-v1)+(-0.905069700286373*log(v1))),-1.0,9.178700040286941e-28,2.1277530511683844e-15,9.178700040286941e-28,10.0,2.7396888176903863e-14,(((v1--15.6)-v1)+(-0.905*log(v1)))
4.2448918021498344e-15,10.0,0,3.0,-1.0,true,5.3290705182007514e-14,2.881279486742142e-15,2.0,(15.65-(0.905069700286378*log((v1+(v1-v1))))),-1.0,1.0215141906531164e-27,2.274047965578017e-15,1.0215141906531164e-27,66.0,2.9036602182504095e-14,(15.7-(0.905*log((v1+(v1-v1)))))
4.074003782087477e-15,10.0,0,5219.0,-1.0,true,5.3290705182007514e-14,2.9272044278818137e-15,2.0,(((15.65+v1)-v1)+(log(v1)/-1.10488728070732)),-1.0,9.098600317602963e-28,2.097868134911337e-15,9.098600317602963e-28,10.0,2.6986959675503804e-14,(((15.6+v1)-v1)+(log(v1)/-1.1))
3.9522079251243615e-15,10.0,0,112.0,-1.0,true,4.796163466380676e-14,2.8005567304359167e-15,2.0,(((15.65+v1)-v1)+(-0.905069700286372*log(v1))),-1.0,9.29156783134164e-28,2.108527567016164e-15,9.29156783134164e-28,10.0,2.7055281092403813e-14,(((15.6+v1)-v1)+(-0.905*log(v1)))
4.2683845591343105e-15,10.0,0,4804.0,-1.0,true,4.796163466380676e-14,2.9212555031463217e-15,4.0,(-0.924387153217433*(-16.7139828040047+(0.979102421681412*log((0.801903950046243*v1))))),-1.0,9.683571019628389e-28,2.2169050842565732e-15,9.683571019628389e-28,11.0,2.821674517970398e-14,(-0.924*(-16.7+(0.979*log((0.802*v1)))))
4.074003782087477e-15,10.0,0,2882.0,-1.0,true,5.3290705182007514e-14,2.9272044278818137e-15,2.0,(((15.65+v1)-v1)+(log(v1)/-1.10488728070732)),-1.0,9.098600317602963e-28,2.097868134911337e-15,9.098600317602963e-28,10.0,2.6986959675503804e-14,(((15.6+v1)-v1)+(log(v1)/-1.1))
6.237035420506506e-15,10.0,0,1.0,-1.0,true,9.592326932761353e-14,3.3699635997805363e-15,2.0,((15.6499999999999+log(pow2(v1)))+(log(v1)/-0.344225820090109)),-1.0,1.635733427779815e-27,2.695733422959668e-15,1.635733427779815e-27,22.0,3.4843922619004915e-14,((15.6+log(pow2(v1)))+(log(v1)/-0.344))
4.7426495101492335e-15,10.0,0,2.0,-1.0,true,6.394884621840902e-14,3.2179814170543772e-15,2.0,(15.65-(0.301689900095456*log(pow3(sqrt_abs((v1*v1)))))),-1.0,1.1243088347642236e-27,2.412331034057236e-15,1.1243088347642236e-27,1.7976931348623157e308,3.088128043880435e-14,(15.6-(0.302*log(pow3(sqrt_abs((v1*v1))))))
3.938203656017895e-15,10.0,0,1306.0,-1.0,true,5.1514348342607263e-14,3.0075221810173237e-15,2.0,(((v1--15.65)-v1)+(-0.905069700286373*log(v1))),-1.0,9.101027581926719e-28,2.1100784271979255e-15,9.101027581926719e-28,10.0,2.7123602509303826e-14,(((v1--15.6)-v1)+(-0.905*log(v1)))
4.074003782087477e-15,10.0,0,3720.0,-1.0,true,5.3290705182007514e-14,3.0347026866830258e-15,2.0,(((v1--15.65)-v1)+(log(v1)/-1.10488728070732)),-1.0,9.375308450511257e-28,2.1475260512851407e-15,9.375308450511257e-28,10.0,2.76701738445039e-14,(((v1--15.6)-v1)+(log(v1)/-1.1))
5.659855736199779e-15,10.0,0,0.0,-1.0,true,6.394884621840902e-14,3.1932765018877528e-15,2.0,(15.65-(0.905069700286381*log((v1+(v1-v1))))),-1.0,1.1960344955312418e-27,2.350683519503314e-15,1.1960344955312418e-27,66.0,2.9993102019104227e-14,(15.7-(0.905*log((v1+(v1-v1)))))
4.074003782087477e-15,11.0,0,558.0,-1.0,true,5.3290705182007514e-14,2.9272044278818137e-15,2.0,(((15.65+v1)-v1)+(-0.452534850143187*log(pow2(v1)))),-1.0,9.107095742736113e-28,2.104012026017683e-15,9.107095742736113e-28,22.0,2.7055281092403813e-14,(((15.6+v1)-v1)+(-0.453*log(pow2(v1))))
4.074003782087477e-15,11.0,0,2276.0,-1.0,true,5.3290705182007514e-14,2.9272044278818137e-15,2.0,(((15.65+v1)-v1)+(log(sqrt_abs(v1))/-0.55244364035366)),-1.0,9.17263187947755e-28,2.1097085323777826e-15,9.17263187947755e-28,22.0,2.7191923926203835e-14,(((15.6+v1)-v1)+(log(sqrt_abs(v1))/-0.552))
4.087673587255396e-15,11.0,0,2.0,-1.0,true,4.973799150320701e-14,2.7901647032543888e-15,3.0,((-0.301689900095459*log((0.0283215584196786*(v1*pow2(v1)))))--14.574737378204),-1.0,1.0006397174688066e-27,2.25518073238319e-15,1.0006397174688066e-27,1026.0,2.876331651490406e-14,((-0.302*log((0.0283*(v1*pow2(v1)))))--14.6)
3.938203656017895e-15,11.0,0,3321.0,-1.0,true,5.1514348342607263e-14,3.0075221810173237e-15,2.0,(((15.65+v1)-v1)+(log(sqrt_abs(v1))/-0.55244364035366)),-1.0,9.101027581926719e-28,2.1100784271979255e-15,9.101027581926719e-28,22.0,2.7123602509303826e-14,(((15.6+v1)-v1)+(log(sqrt_abs(v1))/-0.552))
9.355553130759758e-15,11.0,0,1.0,-1.0,true,1.438849039914203e-13,3.560349964993583e-15,3.0,(log((-2.4395242324518497e-13+v1))-(-15.6500000000001+(1.90506970028639*log(v1)))),-1.0,2.1509202804972297e-27,2.5938315013371874e-15,2.1509202804972297e-27,14.0,3.4365672700704846e-14,(log((-2.44e-13+v1))-(-15.7+(1.91*log(v1))))
7.854044603600786e-15,11.0,0,1.0,-1.0,true,1.2079226507921703e-13,3.9175430893317366e-15,2.0,((15.6499999999999+log(pow3(v1)))+(log(sqrt_abs(v1))/-0.128038687750781)),-1.0,2.377141315471378e-27,3.077315446808999e-15,2.377141315471378e-27,34.0,4.051460022170571e-14,((15.6+log(pow3(v1)))+(log(sqrt_abs(v1))/-0.128))
4.1102962421293356e-15,11.0,0,3862.0,-1.0,true,4.973799150320701e-14,2.6681865097272493e-15,3.0,((15.65+log(v1))+(log((-1.3209526585856201e-15+v1))/-0.52491517756525)),-1.0,9.635025733153251e-28,2.2256084054549394e-15,9.635025733153251e-28,14.0,2.8353388013503998e-14,((15.6+log(v1))+(log((-1.32e-15+v1))/-0.525))
4.6268027105088315e-15,11.0,0,0.0,-1.0,true,7.105427357601002e-14,3.4701583178055494e-15,4.0,((-0.595843070159137*(8.75907190522212+(0.759486638020861*log(pow2(v1)))))--20.8690322957522),-1.0,1.1557419077568762e-27,2.3304888125907714e-15,1.1557419077568762e-27,20.0,2.9993102019104227e-14,((-0.596*(8.76+(0.759*log(pow2(v1)))))--20.9)
6.1654443631940034e-15,11.0,0,0.0,-1.0,true,8.704148513061227e-14,3.627051091848443e-15,2.0,(((v1--15.6499999999999)-v1)+(-1.81013940057272*log(sqrt_abs(v1)))),-1.0,1.528691071102133e-27,2.5864024958937186e-15,1.528691071102133e-27,22.0,3.3204208613404684e-14,(((v1--15.6)-v1)+(-1.81*log(sqrt_abs(v1))))
4.2683845591343105e-15,11.0,0,0.0,-1.0,true,5.1514348342607263e-14,2.890692870146675e-15,3.0,(log(v1)-(-11.8476895995016+(1.90506970028637*log((0.135892596205142*v1))))),-1.0,1.0183587470322323e-27,2.2973150499300574e-15,1.0183587470322323e-27,14.0,2.930988785010413e-14,(log(v1)-(-11.8+(1.91*log((0.136*v1)))))
4.4264728761392846e-15,11.0,0,0.0,-1.0,true,5.684341886080802e-14,2.902071378015371e-15,2.0,((15.65+log(pow2(v1)))+(log(sqrt_abs(v1))/-0.172112910045054)),-1.0,1.0462722867554374e-27,2.338881354793799e-15,1.0462722867554374e-27,34.0,2.985645918530421e-14,((15.6+log(pow2(v1)))+(log(sqrt_abs(v1))/-0.172))
4.9007378271542076e-15,11.0,0,2.0,-1.0,true,6.572520305780927e-14,3.2179814170543772e-15,2.0,(15.65-(0.452534850143184*log((pow2(v1)+(v1-v1))))),-1.0,1.1358383403020691e-27,2.415921083532285e-15,1.1358383403020691e-27,258.0,3.0949601855704364e-14,(15.6-(0.453*log((pow2(v1)+(v1-v1)))))
4.074003782087477e-15,11.0,0,4873.0,-1.0,true,5.3290705182007514e-14,3.0239114739860925e-15,2.0,(((15.65+v1)-v1)+(-0.301689900095458*log(pow3(v1)))),-1.0,9.182340936772577e-28,2.1154119230672634e-15,9.182340936772577e-28,22.0,2.7191923926203835e-14,(((15.6+v1)-v1)+(-0.302*log(pow3(v1))))
4.074003782087477e-15,11.0,0,353.0,-1.0,true,5.3290705182007514e-14,3.0239114739860925e-15,2.0,(((v1--15.65)-v1)+(-0.301689900095458*log(pow3(v1)))),-1.0,9.216322637305175e-28,2.1223672125957463e-15,9.216322637305175e-28,22.0,2.7328566760003854e-14,(((v1--15.6)-v1)+(-0.302*log(pow3(v1))))
3.938203656017895e-15,11.0,0,4964.0,-1.0,true,5.1514348342607263e-14,3.0075221810173237e-15,2.0,(((15.65+v1)-v1)+(-1.81013940057275*log(sqrt_abs(v1)))),-1.0,9.101027581926719e-28,2.1100784271979255e-15,9.101027581926719e-28,22.0,2.7123602509303826e-14,(((15.6+v1)-v1)+(-1.81*log(sqrt_abs(v1))))
4.074003782087477e-15,11.0,0,5533.0,-1.0,true,5.3290705182007514e-14,2.9272044278818137e-15,2.0,(((15.65+v1)-v1)+(-0.452534850143187*log(pow2(v1)))),-1.0,9.091318524631692e-28,2.0966729229644932e-15,9.091318524631692e-28,22.0,2.6986959675503804e-14,(((15.6+v1)-v1)+(-0.453*log(pow2(v1))))
1.2261027182848404e-14,11.0,0,0.0,-1.0,true,1.8829382497642655e-13,7.455951865496868e-15,4.0,((-0.452534850143218*log((0.103873434054684*(pow2(v1)--2.2318668795277e-13))))--14.6251976781939),-1.0,7.908512619664925e-27,5.513189379096799e-15,7.908512619664925e-27,66.0,7.310391608301031e-14,((-0.453*log((0.104*(pow2(v1)--2.23e-13))))--14.6)
4.074003782087477e-15,11.0,0,1246.0,-1.0,true,5.3290705182007514e-14,2.9950021240243088e-15,2.0,(((v1--15.65)-v1)+(-0.452534850143187*log(pow2(v1)))),-1.0,9.372881186187499e-28,2.146330839338297e-15,9.372881186187499e-28,22.0,2.76701738445039e-14,(((v1--15.6)-v1)+(-0.453*log(pow2(v1))))
5.320823117085156e-15,11.0,0,11.0,-1.0,true,8.171241461241152e-14,3.269718446593497e-15,4.0,((-0.452534850143192*(0.0332710123432059+log(pow2((v1--1.1693347437951101e-17)))))--15.6650562925849),-1.0,1.2920327995358295e-27,2.367401201105948e-15,1.2920327995358295e-27,259.0,3.0607994771204314e-14,((-0.453*(0.0333+log(pow2((v1--1.17e-17)))))--15.7)
3.9522079251243615e-15,11.0,0,292.0,-1.0,true,5.1514348342607263e-14,2.7766220443194416e-15,2.0,(((v1--15.65)-v1)+(log(sqrt_abs(v1))/-0.552443640353661)),-1.0,9.249090705675895e-28,2.1317086670743274e-15,9.249090705675895e-28,22.0,2.7396888176903863e-14,(((v1--15.6)-v1)+(log(sqrt_abs(v1))/-0.552))
4.074003782087477e-15,11.0,0,1312.0,-1.0,true,5.3290705182007514e-14,2.9272044278818137e-15,2.0,(((15.65+v1)-v1)+(-0.452534850143187*log(pow2(v1)))),-1.0,9.091318524631692e-28,2.0966729229644932e-15,9.091318524631692e-28,22.0,2.6986959675503804e-14,(((15.6+v1)-v1)+(-0.453*log(pow2(v1))))
3.3929568839958463e-15,12.0,0,5521.0,-1.0,true,5.1514348342607263e-14,2.4035039489375323e-15,3.0,(13.9640306103274+(-0.90506970028637*log((v1*((v1--0.155236404399195)-v1))))),-1.0,7.399515290973091e-28,1.78838153029471e-15,7.399515290973091e-28,2050.0,2.3297603162903284e-14,(14.0+(-0.905*log((v1*((v1--0.155)-v1)))))
3.540476748517405e-15,12.0,0,2935.0,-1.0,true,4.618527782440651e-14,2.6321028577901566e-15,3.0,(14.4309625851932-(0.905069700286372*log((v1*((v1--0.260045429514937)-v1))))),-1.0,7.455342370419501e-28,1.7928093493213853e-15,7.455342370419501e-28,2050.0,2.3434245996703303e-14,(14.4-(0.905*log((v1*((v1--0.26)-v1)))))
3.530803277809147e-15,12.0,0,2971.0,-1.0,true,4.618527782440651e-14,2.6365916027769724e-15,3.0,(14.4310195391022-(0.905069700286376*log((v1*((0.260061794077491+v1)-v1))))),-1.0,7.542723886074752e-28,1.879951817991854e-15,7.542723886074752e-28,2050.0,2.4390745833303438e-14,(14.4-(0.905*log((v1*((0.26+v1)-v1)))))
3.123402899600399e-15,12.0,0,4924.0,-1.0,true,4.618527782440651e-14,2.602412892775214e-15,3.0,(14.1180839604135+(-0.905069700286372*log((v1*((0.184041399895326+v1)-v1))))),-1.0,7.137370744007339e-28,1.7961561934946486e-15,7.137370744007339e-28,2050.0,2.3434245996703303e-14,(14.1+(-0.905*log((v1*((0.184+v1)-v1)))))
3.540476748517405e-15,12.0,0,3301.0,-1.0,true,4.973799150320701e-14,2.515988008003251e-15,3.0,((-0.90506970028637*log((v1*((0.255959663069224+v1)-v1))))--14.4166294681382),-1.0,7.410437980429997e-28,1.7729735299732241e-15,7.410437980429997e-28,2050.0,2.3229281746003275e-14,((-0.905*log((v1*((0.256+v1)-v1))))--14.4)
3.938203656017895e-15,12.0,0,80.0,-1.0,true,5.1514348342607263e-14,2.9451954197187394e-15,3.0,(((15.65+v1)-v1)+(-0.905069700286373*log((6.23576144665228e-16+v1)))),-1.0,9.080395835174785e-28,2.105217599977502e-15,9.080395835174785e-28,14.0,2.7055281092403813e-14,(((15.6+v1)-v1)+(-0.905*log((6.24e-16+v1))))
3.530803277809147e-15,12.0,0,4948.0,-1.0,true,4.618527782440651e-14,2.6445187222181535e-15,3.0,(14.4454518541454-(0.905069700286372*log((v1*((v1--0.264242000976953)-v1))))),-1.0,7.605832758492433e-28,1.814269910851354e-15,7.605832758492433e-28,2050.0,2.3707531664303344e-14,(14.4-(0.905*log((v1*((v1--0.264)-v1)))))
3.540476748517405e-15,12.0,0,680.0,-1.0,true,4.618527782440651e-14,2.7085019450502743e-15,3.0,(14.5996702755053+(-0.905069700286372*log((v1*((v1--0.313330744973559)-v1))))),-1.0,7.79151847925984e-28,1.7966238057543176e-15,7.79151847925984e-28,2050.0,2.3502567413603312e-14,(14.6+(-0.905*log((v1*((v1--0.313)-v1)))))
3.540476748517405e-15,12.0,0,1676.0,-1.0,true,4.796163466380676e-14,2.6321028577901566e-15,3.0,(14.3851071070363-(0.905069700286372*log((v1*((0.247198389375105+v1)-v1))))),-1.0,7.460196899067015e-28,1.7915919654351858e-15,7.460196899067015e-28,2050.0,2.3434245996703303e-14,(14.4-(0.905*log((v1*((0.247+v1)-v1)))))
3.3929568839958463e-15,12.0,0,3335.0,-1.0,true,4.618527782440651e-14,2.6418612225135172e-15,3.0,((-0.905069700286373*log((v1*((0.299655932774604+v1)-v1))))--14.5592820830662),-1.0,7.500246760409004e-28,1.785986242725141e-15,7.500246760409004e-28,2050.0,2.3365924579803294e-14,((-0.905*log((v1*((0.3+v1)-v1))))--14.6)
3.46501967805917e-15,12.0,0,1380.0,-1.0,true,5.3290705182007514e-14,2.4668388070582536e-15,3.0,(14.066036378594+(-0.905069700286369*log((v1*((0.173756348270747+v1)-v1))))),-1.0,7.227179523986347e-28,1.793756490672104e-15,7.227179523986347e-28,2050.0,2.3434245996703303e-14,(14.1+(-0.905*log((v1*((0.174+v1)-v1)))))
5.432005042783303e-15,12.0,0,1.0,-1.0,true,7.105427357601002e-14,3.3706088429499796e-15,3.0,((15.6499999999999+log(pow3(v1)))+(log((-3.29468155810004e-14+v1))/-0.256077375501562)),-1.0,1.3593893845200852e-27,2.5589531319755938e-15,1.3593893845200852e-27,26.0,3.2725958695104615e-14,((15.6+log(pow3(v1)))+(log((-3.29e-14+v1))/-0.256))
3.530803277809147e-15,12.0,0,3442.0,-1.0,true,4.618527782440651e-14,2.6445187222181535e-15,3.0,(14.4454518541454-(0.905069700286372*log((v1*((v1--0.264242000976953)-v1))))),-1.0,7.605832758492433e-28,1.814269910851354e-15,7.605832758492433e-28,2050.0,2.3707531664303344e-14,(14.4-(0.905*log((v1*((v1--0.264)-v1)))))
3.259203025669982e-15,12.0,0,2669.0,-1.0,true,4.796163466380676e-14,2.622159721660143e-15,3.0,(14.3086867998137+(-0.905069700286372*log((v1*((0.227182891985327+v1)-v1))))),-1.0,7.193197823453749e-28,1.793411137186822e-15,7.193197823453749e-28,2050.0,2.3434245996703303e-14,(14.3+(-0.905*log((v1*((0.227+v1)-v1)))))
3.687996613038963e-15,12.0,0,1753.0,-1.0,true,4.618527782440651e-14,2.7225222038478863e-15,3.0,((-0.905069700286372*log((v1*((0.244134054147158+v1)-v1))))--14.3738175088684),-1.0,7.468692324200164e-28,1.7772756594591983e-15,7.468692324200164e-28,2050.0,2.3229281746003275e-14,((-0.905*log((v1*((0.244+v1)-v1))))--14.4)
3.530803277809147e-15,12.0,0,4357.0,-1.0,true,4.796163466380676e-14,2.5387620417775268e-15,3.0,(14.6308154440294-(0.905069700286373*log((v1*((0.324300717703825+v1)-v1))))),-1.0,7.617969080111217e-28,1.837490991032628e-15,7.617969080111217e-28,2050.0,2.398081733190338e-14,(14.6-(0.905*log((v1*((0.324+v1)-v1)))))
3.3929568839958463e-15,12.0,0,5521.0,-1.0,true,5.1514348342607263e-14,2.4035039489375323e-15,3.0,(13.9640306103274+(-0.90506970028637*log((v1*((v1--0.155236404399195)-v1))))),-1.0,7.399515290973091e-28,1.78838153029471e-15,7.399515290973091e-28,2050.0,2.3297603162903284e-14,(14.0+(-0.905*log((v1*((v1--0.155)-v1)))))
9.471053786695065e-15,12.0,0,1.0,-1.0,true,1.4566126083082054e-13,3.4209156446106762e-15,3.0,((15.65+log((-1.91889980444523e-13+v1)))+(-3.81013940057276*log(sqrt_abs(v1)))),-1.0,2.2228886676966234e-27,2.7696690136851405e-15,2.2228886676966234e-27,26.0,3.6620279458405166e-14,((15.7+log((-1.92e-13+v1)))+(-3.81*log(sqrt_abs(v1))))
3.3929568839958463e-15,12.0,0,5521.0,-1.0,true,5.1514348342607263e-14,2.4035039489375323e-15,3.0,(13.9640306103274+(-0.90506970028637*log((v1*((v1--0.155236404399195)-v1))))),-1.0,7.399515290973091e-28,1.78838153029471e-15,7.399515290973091e-28,2050.0,2.3297603162903284e-14,(14.0+(-0.905*log((v1*((v1--0.155)-v1)))))
3.66660340387873e-15,12.0,0,4749.0,-1.0,true,4.973799150320701e-14,2.5412896323475783e-15,3.0,((-0.905069700286372*log((v1*((v1--0.283334937586478)-v1))))--14.5085934709062),-1.0,7.80729569736426e-28,1.8556964878875007e-15,7.80729569736426e-28,2050.0,2.425410299950342e-14,((-0.905*log((v1*((v1--0.283)-v1))))--14.5)
4.9007378271542076e-15,12.0,0,2.0,-1.0,true,6.750155989720952e-14,3.1005168301199975e-15,2.0,((15.65+log(pow2(pow2(v1))))+(log(sqrt_abs(v1))/-0.10193535067826)),-1.0,1.1222456600890301e-27,2.3805039901682096e-15,1.1222456600890301e-27,65554.0,3.053967335430431e-14,((15.6+log(pow2(pow2(v1))))+(log(sqrt_abs(v1))/-0.102))
3.530803277809147e-15,12.0,0,2971.0,-1.0,true,4.618527782440651e-14,2.6365916027769724e-15,3.0,(14.4310195391022-(0.905069700286376*log((v1*((0.260061794077491+v1)-v1))))),-1.0,7.542723886074752e-28,1.879951817991854e-15,7.542723886074752e-28,2050.0,2.4390745833303438e-14,(14.4-(0.905*log((v1*((0.26+v1)-v1)))))
3.540476748517405e-15,12.0,0,2935.0,-1.0,true,4.618527782440651e-14,2.6321028577901566e-15,3.0,(14.4309625851932-(0.905069700286372*log((v1*((v1--0.260045429514937)-v1))))),-1.0,7.455342370419501e-28,1.7928093493213853e-15,7.455342370419501e-28,2050.0,2.3434245996703303e-14,(14.4-(0.905*log((v1*((v1--0.26)-v1)))))
3.123402899600399e-15,12.0,0,4924.0,-1.0,true,4.618527782440651e-14,2.602412892775214e-15,3.0,(14.1180839604135+(-0.905069700286372*log((v1*((0.184041399895326+v1)-v1))))),-1.0,7.137370744007339e-28,1.7961561934946486e-15,7.137370744007339e-28,2050.0,2.3434245996703303e-14,(14.1+(-0.905*log((v1*((0.184+v1)-v1)))))
9.831955759831268e-15,12.0,0,1.0,-1.0,true,1.509903313490213e-13,3.944017041147925e-15,3.0,(15.65-(0.905069700286381*log((v1+((-1.54195127972407e-13+v1)-v1))))),-1.0,2.722298302309618e-27,3.0567172207297896e-15,2.722298302309618e-27,130.0,4.078788588930575e-14,(15.7-(0.905*log((v1+((-1.54e-13+v1)-v1)))))
1.0048557066371593e-14,12.0,0,0.0,-1.0,true,1.545430450278218e-13,4.032098364291941e-15,3.0,(15.6500000000001-(0.905069700286403*log((v1+((v1--3.36430003535178e-13)-v1))))),-1.0,2.520956726653978e-27,2.694398381959603e-15,2.520956726653978e-27,130.0,3.5937065289405066e-14,(15.7-(0.905*log((v1+((v1--3.36e-13)-v1)))))
3.259203025669982e-15,13.0,0,890.0,-1.0,true,4.973799150320701e-14,2.7217495958358003e-15,3.0,(14.2772694790791+(-0.452534850143188*log(pow2((v1*((v1--0.21943208712499)-v1)))))),-1.0,7.506314921218397e-28,1.8220905783368768e-15,7.506314921218397e-28,1.7976931348623157e308,2.3707531664303344e-14,(14.3+(-0.453*log(pow2((v1*((v1--0.219)-v1))))))
3.540476748517405e-15,13.0,0,4754.0,-1.0,true,4.618527782440651e-14,2.71986470414325e-15,3.0,((-0.452534850143186*log(pow2((v1*((v1--0.251928689992942)-v1)))))--14.4022625775437),-1.0,7.421360669886903e-28,1.7909803289978103e-15,7.421360669886903e-28,1.7976931348623157e308,2.3434245996703303e-14,((-0.453*log(pow2((v1*((v1--0.252)-v1)))))--14.4)
3.3929568839958463e-15,13.0,0,2973.0,-1.0,true,4.440892098500626e-14,2.672544482763662e-15,3.0,(14.3643176946179+(-0.452534850143187*log(pow2((v1*((0.241584969728071+v1)-v1)))))),-1.0,7.4067970839443615e-28,1.803330101867528e-15,7.4067970839443615e-28,1.7976931348623157e308,2.3570888830503325e-14,(14.4+(-0.453*log(pow2((v1*((0.242+v1)-v1))))))
5.5330910951741055e-15,13.0,0,3.0,-1.0,true,6.217248937900877e-14,3.0054668741839937e-15,3.0,(15.2781925770991-(0.301689900095459*log(pow3((v1*((0.663116032739379+v1)-v1)))))),-1.0,1.1739463901850534e-27,2.4820419066304907e-15,1.1739463901850534e-27,1.7976931348623157e308,3.135953035710442e-14,(15.3-(0.302*log(pow3((v1*((0.663+v1)-v1))))))
4.584561193144259e-15,13.0,0,0.0,-1.0,true,5.861977570020827e-14,3.0347026866830258e-15,2.0,(log(sqrt_abs(v1))-(-15.65+(0.351267425071593*log((v1*pow3(v1)))))),-1.0,1.0468791028363766e-27,2.3417069965590957e-15,1.0468791028363766e-27,530.0,2.992478060220422e-14,(log(sqrt_abs(v1))-(-15.6+(0.351*log((v1*pow3(v1))))))
8.316047227342009e-15,13.0,0,0.0,-1.0,true,1.2789769243681803e-13,3.634117986341136e-15,3.0,(((15.65+v1)-v1)+(-1.81013940057274*log(sqrt_abs((1.05194787387866e-13+v1))))),-1.0,2.0192411909334145e-27,2.775851194264977e-15,2.0192411909334145e-27,262.0,3.648363662460515e-14,(((15.6+v1)-v1)+(-1.81*log(sqrt_abs((1.05e-13+v1)))))
3.3929568839958463e-15,13.0,0,3581.0,-1.0,true,4.796163466380676e-14,2.656760747988889e-15,3.0,(14.6413970953119+(-0.905069700286372*log((v1*pow3(((0.689723715733114+v1)-v1)))))),-1.0,7.466265059876407e-28,1.808420467769921e-15,7.466265059876407e-28,3.6893488147419103e19,2.3639210247403334e-14,(14.6+(-0.905*log((v1*pow3(((0.69+v1)-v1))))))
3.687996613038963e-15,13.0,0,3925.0,-1.0,true,5.1514348342607263e-14,2.6131695507364363e-15,3.0,(15.4022754189022-(0.905069700286371*log((v1*pow3(((0.912802343625932+v1)-v1)))))),-1.0,7.33640641855541e-28,1.758992023580671e-15,7.33640641855541e-28,3.6893488147419103e19,2.3024317495303247e-14,(15.4-(0.905*log((v1*pow3(((0.913+v1)-v1))))))
3.254931980932798e-15,13.0,0,5018.0,-1.0,true,4.796163466380676e-14,2.6027405588252915e-15,3.0,(13.6657567940559+(-0.905069700286371*log((v1*pow2(((0.334144234286915+v1)-v1)))))),-1.0,7.262374856680823e-28,1.7946520968658983e-15,7.262374856680823e-28,3.6893488147419103e19,2.3365924579803294e-14,(13.7+(-0.905*log((v1*pow2(((0.334+v1)-v1))))))
3.530803277809147e-15,13.0,0,3858.0,-1.0,true,4.618527782440651e-14,2.521594056671481e-15,3.0,((-0.905069700286375*log((v1*pow3(((0.995862730504618+v1)-v1)))))--15.6387431458034),-1.0,7.381310808544914e-28,1.838889543556723e-15,7.381310808544914e-28,3.6893488147419103e19,2.3912495915003372e-14,((-0.905*log((v1*pow3(((0.996+v1)-v1)))))--15.6)
3.123402899600399e-15,13.0,0,918.0,-1.0,true,4.796163466380676e-14,2.688507463603893e-15,3.0,((-0.905069700286376*log((v1*pow2(((0.343489658009551+v1)-v1)))))--13.715688158206),-1.0,7.199265984263142e-28,1.778281279109994e-15,7.199265984263142e-28,3.6893488147419103e19,2.3092638912203256e-14,((-0.905*log((v1*pow2(((0.343+v1)-v1)))))--13.7)
3.530803277809147e-15,13.0,0,3858.0,-1.0,true,4.618527782440651e-14,2.521594056671481e-15,3.0,((-0.905069700286375*log((v1*pow3(((0.995862730504618+v1)-v1)))))--15.6387431458034),-1.0,7.381310808544914e-28,1.838889543556723e-15,7.381310808544914e-28,3.6893488147419103e19,2.3912495915003372e-14,((-0.905*log((v1*pow3(((0.996+v1)-v1)))))--15.6)
3.3929568839958463e-15,13.0,0,2841.0,-1.0,true,4.618527782440651e-14,2.6108102493697895e-15,3.0,((-0.301689900095458*log(pow3((v1*((0.262603855253607+v1)-v1)))))--14.4398234874442),-1.0,7.066980078618387e-28,1.740089057508987e-15,7.066980078618387e-28,1.7976931348623157e308,2.275103182770321e-14,((-0.302*log(pow3((v1*((0.263+v1)-v1)))))--14.4)
3.254931980932798e-15,13.0,0,5018.0,-1.0,true,4.796163466380676e-14,2.6027405588252915e-15,3.0,(13.6657567940559+(-0.905069700286371*log((v1*pow2(((0.334144234286915+v1)-v1)))))),-1.0,7.262374856680823e-28,1.7946520968658983e-15,7.262374856680823e-28,3.6893488147419103e19,2.3365924579803294e-14,(13.7+(-0.905*log((v1*pow2(((0.334+v1)-v1))))))
3.687996613038963e-15,13.0,0,3925.0,-1.0,true,5.1514348342607263e-14,2.6131695507364363e-15,3.0,(15.4022754189022-(0.905069700286371*log((v1*pow3(((0.912802343625932+v1)-v1)))))),-1.0,7.33640641855541e-28,1.758992023580671e-15,7.33640641855541e-28,3.6893488147419103e19,2.3024317495303247e-14,(15.4-(0.905*log((v1*pow3(((0.913+v1)-v1))))))
4.7426495101492335e-15,13.0,0,1.0,-1.0,true,6.394884621840902e-14,3.2922057777247195e-15,2.0,((15.65+log(v1))+(-0.762027880114548*log((v1*pow3(sqrt_abs(v1)))))),-1.0,1.1372946988963233e-27,2.4297692332121716e-15,1.1372946988963233e-27,8.589934598e9,3.108624468950438e-14,((15.6+log(v1))+(-0.762*log((v1*pow3(sqrt_abs(v1))))))
5.3750027781691314e-15,13.0,0,0.0,-1.0,true,6.217248937900877e-14,3.12167465923369e-15,3.0,((15.6499999999999+log(pow2(v1)))+(log(sqrt_abs((-2.6134442623177e-14+v1)))/-0.172112910045055)),-1.0,1.18935951864091e-27,2.4315971261081907e-15,1.18935951864091e-27,274.0,3.101792327260437e-14,((15.6+log(pow2(v1)))+(log(sqrt_abs((-2.61e-14+v1)))/-0.172))
3.259203025669982e-15,13.0,0,2016.0,-1.0,true,4.973799150320701e-14,2.7217495958358003e-15,3.0,(14.2772694790791+(-0.452534850143188*log(pow2((v1*((v1--0.21943208712499)-v1)))))),-1.0,7.506314921218397e-28,1.8220905783368768e-15,7.506314921218397e-28,1.7976931348623157e308,2.3707531664303344e-14,(14.3+(-0.453*log(pow2((v1*((v1--0.219)-v1))))))
3.3929568839958463e-15,13.0,0,2973.0,-1.0,true,4.440892098500626e-14,2.672544482763662e-15,3.0,(14.3643176946179+(-0.452534850143187*log(pow2((v1*((0.241584969728071+v1)-v1)))))),-1.0,7.4067970839443615e-28,1.803330101867528e-15,7.4067970839443615e-28,1.7976931348623157e308,2.3570888830503325e-14,(14.4+(-0.453*log(pow2((v1*((0.242+v1)-v1))))))
3.540476748517405e-15,13.0,0,4754.0,-1.0,true,4.618527782440651e-14,2.71986470414325e-15,3.0,((-0.452534850143186*log(pow2((v1*((v1--0.251928689992942)-v1)))))--14.4022625775437),-1.0,7.421360669886903e-28,1.7909803289978103e-15,7.421360669886903e-28,1.7976931348623157e308,2.3434245996703303e-14,((-0.453*log(pow2((v1*((v1--0.252)-v1)))))--14.4)
3.3950031517395645e-15,14.0,0,1541.0,-1.0,true,4.618527782440651e-14,2.6126807742717977e-15,4.0,(-0.884962645747429*(-16.2244299749941+(1.02272079464096*log((v1*((v1--0.239908333615593)-v1)))))),-1.0,7.445633313124473e-28,1.8437226972645457e-15,7.445633313124473e-28,2051.0,2.398081733190338e-14,(-0.885*(-16.2+(1.02*log((v1*((v1--0.24)-v1))))))
3.3950031517395645e-15,14.0,0,1743.0,-1.0,true,4.440892098500626e-14,2.503195080912921e-15,4.0,(-0.944265522796951*(-15.2901717784735+(0.958490677077273*log((v1*((v1--0.262070109084324)-v1)))))),-1.0,7.346115475850438e-28,1.819736831843922e-15,7.346115475850438e-28,2051.0,2.3707531664303344e-14,(-0.944*(-15.3+(0.958*log((v1*((v1--0.262)-v1))))))
3.835516477560522e-15,14.0,0,5186.0,-1.0,true,4.796163466380676e-14,2.4140900775486744e-15,3.0,((-0.90506970028637*log(((v1*((1.20475314055164+v1)-v1))-v1)))--14.2146045116188),-1.0,6.997803045391314e-28,1.7165125119904934e-15,6.997803045391314e-28,8194.0,2.240942474320316e-14,((-0.905*log(((v1*((1.2+v1)-v1))-v1)))--14.2)
3.530803277809147e-15,14.0,0,565.0,-1.0,true,4.618527782440651e-14,2.467531842367809e-15,3.0,((16.8067299865389+log(pow2(((0.560814552944501+v1)-v1))))+(log(v1)/-1.10488728070732)),-1.0,7.127661686712311e-28,1.7851228158394056e-15,7.127661686712311e-28,4.294967302e9,2.3297603162903284e-14,((16.8+log(pow2(((0.561+v1)-v1))))+(log(v1)/-1.1))
3.835516477560522e-15,14.0,0,5186.0,-1.0,true,4.796163466380676e-14,2.4140900775486744e-15,3.0,((-0.90506970028637*log(((v1*((1.20475314055164+v1)-v1))-v1)))--14.2146045116188),-1.0,6.997803045391314e-28,1.7165125119904934e-15,6.997803045391314e-28,8194.0,2.240942474320316e-14,((-0.905*log(((v1*((1.2+v1)-v1))-v1)))--14.2)
3.3950031517395645e-15,14.0,0,156.0,-1.0,true,4.440892098500626e-14,2.5412896323475783e-15,3.0,((15.8231638906667+log(pow3(((0.943912982265553+v1)-v1))))+(log(v1)/-1.10488728070732)),-1.0,7.178634237511207e-28,1.7859069362217614e-15,7.178634237511207e-28,4.294967302e9,2.3297603162903284e-14,((15.8+log(pow3(((0.944+v1)-v1))))+(log(v1)/-1.1))
3.245437019474288e-15,14.0,0,5.0,-1.0,true,4.796163466380676e-14,2.6027405588252915e-15,3.0,((17.2283932396243+log(pow2(((0.454209551698663+v1)-v1))))+(-0.905069700286372*log(v1))),-1.0,7.081543664560929e-28,1.7720378637448224e-15,7.081543664560929e-28,4.294967302e9,2.3160960329103265e-14,((17.2+log(pow2(((0.454+v1)-v1))))+(-0.905*log(v1)))
3.245437019474288e-15,14.0,0,198.0,-1.0,true,4.796163466380676e-14,2.6027405588252915e-15,3.0,((17.2283932396243+log(pow2(((0.454209551698663+v1)-v1))))+(-0.905069700286372*log(v1))),-1.0,7.081543664560929e-28,1.7720378637448224e-15,7.081543664560929e-28,4.294967302e9,2.3160960329103265e-14,((17.2+log(pow2(((0.454+v1)-v1))))+(-0.905*log(v1)))
3.3950031517395645e-15,14.0,0,597.0,-1.0,true,4.796163466380676e-14,2.7206950610072254e-15,3.0,(14.2129875430275-(0.603379800190917*log(pow3(sqrt_abs((v1*((0.204387661710333+v1)-v1))))))),-1.0,7.492964967437733e-28,1.8037950963332084e-15,7.492964967437733e-28,1.7976931348623157e308,2.3502567413603312e-14,(14.2-(0.603*log(pow3(sqrt_abs((v1*((0.204+v1)-v1)))))))
5.5330910951741055e-15,14.0,0,0.0,-1.0,true,6.217248937900877e-14,2.901627120412956e-15,3.0,((-0.603379800190916*log(pow3(sqrt_abs((v1*((0.462572418834559+v1)-v1))))))--14.9522345659281),-1.0,9.990619956583646e-28,2.1998424964188967e-15,9.990619956583646e-28,1.7976931348623157e308,2.801178092900395e-14,((-0.603*log(pow3(sqrt_abs((v1*((0.463+v1)-v1))))))--15.0)
3.835516477560522e-15,15.0,0,865.0,-1.0,true,4.618527782440651e-14,2.6603118553161034e-15,3.0,((16.8067299865389+log(pow2(((0.560814552944501+v1)-v1))))+(log(sqrt_abs(v1))/-0.552443640353661)),-1.0,7.363106326116736e-28,1.7602849239652651e-15,7.363106326116736e-28,4.294967314e9,2.3024317495303247e-14,((16.8+log(pow2(((0.561+v1)-v1))))+(log(sqrt_abs(v1))/-0.552))
3.259203025669982e-15,15.0,0,97.0,-1.0,true,4.618527782440651e-14,2.7470310528685824e-15,3.0,(14.7217914333555+(-0.226267425071593*log(pow2((v1*(v1*((v1--0.128589299500381)-v1))))))),-1.0,7.404369819620605e-28,1.7947183572178966e-15,7.404369819620605e-28,1.7976931348623157e308,2.3434245996703303e-14,(14.7+(-0.226*log(pow2((v1*(v1*((v1--0.129)-v1)))))))
3.46501967805917e-15,15.0,0,2236.0,-1.0,true,5.3290705182007514e-14,2.5263374317957977e-15,3.0,((14.1343981485429+log(v1))+(-1.90506970028637*log((v1*((0.451327330279856+v1)-v1))))),-1.0,7.4067970839443615e-28,1.8100007254313307e-15,7.4067970839443615e-28,2054.0,2.3707531664303344e-14,((14.1+log(v1))+(-1.91*log((v1*((0.451+v1)-v1)))))
3.530803277809147e-15,15.0,0,173.0,-1.0,true,4.618527782440651e-14,2.467531842367809e-15,3.0,((16.8067299865389+log(pow2(((0.560814552944501+v1)-v1))))+(-0.452534850143187*log(pow2(v1)))),-1.0,7.111884468607891e-28,1.7789789247330595e-15,7.111884468607891e-28,4.294967314e9,2.3229281746003275e-14,((16.8+log(pow2(((0.561+v1)-v1))))+(-0.453*log(pow2(v1))))
3.3495190221238642e-15,15.0,0,224.0,-1.0,true,5.1514348342607263e-14,2.4614378223423264e-15,3.0,((17.4151802404644+log(pow2(((0.413709964201397+v1)-v1))))+(log(sqrt_abs(v1))/-0.552443640353661)),-1.0,7.150720697788002e-28,1.790812870104493e-15,7.150720697788002e-28,4.294967314e9,2.3365924579803294e-14,((17.4+log(pow2(((0.414+v1)-v1))))+(log(sqrt_abs(v1))/-0.552))
3.245437019474288e-15,15.0,0,213.0,-1.0,true,4.973799150320701e-14,2.536667888630453e-15,4.0,((-0.905069700286374*log((0.493807359723596*(v1*pow2(((0.408985318280391+v1)-v1))))))--13.3929717203887),-1.0,7.228393156148225e-28,1.7620219661809944e-15,7.228393156148225e-28,7.378697629483821e19,2.2955996078403237e-14,((-0.905*log((0.494*(v1*pow2(((0.409+v1)-v1))))))--13.4)
3.3950031517395645e-15,15.0,0,687.0,-1.0,true,4.796163466380676e-14,2.6236881440347914e-15,3.0,((17.2283932396243+log(pow2(((0.454209551698663+v1)-v1))))+(-1.81013940057275*log(sqrt_abs(v1)))),-1.0,7.284220235594635e-28,1.812105778428004e-15,7.284220235594635e-28,4.294967314e9,2.3639210247403334e-14,((17.2+log(pow2(((0.454+v1)-v1))))+(-1.81*log(sqrt_abs(v1))))
3.3929568839958463e-15,15.0,0,565.0,-1.0,true,4.796163466380676e-14,2.6027405588252915e-15,3.0,((17.2283932396243+log(pow2(((0.454209551698663+v1)-v1))))+(log(sqrt_abs(v1))/-0.552443640353661)),-1.0,7.139798008331096e-28,1.773342213052736e-15,7.139798008331096e-28,4.294967314e9,2.3160960329103265e-14,((17.2+log(pow2(((0.454+v1)-v1))))+(log(sqrt_abs(v1))/-0.552))
3.245437019474288e-15,15.0,0,213.0,-1.0,true,4.973799150320701e-14,2.536667888630453e-15,4.0,((-0.905069700286374*log((0.493807359723596*(v1*pow2(((0.408985318280391+v1)-v1))))))--13.3929717203887),-1.0,7.228393156148225e-28,1.7620219661809944e-15,7.228393156148225e-28,7.378697629483821e19,2.2955996078403237e-14,((-0.905*log((0.494*(v1*pow2(((0.409+v1)-v1))))))--13.4)
3.46501967805917e-15,15.0,0,3316.0,-1.0,true,5.3290705182007514e-14,2.5263374317957977e-15,3.0,((14.1343981485429+log(v1))+(-1.90506970028637*log((v1*((0.451327330279856+v1)-v1))))),-1.0,7.4067970839443615e-28,1.8100007254313307e-15,7.4067970839443615e-28,2054.0,2.3707531664303344e-14,((14.1+log(v1))+(-1.91*log((v1*((0.451+v1)-v1)))))
3.3929568839958463e-15,15.0,0,336.0,-1.0,true,4.796163466380676e-14,2.6027405588252915e-15,3.0,((17.2283932396243+log(pow2(((0.454209551698663+v1)-v1))))+(log(sqrt_abs(v1))/-0.552443640353661)),-1.0,7.139798008331096e-28,1.773342213052736e-15,7.139798008331096e-28,4.294967314e9,2.3160960329103265e-14,((17.2+log(pow2(((0.454+v1)-v1))))+(log(sqrt_abs(v1))/-0.552))
3.3929568839958463e-15,15.0,0,4835.0,-1.0,true,4.973799150320701e-14,2.495329128786687e-15,3.0,((14.9094000143912+log(v1))+(log((v1*((0.6779022517127+v1)-v1)))/-0.52491517756525)),-1.0,7.412865244753754e-28,1.8050923193212076e-15,7.412865244753754e-28,2054.0,2.3502567413603312e-14,((14.9+log(v1))+(log((v1*((0.678+v1)-v1)))/-0.525))
3.259203025669982e-15,16.0,0,598.0,-1.0,true,4.618527782440651e-14,2.467531842367809e-15,3.0,(log(sqrt_abs(v1))-(-13.9928733556001+(1.40506970028637*log((v1*((0.307465909634734+v1)-v1)))))),-1.0,7.000230309715071e-28,1.7807094759826783e-15,7.000230309715071e-28,2066.0,2.3229281746003275e-14,(log(sqrt_abs(v1))-(-14.0+(1.41*log((v1*((0.307+v1)-v1))))))
3.802403529948312e-15,16.0,0,78.0,-1.0,true,4.973799150320701e-14,2.569410052562072e-15,3.0,(((v1--14.9197268526351)-v1)+(-0.905069700286374*log((v1*((v1--0.446252871147258)-v1))))),-1.0,7.849772823030007e-28,1.83170063238569e-15,7.849772823030007e-28,2054.0,2.3912495915003372e-14,(((v1--14.9)-v1)+(-0.905*log((v1*((v1--0.446)-v1)))))
3.3929568839958463e-15,16.0,0,1347.0,-1.0,true,4.973799150320701e-14,2.515988008003251e-15,3.0,(14.2734566324339-(0.905069700286371*log(((v1/v1)*(v1*((0.218509615583902+v1)-v1)))))),-1.0,7.207761409396291e-28,1.793925666704334e-15,7.207761409396291e-28,7.205759403792794e16,2.3434245996703303e-14,(14.3-(0.905*log(((v1/v1)*(v1*((0.219+v1)-v1))))))
3.3950031517395645e-15,16.0,0,859.0,-1.0,true,4.973799150320701e-14,2.503195080912921e-15,3.0,(14.259441023983+(-0.905069700286372*log(((v1/v1)*(v1*((0.215151913557539+v1)-v1)))))),-1.0,7.198052352101263e-28,1.8049901761822017e-15,7.198052352101263e-28,7.205759403792794e16,2.3570888830503325e-14,(14.3+(-0.905*log(((v1/v1)*(v1*((0.215+v1)-v1))))))
3.123402899600399e-15,16.0,0,2439.0,-1.0,true,4.440892098500626e-14,2.5443175189407372e-15,5.0,(1.20407169876744*(10.8635448555325-(0.751674257615107*(log((v1*((0.191575145324369+v1)-v1)))-1.18654718848759)))),-1.0,7.361892693954858e-28,1.8249513704177456e-15,7.361892693954858e-28,2052.0,2.3775853081203353e-14,(1.2*(10.9-(0.752*(log((v1*((0.192+v1)-v1)))-1.19))))
3.540476748517405e-15,16.0,0,4430.0,-1.0,true,4.796163466380676e-14,2.515988008003251e-15,3.0,(log(sqrt_abs(v1))-(-14.6626608135878+(1.40506970028637*log((v1*((v1--0.495247492225181)-v1)))))),-1.0,7.340047315041045e-28,1.7539923787099459e-15,7.340047315041045e-28,2066.0,2.2955996078403237e-14,(log(sqrt_abs(v1))-(-14.7+(1.41*log((v1*((v1--0.495)-v1))))))
3.3950031517395645e-15,16.0,0,1897.0,-1.0,true,4.440892098500626e-14,2.6126807742717977e-15,4.0,(-0.937646494844209*(-15.6836117525421+(0.482628424071885*log((v1*(v1*((0.12409270285922+v1)-v1))))))),-1.0,7.2696566496520935e-28,1.804581170346366e-15,7.2696566496520935e-28,8.388611e6,2.3502567413603312e-14,(-0.938*(-15.7+(0.483*log((v1*(v1*((0.124+v1)-v1)))))))
3.3950031517395645e-15,16.0,0,266.0,-1.0,true,4.618527782440651e-14,2.5107778526230755e-15,4.0,((16.8067299865389+log(pow2(((0.560814552944501+v1)-v1))))+(log((-6.11972704524311e-16+v1))/-1.10488728070732)),-1.0,7.136157111845461e-28,1.790244638054217e-15,7.136157111845461e-28,4.294967306e9,2.3365924579803294e-14,((16.8+log(pow2(((0.561+v1)-v1))))+(log((-6.12e-16+v1))/-1.1))
3.259203025669982e-15,16.0,0,1079.0,-1.0,true,4.618527782440651e-14,2.467531842367809e-15,3.0,(log(sqrt_abs(v1))-(-13.9928733556001+(1.40506970028637*log((v1*((0.307465909634734+v1)-v1)))))),-1.0,7.000230309715071e-28,1.7807094759826783e-15,7.000230309715071e-28,2066.0,2.3229281746003275e-14,(log(sqrt_abs(v1))-(-14.0+(1.41*log((v1*((0.307+v1)-v1))))))
5.2169144611641565e-15,16.0,0,1.0,-1.0,true,6.039613253960852e-14,2.7905955001095606e-15,3.0,(15.3671227772562-(0.226267425071593*log(pow2(pow2(((v1*((0.268419082034451+v1)-v1))-v1)))))),-1.0,1.0530686268619568e-27,2.3236596579903714e-15,1.0530686268619568e-27,1.7976931348623157e308,2.971981635150419e-14,(15.4-(0.226*log(pow2(pow2(((v1*((0.268+v1)-v1))-v1))))))
3.259203025669982e-15,16.0,0,3715.0,-1.0,true,4.440892098500626e-14,2.586129442773535e-15,3.0,((18.1678097714348+log(pow2(((0.388589551387222+v1)-v1))))+(log((v1+v1))/-1.10488728070732)),-1.0,7.105816307798498e-28,1.768753125724119e-15,7.105816307798498e-28,4.294967314e9,2.3024317495303247e-14,((18.2+log(pow2(((0.389+v1)-v1))))+(log((v1+v1))/-1.1))
3.259203025669982e-15,16.0,0,733.0,-1.0,true,4.618527782440651e-14,2.5107778526230755e-15,4.0,((17.2283932396243+log(pow2(((0.454209551698663+v1)-v1))))+(-0.905069700286372*log((v1-1.7328256863253401e-15)))),-1.0,7.160429755083031e-28,1.789832125730631e-15,7.160429755083031e-28,4.294967306e9,2.3365924579803294e-14,((17.2+log(pow2(((0.454+v1)-v1))))+(-0.905*log((v1-1.73e-15))))
3.259203025669982e-15,16.0,0,3715.0,-1.0,true,4.440892098500626e-14,2.586129442773535e-15,3.0,((18.1678097714348+log(pow2(((0.388589551387222+v1)-v1))))+(log((v1+v1))/-1.10488728070732)),-1.0,7.105816307798498e-28,1.768753125724119e-15,7.105816307798498e-28,4.294967314e9,2.3024317495303247e-14,((18.2+log(pow2(((0.389+v1)-v1))))+(log((v1+v1))/-1.1))
3.3929568839958463e-15,16.0,0,1347.0,-1.0,true,4.973799150320701e-14,2.515988008003251e-15,3.0,(14.2734566324339-(0.905069700286371*log(((v1/v1)*(v1*((0.218509615583902+v1)-v1)))))),-1.0,7.207761409396291e-28,1.793925666704334e-15,7.207761409396291e-28,7.205759403792794e16,2.3434245996703303e-14,(14.3-(0.905*log(((v1/v1)*(v1*((0.219+v1)-v1))))))
3.259203025669982e-15,16.0,0,386.0,-1.0,true,4.796163466380676e-14,2.467531842367809e-15,3.0,(log(sqrt_abs(v1))-(-13.9928733556001+(1.40506970028637*log((v1*((0.307465909634734+v1)-v1)))))),-1.0,7.014793895657613e-28,1.7804416671722018e-15,7.014793895657613e-28,2066.0,2.3229281746003275e-14,(log(sqrt_abs(v1))-(-14.0+(1.41*log((v1*((0.307+v1)-v1))))))
3.245437019474288e-15,16.0,0,199.0,-1.0,true,4.796163466380676e-14,2.6027405588252915e-15,4.0,((17.2283932396243+log(pow2(((0.454209551698663+v1)-v1))))+(-0.905069700286372*log((v1-3.43859043912421e-16)))),-1.0,7.070620975104022e-28,1.7675942506862132e-15,7.070620975104022e-28,4.294967306e9,2.3092638912203256e-14,((17.2+log(pow2(((0.454+v1)-v1))))+(-0.905*log((v1-3.44e-16))))
3.530803277809147e-15,17.0,0,1527.0,-1.0,true,4.618527782440651e-14,2.586129442773535e-15,4.0,(-0.888652173419631*(-16.2769349543885+(1.01847463761166*log((pow2((v1*((0.519492263701599+v1)-v1)))/v1))))),-1.0,7.3376200507172885e-28,1.8629603610192104e-15,7.3376200507172885e-28,1.7976931348623157e308,2.418578158260341e-14,(-0.889*(-16.3+(1.02*log((pow2((v1*((0.519+v1)-v1)))/v1)))))
3.245437019474288e-15,17.0,0,122.0,-1.0,true,4.973799150320701e-14,2.5266127736142405e-15,4.0,((17.4151802404644+log(pow2(((0.413709964201397+v1)-v1))))+(log(sqrt_abs((-1.4822414626719002e-15+v1)))/-0.552443640353661)),-1.0,7.10460267563662e-28,1.7906391840356167e-15,7.10460267563662e-28,4.294967554e9,2.3365924579803294e-14,((17.4+log(pow2(((0.414+v1)-v1))))+(log(sqrt_abs((-1.48e-15+v1)))/-0.552))
3.3495190221238642e-15,17.0,0,182.0,-1.0,true,5.1514348342607263e-14,2.4614378223423264e-15,3.0,((17.4151802404644+log(pow2(((0.413709964201397+v1)-v1))))+(log((v1/sqrt_abs(v1)))/-0.552443640353661)),-1.0,7.117952629417283e-28,1.7859277621665306e-15,7.117952629417283e-28,4.29496781e9,2.3297603162903284e-14,((17.4+log(pow2(((0.414+v1)-v1))))+(log((v1/sqrt_abs(v1)))/-0.552))
3.3929568839958463e-15,17.0,0,566.0,-1.0,true,4.796163466380676e-14,2.6027405588252915e-15,4.0,((17.2283932396243+log(pow2(((0.454209551698663+v1)-v1))))+(log(sqrt_abs((v1--1.2854349225569102e-15)))/-0.552443640353661)),-1.0,7.148293433464246e-28,1.7782079236535428e-15,7.148293433464246e-28,4.294967554e9,2.3229281746003275e-14,((17.2+log(pow2(((0.454+v1)-v1))))+(log(sqrt_abs((v1--1.29e-15)))/-0.552))
3.3950031517395645e-15,17.0,0,621.0,-1.0,true,4.973799150320701e-14,2.5465679393446335e-15,4.0,((17.2283932396243+log(pow2(((0.454209551698663+v1)-v1))))+(log(sqrt_abs((-1.00486429579572e-15+v1)))/-0.552443640353661)),-1.0,7.166497915892423e-28,1.794167139586507e-15,7.166497915892423e-28,4.294967554e9,2.3434245996703303e-14,((17.2+log(pow2(((0.454+v1)-v1))))+(log(sqrt_abs((-1.0e-15+v1)))/-0.552))
3.3929568839958463e-15,17.0,0,566.0,-1.0,true,4.796163466380676e-14,2.6027405588252915e-15,4.0,((17.2283932396243+log(pow2(((0.454209551698663+v1)-v1))))+(log(sqrt_abs((v1--1.2854349225569102e-15)))/-0.552443640353661)),-1.0,7.148293433464246e-28,1.7782079236535428e-15,7.148293433464246e-28,4.294967554e9,2.3229281746003275e-14,((17.2+log(pow2(((0.454+v1)-v1))))+(log(sqrt_abs((v1--1.29e-15)))/-0.552))
3.259203025669982e-15,18.0,0,1806.0,-1.0,true,4.973799150320701e-14,2.4473534830935843e-15,4.0,(log(sqrt_abs((-3.22872364846777e-15+v1)))-(-13.9928733556001+(1.40506970028637*log((v1*((0.307465909634734+v1)-v1)))))),-1.0,6.995375781067557e-28,1.780206211391923e-15,6.995375781067557e-28,2306.0,2.3229281746003275e-14,(log(sqrt_abs((-3.23e-15+v1)))-(-14.0+(1.41*log((v1*((0.307+v1)-v1))))))
3.245437019474288e-15,18.0,0,1541.0,-1.0,true,4.618527782440651e-14,2.6027405588252915e-15,4.0,((15.1292963921897+log(pow2((v1*((0.50560067209552+v1)-v1)))))+(log((0.52268869258744*v1))/-0.344225820090108)),-1.0,7.168925180216179e-28,1.7708775461552806e-15,7.168925180216179e-28,1.7976931348623157e308,2.3160960329103265e-14,((15.1+log(pow2((v1*((0.506+v1)-v1)))))+(log((0.523*v1))/-0.344))
3.259203025669982e-15,18.0,0,1070.0,-1.0,true,4.618527782440651e-14,2.5766006639318113e-15,3.0,(log((v1/sqrt_abs(v1)))-(-13.9928733556001+(1.40506970028637*log((v1*((0.307465909634734+v1)-v1)))))),-1.0,6.969889505668109e-28,1.777498955610043e-15,6.969889505668109e-28,2562.0,2.3160960329103265e-14,(log((v1/sqrt_abs(v1)))-(-14.0+(1.41*log((v1*((0.307+v1)-v1))))))
3.259203025669982e-15,18.0,0,1806.0,-1.0,true,4.796163466380676e-14,2.5766006639318113e-15,4.0,(log(sqrt_abs((v1-4.28883217689424e-16)))-(-13.9928733556001+(1.40506970028637*log((v1*((0.307465909634734+v1)-v1)))))),-1.0,7.034212010247669e-28,1.781941288530632e-15,7.034212010247669e-28,2306.0,2.3229281746003275e-14,(log(sqrt_abs((v1-4.29e-16)))-(-14.0+(1.41*log((v1*((0.307+v1)-v1))))))
3.259203025669982e-15,18.0,0,533.0,-1.0,true,4.618527782440651e-14,2.5766006639318113e-15,4.0,(log(sqrt_abs((-7.90821075327363e-16-v1)))-(-13.9928733556001+(1.40506970028637*log((v1*((0.307465909634734+v1)-v1)))))),-1.0,7.01722115998137e-28,1.7821715086094154e-15,7.01722115998137e-28,2306.0,2.3229281746003275e-14,(log(sqrt_abs((-7.91e-16-v1)))-(-14.0+(1.41*log((v1*((0.307+v1)-v1))))))
3.259203025669982e-15,18.0,0,13.0,-1.0,true,4.796163466380676e-14,2.5766006639318113e-15,4.0,(log(sqrt_abs((v1-4.28883217689424e-16)))-(-13.9928733556001+(1.40506970028637*log((v1*((0.307465909634734+v1)-v1)))))),-1.0,7.087611825370321e-28,1.791318747559574e-15,7.087611825370321e-28,2306.0,2.3365924579803294e-14,(log(sqrt_abs((v1-4.29e-16)))-(-14.0+(1.41*log((v1*((0.307+v1)-v1))))))
3.3950031517395645e-15,18.0,0,109.0,-1.0,true,4.618527782440651e-14,2.5107778526230755e-15,3.0,((16.8067299865389+log(pow2(((0.560814552944501+v1)-v1))))+(log((v1+(v1-v1)))/-1.10488728070732)),-1.0,7.143438904816732e-28,1.7904054426254536e-15,7.143438904816732e-28,4.294967362e9,2.3365924579803294e-14,((16.8+log(pow2(((0.561+v1)-v1))))+(log((v1+(v1-v1)))/-1.1))
3.0979171549527293e-15,18.0,0,1216.0,-1.0,true,4.618527782440651e-14,2.622581892259929e-15,4.0,((13.8202943869893+(0.560616649870236*log(pow2(v1))))+(log((v1*((0.405360979873497+v1)-v1)))/-0.493509608378782)),-1.0,6.973530402153744e-28,1.7629416839668069e-15,6.973530402153744e-28,2067.0,2.2955996078403237e-14,((13.8+(0.561*log(pow2(v1))))+(log((v1*((0.405+v1)-v1)))/-0.494))
3.259203025669982e-15,18.0,0,1806.0,-1.0,true,4.973799150320701e-14,2.4473534830935843e-15,4.0,(log(sqrt_abs((-3.22872364846777e-15+v1)))-(-13.9928733556001+(1.40506970028637*log((v1*((0.307465909634734+v1)-v1)))))),-1.0,6.995375781067557e-28,1.780206211391923e-15,6.995375781067557e-28,2306.0,2.3229281746003275e-14,(log(sqrt_abs((-3.23e-15+v1)))-(-14.0+(1.41*log((v1*((0.307+v1)-v1))))))
3.802403529948312e-15,18.0,0,439.0,-1.0,true,5.1514348342607263e-14,2.536935593212751e-15,3.0,(((v1+(17.2697139693121+log(pow2(((0.444921692301942+v1)-v1)))))-v1)+(-0.905069700286372*log(v1))),-1.0,7.059698285647116e-28,1.7078594874925555e-15,7.059698285647116e-28,4.294967306e9,2.2477746160103168e-14,(((v1+(17.3+log(pow2(((0.445+v1)-v1)))))-v1)+(-0.905*log(v1)))
3.66660340387873e-15,18.0,0,61.0,-1.0,true,5.1514348342607263e-14,2.5394631837828025e-15,3.0,(((v1+(17.2697139693121+log(pow2(((0.444921692301942+v1)-v1)))))-v1)+(-0.905069700286372*log(v1))),-1.0,7.019648424305126e-28,1.7150425828888138e-15,7.019648424305126e-28,4.294967306e9,2.2546067577003178e-14,(((v1+(17.3+log(pow2(((0.445+v1)-v1)))))-v1)+(-0.905*log(v1)))
3.3929568839958463e-15,18.0,0,177.0,-1.0,true,4.796163466380676e-14,2.6027405588252915e-15,4.0,((17.2283932396243+log(pow2(((0.454209551698663+v1)-v1))))+(-0.905069700286372*log((v1-(3.43859043912421e-16*v1))))),-1.0,7.108243572122256e-28,1.7630189323890288e-15,7.108243572122256e-28,4.29496733e9,2.3024317495303247e-14,((17.2+log(pow2(((0.454+v1)-v1))))+(-0.905*log((v1-(3.44e-16*v1)))))
3.259203025669982e-15,18.0,0,29.0,-1.0,true,4.796163466380676e-14,2.5107778526230755e-15,3.0,((17.2283932396243+log(pow2(((v1+((0.454209551698663+v1)-v1))-v1))))+(-0.905069700286372*log(v1))),-1.0,7.171352444539937e-28,1.7953734400411422e-15,7.171352444539937e-28,1.3407807929942597e154,2.3434245996703303e-14,((17.2+log(pow2(((v1+((0.454+v1)-v1))-v1))))+(-0.905*log(v1)))
3.245437019474288e-15,18.0,0,0.0,-1.0,true,4.618527782440651e-14,2.6418612225135172e-15,5.0,((17.2283932396243+log(pow2(((0.454209551698663+v1)-v1))))+(-0.905069700286372*log(((v1-1.68170534083009e-15)-3.43859043912421e-16)))),-1.0,7.10460267563662e-28,1.7674076089242944e-15,7.10460267563662e-28,4.294967314e9,2.3092638912203256e-14,((17.2+log(pow2(((0.454+v1)-v1))))+(-0.905*log(((v1-1.68e-15)-3.44e-16))))
2.3943704026883205e-14,18.0,0,0.0,-1.0,true,3.6770586575585185e-13,1.4481553004527348e-14,4.0,(log(sqrt_abs((2.6095826372687e-12+v1)))-(-13.992849415822+(1.40506970028621*log((v1*((0.307460671031415+v1)-v1)))))),-1.0,2.6973460250613964e-26,9.995175467013749e-15,2.6973460250613964e-26,2306.0,1.3309012012121876e-13,(log(sqrt_abs((2.61e-12+v1)))-(-14.0+(1.41*log((v1*((0.307+v1)-v1))))))
3.696020989929781e-15,19.0,0,936.0,-1.0,true,5.684341886080802e-14,2.467531842367809e-15,3.0,((17.4032437331513+log(pow2(((v1*((0.583813526926567+v1)-v1))-v1))))+(log(sqrt_abs(v1))/-0.172112910045054)),-1.0,7.070620975104022e-28,1.7851353097176258e-15,7.070620975104022e-28,1.7976931348623157e308,2.3365924579803294e-14,((17.4+log(pow2(((v1*((0.584+v1)-v1))-v1))))+(log(sqrt_abs(v1))/-0.172))
3.540476748517405e-15,19.0,0,5317.0,-1.0,true,4.618527782440651e-14,2.490692218682608e-15,4.0,((15.2395754999947+log(pow2((v1*((0.601669159403238+v1)-v1)))))+(log((0.782295728165724*sqrt_abs(v1)))/-0.172112910045054)),-1.0,7.028143849438276e-28,1.721644680188781e-15,7.028143849438276e-28,1.7976931348623157e308,2.2477746160103168e-14,((15.2+log(pow2((v1*((0.602+v1)-v1)))))+(log((0.782*sqrt_abs(v1)))/-0.172))
4.217166855396015e-14,19.0,0,0.0,-1.0,true,4.707345624410664e-13,6.328698220557471e-15,3.0,((21.2579896251075+log(pow2(((v1*((0.939432377602303+v1)-v1))-v1))))+(log(pow2(v1))/-0.688451640180208)),-1.0,2.7266552417707616e-26,7.856150602161065e-15,2.7266552417707616e-26,1.7976931348623157e308,9.394194823751325e-14,((21.3+log(pow2(((v1*((0.939+v1)-v1))-v1))))+(log(pow2(v1))/-0.688))
3.696020989929781e-15,19.0,0,936.0,-1.0,true,5.684341886080802e-14,2.467531842367809e-15,3.0,((17.4032437331513+log(pow2(((v1*((0.583813526926567+v1)-v1))-v1))))+(log(sqrt_abs(v1))/-0.172112910045054)),-1.0,7.070620975104022e-28,1.7851353097176258e-15,7.070620975104022e-28,1.7976931348623157e308,2.3365924579803294e-14,((17.4+log(pow2(((v1*((0.584+v1)-v1))-v1))))+(log(sqrt_abs(v1))/-0.172))
3.245437019474288e-15,19.0,0,42.0,-1.0,true,4.973799150320701e-14,2.5266127736142405e-15,4.0,((17.4151802404644+log(pow2(((0.413709964201397+v1)-v1))))+(log(sqrt_abs((v1-(1.68170534083009e-15/v1))))/-0.552443640353661)),-1.0,7.137370744007339e-28,1.795524291973579e-15,7.137370744007339e-28,8.589934594e9,2.3434245996703303e-14,((17.4+log(pow2(((0.414+v1)-v1))))+(log(sqrt_abs((v1-(1.68e-15/v1))))/-0.552))
3.245437019474288e-15,19.0,0,1804.0,-1.0,true,4.440892098500626e-14,2.5183649326818897e-15,4.0,((15.2395754999947+log(pow2((v1*((0.601669159403238+v1)-v1)))))+(log((0.782295728165724*sqrt_abs(v1)))/-0.172112910045054)),-1.0,7.013580263495734e-28,1.7418206226932777e-15,7.013580263495734e-28,1.7976931348623157e308,2.275103182770321e-14,((15.2+log(pow2((v1*((0.602+v1)-v1)))))+(log((0.782*sqrt_abs(v1)))/-0.172))
3.530803277809147e-15,19.0,0,213.0,-1.0,true,5.1514348342607263e-14,2.515988008003251e-15,3.0,(((v1+(17.2697139693121+log(pow2(((0.444921692301942+v1)-v1)))))-v1)+(-1.81013940057274*log(sqrt_abs(v1)))),-1.0,7.134943479683582e-28,1.7118436574800075e-15,7.134943479683582e-28,4.294967318e9,2.2477746160103168e-14,(((v1+(17.3+log(pow2(((0.445+v1)-v1)))))-v1)+(-1.81*log(sqrt_abs(v1))))
3.245437019474288e-15,19.0,0,831.0,-1.0,true,4.796163466380676e-14,2.6027405588252915e-15,3.0,((17.2283932396243+log(pow2(((v1+((0.454209551698663+v1)-v1))-v1))))+(log(sqrt_abs(v1))/-0.552443640353661)),-1.0,7.145866169140488e-28,1.7888378133960096e-15,7.145866169140488e-28,1.3407807929942597e154,2.3365924579803294e-14,((17.2+log(pow2(((v1+((0.454+v1)-v1))-v1))))+(log(sqrt_abs(v1))/-0.552))
3.46501967805917e-15,19.0,0,1852.0,-1.0,true,5.3290705182007514e-14,2.4130887225802987e-15,3.0,((16.8702379638154+log(pow2(((v1*((0.456713776002593+v1)-v1))-v1))))+(log(sqrt_abs(v1))/-0.172112910045054)),-1.0,7.041493803218939e-28,1.7409842639802874e-15,7.041493803218939e-28,1.7976931348623157e308,2.281935324460322e-14,((16.9+log(pow2(((v1*((0.457+v1)-v1))-v1))))+(log(sqrt_abs(v1))/-0.172))
3.46501967805917e-15,19.0,0,4887.0,-1.0,true,5.3290705182007514e-14,2.3986078726252484e-15,3.0,((17.4032437331514+log(pow2(((v1*((0.583813526926567+v1)-v1))-v1))))+(log(sqrt_abs(v1))/-0.172112910045054)),-1.0,7.002657574038828e-28,1.745277463260302e-15,7.002657574038828e-28,1.7976931348623157e308,2.281935324460322e-14,((17.4+log(pow2(((v1*((0.584+v1)-v1))-v1))))+(log(sqrt_abs(v1))/-0.172))
3.540476748517405e-15,19.0,0,2386.0,-1.0,true,4.618527782440651e-14,2.490692218682608e-15,4.0,((15.2395754999947+log(pow2((v1*((0.601669159403238+v1)-v1)))))+(log((0.782295728165724*sqrt_abs(v1)))/-0.172112910045054)),-1.0,7.028143849438276e-28,1.721644680188781e-15,7.028143849438276e-28,1.7976931348623157e308,2.2477746160103168e-14,((15.2+log(pow2((v1*((0.602+v1)-v1)))))+(log((0.782*sqrt_abs(v1)))/-0.172))
3.259203025669982e-15,20.0,0,49.0,-1.0,true,4.796163466380676e-14,2.467531842367809e-15,3.0,(log(sqrt_abs(v1))-(-13.9928733556001+(1.40506970028637*log((v1*((v1+((0.307465909634734+v1)-v1))-v1)))))),-1.0,7.014793895657613e-28,1.7804416671722018e-15,7.014793895657613e-28,524306.0,2.3229281746003275e-14,(log(sqrt_abs(v1))-(-14.0+(1.41*log((v1*((v1+((0.307+v1)-v1))-v1))))))
3.259203025669982e-15,20.0,0,434.0,-1.0,true,4.796163466380676e-14,2.467531842367809e-15,4.0,(log(sqrt_abs((v1-(3.1578388666485097e-16/v1))))-(-13.9928733556001+(1.40506970028637*log((v1*((0.307465909634734+v1)-v1)))))),-1.0,7.06455281429463e-28,1.7851518089032667e-15,7.06455281429463e-28,4.294969346e9,2.3297603162903284e-14,(log(sqrt_abs((v1-(3.16e-16/v1))))-(-14.0+(1.41*log((v1*((0.307+v1)-v1))))))
3.259203025669982e-15,20.0,0,13.0,-1.0,true,4.796163466380676e-14,2.467531842367809e-15,3.0,(log(sqrt_abs(v1))-(-13.9928733556001+(1.40506970028637*log((v1*((v1+((0.307465909634734+v1)-v1))-v1)))))),-1.0,7.014793895657613e-28,1.7804416671722018e-15,7.014793895657613e-28,524306.0,2.3229281746003275e-14,(log(sqrt_abs(v1))-(-14.0+(1.41*log((v1*((v1+((0.307+v1)-v1))-v1))))))
3.259203025669982e-15,20.0,0,564.0,-1.0,true,4.618527782440651e-14,2.5107778526230755e-15,4.0,((17.2283932396243+log(pow2(((v1+((0.454209551698663+v1)-v1))-v1))))+(-0.905069700286372*log((-1.00592440033313e-15+v1)))),-1.0,7.096107250503471e-28,1.7864874940619442e-15,7.096107250503471e-28,1.3407807929942597e154,2.3297603162903284e-14,((17.2+log(pow2(((v1+((0.454+v1)-v1))-v1))))+(-0.905*log((-1.01e-15+v1))))
3.802403529948312e-15,20.0,0,161.0,-1.0,true,4.973799150320701e-14,2.5387620417775268e-15,4.0,(((v1+(17.2697139693121+log(pow2(((0.444921692301942+v1)-v1)))))-v1)+(-0.905069700286372*log((v1-1.39878390410264e-15)))),-1.0,7.031784745923911e-28,1.7034223902734617e-15,7.031784745923911e-28,4.29496731e9,2.240942474320316e-14,(((v1+(17.3+log(pow2(((0.445+v1)-v1)))))-v1)+(-0.905*log((v1-1.4e-15))))
3.802403529948312e-15,20.0,0,87.0,-1.0,true,4.973799150320701e-14,2.536935593212751e-15,4.0,(((v1+(17.2697139693121+log(pow2(((0.444921692301942+v1)-v1)))))-v1)+(-0.905069700286372*log((-1.00592440033313e-15+v1)))),-1.0,6.97717129863938e-28,1.6989735415133575e-15,6.97717129863938e-28,4.29496731e9,2.234110332630315e-14,(((v1+(17.3+log(pow2(((0.445+v1)-v1)))))-v1)+(-0.905*log((-1.01e-15+v1))))
4.345604034226642e-15,20.0,0,0.0,-1.0,true,5.684341886080802e-14,2.5107778526230755e-15,4.0,((16.4372087740219+log(pow2(((v1*((0.61003268622155+v1)-v1))-v1))))+(-2.90506970028637*log((0.68568834643604*v1)))),-1.0,7.957786085437191e-28,1.907469522820784e-15,7.957786085437191e-28,1.7976931348623157e308,2.4800674334703497e-14,((16.4+log(pow2(((v1*((0.61+v1)-v1))-v1))))+(-2.91*log((0.686*v1))))
3.66660340387873e-15,20.0,0,62.0,-1.0,true,5.1514348342607263e-14,2.5394631837828025e-15,4.0,(((v1+(17.2697139693121+log(pow2(((0.444921692301942+v1)-v1)))))-v1)+(-0.905069700286372*log((v1--1.07650496041635e-15)))),-1.0,7.03299837808579e-28,1.719486195947423e-15,7.03299837808579e-28,4.29496731e9,2.2614388993903187e-14,(((v1+(17.3+log(pow2(((0.445+v1)-v1)))))-v1)+(-0.905*log((v1--1.08e-15))))
3.259203025669982e-15,20.0,0,845.0,-1.0,true,4.618527782440651e-14,2.5107778526230755e-15,4.0,((17.2283932396243+log(pow2(((v1+((0.454209551698663+v1)-v1))-v1))))+(-0.905069700286372*log((-1.1855555129855201e-15+v1)))),-1.0,7.096107250503471e-28,1.7864874940619442e-15,7.096107250503471e-28,1.3407807929942597e154,2.3297603162903284e-14,((17.2+log(pow2(((v1+((0.454+v1)-v1))-v1))))+(-0.905*log((-1.19e-15+v1))))
3.3950031517395645e-15,21.0,0,51.0,-1.0,true,4.973799150320701e-14,2.3965638199918654e-15,4.0,((13.6158289799335+log(pow3((v1*((0.919447025045267+v1)-v1)))))+(-2.60337980019091*log((v1*(0.415557100280104*sqrt_abs(v1)))))),-1.0,7.046348331866454e-28,1.7326855678387597e-15,7.046348331866454e-28,1.7976931348623157e308,2.26827104108032e-14,((13.6+log(pow3((v1*((0.919+v1)-v1)))))+(-2.6*log((v1*(0.416*sqrt_abs(v1))))))
3.123402899600399e-15,21.0,0,296.0,-1.0,true,4.796163466380676e-14,2.5107778526230755e-15,4.0,((17.4032437331513+log(pow2(((v1*((0.583813526926567+v1)-v1))-v1))))+(log(sqrt_abs((-7.390851744074981e-15+v1)))/-0.172112910045054)),-1.0,6.8982852081172785e-28,1.7486219807562804e-15,6.8982852081172785e-28,1.7976931348623157e308,2.281935324460322e-14,((17.4+log(pow2(((v1*((0.584+v1)-v1))-v1))))+(log(sqrt_abs((-7.39e-15+v1)))/-0.172))
3.540476748517405e-15,21.0,0,5054.0,-1.0,true,4.618527782440651e-14,2.490692218682608e-15,5.0,((15.2395754999947+log(pow2((v1*((0.601669159403238+v1)-v1)))))+(log((0.782295728165724*sqrt_abs((-4.07994502510174e-16+v1))))/-0.172112910045054)),-1.0,6.971103137829988e-28,1.7172023472681922e-15,6.971103137829988e-28,1.7976931348623157e308,2.240942474320316e-14,((15.2+log(pow2((v1*((0.602+v1)-v1)))))+(log((0.782*sqrt_abs((-4.08e-16+v1))))/-0.172))
3.540476748517405e-15,21.0,0,5054.0,-1.0,true,4.618527782440651e-14,2.490692218682608e-15,5.0,((15.2395754999947+log(pow2((v1*((0.601669159403238+v1)-v1)))))+(log((0.782295728165724*sqrt_abs((-4.07994502510174e-16+v1))))/-0.172112910045054)),-1.0,6.971103137829988e-28,1.7172023472681922e-15,6.971103137829988e-28,1.7976931348623157e308,2.240942474320316e-14,((15.2+log(pow2((v1*((0.602+v1)-v1)))))+(log((0.782*sqrt_abs((-4.08e-16+v1))))/-0.172))
3.123402899600399e-15,21.0,0,296.0,-1.0,true,4.796163466380676e-14,2.5107778526230755e-15,4.0,((17.4032437331513+log(pow2(((v1*((0.583813526926567+v1)-v1))-v1))))+(log(sqrt_abs((-7.390851744074981e-15+v1)))/-0.172112910045054)),-1.0,6.8982852081172785e-28,1.7486219807562804e-15,6.8982852081172785e-28,1.7976931348623157e308,2.281935324460322e-14,((17.4+log(pow2(((v1*((0.584+v1)-v1))-v1))))+(log(sqrt_abs((-7.39e-15+v1)))/-0.172))
3.3929568839958463e-15,21.0,0,1694.0,-1.0,true,4.618527782440651e-14,2.559186436771012e-15,3.0,((17.1331856619329+log(pow2(((v1+(v1*((0.476354558625994+v1)-v1)))-v1))))+(log(sqrt_abs(v1))/-0.172112910045054)),-1.0,7.030571113762033e-28,1.759651408472951e-15,7.030571113762033e-28,1.7976931348623157e308,2.3024317495303247e-14,((17.1+log(pow2(((v1+(v1*((0.476+v1)-v1)))-v1))))+(log(sqrt_abs(v1))/-0.172))
3.123402899600399e-15,21.0,0,942.0,-1.0,true,4.796163466380676e-14,2.5107778526230755e-15,4.0,((17.4032437331513+log(pow2(((v1*((0.583813526926567+v1)-v1))-v1))))+(log(sqrt_abs((v1-3.66397027059714e-15)))/-0.172112910045054)),-1.0,6.9444032302686605e-28,1.766888820399895e-15,6.9444032302686605e-28,1.7976931348623157e308,2.3092638912203256e-14,((17.4+log(pow2(((v1*((0.584+v1)-v1))-v1))))+(log(sqrt_abs((v1-3.66e-15)))/-0.172))
3.123402899600399e-15,21.0,0,942.0,-1.0,true,4.796163466380676e-14,2.5107778526230755e-15,4.0,((17.4032437331513+log(pow2(((v1*((0.583813526926567+v1)-v1))-v1))))+(log(sqrt_abs((v1-3.66397027059714e-15)))/-0.172112910045054)),-1.0,6.9444032302686605e-28,1.766888820399895e-15,6.9444032302686605e-28,1.7976931348623157e308,2.3092638912203256e-14,((17.4+log(pow2(((v1*((0.584+v1)-v1))-v1))))+(log(sqrt_abs((v1-3.66e-15)))/-0.172))
3.3929568839958463e-15,21.0,0,1016.0,-1.0,true,5.1514348342607263e-14,2.4130887225802987e-15,4.0,((16.8702379638154+log(pow2(((v1*((0.456713776002593+v1)-v1))-v1))))+(log(sqrt_abs((-1.4073170243772e-16+v1)))/-0.172112910045054)),-1.0,6.969889505668109e-28,1.7365419310596988e-15,6.969889505668109e-28,1.7976931348623157e308,2.275103182770321e-14,((16.9+log(pow2(((v1*((0.457+v1)-v1))-v1))))+(log(sqrt_abs((-1.41e-16+v1)))/-0.172))
3.580520333994475e-15,21.0,0,191.0,-1.0,true,5.5067062021407764e-14,2.467531842367809e-15,4.0,((17.4032437331513+log(pow2(((v1*((0.583813526926567+v1)-v1))-v1))))+(log(sqrt_abs((1.7933297452734e-16-v1)))/-0.172112910045054)),-1.0,6.994162148905679e-28,1.780692976797037e-15,6.994162148905679e-28,1.7976931348623157e308,2.3297603162903284e-14,((17.4+log(pow2(((v1*((0.584+v1)-v1))-v1))))+(log(sqrt_abs((1.79e-16-v1)))/-0.172))
3.2387618973561822e-15,21.0,0,2475.0,-1.0,true,4.973799150320701e-14,2.536667888630453e-15,4.0,((17.4032437331513+log(pow2(((v1*((0.583813526926567+v1)-v1))-v1))))+(log(sqrt_abs((v1-7.96635047085502e-15)))/-0.172112910045054)),-1.0,6.965034977020595e-28,1.7535623425661288e-15,6.965034977020595e-28,1.7976931348623157e308,2.2887674661503228e-14,((17.4+log(pow2(((v1*((0.584+v1)-v1))-v1))))+(log(sqrt_abs((v1-7.97e-15)))/-0.172))
3.540476748517405e-15,21.0,0,2334.0,-1.0,true,4.796163466380676e-14,2.490692218682608e-15,5.0,((15.2395754999947+log(pow2((v1*((0.601669159403238+v1)-v1)))))+(log((0.782295728165724*sqrt_abs((8.560127660308599e-16-v1))))/-0.172112910045054)),-1.0,7.034212010247669e-28,1.7172075829696878e-15,7.034212010247669e-28,1.7976931348623157e308,2.240942474320316e-14,((15.2+log(pow2((v1*((0.602+v1)-v1)))))+(log((0.782*sqrt_abs((8.56e-16-v1))))/-0.172))
3.123402899600399e-15,21.0,0,1618.0,-1.0,true,4.618527782440651e-14,2.5107778526230755e-15,4.0,((17.4032437331513+log(pow2(((v1*((0.583813526926567+v1)-v1))-v1))))+(log(sqrt_abs((-4.501958760673341e-15+v1)))/-0.172112910045054)),-1.0,6.858235346775289e-28,1.762481916612076e-15,6.858235346775289e-28,1.7976931348623157e308,2.3024317495303247e-14,((17.4+log(pow2(((v1*((0.584+v1)-v1))-v1))))+(log(sqrt_abs((-4.5e-15+v1)))/-0.172))
3.540476748517405e-15,21.0,0,5054.0,-1.0,true,4.618527782440651e-14,2.490692218682608e-15,5.0,((15.2395754999947+log(pow2((v1*((0.601669159403238+v1)-v1)))))+(log((0.782295728165724*sqrt_abs((-4.07994502510174e-16+v1))))/-0.172112910045054)),-1.0,6.971103137829988e-28,1.7172023472681922e-15,6.971103137829988e-28,1.7976931348623157e308,2.240942474320316e-14,((15.2+log(pow2((v1*((0.602+v1)-v1)))))+(log((0.782*sqrt_abs((-4.08e-16+v1))))/-0.172))
3.46501967805917e-15,21.0,0,3030.0,-1.0,true,5.3290705182007514e-14,2.467531842367809e-15,4.0,((17.4032437331513+log(pow2(((v1*((0.583813526926567+v1)-v1))-v1))))+(log(sqrt_abs((8.560127660308599e-16-v1)))/-0.172112910045054)),-1.0,7.029357481600155e-28,1.7853772813374205e-15,7.029357481600155e-28,1.7976931348623157e308,2.3365924579803294e-14,((17.4+log(pow2(((v1*((0.584+v1)-v1))-v1))))+(log(sqrt_abs((8.56e-16-v1)))/-0.172))
3.259203025669982e-15,22.0,0,354.0,-1.0,true,4.796163466380676e-14,2.5219179938646597e-15,3.0,(log((v1/sqrt_abs(v1)))-(-13.9928733556001+(1.40506970028637*log((v1*((v1+((0.307465909634734+v1)-v1))-v1)))))),-1.0,6.990521252420043e-28,1.7819360528291363e-15,6.990521252420043e-28,524802.0,2.3229281746003275e-14,(log((v1/sqrt_abs(v1)))-(-14.0+(1.41*log((v1*((v1+((0.307+v1)-v1))-v1))))))
3.259203025669982e-15,22.0,0,1466.0,-1.0,true,4.973799150320701e-14,2.4473534830935843e-15,4.0,(log(sqrt_abs((-3.22872364846777e-15+v1)))-(-13.9928733556001+(1.40506970028637*log((v1*((v1+((0.307465909634734+v1)-v1))-v1)))))),-1.0,7.0184347921432485e-28,1.78637315004823e-15,7.0184347921432485e-28,524546.0,2.3297603162903284e-14,(log(sqrt_abs((-3.23e-15+v1)))-(-14.0+(1.41*log((v1*((v1+((0.307+v1)-v1))-v1))))))
3.259203025669982e-15,22.0,0,233.0,-1.0,true,4.973799150320701e-14,2.5219179938646597e-15,4.0,(log(sqrt_abs((v1-4.28883217689424e-16)))-(-13.9928733556001+(1.40506970028637*log((v1*((v1+((0.307465909634734+v1)-v1))-v1)))))),-1.0,7.05727102132336e-28,1.786378385749725e-15,7.05727102132336e-28,524546.0,2.3297603162903284e-14,(log(sqrt_abs((v1-4.29e-16)))-(-14.0+(1.41*log((v1*((v1+((0.307+v1)-v1))-v1))))))
3.0979171549527293e-15,22.0,0,505.0,-1.0,true,4.618527782440651e-14,2.6104429704133703e-15,5.0,((13.8202943869893+(0.560616649870236*log(pow2((v1-(-8.23271957198271e-16/v1))))))+(log((v1*((0.405360979873497+v1)-v1)))/-0.493509608378782)),-1.0,6.916489690545455e-28,1.7584993510462183e-15,6.916489690545455e-28,4.294969347e9,2.2887674661503228e-14,((13.8+(0.561*log(pow2((v1-(-8.23e-16/v1))))))+(log((v1*((0.405+v1)-v1)))/-0.494))
3.66660340387873e-15,22.0,0,89.0,-1.0,true,4.973799150320701e-14,2.519680621310352e-15,4.0,(((v1+(17.2697139693121+log(pow2(((0.444921692301942+v1)-v1)))))-v1)+(-0.905069700286372*log((v1-(7.6468736286471e-16*v1))))),-1.0,6.963821344858716e-28,1.7039164763904028e-15,6.963821344858716e-28,4.294967334e9,2.240942474320316e-14,(((v1+(17.3+log(pow2(((0.445+v1)-v1)))))-v1)+(-0.905*log((v1-(7.65e-16*v1)))))
3.46501967805917e-15,22.0,0,2270.0,-1.0,true,5.3290705182007514e-14,2.4130887225802987e-15,3.0,((16.8702379638154+log(pow2(((v1*((0.456713776002593+v1)-v1))-v1))))+(-1.16202788011455*log((v1*pow3(sqrt_abs(v1)))))),-1.0,7.068193710780266e-28,1.7411672158467804e-15,7.068193710780266e-28,1.7976931348623157e308,2.281935324460322e-14,((16.9+log(pow2(((v1*((0.457+v1)-v1))-v1))))+(-1.16*log((v1*pow3(sqrt_abs(v1))))))
3.3950031517395645e-15,23.0,0,781.0,-1.0,true,4.973799150320701e-14,2.3965638199918654e-15,5.0,((13.6158289799335+log(pow3((v1*((0.919447025045267+v1)-v1)))))+(-2.60337980019091*log((v1*(0.415557100280104*sqrt_abs((9.11102373194108e-16-v1))))))),-1.0,7.000230309715071e-28,1.7233568468421875e-15,7.000230309715071e-28,1.7976931348623157e308,2.2546067577003178e-14,((13.6+log(pow3((v1*((0.919+v1)-v1)))))+(-2.6*log((v1*(0.416*sqrt_abs((9.11e-16-v1)))))))
3.46501967805917e-15,23.0,0,690.0,-1.0,true,5.3290705182007514e-14,2.467531842367809e-15,4.0,((17.4032437331513+log(pow2(((v1*((0.583813526926567+v1)-v1))-v1))))+(log(sqrt_abs((v1-(1.68170534083009e-15/v1))))/-0.172112910045054)),-1.0,7.00872573484822e-28,1.7809336682788113e-15,7.00872573484822e-28,1.7976931348623157e308,2.3297603162903284e-14,((17.4+log(pow2(((v1*((0.584+v1)-v1))-v1))))+(log(sqrt_abs((v1-(1.68e-15/v1))))/-0.172))
3.3929568839958463e-15,23.0,0,1695.0,-1.0,true,4.973799150320701e-14,2.5277613960170906e-15,4.0,((17.1331856619329+log(pow2(((v1+(v1*((0.476354558625994+v1)-v1)))-v1))))+(log(sqrt_abs((v1-3.66397027059714e-15)))/-0.172112910045054)),-1.0,6.996589413229435e-28,1.731746083563617e-15,6.996589413229435e-28,1.7976931348623157e308,2.2614388993903187e-14,((17.1+log(pow2(((v1+(v1*((0.476+v1)-v1)))-v1))))+(log(sqrt_abs((v1-3.66e-15)))/-0.172))
3.3929568839958463e-15,23.0,0,942.0,-1.0,true,4.440892098500626e-14,2.559186436771012e-15,4.0,((17.1331856619329+log(pow2(((v1+(v1*((0.476354558625994+v1)-v1)))-v1))))+(log(sqrt_abs((-1.4073170243772e-16+v1)))/-0.172112910045054)),-1.0,6.96867587350623e-28,1.7552090755523623e-15,6.96867587350623e-28,1.7976931348623157e308,2.2955996078403237e-14,((17.1+log(pow2(((v1+(v1*((0.476+v1)-v1)))-v1))))+(log(sqrt_abs((-1.41e-16+v1)))/-0.172))
3.46501967805917e-15,23.0,0,2369.0,-1.0,true,5.3290705182007514e-14,2.467531842367809e-15,4.0,((17.4032437331513+log(pow2(((v1*((0.583813526926567+v1)-v1))-v1))))+(log(sqrt_abs((v1-(1.68170534083009e-15/v1))))/-0.172112910045054)),-1.0,7.00872573484822e-28,1.7809336682788113e-15,7.00872573484822e-28,1.7976931348623157e308,2.3297603162903284e-14,((17.4+log(pow2(((v1*((0.584+v1)-v1))-v1))))+(log(sqrt_abs((v1-(1.68e-15/v1))))/-0.172))
3.540476748517405e-15,23.0,0,39.0,-1.0,true,4.796163466380676e-14,2.483042588372324e-15,5.0,((15.2395754999947+log(pow2((v1*((0.601669159403238+v1)-v1)))))+(log((0.782295728165724*sqrt_abs(((1.68170534083009e-15/v1)-v1))))/-0.172112910045054)),-1.0,6.980812195125015e-28,1.7172088631077082e-15,6.980812195125015e-28,1.7976931348623157e308,2.240942474320316e-14,((15.2+log(pow2((v1*((0.602+v1)-v1)))))+(log((0.782*sqrt_abs(((1.68e-15/v1)-v1))))/-0.172))
3.123402899600399e-15,23.0,0,308.0,-1.0,true,4.440892098500626e-14,2.503195080912921e-15,4.0,((17.4032437331513+log(pow2(((v1*((0.583813526926567+v1)-v1))-v1))))+(log(sqrt_abs((v1-(7.96635047085502e-15/v1))))/-0.172112910045054)),-1.0,6.863089875422803e-28,1.7542734962325579e-15,6.863089875422803e-28,1.7976931348623157e308,2.2887674661503228e-14,((17.4+log(pow2(((v1*((0.584+v1)-v1))-v1))))+(log(sqrt_abs((v1-(7.97e-15/v1))))/-0.172))
1.3880408131526495e-14,23.0,0,0.0,-1.0,true,2.1316282072803006e-13,8.719277779278852e-15,5.0,((17.5308796321999+log(pow2(((0.390456068723106+v1)-v1))))+(log(sqrt_abs(((v1-(-5.40930976265636e-14/v1))-(5.15496752069045e-14/v1))))/-0.552443640353623)),-1.0,9.160616921074953e-27,6.197922189724043e-15,9.160616921074953e-27,1.157920892373162e77,8.08242361927114e-14,((17.5+log(pow2(((0.39+v1)-v1))))+(log(sqrt_abs(((v1-(-5.41e-14/v1))-(5.15e-14/v1))))/-0.552))
3.245437019474288e-15,24.0,0,42.0,-1.0,true,4.796163466380676e-14,2.6027405588252915e-15,4.0,((17.2283932396243+log(pow2(((v1+((0.454209551698663+v1)-v1))-v1))))+(-0.905069700286372*log((v1-((1.68170534083009e-15/v1)/v1))))),-1.0,7.070620975104022e-28,1.7675942506862132e-15,7.070620975104022e-28,1.3407807929942597e154,2.3092638912203256e-14,((17.2+log(pow2(((v1+((0.454+v1)-v1))-v1))))+(-0.905*log((v1-((1.68e-15/v1)/v1)))))
3.3929568839958463e-15,24.0,0,1575.0,-1.0,true,5.1514348342607263e-14,2.4130887225802987e-15,4.0,((16.8702379638154+log(pow2(((v1*((0.456713776002593+v1)-v1))-v1))))+(-1.16202788011455*log((v1*pow3(sqrt_abs((-1.4073170243772e-16+v1))))))),-1.0,6.996589413229435e-28,1.7367248829261916e-15,6.996589413229435e-28,1.7976931348623157e308,2.275103182770321e-14,((16.9+log(pow2(((v1*((0.457+v1)-v1))-v1))))+(-1.16*log((v1*pow3(sqrt_abs((-1.41e-16+v1)))))))
3.802403529948312e-15,24.0,0,267.0,-1.0,true,4.973799150320701e-14,2.5373419908662927e-15,5.0,(((v1+(17.2697139693121+log(pow2(((0.444921692301942+v1)-v1)))))-v1)+(-0.905069700286372*log(((v1-(1.68170534083009e-15/v1))-7.96635047085502e-15)))),-1.0,6.939548701621147e-28,1.684826197056113e-15,6.939548701621147e-28,4.294967366e9,2.213613907560312e-14,(((v1+(17.3+log(pow2(((0.445+v1)-v1)))))-v1)+(-0.905*log(((v1-(1.68e-15/v1))-7.97e-15))))
3.580520333994475e-15,24.0,0,463.0,-1.0,true,5.5067062021407764e-14,2.467531842367809e-15,4.0,((17.4032437331513+log(pow2(((v1*((0.583813526926567+v1)-v1))-v1))))+(log(sqrt_abs((v1-(1.68170534083009e-15/exp(v1)))))/-0.172112910045054)),-1.0,7.016007527819491e-28,1.780698212498532e-15,7.016007527819491e-28,1.7976931348623157e308,2.3297603162903284e-14,((17.4+log(pow2(((v1*((0.584+v1)-v1))-v1))))+(log(sqrt_abs((v1-(1.68e-15/exp(v1)))))/-0.172))
3.3950031517395645e-15,25.0,0,12.0,-1.0,true,4.796163466380676e-14,2.427250149194136e-15,5.0,((13.6158289799335+log(pow3((v1*((0.919447025045267+v1)-v1)))))+(-2.60337980019091*log((v1*(0.415557100280104*sqrt_abs(((9.11102373194108e-16*v1)-v1))))))),-1.0,7.1155253650935265e-28,1.7394755467110527e-15,7.1155253650935265e-28,1.7976931348623157e308,2.275103182770321e-14,((13.6+log(pow3((v1*((0.919+v1)-v1)))))+(-2.6*log((v1*(0.416*sqrt_abs(((9.11e-16*v1)-v1)))))))
3.46501967805917e-15,25.0,0,609.0,-1.0,true,5.3290705182007514e-14,2.467531842367809e-15,4.0,((17.4032437331513+log(pow2(((v1*((0.583813526926567+v1)-v1))-v1))))+(log(sqrt_abs((v1-(1.68170534083009e-15/(v1*v1)))))/-0.172112910045054)),-1.0,6.989307620258165e-28,1.7807047283380482e-15,6.989307620258165e-28,1.7976931348623157e308,2.3297603162903284e-14,((17.4+log(pow2(((v1*((0.584+v1)-v1))-v1))))+(log(sqrt_abs((v1-(1.68e-15/(v1*v1)))))/-0.172))
3.3950031517395645e-15,25.0,0,2110.0,-1.0,true,4.796163466380676e-14,2.3965638199918654e-15,5.0,((13.6158289799335+log(pow3((v1*((0.919447025045267+v1)-v1)))))+(-2.60337980019091*log((v1*(0.415557100280104*sqrt_abs(((1.6765112968850002e-15/v1)-v1))))))),-1.0,6.966248609182474e-28,1.7237996218595615e-15,6.966248609182474e-28,1.7976931348623157e308,2.2546067577003178e-14,((13.6+log(pow3((v1*((0.919+v1)-v1)))))+(-2.6*log((v1*(0.416*sqrt_abs(((1.68e-15/v1)-v1)))))))
3.3929568839958463e-15,25.0,0,1460.0,-1.0,true,4.618527782440651e-14,2.6449862208494934e-15,4.0,((17.1331856619329+log(pow2(((v1+(v1*((0.476354558625994+v1)-v1)))-v1))))+(log((v1/sqrt_abs((1.6133649029408202e-15+v1))))/-0.172112910045054)),-1.0,6.974744034315623e-28,1.7401287649520593e-15,6.974744034315623e-28,1.7976931348623157e308,2.275103182770321e-14,((17.1+log(pow2(((v1+(v1*((0.476+v1)-v1)))-v1))))+(log((v1/sqrt_abs((1.61e-15+v1))))/-0.172))
3.3929568839958463e-15,25.0,0,459.0,-1.0,true,4.440892098500626e-14,2.6449862208494934e-15,4.0,((17.1331856619329+log(pow2(((v1+(v1*((0.476354558625994+v1)-v1)))-v1))))+(log(sqrt_abs((v1-(1.68170534083009e-15/v1))))/-0.172112910045054)),-1.0,7.0014439418769495e-28,1.751000918274032e-15,7.0014439418769495e-28,1.7976931348623157e308,2.2887674661503228e-14,((17.1+log(pow2(((v1+(v1*((0.476+v1)-v1)))-v1))))+(log(sqrt_abs((v1-(1.68e-15/v1))))/-0.172))
3.123402899600399e-15,25.0,0,3079.0,-1.0,true,4.618527782440651e-14,2.6943697737934937e-15,5.0,((24.0253397717519+log((0.000138621369416378*pow2((v1*((0.570107944619664+v1)-v1))))))+(log(pow3((v1*((0.570139518943824+v1)-v1))))/-1.03267746027032)),-1.0,6.958966816211203e-28,1.7541146560487428e-15,6.958966816211203e-28,1.7976931348623157e308,2.2955996078403237e-14,((24.0+log((0.000139*pow2((v1*((0.57+v1)-v1))))))+(log(pow3((v1*((0.57+v1)-v1))))/-1.03))
3.3929568839958463e-15,25.0,0,204.0,-1.0,true,4.973799150320701e-14,2.4918909366541216e-15,4.0,((16.8702379638154+log(pow2(((v1*((0.456713776002593+v1)-v1))-v1))))+(log(sqrt_abs((v1-((1.68170534083009e-15/v1)/v1))))/-0.172112910045054)),-1.0,6.9844530916106505e-28,1.7365536826007098e-15,6.9844530916106505e-28,1.7976931348623157e308,2.275103182770321e-14,((16.9+log(pow2(((v1*((0.457+v1)-v1))-v1))))+(log(sqrt_abs((v1-((1.68e-15/v1)/v1))))/-0.172))
3.2387618973561822e-15,25.0,0,43.0,-1.0,true,4.973799150320701e-14,2.5107778526230755e-15,5.0,((17.4032437331513+log(pow2(((v1*((0.583813526926567+v1)-v1))-v1))))+(log(sqrt_abs(((v1-(7.6468736286471e-16/v1))-7.96635047085502e-15)))/-0.172112910045054)),-1.0,6.914062426221699e-28,1.7535636227041495e-15,6.914062426221699e-28,1.7976931348623157e308,2.2887674661503228e-14,((17.4+log(pow2(((v1*((0.584+v1)-v1))-v1))))+(log(sqrt_abs(((v1-(7.65e-16/v1))-7.97e-15)))/-0.172))
3.46501967805917e-15,25.0,0,1805.0,-1.0,true,5.3290705182007514e-14,2.467531842367809e-15,4.0,((17.4032437331513+log(pow2(((v1*((0.583813526926567+v1)-v1))-v1))))+(log(sqrt_abs((v1-(1.68170534083009e-15/(v1*v1)))))/-0.172112910045054)),-1.0,6.989307620258165e-28,1.7807047283380482e-15,6.989307620258165e-28,1.7976931348623157e308,2.3297603162903284e-14,((17.4+log(pow2(((v1*((0.584+v1)-v1))-v1))))+(log(sqrt_abs((v1-(1.68e-15/(v1*v1)))))/-0.172))
3.354431965118903e-15,25.0,0,1515.0,-1.0,true,5.1514348342607263e-14,2.5107778526230755e-15,5.0,((17.4032437331513+log(pow2(((v1*((0.583813526926567+v1)-v1))-v1))))+(log(sqrt_abs(((v1-(1.68170534083009e-15/v1))-7.96635047085502e-15)))/-0.172112910045054)),-1.0,6.933480540811754e-28,1.7535701385436655e-15,6.933480540811754e-28,1.7976931348623157e308,2.2887674661503228e-14,((17.4+log(pow2(((v1*((0.584+v1)-v1))-v1))))+(log(sqrt_abs(((v1-(1.68e-15/v1))-7.97e-15)))/-0.172))
3.123402899600399e-15,25.0,0,1997.0,-1.0,true,4.796163466380676e-14,2.5107778526230755e-15,4.0,((17.4032437331513+log(pow2(((v1*((0.583813526926567+v1)-v1))-v1))))+(log(sqrt_abs(((v1+(-3.8897915974587305e-15+v1))-v1)))/-0.172112910045054)),-1.0,6.962607712696838e-28,1.7626125449079234e-15,6.962607712696838e-28,1.7976931348623157e308,2.3024317495303247e-14,((17.4+log(pow2(((v1*((0.584+v1)-v1))-v1))))+(log(sqrt_abs(((v1+(-3.89e-15+v1))-v1)))/-0.172))
3.580520333994475e-15,26.0,0,388.0,-1.0,true,5.5067062021407764e-14,2.467531842367809e-15,4.0,((17.4032437331513+log(pow2(((v1*((0.583813526926567+v1)-v1))-v1))))+(log(sqrt_abs((v1-(1.68170534083009e-15/(v1+exp(v1))))))/-0.172112910045054)),-1.0,6.994162148905679e-28,1.780692976797037e-15,6.994162148905679e-28,1.7976931348623157e308,2.3297603162903284e-14,((17.4+log(pow2(((v1*((0.584+v1)-v1))-v1))))+(log(sqrt_abs((v1-(1.68e-15/(v1+exp(v1))))))/-0.172))
3.3929568839958463e-15,26.0,0,450.0,-1.0,true,4.973799150320701e-14,2.4285560785334004e-15,4.0,((16.8702379638154+log(pow2(((v1*((0.456713776002593+v1)-v1))-v1))))+(-1.16202788011455*log((v1*pow3(sqrt_abs((v1-(1.68170534083009e-15/v1)))))))),-1.0,7.003871206200706e-28,1.73696033870647e-15,7.003871206200706e-28,1.7976931348623157e308,2.275103182770321e-14,((16.9+log(pow2(((v1*((0.457+v1)-v1))-v1))))+(-1.16*log((v1*pow3(sqrt_abs((v1-(1.68e-15/v1))))))))
3.580520333994475e-15,27.0,0,1989.0,-1.0,true,5.5067062021407764e-14,2.467531842367809e-15,4.0,((17.4032437331513+log(pow2(((v1*((0.583813526926567+v1)-v1))-v1))))+(log(sqrt_abs((v1-(1.68170534083009e-15/(v1+(v1+v1))))))/-0.172112910045054)),-1.0,7.016007527819491e-28,1.780698212498532e-15,7.016007527819491e-28,1.7976931348623157e308,2.3297603162903284e-14,((17.4+log(pow2(((v1*((0.584+v1)-v1))-v1))))+(log(sqrt_abs((v1-(1.68e-15/(v1+(v1+v1))))))/-0.172))
3.354431965118903e-15,27.0,0,427.0,-1.0,true,5.1514348342607263e-14,2.5107778526230755e-15,5.0,((17.4032437331513+log(pow2(((v1*((0.583813526926567+v1)-v1))-v1))))+(log(sqrt_abs(((v1-((1.68170534083009e-15/v1)/v1))-7.96635047085502e-15)))/-0.172112910045054)),-1.0,6.983239459448773e-28,1.7580124714642541e-15,6.983239459448773e-28,1.7976931348623157e308,2.2955996078403237e-14,((17.4+log(pow2(((v1*((0.584+v1)-v1))-v1))))+(log(sqrt_abs(((v1-((1.68e-15/v1)/v1))-7.97e-15)))/-0.172))
3.123402899600399e-15,27.0,0,1230.0,-1.0,true,4.796163466380676e-14,2.5107778526230755e-15,4.0,((17.4032437331513+log(pow2(((v1*((0.583813526926567+v1)-v1))-v1))))+(log(sqrt_abs((v1-(1.68170534083009e-15/(v1/(v1+v1))))))/-0.172112910045054)),-1.0,6.929839644326119e-28,1.7679907578459422e-15,6.929839644326119e-28,1.7976931348623157e308,2.3092638912203256e-14,((17.4+log(pow2(((v1*((0.584+v1)-v1))-v1))))+(log(sqrt_abs((v1-(1.68e-15/(v1/(v1+v1))))))/-0.172))
3.2387618973561822e-15,27.0,0,56.0,-1.0,true,4.973799150320701e-14,2.5107778526230755e-15,5.0,((17.4032437331513+log(pow2(((v1*((0.583813526926567+v1)-v1))-v1))))+(log(sqrt_abs(((v1-((3.43859043912421e-16*v1)/v1))-7.96635047085502e-15)))/-0.172112910045054)),-1.0,6.91284879405982e-28,1.7491200096455403e-15,6.91284879405982e-28,1.7976931348623157e308,2.281935324460322e-14,((17.4+log(pow2(((v1*((0.584+v1)-v1))-v1))))+(log(sqrt_abs(((v1-((3.44e-16*v1)/v1))-7.97e-15)))/-0.172))
3.123402899600399e-15,27.0,0,39.0,-1.0,true,4.618527782440651e-14,2.503195080912921e-15,5.0,((17.4032437331513+log(pow2(((v1*((0.583813526926567+v1)-v1))-v1))))+(log(sqrt_abs(((v1-(8.560127660308599e-16/v1))-(7.96635047085502e-15/v1))))/-0.172112910045054)),-1.0,6.918916954869213e-28,1.7542787319340534e-15,6.918916954869213e-28,1.7976931348623157e308,2.2887674661503228e-14,((17.4+log(pow2(((v1*((0.584+v1)-v1))-v1))))+(log(sqrt_abs(((v1-(8.56e-16/v1))-(7.97e-15/v1))))/-0.172))
3.26587186949506e-15,29.0,0,156.0,-1.0,true,4.973799150320701e-14,2.5465679393446335e-15,4.0,((17.6295852122972+log(pow2(((v1+(v1*((0.60708321128136+v1)-v1)))-v1))))+(log((v1/sqrt_abs((v1*((0.713319808819615+v1)-v1)))))/-0.172112910045054)),-1.0,6.866730771908438e-28,1.7238250969405506e-15,6.866730771908438e-28,1.7976931348623157e308,2.2546067577003178e-14,((17.6+log(pow2(((v1+(v1*((0.607+v1)-v1)))-v1))))+(log((v1/sqrt_abs((v1*((0.713+v1)-v1)))))/-0.172))
3.580520333994475e-15,29.0,0,35.0,-1.0,true,5.5067062021407764e-14,2.467531842367809e-15,4.0,((17.4032437331513+log(pow2(((v1*((0.583813526926567+v1)-v1))-v1))))+(log(sqrt_abs((v1-((1.68170534083009e-15/(v1+(v1/v1)))/v1))))/-0.172112910045054)),-1.0,7.016007527819491e-28,1.780698212498532e-15,7.016007527819491e-28,1.7976931348623157e308,2.3297603162903284e-14,((17.4+log(pow2(((v1*((0.584+v1)-v1))-v1))))+(log(sqrt_abs((v1-((1.68e-15/(v1+(v1/v1)))/v1))))/-0.172))
3.2387618973561822e-15,29.0,0,271.0,-1.0,true,4.973799150320701e-14,2.5107778526230755e-15,5.0,((17.4032437331513+log(pow2(((v1*((0.583813526926567+v1)-v1))-v1))))+(log(sqrt_abs(((v1-((1.68170534083009e-15/(v1+v1))/v1))-7.96635047085502e-15)))/-0.172112910045054)),-1.0,6.91284879405982e-28,1.7491200096455403e-15,6.91284879405982e-28,1.7976931348623157e308,2.281935324460322e-14,((17.4+log(pow2(((v1*((0.584+v1)-v1))-v1))))+(log(sqrt_abs(((v1-((1.68e-15/(v1+v1))/v1))-7.97e-15)))/-0.172))
3.46501967805917e-15,29.0,0,143.0,-1.0,true,5.3290705182007514e-14,2.467531842367809e-15,5.0,((17.4032437331513+log(pow2(((v1*((0.583813526926567+v1)-v1))-v1))))+(log(sqrt_abs((v1-((1.68170534083009e-15/(v1+(1.68170534083009e-15/v1)))/v1))))/-0.172112910045054)),-1.0,6.989307620258165e-28,1.7807047283380482e-15,6.989307620258165e-28,1.7976931348623157e308,2.3297603162903284e-14,((17.4+log(pow2(((v1*((0.584+v1)-v1))-v1))))+(log(sqrt_abs((v1-((1.68e-15/(v1+(1.68e-15/v1)))/v1))))/-0.172))
3.123402899600399e-15,29.0,0,315.0,-1.0,true,4.618527782440651e-14,2.503195080912921e-15,5.0,((17.4032437331513+log(pow2(((v1*((0.583813526926567+v1)-v1))-v1))))+(log(sqrt_abs(((v1-((1.68170534083009e-15/v1)/v1))-(7.96635047085502e-15/v1))))/-0.172112910045054)),-1.0,6.861876243260924e-28,1.7498363990134649e-15,6.861876243260924e-28,1.7976931348623157e308,2.281935324460322e-14,((17.4+log(pow2(((v1*((0.584+v1)-v1))-v1))))+(log(sqrt_abs(((v1-((1.68e-15/v1)/v1))-(7.97e-15/v1))))/-0.172))
3.123402899600399e-15,29.0,0,1287.0,-1.0,true,4.440892098500626e-14,2.5107778526230755e-15,4.0,((17.4032437331513+log(pow2(((v1*((0.583813526926567+v1)-v1))-v1))))+(log(sqrt_abs((v1-(1.68170534083009e-15/(v1/(v1+(v1+v1)))))))/-0.172112910045054)),-1.0,6.901926104602914e-28,1.7624936681530872e-15,6.901926104602914e-28,1.7976931348623157e308,2.3024317495303247e-14,((17.4+log(pow2(((v1*((0.584+v1)-v1))-v1))))+(log(sqrt_abs((v1-(1.68e-15/(v1/(v1+(v1+v1)))))))/-0.172))
3.540476748517405e-15,30.0,0,4141.0,-1.0,true,4.973799150320701e-14,2.516060569357443e-15,5.0,((17.4947742878545+log((0.025364267206754*pow2((v1*((v1+(v1*((v1*((0.49491037680581+v1)-v1))-v1)))-v1))))))+(log((0.62951741678301*v1))/-0.1448211304744)),-1.0,6.870371668394073e-28,1.7043335894235923e-15,6.870371668394073e-28,1.7976931348623157e308,2.220446049250313e-14,((17.5+log((0.0254*pow2((v1*((v1+(v1*((v1*((0.495+v1)-v1))-v1)))-v1))))))+(log((0.63*v1))/-0.145))
3.540476748517405e-15,30.0,0,4141.0,-1.0,true,4.973799150320701e-14,2.516060569357443e-15,5.0,((17.4947742878545+log((0.025364267206754*pow2((v1*((v1+(v1*((v1*((0.49491037680581+v1)-v1))-v1)))-v1))))))+(log((0.62951741678301*v1))/-0.1448211304744)),-1.0,6.870371668394073e-28,1.7043335894235923e-15,6.870371668394073e-28,1.7976931348623157e308,2.220446049250313e-14,((17.5+log((0.0254*pow2((v1*((v1+(v1*((v1*((0.495+v1)-v1))-v1)))-v1))))))+(log((0.63*v1))/-0.145))
