time_stamp,max_are,compl,dim_penalty,age,minus_spearman,valid,max_ae,q75_are,n_params,eqs_orig,minus_r2,mse,mare,ms_processed_e,recursive_compl,mae,eqs_orig_rounded
3598.408711910248,4.119690073008025,20.0,0.0,1.0,-0.9416059116686916,true,0.45176111928374435,0.4643044054784178,5.0,(((v2+(13.108696932655*v1))-6.63109206060542)*((3.84223859923507+(0.487179939368398/v2))^-1.41947886401819)),-0.8248030832534274,0.012099206637663075,0.3745145179506752,0.012099206637663075,31.0,0.06419605703299014,(((v2+(13.1*v1))-6.63)*((3.84+(0.487/v2))^-1.42))
3599.5064899921417,28.25116059809274,22.0,0.0,0.0,-0.8914374313174187,true,0.44185654203362434,1.862076752348714,5.0,(-0.130460615089466*(((v2^-0.243322718840514)+(v2+(v1*((v2^-0.169373537324703)-3.06812612979852))))-3.24541066641459)),-0.5314271987586201,0.03235992534736771,2.316444430546036,0.03235992534736771,16.0,0.15488230622307272,(-0.13*(((v2^-0.243)+(v2+(v1*((v2^-0.169)-3.07))))-3.25))
3598.8011240959167,0.47528131079926006,22.0,0.0,1.0,-0.991389633754322,true,0.07096502926684956,0.15671943500844318,5.0,(((v2+(v1*(0.383463157356512/v2)))-1.09616314067514)*((-0.275345240868523-(-0.331087061769998/v2))^-1.89392516676264)),-0.9928250857609109,0.0004955039825947687,0.11284901169782849,0.0004955039825947687,51.0,0.01663707029610734,(((v2+(v1*(0.383/v2)))-1.1)*((-0.275-(-0.331/v2))^-1.89))
3599.923266887665,1.1345406129977356,22.0,0.0,0.0,-0.9804889823712243,true,0.14575215443203648,0.38036612331918046,5.0,(((v2+(v1*((0.253064419495642/v2)--0.353602421815796)))-1.21251064312652)*((0.206819441064403/v2)^-2.28697601959421)),-0.9745752536932795,0.0017558485901903954,0.24242097412115715,0.0017558485901903954,49.0,0.032413686054050296,(((v2+(v1*((0.253/v2)--0.354)))-1.21)*((0.207/v2)^-2.29))
3597.4179570674896,0.17564474823193899,25.0,0.0,2.0,-0.9930311024590425,true,0.04062561697192718,0.029666267274978952,6.0,((-1.07060859565255+((v1*(0.234301838912516/v2))+(v2^0.527455178740433)))*(((0.231841010284068/v2)-0.17024548272707)^-1.995753883818)),-0.998947498750358,7.2686382513439e-5,0.024260310606705096,7.2686382513439e-5,56.0,0.005327227482804157,((-1.07+((v1*(0.234/v2))+(v2^0.527)))*(((0.232/v2)-0.17)^-2.0))
3598.206020116806,0.19170055446065967,25.0,0.0,1.0,-0.991429608639064,true,0.033621693762222904,0.07689297008879153,6.0,((((v1*(v2^-0.42342746166458))+(v2^2.50718181990435))-1.250636929587)*(((0.315657295403351/v2)-0.261246525620672)^-1.42737443883735)),-0.9974830148503756,0.00017382453980789364,0.05089526682018159,0.00017382453980789364,56.0,0.010003859875774545,((((v1*(v2^-0.423))+(v2^2.51))-1.25)*(((0.316/v2)-0.261)^-1.43))
3599.27032494545,0.19057848951604853,25.0,0.0,0.0,-0.993245967464531,true,0.05047915132280101,0.07132104542059586,6.0,(((v2+(v1*(0.151851497215246+(0.326307357747945/v2))))-1.14713086024263)*((-0.201877554617979+(0.28892590224992/v2))^-1.95198605362644)),-0.9983053589759909,0.00011703294959126859,0.04957567765848539,0.00011703294959126859,61.0,0.007610729234019721,(((v2+(v1*(0.152+(0.326/v2))))-1.15)*((-0.202+(0.289/v2))^-1.95))
3598.4481360912323,0.2141411658487198,25.0,0.0,1.0,-0.9911772671791298,true,0.02792322940407954,0.0851142956775934,6.0,(((v2+(v1*(-0.637822599788403+(v2^-0.463357212316255))))-1.09166583753639)*((-0.234310333616569+(0.262315694291448/v2))^-1.58954277500775)),-0.9986895074227161,9.050342200152885e-5,0.05880343703040114,9.050342200152885e-5,61.0,0.00770169077122528,(((v2+(v1*(-0.638+(v2^-0.463))))-1.09)*((-0.234+(0.262/v2))^-1.59))
3596.491483926773,0.17564539201267798,25.0,0.0,3.0,-0.9930311024590425,true,0.04062548168355551,0.029665662091544524,6.0,((-1.07060847598051+((v1*(0.234301316896822/v2))+(v2^0.527453748479936)))*(((0.231840675879671/v2)-0.170245147302594)^-1.99575417179076)),-0.9989474994452524,7.268633452360835e-5,0.02426015509342088,7.268633452360835e-5,56.0,0.00532721893080328,((-1.07+((v1*(0.234/v2))+(v2^0.527)))*(((0.232/v2)-0.17)^-2.0))
3596.733300924301,0.4752805397758332,25.0,0.0,3.0,-0.991389633754322,true,0.07096507011782549,0.15672043982471018,6.0,((((v1*(0.383463120728686/v2))+(-0.812334375804363+v2))-0.283828728047227)*((-0.275345106153058-(-0.33108699029695/v2))^-1.89392531446841)),-0.9928250882254179,0.0004955038123943956,0.1128488649958026,0.0004955038123943956,56.0,0.016637060540837207,((((v1*(0.383/v2))+(-0.812+v2))-0.284)*((-0.275-(-0.331/v2))^-1.89))
3598.762753009796,0.935278841370415,25.0,0.0,1.0,-0.9730961271242414,true,0.15691503260909656,0.3403974509728299,6.0,((((v2^-0.356157863894402)+(v2+(0.498793324911261*v1)))-2.19385655060588)*(((0.14140031321818/v2)-0.0730733674793854)^-1.5988400461083)),-0.9487007294896319,0.0035427591180965338,0.2481980518708395,0.0035427591180965338,46.0,0.046113140577405065,((((v2^-0.356)+(v2+(0.499*v1)))-2.19)*(((0.141/v2)-0.0731)^-1.6))
3598.6600699424744,0.19316628986770737,25.0,0.0,1.0,-0.9933533999672752,true,0.043205097050018404,0.041960871183073005,6.0,((((v1*(0.243827060230609/v2))+(v2^0.552975912768252))-1.07288493716758)*((-0.176445167686256-(-0.238019164352627/v2))^-1.98902061200294)),-0.9989019088430271,7.58348495049418e-5,0.028682496571649275,7.58348495049418e-5,56.0,0.005692969777186428,((((v1*(0.244/v2))+(v2^0.553))-1.07)*((-0.176-(-0.238/v2))^-1.99))
3596.815685033798,0.17570668405159057,25.0,0.0,3.0,-0.9930760742043773,true,0.04061407127527128,0.02961563685888794,6.0,((((v1*(0.234256461606713/v2))+(v2^0.5273311254614))-1.07059813043268)*((-0.170216045283077+(0.231811778509882/v2))^-1.99578212611672)),-0.9989475627393093,7.268196339718083e-5,0.024243311141325434,7.268196339718083e-5,56.0,0.005326454872927764,((((v1*(0.234/v2))+(v2^0.527))-1.07)*((-0.17+(0.232/v2))^-2.0))
3599.5776948928833,2.714812555026807,25.0,0.0,0.0,-0.9470125148300538,true,0.4455842496478094,0.414604692235704,6.0,((-0.529957905247739+(v1*((0.142517106709382/v2)-(-0.867625272200102*v2))))*(((0.117887575050999/v2)--0.311942322066252)^-2.53663640679575)),-0.8669464297320371,0.009188761254740527,0.31476595078803393,0.009188761254740527,71.0,0.053816577542975405,((-0.53+(v1*((0.143/v2)-(-0.868*v2))))*(((0.118/v2)--0.312)^-2.54))
3599.6445899009705,1.2957593423841467,25.0,0.0,0.0,-0.9778981101538802,true,0.14447720181875845,0.40694785002782335,6.0,((((v2^0.844778154107612)+(v1*((0.243950337484981/v2)--0.262123895670392)))-1.17679882962355)*((0.198796640086571/v2)^-2.32710855232957)),-0.9721027693261601,0.001926599878635959,0.2637694398480295,0.001926599878635959,53.0,0.034629580521728355,((((v2^0.845)+(v1*((0.244/v2)--0.262)))-1.18)*((0.199/v2)^-2.33))
3599.7293610572815,0.19057849786177888,25.0,0.0,0.0,-0.993245967464531,true,0.050479150608614354,0.07132103553038598,6.0,(((v2+(v1*(0.151851501880604+(0.326307356134019/v2))))-1.1471308618949)*((-0.201877552205449-(-0.288925901024514/v2))^-1.95198605520039)),-0.9983053589881143,0.0001170329487540123,0.04957567649156806,0.0001170329487540123,61.0,0.007610729149833434,(((v2+(v1*(0.152+(0.326/v2))))-1.15)*((-0.202-(-0.289/v2))^-1.95))
3599.853534936905,0.9334312664558851,25.0,0.0,0.0,-0.9732060580572821,true,0.15754044978210505,0.3467019422487201,6.0,((-2.19434643732662+((0.499750843095866*v1)+(v2+(v2^-0.355757109278106))))*(((0.141172001544334/v2)-0.0724435747814483)^-1.59915634694593)),-0.9487519371264119,0.0035392226872601137,0.24820187610459243,0.0035392226872601137,46.0,0.04608970436306362,((-2.19+((0.5*v1)+(v2+(v2^-0.356))))*(((0.141/v2)-0.0724)^-1.6))
3599.862562894821,1.56321511214868,26.0,1.0,0.0,-0.9754346578816514,true,0.15373743795358208,0.567523673861323,5.0,((-1.6898496705657+(v2+((v1+v2)*((v2*(1.90213561639127+v2))^-0.596296867870948))))*((0.196135269206303/v2)^-2.14043160548574)),-0.957988958869714,0.0029013082943346717,0.34799078660251453,0.0029013082943346717,145.0,0.04445562029578886,((-1.69+(v2+((v1+v2)*((v2*(1.9+v2))^-0.596))))*((0.196/v2)^-2.14))
3599.8989510536194,5.221364848669181,26.0,0.0,0.0,-0.8461458869046762,true,0.39534695614650117,0.7706178289347227,7.0,(0.0170650432485355+(((v2+((3.08382443741162/v2)-0.423106152166855))-1.41037632962714)*((1.72053506202504-(-0.269554942318281/v2))^-2.7565451975308))),-0.6488962982020103,0.024247437216302608,0.5632046581027469,0.024247437216302608,37.0,0.11347062885354608,(0.0171+(((v2+((3.08/v2)-0.423))-1.41)*((1.72-(-0.27/v2))^-2.76)))
3598.2508070468903,0.19057849758551154,27.0,0.0,1.0,-0.993245967464531,true,0.05047915063200237,0.07132103585759103,6.0,((((v1*(0.303703003454956+(0.652614712373953/v2)))+(v2+v2))-2.29426172368133)*(((0.412101091099166/v2)-0.287942199914892)^-1.95198605514864)),-0.9983053589877156,0.00011703294878155896,0.049575676529949764,0.00011703294878155896,71.0,0.0076107291526128955,((((v1*(0.304+(0.653/v2)))+(v2+v2))-2.29)*(((0.412/v2)-0.288)^-1.95))
3597.32813000679,2.6962807995736338,27.0,1.0,2.0,-0.9872472363229271,true,0.1257244508223293,0.4952977185655853,5.0,(((((v2+v2)^1.5644843609154)+(v1*(1.4391123327592/v2)))-3.18470164740904)*(((exp(v2)/v2)-2.52891920944915)^-1.64429425938936)),-0.9663990160231933,0.002320504583720896,0.4133084203748843,0.002320504583720896,144.0,0.03948056359574636,(((((v2+v2)^1.56)+(v1*(1.44/v2)))-3.18)*(((exp(v2)/v2)-2.53)^-1.64))
3598.3569869995117,0.16861851172144365,27.0,0.0,1.0,-0.9934958104941688,true,0.02783806177986725,0.013672894103523573,6.0,((((v1*((v2^-0.759154823894076)-0.13517194472611))+(v2+v2))-2.2504628402373)*(((0.41020081435782/v2)-0.32356074161276)^-1.77871708595497)),-0.9994243145147692,3.975719306856178e-5,0.014673347222281941,3.975719306856178e-5,71.0,0.0037571506154460035,((((v1*((v2^-0.759)-0.135))+(v2+v2))-2.25)*(((0.41/v2)-0.324)^-1.78))
3598.1763908863068,0.17565030747102597,27.0,0.0,1.0,-0.9930311024590425,true,0.04062439492228914,0.029660619266565942,6.0,(((((v2+v2)^0.527442631209537)+(v1*(0.337709464407039/v2)))-1.5431436208757)*((-0.204467826455218-(-0.278446389954517/v2))^-1.99575646132831)),-0.9989475048003189,7.26859646994309e-5,0.024258859733804924,7.26859646994309e-5,66.0,0.005327155371269302,(((((v2+v2)^0.527)+(v1*(0.338/v2)))-1.54)*((-0.204-(-0.278/v2))^-2.0))
3598.3439729213715,0.16884492856250335,27.0,0.0,1.0,-0.9934958104941688,true,0.02783311362434565,0.013837570696757347,6.0,(((v2+(v2+(v1*((v2^-0.759101915574826)-0.135123366814423))))-2.25048169727796)*((-0.323430265627756-(-0.410122022601922/v2))^-1.77881676929828)),-0.9994245166315228,3.974323476147017e-5,0.014696452856424414,3.974323476147017e-5,71.0,0.0037521785346800738,(((v2+(v2+(v1*((v2^-0.759)-0.135))))-2.25)*((-0.323-(-0.41/v2))^-1.78))
3597.42023897171,0.16887887835687482,27.0,0.0,2.0,-0.9934958104941688,true,0.027843792870171358,0.013675865725979668,6.0,((((v1*(-0.135189770865274+(v2^-0.759163748590913)))+(v2+v2))-2.25045084543223)*((-0.323559024452446-(-0.41020476353294/v2))^-1.77871909166101)),-0.9994243595171295,3.97540851779334e-5,0.014666034276301664,3.97540851779334e-5,71.0,0.003756880775179843,((((v1*(-0.135+(v2^-0.759)))+(v2+v2))-2.25)*((-0.324-(-0.41/v2))^-1.78))
3597.2258710861206,0.16520806392581508,27.0,0.0,2.0,-0.9928212343141467,true,0.0219787932535096,0.025173068632917676,6.0,(((v2+(v1*((v2*(v2--2.37616329568787))^-0.705214658724849)))-1.1210742293119)*((-0.222338771546376-(-0.274661834126706/v2))^-1.73683630677391)),-0.9994929665708983,3.5016039921400324e-5,0.019946736840755246,3.5016039921400324e-5,101.0,0.003823796875453549,(((v2+(v1*((v2*(v2--2.38))^-0.705)))-1.12)*((-0.222-(-0.275/v2))^-1.74))
3591.580701112747,0.1702947752146032,27.0,0.0,8.0,-0.9934658293306123,true,0.027819371835003825,0.016276770392958897,6.0,(((v2+(v2+(v1*(-0.134906135772943+(v2^-0.75881075533247)))))-2.2505507747853)*((-0.322667650494536+(0.409663408330966/v2))^-1.77942969942905)),-0.999425508713163,3.967472099427708e-5,0.01484951037995006,3.967472099427708e-5,71.0,0.0037236741144367285,(((v2+(v2+(v1*(-0.135+(v2^-0.759)))))-2.25)*((-0.323+(0.41/v2))^-1.78))
3598.3827431201935,0.16535319931930498,27.0,0.0,1.0,-0.9928212343141467,true,0.02197475770281787,0.025305686194965996,6.0,(((v2+(v1*((v2*(v2--2.37627583559911))^-0.705184009686604)))-1.12107428345475)*((-0.222289103057424+(0.274632285877922/v2))^-1.73689570798865)),-0.9994929628347936,3.5016297939083044e-5,0.020004205527872028,3.5016297939083044e-5,101.0,0.0038254239423654995,(((v2+(v1*((v2*(v2--2.38))^-0.705)))-1.12)*((-0.222+(0.275/v2))^-1.74))
3574.4003551006317,0.16436682371981856,27.0,0.0,26.0,-0.9928212343141467,true,0.022189530840853622,0.02402277438403257,6.0,(((v2+(v1*((v2*(2.37536193510913+v2))^-0.705907729888857)))-1.12092495009564)*(((0.274985474793181/v2)-0.222815721153507)^-1.73674079956631)),-0.9994933915369049,3.498669150806967e-5,0.01946722666081657,3.498669150806967e-5,101.0,0.0038059099456352976,(((v2+(v1*((v2*(2.38+v2))^-0.706)))-1.12)*(((0.275/v2)-0.223)^-1.74))
3598.381089925766,0.16514586943329593,27.0,0.0,1.0,-0.9928212343141467,true,0.022131224993923893,0.02481256705709973,6.0,(((v2+(v1*((v2*(2.37597751478556+v2))^-0.705639026834959)))-1.12095674467388)*((-0.222511368369386-(-0.274797229040522/v2))^-1.73700875176967)),-0.9994934101889061,3.498540338941089e-5,0.01979331802500868,3.498540338941089e-5,101.0,0.0038139642150039465,(((v2+(v1*((v2*(2.38+v2))^-0.706)))-1.12)*((-0.223-(-0.275/v2))^-1.74))
3596.4555909633636,0.16884963470426548,27.0,0.0,3.0,-0.9934958104941688,true,0.027832161678556178,0.013683498505923975,6.0,((((v1*((v2^-0.759150420812424)-0.135149749252381))+(v2+v2))-2.25047468362879)*((-0.323562110006073-(-0.410204735639024/v2))^-1.77869129889761)),-0.9994243278930307,3.975626915761034e-5,0.014664323539165155,3.975626915761034e-5,71.0,0.0037574129494028796,((((v1*((v2^-0.759)-0.135))+(v2+v2))-2.25)*((-0.324-(-0.41/v2))^-1.78))
3599.1925320625305,0.1702461062503391,27.0,0.0,0.0,-0.9934658293306123,true,0.02785132170307919,0.016110217185711165,6.0,((-2.25047296449813+(v2+(v2+(v1*((v2^-0.75887612101793)-0.135045830531949)))))*((-0.322743440912852-(-0.409712419957162/v2))^-1.77943328235851)),-0.999425497956506,3.967546385560996e-5,0.014834879350887597,3.967546385560996e-5,71.0,0.003724942259744828,((-2.25+(v2+(v2+(v1*((v2^-0.759)-0.135)))))*((-0.323-(-0.41/v2))^-1.78))
3599.251347064972,0.1905784978617829,27.0,0.0,0.0,-0.993245967464531,true,0.05047915060861491,0.07132103553032083,6.0,(((v2+(v1*((0.32630735613402/v2)--0.151851501880602)))-1.1471308618949)*((-1.20187755220545+((0.288925901024514+v2)/v2))^-1.95198605520038)),-0.9983053589881145,0.0001170329487540103,0.04957567649156906,0.0001170329487540103,109.0,0.0076107291498334175,(((v2+(v1*((0.326/v2)--0.152)))-1.15)*((-1.2+((0.289+v2)/v2))^-1.95))
3599.3141520023346,0.16536547884150224,27.0,0.0,0.0,-0.9928212343141467,true,0.02197444622981315,0.025316831287943896,6.0,(((v2+(v1*((v2*(2.37628481865057+v2))^-0.705181441881435)))-1.12107432223199)*((-0.222284950189987+(0.274629838820541/v2))^-1.73690068670219)),-0.9994929621664251,3.501634409701947e-5,0.02000905337357,3.501634409701947e-5,101.0,0.0038255683342727255,(((v2+(v1*((v2*(2.38+v2))^-0.705)))-1.12)*((-0.222+(0.275/v2))^-1.74))
3599.3274579048157,0.16876882274941232,27.0,0.0,0.0,-0.9934958104941688,true,0.027824881284896907,0.013695362372074821,6.0,((-2.25049687255475+((v1*((v2^-0.759154888564208)-0.135118480770842))+(v2+v2)))*(((0.410224648204755/v2)-0.323593423502082)^-1.77865020123267)),-0.9994242330538688,3.976281880836091e-5,0.014659837079869238,3.976281880836091e-5,71.0,0.00375957178265001,((-2.25+((v1*((v2^-0.759)-0.135))+(v2+v2)))*(((0.41/v2)-0.324)^-1.78))
3598.4918370246887,0.17024586322409926,27.0,0.0,1.0,-0.9934658293306123,true,0.027851599555146378,0.016109338116027366,6.0,(((v2+(v2+(v1*(-0.13504701555243+(v2^-0.758876639586149)))))-2.25047229535769)*((-0.322743960559861+(0.409712761616312/v2))^-1.77943344042295)),-0.9994254979609639,3.967546354775065e-5,0.014834793938358327,3.967546354775065e-5,71.0,0.0037249486574016813,(((v2+(v2+(v1*(-0.135+(v2^-0.759)))))-2.25)*((-0.323+(0.41/v2))^-1.78))
3598.6033411026,0.16877059939948633,27.0,0.0,1.0,-0.9934958104941688,true,0.027839703372303903,0.01365087656689516,6.0,((-2.25045939454191+((v1*((v2^-0.759178934007656)-0.135183071975333))+(v2+v2)))*((-0.323613066415566-(-0.41023736304582/v2))^-1.77866480542755)),-0.9994242489856984,3.976171854642688e-5,0.014656526140627475,3.976171854642688e-5,71.0,0.0037594195885342304,((-2.25+((v1*((v2^-0.759)-0.135))+(v2+v2)))*((-0.324-(-0.41/v2))^-1.78))
3597.640151977539,0.16846752741907806,27.0,0.0,2.0,-0.9934958104941688,true,0.027836546495909442,0.01362546788982828,6.0,((-2.25046330295214+((v1*(-0.135181378346896+(v2^-0.75918027936464)))+(v2+v2)))*((-0.323635853169301+(0.410245871837317/v2))^-1.77865084900976)),-0.9994241755811468,3.9766787909831114e-5,0.014660349801245977,3.9766787909831114e-5,71.0,0.003760327492666099,((-2.25+((v1*(-0.135+(v2^-0.759)))+(v2+v2)))*((-0.324+(0.41/v2))^-1.78))
3587.2224929332733,0.17024609942354496,27.0,0.0,13.0,-0.9934658293306123,true,0.027851324697752866,0.016110209741433637,6.0,(((v2+(v2+(v1*(-0.135045843406127+(v2^-0.758876126639433)))))-2.25047295726119)*(((0.409712423600017/v2)-0.322743446522916)^-1.77943328454459)),-0.9994254979558894,3.9675463898191334e-5,0.014834878680522986,3.9675463898191334e-5,71.0,0.0037249423382947075,(((v2+(v2+(v1*(-0.135+(v2^-0.759)))))-2.25)*(((0.41/v2)-0.323)^-1.78))
3593.73175406456,0.16436877257200624,27.0,0.0,6.0,-0.9928212343141467,true,0.022182564255139425,0.024039513170152016,6.0,(((v2+(v1*((v2*(v2--2.37537129983839))^-0.705888203568167)))-1.12093028910136)*(((0.27497911593389/v2)-0.22280756814084)^-1.73673310045156)),-0.9994933772462518,3.498767842934686e-5,0.019473787224464603,3.498767842934686e-5,101.0,0.0038062022318182402,(((v2+(v1*((v2*(v2--2.38))^-0.706)))-1.12)*(((0.275/v2)-0.223)^-1.74))
3598.5669589042664,0.16882913354883497,27.0,0.0,1.0,-0.9934958104941688,true,0.027840910968969956,0.013844308912580485,6.0,((-2.25046264043605+((v1*((v2^-0.759118748138447)-0.135157894550333))+(v2+v2)))*(((0.410135461409872/v2)-0.32345118883193)^-1.77881551176753)),-0.9994245047420842,3.974405585339094e-5,0.014692960907601142,3.974405585339094e-5,71.0,0.0037526159699529395,((-2.25+((v1*((v2^-0.759)-0.135))+(v2+v2)))*(((0.41/v2)-0.323)^-1.78))
3597.6725471019745,0.16542219458051746,27.0,0.0,2.0,-0.9928212343141467,true,0.021970397724479063,0.025373542980244506,6.0,(((v2+(v1*((v2*(2.37632880578736+v2))^-0.705162486407709)))-1.12107651917457)*((-0.222263154297791-(-0.274616410780457/v2))^-1.73692027215522)),-0.9994929497288145,3.501720304604953e-5,0.02003365888473471,3.501720304604953e-5,101.0,0.0038263913509758033,(((v2+(v1*((v2*(2.38+v2))^-0.705)))-1.12)*((-0.222-(-0.275/v2))^-1.74))
3594.713176012039,0.1702460665572679,27.0,0.0,5.0,-0.9934658293306123,true,0.027851350182275136,0.016110134699753732,6.0,((((v1*((v2^-0.75887617424898)-0.135045952349344))+(v2+v2))-2.25047289581975)*((-0.322743494109756-(-0.409712454774921/v2))^-1.77943330036379)),-0.9994254979547327,3.967546397807918e-5,0.014834871507701304,3.967546397807918e-5,71.0,0.0037249429454368358,((((v1*((v2^-0.759)-0.135))+(v2+v2))-2.25)*((-0.323-(-0.41/v2))^-1.78))
3597.6274518966675,0.19148198867914246,27.0,0.0,2.0,-0.9930760742043773,true,0.050185193253867055,0.07021671142594477,6.0,((-2.29544692139615+((v1*(0.307083498875337+(0.651408178752728/v2)))+(v2+v2)))*((-0.286764388763102+(0.411432557701996/v2))^-1.95260723663731)),-0.9983082711430873,0.00011683183354358526,0.04909658187517739,0.00011683183354358526,71.0,0.007589862389548388,((-2.3+((v1*(0.307+(0.651/v2)))+(v2+v2)))*((-0.287+(0.411/v2))^-1.95))
3570.9689071178436,0.16436873805176333,27.0,0.0,30.0,-0.9928212343141467,true,0.022182614272581225,0.02403939120620464,6.0,(((v2+(v1*((v2*(2.37537123074365+v2))^-0.705888344077788)))-1.12093025088277)*((-0.222807627333064+(0.274979161988213/v2))^-1.73673315483176)),-0.9994933773441924,3.4987671665503376e-5,0.01947373971529274,3.4987671665503376e-5,101.0,0.003806200139411315,(((v2+(v1*((v2*(2.38+v2))^-0.706)))-1.12)*((-0.223+(0.275/v2))^-1.74))
3597.4613831043243,0.16861641648463932,27.0,0.0,2.0,-0.9934958104941688,true,0.027828446118351613,0.013707822540850758,6.0,(((v2+(v2+(v1*(-0.135127508182866+(v2^-0.759138649474862)))))-2.25048869475216)*((-0.323545519590776-(-0.410191376834988/v2))^-1.77871011292708)),-0.9994243045417501,3.975788181138287e-5,0.014676371921513241,3.975788181138287e-5,71.0,0.003757252043941152,(((v2+(v2+(v1*(-0.135+(v2^-0.759)))))-2.25)*((-0.324-(-0.41/v2))^-1.78))
3598.544070959091,0.17024610646267146,27.0,0.0,1.0,-0.9934658293306123,true,0.027851321657231476,0.016110217260226125,6.0,((((v1*((v2^-0.758876120930136)-0.135045830332741))+(v2+v2))-2.25047296460904)*((-0.322743440824279+(0.40971241990078/v2))^-1.77943328231552)),-0.9994254979565353,3.9675463853585074e-5,0.014834879355523363,3.9675463853585074e-5,71.0,0.003724942258180051,((((v1*((v2^-0.759)-0.135))+(v2+v2))-2.25)*((-0.323+(0.41/v2))^-1.78))
3598.5420320034027,0.16891558133200577,27.0,0.0,1.0,-0.9934958104941688,true,0.02783914441656493,0.01385972480471934,6.0,((-2.25046896485236+((v1*(-0.135141026029982+(v2^-0.759099611740366)))+(v2+v2)))*((-0.323403988990116-(-0.410106939622977/v2))^-1.7788514999028)),-0.9994245768757436,3.9739074258592046e-5,0.01470112534911946,3.9739074258592046e-5,71.0,0.003750787536457309,((-2.25+((v1*(-0.135+(v2^-0.759)))+(v2+v2)))*((-0.323-(-0.41/v2))^-1.78))
3593.899410009384,0.16541881955554838,27.0,0.0,6.0,-0.9928212343141467,true,0.021970275205735412,0.025370901454809677,6.0,(((v2+(v1*((v2*(v2--2.37632655097367))^-0.705162627270017)))-1.12107666793734)*((-0.222264085511498-(-0.274616912454585/v2))^-1.73691863566069)),-0.9994929492575657,3.5017235590782594e-5,0.02003250458832194,3.5017235590782594e-5,101.0,0.0038263639552933017,(((v2+(v1*((v2*(v2--2.38))^-0.705)))-1.12)*((-0.222-(-0.275/v2))^-1.74))
3595.7428669929504,0.16878715491529875,27.0,0.0,4.0,-0.9934958104941688,true,0.02783952604349016,0.013654925473722995,6.0,((-2.25045944241888+((v1*((v2^-0.75917514869867)-0.135181577940274))+(v2+v2)))*((-0.323603787177196+(0.410231533767409/v2))^-1.7786721940922)),-0.9994242669050694,3.9760481023664584e-5,0.014658023124918158,3.9760481023664584e-5,71.0,0.0037589923185725703,((-2.25+((v1*((v2^-0.759)-0.135))+(v2+v2)))*((-0.324+(0.41/v2))^-1.78))
3595.7211260795593,0.1652261831702584,27.0,0.0,4.0,-0.9928212343141467,true,0.021974720918165602,0.025196684722573123,6.0,(((v2+(v1*((v2*(2.37617910583875+v2))^-0.705200944274709)))-1.12107718209607)*(((0.274655331439369/v2)-0.22232906727675)^-1.73683874857718)),-0.9994929537019107,3.5016928661583225e-5,0.019956954807368,3.5016928661583225e-5,101.0,0.0038242402667572027,(((v2+(v1*((v2*(2.38+v2))^-0.705)))-1.12)*(((0.275/v2)-0.222)^-1.74))
3599.3951981067657,0.16859934363566698,27.0,0.0,0.0,-0.9934958104941688,true,0.027823563586252875,0.013709924327314169,6.0,((-2.25049838966712+(v2+(v2+(v1*(-0.135111128626923+(v2^-0.759132693763104))))))*((-0.32354632428914+(0.4101908612685/v2))^-1.7786990024894)),-0.999424292052902,3.975874429890969e-5,0.014675842411984514,3.975874429890969e-5,71.0,0.0037574276840622294,((-2.25+(v2+(v2+(v1*(-0.135+(v2^-0.759))))))*((-0.324+(0.41/v2))^-1.78))
3599.395993947983,0.16845307901870485,27.0,0.0,0.0,-0.9934958104941688,true,0.02783188381067009,0.013631802736200346,6.0,((((v1*(-0.135163896951865+(v2^-0.759174617628076)))+(v2+v2))-2.25047375296754)*((-0.32363579825943-(-0.410245217850718/v2))^-1.7786410736482)),-0.9994241621453883,3.976771579156384e-5,0.014660196297694569,3.976771579156384e-5,71.0,0.0037605471000221255,((((v1*(-0.135+(v2^-0.759)))+(v2+v2))-2.25)*((-0.324-(-0.41/v2))^-1.78))
3599.39830994606,0.19057849724018305,27.0,0.0,0.0,-0.993245967464531,true,0.05047915066141262,0.07132103626672975,6.0,((((v1*(0.303703003070329+(0.652614712506998/v2)))+(v2+v2))-2.29426172354512)*((-0.28794220006025+(0.412101091176113/v2))^-1.9519860550837)),-0.9983053589872151,0.00011703294881611602,0.04957567657811347,0.00011703294881611602,71.0,0.007610729156092622,((((v1*(0.304+(0.653/v2)))+(v2+v2))-2.29)*((-0.288+(0.412/v2))^-1.95))
3599.4531829357147,0.16853893735459619,27.0,0.0,0.0,-0.9934958104941688,true,0.02784572238418903,0.013628283663098702,6.0,((((v1*(-0.135211010100464+(v2^-0.759183447230749)))+(v2+v2))-2.25044382479193)*(((0.41023389589336/v2)-0.323613848634883)^-1.77868867498826)),-0.9994242408710539,3.9762278948758606e-5,0.014664506654163393,3.9762278948758606e-5,71.0,0.003758997738468876,((((v1*(-0.135+(v2^-0.759)))+(v2+v2))-2.25)*(((0.41/v2)-0.324)^-1.78))
3599.507922887802,0.1685460698459043,27.0,0.0,0.0,-0.9934958104941688,true,0.027828538370205214,0.013677681837610952,6.0,((-2.25048519324799+((v1*(-0.135137867251785+(v2^-0.759151441632246)))+(v2+v2)))*(((0.41021274741898/v2)-0.323581846863554)^-1.77867957026257)),-0.9994242451169365,3.976198572550187e-5,0.014669761346586332,3.976198572550187e-5,71.0,0.0037586105687717093,((-2.25+((v1*(-0.135+(v2^-0.759)))+(v2+v2)))*(((0.41/v2)-0.324)^-1.78))
3599.5095410346985,0.1654222048505427,27.0,0.0,0.0,-0.9928212343141467,true,0.021970393514078812,0.025373560240134298,6.0,(((v2+(v1*((v2*(v2--2.37632881709721))^-0.705162473520054)))-1.12107652225983)*((-0.222263146861708+(0.274616405513158/v2))^-1.73692027116581)),-0.9994929497146137,3.50172040267666e-5,0.02003366629802369,3.50172040267666e-5,101.0,0.0038263917080937414,(((v2+(v1*((v2*(v2--2.38))^-0.705)))-1.12)*((-0.222+(0.275/v2))^-1.74))
3598.797096967697,0.15827095849207384,27.0,0.0,1.0,-0.9922341031944979,true,0.017872506132773747,0.03862394425682254,6.0,(((v2+(v1*(-0.236060288192302+((v2+v2)^-0.640978303094744))))-1.11214607416708)*((-0.226619937322052-(-0.272204482044564/v2))^-1.69981460770852)),-0.9994592502333608,3.7344510892848345e-5,0.02936050773258355,3.7344510892848345e-5,81.0,0.004460092711682048,(((v2+(v1*(-0.236+((v2+v2)^-0.641))))-1.11)*((-0.227-(-0.272/v2))^-1.7))
3597.9172489643097,0.1687082094982069,27.0,0.0,2.0,-0.9934958104941688,true,0.027814774390300168,0.013668333507842276,6.0,(((v2+(v2+(v1*(-0.135094305034732+(v2^-0.759148535482003)))))-2.25051205039356)*(((0.410234115092916/v2)-0.323614116336826)^-1.77861038397971)),-0.999424183353553,3.9766251142683965e-5,0.01465436172989091,3.9766251142683965e-5,71.0,0.003760422975651052,(((v2+(v2+(v1*(-0.135+(v2^-0.759)))))-2.25)*(((0.41/v2)-0.324)^-1.78))
3594.1335299015045,0.16463237429468786,27.0,0.0,6.0,-0.9928212343141467,true,0.02221280896175598,0.024205720781168522,6.0,(((v2+(v1*((v2*(2.37552879765554+v2))^-0.705933277544083)))-1.12090263502576)*((-0.222755076785882+(0.274956465182018/v2))^-1.73688855286913)),-0.9994935075417869,3.4978680139691884e-5,0.019540021386719498,3.4978680139691884e-5,101.0,0.003805974202823822,(((v2+(v1*((v2*(2.38+v2))^-0.706)))-1.12)*((-0.223+(0.275/v2))^-1.74))
3598.77037191391,0.1643687728874764,27.0,0.0,1.0,-0.9928212343141467,true,0.022182563915498277,0.024039513432347812,6.0,((-1.12093028936718+(v2+(v1*((v2*(2.37537130001322+v2))^-0.705888202667703))))*((-0.222807567876932+(0.27497911569865/v2))^-1.73673309980935)),-0.999493377245515,3.49876784802233e-5,0.01947378731073731,3.49876784802233e-5,101.0,0.003806202239556147,((-1.12+(v2+(v1*((v2*(2.38+v2))^-0.706))))*((-0.223+(0.275/v2))^-1.74))
3598.8399341106415,0.16893793166021936,27.0,0.0,1.0,-0.9934958104941688,true,0.027832013276776424,0.013866323454610075,6.0,(((v2+(v2+(v1*((v2^-0.759082759330299)-0.135108580637901))))-2.25048658879801)*((-0.323380806060919+(0.410092222649992/v2))^-1.77885605770248)),-0.9994245938011043,3.973790538278831e-5,0.014705022347702502,3.973790538278831e-5,71.0,0.003750222980447049,(((v2+(v2+(v1*((v2^-0.759)-0.135))))-2.25)*((-0.323+(0.41/v2))^-1.78))
3594.9273550510406,0.17024610956694192,27.0,0.0,5.0,-0.9934658293306123,true,0.027851320757995512,0.01611021907289489,6.0,((((v1*(-0.135045826443741+(v2^-0.758876119227916)))+(v2+v2))-2.25047296678553)*(((0.409712418805779/v2)-0.322743439120502)^-1.77943328155763)),-0.9994254979569057,3.967546382801018e-5,0.014834879499606431,3.967546382801018e-5,71.0,0.0037249422314351846,((((v1*(-0.135+(v2^-0.759)))+(v2+v2))-2.25)*(((0.41/v2)-0.323)^-1.78))
3598.6135189533234,0.16436877283890663,27.0,0.0,1.0,-0.9928212343141467,true,0.022182563893618445,0.024039513629605047,6.0,((-1.1209302893824+(v2+(v1*((v2*(2.37537130011264+v2))^-0.705888202594269))))*(((0.274979115660417/v2)-0.222807567819067)^-1.73673309985435)),-0.9994933772454844,3.498767848233788e-5,0.019473787392513795,3.498767848233788e-5,101.0,0.0038062022422970356,((-1.12+(v2+(v1*((v2*(2.38+v2))^-0.706))))*(((0.275/v2)-0.223)^-1.74))
3591.0714519023895,0.1702460095504317,27.0,0.0,9.0,-0.9934658293306123,true,0.027851549867499714,0.01610945355644748,6.0,((-2.2504724160245+(v2+(v2+(v1*(-0.135046800353761+(v2^-0.758876545487214))))))*((-0.322743865648834+(0.409712700459928/v2))^-1.77943340213406)),-0.9994254979774037,3.9675462412405826e-5,0.01483480369080314,3.9675462412405826e-5,71.0,0.0037249472400649056,((-2.25+(v2+(v2+(v1*(-0.135+(v2^-0.759))))))*((-0.323+(0.41/v2))^-1.78))
3597.9196910858154,0.1646275015800855,27.0,0.0,2.0,-0.9928212343141467,true,0.02221196231921513,0.024203240753432588,6.0,(((v2+(v1*((v2*(2.37552616298411+v2))^-0.705931657225997)))-1.12090336983267)*(((0.274956646817057/v2)-0.222755753967526)^-1.73688530748718)),-0.999493504716143,3.497887528039304e-5,0.019539010384422774,3.497887528039304e-5,101.0,0.003805988769398883,(((v2+(v1*((v2*(2.38+v2))^-0.706)))-1.12)*(((0.275/v2)-0.223)^-1.74))
3596.936845064163,0.16529115600783267,27.0,0.0,3.0,-0.9928212343141467,true,0.022016730314596278,0.02516807568846207,6.0,(((v2+(v1*((v2*(2.37619156680954+v2))^-0.705306891355873)))-1.12104285287548)*((-0.222350659723203-(-0.274677620916528/v2))^-1.73692325831926)),-0.99949309722256,3.500701703742772e-5,0.019945303289713442,3.500701703742772e-5,101.0,0.0038222746719383674,(((v2+(v1*((v2*(2.38+v2))^-0.705)))-1.12)*((-0.222-(-0.275/v2))^-1.74))
3593.974587917328,0.17024610650008085,27.0,0.0,6.0,-0.9934658293306123,true,0.02785132164942128,0.016110217272527004,6.0,((((v1*(-0.135045830298793+(v2^-0.758876120915156)))+(v2+v2))-2.25047296462793)*((-0.322743440809152+(0.409712419891161/v2))^-1.7794332823081)),-0.9994254979565407,3.967546385321995e-5,0.014834879356251487,3.967546385321995e-5,71.0,0.003724942257908504,((((v1*(-0.135+(v2^-0.759)))+(v2+v2))-2.25)*((-0.323+(0.41/v2))^-1.78))
3597.806386947632,1.5167048527218434,27.0,0.0,2.0,-0.9771410857740777,true,0.1124394545455186,0.4372756603523312,6.0,((((v1*(0.691013666352627+(v2^-0.597098237811007)))+(v2+(v2^2.72657549651295)))-2.46027806732905)*((0.284085595230969/v2)^-1.93610774550994)),-0.972378315027092,0.0019075705233504586,0.28557022941332877,0.0019075705233504586,61.0,0.0364553808720731,((((v1*(0.691+(v2^-0.597)))+(v2+(v2^2.73)))-2.46)*((0.284/v2)^-1.94))
3599.5461649894714,0.16871938259425567,27.0,0.0,0.0,-0.9934958104941688,true,0.027842374968119088,0.013823535414413706,6.0,(((v2+(v2+(v1*(-0.135176093220542+(v2^-0.759141755140383)))))-2.25045645891104)*((-0.323510081158527-(-0.410170976523144/v2))^-1.7787690604796)),-0.9994244103597519,3.97505739552105e-5,0.014682746186490526,3.97505739552105e-5,71.0,0.0037549367581990695,(((v2+(v2+(v1*(-0.135+(v2^-0.759)))))-2.25)*((-0.324-(-0.41/v2))^-1.78))
3599.69176197052,0.16505197070391636,27.0,0.0,0.0,-0.9928212343141467,true,0.021983540036089988,0.02502916834763145,6.0,((-1.12107325251292+(v2+(v1*((v2*(2.37604697825484+v2))^-0.705249394095932))))*((-0.222392577676383-(-0.274693738934386/v2))^-1.73677358682937)),-0.9994929686668026,3.5015895176965665e-5,0.01988417971977309,3.5015895176965665e-5,101.0,0.0038219225912486626,((-1.12+(v2+(v1*((v2*(2.38+v2))^-0.705))))*((-0.222-(-0.275/v2))^-1.74))
3593.2341821193695,0.1702461074010339,27.0,0.0,7.0,-0.9934658293306123,true,0.02785132144071545,0.0161102176324424,6.0,((((v1*((v2^-0.758876120516817)-0.135045829392885))+(v2+v2))-2.25047296513305)*((-0.322743440408209+(0.409712419635323/v2))^-1.77943328211744)),-0.999425497956661,3.967546384491137e-5,0.01483487938059941,3.967546384491137e-5,71.0,0.0037249422510465457,((((v1*((v2^-0.759)-0.135))+(v2+v2))-2.25)*((-0.323+(0.41/v2))^-1.78))
3599.041699886322,0.16877173084857713,27.0,0.0,1.0,-0.9934958104941688,true,0.027821937260908758,0.01384243885670727,6.0,((-2.25050665468317+((v1*((v2^-0.759095603446582)-0.135084424634963))+(v2+v2)))*(((0.410132378769861/v2)-0.323449629535716)^-1.77877706299629)),-0.999424451352303,3.9747742984464674e-5,0.01469287017138373,3.9747742984464674e-5,71.0,0.0037535602671903727,((-2.25+((v1*((v2^-0.759)-0.135))+(v2+v2)))*(((0.41/v2)-0.323)^-1.78))
3598.1452190876007,0.16884353221848641,27.0,0.0,2.0,-0.9934958104941688,true,0.027829852058372295,0.01369200736066332,6.0,((((v1*(-0.135138313755949+(v2^-0.759150389346285)))+(v2+v2))-2.25048224920344)*((-0.3235673790375-(-0.410208539084061/v2))^-1.77868183744327)),-0.9994243065782467,3.975774116968685e-5,0.014663455313067326,3.975774116968685e-5,71.0,0.003757934738135122,((((v1*(-0.135+(v2^-0.759)))+(v2+v2))-2.25)*((-0.324-(-0.41/v2))^-1.78))
3582.71692609787,0.16436877256985505,27.0,0.0,18.0,-0.9928212343141467,true,0.022182564257395787,0.024039513168409722,6.0,((-1.12093028909959+(v2+(v1*((v2*(2.37537129983723+v2))^-0.705888203574149))))*(((0.274979115935452/v2)-0.222807568142593)^-1.73673310045582)),-0.9994933772462566,3.498767842900869e-5,0.01947378722389142,3.498767842900869e-5,101.0,0.0038062022317667224,((-1.12+(v2+(v1*((v2*(2.38+v2))^-0.706))))*(((0.275/v2)-0.223)^-1.74))
3592.406069993973,0.16533887235627848,27.0,0.0,8.0,-0.9928212343141467,true,0.022006285544309723,0.025229922153745116,6.0,(((v2+(v1*((v2*(2.37623494345763+v2))^-0.70527173626163)))-1.12105019200852)*(((0.274660597956896/v2)-0.222325268742752)^-1.73693046092819)),-0.9994930660716423,3.5009168338924766e-5,0.01997200206773469,3.5009168338924766e-5,101.0,0.0038233953004318598,(((v2+(v1*((v2*(2.38+v2))^-0.705)))-1.12)*(((0.275/v2)-0.222)^-1.74))
3582.628561973572,0.16436877269482994,27.0,0.0,18.0,-0.9928212343141467,true,0.022182564124654414,0.02403951327314249,6.0,(((v2+(v1*((v2*(2.37537129990684+v2))^-0.705888203221957)))-1.12093028920346)*((-0.222807568038791-(-0.274979115843159/v2))^-1.73673310020594)),-0.9994933772459693,3.498767844885446e-5,0.019473787258514487,3.498767844885446e-5,101.0,0.0038062022348112384,(((v2+(v1*((v2*(2.38+v2))^-0.706)))-1.12)*((-0.223-(-0.275/v2))^-1.74))
3598.897397994995,0.17024597299442223,27.0,0.0,1.0,-0.9934658293306123,true,0.027851637405433394,0.016109161536371954,6.0,((((v1*(-0.135047172366845+(v2^-0.75887670825462)))+(v2+v2))-2.25047220561979)*((-0.322744028353161+(0.409712807932758/v2))^-1.77943344830138)),-0.9994254979855672,3.9675461848627066e-5,0.014834774717994928,3.9675461848627066e-5,71.0,0.00372494914244869,((((v1*(-0.135+(v2^-0.759)))+(v2+v2))-2.25)*((-0.323+(0.41/v2))^-1.78))
3595.290242910385,0.16532042561628588,27.0,0.0,5.0,-0.9928212343141467,true,0.022008620869715056,0.025209560289871598,6.0,(((v2+(v1*((v2*(v2--2.3762206124528))^-0.705280773568071)))-1.12104858385951)*((-0.222333319902443-(-0.274665735750135/v2))^-1.73692563418157)),-0.9994930731169284,3.500868178715101e-5,0.019963158239367822,3.500868178715101e-5,101.0,0.003823052776215857,(((v2+(v1*((v2*(v2--2.38))^-0.705)))-1.12)*((-0.222-(-0.275/v2))^-1.74))
3597.145148038864,0.1906490695533232,27.0,0.0,3.0,-0.993245967464531,true,0.05046773778327712,0.07123286332849234,6.0,(((v2+(v2+(v1*((0.652566563783152/v2)--0.303839896454084))))-2.29431001071643)*((-0.287893600138727+(0.412074268599369/v2))^-1.95200919994486)),-0.9983055159086945,0.00011702211172239802,0.04955842572111961,0.00011702211172239802,71.0,0.007609774869033422,(((v2+(v2+(v1*((0.653/v2)--0.304))))-2.29)*((-0.288+(0.412/v2))^-1.95))
3592.2680830955505,0.17024610680502442,27.0,0.0,8.0,-0.9934658293306123,true,0.027851321578547694,0.01611021739509836,6.0,(((v2+(v2+(v1*((v2^-0.758876120779908)-0.135045829991175))))-2.25047296479946)*(((0.409712419804296/v2)-0.322743440673034)^-1.77943328224344)),-0.9994254979565813,3.9675463850412956e-5,0.014834879364573044,3.9675463850412956e-5,71.0,0.0037249422555826334,(((v2+(v2+(v1*((v2^-0.759)-0.135))))-2.25)*(((0.41/v2)-0.323)^-1.78))
3597.1696031093597,0.16513349099399707,27.0,0.0,3.0,-0.9928212343141467,true,0.022147235441098034,0.024769706091406354,6.0,(((v2+(v1*((v2*(v2--2.37595385241629))^-0.705684466064081)))-1.12094449093681)*((-0.222531334075901+(0.274812507121658/v2))^-1.73702434425241)),-0.999493448720585,3.498274236800937e-5,0.019775190998797397,3.498274236800937e-5,101.0,0.0038129463565590082,(((v2+(v1*((v2*(v2--2.38))^-0.706)))-1.12)*((-0.223+(0.275/v2))^-1.74))
3593.307471036911,0.17024610646666452,27.0,0.0,7.0,-0.9934658293306123,true,0.027851321656397532,0.016110217261541,6.0,((-2.25047296461106+((v1*((v2^-0.758876120928536)-0.135045830329115))+(v2+v2)))*((-0.322743440822663+(0.409712419899753/v2))^-1.77943328231472)),-0.9994254979565359,3.967546385354816e-5,0.01483487935560106,3.967546385354816e-5,71.0,0.003724942258151087,((-2.25+((v1*((v2^-0.759)-0.135))+(v2+v2)))*((-0.323+(0.41/v2))^-1.78))
3598.953402042389,0.16863845406554057,27.0,0.0,1.0,-0.9934958104941688,true,0.027837596394136632,0.013688679373642303,6.0,((((v1*(-0.135165385157364+(v2^-0.75915060825367)))+(v2+v2))-2.25046608507978)*(((0.410194396791846/v2)-0.323549392291417)^-1.77872586914193)),-0.999424328714698,3.975621241276477e-5,0.014675632825381691,3.975621241276477e-5,71.0,0.0037568329900429572,((((v1*(-0.135+(v2^-0.759)))+(v2+v2))-2.25)*(((0.41/v2)-0.324)^-1.78))
3588.668862104416,0.16536445565135477,27.0,0.0,12.0,-0.9928212343141467,true,0.02198922476520171,0.025286592840394716,6.0,(((v2+(v1*((v2*(v2--2.37627233746444))^-0.705222027410101)))-1.1210626452837)*(((0.274641915407172/v2)-0.222299941122426)^-1.73692006684584)),-0.999493012461032,3.5012870720598226e-5,0.019996172487591005,3.5012870720598226e-5,101.0,0.0038246380671710352,(((v2+(v1*((v2*(v2--2.38))^-0.705)))-1.12)*(((0.275/v2)-0.222)^-1.74))
3595.210340976715,0.16550203890789983,27.0,0.0,5.0,-0.9928212343141467,true,0.02199616991703085,0.025390841722328222,6.0,(((v2+(v1*((v2*(2.37635693130377+v2))^-0.705220890463588)))-1.12105571473736)*((-0.222263961346712+(0.274623281110025/v2))^-1.73698866766196)),-0.9994930351521475,3.501130365822493e-5,0.020041993626724344,3.501130365822493e-5,101.0,0.0038257442228209174,(((v2+(v1*((v2*(2.38+v2))^-0.705)))-1.12)*((-0.222+(0.275/v2))^-1.74))
3595.197798013687,0.16855643233186612,27.0,0.0,5.0,-0.9934958104941688,true,0.027813185128983953,0.01371904051719194,6.0,(((v2+(v2+(v1*(-0.135073922598637+(v2^-0.75912216866332)))))-2.250521061171)*((-0.3235521363669+(0.410192899298676/v2))^-1.77867220491061)),-0.999424252041449,3.976150751441025e-5,0.014674392885247836,3.976150751441025e-5,71.0,0.0037581363751254355,(((v2+(v2+(v1*(-0.135+(v2^-0.759)))))-2.25)*((-0.324+(0.41/v2))^-1.78))
3599.0200550556183,2.1640606309301966,27.0,1.0,1.0,-0.9438869785292847,true,0.38963247955099606,0.5093672237649839,6.0,(((v2+((v1*(0.700385078625341+v2))+(v2^-0.452809043615836)))-2.83183227561915)*((0.299619876942547+(0.111351244158743/v2))^-2.15873068022219)),-0.8714237310928651,0.008879556073794849,0.3579644924951474,0.008879556073794849,66.0,0.06257953946294899,(((v2+((v1*(0.7+v2))+(v2^-0.453)))-2.83)*((0.3+(0.111/v2))^-2.16))
3598.1431040763855,0.16873295585624226,27.0,0.0,2.0,-0.9934958104941688,true,0.02782289316351816,0.01366613811345435,6.0,((((v1*((v2^-0.759155488518964)-0.13512407131098))+(v2+v2))-2.25049368472944)*(((0.410230555259444/v2)-0.323607058013827)^-1.77863394445857)),-0.9994242203426871,3.976369665037404e-5,0.01465622697014455,3.976369665037404e-5,71.0,0.0037597077541728827,((((v1*((v2^-0.759)-0.135))+(v2+v2))-2.25)*(((0.41/v2)-0.324)^-1.78))
3599.830269098282,4.670440985960249,27.0,0.0,0.0,-0.9319169989793371,true,0.42523393316441666,0.2075314204722988,6.0,(((v1*((-0.0207282547770579*v2)-(-0.0234888296993703/v2)))+(v2^20.0594079632478))*((0.122033116855144-(-0.0677785087916586/v2))^-2.1014440209671)),-0.8168595870560857,0.012647789362187585,0.26365521659757607,0.012647789362187585,81.0,0.06391382881333056,(((v1*((-0.0207*v2)-(-0.0235/v2)))+(v2^20.1))*((0.122-(-0.0678/v2))^-2.1))
3599.9893209934235,0.16875806747042935,27.0,0.0,0.0,-0.9934958104941688,true,0.027827959357329457,0.013677318445676233,6.0,(((v2+(v2+(v1*((v2^-0.759163348730595)-0.135135058360648))))-2.25048784387088)*((-0.323607352735123+(0.410233138693602/v2))^-1.77864458987762)),-0.9994242216738604,3.976360471873263e-5,0.014657056754738601,3.976360471873263e-5,71.0,0.0037598877013779583,(((v2+(v2+(v1*((v2^-0.759)-0.135))))-2.25)*((-0.324+(0.41/v2))^-1.78))
3595.4498150348663,0.17254894849803692,28.0,0.0,4.0,-0.9938231048629943,true,0.020845733705374347,0.017678906585836932,7.0,((((v1*((0.0652250833666228/v2)-0.0239425473115201))+(v2^0.111689429446267))-1.01103606327841)*((-0.0904263074510738-(-0.117318879255508/v2))^-2.03240078796811)),-0.9994897472200454,3.5238370267914416e-5,0.01804240531192587,3.5238370267914416e-5,66.0,0.003752708242106968,((((v1*((0.0652/v2)-0.0239))+(v2^0.112))-1.01)*((-0.0904-(-0.117/v2))^-2.03))
3586.92227602005,0.17243169760670932,28.0,0.0,13.0,-0.9938905624809965,true,0.020838834871463097,0.017311788608493837,7.0,((((v2^0.114825659135676)+(v1*(-0.0244080432967884+(0.0669248725533811/v2))))-1.01138160824508)*((-0.0915912544787137-(-0.118858315625886/v2))^-2.03208759679908)),-0.9994898407498044,3.5231911045335095e-5,0.017915634727239536,3.5231911045335095e-5,66.0,0.0037431219501288396,((((v2^0.115)+(v1*(-0.0244+(0.0669/v2))))-1.01)*((-0.0916-(-0.119/v2))^-2.03))
1206.9612970352173,0.17439975914124772,28.0,0.0,2607.0,-0.9938855656204038,true,0.020704174177026247,0.017704950978041596,7.0,((((v1*(-0.0244247123646326+(0.0669395254207333/v2)))+(v2^0.114834269292787))-1.01138002985904)*((-0.0916210197880068+(0.118895515371819/v2))^-2.03208510011497)),-0.9994900324996289,3.5218668684726304e-5,0.018009190747295987,3.5218668684726304e-5,66.0,0.0037506728365115072,((((v1*(-0.0244+(0.0669/v2)))+(v2^0.115))-1.01)*((-0.0916+(0.119/v2))^-2.03))
1139.0260150432587,0.16520827920304362,28.0,0.0,2687.0,-0.9930360993196352,true,0.022184507964269795,0.026924621646026797,7.0,(((v2+(v1*(-0.147372181115424+((v2/0.442685997320485)^-0.697716703443347))))-1.11874487257725)*((-0.222448962717393-(-0.274570168102599/v2))^-1.73823229413898)),-0.9994915284053436,3.5115360517613855e-5,0.021792139064233332,3.5115360517613855e-5,71.0,0.003878477243351362,(((v2+(v1*(-0.147+((v2/0.443)^-0.698))))-1.12)*((-0.222-(-0.275/v2))^-1.74))
3589.61350107193,0.17434612519524884,28.0,0.0,10.0,-0.9938630797477364,true,0.02071809718535711,0.017759239292382385,7.0,((((v2^0.112417637964205)+(v1*(-0.0240665317355794+(0.0656298223868529/v2))))-1.01111351962986)*(((0.117709985970285/v2)-0.0907244641253176)^-2.03232401653927)),-0.999489970463109,3.5222952964880404e-5,0.01810156158512645,3.5222952964880404e-5,66.0,0.0037573083476970105,((((v2^0.112)+(v1*(-0.0241+(0.0656/v2))))-1.01)*(((0.118/v2)-0.0907)^-2.03))
712.3652620315552,0.17440379981760415,28.0,0.0,3197.0,-0.9938855656204038,true,0.020703835977124607,0.017704260312207572,7.0,((((v2^0.114846718465293)+(v1*(-0.024426571569136+(0.0669462810727666/v2))))-1.01138140024873)*((-0.0916256599139404+(0.118901647949004/v2))^-2.03208386320154)),-0.9994900325167836,3.5218667500009395e-5,0.018008891708044608,3.5218667500009395e-5,66.0,0.0037506566577863035,((((v2^0.115)+(v1*(-0.0244+(0.0669/v2))))-1.01)*((-0.0916+(0.119/v2))^-2.03))
3599.138046979904,0.18747026315553264,28.0,0.0,0.0,-0.9920092444678238,true,0.020441156992339393,0.040834074777273466,7.0,((((v1*(-0.248912984263787+(v2^-0.480012749639425)))+(v2^1.81388900069092))-1.20192455035375)*(((0.311786912478246/v2)-0.262513792589985)^-1.52467218119402)),-0.9990230849188639,6.746635530814122e-5,0.029593551216757292,6.746635530814122e-5,66.0,0.006209053190210132,((((v1*(-0.249+(v2^-0.48)))+(v2^1.81))-1.2)*(((0.312/v2)-0.263)^-1.52))
3599.175405025482,0.16423881498348863,28.0,0.0,0.0,-0.9930360993196352,true,0.02225360549767591,0.02588676708377459,7.0,(((v2+(v1*(-0.14610052042739+((0.442006226152437/v2)^0.698769360389964))))-1.11884562012835)*(((0.274772729563684/v2)-0.22268730617793)^-1.73841612469005)),-0.9994911890265289,3.513879822693001e-5,0.02130005370080666,3.513879822693001e-5,71.0,0.0038590814681307636,(((v2+(v1*(-0.146+((0.442/v2)^0.699))))-1.12)*(((0.275/v2)-0.223)^-1.74))
3599.2545330524445,0.17436997216399686,28.0,0.0,0.0,-0.9920592130737513,true,0.020069397440790948,0.04208596614550988,7.0,((-1.19301035936825+((v1*(-0.284579895753595+(v2^-0.483585085291009)))+(v2^1.73075605526959)))*(((0.309486979741798/v2)-0.261609537749218)^-1.53441736798645)),-0.999093489497159,6.26041719041813e-5,0.030290288224005445,6.26041719041813e-5,66.0,0.00600042117093611,((-1.19+((v1*(-0.285+(v2^-0.484)))+(v2^1.73)))*(((0.309/v2)-0.262)^-1.53))
3595.53976893425,0.16440608726329478,28.0,0.0,4.0,-0.9930360993196352,true,0.022386465867837935,0.0254113266677657,7.0,(((v2+(v1*(-0.143895091929387+((0.440745389290079/v2)^0.700293680299975))))-1.11902683273473)*((-0.222570916963208-(-0.274834601317982/v2))^-1.73945347449234)),-0.9994907015159585,3.5172466006233054e-5,0.02111064075622112,3.5172466006233054e-5,71.0,0.0038497596443092296,(((v2+(v1*(-0.144+((0.441/v2)^0.7))))-1.12)*((-0.223-(-0.275/v2))^-1.74))
3597.598377943039,0.17087336518994634,28.0,0.0,2.0,-0.9937231676511392,true,0.022249994135123574,0.01813427427914033,7.0,((((v1*(-0.0290591427758196+(0.0860038899086322/v2)))+(v2^0.150872748783151))-1.01546901833902)*((-0.103900258430289-(-0.135115054359578/v2))^-2.02812573383536)),-0.999481720678569,3.579268815039874e-5,0.01675580338621082,3.579268815039874e-5,66.0,0.0037163239509052683,((((v1*(-0.0291+(0.086/v2)))+(v2^0.151))-1.02)*((-0.104-(-0.135/v2))^-2.03))
3597.5531990528107,0.1905825384249872,28.0,0.0,2.0,-0.993245967464531,true,0.05047874236023636,0.0713162060823217,7.0,((((v1*(0.110143632485621+(0.23667837170461/v2)))+(0.725325433361774*v2))-0.832043852713433)*((-0.171252306618139+(0.245096256763716/v2))^-1.95198691711417)),-0.9983053654828452,0.00011703250022391401,0.049575039936652625,0.00011703250022391401,66.0,0.007610685981089273,((((v1*(0.11+(0.237/v2)))+(0.725*v2))-0.832)*((-0.171+(0.245/v2))^-1.95))
1139.0260150432587,0.16520827920304362,28.0,0.0,2687.0,-0.9930360993196352,true,0.022184507964269795,0.026924621646026797,7.0,(((v2+(v1*(-0.147372181115424+((v2/0.442685997320485)^-0.697716703443347))))-1.11874487257725)*((-0.222448962717393-(-0.274570168102599/v2))^-1.73823229413898)),-0.9994915284053436,3.5115360517613855e-5,0.021792139064233332,3.5115360517613855e-5,71.0,0.003878477243351362,(((v2+(v1*(-0.147+((v2/0.443)^-0.698))))-1.12)*((-0.222-(-0.275/v2))^-1.74))
712.3652620315552,0.17440379981760415,28.0,0.0,3197.0,-0.9938855656204038,true,0.020703835977124607,0.017704260312207572,7.0,((((v2^0.114846718465293)+(v1*(-0.024426571569136+(0.0669462810727666/v2))))-1.01138140024873)*((-0.0916256599139404+(0.118901647949004/v2))^-2.03208386320154)),-0.9994900325167836,3.5218667500009395e-5,0.018008891708044608,3.5218667500009395e-5,66.0,0.0037506566577863035,((((v2^0.115)+(v1*(-0.0244+(0.0669/v2))))-1.01)*((-0.0916+(0.119/v2))^-2.03))
3584.2663419246674,0.16478667974532,28.0,0.0,16.0,-0.9929936260045967,true,0.02215996873911097,0.026782218860748164,7.0,(((v2+(v1*(-0.147421350431516+((v2/0.442721501856276)^-0.697699055069034))))-1.11874383318771)*((-0.22253734588356+(0.274607122945289/v2))^-1.73805458576597)),-0.9994915160457504,3.5116214078710577e-5,0.021678390020482833,3.5116214078710577e-5,71.0,0.003873758504548327,(((v2+(v1*(-0.147+((v2/0.443)^-0.698))))-1.12)*((-0.223+(0.275/v2))^-1.74))
3596.8738141059875,0.7296002609431324,28.0,0.0,3.0,-0.986632622470018,true,0.060949122022020935,0.3801720570961112,7.0,(((v2+(v1*(0.214834768200237+((0.702876133904624+v2)^-2.75745983525507))))-1.13622973016503)*((-0.302355801449769-(-0.284492790396389/v2))^-1.28294339802408)),-0.9898381723455532,0.0007017820569600703,0.21161373054237498,0.0007017820569600703,71.0,0.02267256143976209,(((v2+(v1*(0.215+((0.703+v2)^-2.76))))-1.14)*((-0.302-(-0.284/v2))^-1.28))
1114.9345049858093,0.17260470410717335,28.0,0.0,2716.0,-0.9938905624809965,true,0.021005861358730893,0.01758668280731187,7.0,((((v2^0.114495008506909)+(v1*(-0.0243560760360152-(-0.0667390753559542/v2))))-1.011341380811)*((-0.0914557222734313+(0.118688051590534/v2))^-2.03222770307793)),-0.9994900321283294,3.52186943268935e-5,0.017982698597675196,3.52186943268935e-5,66.0,0.003739480349661894,((((v2^0.114)+(v1*(-0.0244-(-0.0667/v2))))-1.01)*((-0.0915+(0.119/v2))^-2.03))
1924.598042011261,0.17438505902808016,28.0,0.0,1796.0,-0.9938855656204038,true,0.020705404845238085,0.01770748219856505,7.0,((((v1*((0.0669148491567038/v2)-0.0244179205012354))+(v2^0.114788797517906))-1.01137502453991)*((-0.0916040694524758+(0.11887311322366/v2))^-2.03208961797274)),-0.9994900324010383,3.521867549345418e-5,0.018010284918235506,3.521867549345418e-5,66.0,0.0037507321580265525,((((v1*((0.0669/v2)-0.0244))+(v2^0.115))-1.01)*((-0.0916+(0.119/v2))^-2.03))
982.5805869102478,0.1743285551370527,28.0,0.0,2872.0,-0.9938855656204038,true,0.020710139590549126,0.017717489591114122,7.0,((((v2^0.114611301497944)+(v1*(-0.0243913946684285+(0.0668185178260314/v2))))-1.01135548900196)*((-0.0915378772190851+(0.118785632758067/v2))^-2.0321072518529)),-0.9994900314829025,3.521873890046915e-5,0.018014584369086827,3.521873890046915e-5,66.0,0.0037509671084155175,((((v2^0.115)+(v1*(-0.0244+(0.0668/v2))))-1.01)*((-0.0915+(0.119/v2))^-2.03))
3595.0211720466614,0.17278544986506938,28.0,0.0,5.0,-0.993675697475508,true,0.02085912057594369,0.01810206728888465,7.0,((((v2^0.101639523612044)+(v1*((0.059731803746614/v2)-0.022380643224429)))-1.00993985038809)*((-0.0865594461395913+(0.112213619003501/v2))^-2.03338967945384)),-0.9994885369375723,3.532195311859265e-5,0.018439858817205557,3.532195311859265e-5,66.0,0.003789835652343183,((((v2^0.102)+(v1*((0.0597/v2)-0.0224)))-1.01)*((-0.0866+(0.112/v2))^-2.03))
3596.7360179424286,0.34803100072058735,28.0,0.0,3.0,-0.9927462814052553,true,0.042539532146214976,0.09907574048165857,7.0,((((v1*(0.48003931075104+(0.334023354305733/v2)))+(v2^1.65196473542936))-1.24748907527013)*(((0.308568963736906/v2)-0.186228709148879)^-1.90936310548431)),-0.9979781498718435,0.00013963021122305,0.07251948265348687,0.00013963021122305,66.0,0.009100892217355988,((((v1*(0.48+(0.334/v2)))+(v2^1.65))-1.25)*(((0.309/v2)-0.186)^-1.91))
3360.350322008133,0.17246100880191947,28.0,0.0,252.0,-0.9938905624809965,true,0.020875110417200138,0.017420703665258906,7.0,((((v2^0.11432506517141)+(v1*(-0.0243263759881319-(-0.0666511018530362/v2))))-1.01132915418435)*((-0.0913972726041711-(-0.118610121430898/v2))^-2.03216456290745)),-0.9994898361388247,3.523222948242e-5,0.01795183028555929,3.523222948242e-5,66.0,0.003744795823303149,((((v2^0.114)+(v1*(-0.0243-(-0.0667/v2))))-1.01)*((-0.0914-(-0.119/v2))^-2.03))
3598.836045026779,0.15964519802444593,28.0,0.0,1.0,-0.992004247607231,true,0.020103130860585794,0.055407531430001336,7.0,((-1.16498036587918+((v1*(-0.389825029871683+(v2^-0.488894069764758)))+(v2^1.49863184297071)))*(((0.300588035595487/v2)-0.257535506385104)^-1.55876453722288)),-0.9991729364637901,5.71175156099086e-5,0.03557604840951947,5.71175156099086e-5,66.0,0.005848734101647963,((-1.16+((v1*(-0.39+(v2^-0.489)))+(v2^1.5)))*(((0.301/v2)-0.258)^-1.56))
1789.6714870929718,0.1743881604063978,28.0,0.0,1945.0,-0.9938855656204038,true,0.020705145165504535,0.01770694573677339,7.0,((((v1*(-0.0244193570990468+(0.0669200682479774/v2)))+(v2^0.114798414764405))-1.01137608314042)*((-0.0916076546768054-(-0.11887785156701/v2))^-2.03208866246025)),-0.9994900324265817,3.521867372940632e-5,0.01801005325333819,3.521867372940632e-5,66.0,0.003750719581886264,((((v1*(-0.0244+(0.0669/v2)))+(v2^0.115))-1.01)*((-0.0916-(-0.119/v2))^-2.03))
3598.906753063202,0.1878366310237163,28.0,0.0,1.0,-0.992004247607231,true,0.020451694224323136,0.04086450867975102,7.0,((((v1*(-0.24813102728209+(v2^-0.479925279861048)))+(v2^1.81573812255272))-1.20211671404089)*((-0.262531879312577+(0.311834003853663/v2))^-1.52444951267891)),-0.9990211336053526,6.760111421729493e-5,0.029581929924055388,6.760111421729493e-5,66.0,0.006214431633095629,((((v1*(-0.248+(v2^-0.48)))+(v2^1.82))-1.2)*((-0.263+(0.312/v2))^-1.52))
3599.822072982788,5.063207113982207,28.0,0.0,0.0,-0.933620928441467,true,0.38558880022383535,0.5354294132852127,7.0,((-2.66017366000665+(v2+(v1*((0.0206557907439295+(0.000504793258745285/v2))^-0.449936636484453))))*(((0.988855549507561/v2)--5.67507423861173)^-0.78811829866564)),-0.8031482143205878,0.013594705181789495,0.5048648590439374,0.013594705181789495,71.0,0.07534662341451606,((-2.66+(v2+(v1*((0.0207+(0.000505/v2))^-0.45))))*(((0.989/v2)--5.68)^-0.788))
2048.07435297966,0.16624769392008132,29.0,1.0,1661.0,-0.9925938771571763,true,0.020349563480316524,0.024645192709207876,6.0,((-1.53936351625159+(v2+((v1+v2)*((v2*(2.20934980841607+v2))^-0.742466002449326))))*(((0.284818502908346/v2)-0.228845160542998)^-1.77492847316759)),-0.9994995977325035,3.455808782955655e-5,0.019541624554608325,3.455808782955655e-5,181.0,0.003873024697975842,((-1.54+(v2+((v1+v2)*((v2*(2.21+v2))^-0.742))))*(((0.285/v2)-0.229)^-1.77))
3591.6298179626465,0.166252266987474,29.0,1.0,8.0,-0.9926338520419183,true,0.02018050169597746,0.024850422750186667,6.0,(((v2+((v1+v2)*((v2*(2.20842871745252+v2))^-0.74204288062072)))-1.53981109696907)*((-0.228718022310553-(-0.284732215347299/v2))^-1.77475110833916)),-0.9994994307477025,3.456961990243214e-5,0.019679917392108757,3.456961990243214e-5,181.0,0.003881875136991737,(((v2+((v1+v2)*((v2*(2.21+v2))^-0.742)))-1.54)*((-0.229-(-0.285/v2))^-1.77))
2876.4246940612793,0.16729222203083274,29.0,1.0,766.0,-0.9925963755874727,true,0.020079874058557434,0.024863005037005916,6.0,(((v2+((v1+v2)*((v2*(v2--2.20841988959398))^-0.741884882115166)))-1.53991002330124)*(((0.284679493861017/v2)-0.228648825187001)^-1.7746642594667)),-0.9994996024583316,3.4557761460962706e-5,0.019670804293255437,3.4557761460962706e-5,181.0,0.003877179616878362,(((v2+((v1+v2)*((v2*(v2--2.21))^-0.742)))-1.54)*(((0.285/v2)-0.229)^-1.77))
3584.0004138946533,0.16643573460332198,29.0,1.0,16.0,-0.9926338520419183,true,0.020226736825850244,0.024886396004255112,6.0,(((v2+((v1+v2)*((v2*(2.20861933468334+v2))^-0.742126241376922)))-1.53972028634622)*((-0.228708228823259+(0.284734727129872/v2))^-1.77485116102186)),-0.9994994958645558,3.45651228925696e-5,0.019690092754126972,3.45651228925696e-5,181.0,0.0038810745395017098,(((v2+((v1+v2)*((v2*(2.21+v2))^-0.742)))-1.54)*((-0.229+(0.285/v2))^-1.77))
3506.0359330177307,0.16625038604640624,29.0,1.0,98.0,-0.9925938771571763,true,0.020477163809138388,0.024473150244288085,6.0,((-1.53902552159184+(v2+((v1+v2)*((v2*(2.2100453200478+v2))^-0.742785625665733))))*((-0.228940834441037-(-0.284883519521923/v2))^-1.77506307432424)),-0.9994996256379494,3.45561606623312e-5,0.019441769136329938,3.45561606623312e-5,181.0,0.0038670174646650178,((-1.54+(v2+((v1+v2)*((v2*(2.21+v2))^-0.743))))*((-0.229-(-0.285/v2))^-1.78))
3371.9945480823517,0.16680452207826865,29.0,1.0,239.0,-0.9926338520419183,true,0.02022212676975149,0.024912564754557803,6.0,((-1.53972291544854+(v2+((v1+v2)*((v2*(2.20863408512439+v2))^-0.742115357727022))))*((-0.228685925320373+(0.28472488923686/v2))^-1.77486889500165)),-0.9994995682537513,3.45601236502805e-5,0.01969770685928818,3.45601236502805e-5,181.0,0.0038805253241251175,((-1.54+(v2+((v1+v2)*((v2*(2.21+v2))^-0.742))))*((-0.229+(0.285/v2))^-1.77))
3297.1003999710083,0.16636030380511882,29.0,1.0,318.0,-0.9926338520419183,true,0.020136336670056598,0.025011177562637273,6.0,(((v2+((v1+v2)*((v2*(v2--2.20829517008782))^-0.74191809087678)))-1.53991613801232)*((-0.228633772830684+(0.28467925486603/v2))^-1.77478910452698)),-0.9994994217928883,3.4570238327404154e-5,0.019771682653058086,3.4570238327404154e-5,181.0,0.0038842039532921914,(((v2+((v1+v2)*((v2*(v2--2.21))^-0.742)))-1.54)*((-0.229+(0.285/v2))^-1.77))
3372.0416910648346,0.16622798827869503,29.0,1.0,239.0,-0.9926338520419183,true,0.020225370661424602,0.024805887061484747,6.0,((-1.53968329380922+(v2+((v1+v2)*((v2*(v2--2.20871396373131))^-0.74215716350097))))*((-0.228746601282202-(-0.284750808030889/v2))^-1.77481014713782)),-0.9994995010186584,3.456476694707886e-5,0.01964787698174571,3.456476694707886e-5,181.0,0.0038791252581815198,((-1.54+(v2+((v1+v2)*((v2*(v2--2.21))^-0.742))))*((-0.229-(-0.285/v2))^-1.77))
2486.4934260845184,0.16639002478078965,29.0,1.0,1183.0,-0.9926338520419183,true,0.020216676658094124,0.024860457395773077,6.0,((-1.53967365323176+(v2+((v1+v2)*((v2*(v2--2.2088145472958))^-0.742141074584772))))*(((0.28472815935901/v2)-0.228712391554704)^-1.77485180620831)),-0.9994995679173027,3.45601468856327e-5,0.019672294939697493,3.45601468856327e-5,181.0,0.0038779516053320776,((-1.54+(v2+((v1+v2)*((v2*(v2--2.21))^-0.742))))*(((0.285/v2)-0.229)^-1.77))
3596.366832971573,2.914453864375307,29.0,0.0,3.0,-0.9477020815918542,true,0.41613399924144157,0.28663409889299496,6.0,(0.0366081629655153+(((v2+(v1*((v2*(v2+(0.00115648990975647/v2)))^-0.166699455476268)))-1.45773841858449)*((0.224740763366695/v2)^-1.43201714774925))),-0.8802559143041301,0.008269600078454056,0.45412464645423306,0.008269600078454056,114.0,0.053306031573523434,(0.0366+(((v2+(v1*((v2*(v2+(0.00116/v2)))^-0.167)))-1.46)*((0.225/v2)^-1.43)))
3112.649764060974,0.16634604719607177,29.0,1.0,514.0,-0.9926338520419183,true,0.02022739994101519,0.024905936408427795,6.0,((-1.53967625909504+(v2+((v1+v2)*((v2*(v2--2.20879098134562))^-0.742144216974282))))*((-0.22869961516167+(0.284724268697565/v2))^-1.77488789065708)),-0.9994995469280156,3.456159641868397e-5,0.019698413848895497,3.456159641868397e-5,181.0,0.0038793039592326375,((-1.54+(v2+((v1+v2)*((v2*(v2--2.21))^-0.742))))*((-0.229+(0.285/v2))^-1.77))
2156.225653886795,0.1662520466856772,29.0,1.0,1542.0,-0.9926338520419183,true,0.020214998353650815,0.024804801366920884,6.0,(((v2+((v1+v2)*((v2*(2.20861549286588+v2))^-0.742130068113249)))-1.53971944473596)*(((0.284750838359432/v2)-0.228745792682457)^-1.77478466550617)),-0.9994994770514867,3.4566422134672196e-5,0.019649587126783132,3.4566422134672196e-5,181.0,0.0038800171296373837,(((v2+((v1+v2)*((v2*(2.21+v2))^-0.742)))-1.54)*(((0.285/v2)-0.229)^-1.77))
3599.1903569698334,0.17718022847099307,29.0,0.0,0.0,-0.9933708889793499,true,0.030943456180926976,0.018740492816289034,6.0,(((((v2+v2)^1.06859537796018)+(v1*((v2^0.208104973977069)/v2)))-2.39214740357092)*((-0.328978061587029-(-0.428790518809572/v2))^-1.79693532195393)),-0.999315526566481,4.727015557081137e-5,0.01729188270155063,4.727015557081137e-5,106.0,0.004092179014980216,(((((v2+v2)^1.07)+(v1*((v2^0.208)/v2)))-2.39)*((-0.329-(-0.429/v2))^-1.8))
3592.816431045532,0.1662818722699938,29.0,1.0,7.0,-0.9925963755874727,true,0.020004430022517006,0.025053582922785544,6.0,((-1.54027559469511+(v2+((v1+v2)*((v2*(2.20746695575554+v2))^-0.74160560667626))))*((-0.228590874238934+(0.284645389716075/v2))^-1.77455964462812)),-0.9994991041290383,3.459217638792127e-5,0.01982044842865309,3.459217638792127e-5,181.0,0.003891514359110992,((-1.54+(v2+((v1+v2)*((v2*(2.21+v2))^-0.742))))*((-0.229+(0.285/v2))^-1.77))
1612.9778559207916,0.1663963023968014,29.0,1.0,2142.0,-0.9926338520419183,true,0.020169942709102662,0.024837113121652328,6.0,(((v2+((v1+v2)*((v2*(v2--2.20855629942704))^-0.742045755466776)))-1.53978428303465)*((-0.228713197735786-(-0.284724618784407/v2))^-1.77475150892346)),-0.9994995097769981,3.4564162090759356e-5,0.019667208664915878,3.4564162090759356e-5,181.0,0.0038794758765486608,(((v2+((v1+v2)*((v2*(v2--2.21))^-0.742)))-1.54)*((-0.229-(-0.285/v2))^-1.77))
3166.126569032669,0.16631856558305347,29.0,1.0,457.0,-0.9926338520419183,true,0.020236529784998736,0.024839298456619228,6.0,(((v2+((v1+v2)*((v2*(2.20874916997595+v2))^-0.742170449939647)))-1.53966760995865)*(((0.284746350387177/v2)-0.228733376955862)^-1.7748488821564)),-0.9994995204145819,3.456342745269546e-5,0.01966319591746182,3.456342745269546e-5,181.0,0.0038793216160968257,(((v2+((v1+v2)*((v2*(2.21+v2))^-0.742)))-1.54)*(((0.285/v2)-0.229)^-1.77))
3496.891216993332,0.16641872667318286,29.0,1.0,108.0,-0.9926338520419183,true,0.020244019222493748,0.024890531320221426,6.0,(((v2+((v1+v2)*((v2*(2.20878266786589+v2))^-0.74217331078088)))-1.53965888549768)*((-0.228710959597207-(-0.284735994218588/v2))^-1.7748949494963)),-0.999499542937935,3.4561871976103095e-5,0.019688190770795658,3.4561871976103095e-5,181.0,0.003879631463315711,(((v2+((v1+v2)*((v2*(2.21+v2))^-0.742)))-1.54)*((-0.229-(-0.285/v2))^-1.77))
3175.530438899994,0.16643412183808493,29.0,1.0,447.0,-0.9926338520419183,true,0.02016294470605079,0.024962204520531717,6.0,((-1.53988458614691+(v2+((v1+v2)*((v2*(2.20828814480703+v2))^-0.741968923712626))))*((-0.228660850997096-(-0.284701833349967/v2))^-1.77478546146812)),-0.9994994130828826,3.457083984574738e-5,0.01974213733010511,3.457083984574738e-5,181.0,0.0038843151486138033,((-1.54+(v2+((v1+v2)*((v2*(2.21+v2))^-0.742))))*((-0.229-(-0.285/v2))^-1.77))
3559.524080991745,0.1663121328035405,29.0,1.0,42.0,-0.9926338520419183,true,0.020203571576808743,0.024864663331214766,6.0,(((v2+((v1+v2)*((v2*(2.20855551003923+v2))^-0.742089979853375)))-1.5397563268344)*((-0.228715520035639+(0.284733644783887/v2))^-1.77480288662671)),-0.9994994731301984,3.456669294125356e-5,0.019682787041574435,3.456669294125356e-5,181.0,0.003881077111576134,(((v2+((v1+v2)*((v2*(2.21+v2))^-0.742)))-1.54)*((-0.229+(0.285/v2))^-1.77))
2944.082118034363,0.16623727325985327,29.0,1.0,694.0,-0.9926338520419183,true,0.020150798297192962,0.02488041039447475,6.0,((-1.53988404956975+(v2+((v1+v2)*((v2*(2.2082847514685+v2))^-0.741972210197358))))*(((0.284717768990665/v2)-0.228698358399142)^-1.77471847803823)),-0.9994993913033445,3.4572343954020234e-5,0.019700851227356347,3.4572343954020234e-5,181.0,0.0038831639616699,((-1.54+(v2+((v1+v2)*((v2*(2.21+v2))^-0.742))))*(((0.285/v2)-0.229)^-1.77))
2533.2250759601593,0.1664248482211901,29.0,1.0,1133.0,-0.9926338520419183,true,0.020191277536595165,0.024965499946036314,6.0,(((v2+((v1+v2)*((v2*(v2--2.20853077076154))^-0.742042830017657)))-1.53979074480662)*(((0.284704971418928/v2)-0.228665891675888)^-1.77485162347939)),-0.9994994909832242,3.456546000032109e-5,0.019737747963661477,3.456546000032109e-5,181.0,0.0038822238906464873,(((v2+((v1+v2)*((v2*(v2--2.21))^-0.742)))-1.54)*(((0.285/v2)-0.229)^-1.77))
3313.4418609142303,0.16630823615669033,29.0,1.0,301.0,-0.9926338520419183,true,0.02014802503302504,0.02492746338792849,6.0,((-1.53989802092569+(v2+((v1+v2)*((v2*(v2--2.20826962076119))^-0.74195441296085))))*((-0.228675920337467-(-0.284705871435536/v2))^-1.77474397692637)),-0.9994993987859285,3.457182720216835e-5,0.01972562987598329,3.457182720216835e-5,181.0,0.0038837615798561625,((-1.54+(v2+((v1+v2)*((v2*(v2--2.21))^-0.742))))*((-0.229-(-0.285/v2))^-1.77))
3599.3676838874817,4.025874611475797,29.0,0.0,0.0,-0.941266125148384,true,0.4623117952821779,0.42501176391970774,6.0,((((v1*(-0.266228787764456+(v2/v2)))+((v2+v2)^-0.00575829405123008))-1.31946545267843)*((0.506884580027147+(0.0711832919556581/v2))^-1.36181346411799)),-0.8253765016711224,0.012059606009670463,0.32974392455903384,0.012059606009670463,96.0,0.05982542026218369,((((v1*(-0.266+(v2/v2)))+((v2+v2)^-0.00576))-1.32)*((0.507+(0.0712/v2))^-1.36))
3599.4008429050446,4.02708539472427,29.0,0.0,0.0,-0.941266125148384,true,0.46221377798840996,0.42673795919677787,8.0,((((v1*(0.0321846412528807+0.131828285870654))+((0.0362068252262212*v2)^-0.00122679317656026))-1.07635630380956)*(((0.0236686863984501/v2)--0.168769147819074)^-1.36204253424858)),-0.8253632175099246,0.012060523421998976,0.33025023746664794,0.012060523421998976,51.0,0.05986884885023146,((((v1*(0.0322+0.132))+((0.0362*v2)^-0.00123))-1.08)*(((0.0237/v2)--0.169)^-1.36))
3598.6669800281525,0.17024610652121672,29.0,1.0,1.0,-0.9934658293306123,true,0.027851321645004867,0.01611021727948355,6.0,((((v1*(-1.13504583027959+(v2^-0.758876120906685)))+(v2+(v2+v1)))-2.25047296463861)*(((0.409712419885721/v2)-0.322743440800595)^-1.7794332823039)),-0.9994254979565436,3.9675463853017827e-5,0.014834879356663961,3.9675463853017827e-5,81.0,0.003724942257754988,((((v1*(-1.14+(v2^-0.759)))+(v2+(v2+v1)))-2.25)*(((0.41/v2)-0.323)^-1.78))
3597.8269889354706,0.1731035721603092,29.0,0.0,2.0,-0.99166695951722,true,0.02220011335585037,0.06606884774541824,6.0,(((v2+(v1*(-0.45259072848095+((v2*(v2+v2))^-0.266071317808864))))-1.09963582297374)*((-0.232085510649599+(0.266480901298043/v2))^-1.63075183867221)),-0.9991161807594184,6.103709940059861e-5,0.046850433943884204,6.103709940059861e-5,131.0,0.006268838944803481,(((v2+(v1*(-0.453+((v2*(v2+v2))^-0.266))))-1.1)*((-0.232+(0.266/v2))^-1.63))
3598.8131289482117,1.1591562718383883,29.0,1.0,1.0,-0.9812859816357689,true,0.1258701284096157,0.2434682778596623,6.0,((((v2^0.670026904519588)+((v2-v1)*(-0.273753656459852+((-0.0639815052633319/v2)/v2))))-0.793501973399162)*((0.236655332485128/v2)^-3.1287308380684)),-0.9764038470733545,0.0016295648086453408,0.1806390197038726,0.0016295648086453408,149.0,0.03044139038005913,((((v2^0.67)+((v2-v1)*(-0.274+((-0.064/v2)/v2))))-0.794)*((0.237/v2)^-3.13))
2422.254364967346,0.1662982754292494,29.0,1.0,1253.0,-0.9926338520419183,true,0.020239208287011923,0.02482089906471897,6.0,(((v2+((v1+v2)*((v2*(2.20875702525138+v2))^-0.742180148866925)))-1.53965998638843)*((-0.228742519964645-(-0.284751650876542/v2))^-1.77484092792775)),-0.9994995172061407,3.456364902961244e-5,0.01965330521653342,3.456364902961244e-5,181.0,0.0038791069870655662,(((v2+((v1+v2)*((v2*(2.21+v2))^-0.742)))-1.54)*((-0.229-(-0.285/v2))^-1.77))
2890.797117948532,0.16646859063552996,29.0,1.0,751.0,-0.9926338520419183,true,0.020162636529436062,0.02499285756195373,6.0,((-1.53988355914074+(v2+((v1+v2)*((v2*(2.20830572886423+v2))^-0.741965010586315))))*((-0.228648370222655+(0.284695094374374/v2))^-1.77480741873683)),-0.9994994276906639,3.456983102340261e-5,0.01975847953301506,3.456983102340261e-5,181.0,0.0038845105393831006,((-1.54+(v2+((v1+v2)*((v2*(2.21+v2))^-0.742))))*((-0.229+(0.285/v2))^-1.77))
2048.07435297966,0.16624769392008132,29.0,1.0,1661.0,-0.9925938771571763,true,0.020349563480316524,0.024645192709207876,6.0,((-1.53936351625159+(v2+((v1+v2)*((v2*(2.20934980841607+v2))^-0.742466002449326))))*(((0.284818502908346/v2)-0.228845160542998)^-1.77492847316759)),-0.9994995977325035,3.455808782955655e-5,0.019541624554608325,3.455808782955655e-5,181.0,0.003873024697975842,((-1.54+(v2+((v1+v2)*((v2*(2.21+v2))^-0.742))))*(((0.285/v2)-0.229)^-1.77))
1768.964749097824,0.16630831541978322,29.0,1.0,1968.0,-0.9926338520419183,true,0.020155014862780707,0.024915682455000775,6.0,((-1.53988173089756+(v2+((v1+v2)*((v2*(2.20829741160491+v2))^-0.741971521536555))))*((-0.228682815007573-(-0.284710675987807/v2))^-1.77474775249967)),-0.9994994055136198,3.457136258368265e-5,0.019718284394431938,3.457136258368265e-5,181.0,0.0038834764293952965,((-1.54+(v2+((v1+v2)*((v2*(2.21+v2))^-0.742))))*((-0.229-(-0.285/v2))^-1.77))
2665.368582010269,0.16624730489443768,29.0,1.0,992.0,-0.9925938771571763,true,0.020417506208352365,0.024591643307337385,6.0,(((v2+((v1+v2)*((v2*(2.20971995237674+v2))^-0.742636198798032)))-1.53918357609232)*((-0.228896248942556+(0.284853195831118/v2))^-1.77499987647074)),-0.9994996227752265,3.455635836372407e-5,0.019488328979214726,3.455635836372407e-5,181.0,0.0038698285137294167,(((v2+((v1+v2)*((v2*(2.21+v2))^-0.743)))-1.54)*((-0.229+(0.285/v2))^-1.77))
3595.832535982132,0.15117205880655293,29.0,0.0,4.0,-0.9918893198135977,true,0.018155563235785988,0.04593457291332811,6.0,(((v2+(v1*(((1.00978198541514+v2)*(v2+v2))^-0.627112875162821)))-1.1182189469076)*(((0.274788144714776/v2)-0.231781961997756)^-1.68186351705029)),-0.9994353069957677,3.899804558166601e-5,0.03272546413429805,3.899804558166601e-5,161.0,0.004665357701191709,(((v2+(v1*(((1.01+v2)*(v2+v2))^-0.627)))-1.12)*(((0.275/v2)-0.232)^-1.68))
811.0516500473022,0.1662500972749062,29.0,1.0,3077.0,-0.9926338520419183,true,0.02024458945303298,0.02476974189555408,6.0,(((v2+((v1+v2)*((v2*(2.20877694623855+v2))^-0.742203889398392)))-1.5396412100138)*(((0.284765700165051/v2)-0.228767620766482)^-1.77481628642846)),-0.9994995114786422,3.456404457417253e-5,0.01962577428437221,3.456404457417253e-5,181.0,0.003878458891471092,(((v2+((v1+v2)*((v2*(2.21+v2))^-0.742)))-1.54)*(((0.285/v2)-0.229)^-1.77))
3596.9141080379486,0.17687235105727991,29.0,0.0,3.0,-0.9936407194513588,true,0.032162540815832974,0.01787427288793448,6.0,(((v2+(v1*((3.60765912356754*(v2*(v2+v2)))^-0.407393678135319)))-1.13242311999367)*((-0.213035939617631+(0.27916194323976/v2))^-1.81936572860894)),-0.9992730525260631,5.0203438880220144e-5,0.01767661801609321,5.0203438880220144e-5,131.0,0.004179384773758698,(((v2+(v1*((3.61*(v2*(v2+v2)))^-0.407)))-1.13)*((-0.213+(0.279/v2))^-1.82))
2779.649327993393,0.16644593785559894,29.0,1.0,870.0,-0.9925963755874727,true,0.020027137251545202,0.024969692102600506,6.0,(((v2+((v1+v2)*((v2*(v2--2.20766274643005))^-0.741687276576106)))-1.54018511700077)*((-0.228627454891679-(-0.284667807453914/v2))^-1.77455974760406)),-0.9994992219468416,3.458403981808805e-5,0.019764620197391367,3.458403981808805e-5,181.0,0.0038881031319245346,(((v2+((v1+v2)*((v2*(v2--2.21))^-0.742)))-1.54)*((-0.229-(-0.285/v2))^-1.77))
2048.07435297966,0.16624769392008132,29.0,1.0,1661.0,-0.9925938771571763,true,0.020349563480316524,0.024645192709207876,6.0,((-1.53936351625159+(v2+((v1+v2)*((v2*(2.20934980841607+v2))^-0.742466002449326))))*(((0.284818502908346/v2)-0.228845160542998)^-1.77492847316759)),-0.9994995977325035,3.455808782955655e-5,0.019541624554608325,3.455808782955655e-5,181.0,0.003873024697975842,((-1.54+(v2+((v1+v2)*((v2*(2.21+v2))^-0.742))))*(((0.285/v2)-0.229)^-1.77))
811.0516500473022,0.1662500972749062,29.0,1.0,3077.0,-0.9926338520419183,true,0.02024458945303298,0.02476974189555408,6.0,(((v2+((v1+v2)*((v2*(2.20877694623855+v2))^-0.742203889398392)))-1.5396412100138)*(((0.284765700165051/v2)-0.228767620766482)^-1.77481628642846)),-0.9994995114786422,3.456404457417253e-5,0.01962577428437221,3.456404457417253e-5,181.0,0.003878458891471092,(((v2+((v1+v2)*((v2*(2.21+v2))^-0.742)))-1.54)*(((0.285/v2)-0.229)^-1.77))
3598.1087489128113,0.2727821365530338,29.0,0.0,2.0,-0.9903627789025106,true,0.02666646615544019,0.10903411408058578,6.0,(((v2+(v1*((v2*(2.30508807252589+v2))^-0.681559528138055)))-1.13440377600232)*(((-0.0687803416642527-(-0.0652497941220194/v2))/v2)^-0.893718051293769)),-0.9987021216471358,8.963227591824013e-5,0.06866297424306174,8.963227591824013e-5,201.0,0.0076695334675180625,(((v2+(v1*((v2*(2.31+v2))^-0.682)))-1.13)*(((-0.0688-(-0.0652/v2))/v2)^-0.894))
3054.8256990909576,0.16625988988113224,29.0,1.0,576.0,-0.9926338520419183,true,0.020094544754046928,0.024944313775399705,6.0,(((v2+((v1+v2)*((v2*(2.207957014016+v2))^-0.741830411933931)))-1.54003765250119)*((-0.228658444673932-(-0.284691195369732/v2))^-1.77465384007748)),-0.9994992893639897,3.457938394845465e-5,0.0197447897615196,3.457938394845465e-5,181.0,0.003886334667920489,(((v2+((v1+v2)*((v2*(2.21+v2))^-0.742)))-1.54)*((-0.229-(-0.285/v2))^-1.77))
3091.5122249126434,0.1664127888135479,29.0,1.0,537.0,-0.9925938771571763,true,0.02036183587627083,0.024730354939080233,6.0,((-1.53936504887848+(v2+((v1+v2)*((v2*(2.20935299841425+v2))^-0.742461374556399))))*((-0.228805650340103-(-0.284801351783422/v2))^-1.77499772057125)),-0.9994996110656614,3.455716703348087e-5,0.019583860902571953,3.455716703348087e-5,181.0,0.0038740661896496816,((-1.54+(v2+((v1+v2)*((v2*(2.21+v2))^-0.742))))*((-0.229-(-0.285/v2))^-1.77))
3228.856549024582,0.16628574796854034,29.0,1.0,391.0,-0.9926338520419183,true,0.020023059488611605,0.025035083607988316,6.0,(((v2+((v1+v2)*((v2*(v2--2.20756537475307))^-0.741650705320793)))-1.54022779874602)*((-0.228602954214487+(0.284653993147074/v2))^-1.77458137434714)),-0.999499145722855,3.458930389340214e-5,0.01980703414750337,3.458930389340214e-5,181.0,0.0038905285369145127,(((v2+((v1+v2)*((v2*(v2--2.21))^-0.742)))-1.54)*((-0.229+(0.285/v2))^-1.77))
3599.0244579315186,0.2177865514064679,29.0,0.0,1.0,-0.9906276125139266,true,0.03358239141897423,0.081410975912339,6.0,(v2*(((v2+(v1*((v2*(6.87952010165081*v2))^-0.396882837733829)))-1.14534453373384)*((-0.0582251832840582-(-0.0558497360016571/v2))^-0.871672866956721))),-0.9987527949064922,8.613274951479523e-5,0.056210556757207424,8.613274951479523e-5,203.0,0.006951425195599297,(v2*(((v2+(v1*((v2*(6.88*v2))^-0.397)))-1.15)*((-0.0582-(-0.0558/v2))^-0.872)))
3157.3048169612885,0.1672298128498742,29.0,1.0,467.0,-0.9926338520419183,true,0.02016071558809779,0.024807662736354156,6.0,(((v2+((v1+v2)*((v2*(v2--2.20853232032423))^-0.742035907375509)))-1.53979182632189)*(((0.284724459002899/v2)-0.228699830854843)^-1.7747285507088)),-0.9994996371839491,3.45553632884986e-5,0.01963686741849439,3.45553632884986e-5,181.0,0.0038777841413819743,(((v2+((v1+v2)*((v2*(v2--2.21))^-0.742)))-1.54)*(((0.285/v2)-0.229)^-1.77))
3139.4201350212097,0.1664698515523018,29.0,1.0,486.0,-0.9926338520419183,true,0.02008996423254883,0.025066367273411737,6.0,((-1.54007921449886+(v2+((v1+v2)*((v2*(v2--2.20789112384561))^-0.741783729353133))))*(((0.28466161554066/v2)-0.228599833648837)^-1.77471920406386)),-0.9994992909563717,3.457927397757275e-5,0.019811866284485304,3.457927397757275e-5,181.0,0.0038886551718905287,((-1.54+(v2+((v1+v2)*((v2*(v2--2.21))^-0.742))))*(((0.285/v2)-0.229)^-1.77))
3560.0062029361725,0.166312304369831,29.0,1.0,42.0,-0.9926338520419183,true,0.02024501087397773,0.02481754905843296,6.0,(((v2+((v1+v2)*((v2*(2.20877507007207+v2))^-0.742192176938305)))-1.53964875690019)*((-0.228745290962871+(0.284754312895831/v2))^-1.77484756639634)),-0.9994995208094637,3.456340018191337e-5,0.01965062457343252,3.456340018191337e-5,181.0,0.0038790010859580952,(((v2+((v1+v2)*((v2*(2.21+v2))^-0.742)))-1.54)*((-0.229+(0.285/v2))^-1.77))
3003.4275419712067,0.16643358771666256,29.0,1.0,631.0,-0.9926338520419183,true,0.02008758895722862,0.025045369308850714,6.0,((-1.54007882415179+(v2+((v1+v2)*((v2*(v2--2.20788593425986))^-0.74178616538758))))*((-0.228610351869555+(0.284666853132495/v2))^-1.77470229154426)),-0.9994992868023838,3.457956085453215e-5,0.019800795138309703,3.457956085453215e-5,181.0,0.0038883622646974964,((-1.54+(v2+((v1+v2)*((v2*(v2--2.21))^-0.742))))*((-0.229+(0.285/v2))^-1.77))
2477.8604838848114,0.1662341652444993,29.0,1.0,1193.0,-0.9925938771571763,true,0.02029316999509717,0.024720247662731017,6.0,((-1.5395138254379+(v2+((v1+v2)*((v2*(2.20904367522183+v2))^-0.74232298996484))))*((-0.228799483806325+(0.284787870390856/v2))^-1.77487369962432)),-0.999499555099426,3.456103209606429e-5,0.019591273690268512,3.456103209606429e-5,181.0,0.0038760034083252584,((-1.54+(v2+((v1+v2)*((v2*(2.21+v2))^-0.742))))*((-0.229+(0.285/v2))^-1.77))
3599.787187099457,0.16602747515585242,29.0,1.0,0.0,-0.9926338520419183,true,0.020295929865010276,0.024559465806078304,6.0,((-1.53950034832583+(v2+((v1+v2)*((v2*(v2--2.20899085989788))^-0.742361362005445))))*((-0.228875645792355-(-0.284830103092022/v2))^-1.77476509521067)),-0.9994994819535444,3.456608359555344e-5,0.019510693317263947,3.456608359555344e-5,181.0,0.00387541885137542,((-1.54+(v2+((v1+v2)*((v2*(v2--2.21))^-0.742))))*((-0.229-(-0.285/v2))^-1.77))
3599.824543952942,2.7130764517969066,29.0,1.0,0.0,-0.947429752689549,true,0.4095714330208235,0.34839670884513074,5.0,((((v2+(v1*((v2*v2)^-0.177673570053753)))-1.45114406368052)*(((0.195420104763343/v2)--0.169661330009639)^-1.60240423806564))*(exp(v2)-v2)),-0.8817109988435762,0.008169111046769246,0.2787241088597156,0.008169111046769246,487.0,0.0540637329847534,((((v2+(v1*((v2*v2)^-0.178)))-1.45)*(((0.195/v2)--0.17)^-1.6))*(exp(v2)-v2))
3480.363750934601,0.17423131687472782,30.0,0.0,125.0,-0.9937831299782524,true,0.020916774355651147,0.017659505897702737,7.0,(((((v2+v2)^0.110738729565917)+(v1*((0.0698697680338604/v2)-0.0256997162828778)))-1.09158197059949)*((-0.0935402210853958+(0.121351507431555/v2))^-2.03250195649724)),-0.9994901138784619,3.5213048612552795e-5,0.01808713814852071,3.5213048612552795e-5,76.0,0.003752558382444887,(((((v2+v2)^0.111)+(v1*((0.0699/v2)-0.0257)))-1.09)*((-0.0935+(0.121/v2))^-2.03))
3366.5559170246124,0.1747599049587295,30.0,0.0,245.0,-0.9938106127115125,true,0.02093719162772134,0.017359176289896333,7.0,(((((v2+v2)^0.117528717655832)+(v1*(-0.026905017076925-(-0.0741857837138539/v2))))-1.09754415528167)*((-0.0963706765716635-(-0.125091542880753/v2))^-2.0318382696932)),-0.9994903743834973,3.519505797485956e-5,0.017832965920118144,3.519505797485956e-5,76.0,0.003732257820595182,(((((v2+v2)^0.118)+(v1*(-0.0269-(-0.0742/v2))))-1.1)*((-0.0964-(-0.125/v2))^-2.03))
1952.6385180950165,0.16941079376088436,30.0,0.0,1765.0,-0.9940154839958155,true,0.027879490288456654,0.019852617979063205,7.0,((((v1*(((0.000166215219965697+v2)^-0.75939566329956)-0.135084705202823))+(v2+v2))-2.25043295060557)*((-0.323700413396399+(0.410188089758845/v2))^-1.77778920509945)),-0.9994264501362512,3.960970573779539e-5,0.02030750540239887,3.960970573779539e-5,81.0,0.0037891671489349295,((((v1*(((0.000166+v2)^-0.759)-0.135))+(v2+v2))-2.25)*((-0.324+(0.41/v2))^-1.78))
3556.478790998459,0.17619073979087296,30.0,0.0,45.0,-0.9940279761472973,true,0.02641547533831734,0.021239714622049544,7.0,((((v1*((v2*(v2--2.91254232941237))^-0.782996210945726))+(v2^0.808607224812615))-1.09920015749778)*((-0.205957838445082+(0.259380341364781/v2))^-1.80995823296339)),-0.9994526255867062,3.780201305820747e-5,0.017648999722201478,3.780201305820747e-5,106.0,0.003699716144443172,((((v1*((v2*(v2--2.91))^-0.783))+(v2^0.809))-1.1)*((-0.206+(0.259/v2))^-1.81))
480.57052302360535,0.1687252904121854,30.0,0.0,3476.0,-0.9928462186171105,true,0.021410046157443408,0.026817701336174483,7.0,(((v2+(v1*((v2*((1.12161227511207*v2)--2.33412182092118))^-0.695062984812856)))-1.12024791146319)*(((0.274798744182362/v2)-0.223956492869154)^-1.72879365696009)),-0.9994959279070583,3.481152822799623e-5,0.0208436104437639,3.481152822799623e-5,121.0,0.003882497672543048,(((v2+(v1*((v2*((1.12*v2)--2.33))^-0.695)))-1.12)*(((0.275/v2)-0.224)^-1.73))
512.0246140956879,0.17442595556892218,30.0,0.0,3438.0,-0.9938855656204038,true,0.02070198215722896,0.01770051173703355,7.0,((((v1*(-1.02443670780497+((v2--0.0669831181880126)/v2)))+(v2^0.114914603441516))-1.01138887327128)*(((0.118935083890203/v2)-0.0916509585832068)^-2.03207711817273)),-0.999490032535444,3.521866621130836e-5,0.018007264993695857,3.521866621130836e-5,106.0,0.0037505689064133594,((((v1*(-1.02+((v2--0.067)/v2)))+(v2^0.115))-1.01)*(((0.119/v2)-0.0917)^-2.03))
2792.0836420059204,0.16943640763030038,30.0,0.0,856.0,-0.9940554588805576,true,0.027895669646066545,0.01985722181323324,7.0,((((v1*(-0.135133236001015+((v2--0.000164146975858481)^-0.759414363119693)))+(v2+v2))-2.25040622538848)*(((0.410191569478138/v2)-0.323696529104563)^-1.77783894670307)),-0.9994264523016378,3.9609556194861706e-5,0.020248165259408604,3.9609556194861706e-5,81.0,0.0037888033223354278,((((v1*(-0.135+((v2--0.000164)^-0.759)))+(v2+v2))-2.25)*(((0.41/v2)-0.324)^-1.78))
3579.1188819408417,0.16940096263259555,30.0,0.0,21.0,-0.9940154839958155,true,0.027871624093085356,0.019863225991876732,7.0,((-2.25045489470066+((v1*(((0.000165545978237306+v2)^-0.759383977984623)-0.135048535926839))+(v2+v2)))*(((0.410183792922119/v2)-0.32369202069933)^-1.77778426769088)),-0.9994264311866711,3.961101440742757e-5,0.020286880135172276,3.961101440742757e-5,81.0,0.003789340458865869,((-2.25+((v1*(((0.000166+v2)^-0.759)-0.135))+(v2+v2)))*(((0.41/v2)-0.324)^-1.78))
2827.725613117218,0.1656902547743143,30.0,0.0,818.0,-0.9929761369925222,true,0.022229232812792654,0.018777720365120293,7.0,(0.000767237554175745+(((v2+(v1*((v2*(2.37748006761103+v2))^-0.704987360440854)))-1.121062224733)*((-0.22198135465931+(0.274554539366282/v2))^-1.73819955944242))),-0.9994971260698483,3.4728782370073956e-5,0.016052852209841453,3.4728782370073956e-5,102.0,0.0036726281123546987,(0.000767+(((v2+(v1*((v2*(2.38+v2))^-0.705)))-1.12)*((-0.222+(0.275/v2))^-1.74)))
2049.2916860580444,0.1717885885169873,30.0,0.0,1659.0,-0.9929636448410403,true,0.021306991780358442,0.02833073578112374,7.0,((((v1*(-0.309255544033761+(v2^-0.706584531968992)))+((v2+v2)^0.900567206806349))-2.0607264907638)*(((0.379192822215867/v2)-0.309157690723869)^-1.75255010754608)),-0.9994938230931758,3.495688796703296e-5,0.023680337498600157,3.495688796703296e-5,76.0,0.00394915100667907,((((v1*(-0.309+(v2^-0.707)))+((v2+v2)^0.901))-2.06)*(((0.379/v2)-0.309)^-1.75))
3463.2411959171295,0.18843239569133252,30.0,0.0,143.0,-0.994402740691754,true,0.02632912817312405,0.014020643947050786,7.0,((((v1*((-0.0392480701421588*v2)-(-0.143067981318413/v2)))+(v2^0.301086725944454))-1.02621206924007)*((-0.134013501302263+(0.177263945973161/v2))^-2.00958035304039)),-0.9993930715415753,4.191485197985092e-5,0.015106519606899363,4.191485197985092e-5,86.0,0.004018029667161836,((((v1*((-0.0392*v2)-(-0.143/v2)))+(v2^0.301))-1.03)*((-0.134+(0.177/v2))^-2.01))
3417.5885701179504,0.16943353703706948,30.0,0.0,191.0,-0.9940554588805576,true,0.02787133443551404,0.019864349561005197,7.0,(((v2+(v2+(v1*(((0.000161147705204567+v2)^-0.759367506221285)-0.135049166339641))))-2.25045419251768)*((-0.323657639513465-(-0.410165604537248/v2))^-1.77783739159237)),-0.9994264386620679,3.9610498151934256e-5,0.020154158555765994,3.9610498151934256e-5,81.0,0.003787262167892207,(((v2+(v2+(v1*(((0.000161+v2)^-0.759)-0.135))))-2.25)*((-0.324-(-0.41/v2))^-1.78))
3176.3662610054016,0.16773606367474714,30.0,0.0,446.0,-0.9941503992318198,true,0.0324675034874885,0.01521381614172858,7.0,(((v2+(v1*((2.67805344871208*v2)^-0.81195941166212)))-1.13411062590585)*((((-0.111653565504961-(-0.0765491575404459/v2))/v2)--0.038592773659576)^-0.913034026454646)),-0.9992867196758544,4.9259577124301925e-5,0.015289116227476508,4.9259577124301925e-5,133.0,0.003949059205319813,(((v2+(v1*((2.68*v2)^-0.812)))-1.13)*((((-0.112-(-0.0765/v2))/v2)--0.0386)^-0.913))
1965.9194009304047,0.17442345330094644,30.0,0.0,1751.0,-0.9938855656204038,true,0.020702191477910137,0.01770093186405411,7.0,((((v2^0.114906968168391)+((-0.0244355679095993*v1)+(v1*(0.0669789750881054/v2))))-1.01138803272536)*(((0.118931323633177/v2)-0.0916481134690562)^-2.03207787682579)),-0.9994900325396869,3.521866591829063e-5,0.018007447623221144,3.521866591829063e-5,71.0,0.0037505787363160937,((((v2^0.115)+((-0.0244*v1)+(v1*(0.067/v2))))-1.01)*(((0.119/v2)-0.0916)^-2.03))
1923.1954979896545,0.17558533939977902,30.0,0.0,1797.0,-0.9930336008893389,true,0.021517241144451527,0.027706084379179034,7.0,((((v1*(-0.304907654752173+(v2^-0.708076521386869)))+((v2+v2)^0.903281924122948))-2.06559277119628)*((-0.309604066475109+(0.380071034420286/v2))^-1.75329376793252)),-0.999493366855214,3.498839604079924e-5,0.023306585565812356,3.498839604079924e-5,76.0,0.003925478125133184,((((v1*(-0.305+(v2^-0.708)))+((v2+v2)^0.903))-2.07)*((-0.31+(0.38/v2))^-1.75))
2494.710284948349,0.17779014902805534,30.0,0.0,1174.0,-0.9937831299782524,true,0.021035650491352087,0.017543835234636172,7.0,(((((v2+v2)^0.110549007096203)+(v1*((0.0697487571418974/v2)-0.025673715842792)))-1.0914085197027)*(((0.121263609108765/v2)-0.0934749284299112)^-2.03251855935011)),-0.9994904866569311,3.518730430259412e-5,0.01810421086203846,3.518730430259412e-5,76.0,0.003748389999918688,(((((v2+v2)^0.111)+(v1*((0.0697/v2)-0.0257)))-1.09)*(((0.121/v2)-0.0935)^-2.03))
2718.9906849861145,0.1872125061641118,30.0,1.0,934.0,-0.9941878756862655,true,0.03297588282154368,0.013414294236147588,6.0,((((v2+(v1*((v2/0.3712082932727)^-0.821195142248666)))-1.12982256656797)*((-0.175446809305649+(0.275016429936209/v2))^-1.83619754277878))*(exp(v2)-v2)),-0.9992570172504038,5.1310844862563436e-5,0.015092693189720632,5.1310844862563436e-5,367.0,0.004056678254222633,((((v2+(v1*((v2/0.371)^-0.821)))-1.13)*((-0.175+(0.275/v2))^-1.84))*(exp(v2)-v2))
3271.497498035431,0.17498979472021836,30.0,0.0,345.0,-0.9938905624809965,true,0.020941879071665448,0.0175284673165819,7.0,(((((v2+v2)^0.115006697812306)+(v1*((0.0725822344312668/v2)-0.0264635939116785)))-1.0953238762358)*((-0.0953303612492461-(-0.123715884040865/v2))^-2.03208408360982)),-0.9994904234763914,3.5191667589455006e-5,0.01792195929293501,3.5191667589455006e-5,76.0,0.0037381346719601,(((((v2+v2)^0.115)+(v1*((0.0726/v2)-0.0265)))-1.1)*((-0.0953-(-0.124/v2))^-2.03))
3303.700756072998,0.18646457254680976,30.0,1.0,311.0,-0.9942578317345642,true,0.032973464237248395,0.013706356717180186,6.0,((((v2+(v1*((v2/0.371238885712459)^-0.821376456467074)))-1.12980260571611)*(((0.275142860289922/v2)-0.175686692651188)^-1.83591607113134))*(exp(v2)-v2)),-0.9992565361514424,5.134406985222644e-5,0.015216261003833092,5.134406985222644e-5,367.0,0.00408184040130232,((((v2+(v1*((v2/0.371)^-0.821)))-1.13)*(((0.275/v2)-0.176)^-1.84))*(exp(v2)-v2))
2612.2272419929504,0.17525753550519302,30.0,0.0,1048.0,-0.9938855656204038,true,0.02095041269183212,0.017473245633741114,7.0,(((((v2+v2)^0.115666603151142)+(v1*(-0.0265805202865379+(0.0730017369777591/v2))))-1.09590355452268)*((-0.0956049175342979+(0.124078649538705/v2))^-2.03201934665396)),-0.9994904684946043,3.518855860403121e-5,0.01789668132192031,3.518855860403121e-5,76.0,0.0037358157475336283,(((((v2+v2)^0.116)+(v1*(-0.0266+(0.073/v2))))-1.1)*((-0.0956+(0.124/v2))^-2.03))
2726.5115790367126,0.1656791055917159,30.0,0.0,926.0,-0.9929861307137077,true,0.020859932012814275,0.028080544604476943,7.0,((-2.19277125950124+((v1*((v2^-0.719177490145281)-0.311788739601663))+(v2+(v2^0.683705085403951))))*((-0.310549180686899-(-0.382126681415699/v2))^-1.76496239213118)),-0.9994947961635551,3.488968712919538e-5,0.02370309821649956,3.488968712919538e-5,76.0,0.003978776570499661,((-2.19+((v1*((v2^-0.719)-0.312))+(v2+(v2^0.684))))*((-0.311-(-0.382/v2))^-1.76))
2886.6761910915375,0.16503466901426428,30.0,0.0,755.0,-0.9929861307137077,true,0.020727887301240366,0.028338488728790488,7.0,((((v2^0.679915287352813)+(v2+(v1*(-0.313940321504304+(v2^-0.718492964712769)))))-2.19205146203113)*((-0.310343029864535+(0.381712196648914/v2))^-1.76462182063466)),-0.9994946850296123,3.489736210751616e-5,0.02384633271393987,3.489736210751616e-5,76.0,0.003987511804578703,((((v2^0.68)+(v2+(v1*(-0.314+(v2^-0.718)))))-2.19)*((-0.31+(0.382/v2))^-1.76))
1381.632954120636,0.1707134960218483,30.0,0.0,2405.0,-0.992876199780667,true,0.02154330426485157,0.02653050567641519,7.0,(((v2+(v1*((v2*((1.0994148828199*v2)--2.34171953506065))^-0.697011628522211)))-1.12035267688284)*((-0.223756219133813+(0.274831647317747/v2))^-1.73020721394009)),-0.9994958348672478,3.4817953614433894e-5,0.02054663867150495,3.4817953614433894e-5,121.0,0.003866444538641776,(((v2+(v1*((v2*((1.1*v2)--2.34))^-0.697)))-1.12)*((-0.224+(0.275/v2))^-1.73))
1481.9815430641174,0.17514775436064403,30.0,0.0,2290.0,-0.9938905624809965,true,0.020946925397008875,0.01749523939397136,7.0,((((v1*(-0.0265336714257328+(0.0728334943230706/v2)))+((v2+v2)^0.11540195200855))-1.09567103720814)*((-0.0954948891877593-(-0.123933265526171/v2))^-2.03204531074185)),-0.9994904512751878,3.518974778750722e-5,0.017906746724581993,3.518974778750722e-5,76.0,0.003736701461904893,((((v1*(-0.0265+(0.0728/v2)))+((v2+v2)^0.115))-1.1)*((-0.0955-(-0.124/v2))^-2.03))
1418.2865159511566,0.16715557967272948,30.0,0.0,2364.0,-0.9930385977499315,true,0.02116223916211246,0.027502651487259704,7.0,((-2.19442937841866+((v1*(-0.306829260219461+(v2^-0.720738010881111)))+(v2+(v2^0.692443680805137))))*(((0.383076263416671/v2)-0.311020822988809)^-1.76573224861826)),-0.9994948053929867,3.488904973897893e-5,0.023381134897704464,3.488904973897893e-5,76.0,0.003961673159796905,((-2.19+((v1*(-0.307+(v2^-0.721)))+(v2+(v2^0.692))))*(((0.383/v2)-0.311)^-1.77))
856.6077699661255,0.16578594740171107,30.0,0.0,3022.0,-0.9929761369925222,true,0.022231655470201783,0.018795432393028458,7.0,(0.000778859466335147+(((v2+(v1*((v2*(2.37757307744081+v2))^-0.704968660362357)))-1.12106066369699)*(((0.274535293670607/v2)-0.221945974179622)^-1.73826028161655))),-0.9994971885675417,3.47244662409957e-5,0.0161039914680065,3.47244662409957e-5,102.0,0.00367128571843134,(0.000779+(((v2+(v1*((v2*(2.38+v2))^-0.705)))-1.12)*(((0.275/v2)-0.222)^-1.74)))
2251.3191130161285,0.18641988648648272,30.0,1.0,1438.0,-0.9942528348739713,true,0.03281944101920736,0.013621070520778818,6.0,((((v2+(v1*(0.443314410597305*(v2^-0.820916370399062))))-1.12991631408739)*(((0.275049333443662/v2)-0.175595581699661)^-1.8356051771245))*(exp(v2)-v2)),-0.9992565916543183,5.134023678953202e-5,0.015207551390037457,5.134023678953202e-5,367.0,0.00408016557926195,((((v2+(v1*(0.443*(v2^-0.821))))-1.13)*(((0.275/v2)-0.176)^-1.84))*(exp(v2)-v2))
2468.23597407341,0.17334676790319012,30.0,0.0,1203.0,-0.9938455907356617,true,0.02084231515237822,0.01755779559382151,7.0,(((((v2*v2)^0.0574705116943406)+(v1*((0.0669892637217555/v2)-0.024444575330364)))-1.0113826961513)*((-0.0916116490750687-(-0.118906957467647/v2))^-2.03223552072067)),-0.9994900390978841,3.5218213005163564e-5,0.017960148250273783,3.5218213005163564e-5,81.0,0.0037386890138261094,(((((v2*v2)^0.0575)+(v1*((0.067/v2)-0.0244)))-1.01)*((-0.0916-(-0.119/v2))^-2.03))
3447.0464289188385,0.1626577256700458,30.0,0.0,160.0,-0.9926238583207327,true,0.020794931871123967,0.027777080578851386,7.0,(((v2+(v1*(-0.0202510541657661+((v2*(v2--2.30946025745584))^-0.688853489299889))))-1.11822247126681)*((-0.224517954159499-(-0.274398653823173/v2))^-1.7242059948719)),-0.999495572006408,3.483610694541922e-5,0.02133226378448762,3.483610694541922e-5,111.0,0.003932753557573565,(((v2+(v1*(-0.0203+((v2*(v2--2.31))^-0.689))))-1.12)*((-0.225-(-0.274/v2))^-1.72))
2693.9363870620728,0.16566570844478268,30.0,0.0,961.0,-0.9929761369925222,true,0.022228553021440334,0.01877216462736666,7.0,(0.000765269972584053+(((v2+(v1*((v2*(v2--2.3774587860882))^-0.704990816722122)))-1.12106287000858)*((-0.22198926758999+(0.274558899012549/v2))^-1.73818628286156))),-0.9994971121255425,3.47297453723891e-5,0.01604454227602342,3.47297453723891e-5,102.0,0.003672918868096777,(0.000765+(((v2+(v1*((v2*(v2--2.38))^-0.705)))-1.12)*((-0.222+(0.275/v2))^-1.74)))
2409.847023963928,0.16566571004149697,30.0,0.0,1266.0,-0.9929761369925222,true,0.022386982610351658,0.0172158173410788,7.0,(0.00068698867433835+(((v2+(v1*((v2*(2.37698960619933+v2))^-0.705546814402719)))-1.12092434327608)*((-0.222283842677287-(-0.274761097309219/v2))^-1.73818298957459))),-0.9994971390381521,3.4727886771047565e-5,0.015657129988828115,3.4727886771047565e-5,102.0,0.003674083243638933,(0.000687+(((v2+(v1*((v2*(2.38+v2))^-0.706)))-1.12)*((-0.222-(-0.275/v2))^-1.74)))
2717.1854588985443,0.1696714179916914,30.0,0.0,936.0,-0.9940154839958155,true,0.02787666632130048,0.019859870886358426,7.0,((((v1*(-0.135066818852308+((0.000167361860128386+v2)^-0.759377322267819)))+(v2+v2))-2.25043782091407)*((-0.323649954045591-(-0.410159219922898/v2))^-1.77781626251083)),-0.9994265188260354,3.960496197912203e-5,0.020364119870387352,3.960496197912203e-5,81.0,0.0037882736093678973,((((v1*(-0.135+((0.000167+v2)^-0.759)))+(v2+v2))-2.25)*((-0.324-(-0.41/v2))^-1.78))
3598.348305940628,0.31475331243785853,30.0,0.0,1.0,-0.9926438457631038,true,0.04050185607277351,0.036356432269511296,7.0,((-1.07111153184156+((v1*((0.235861421820897+(-9.81854242888714e-5/v2))/v2))+(v2^0.530597793371312)))*((-0.172137067921434-(-0.23277858114722/v2))^-1.98811834499917)),-0.9989628748620839,7.16244987970499e-5,0.035298244284207136,7.16244987970499e-5,116.0,0.005276810138518688,((-1.07+((v1*((0.236+(-9.82e-5/v2))/v2))+(v2^0.531)))*((-0.172-(-0.233/v2))^-1.99))
1660.2886888980865,0.17165650803529622,30.0,0.0,2089.0,-0.9930535883317099,true,0.021832000179906275,0.02676646732638695,7.0,((((v1*(-0.296866529299404+(v2^-0.710586890902991)))+((v2+v2)^0.908006722731127))-2.07441868038458)*((-0.310278829008254-(-0.381537701986743/v2))^-1.75457854938644)),-0.9994937043552077,3.496508808401426e-5,0.02290198818823237,3.496508808401426e-5,76.0,0.0039052459892238494,((((v1*(-0.297+(v2^-0.711)))+((v2+v2)^0.908))-2.07)*((-0.31-(-0.382/v2))^-1.75))
816.7288060188293,0.16644653839735443,30.0,1.0,3070.0,-0.9929861307137077,true,0.020672309958375323,0.024310638637200236,7.0,(((((v1+v2)*(-0.272660146260029+(v2^-0.742388066561354)))+(1.78460167750699*v2))-2.71592559568781)*((-0.314222211020118+(0.391402282108789/v2))^-1.78097464290951)),-0.9994965939526496,3.476553071052534e-5,0.020584491296479625,3.476553071052534e-5,106.0,0.0038814926899508467,(((((v1+v2)*(-0.273+(v2^-0.742)))+(1.78*v2))-2.72)*((-0.314+(0.391/v2))^-1.78))
3595.3103289604187,0.16632478719819974,30.0,0.0,4.0,-0.9942453395830823,true,0.027960846987875376,0.019985129447691936,7.0,((((v1*((v2*(3.19717195968532+v2))^-0.817899984980496))+(v2^0.727566033263806))-1.0897028202724)*(((0.25141033341424/v2)-0.197788069387618)^-1.84287947203303)),-0.9994218335778507,3.992852809539562e-5,0.01726439108483402,3.992852809539562e-5,106.0,0.003728403114007124,((((v1*((v2*(3.2+v2))^-0.818))+(v2^0.728))-1.09)*(((0.251/v2)-0.198)^-1.84))
3518.2810850143433,0.18821422996352116,30.0,0.0,85.0,-0.994402740691754,true,0.025968116479704373,0.014207112359297685,7.0,((((v1*((-0.0393408503546902*v2)-(-0.143318431897756/v2)))+(v2^0.301634464772771))-1.02624601944322)*(((0.177453553967134/v2)-0.13419976520262)^-2.00932353204784)),-0.999392758022057,4.193650383027734e-5,0.015306578317913358,4.193650383027734e-5,86.0,0.0040400887262426865,((((v1*((-0.0393*v2)-(-0.143/v2)))+(v2^0.302))-1.03)*(((0.177/v2)-0.134)^-2.01))
1722.8411769866943,0.16948567997488256,30.0,0.0,2019.0,-0.9940554588805576,true,0.027888352670358718,0.019850450846278633,7.0,((((v1*(-0.135124243970685+((v2--0.000156271921029328)^-0.759376240400376)))+(v2+v2))-2.25040998984624)*((-0.323639351845831-(-0.410158539160461/v2))^-1.77791536605812)),-0.999426467354424,3.960851664021181e-5,0.020002449195195213,3.960851664021181e-5,81.0,0.003784623671189963,((((v1*(-0.135+((v2--0.000156)^-0.759)))+(v2+v2))-2.25)*((-0.324-(-0.41/v2))^-1.78))
3575.3536880016327,0.18716309071390352,30.0,1.0,25.0,-0.9941828788256727,true,0.032850648742712485,0.013368443521747028,6.0,((((v2+(v1*((0.371198291221791/v2)^0.820791287985578)))-1.12992140253277)*((-0.175343824573533-(-0.274924047073811/v2))^-1.83597349037963))*(exp(v2)-v2)),-0.9992570995141213,5.1305163679726644e-5,0.01506941429477658,5.1305163679726644e-5,367.0,0.004051373489871265,((((v2+(v1*((0.371/v2)^0.821)))-1.13)*((-0.175-(-0.275/v2))^-1.84))*(exp(v2)-v2))
295.34791111946106,0.17735151502518545,30.0,0.0,3700.0,-0.9938231048629943,true,0.021019993051540842,0.0176760430501299,7.0,((((v1*(-0.0259379208337597+(0.0706843811572896/v2)))+((v2+v2)^0.112021324699291))-1.09269867153867)*((-0.0940936340838788+(0.12208079825236/v2))^-2.03237479939475)),-0.9994905613637589,3.518214500319093e-5,0.018044800851425884,3.518214500319093e-5,76.0,0.0037444414485250078,((((v1*(-0.0259+(0.0707/v2)))+((v2+v2)^0.112))-1.09)*((-0.0941+(0.122/v2))^-2.03))
3552.6689159870148,0.1661646362794124,30.0,0.0,49.0,-0.9927612719870337,true,0.02108287979483736,0.027003141880708396,7.0,((-1.12639865218061+((v1*((v2*(v2--2.25606052726732))^-0.686879993220852))+(v2^1.05040958333768)))*(((0.278506624008893/v2)-0.226802759981799)^-1.71855092065087)),-0.999495449307558,3.484458060333805e-5,0.01998033548350375,3.484458060333805e-5,106.0,0.0038790719432725876,((-1.13+((v1*((v2*(v2--2.26))^-0.687))+(v2^1.05)))*(((0.279/v2)-0.227)^-1.72))
3254.635689020157,0.1882463642412975,30.0,0.0,363.0,-0.994402740691754,true,0.02579508732482544,0.014133784664238437,7.0,((-1.02605324909335+((v1*((-0.0395115538457332*v2)-(-0.142959154167154/v2)))+(v2^0.300809128368457)))*((-0.134098958618367-(-0.177233559778231/v2))^-2.00921696836346)),-0.9993925559183726,4.195046123480699e-5,0.015390385319482405,4.195046123480699e-5,86.0,0.004048548495277279,((-1.03+((v1*((-0.0395*v2)-(-0.143/v2)))+(v2^0.301)))*((-0.134-(-0.177/v2))^-2.01))
2883.7760848999023,0.16945946621597152,30.0,0.0,758.0,-0.9940554588805576,true,0.027881192301242586,0.01984443956257719,7.0,((((v1*(-0.135108274422967+((0.000163959648356587+v2)^-0.759397440706126)))+(v2+v2))-2.25041924630401)*(((0.410192165279098/v2)-0.323705308618389)^-1.77780063820904)),-0.9994264583239929,3.960914028732475e-5,0.020225679771743825,3.960914028732475e-5,81.0,0.0037880012854854496,((((v1*(-0.135+((0.000164+v2)^-0.759)))+(v2+v2))-2.25)*(((0.41/v2)-0.324)^-1.78))
2607.640739917755,0.17873879509635468,30.0,0.0,1053.0,-0.9937831299782524,true,0.021066212002005757,0.017467942353801565,7.0,(((((v2+v2)^0.111313487687892)+(v1*(-0.0258138817913593+(0.0702343790837164/v2))))-1.09207571495132)*((-0.0938014579808432-(-0.121694344587669/v2))^-2.03244345126777)),-0.9994905204290897,3.518497197657803e-5,0.01807676012383202,3.518497197657803e-5,76.0,0.003745173199342876,(((((v2+v2)^0.111)+(v1*(-0.0258+(0.0702/v2))))-1.09)*((-0.0938-(-0.122/v2))^-2.03))
1821.6586699485779,0.16799072825991038,30.0,0.0,1909.0,-0.9941503992318198,true,0.03250695947448434,0.01588531027261232,7.0,(((v2+(v1*((v2/0.373403650270134)^-0.812016562354623)))-1.13409299338078)*((0.0384801379051634+((-0.111527295173222-(-0.0765262959387962/v2))/v2))^-0.913171834242555)),-0.9992867088121554,4.926032737802049e-5,0.015386614153570009,4.926032737802049e-5,133.0,0.003949081837681988,(((v2+(v1*((v2/0.373)^-0.812)))-1.13)*((0.0385+((-0.112-(-0.0765/v2))/v2))^-0.913))
2972.834697008133,0.1695832289866009,30.0,0.0,663.0,-0.9940554588805576,true,0.027874358119042653,0.01984850519493784,7.0,((((v1*(((v2--0.000160989495540215)^-0.759365175765301)-0.135081019615866))+(v2+v2))-2.2504317296166)*((-0.32364569381763-(-0.410157241912132/v2))^-1.77785169866866)),-0.999426494655056,3.96066312418006e-5,0.020148804284270152,3.96066312418006e-5,81.0,0.00378574368493477,((((v1*(((v2--0.000161)^-0.759)-0.135))+(v2+v2))-2.25)*((-0.324-(-0.41/v2))^-1.78))
2208.4122021198273,0.1696642341464584,30.0,0.0,1485.0,-0.9939805059716661,true,0.027877415712930953,0.01985701516724148,7.0,((((v1*(((0.000167904366655066+v2)^-0.759378144522022)-0.135070540429983))+(v2+v2))-2.2504351838806)*((-0.32365055123014-(-0.410158639588869/v2))^-1.77781402506565)),-0.9994265233931072,3.9604646574333674e-5,0.020382454170270087,3.9604646574333674e-5,81.0,0.0037883142232811224,((((v1*(((0.000168+v2)^-0.759)-0.135))+(v2+v2))-2.25)*((-0.324-(-0.41/v2))^-1.78))
3557.380621910095,0.16224696531046037,30.0,0.0,44.0,-0.9926413473328075,true,0.01972556182954288,0.029385671336735364,7.0,(((v2+(v1*(-0.0282649634214135+((v2*(v2--2.28355648850291))^-0.680839477885027))))-1.11758124082815)*(((0.273702807622538/v2)-0.224572131588793)^-1.7188112226394)),-0.9994925991518018,3.50414141097915e-5,0.02268621147094458,3.50414141097915e-5,111.0,0.004037879129671527,(((v2+(v1*(-0.0283+((v2*(v2--2.28))^-0.681))))-1.12)*(((0.274/v2)-0.225)^-1.72))
3019.8226170539856,0.17782019162016965,30.0,0.0,613.0,-0.9937831299782524,true,0.02103662480476265,0.017541514732000815,7.0,((((v1*(-0.0256784178297123-(-0.0697650310806142/v2)))+((v2+v2)^0.110574626689684))-1.09143087461481)*((-0.093485882206448-(-0.121278057939714/v2))^-2.03251604271903)),-0.9994904886838006,3.518716432573722e-5,0.018103292748622175,3.518716432573722e-5,76.0,0.0037482842864259747,((((v1*(-0.0257-(-0.0698/v2)))+((v2+v2)^0.111))-1.09)*((-0.0935-(-0.121/v2))^-2.03))
3248.974498987198,0.18772527856795826,30.0,1.0,369.0,-0.9942528348739713,true,0.03279328432791251,0.013488770329839583,6.0,((((v2+(v1*(0.443320245584102*(v2^-0.820785591859733))))-1.12990366223547)*((-0.175443944951951+(0.274957883316234/v2))^-1.83572415060991))*(exp(v2)-v2)),-0.9992570867137655,5.1306047680165175e-5,0.015120381703646065,5.1306047680165175e-5,367.0,0.004059166131602815,((((v2+(v1*(0.443*(v2^-0.821))))-1.13)*((-0.175+(0.275/v2))^-1.84))*(exp(v2)-v2))
2475.274399995804,0.17868274605155068,30.0,0.0,1195.0,-0.9937831299782524,true,0.02106441751831245,0.017472564978748745,7.0,((-1.09203833849122+((v1*(-0.0258060386142842-(-0.0702071788542842/v2)))+((v2+v2)^0.111270669349557)))*((-0.0937831868184203+(0.121670241491246/v2))^-2.03244765874038)),-0.9994905201228664,3.5184993124550005e-5,0.018078301028714366,3.5184993124550005e-5,76.0,0.00374535687698641,((-1.09+((v1*(-0.0258-(-0.0702/v2)))+((v2+v2)^0.111)))*((-0.0938+(0.122/v2))^-2.03))
3240.473891019821,0.1694601901672753,30.0,0.0,378.0,-0.9940554588805576,true,0.02787492732045299,0.019837201718643047,7.0,((((v1*(((v2--0.000162360747013197)^-0.759385151497513)-0.135099880384347))+(v2+v2))-2.25042352503626)*(((0.4101875792743/v2)-0.323700588858959)^-1.77779966404846)),-0.9994264596449557,3.9609049060819934e-5,0.02016862657807603,3.9609049060819934e-5,81.0,0.0037869272751332632,((((v1*(((v2--0.000162)^-0.759)-0.135))+(v2+v2))-2.25)*(((0.41/v2)-0.324)^-1.78))
1346.6928520202637,0.17440530670267948,30.0,0.0,2445.0,-0.9938855656204038,true,0.020703709861140562,0.017704003290361744,7.0,((((v1*((0.0669487975238752/v2)-0.0244272640911625))+(v2^0.114851355762171))-1.01138191072152)*((-1.09162738829774+((0.118903932253574+v2)/v2))^-2.03208340245073)),-0.9994900325220906,3.52186671335038e-5,0.018008780372251794,3.52186671335038e-5,118.0,0.003750650637928061,((((v1*((0.0669/v2)-0.0244))+(v2^0.115))-1.01)*((-1.09+((0.119+v2)/v2))^-2.03))
1991.604928970337,0.1697954539865261,30.0,0.0,1722.0,-0.9930535883317099,true,0.021889362842342164,0.02676022296487533,7.0,((-2.07630840161619+((v1*(-0.295127096233812+(v2^-0.711098782093966)))+((v2+v2)^0.908998192401976)))*(((0.381833299952943/v2)-0.310400299232493)^-1.75485259037157)),-0.9994936475736199,3.496900945532574e-5,0.02284859411963801,3.496900945532574e-5,76.0,0.003902993935971278,((-2.08+((v1*(-0.295+(v2^-0.711)))+((v2+v2)^0.909)))*(((0.382/v2)-0.31)^-1.75))
3462.2754878997803,0.16592849265145426,30.0,0.0,144.0,-0.9940954337652995,true,0.03234267853587769,0.012844895278568153,7.0,(((v2+(v1*((v2/0.373555550497441)^-0.812100939737694)))-1.13420059546713)*((((-0.11212388103987-(-0.0767261904174064/v2))/v2)--0.0388505237272712)^-0.912506436620005)),-0.9992859251759644,4.931444577451161e-5,0.01501321041196867,4.931444577451161e-5,133.0,0.003979273586795395,(((v2+(v1*((v2/0.374)^-0.812)))-1.13)*((((-0.112-(-0.0767/v2))/v2)--0.0389)^-0.913))
1757.820324897766,0.1657882416663234,30.0,0.0,1980.0,-0.9929761369925222,true,0.022231584136252203,0.018795734806592163,7.0,(0.000779131994982281+(((v2+(v1*((v2*(v2--2.37757520814009))^-0.704967847885942)))-1.12106074754725)*(((0.27453474609393/v2)-0.221945023376074)^-1.73826149028842))),-0.9994971896831009,3.47243891997904e-5,0.016105218711454154,3.47243891997904e-5,102.0,0.003671261191313376,(0.000779+(((v2+(v1*((v2*(v2--2.38))^-0.705)))-1.12)*(((0.275/v2)-0.222)^-1.74)))
3014.0432589054108,0.16348369785549072,30.0,0.0,619.0,-0.9930036197257823,true,0.021315838895098083,0.027872496473259886,7.0,((((v1*(-0.308447351100755+(v2^-0.720840771045237)))+(v2+(v2^0.691555854843874)))-2.19359767841294)*((-0.311080990842393+(0.383052126598171/v2))^-1.76604999930751)),-0.9994951572128554,3.486475284283827e-5,0.023548926720416787,3.486475284283827e-5,76.0,0.003950879893610505,((((v1*(-0.308+(v2^-0.721)))+(v2+(v2^0.692)))-2.19)*((-0.311+(0.383/v2))^-1.77))
3593.5719900131226,0.16436877269217373,30.0,0.0,6.0,-0.9928212343141467,true,0.022182564119730908,0.02403951328403987,7.0,((-1.1209302892072+(v2+(v1*((v2*(2.37537129991191+v2))^-0.7058882032087))))*(0.914085358917576*(((0.261117590012292/v2)-0.21157597741181)^-1.7367331002))),-0.9994933772459588,3.498767844957677e-5,0.01947378726284724,3.498767844957677e-5,121.0,0.0038062022350353534,((-1.12+(v2+(v1*((v2*(2.38+v2))^-0.706))))*(0.914*(((0.261/v2)-0.212)^-1.74)))
3597.3066670894623,0.17024610651528008,30.0,0.0,2.0,-0.9934658293306123,true,0.02785132164628812,0.016110217277555752,7.0,((((v1*(-0.135045830285171+(v2^-0.758876120909134)))+(v2+(v2--1.18766807793927)))-3.43814104257478)*((-0.322743440803049-(-0.409712419887282/v2))^-1.77943328230514)),-0.9994254979565428,3.9675463853075276e-5,0.01483487935654696,3.9675463853075276e-5,76.0,0.0037249422577981094,((((v1*(-0.135+(v2^-0.759)))+(v2+(v2--1.19)))-3.44)*((-0.323-(-0.41/v2))^-1.78))
1874.7300701141357,0.16939318101511405,30.0,0.0,1851.0,-0.9940554588805576,true,0.02787900819980299,0.019853608744738117,7.0,(((v2+(v2+(v1*(-0.135093269218108+((v2--0.000157975614473897)^-0.759379612569804)))))-2.25043056279931)*((-0.323675823410903+(0.410178251028039/v2))^-1.77785573326097)),-0.9994264259860126,3.9611373568094045e-5,0.02003908716190772,3.9611373568094045e-5,81.0,0.0037861795284658503,(((v2+(v2+(v1*(-0.135+((v2--0.000158)^-0.759)))))-2.25)*((-0.324+(0.41/v2))^-1.78))
3598.221415042877,0.16181979742036612,30.0,0.0,1.0,-0.9928662060594815,true,0.021684835175528216,0.02694673079643428,7.0,(((v2+(v1*(-0.15498752112614+(((v2+v2)/0.894299695480509)^-0.692651330101735))))-1.11812999691416)*((-0.223138732915556+(0.274516766352794/v2))^-1.73426796207712)),-0.9994919223415145,3.50881550437771e-5,0.022112380727705088,3.50881550437771e-5,91.0,0.003904586707937465,(((v2+(v1*(-0.155+(((v2+v2)/0.894)^-0.693))))-1.12)*((-0.223+(0.275/v2))^-1.73))
2885.6078560352325,0.18818739467730244,30.0,0.0,756.0,-0.994402740691754,true,0.025806139097762693,0.014216738624942264,7.0,((((v1*((-0.0394630599996027*v2)-(-0.143258960206995/v2)))+(v2^0.301501369752047))-1.02616570916306)*((-0.134233043484779-(-0.177430943672546/v2))^-2.00918126969032)),-0.9993926083098642,4.194684304623088e-5,0.015408057792385403,4.194684304623088e-5,86.0,0.004049366596664284,((((v1*((-0.0395*v2)-(-0.143/v2)))+(v2^0.302))-1.03)*((-0.134-(-0.177/v2))^-2.01))
3597.3472759723663,0.16612535022243954,30.0,1.0,2.0,-0.9928062437323684,true,0.02028386845862401,0.024905977970126197,7.0,(((((v1+v2)*(-0.280116105261959+(v2^-0.739141682049383)))+(1.77504316816061*v2))-2.69647158094771)*(((0.389776387476975/v2)-0.313441766539215)^-1.77892147180269)),-0.9994964029573173,3.47787209654366e-5,0.021086619471634264,3.47787209654366e-5,106.0,0.003917554679963875,(((((v1+v2)*(-0.28+(v2^-0.739)))+(1.78*v2))-2.7)*(((0.39/v2)-0.313)^-1.78))
3366.62402510643,0.16562908365470863,30.0,0.0,245.0,-0.9929761369925222,true,0.02222620196483993,0.01877080220821961,7.0,(0.000765534730182094+(((v2+(v1*((v2*(v2--2.37745801144783))^-0.704992738834802)))-1.12106251538795)*((-0.22199787754117-(-0.274562640382441/v2))^-1.73817154520689))),-0.9994971091175754,3.472995310444471e-5,0.01604554801892314,3.472995310444471e-5,102.0,0.0036726466882544048,(0.000766+(((v2+(v1*((v2*(v2--2.38))^-0.705)))-1.12)*((-0.222-(-0.275/v2))^-1.74)))
2911.9991760253906,0.18959338070459367,30.0,0.0,728.0,-0.994402740691754,true,0.026229297656475914,0.013201490060848002,7.0,((-1.02608946547092+((v1*((-0.0393953733894958*v2)-(-0.142950201355967/v2)))+(v2^0.300863962003437)))*(((0.177155995197453/v2)-0.13387786528997)^-2.01006257951135)),-0.9993935330989445,4.188297654454749e-5,0.014630133128640085,4.188297654454749e-5,86.0,0.00398385118492967,((-1.03+((v1*((-0.0394*v2)-(-0.143/v2)))+(v2^0.301)))*(((0.177/v2)-0.134)^-2.01))
3203.6446330547333,0.1694717111848501,30.0,0.0,417.0,-0.9940154839958155,true,0.027876867739622557,0.019874089195478565,7.0,((-2.25045417086579+((v1*(((v2--0.000167409643555383)^-0.759388552313062)-0.13504783300487))+(v2+v2)))*(((0.410176541190619/v2)-0.323676248849336)^-1.77779824811693)),-0.9994264489062996,3.960979067900502e-5,0.02036147926202942,3.960979067900502e-5,81.0,0.0037901144812119195,((-2.25+((v1*(((v2--0.000167)^-0.759)-0.135))+(v2+v2)))*(((0.41/v2)-0.324)^-1.78))
2798.6918489933014,0.1656713286241343,30.0,0.0,849.0,-0.9929861307137077,true,0.02085838893561781,0.028083511663175565,7.0,((-2.19276286372891+((v1*((v2^-0.719169528640954)-0.311813837481724))+(v2+(v2^0.683660881863014))))*(((0.382121855564615/v2)-0.310546782689486)^-1.76495843879833)),-0.999494795247501,3.488975039245564e-5,0.023704766080737575,3.488975039245564e-5,76.0,0.003978875717638327,((-2.19+((v1*((v2^-0.719)-0.312))+(v2+(v2^0.684))))*(((0.382/v2)-0.311)^-1.76))
2978.506289958954,0.1652549462545319,30.0,0.0,657.0,-0.9929861307137077,true,0.02077402027263564,0.028245645804056772,7.0,((((v2^0.681241027921948)+(v2+(v1*(-0.313187702598022+(v2^-0.718732871862674)))))-2.19230325669347)*((-0.310415273976845-(-0.381857361369454/v2))^-1.7647413340566)),-0.9994947312827137,3.489416783993483e-5,0.0237960239477861,3.489416783993483e-5,76.0,0.003984333685754109,((((v2^0.681)+(v2+(v1*(-0.313+(v2^-0.719)))))-2.19)*((-0.31-(-0.382/v2))^-1.76))
684.2238318920135,0.16656879165999006,30.0,0.0,3231.0,-0.9930385977499315,true,0.021053037071911473,0.027712577367348543,7.0,((((v1*((v2^-0.720181003611505)-0.308606825082808))+(v2+(v2^0.68931322739965)))-2.19383499813481)*((-0.310852774529194+(0.382737015431758/v2))^-1.76545801891511)),-0.9994948455531931,3.488627625046957e-5,0.023495944583190233,3.488627625046957e-5,76.0,0.0039672465587105585,((((v1*((v2^-0.72)-0.309))+(v2+(v2^0.689)))-2.19)*((-0.311+(0.383/v2))^-1.77))
820.6312561035156,0.17581456436009293,30.0,0.0,3065.0,-0.9938905624809965,true,0.02096863569167745,0.017673317210092725,7.0,((((v1*(-0.0263460569799833+(0.0721524184946172/v2)))+((v2+v2)^0.114330736924266))-1.09472811647909)*(((0.123348780201173/v2)-0.0950528960782498)^-2.03214969483699)),-0.9994905247461253,3.518467383945078e-5,0.017950080176736587,3.518467383945078e-5,76.0,0.003739161697736537,((((v1*(-0.0263+(0.0722/v2)))+((v2+v2)^0.114))-1.09)*(((0.123/v2)-0.0951)^-2.03))
1634.1543109416962,0.18831150397278493,30.0,0.0,2118.0,-0.9943527720858265,true,0.026206117957555786,0.014044598431219519,7.0,((-1.02621068580236+((v1*((-0.0392183077466017*v2)-(-0.14297978189647/v2)))+(v2^0.300844568534247)))*((-0.13395763467597+(0.177205798679649/v2))^-2.00958354195446)),-0.9993928330632947,4.19313214363274e-5,0.015136277014393101,4.19313214363274e-5,86.0,0.0040254255306132,((-1.03+((v1*((-0.0392*v2)-(-0.143/v2)))+(v2^0.301)))*((-0.134+(0.177/v2))^-2.01))
3318.9599199295044,0.16252970577896292,30.0,0.0,295.0,-0.9929486542592619,true,0.020909240448623467,0.028069793446338847,7.0,((((v1*(-0.308983175904296+(v2^-0.71994219470196)))+(v2+(v2^0.688671947519237)))-2.19369950208131)*(((0.382614149876828/v2)-0.310774348863765)^-1.76531133269553)),-0.9994945369154694,3.4907590961160246e-5,0.023572459327749033,3.4907590961160246e-5,76.0,0.003961998509458449,((((v1*(-0.309+(v2^-0.72)))+(v2+(v2^0.689)))-2.19)*(((0.383/v2)-0.311)^-1.77))
2196.3503749370575,0.1694727288633291,30.0,0.0,1498.0,-0.9939805059716661,true,0.027877531291217894,0.019878341163425076,7.0,((((v1*(((0.000169678738689664+v2)^-0.759391260066477)-0.135039572797037))+(v2+v2))-2.25045834649356)*(((0.410175240521813/v2)-0.323675244578722)^-1.77778773850144)),-0.9994264522454837,3.960956007290119e-5,0.020440309956534054,3.960956007290119e-5,81.0,0.0037910436413343576,((((v1*(((0.00017+v2)^-0.759)-0.135))+(v2+v2))-2.25)*(((0.41/v2)-0.324)^-1.78))
3186.530112028122,0.1881262371442695,30.0,1.0,435.0,-0.9941528976621162,true,0.033005180542180046,0.01386586368122087,6.0,((((v2+(v1*((2.69420155167788*v2)^-0.821057875573541)))-1.12982200698068)*((-0.175170678755155+(0.274876737708811/v2))^-1.83659916595238))*(exp(v2)-v2)),-0.9992574797587015,5.127890375556077e-5,0.014954050924218757,5.127890375556077e-5,367.0,0.004026768668483501,((((v2+(v1*((2.69*v2)^-0.821)))-1.13)*((-0.175+(0.275/v2))^-1.84))*(exp(v2)-v2))
3116.2015759944916,0.18622289162122774,30.0,1.0,510.0,-0.9942528348739713,true,0.03276107070985129,0.01364287401612048,6.0,((((v2+(v1*(0.443388687558251*(v2^-0.820763285091903))))-1.12996331397631)*((-0.175599902430837-(-0.275035493615419/v2))^-1.83543483890391))*(exp(v2)-v2)),-0.9992564664280944,5.134888498944473e-5,0.015229137279395453,5.134888498944473e-5,367.0,0.004085202649076566,((((v2+(v1*(0.443*(v2^-0.821))))-1.13)*((-0.176-(-0.275/v2))^-1.84))*(exp(v2)-v2))
1244.5283019542694,0.16266040349261643,30.0,0.0,2563.0,-0.9929486542592619,true,0.020926302310645573,0.028026650000555407,7.0,((((v1*((v2^-0.720072503874348)-0.308453937431858))+(v2+(v2^0.68952680023778)))-2.19388619925156)*(((0.382690712083796/v2)-0.310795753070056)^-1.76538509074739)),-0.9994945367078472,3.490760529968025e-5,0.02355268456737761,3.490760529968025e-5,76.0,0.003960452858835225,((((v1*((v2^-0.72)-0.308))+(v2+(v2^0.69)))-2.19)*(((0.383/v2)-0.311)^-1.77))
3469.0033841133118,0.17814866560942097,30.0,0.0,137.0,-0.9937831299782524,true,0.02104724900767424,0.017515769098994147,7.0,(((((v2+v2)^0.110848373987465)+(v1*(-0.0257286383321318+(0.0699389212229859/v2))))-1.09166975792926)*(((0.121432384293881/v2)-0.0936028761404209)^-2.03248915048668)),-0.9994905066805669,3.518592145800275e-5,0.018093475406001088,3.518592145800275e-5,76.0,0.0037471458466481642,(((((v2+v2)^0.111)+(v1*(-0.0257+(0.0699/v2))))-1.09)*(((0.121/v2)-0.0936)^-2.03))
2070.330612897873,0.17008862949201412,30.0,1.0,1636.0,-0.9929111778048163,true,0.020705920385810928,0.02450559836401061,7.0,(((((v1+v2)*(-0.276414020912107+(v2^-0.741213969030171)))+(1.7807982766186*v2))-2.70709334071852)*((-0.31413598088415-(-0.390889061082372/v2))^-1.7800959093453)),-0.9994967507668832,3.4754701023269104e-5,0.020656530993480453,3.4754701023269104e-5,106.0,0.0038976053972080015,(((((v1+v2)*(-0.276+(v2^-0.741)))+(1.78*v2))-2.71)*((-0.314-(-0.391/v2))^-1.78))
3592.6307129859924,0.1708526110541278,30.0,0.0,7.0,-0.9927063065205133,true,0.020480539226380046,0.02759980058792571,7.0,((-1.12929446657903+((v1*((v2*(v2--2.19529490955948))^-0.676871789440382))+(v2^1.07724743997714)))*((-0.228856429912348-(-0.280289085568553/v2))^-1.70895606919613)),-0.999494592640296,3.490374257042329e-5,0.020281103927892705,3.490374257042329e-5,106.0,0.003938797893834408,((-1.13+((v1*((v2*(v2--2.2))^-0.677))+(v2^1.08)))*((-0.229-(-0.28/v2))^-1.71))
3597.21994304657,0.17024610664044176,30.0,0.0,2.0,-0.9934658293306123,true,0.02785132161807352,0.016110217326523266,7.0,((((v1*(-0.135045830162655+(v2^-0.75887612085514)))+(v2+(-0.0592220177031543+v2)))-2.19125094700061)*((-0.322743440748495-(-0.409712419852504/v2))^-1.77943328227942)),-0.9994254979565599,3.967546385188898e-5,0.014834879359767674,3.967546385188898e-5,76.0,0.003724942256849322,((((v1*(-0.135+(v2^-0.759)))+(v2+(-0.0592+v2)))-2.19)*((-0.323-(-0.41/v2))^-1.78))
3598.219799041748,0.17431655031671947,30.0,0.0,1.0,-0.9932034941494926,true,0.023871768130970472,0.023093656757863845,7.0,((((v1*((v2*(v2--2.55718406364383))^-0.733764024404245))+(v2^0.9289092952495))-1.11296871498006)*(((0.269667750693957/v2)-0.216921280596227)^-1.76328181620304)),-0.9994845291569959,3.5598732905886426e-5,0.018652322603371366,3.5598732905886426e-5,106.0,0.003741131281555788,((((v1*((v2*(v2--2.56))^-0.734))+(v2^0.929))-1.11)*(((0.27/v2)-0.217)^-1.76))
3562.048971891403,0.16451014903088368,30.0,0.0,39.0,-0.9930360993196352,true,0.022291220865167216,0.025925748977707896,7.0,(((v2+(v1*(-0.145246715809269+(((v2+v2)/0.88301056226347)^-0.699281312418177))))-1.11892555557426)*(((0.274747545717208/v2)-0.222562014679578)^-1.73888928782684)),-0.9994910237594127,3.51502116754461e-5,0.02131906693975055,3.51502116754461e-5,91.0,0.003857693407264211,(((v2+(v1*(-0.145+(((v2+v2)/0.883)^-0.699))))-1.12)*(((0.275/v2)-0.223)^-1.74))
3599.1455039978027,0.18351913458172275,30.0,0.0,0.0,-0.9926163630298437,true,0.021096162646475514,0.02327381324752939,7.0,((((v2^1.7691435594322)+(v2+(v1*((0.764838459247265*v2)^-0.680262027879054))))-2.33882772806654)*(((0.441240650325244/v2)-0.344634355050793)^-1.68970080520599)),-0.9994445272684496,3.836128788920073e-5,0.018048821332171967,3.836128788920073e-5,76.0,0.004194310262425244,((((v2^1.77)+(v2+(v1*((0.765*v2)^-0.68))))-2.34)*(((0.441/v2)-0.345)^-1.69))
3599.259089946747,1.3911111042603006,30.0,1.0,0.0,-0.9375234765644097,true,0.327889251503491,0.47664706873020374,7.0,((((v1*(0.111590622224431+v2))+(v2+((0.492873189277012/v2)^1.11902525865354)))-1.95603819442399)*((-0.17450000275259+(0.307879633772468/v2))^-2.0732088040332)),-0.8300229715286136,0.011738717948479409,0.35858496232828746,0.011738717948479409,71.0,0.07769716856554751,((((v1*(0.112+v2))+(v2+((0.493/v2)^1.12)))-1.96)*((-0.175+(0.308/v2))^-2.07))
3553.8318660259247,0.18956868377051808,30.0,0.0,48.0,-0.994402740691754,true,0.025556343856225072,0.014260467573024734,7.0,((-1.02620014785632+((v1*((-0.0395359343497035*v2)-(-0.143498117733564/v2)))+(v2^0.302042696193423)))*(((0.17760870774953/v2)-0.134392598798634)^-2.00904485684854)),-0.9993926033278896,4.194718710445872e-5,0.015441207812393793,4.194718710445872e-5,86.0,0.00405686346709524,((-1.03+((v1*((-0.0395*v2)-(-0.143/v2)))+(v2^0.302)))*(((0.178/v2)-0.134)^-2.01))
3594.804172039032,0.17418623277278528,30.0,1.0,5.0,-0.9941229164985597,true,0.02319542879844555,0.01720188258788918,7.0,(((((v2-v1)*(0.0214102608807422+(-0.0745306432250722/v2)))+(v2^0.11590439254331))-0.961499381154462)*((-0.0959939257375846+(0.126262224426861/v2))^-2.023774044202)),-0.9994732123218207,3.638028049137848e-5,0.015086239994166804,3.638028049137848e-5,106.0,0.0036948995005665407,(((((v2-v1)*(0.0214+(-0.0745/v2)))+(v2^0.116))-0.961)*((-0.096+(0.126/v2))^-2.02))
3504.4722039699554,0.18873371887076745,30.0,0.0,100.0,-0.994402740691754,true,0.025708520305525062,0.014080310448850632,7.0,((((v2^0.300465651405122)+(v1*((-0.039569317243945*v2)-(-0.142811920884149/v2))))-1.02598123681603)*((-0.134049103418289+(0.177142921201702/v2))^-2.00920296112751)),-0.9993925255695812,4.1952557140971515e-5,0.015384902088067809,4.1952557140971515e-5,86.0,0.004050138074821077,((((v2^0.3)+(v1*((-0.0396*v2)-(-0.143/v2))))-1.03)*((-0.134+(0.177/v2))^-2.01))
3535.717271089554,0.17548272158897107,30.0,0.0,67.0,-0.9938905624809965,true,0.020958028774767712,0.017719608364014434,7.0,(((((v2+v2)^0.113703258005045)+(v1*(-0.0262338973765477-(-0.0717536051742772/v2))))-1.09417782659086)*((-0.0947900933928329-(-0.123001685904158/v2))^-2.03221126340504)),-0.9994904688548892,3.518853372253343e-5,0.017973735228759,3.518853372253343e-5,76.0,0.0037413376168564678,(((((v2+v2)^0.114)+(v1*(-0.0262-(-0.0718/v2))))-1.09)*((-0.0948-(-0.123/v2))^-2.03))
2584.5067360401154,0.16272819334731015,30.0,0.0,1078.0,-0.9929736385622258,true,0.02136985836922184,0.027202174658263682,7.0,((-2.1941062884276+((v1*(-0.307006867556309+(v2^-0.721372265836702)))+(v2+(v2^0.694084677630863))))*((-0.31155333119568-(-0.383518775919745/v2))^-1.76589381995775)),-0.9994950673111436,3.487096151025254e-5,0.023161540426956975,3.487096151025254e-5,76.0,0.003936075501181787,((-2.19+((v1*(-0.307+(v2^-0.721)))+(v2+(v2^0.694))))*((-0.312-(-0.384/v2))^-1.77))
512.0246140956879,0.17442595556892218,30.0,0.0,3438.0,-0.9938855656204038,true,0.02070198215722896,0.01770051173703355,7.0,((((v1*(-1.02443670780497+((v2--0.0669831181880126)/v2)))+(v2^0.114914603441516))-1.01138887327128)*(((0.118935083890203/v2)-0.0916509585832068)^-2.03207711817273)),-0.999490032535444,3.521866621130836e-5,0.018007264993695857,3.521866621130836e-5,106.0,0.0037505689064133594,((((v1*(-1.02+((v2--0.067)/v2)))+(v2^0.115))-1.01)*(((0.119/v2)-0.0917)^-2.03))
3552.921082019806,0.17566511583514022,30.0,1.0,49.0,-0.9939580200989988,true,0.02103068434230121,0.016003300377270525,7.0,(((((v2-v1)*(0.0136763563669928-(0.0434336667963159/v2)))+(v2^0.0647444444446979))-0.978309053789018)*((-0.0733107572756471-(-0.0962500802214316/v2))^-2.02737022079119)),-0.9994871157666901,3.542010005228386e-5,0.015738308015810793,3.542010005228386e-5,106.0,0.0037036994967685295,(((((v2-v1)*(0.0137-(0.0434/v2)))+(v2^0.0647))-0.978)*((-0.0733-(-0.0963/v2))^-2.03))
876.5605690479279,0.17443175304760403,30.0,0.0,2998.0,-0.9938855656204038,true,0.02070149723228526,0.017699541484080546,7.0,(((((v2*v2)^0.0574661314322698)+(v1*((0.0669927005523205/v2)-0.0244393440795984)))-1.01139081737463)*((-0.0916575386624195+(0.118943780495934/v2))^-2.03207536348962)),-0.9994900325194465,3.5218667316106575e-5,0.018006842918358815,3.5218667316106575e-5,81.0,0.0037505462097979217,(((((v2*v2)^0.0575)+(v1*((0.067/v2)-0.0244)))-1.01)*((-0.0917+(0.119/v2))^-2.03))
3554.6375679969788,0.1884110954244063,30.0,0.0,47.0,-0.994402740691754,true,0.025807727722124918,0.014063583584139519,7.0,((((v1*((-0.0396027485746371*v2)-(-0.142200725007485/v2)))+(v2^0.299057962197232))-1.02578481298784)*((-0.133743998103854-(-0.176729382944378/v2))^-2.00934400452562)),-0.9993924113603943,4.1960444497550303e-5,0.015320124870454756,4.1960444497550303e-5,86.0,0.0040441757968938,((((v1*((-0.0396*v2)-(-0.142/v2)))+(v2^0.299))-1.03)*((-0.134-(-0.177/v2))^-2.01))
3374.175805091858,0.17543755152472612,30.0,0.0,237.0,-0.9937831299782524,true,0.02095700944193074,0.01770038481594234,7.0,(((((v2+v2)^0.111497842318791)+(v1*((0.0703519809835223/v2)-0.0258393928649037)))-1.09224407526066)*((-0.0938655368899083-(-0.121780448720914/v2))^-2.03242693841046)),-0.9994903693126089,3.5195408173529614e-5,0.018059946337593894,3.5195408173529614e-5,76.0,0.0037481091571189237,(((((v2+v2)^0.111)+(v1*((0.0704/v2)-0.0258)))-1.09)*((-0.0939-(-0.122/v2))^-2.03))
2879.399090051651,0.1694420117101096,30.0,0.0,763.0,-0.9940154839958155,true,0.027876682508899575,0.01986230326244746,7.0,((-2.25044470035721+((v1*(-0.135064427596027+((0.000164908587885488+v2)^-0.75938460917997)))+(v2+v2)))*((-0.323678455893406-(-0.410176815001131/v2))^-1.77780897092311)),-0.9994264492975172,3.960976366127281e-5,0.02027345017988466,3.960976366127281e-5,81.0,0.003788750729284419,((-2.25+((v1*(-0.135+((0.000165+v2)^-0.759)))+(v2+v2)))*((-0.324-(-0.41/v2))^-1.78))
2029.343831062317,0.16579259605203067,30.0,0.0,1681.0,-0.9929761369925222,true,0.02223030004626919,0.01879550296654306,7.0,(0.000780008238239367+(((v2+(v1*((v2*(v2--2.37758091947353))^-0.704962790734621)))-1.12106188364076)*((-0.221941856657523+(0.274532667630046/v2))^-1.73826266495224))),-0.9994971904027865,3.472433949785616e-5,0.016109398444897022,3.472433949785616e-5,102.0,0.0036712255721140837,(0.00078+(((v2+(v1*((v2*(v2--2.38))^-0.705)))-1.12)*((-0.222+(0.275/v2))^-1.74)))
3234.039974927902,0.16948266056657377,30.0,0.0,385.0,-0.9940154839958155,true,0.027876184966892037,0.01985028477829593,7.0,((-2.25043353770574+(v2+(v2+(v1*(-0.13508213160206+((0.00016663563415048+v2)^-0.759394487530244))))))*((-0.323705723010786-(-0.410190994771319/v2))^-1.77777431877245)),-0.9994264619048808,3.96088929890039e-5,0.02031398080575375,3.96088929890039e-5,81.0,0.0037890681555132573,((-2.25+(v2+(v2+(v1*(-0.135+((0.000167+v2)^-0.759))))))*((-0.324-(-0.41/v2))^-1.78))
3583.265552043915,0.16942601380233652,30.0,0.0,17.0,-0.9940554588805576,true,0.027881106008708967,0.01986056594217767,7.0,((-2.25043441178878+((v1*(((0.000162963202178689+v2)^-0.759389308698688)-0.135084058015976))+(v2+v2)))*(((0.410179725919847/v2)-0.323680135516613)^-1.77782913470214)),-0.9994264424670053,3.9610235380625935e-5,0.02020946830378924,3.9610235380625935e-5,81.0,0.0037881907758857327,((-2.25+((v1*(((0.000163+v2)^-0.759)-0.135))+(v2+v2)))*(((0.41/v2)-0.324)^-1.78))
1067.0702109336853,0.16579258048512818,30.0,0.0,2772.0,-0.9929761369925222,true,0.022230303556042774,0.018795503036708877,7.0,(0.000780005443700483+(((v2+(v1*((v2*(2.37758090062661+v2))^-0.704962805505316)))-1.12106188049863)*(((0.274532674081876/v2)-0.22194186669521)^-1.73826265970187))),-0.999497190398926,3.472433976446409e-5,0.016109385244722284,3.472433976446409e-5,102.0,0.003671225709748104,(0.00078+(((v2+(v1*((v2*(2.38+v2))^-0.705)))-1.12)*(((0.275/v2)-0.222)^-1.74)))
3219.8998091220856,0.18897142779089063,30.0,0.0,400.0,-0.994402740691754,true,0.025668665306136595,0.014117732658976723,7.0,((((v1*((-0.0395626586746594*v2)-(-0.142972369155144/v2)))+(v2^0.300833846692983))-1.02603192055102)*(((0.177252187576629/v2)-0.134129813350771)^-2.00916592463586)),-0.9993925562353748,4.19504393424435e-5,0.015396308063108656,4.19504393424435e-5,86.0,0.0040517115895794585,((((v1*((-0.0396*v2)-(-0.143/v2)))+(v2^0.301))-1.03)*(((0.177/v2)-0.134)^-2.01))
3595.53582906723,0.1886080199647014,30.0,0.0,4.0,-0.9944152328432359,true,0.02590658031109977,0.014022896721632512,7.0,((((v2^0.29704589569372)+(v1*((-0.0396451722968872*v2)-(-0.141329290172549/v2))))-1.0255081851077)*(((0.176140434113981/v2)-0.133304670125121)^-2.0095634364081)),-0.9993922478164015,4.197173894610312e-5,0.015189576614373694,4.197173894610312e-5,86.0,0.0040345426515863885,((((v2^0.297)+(v1*((-0.0396*v2)-(-0.141/v2))))-1.03)*(((0.176/v2)-0.133)^-2.01))
3062.2363018989563,0.16368111712245115,30.0,0.0,568.0,-0.9930036197257823,true,0.021558697115124037,0.02760578471689337,7.0,((((v2^0.696459136569912)+(v2+(v1*((v2^-0.721832469914048)-0.306020502414563))))-2.19432264655544)*((-0.31146163006267-(-0.383657756452697/v2))^-1.76653150930728)),-0.9994951651080308,3.486420759717478e-5,0.02333376984944853,3.486420759717478e-5,76.0,0.003936164588807229,((((v2^0.696)+(v2+(v1*((v2^-0.722)-0.306))))-2.19)*((-0.311-(-0.384/v2))^-1.77))
3585.155527114868,0.16578540609578252,30.0,0.0,15.0,-0.9929761369925222,true,0.02222974080645257,0.01879396380842467,7.0,(0.000779426978413772+(((v2+(v1*((v2*(v2--2.37757548000245))^-0.704963033083586)))-1.1210622502347)*((-0.22194392206096-(-0.2745337081912/v2))^-1.73825826848089))),-0.9994971861092026,3.472463601540186e-5,0.016106949008064312,3.472463601540186e-5,102.0,0.003671306886352164,(0.000779+(((v2+(v1*((v2*(v2--2.38))^-0.705)))-1.12)*((-0.222-(-0.275/v2))^-1.74)))
3554.845848083496,0.16578539184281177,30.0,0.0,47.0,-0.9929761369925222,true,0.02222973974125453,0.01879395743773868,7.0,(0.000779427531821813+(((v2+(v1*((v2*(v2--2.37757547163563))^-0.704963029065422)))-1.12106225221714)*(((0.274533708076622/v2)-0.221943921845379)^-1.73825826615376))),-0.999497186101731,3.4724636531391915e-5,0.01610695273177138,3.4724636531391915e-5,102.0,0.003671307103380147,(0.000779+(((v2+(v1*((v2*(v2--2.38))^-0.705)))-1.12)*(((0.275/v2)-0.222)^-1.74)))
2839.0506460666656,0.17528947228926145,30.0,0.0,806.0,-0.9938855656204038,true,0.020951424264082308,0.017467005459923805,7.0,((((v1*(-0.0265938824187935+(0.0730497621989791/v2)))+((v2+v2)^0.11574214697836))-1.09596993583826)*(((0.12412012426313/v2)-0.0956363050140568)^-2.03201193486666)),-0.9994904731970782,3.51882338482975e-5,0.01789380654319776,3.51882338482975e-5,76.0,0.0037355622027169834,((((v1*(-0.0266+(0.073/v2)))+((v2+v2)^0.116))-1.1)*(((0.124/v2)-0.0956)^-2.03))
3037.7479519844055,0.1694099819768516,30.0,0.0,594.0,-0.9940554588805576,true,0.027888277447296383,0.019854976310356334,7.0,((-2.25041731850143+((v1*(((0.000163113054942098+v2)^-0.759403806716785)-0.135114669432967))+(v2+v2)))*((-0.323697058070014-(-0.410190419207534/v2))^-1.77782869352766)),-0.9994264418939138,3.961027495867242e-5,0.020208796406576888,3.961027495867242e-5,81.0,0.0037883502318066054,((-2.25+((v1*(((0.000163+v2)^-0.759)-0.135))+(v2+v2)))*((-0.324-(-0.41/v2))^-1.78))
1538.049665927887,0.16765090274775574,30.0,0.0,2227.0,-0.9930385977499315,true,0.02125130608604875,0.027331252213173434,7.0,((((v1*((v2^-0.721189823806234)-0.305380479155906))+(v2+(v2^0.694994823955137)))-2.19491376152931)*(((0.383351925111442/v2)-0.311157168336225)^-1.76595396393867)),-0.9994947350725168,3.489390611379903e-5,0.02328752651619116,3.489390611379903e-5,76.0,0.003957193259510536,((((v1*((v2^-0.721)-0.305))+(v2+(v2^0.695)))-2.19)*(((0.383/v2)-0.311)^-1.77))
3588.1695189476013,0.1750812355512807,30.0,1.0,12.0,-0.994052960450261,true,0.023409678712776993,0.017670791057500627,7.0,((((v2^0.120374130465083)+((v2-v1)*((-0.0771051988297418/v2)--0.0219444913418609)))-0.960043546919408)*((-0.0976213079302316+(0.12845878569958/v2))^-2.02359383858658)),-0.9994711664454712,3.6521569968208676e-5,0.015106863775682875,3.6521569968208676e-5,106.0,0.0037001928025082393,((((v2^0.12)+((v2-v1)*((-0.0771/v2)--0.0219)))-0.96)*((-0.0976+(0.128/v2))^-2.02))
3225.4932329654694,0.1693040568143997,30.0,0.0,394.0,-0.9940554588805576,true,0.027871434722409882,0.01985600317472661,7.0,((-2.25044820762803+((v1*(-0.135066054304827+((0.000162516869898714+v2)^-0.759391623243148)))+(v2+v2)))*(((0.41020292335617/v2)-0.323722651593288)^-1.77777653798152)),-0.9994263911507008,3.961377931611834e-5,0.02016901182936951,3.961377931611834e-5,81.0,0.0037888374069580976,((-2.25+((v1*(-0.135+((0.000163+v2)^-0.759)))+(v2+v2)))*(((0.41/v2)-0.324)^-1.78))
3297.367635011673,0.16924781518195042,30.0,0.0,318.0,-0.9940154839958155,true,0.027875425199361814,0.019845131273932094,7.0,((((v1*(-0.135089105712006+((0.000169585736829997+v2)^-0.759426560348263)))+(v2+v2))-2.25043534797518)*((-0.323792693334854+(0.410240326318294/v2))^-1.7776853170772)),-0.9994263822977586,3.961439070574378e-5,0.02037419668070198,3.961439070574378e-5,81.0,0.0037919838555683,((((v1*(-0.135+((0.00017+v2)^-0.759)))+(v2+v2))-2.25)*((-0.324+(0.41/v2))^-1.78))
1597.140466928482,0.16833479805541632,30.0,0.0,2160.0,-0.9931360365314903,true,0.02137026968659078,0.027151733476468834,7.0,((((v1*(-0.3034459972045+(v2^-0.721790037534829)))+(v2+(v2^0.69840082697716)))-2.1955604488576)*((-0.311338342450031+(0.383718813947936/v2))^-1.7662474761132)),-0.9994945864143024,3.490417254135837e-5,0.023162500896110112,3.490417254135837e-5,76.0,0.003951295322882557,((((v1*(-0.303+(v2^-0.722)))+(v2+(v2^0.698)))-2.2)*((-0.311+(0.384/v2))^-1.77))
1917.6501278877258,0.1668864170413123,30.0,0.0,1803.0,-0.992876199780667,true,0.021769686368038832,0.026322286255554078,7.0,((((1.04807131991503*v2)+(v1*((v2*(v2--2.19910335004297))^-0.699653782823885)))-1.17440713867449)*((-0.229591025491095-(-0.282415939396939/v2))^-1.73216550037832)),-0.9994953084353795,3.4854309322479227e-5,0.020250909980825044,3.4854309322479227e-5,106.0,0.003852469473876386,((((1.05*v2)+(v1*((v2*(v2--2.2))^-0.7)))-1.17)*((-0.23-(-0.282/v2))^-1.73))
3594.7657449245453,0.1753693227187636,30.0,1.0,5.0,-0.993992998123148,true,0.021011988367483636,0.016293250076223925,7.0,(((((v2-v1)*(0.0150496593859509-(0.048432162856803/v2)))+(v2^0.0726638818960552))-0.975688046043911)*((-0.0773997013648035+(0.101639225051137/v2))^-2.0267878342706)),-0.9994863521290944,3.547283733350439e-5,0.015576928310551972,3.547283733350439e-5,106.0,0.003692637345473808,(((((v2-v1)*(0.015-(0.0484/v2)))+(v2^0.0727))-0.976)*((-0.0774+(0.102/v2))^-2.03))
3229.4389839172363,0.16562430775978576,30.0,0.0,390.0,-0.9930311024590425,true,0.02298444075181799,0.023201884348218065,7.0,(((v2+((v1^0.997349020278385)*((v2*(v2--2.37469124902576))^-0.705728501587987)))-1.12142141898754)*((-0.222299641011196+(0.274603523570081/v2))^-1.73739266812858)),-0.9994947413938094,3.489346956145015e-5,0.01956221471890999,3.489346956145015e-5,141.0,0.0037635572521219746,(((v2+((v1^0.997)*((v2*(v2--2.37))^-0.706)))-1.12)*((-0.222+(0.275/v2))^-1.74))
3595.582825899124,0.1623953870986819,30.0,0.0,4.0,-0.992883695071556,true,0.02036829592074141,0.029177238827829403,7.0,((-2.19032634847784+((v1*((v2^-0.716783224296)-0.319097022364477))+(v2+(v2^0.670807557445831))))*((-0.309818619539534+(0.380686347093373/v2))^-1.76376177783141)),-0.9994939467485726,3.494834824940705e-5,0.024223055700323876,3.494834824940705e-5,76.0,0.004011823127289352,((-2.19+((v1*((v2^-0.717)-0.319))+(v2+(v2^0.671))))*((-0.31+(0.381/v2))^-1.76))
3290.5138189792633,0.16307117567814736,30.0,0.0,325.0,-0.993001121295486,true,0.02265235020250944,0.02270303375222529,7.0,(((v2+((v1^0.995373935907692)*((v2*(2.37215565808578+v2))^-0.70382485392936)))-1.12252306801286)*((-0.222453738747674+(0.274398406591204/v2))^-1.73467723584246)),-0.9994939026994691,3.495139030753375e-5,0.018647297156154322,3.495139030753375e-5,141.0,0.003739150558753151,(((v2+((v1^0.995)*((v2*(2.37+v2))^-0.704)))-1.12)*((-0.222+(0.274/v2))^-1.73))
3231.175789117813,0.1694786505007534,30.0,0.0,388.0,-0.9940154839958155,true,0.027880208119497152,0.019878094170083124,7.0,(((v2+(v2+(v1*(-0.135054237283019+((0.000167262194512919+v2)^-0.759393532016358)))))-2.25045101767347)*((-0.323676089024988-(-0.410178145098369/v2))^-1.77780673099448)),-0.9994264460093416,3.960999074469886e-5,0.02035896245598721,3.960999074469886e-5,81.0,0.003790313597606116,(((v2+(v2+(v1*(-0.135+((0.000167+v2)^-0.759)))))-2.25)*((-0.324-(-0.41/v2))^-1.78))
2468.23597407341,0.17334676790319012,30.0,0.0,1203.0,-0.9938455907356617,true,0.02084231515237822,0.01755779559382151,7.0,(((((v2*v2)^0.0574705116943406)+(v1*((0.0669892637217555/v2)-0.024444575330364)))-1.0113826961513)*((-0.0916116490750687-(-0.118906957467647/v2))^-2.03223552072067)),-0.9994900390978841,3.5218213005163564e-5,0.017960148250273783,3.5218213005163564e-5,81.0,0.0037386890138261094,(((((v2*v2)^0.0575)+(v1*((0.067/v2)-0.0244)))-1.01)*((-0.0916-(-0.119/v2))^-2.03))
1384.0092039108276,0.17218154022173734,30.0,0.0,2403.0,-0.9930136134469678,true,0.02171849277047133,0.026331387129329,7.0,(((v2+(v1*(-0.153265565932342+(0.923975192133125/((v2+v2)^0.693747893397405)))))-1.11825439894607)*((-0.22308320261938-(-0.274575557007453/v2))^-1.73497103571039)),-0.9994930629682828,3.50093826588398e-5,0.021835820665052883,3.50093826588398e-5,91.0,0.0038898588962409495,(((v2+(v1*(-0.153+(0.924/((v2+v2)^0.694)))))-1.12)*((-0.223-(-0.275/v2))^-1.73))
3595.560446023941,0.3133862103198494,30.0,0.0,4.0,-0.9925539022724342,true,0.019414373439116117,0.042350862444928306,7.0,((((v1*((v2^-0.427562392941341)-0.62492555970526))+(v2+(0.0223483391655465/v2)))-1.12223848539778)*(((0.251016505982108/v2)-0.217258560284578)^-1.60516171340329)),-0.9994488769088397,3.806089905327361e-5,0.03418916007890839,3.806089905327361e-5,76.0,0.004479209720298665,((((v1*((v2^-0.428)-0.625))+(v2+(0.0223/v2)))-1.12)*(((0.251/v2)-0.217)^-1.61))
295.34791111946106,0.17735151502518545,30.0,0.0,3700.0,-0.9938231048629943,true,0.021019993051540842,0.0176760430501299,7.0,((((v1*(-0.0259379208337597+(0.0706843811572896/v2)))+((v2+v2)^0.112021324699291))-1.09269867153867)*((-0.0940936340838788+(0.12208079825236/v2))^-2.03237479939475)),-0.9994905613637589,3.518214500319093e-5,0.018044800851425884,3.518214500319093e-5,76.0,0.0037444414485250078,((((v1*(-0.0259+(0.0707/v2)))+((v2+v2)^0.112))-1.09)*((-0.0941+(0.122/v2))^-2.03))
1575.0231800079346,0.1744114660527267,30.0,0.0,2185.0,-0.9938855656204038,true,0.020703194396912095,0.017702955912898624,7.0,((((v1*(-0.0244300899268849+(0.066959066365767/v2)))+((v2*v2)^0.0574351396458429))-1.01138399384589)*((-0.0916344410475633+(0.118913253479197/v2))^-2.03208152223749)),-0.9994900325376268,3.5218666060565176e-5,0.018008326367093964,3.5218666060565176e-5,81.0,0.0037506261118149097,((((v1*(-0.0244+(0.067/v2)))+((v2*v2)^0.0574))-1.01)*((-0.0916+(0.119/v2))^-2.03))
1852.654648065567,0.17440139297542553,30.0,0.0,1875.0,-0.9938855656204038,true,0.020704037423035226,0.01770467144411019,7.0,((((v1*(-0.0244254645281657+(0.0669422584612201/v2)))+(v2*(v2^-0.8851606943339)))-1.01138058425463)*((-0.0916228969994891+(0.118897996368695/v2))^-2.03208459971684)),-0.9994900325070797,3.5218668170164516e-5,0.0180090697422596,3.5218668170164516e-5,86.0,0.0037506662880758975,((((v1*(-0.0244+(0.0669/v2)))+(v2*(v2^-0.885)))-1.01)*((-0.0916+(0.119/v2))^-2.03))
3418.8022079467773,0.17595212820103442,30.0,1.0,190.0,-0.9939580200989988,true,0.021026398860575224,0.015618175350354476,7.0,(((((v2-v1)*(0.0132459730622992+(-0.0418900990087303/v2)))+(v2^0.0623150122376476))-0.979114326061083)*(((0.0945347942397577/v2)-0.0720115778998123)^-2.0275283092033)),-0.9994872406635569,3.5411474597980216e-5,0.015811890141110382,3.5411474597980216e-5,106.0,0.003709663746350203,(((((v2-v1)*(0.0132+(-0.0419/v2)))+(v2^0.0623))-0.979)*(((0.0945/v2)-0.072)^-2.03))
2948.6330831050873,0.17916768836943348,30.0,0.0,689.0,-0.9938231048629943,true,0.02107996564622161,0.017432211151292055,7.0,(((((v2+v2)^0.111634319280871)+(v1*((0.0704381882009013/v2)-0.0258726142356278)))-1.09235580271012)*((-0.0939382901240781+(0.121874859662232/v2))^-2.03241193281493)),-0.9994905158528522,3.5185288014355295e-5,0.018065244024914762,3.5185288014355295e-5,76.0,0.0037437882390211844,(((((v2+v2)^0.112)+(v1*((0.0704/v2)-0.0259)))-1.09)*((-0.0939+(0.122/v2))^-2.03))
3598.4773869514465,0.17151305017872626,30.0,0.0,1.0,-0.9927237955325879,true,0.02279064316642615,0.023713458895683243,7.0,((-2.22639356983956+(((v1^1.03377565230307)*(-0.158236629769988+(v2^-0.763957663347136)))+(v2+v2)))*((-0.330177345778926+(0.416320540339685/v2))^-1.78282755298745)),-0.9994468356835575,3.820186732452963e-5,0.019185677361813286,3.820186732452963e-5,91.0,0.004179876100556422,((-2.23+(((v1^1.03)*(-0.158+(v2^-0.764)))+(v2+v2)))*((-0.33+(0.416/v2))^-1.78))
3019.8226170539856,0.17782019162016965,30.0,0.0,613.0,-0.9937831299782524,true,0.02103662480476265,0.017541514732000815,7.0,((((v1*(-0.0256784178297123-(-0.0697650310806142/v2)))+((v2+v2)^0.110574626689684))-1.09143087461481)*((-0.093485882206448-(-0.121278057939714/v2))^-2.03251604271903)),-0.9994904886838006,3.518716432573722e-5,0.018103292748622175,3.518716432573722e-5,76.0,0.0037482842864259747,((((v1*(-0.0257-(-0.0698/v2)))+((v2+v2)^0.111))-1.09)*((-0.0935-(-0.121/v2))^-2.03))
2917.891874074936,0.16943861131702417,30.0,0.0,722.0,-0.9940154839958155,true,0.027880567895634423,0.019872161027773644,7.0,(((v2+(v2+(v1*(-0.135062789313797+((0.000167178905469778+v2)^-0.759396899753164)))))-2.25044652307997)*((-0.323687736063553+(0.410183969517596/v2))^-1.77779814925018)),-0.9994264401936692,3.961039237860745e-5,0.02035039121688599,3.961039237860745e-5,81.0,0.0037902799957740636,(((v2+(v2+(v1*(-0.135+((0.000167+v2)^-0.759)))))-2.25)*((-0.324+(0.41/v2))^-1.78))
684.2238318920135,0.16656879165999006,30.0,0.0,3231.0,-0.9930385977499315,true,0.021053037071911473,0.027712577367348543,7.0,((((v1*((v2^-0.720181003611505)-0.308606825082808))+(v2+(v2^0.68931322739965)))-2.19383499813481)*((-0.310852774529194+(0.382737015431758/v2))^-1.76545801891511)),-0.9994948455531931,3.488627625046957e-5,0.023495944583190233,3.488627625046957e-5,76.0,0.0039672465587105585,((((v1*((v2^-0.72)-0.309))+(v2+(v2^0.689)))-2.19)*((-0.311+(0.383/v2))^-1.77))
3596.5527279376984,0.31338617211709685,30.0,0.0,3.0,-0.9925539022724342,true,0.019414372733468355,0.04235085466295651,7.0,((((v1*((v2^-0.427562395890734)-0.624925560268856))+(v2+(0.0223483372276317/v2)))-1.1222384830613)*((-0.21725856168711+(0.251016506880026/v2))^-1.60516171078827)),-0.9994488769074591,3.806089914861876e-5,0.03418915685354443,3.806089914861876e-5,76.0,0.004479209628431837,((((v1*((v2^-0.428)-0.625))+(v2+(0.0223/v2)))-1.12)*((-0.217+(0.251/v2))^-1.61))
2946.7541251182556,0.1693096970956777,30.0,0.0,691.0,-0.9940554588805576,true,0.02788939966676124,0.019843139083803283,7.0,((((v1*(-0.135139708663708+((0.000163928321496236+v2)^-0.759425909208598)))+(v2+v2))-2.25040575580856)*(((0.410223703227163/v2)-0.323755322300512)^-1.77777859395724)),-0.9994264063582919,3.961272907053402e-5,0.020207512110595748,3.961272907053402e-5,81.0,0.003789369690518176,((((v1*(-0.135+((0.000164+v2)^-0.759)))+(v2+v2))-2.25)*(((0.41/v2)-0.324)^-1.78))
1039.9780550003052,0.16579257905829647,30.0,0.0,2804.0,-0.9929761369925222,true,0.022230303799694373,0.018795502989117016,7.0,(0.00078000521238736+(((v2+(v1*((v2*(2.37758089901593+v2))^-0.704962806620196)))-1.12106188027679)*((-0.221941867522285-(-0.274532674602343/v2))^-1.73826265914569))),-0.9994971903984795,3.472433979530135e-5,0.016109384162424963,3.472433979530135e-5,102.0,0.0036712257230248125,(0.00078+(((v2+(v1*((v2*(2.38+v2))^-0.705)))-1.12)*((-0.222-(-0.275/v2))^-1.74)))
3595.5809650421143,0.16273456427295385,30.0,0.0,4.0,-0.9929436573986693,true,0.021127512820863392,0.027496023588428897,7.0,((((v1*(-0.304275481754698+(v2^-0.721296967597402)))+(v2+(v2^0.696810636018964)))-2.19528995902981)*((-0.31113947424645-(-0.383440045587715/v2))^-1.76599250806284)),-0.9994944683237119,3.491232795004816e-5,0.023315264245903317,3.491232795004816e-5,76.0,0.003943664071411769,((((v1*(-0.304+(v2^-0.721)))+(v2+(v2^0.697)))-2.2)*((-0.311-(-0.383/v2))^-1.77))
1952.6385180950165,0.16941079376088436,30.0,0.0,1765.0,-0.9940154839958155,true,0.027879490288456654,0.019852617979063205,7.0,((((v1*(((0.000166215219965697+v2)^-0.75939566329956)-0.135084705202823))+(v2+v2))-2.25043295060557)*((-0.323700413396399+(0.410188089758845/v2))^-1.77778920509945)),-0.9994264501362512,3.960970573779539e-5,0.02030750540239887,3.960970573779539e-5,81.0,0.0037891671489349295,((((v1*(((0.000166+v2)^-0.759)-0.135))+(v2+v2))-2.25)*((-0.324+(0.41/v2))^-1.78))
3317.259546995163,0.16556357666698773,30.0,0.0,297.0,-0.9929861307137077,true,0.020836887416454286,0.028124848807298104,7.0,((-2.19264583394379+((v1*((v2^-0.71905849678505)-0.312163676124864))+(v2+(v2^0.683044720722996))))*((-0.310513340988295-(-0.382054566321814/v2))^-1.76490328615808)),-0.9994947815232834,3.489069819534543e-5,0.023728011247874475,3.489069819534543e-5,76.0,0.003980259851115051,((-2.19+((v1*((v2^-0.719)-0.312))+(v2+(v2^0.683))))*((-0.311-(-0.382/v2))^-1.76))
3317.28381896019,0.1788052154123497,30.0,0.0,297.0,-0.9937831299782524,true,0.02106833684359599,0.0174624438778148,7.0,(((((v2+v2)^0.111363882719719)+(v1*(-0.0258231117068963+(0.0702663924872098/v2))))-1.09211970621062)*((-0.0938229595799429+(0.121722709391259/v2))^-2.03243849918279)),-0.999490520525232,3.518496533693441e-5,0.01807494598306966,3.518496533693441e-5,76.0,0.003744956471723424,(((((v2+v2)^0.111)+(v1*(-0.0258+(0.0703/v2))))-1.09)*((-0.0938+(0.122/v2))^-2.03))
3587.106355905533,0.17609355573550325,30.0,0.0,13.0,-0.9938630797477364,true,0.020978347188800373,0.017714805489930527,7.0,(((((v2+v2)^0.112552596962819)+(v1*(-0.026030152862891-(-0.0710221861624942/v2))))-1.09316701774157)*(((0.122369026737398/v2)-0.0943114211429662)^-2.03232344715965)),-0.9994905000437994,3.5186379797245104e-5,0.01802033829071812,3.5186379797245104e-5,76.0,0.003744114747068548,(((((v2+v2)^0.113)+(v1*(-0.026-(-0.071/v2))))-1.09)*(((0.122/v2)-0.0943)^-2.03))
3104.409229040146,0.1693595802449327,30.0,0.0,523.0,-0.9940554588805576,true,0.027866178654878504,0.01986089404973784,7.0,((-2.25046147540846+(v2+(v2+(v1*(-0.135039392541486+((0.000161657481744568+v2)^-0.759370277085152))))))*((-0.323683597622088+(0.410179217752772/v2))^-1.77780251349839)),-0.9994264122269432,3.9612323777881384e-5,0.020156667740768915,3.9612323777881384e-5,81.0,0.003787876315511043,((-2.25+(v2+(v2+(v1*(-0.135+((0.000162+v2)^-0.759))))))*((-0.324+(0.41/v2))^-1.78))
1788.5424220561981,0.16579349369701776,30.0,0.0,1946.0,-0.9929761369925222,true,0.022229729533092768,0.01879524059339631,7.0,(0.000780284385776507+(((v2+(v1*((v2*(2.37758254025962+v2))^-0.704960812514104)))-1.12106237793645)*((-0.22194084131271+(0.274531962573289/v2))^-1.7382626089863))),-0.9994971901759485,3.47243551634342e-5,0.016110752464209083,3.47243551634342e-5,102.0,0.003671221149718246,(0.00078+(((v2+(v1*((v2*(2.38+v2))^-0.705)))-1.12)*((-0.222+(0.275/v2))^-1.74)))
2461.648402929306,0.16942415250529586,30.0,0.0,1210.0,-0.9939805059716661,true,0.027871827706918595,0.0198396626196315,7.0,((((v1*(-0.135086750160641+((0.000172178722525153+v2)^-0.759422489443252)))+(v2+v2))-2.25043264547631)*((-0.323786485203899-(-0.410234861851251/v2))^-1.77766546530768)),-0.999426431898574,3.961096524297324e-5,0.02045620978700293,3.961096524297324e-5,81.0,0.0037918963823804766,((((v1*(-0.135+((0.000172+v2)^-0.759)))+(v2+v2))-2.25)*((-0.324-(-0.41/v2))^-1.78))
2833.399204015732,0.16935946752356393,30.0,0.0,812.0,-0.9939805059716661,true,0.027878299575304022,0.0198395770307059,7.0,((-2.25042303338051+((v1*(-0.135105786065282+((0.00017055661104608+v2)^-0.759428055114595)))+(v2+v2)))*((-0.323784828129321+(0.410235419958707/v2))^-1.77769093376397)),-0.9994264204362466,3.961175683834368e-5,0.02040825858331067,3.961175683834368e-5,81.0,0.0037915812799260095,((-2.25+((v1*(-0.135+((0.000171+v2)^-0.759)))+(v2+v2)))*((-0.324+(0.41/v2))^-1.78))
3537.6080141067505,0.1631325975875121,30.0,0.0,65.0,-0.9930086165863751,true,0.021443866927594202,0.026654685509868305,7.0,((v2+(((v1*(-0.298408432072289+(v2^-0.723069308870826)))+(v2^0.707195505834192))-2.19724137645596))*(((0.384542365860881/v2)-0.3116906912558)^-1.76682320135185)),-0.9994942801391168,3.492532409373194e-5,0.0229337255124008,3.492532409373194e-5,76.0,0.003919083859475976,((v2+(((v1*(-0.298+(v2^-0.723)))+(v2^0.707))-2.2))*(((0.385/v2)-0.312)^-1.77))
3030.20046210289,0.16943038501603502,30.0,0.0,602.0,-0.9939805059716661,true,0.02787665179867599,0.019842903633510933,7.0,(((v2+(v2+(v1*(-0.135095488847331+((0.000170020688706833+v2)^-0.759416849669662)))))-2.25042728229375)*(((0.41022069945591/v2)-0.32375925350373)^-1.77771122964882)),-0.9994264418767611,3.96102761432494e-5,0.020400962642196683,3.96102761432494e-5,81.0,0.0037909039418419343,(((v2+(v2+(v1*(-0.135+((0.00017+v2)^-0.759)))))-2.25)*(((0.41/v2)-0.324)^-1.78))
3575.6748480796814,0.16508289249341765,30.0,0.0,25.0,-0.9929861307137077,true,0.02073808295785856,0.02831465403705336,7.0,(((v2+((v2^0.680208450106039)+(v1*(-0.313773897924772+(v2^-0.718546056945123)))))-2.19210714138123)*(((0.38174431280322/v2)-0.310359017151864)^-1.7646482833955)),-0.9994946959246767,3.489660968767867e-5,0.023835030217763818,3.489660968767867e-5,76.0,0.0039867240424023825,(((v2+((v2^0.68)+(v1*(-0.314+(v2^-0.719)))))-2.19)*(((0.382/v2)-0.31)^-1.76))
3323.7869589328766,0.1884586315028261,30.0,0.0,290.0,-0.9944327218553106,true,0.025798239315521776,0.014059687058316318,7.0,((((v2^0.299142117475561)+(v1*((-0.0396018393334943*v2)-(-0.142237390258799/v2))))-1.02579608061737)*((-0.133762712792167-(-0.17675446632489/v2))^-2.00933562552555)),-0.9993924223812858,4.1959683388013824e-5,0.015322366351087465,4.1959683388013824e-5,86.0,0.00404451896386581,((((v2^0.299)+(v1*((-0.0396*v2)-(-0.142/v2))))-1.03)*((-0.134-(-0.177/v2))^-2.01))
3422.4292919635773,0.18838878863557826,30.0,0.0,186.0,-0.994402740691754,true,0.02596434065491937,0.013972011849125748,7.0,((((v1*((-0.0394565419297564*v2)-(-0.142483294194699/v2)))+(v2^0.299705963594928))-1.02594266785649)*((-0.133816165138469+(0.176900739702064/v2))^-2.00944701554635)),-0.999392640978595,4.194458692362213e-5,0.015240897709664008,4.194458692362213e-5,86.0,0.004036299714367701,((((v1*((-0.0395*v2)-(-0.142/v2)))+(v2^0.3))-1.03)*((-0.134+(0.177/v2))^-2.01))
3246.448546886444,0.17527069950756313,30.0,0.0,372.0,-0.9938855656204038,true,0.020950829808150162,0.017470665099568974,7.0,(((((v2+v2)^0.11569781842076)+(v1*((0.0730215813074271/v2)-0.0265860421955919)))-1.09593098323737)*(((0.124095788528571/v2)-0.0956178881356293)^-2.0320162840711)),-0.999490470449327,3.518842360967888e-5,0.017895493532102666,3.518842360967888e-5,76.0,0.0037357110200628755,(((((v2+v2)^0.116)+(v1*((0.073/v2)-0.0266)))-1.1)*(((0.124/v2)-0.0956)^-2.03))
3455.0606479644775,0.16922961348982787,30.0,0.0,152.0,-0.9940554588805576,true,0.027874872987842914,0.01984853089508168,7.0,((((v1*(((0.000166129806356107+v2)^-0.759417744688147)-0.135086658953131))+(v2+v2))-2.25043794786552)*(((0.410233087527362/v2)-0.323776758662718)^-1.77771818351122)),-0.9994263701454624,3.961522995077724e-5,0.020266318355165305,3.961522995077724e-5,81.0,0.0037908339944762153,((((v1*(((0.000166+v2)^-0.759)-0.135))+(v2+v2))-2.25)*(((0.41/v2)-0.324)^-1.78))
2949.5820729732513,0.17595816564438718,30.0,0.0,688.0,-0.9938630797477364,true,0.020973975198190664,0.01771177086096185,7.0,(((((v2+v2)^0.112346891895855)+(v1*(-0.0259930141754287+(0.0708914729304189/v2))))-1.09298695924941)*(((0.12225440007637/v2)-0.0942245909608218)^-2.03234363400984)),-0.9994904768404888,3.518798223212589e-5,0.018027993944769956,3.518798223212589e-5,76.0,0.0037448549373598106,(((((v2+v2)^0.112)+(v1*(-0.026+(0.0709/v2))))-1.09)*(((0.122/v2)-0.0942)^-2.03))
3206.746146917343,0.16846602118164591,30.0,0.0,414.0,-0.9928462186171105,true,0.021391455115868152,0.026854308889069,7.0,(((v2+(v1*((v2*((1.1247366420534*v2)--2.33305092075021))^-0.694789701254463)))-1.12023340268745)*((-0.223984683519207+(0.274794258572454/v2))^-1.72859561704195)),-0.9994959228463226,3.481187772550524e-5,0.020885127193342873,3.481187772550524e-5,121.0,0.0038847443386651115,(((v2+(v1*((v2*((1.12*v2)--2.33))^-0.695)))-1.12)*((-0.224+(0.275/v2))^-1.73))
3316.2536749839783,0.18887174253689715,30.0,0.0,298.0,-0.994402740691754,true,0.025684774293543655,0.014103535145794918,7.0,((-1.026012355438+((v1*((-0.0395651298880715*v2)-(-0.142910295328851/v2)))+(v2^0.300691468944806)))*((-0.134098558581031+(0.177209879073254/v2))^-2.00918025248783)),-0.9993925446847587,4.195123703508144e-5,0.01539217944406725,4.195123703508144e-5,86.0,0.004051102571571632,((-1.03+((v1*((-0.0396*v2)-(-0.143/v2)))+(v2^0.301)))*((-0.134+(0.177/v2))^-2.01))
3598.5390050411224,0.16894333755289911,30.0,0.0,1.0,-0.9939805059716661,true,0.027879807912654264,0.01983506028874698,7.0,((((v1*(((0.000175355364778431+v2)^-0.759497398270258)-0.13512864282199))+(v2+v2))-2.25042227391569)*((-0.32395854926016-(-0.410337377658894/v2))^-1.7775266852456)),-0.9994262498118324,3.962354026515017e-5,0.02049327643184832,3.962354026515017e-5,81.0,0.003797388053654182,((((v1*(((0.000175+v2)^-0.759)-0.135))+(v2+v2))-2.25)*((-0.324-(-0.41/v2))^-1.78))
3491.965887069702,0.17588556624979212,30.0,1.0,113.0,-0.9939580200989988,true,0.021022210636913674,0.015582430666517962,7.0,(((((v2-v1)*(0.0131208297223827+(-0.0414471600499508/v2)))+(v2^0.0616216354198254))-0.979344393020049)*((-0.0716301749284634-(-0.094031620242443/v2))^-2.02757417532847)),-0.9994872693015874,3.5409496838012456e-5,0.015816103866735418,3.5409496838012456e-5,106.0,0.003710553702552019,(((((v2-v1)*(0.0131+(-0.0414/v2)))+(v2^0.0616))-0.979)*((-0.0716-(-0.094/v2))^-2.03))
2477.518345117569,0.16535910399637962,30.0,0.0,1193.0,-0.9929861307137077,true,0.020811935334137555,0.028175226636440363,7.0,((-2.19251937268096+((v1*(-0.31254053854896+(v2^-0.718938097922702)))+(v2+(v2^0.682384190673237))))*(((0.381982312046736/v2)-0.310477965101464)^-1.76484266201777)),-0.9994947645885671,3.489186771724518e-5,0.023753987312899832,3.489186771724518e-5,76.0,0.003981580090071821,((-2.19+((v1*(-0.313+(v2^-0.719)))+(v2+(v2^0.682))))*(((0.382/v2)-0.31)^-1.76))
3456.7898099422455,0.16509455044510332,30.0,0.0,150.0,-0.9929861307137077,true,0.020740539043903883,0.028309938763288873,7.0,(((v2+((v2^0.680279054471074)+(v1*(-0.313733816696008+(v2^-0.71855884011761)))))-2.1921205510354)*((-0.310362866528292-(-0.381752046275515/v2))^-1.76465465372965)),-0.9994946984924117,3.4896432358324855e-5,0.023832307758458186,3.4896432358324855e-5,76.0,0.00398653439151012,(((v2+((v2^0.68)+(v1*(-0.314+(v2^-0.719)))))-2.19)*((-0.31-(-0.382/v2))^-1.76))
2406.3043808937073,0.17886299222531474,30.0,0.0,1270.0,-0.9937831299782524,true,0.02107018366691843,0.01745764310494639,7.0,((((v1*(-0.0258310843792347+(0.0702940486294015/v2)))+((v2+v2)^0.111407418475961))-1.09215771071598)*((-0.0938415323030646-(-0.121747210568282/v2))^-2.03243422103579)),-0.999490520374715,3.5184975731733184e-5,0.018073378241103062,3.5184975731733184e-5,76.0,0.0037447687616816243,((((v1*(-0.0258+(0.0703/v2)))+((v2+v2)^0.111))-1.09)*((-0.0938-(-0.122/v2))^-2.03))
3467.1693770885468,0.16956416191132764,30.0,0.0,139.0,-0.9930535883317099,true,0.02186388965281094,0.026825522681306502,7.0,((((v1*(-0.295702839811698+(v2^-0.710909406626446)))+((v2+v2)^0.90864845820301))-2.07566971177356)*((-0.310346029720819+(0.381722117439982/v2))^-1.75475724617611)),-0.999493676363454,3.4967021211705785e-5,0.022890659740963267,3.4967021211705785e-5,76.0,0.0039055212670269027,((((v1*(-0.296+(v2^-0.711)))+((v2+v2)^0.909))-2.08)*((-0.31+(0.382/v2))^-1.75))
2607.640739917755,0.17873879509635468,30.0,0.0,1053.0,-0.9937831299782524,true,0.021066212002005757,0.017467942353801565,7.0,(((((v2+v2)^0.111313487687892)+(v1*(-0.0258138817913593+(0.0702343790837164/v2))))-1.09207571495132)*((-0.0938014579808432-(-0.121694344587669/v2))^-2.03244345126777)),-0.9994905204290897,3.518497197657803e-5,0.01807676012383202,3.518497197657803e-5,76.0,0.003745173199342876,(((((v2+v2)^0.111)+(v1*(-0.0258+(0.0702/v2))))-1.09)*((-0.0938-(-0.122/v2))^-2.03))
2839.922327041626,0.16831815296203145,30.0,0.0,805.0,-0.9931360365314903,true,0.021367424495301046,0.027155506922466408,7.0,((v2+(((v1*((v2^-0.721775724077802)-0.303492262197023))+(v2^0.698319374516418))-2.19554498385485))*(((0.383710055430571/v2)-0.311334021359232)^-1.76624049049253)),-0.9994945907181321,3.4903875316244557e-5,0.023165491373458084,3.4903875316244557e-5,76.0,0.003951435291913455,((v2+(((v1*((v2^-0.722)-0.303))+(v2^0.698))-2.2))*(((0.384/v2)-0.311)^-1.77))
2929.0039200782776,0.18898278668570453,30.0,0.0,710.0,-0.994402740691754,true,0.025666872143931985,0.014119245389848229,7.0,((-1.02603403146699+((v1*((-0.0395623996281636*v2)-(-0.142979076886461/v2)))+(v2^0.300849226870515)))*((-0.134133193046038-(-0.17725676219587/v2))^-2.00916437641779)),-0.9993925574511302,4.1950355381632084e-5,0.015396732536315376,4.1950355381632084e-5,86.0,0.004051777417258995,((-1.03+((v1*((-0.0396*v2)-(-0.143/v2)))+(v2^0.301)))*((-0.134-(-0.177/v2))^-2.01))
3586.126426935196,0.16311946616671458,30.0,0.0,14.0,-0.992883695071556,true,0.020258282677747708,0.02953093074813648,7.0,((((v2^0.666281815777057)+(v2+(v1*((v2^-0.715998629245421)-0.321677368843615))))-2.18946229730852)*(((0.380209041948674/v2)-0.309592305160301)^-1.76336992865395)),-0.9994938034443778,3.495824492508702e-5,0.024369086569681512,3.495824492508702e-5,76.0,0.004024677555495234,((((v2^0.666)+(v2+(v1*((v2^-0.716)-0.322))))-2.19)*(((0.38/v2)-0.31)^-1.76))
3041.39982008934,0.16942484216884227,30.0,0.0,590.0,-0.9940554588805576,true,0.027886877615078354,0.019852754389831122,7.0,((-2.25041740983701+((v1*(((0.000162158807850114+v2)^-0.759397423331769)-0.13511347700622))+(v2+v2)))*((-0.323687657404818+(0.41018457047519/v2))^-1.77783887891078)),-0.9994264484995246,3.9609818771142716e-5,0.020179689467022085,3.9609818771142716e-5,81.0,0.0037876947038765862,((-2.25+((v1*(((0.000162+v2)^-0.759)-0.135))+(v2+v2)))*((-0.324+(0.41/v2))^-1.78))
3599.4103400707245,0.1755637858780175,30.0,1.0,0.0,-0.9939580200989988,true,0.021004187439634614,0.01604208140412208,7.0,(((((v2-v1)*((-0.0445311148896718/v2)--0.0139840332550146))+(v2^0.0664705891940167))-0.977737186030856)*(((0.0974586437081098/v2)-0.0742318781467457)^-2.02721649654889)),-0.9994869814826541,3.5429373790258405e-5,0.01568895304879748,3.5429373790258405e-5,106.0,0.003701054044847175,(((((v2-v1)*((-0.0445/v2)--0.014))+(v2^0.0665))-0.978)*(((0.0975/v2)-0.0742)^-2.03))
3599.4196600914,0.17546454955992233,30.0,1.0,0.0,-0.993992998123148,true,0.021050152738718853,0.0162754849202192,7.0,(((((v2-v1)*(0.0148668632294512-(0.0477718956175083/v2)))+(v2^0.0716178277476863))-0.976033833538579)*(((0.100941700170524/v2)-0.0768642084161993)^-2.02690831504109)),-0.9994865106131512,3.546189232723791e-5,0.015614741794835527,3.546189232723791e-5,106.0,0.0036931954939999844,(((((v2-v1)*(0.0149-(0.0478/v2)))+(v2^0.0716))-0.976)*(((0.101/v2)-0.0769)^-2.03))
3599.4687869548798,0.1755117752435066,30.0,1.0,0.0,-0.9939880012625553,true,0.021022356636409112,0.016134027960885162,7.0,(((((v2-v1)*((-0.0460469099656367/v2)--0.0143997957633039))+(v2^0.068871777202))-0.976942207110784)*((-0.0754751814094581+(0.0991025804508884/v2))^-2.02706886191659)),-0.9994867883427477,3.5442712150780685e-5,0.015650667088349755,3.5442712150780685e-5,106.0,0.003697023339281205,(((((v2-v1)*((-0.046/v2)--0.0144))+(v2^0.0689))-0.977)*((-0.0755+(0.0991/v2))^-2.03))
3599.504065990448,0.17543406313719367,30.0,1.0,0.0,-0.993992998123148,true,0.021014708315333308,0.016246116590283695,7.0,(((((v2-v1)*((-0.0472862264586575/v2)--0.0147389878579852))+(v2^0.0708386333967725))-0.976291511267213)*((-0.0764814814315546-(-0.100428303949742/v2))^-2.0269204422429)),-0.9994865762751152,3.545735767168906e-5,0.015611188553455434,3.545735767168906e-5,106.0,0.0036947699009512664,(((((v2-v1)*((-0.0473/v2)--0.0147))+(v2^0.0708))-0.976)*((-0.0765-(-0.1/v2))^-2.03))
1874.6404058933258,0.1743923330387763,30.0,0.0,1851.0,-0.9938855656204038,true,0.020704795821329447,0.017706226035402374,7.0,((((v1*(-0.0244212868049818+(0.0669270790898765/v2)))+((v2*v2)^0.0574056669016345))-1.01137750519712)*((-0.0916124705765764+(0.118884216419915/v2))^-2.03208737889203)),-0.9994900324569388,3.5218671632926386e-5,0.0180097422633546,3.5218671632926386e-5,81.0,0.0037507027131809955,((((v1*(-0.0244+(0.0669/v2)))+((v2*v2)^0.0574))-1.01)*((-0.0916+(0.119/v2))^-2.03))
295.34791111946106,0.17735151502518545,30.0,0.0,3700.0,-0.9938231048629943,true,0.021019993051540842,0.0176760430501299,7.0,((((v1*(-0.0259379208337597+(0.0706843811572896/v2)))+((v2+v2)^0.112021324699291))-1.09269867153867)*((-0.0940936340838788+(0.12208079825236/v2))^-2.03237479939475)),-0.9994905613637589,3.518214500319093e-5,0.018044800851425884,3.518214500319093e-5,76.0,0.0037444414485250078,((((v1*(-0.0259+(0.0707/v2)))+((v2+v2)^0.112))-1.09)*((-0.0941+(0.122/v2))^-2.03))
2400.110606908798,0.1694154914933449,30.0,0.0,1277.0,-0.9940554588805576,true,0.027887626977004754,0.019857612704215898,7.0,(((v2+(v2+(v1*(-0.135108470980591+((v2--0.00016396830481639)^-0.759404596432546)))))-2.25042083603623)*((-0.32369824403985+(0.410191035410065/v2))^-1.77782145266452)),-0.9994264417228033,3.961028677567286e-5,0.020237189745149833,3.961028677567286e-5,81.0,0.00378876816284929,(((v2+(v2+(v1*(-0.135+((v2--0.000164)^-0.759)))))-2.25)*((-0.324+(0.41/v2))^-1.78))
1384.0092039108276,0.17218154022173734,30.0,0.0,2403.0,-0.9930136134469678,true,0.02171849277047133,0.026331387129329,7.0,(((v2+(v1*(-0.153265565932342+(0.923975192133125/((v2+v2)^0.693747893397405)))))-1.11825439894607)*((-0.22308320261938-(-0.274575557007453/v2))^-1.73497103571039)),-0.9994930629682828,3.50093826588398e-5,0.021835820665052883,3.50093826588398e-5,91.0,0.0038898588962409495,(((v2+(v1*(-0.153+(0.924/((v2+v2)^0.694)))))-1.12)*((-0.223-(-0.275/v2))^-1.73))
2468.23597407341,0.17334676790319012,30.0,0.0,1203.0,-0.9938455907356617,true,0.02084231515237822,0.01755779559382151,7.0,(((((v2*v2)^0.0574705116943406)+(v1*((0.0669892637217555/v2)-0.024444575330364)))-1.0113826961513)*((-0.0916116490750687-(-0.118906957467647/v2))^-2.03223552072067)),-0.9994900390978841,3.5218213005163564e-5,0.017960148250273783,3.5218213005163564e-5,81.0,0.0037386890138261094,(((((v2*v2)^0.0575)+(v1*((0.067/v2)-0.0244)))-1.01)*((-0.0916-(-0.119/v2))^-2.03))
1386.6190440654755,0.17437940531509766,30.0,0.0,2400.0,-0.9938855656204038,true,0.020705878285397772,0.01770846352456773,7.0,((((v1*((0.0669053169340698/v2)-0.0244152965374685))+(v2*(v2^-0.885228767354223)))-1.01137309114804)*((-0.0915975210897583+(0.118864458722684/v2))^-2.03209136309862)),-0.999490032347909,3.521867916258794e-5,0.018010708373241504,3.521867916258794e-5,86.0,0.0037507551680631517,((((v1*((0.0669/v2)-0.0244))+(v2*(v2^-0.885)))-1.01)*((-0.0916+(0.119/v2))^-2.03))
3488.5895960330963,0.1885557168312378,30.0,0.0,117.0,-0.9944327218553106,true,0.026044503542198505,0.013949050623641289,7.0,((-1.0257903778165+((v1*((0.142169580979352/v2)-(0.0395585815355936*v2)))+(v2^0.29901742704251)))*((-0.133699396245041+(0.17669637406943/v2))^-2.00946488202637)),-0.9993927071351157,4.194001811368741e-5,0.015210958074055049,4.194001811368741e-5,86.0,0.004030141416632493,((-1.03+((v1*((0.142/v2)-(0.0396*v2)))+(v2^0.299)))*((-0.134+(0.177/v2))^-2.01))
2557.797168970108,0.16972551617489937,30.0,0.0,1107.0,-0.9927662688476263,true,0.020860135479150443,0.026525886944423076,7.0,(((v2+(v1*(-0.0144874986763693+((v2*(2.32866747348768+v2))^-0.692883161723656))))-1.1191759135608)*((-0.223773880367854+(0.274342300036328/v2))^-1.72736659841818)),-0.9994965146121175,3.4771010016377684e-5,0.02097042597545524,3.4771010016377684e-5,111.0,0.003903465122266466,(((v2+(v1*(-0.0145+((v2*(2.33+v2))^-0.693))))-1.12)*((-0.224+(0.274/v2))^-1.73))
3455.194771051407,0.1885566738229355,30.0,0.0,152.0,-0.9944327218553106,true,0.02604470726473551,0.013948554051845943,7.0,((-1.02578852776974+((v1*((0.142163775067559/v2)-(0.0395589184485517*v2)))+(v2^0.29900393486499)))*(((0.176692473030761/v2)-0.133696508626923)^-2.00946614821543)),-0.9993927058884361,4.194010421014929e-5,0.015210296709391119,4.194010421014929e-5,86.0,0.00403010537889289,((-1.03+((v1*((0.142/v2)-(0.0396*v2)))+(v2^0.299)))*(((0.177/v2)-0.134)^-2.01))
3338.339721918106,0.17588931074603978,30.0,1.0,275.0,-0.9938880640507002,true,0.021020464023957353,0.015525540340940891,7.0,(((((v2-v1)*(0.0130375560413493+(-0.0411521748759691/v2)))+(v2^0.0611597196231294))-0.979497652007614)*(((0.0936967925490404/v2)-0.0713764149188823)^-2.02760451568365)),-0.9994872817303224,3.5408638501939665e-5,0.01582480472884055,3.5408638501939665e-5,106.0,0.0037114541458013652,(((((v2-v1)*(0.013+(-0.0412/v2)))+(v2^0.0612))-0.979)*(((0.0937/v2)-0.0714)^-2.03))
2972.3033130168915,0.17055535158571944,30.0,0.0,664.0,-0.9929636448410403,true,0.02123165429083529,0.028555247050953234,7.0,((((v1*(-0.310819954909897+(v2^-0.706048568713069)))+((v2+v2)^0.899591546540637))-2.0589761850294)*((-0.308997552410724-(-0.37887739377463/v2))^-1.75228293463969)),-0.9994938377103391,3.495587849675957e-5,0.023811894440923288,3.495587849675957e-5,76.0,0.003957421718538652,((((v1*(-0.311+(v2^-0.706)))+((v2+v2)^0.9))-2.06)*((-0.309-(-0.379/v2))^-1.75))
1324.566421031952,0.16668399415274177,30.0,0.0,2471.0,-0.9929861307137077,true,0.020860508362890606,0.028078383207754957,7.0,((((v1*(-0.312468630842308+(v2^-0.719010162328858)))+(v2+(v2^0.682524760844792)))-2.19254390596877)*(((0.382018790419732/v2)-0.310505151721489)^-1.76488756285957)),-0.9994947011851405,3.489624639681674e-5,0.023731158354193215,3.489624639681674e-5,76.0,0.0039840426716923494,((((v1*(-0.312+(v2^-0.719)))+(v2+(v2^0.683)))-2.19)*(((0.382/v2)-0.311)^-1.76))
3335.354872941971,0.1897941896049124,30.0,0.0,278.0,-0.994402740691754,true,0.02552425340345016,0.01428502585580375,7.0,((((v1*((0.143602162441658/v2)-(0.0395322995825943*v2)))+(v2^0.302280939565659))-1.02623274273349)*(((0.177679796063943/v2)-0.134445105017636)^-2.00902084623468)),-0.9993926070732334,4.1946928448716706e-5,0.01544613931363459,4.1946928448716706e-5,86.0,0.004057890814649793,((((v1*((0.144/v2)-(0.0395*v2)))+(v2^0.302))-1.03)*(((0.178/v2)-0.134)^-2.01))
3175.6870539188385,0.1897242419491743,30.0,0.0,447.0,-0.994402740691754,true,0.02553409171690524,0.014277725493075452,7.0,((((v2^0.302209371977745)+(v1*((0.143570899448744/v2)-(0.0395333628545641*v2))))-1.02622296066038)*(((0.177658425997565/v2)-0.134429319904485)^-2.00902806114154)),-0.999392606388124,4.194697576278942e-5,0.015444737022852558,4.194697576278942e-5,86.0,0.004057581992984534,((((v2^0.302)+(v1*((0.144/v2)-(0.0395*v2))))-1.03)*(((0.178/v2)-0.134)^-2.01))
763.7099559307098,0.16450457459539408,30.0,0.0,3135.0,-0.9929536511198547,true,0.02061181843864418,0.028629581983511954,7.0,((((v1*(-0.31583889778057+(v2^-0.717885589586469)))+(v2+(v2^0.67657057744068)))-2.19141622609419)*((-0.310160159330106+(0.381345157584613/v2))^-1.76431852577249)),-0.9994945348032955,3.490773682918459e-5,0.02397511188465376,3.490773682918459e-5,76.0,0.003996532816577539,((((v1*(-0.316+(v2^-0.718)))+(v2+(v2^0.677)))-2.19)*((-0.31+(0.381/v2))^-1.76))
3560.553039073944,0.17571658220565736,30.0,1.0,41.0,-0.9939580200989988,true,0.02102355556388158,0.015851931755245508,7.0,((((v2^0.0628978836527145)+((v2-v1)*((-0.042259621900682/v2)--0.0133484216690124)))-0.978921196119136)*((-0.0723197765384537-(-0.0949420296476145/v2))^-2.02749165766374)),-0.9994872055802924,3.541389746977469e-5,0.01577300543567212,3.541389746977469e-5,106.0,0.0037071046190406813,((((v2^0.0629)+((v2-v1)*((-0.0423/v2)--0.0133)))-0.979)*((-0.0723-(-0.0949/v2))^-2.03))
3584.5011990070343,0.18903378828923803,30.0,0.0,16.0,-0.994402740691754,true,0.025658913241713377,0.014125808543073104,7.0,((((v2^0.300916446984504)+(v1*((0.143008398740953/v2)-(0.0395612856443195*v2))))-1.0260432514262)*((-0.134147972162052+(0.177276765786606/v2))^-2.00915760873132)),-0.9993925626786778,4.19499943639798e-5,0.015398538191135624,4.19499943639798e-5,86.0,0.004052065208684915,((((v2^0.301)+(v1*((0.143/v2)-(0.0396*v2))))-1.03)*((-0.134+(0.177/v2))^-2.01))
942.3807299137115,0.17078863359640456,30.0,0.0,2920.0,-0.9939505248081096,true,0.027880947057450478,0.0199488309200892,7.0,((((v1*(-0.134925414036361+((0.000133813904777496+v2)^-0.75910071199149)))+(v2+v2))-2.25048907653153)*(((0.409755599022254/v2)-0.322929028747364)^-1.77861473472953)),-0.999426775409495,3.958724216786685e-5,0.019583971445464754,3.958724216786685e-5,81.0,0.003766787215536121,((((v1*(-0.135+((0.000134+v2)^-0.759)))+(v2+v2))-2.25)*(((0.41/v2)-0.323)^-1.78))
3553.9610850811005,0.16939356813434822,30.0,0.0,48.0,-0.9940554588805576,true,0.027885518718286262,0.019843418987298446,7.0,((((v1*(-0.135123386901138+((0.000160805364288682+v2)^-0.759396067852789)))+(v2+v2))-2.25041199041491)*((-0.323696116874742-(-0.410188397747121/v2))^-1.77783655780645)),-0.9994264432350437,3.96101823394175e-5,0.020127666029601362,3.96101823394175e-5,81.0,0.0037869796948402663,((((v1*(-0.135+((0.000161+v2)^-0.759)))+(v2+v2))-2.25)*((-0.324-(-0.41/v2))^-1.78))
2406.3043808937073,0.17886299222531474,30.0,0.0,1270.0,-0.9937831299782524,true,0.02107018366691843,0.01745764310494639,7.0,((((v1*(-0.0258310843792347+(0.0702940486294015/v2)))+((v2+v2)^0.111407418475961))-1.09215771071598)*((-0.0938415323030646-(-0.121747210568282/v2))^-2.03243422103579)),-0.999490520374715,3.5184975731733184e-5,0.018073378241103062,3.5184975731733184e-5,76.0,0.0037447687616816243,((((v1*(-0.0258+(0.0703/v2)))+((v2+v2)^0.111))-1.09)*((-0.0938-(-0.122/v2))^-2.03))
1958.3743929862976,0.16708041810279448,30.0,0.0,1759.0,-0.9929861307137077,true,0.020737876320262416,0.028450691084542495,7.0,((((v1*((v2^-0.718208676580213)-0.315120257873073))+(v2+(v2^0.67786689640829)))-2.1916571403746)*((-0.310268791557078+(0.381527509186494/v2))^-1.76449616273387)),-0.9994944813590224,3.491142772350352e-5,0.023890858749638335,3.491142772350352e-5,76.0,0.003997149112481597,((((v1*((v2^-0.718)-0.315))+(v2+(v2^0.678)))-2.19)*((-0.31+(0.382/v2))^-1.76))
1552.2469971179962,0.1701917331502413,30.0,0.0,2211.0,-0.9927662688476263,true,0.020894459517709463,0.02641910258191906,7.0,(((v2+(v1*(-0.014046964657952+((v2*(2.33010476484867+v2))^-0.6932703213597))))-1.11922724861225)*((-0.223748194273792-(-0.274362877261208/v2))^-1.7276416333905)),-0.999496519904416,3.477064452699783e-5,0.020915046036972234,3.477064452699783e-5,111.0,0.003899528941813204,(((v2+(v1*(-0.014+((v2*(2.33+v2))^-0.693))))-1.12)*((-0.224-(-0.274/v2))^-1.73))
3492.2692749500275,0.1760586728586927,30.0,1.0,113.0,-0.9939580200989988,true,0.021028661128257187,0.015576105560503926,7.0,((((v2^0.0623165204310869)+((v2-v1)*((-0.0418918990174995/v2)--0.013247054260161)))-0.979113743617933)*(((0.0945405667475216/v2)-0.072016064917553)^-2.02752786351314)),-0.9994872141573345,3.5413305133971585e-5,0.015824822854801742,3.5413305133971585e-5,106.0,0.0037103325861852035,((((v2^0.0623)+((v2-v1)*((-0.0419/v2)--0.0132)))-0.979)*(((0.0945/v2)-0.072)^-2.03))
1941.114070892334,0.17898037015589952,30.0,0.0,1778.0,-0.9937831299782524,true,0.021073931363557064,0.01744783991963344,7.0,(((((v2+v2)^0.111495019764665)+(v1*(-0.0258471240678842+(0.070349697700739/v2))))-1.09223418471557)*((-0.0938788973490987-(-0.121796502987895/v2))^-2.03242561242566)),-0.9994905194022137,3.518504289327232e-5,0.01807022216448659,3.518504289327232e-5,76.0,0.003744389695949402,(((((v2+v2)^0.111)+(v1*(-0.0258+(0.0703/v2))))-1.09)*((-0.0939-(-0.122/v2))^-2.03))
3291.8940908908844,0.16949428952132153,30.0,0.0,324.0,-0.9939805059716661,true,0.027859498229100776,0.0198530557406646,7.0,(((v2+(v2+(v1*(-0.135020963324272+((0.000170275021403145+v2)^-0.759375969704274)))))-2.25046703957469)*(((0.410185017777607/v2)-0.323704597810275)^-1.77771833575308)),-0.9994264623219338,3.9608864187068474e-5,0.020428631095415834,3.9608864187068474e-5,81.0,0.0037901263766543475,(((v2+(v2+(v1*(-0.135+((0.00017+v2)^-0.759)))))-2.25)*(((0.41/v2)-0.324)^-1.78))
2389.7757289409637,0.16936637091258464,30.0,0.0,1288.0,-0.9939805059716661,true,0.02787532855220015,0.019853324821794804,7.0,(((v2+(v2+(v1*(-0.135078514671644+((0.000171542118345712+v2)^-0.759425344679048)))))-2.25043951771769)*((-0.32377862343582-(-0.410233136847409/v2))^-1.77768528301319)),-0.9994264089588585,3.961254947381801e-5,0.020445573583205326,3.961254947381801e-5,81.0,0.0037925032957725146,(((v2+(v2+(v1*(-0.135+((0.000172+v2)^-0.759)))))-2.25)*((-0.324-(-0.41/v2))^-1.78))
3583.571517944336,0.17588584879820665,30.0,1.0,17.0,-0.9939580200989988,true,0.021022070494529477,0.015577840620939979,7.0,((((v2^0.0615842975187291)+((v2-v1)*((-0.0414233241021378/v2)--0.0131141066002205)))-0.979356780490766)*((-0.0716097028895412+(0.0940046073546965/v2))^-2.02757662848038)),-0.9994872703823136,3.540942220240138e-5,0.0158168062477068,3.540942220240138e-5,106.0,0.003710626384427892,((((v2^0.0616)+((v2-v1)*((-0.0414/v2)--0.0131)))-0.979)*((-0.0716+(0.094/v2))^-2.03))
3143.0302340984344,0.16563342558058747,30.0,0.0,482.0,-0.9929761369925222,true,0.022228222026795252,0.018770308050956065,7.0,(0.000763878425235282+(((v2+(v1*((v2*(2.37744741290757+v2))^-0.704997317145049)))-1.12106184413688)*(((0.274563913183355/v2)-0.221998932924633)^-1.73817330111215))),-0.9994971050068718,3.473023699215763e-5,0.01603810391545719,3.473023699215763e-5,102.0,0.003672897001377662,(0.000764+(((v2+(v1*((v2*(2.38+v2))^-0.705)))-1.12)*(((0.275/v2)-0.222)^-1.74)))
1825.012169122696,0.16666928801182965,30.0,0.0,1906.0,-0.9928687044897778,true,0.022310311653846282,0.01915195906620087,7.0,(((v2+(v1*(((-0.000136789451970757+v2)*(2.37686399043286+v2))^-0.70593153977052)))-1.12083450569345)*((-0.222481181996302+(0.274901870339537/v2))^-1.73819606286148)),-0.9994948867503903,3.488343114673562e-5,0.01634571686350741,3.488343114673562e-5,131.0,0.0037402491968515955,(((v2+(v1*(((-0.000137+v2)*(2.38+v2))^-0.706)))-1.12)*((-0.222+(0.275/v2))^-1.74))
3308.951844930649,0.1631308652826076,30.0,0.0,306.0,-0.9930086165863751,true,0.021442049335124835,0.026659530834981474,7.0,((-2.19722941517499+(v2+((v1*(-0.298444269302051+(v2^-0.723058816530924)))+(v2^0.707132477216189))))*(((0.384535837935353/v2)-0.311687556040361)^-1.76681823483289)),-0.9994942824461652,3.49251647675477e-5,0.022935900819273485,3.49251647675477e-5,76.0,0.003919218395624982,((-2.2+(v2+((v1*(-0.298+(v2^-0.723)))+(v2^0.707))))*(((0.385/v2)-0.312)^-1.77))
1869.9902350902557,0.17790741680569766,30.0,0.0,1856.0,-0.9937831299782524,true,0.021039451069771897,0.017534744095145903,7.0,(((((v2+v2)^0.110648442861707)+(v1*(-0.0256919635261689+(0.0698119203570703/v2))))-1.09149528620444)*((-0.0935174383400869+(0.12131968303562/v2))^-2.03250879153521)),-0.9994904942038224,3.518678310963896e-5,0.018100646810632677,3.518678310963896e-5,76.0,0.0037479789099689395,(((((v2+v2)^0.111)+(v1*(-0.0257+(0.0698/v2))))-1.09)*((-0.0935+(0.121/v2))^-2.03))
2226.9950499534607,0.16910064809262326,30.0,0.0,1465.0,-0.9927662688476263,true,0.021272571321433897,0.026716812444572573,7.0,((((v2^1.04297942778473)+(v1*((v2*(2.27306937067602+v2))^-0.689666043888756)))-1.12559372762215)*((-0.226232696419879-(-0.27800905044038/v2))^-1.72121501831778)),-0.9994957606549232,3.4823078763135305e-5,0.01984717403171522,3.4823078763135305e-5,106.0,0.0038656470454135465,((((v2^1.04)+(v1*((v2*(2.27+v2))^-0.69)))-1.13)*((-0.226-(-0.278/v2))^-1.72))
3598.7581169605255,0.5550380795352838,30.0,0.0,1.0,-0.9880567277389537,true,0.09776106573183363,0.13969186757736604,7.0,(((v2+((v1*(0.425043037281949+(v2^-0.525796822625406)))+(v2^6.26944634032433)))-1.98723986806341)*(((0.37679753174875/v2)-0.270477832534234)^-1.47880496616905)),-0.9875114246967807,0.0008624686781573926,0.10538128212233326,0.0008624686781573926,76.0,0.021301230049167407,(((v2+((v1*(0.425+(v2^-0.526)))+(v2^6.27)))-1.99)*(((0.377/v2)-0.27)^-1.48))
3520.626389026642,0.16938118925484996,30.0,0.0,83.0,-0.9940554588805576,true,0.027882214339995104,0.019851626783542662,7.0,(((v2+(v2+(v1*(-0.135104751351705+((v2--0.00016037388022621)^-0.759392763425487)))))-2.25042397723296)*((-0.32369513454655-(-0.410189026754826/v2))^-1.77783366578581)),-0.9994264267206018,3.9611322836920693e-5,0.020113372098221872,3.9611322836920693e-5,81.0,0.0037872907215607808,(((v2+(v2+(v1*(-0.135+((v2--0.00016)^-0.759)))))-2.25)*((-0.324-(-0.41/v2))^-1.78))
3591.999762058258,0.17496045779638217,30.0,0.0,8.0,-0.993768139396474,true,0.0206778626317764,0.01845604826349258,7.0,((((v1*(-0.0267783245926928+(0.076084608676982/v2)))+(v2*(v2^-0.868077980027886)))-1.01329436323026)*((-0.0976634545235327+(0.126904711724204/v2))^-2.03039103584376)),-0.999488302575538,3.5338138304579404e-5,0.01747981445969054,3.5338138304579404e-5,86.0,0.0037238378049326564,((((v1*(-0.0268+(0.0761/v2)))+(v2*(v2^-0.868)))-1.01)*((-0.0977+(0.127/v2))^-2.03))
2668.190726995468,0.1655719071437721,30.0,0.0,989.0,-0.9929761369925222,true,0.022269582890494355,0.018727968427136657,7.0,(0.000743409774069575+(((v2+(v1*((v2*(2.37732612793477+v2))^-0.705141045056787)))-1.12102619178997)*((-0.222073185883759-(-0.274615445715877/v2))^-1.73817602828846))),-0.9994971111535966,3.4729812495572516e-5,0.015937966086042334,3.4729812495572516e-5,102.0,0.0036732967943783764,(0.000743+(((v2+(v1*((v2*(2.38+v2))^-0.705)))-1.12)*((-0.222-(-0.275/v2))^-1.74)))
3095.023199081421,0.18984311199889609,30.0,0.0,533.0,-0.994402740691754,true,0.02551742794849149,0.014289979076161415,7.0,((((v1*((0.14362354243832/v2)-(0.0395315868280512*v2)))+(v2^0.302329873451959))-1.02623942651477)*((-0.134455904177892+(0.17769441536978/v2))^-2.00901591197999)),-0.9993926073070668,4.194691230003417e-5,0.015447058749106152,4.194691230003417e-5,86.0,0.004058102071952608,((((v1*((0.144/v2)-(0.0395*v2)))+(v2^0.302))-1.03)*((-0.134+(0.178/v2))^-2.01))
3578.7146530151367,0.17571544874530234,30.0,1.0,22.0,-0.9939580200989988,true,0.02102371297916239,0.015857346693174686,7.0,(((((v2-v1)*(0.0133556564348451+(-0.0422854269266993/v2)))+(v2^0.0629384076228836))-0.978907758190704)*((-0.0723417025262314-(-0.0949709675276158/v2))^-2.02748899546105)),-0.9994872039382181,3.5414010872431255e-5,0.015772245022885895,3.5414010872431255e-5,106.0,0.0037070297570818856,(((((v2-v1)*(0.0134+(-0.0423/v2)))+(v2^0.0629))-0.979)*((-0.0723-(-0.095/v2))^-2.03))
2697.2101259231567,0.16353101098819295,30.0,0.0,958.0,-0.9927812594294046,true,0.021646673606259492,0.027828254853365257,7.0,(((v2+(v1*(((1.16807284757665*v2)*(1.98489147207558+v2))^-0.692183644667624)))-1.11964678844355)*(((0.274916311554303/v2)-0.22447175116835)^-1.72708447239434)),-0.9994956120986591,3.483333814994172e-5,0.021569465225186834,3.483333814994172e-5,131.0,0.0039058238435868593,(((v2+(v1*(((1.17*v2)*(1.98+v2))^-0.692)))-1.12)*(((0.275/v2)-0.224)^-1.73))
3594.8661160469055,0.17464612447410002,30.0,1.0,5.0,-0.9941653898135981,true,0.022157935072287138,0.016581073217528875,7.0,((((v2^0.0993265627663884)+((v2-v1)*(0.019187108430607-(0.0647539547062121/v2))))-0.966914776467707)*((-0.0894615427037018-(-0.117600231278383/v2))^-2.02496552808696)),-0.9994799954046444,3.591183662691581e-5,0.015257670704893238,3.591183662691581e-5,106.0,0.0036871467185586935,((((v2^0.0993)+((v2-v1)*(0.0192-(0.0648/v2))))-0.967)*((-0.0895-(-0.118/v2))^-2.02))
3246.448546886444,0.17527069950756313,30.0,0.0,372.0,-0.9938855656204038,true,0.020950829808150162,0.017470665099568974,7.0,(((((v2+v2)^0.11569781842076)+(v1*((0.0730215813074271/v2)-0.0265860421955919)))-1.09593098323737)*(((0.124095788528571/v2)-0.0956178881356293)^-2.0320162840711)),-0.999490470449327,3.518842360967888e-5,0.017895493532102666,3.518842360967888e-5,76.0,0.0037357110200628755,(((((v2+v2)^0.116)+(v1*((0.073/v2)-0.0266)))-1.1)*(((0.124/v2)-0.0956)^-2.03))
3305.041209936142,0.1694030414232746,30.0,0.0,310.0,-0.9940554588805576,true,0.027864797447249845,0.019864124293258144,7.0,((((v1*(-0.135033071284264+((v2--0.000157370733656542)^-0.75935132471753)))+(v2+v2))-2.25046464715675)*((-0.323645707232978+(0.410158943312474/v2))^-1.77785455341386)),-0.9994264200679382,3.9611782273942805e-5,0.0200278942808997,3.9611782273942805e-5,81.0,0.0037858142261810203,((((v1*(-0.135+((v2--0.000157)^-0.759)))+(v2+v2))-2.25)*((-0.324+(0.41/v2))^-1.78))
2477.518345117569,0.16535910399637962,30.0,0.0,1193.0,-0.9929861307137077,true,0.020811935334137555,0.028175226636440363,7.0,((-2.19251937268096+((v1*(-0.31254053854896+(v2^-0.718938097922702)))+(v2+(v2^0.682384190673237))))*(((0.381982312046736/v2)-0.310477965101464)^-1.76484266201777)),-0.9994947645885671,3.489186771724518e-5,0.023753987312899832,3.489186771724518e-5,76.0,0.003981580090071821,((-2.19+((v1*(-0.313+(v2^-0.719)))+(v2+(v2^0.682))))*(((0.382/v2)-0.31)^-1.76))
3495.1455368995667,0.188554552723586,30.0,0.0,110.0,-0.9944327218553106,true,0.02604128455997995,0.013949682228127409,7.0,((-1.02578830520324+((v1*((0.142163789449871/v2)-(0.0395595891570738*v2)))+(v2^0.299003507281719)))*((-0.133696940528242-(-0.176692658301825/v2))^-2.00946448198437)),-0.999392702605505,4.194033093138553e-5,0.01521183985080978,4.194033093138553e-5,86.0,0.004030306867429912,((-1.03+((v1*((0.142/v2)-(0.0396*v2)))+(v2^0.299)))*((-0.134-(-0.177/v2))^-2.01))
1043.6098520755768,0.16654291061170695,30.0,0.0,2800.0,-0.9929536511198547,true,0.020663013632264415,0.028624767660625612,7.0,(((v2+((v1*((v2^-0.717848784322936)-0.31621487299918))+(v2^0.675936266812085)))-2.19129072662992)*(((0.38131153970055/v2)-0.310159614175114)^-1.76431420790314)),-0.999494461238577,3.491281725382024e-5,0.023966336493516375,3.491281725382024e-5,76.0,0.004001084402451052,(((v2+((v1*((v2^-0.718)-0.316))+(v2^0.676)))-2.19)*(((0.381/v2)-0.31)^-1.76))
2687.8806269168854,0.16488092658279635,30.0,0.0,968.0,-0.9928362248959249,true,0.021318131972892895,0.027551949440664733,7.0,(((v2+(v1*(((1.14017284659707*v2)*(2.04148483029447+v2))^-0.693411245802986)))-1.1201884506089)*((-0.224095951272467-(-0.274755964903824/v2))^-1.72762601886064)),-0.9994954505764345,3.484449297394462e-5,0.02113879357498619,3.484449297394462e-5,131.0,0.003900383585136228,(((v2+(v1*(((1.14*v2)*(2.04+v2))^-0.693)))-1.12)*((-0.224-(-0.275/v2))^-1.73))
992.08061003685,0.17446982042046782,30.0,0.0,2861.0,-0.9938855656204038,true,0.020698314740015322,0.0176932777904391,7.0,((((v1*(-0.0244564923520833+(0.0670550475168534/v2)))+(v2*(v2^-0.884952830925628)))-1.01140346816154)*((-0.0917003433069076-(-0.119000354100103/v2))^-2.03206394563713)),-0.9994900322028648,3.521868917943243e-5,0.018004107633509608,3.521868917943243e-5,86.0,0.003750399852694355,((((v1*(-0.0245+(0.0671/v2)))+(v2*(v2^-0.885)))-1.01)*((-0.0917-(-0.119/v2))^-2.03))
2706.47709608078,0.1898217696843113,30.0,0.0,948.0,-0.994402740691754,true,0.02552040008602724,0.014287833211217791,7.0,((((v1*((0.143614263042642/v2)-(0.0395318947390243*v2)))+(v2^0.302308635998883))-1.02623652619896)*((-0.134451216690508-(-0.177688069780006/v2))^-2.00901805356334)),-0.9993926072295607,4.1946917652656893e-5,0.015446663665331439,4.1946917652656893e-5,86.0,0.004058010376204458,((((v1*((0.144/v2)-(0.0395*v2)))+(v2^0.302))-1.03)*((-0.134-(-0.178/v2))^-2.01))
3257.9243240356445,0.16520332041044972,30.0,0.0,360.0,-0.9927962500111829,true,0.021509229458267,0.027138562590294457,7.0,((-1.12034349999563+(v2+(v1*(((1.10837392709041*v2)*(2.10987782574757+v2))^-0.696193555275117))))*((-0.223803211584466-(-0.274799274674422/v2))^-1.72964976642831)),-0.9994954570375523,3.484404676518634e-5,0.020752648985369066,3.484404676518634e-5,131.0,0.003878712081071935,((-1.12+(v2+(v1*(((1.11*v2)*(2.11+v2))^-0.696))))*((-0.224-(-0.275/v2))^-1.73))
3231.4807090759277,0.1882452079881758,30.0,0.0,388.0,-0.9943927469705686,true,0.026663430901479435,0.013811272727665233,7.0,((((v2^0.303053844703938)+(v1*((0.143941940588726/v2)-(0.0387572619038557*v2))))-1.02672923358943)*((-0.134232475650548-(-0.17779583986563/v2))^-2.00983514097054)),-0.9993926770076061,4.194209873799738e-5,0.014944906780932254,4.194209873799738e-5,86.0,0.0040051669551679535,((((v2^0.303)+(v1*((0.144/v2)-(0.0388*v2))))-1.03)*((-0.134-(-0.178/v2))^-2.01))
1903.5995750427246,0.16827635982708158,30.0,0.0,1819.0,-0.9930385977499315,true,0.02110562722147874,0.027598370589196636,7.0,((((v2^0.689170421998486)+(v2+(v1*(-0.308697086497137+(v2^-0.720217134334434)))))-2.19380571357332)*((-0.310870271319668+(0.382749177754517/v2))^-1.76548879026864)),-0.9994945844137195,3.490431070284508e-5,0.02348021788230143,3.490431070284508e-5,76.0,0.003971889069134637,((((v2^0.689)+(v2+(v1*(-0.309+(v2^-0.72)))))-2.19)*((-0.311+(0.383/v2))^-1.77))
3591.159301996231,0.16436332107488058,30.0,0.0,9.0,-0.9927662688476263,true,0.02123507273255587,0.027714219622070116,7.0,((-1.12012519259379+(v2+(v1*(((1.1536034739717*v2)*(2.01373301602959+v2))^-0.692244239430525))))*(((0.27473869526684/v2)-0.224219269934349)^-1.72677919429364)),-0.9994953305962168,3.485277888145094e-5,0.02131157002855965,3.485277888145094e-5,131.0,0.003909833894433049,((-1.12+(v2+(v1*(((1.15*v2)*(2.01+v2))^-0.692))))*(((0.275/v2)-0.224)^-1.73))
3478.942326068878,0.1692864932764994,30.0,0.0,127.0,-0.9940554588805576,true,0.027862530275105823,0.0198613293458366,7.0,(((v2+(v2+(v1*(((v2--0.000163800785152716)^-0.759381829224851)-0.135029534434226))))-2.25046934329784)*((-0.323722062209868+(0.410200750799079/v2))^-1.77775117456916)),-0.999426379905066,3.961455594656494e-5,0.02020959180185635,3.961455594656494e-5,81.0,0.0037894799434302867,(((v2+(v2+(v1*(((v2--0.000164)^-0.759)-0.135))))-2.25)*((-0.324+(0.41/v2))^-1.78))
3513.2062311172485,0.17736663695723728,30.0,0.0,91.0,-0.9938231048629943,true,0.021020371085530398,0.017674747377132358,7.0,(((((v2+v2)^0.11203355064158)+(v1*(-0.0259401552717219+(0.0706921508871894/v2))))-1.09270935200179)*(((0.122087645460677/v2)-0.0940988281010258)^-2.03237358104709)),-0.999490562715003,3.5182051685446324e-5,0.018044284739160317,3.5182051685446324e-5,76.0,0.0037443863029821742,(((((v2+v2)^0.112)+(v1*(-0.0259+(0.0707/v2))))-1.09)*(((0.122/v2)-0.0941)^-2.03))
3502.7750840187073,0.17565925963680853,30.0,1.0,102.0,-0.994230349001304,true,0.021077716735377727,0.016679087963370164,7.0,(((((v2-v1)*(0.0167506018344953-(0.0549129174326472/v2)))+(v2^0.0831082398743409))-0.972241576332066)*((-0.0823914656449256-(-0.108251232341895/v2))^-2.0261458401439)),-0.9994845957474411,3.559413412886389e-5,0.015471503584379294,3.559413412886389e-5,106.0,0.0036855094030027007,(((((v2-v1)*(0.0168-(0.0549/v2)))+(v2^0.0831))-0.972)*((-0.0824-(-0.108/v2))^-2.03))
3052.7655260562897,0.16362275516428867,30.0,0.0,578.0,-0.9929486542592619,true,0.020998238894635923,0.028093743669227643,7.0,((((v2^0.689417192632759)+(v2+(v1*(-0.308806140097877+(v2^-0.72007336541449)))))-2.19367181692548)*(((0.382587180936213/v2)-0.310627025654222)^-1.76566906851484)),-0.9994948700215628,3.4884586449831405e-5,0.023709902548127826,3.4884586449831405e-5,76.0,0.003961363635096614,((((v2^0.689)+(v2+(v1*(-0.309+(v2^-0.72)))))-2.19)*(((0.383/v2)-0.311)^-1.77))
3500.029340982437,0.16570881905562537,30.0,0.0,105.0,-0.9929761369925222,true,0.02222699036318143,0.018774874279626,7.0,(0.000776834447264949+((-1.12106384813518+(v2+(v1*((v2*(2.3775170697309+v2))^-0.70497351222694))))*((-0.221970243071164+(0.274548360623333/v2))^-1.73821802549282))),-0.9994971564481573,3.472668442540068e-5,0.016097095665029235,3.472668442540068e-5,102.0,0.0036718041118081438,(0.000777+((-1.12+(v2+(v1*((v2*(2.38+v2))^-0.705))))*((-0.222+(0.275/v2))^-1.74)))
3009.664747953415,0.16936952133770736,30.0,0.0,624.0,-0.9940554588805576,true,0.027866090766808793,0.019861710902651198,7.0,((-2.2504613738062+(v2+(v2+(v1*(-0.13503978760726+((0.000159885225519644+v2)^-0.75936481741371))))))*((-0.323672638632485+(0.410173761126652/v2))^-1.77782139638483)),-0.9994264121583075,3.9612328517900925e-5,0.02010152624649888,3.9612328517900925e-5,81.0,0.0037871185622630923,((-2.25+(v2+(v2+(v1*(-0.135+((0.00016+v2)^-0.759))))))*((-0.324+(0.41/v2))^-1.78))
3116.778398990631,0.16504969133989134,30.0,0.0,510.0,-0.9928362248959249,true,0.02134475987791762,0.02751268776151125,7.0,(((v2+(v1*((1.13590646911154*(v2*(2.05043633781203+v2)))^-0.693782966299965)))-1.12020881399015)*((-0.224056754132577+(0.274761585492259/v2))^-1.72789597989776)),-0.9994954801329866,3.484245178030666e-5,0.02108490908570124,3.484245178030666e-5,111.0,0.003897539991533094,(((v2+(v1*((1.14*(v2*(2.05+v2)))^-0.694)))-1.12)*((-0.224+(0.275/v2))^-1.73))
3597.715476036072,0.16354192727633485,30.0,0.0,2.0,-0.9927662688476263,true,0.021097869932974023,0.02797854106389392,7.0,(((v2+(v1*((1.17621786338141*(v2*(1.96842115838987+v2)))^-0.690290052418216)))-1.12002154908782)*((-0.22442665883515-(-0.274711060982808/v2))^-1.72536361263485)),-0.9994950405611273,3.487280888280497e-5,0.02160958574084063,3.487280888280497e-5,111.0,0.003927917303412387,(((v2+(v1*((1.18*(v2*(1.97+v2)))^-0.69)))-1.12)*((-0.224-(-0.275/v2))^-1.73))
3598.618316888809,0.17542833885948392,30.0,1.0,1.0,-0.993992998123148,true,0.021028042651447754,0.016285840197456145,7.0,((((v2^0.0716501286262192)+((v2-v1)*(0.0148754749772323+(-0.047794566878788/v2))))-0.976023162571739)*(((0.100966585440933/v2)-0.0768870518831903)^-2.0268791712138)),-0.9994864910054219,3.5463246449060353e-5,0.015603107482039136,3.5463246449060353e-5,106.0,0.0036935495596815125,((((v2^0.0717)+((v2-v1)*(0.0149+(-0.0478/v2))))-0.976)*(((0.101/v2)-0.0769)^-2.03))
3455.275680065155,0.16563798688536788,30.0,0.0,152.0,-0.9929761369925222,true,0.02222703023226774,0.018769587631472275,7.0,(0.000764179617950766+((-1.12106305894164+(v2+(v1*((v2*(2.37744911791554+v2))^-0.704992957788037))))*((-0.221996570038576-(-0.274562358870082/v2))^-1.7381730262535))),-0.9994971034548025,3.473034417902276e-5,0.016039721945767745,3.473034417902276e-5,102.0,0.003672942643671416,(0.000764+((-1.12+(v2+(v1*((v2*(2.38+v2))^-0.705))))*((-0.222-(-0.275/v2))^-1.74)))
2912.498750925064,0.16289712836488682,30.0,0.0,728.0,-0.9929436573986693,true,0.02117557565128475,0.027369106162518465,7.0,((((v2^0.6978051293461)+(v2+(v1*((v2^-0.721498786739183)-0.30376269737898))))-2.19545034711092)*((-0.311228503165126+(0.383569896462138/v2))^-1.76607026058945)),-0.99949453207371,3.4907925336042575e-5,0.023256187509523938,3.4907925336042575e-5,76.0,0.003940545774855072,((((v2^0.698)+(v2+(v1*((v2^-0.721)-0.304))))-2.2)*((-0.311+(0.384/v2))^-1.77))
3062.2363018989563,0.16368111712245115,30.0,0.0,568.0,-0.9930036197257823,true,0.021558697115124037,0.02760578471689337,7.0,((((v2^0.696459136569912)+(v2+(v1*((v2^-0.721832469914048)-0.306020502414563))))-2.19432264655544)*((-0.31146163006267-(-0.383657756452697/v2))^-1.76653150930728)),-0.9994951651080308,3.486420759717478e-5,0.02333376984944853,3.486420759717478e-5,76.0,0.003936164588807229,((((v2^0.696)+(v2+(v1*((v2^-0.722)-0.306))))-2.19)*((-0.311-(-0.384/v2))^-1.77))
3403.933028936386,0.1623257124912636,30.0,0.0,206.0,-0.992916174665409,true,0.020893732373604534,0.028101093862256052,7.0,(((v2+((v1*(-0.311899602051791+(v2^-0.719396433887718)))+(v2^0.68429430009164)))-2.19263143348024)*((-0.310812179149331+(0.382318350885281/v2))^-1.76491620748629)),-0.9994947222085342,3.489479450833898e-5,0.023579451460355783,3.489479450833898e-5,76.0,0.0039661072642062445,(((v2+((v1*(-0.312+(v2^-0.719)))+(v2^0.684)))-2.19)*((-0.311+(0.382/v2))^-1.76))
3557.8851239681244,0.1752524075827519,30.0,1.0,44.0,-0.994190374116562,true,0.021086732499457195,0.01650102023611108,7.0,((((v2^0.0802103544867447)+((v2-v1)*(0.0162849849331735+(-0.0531220477198102/v2))))-0.973196900421172)*((-0.081032688112432+(0.106454325967661/v2))^-2.02634302024499)),-0.9994851899089953,3.5553100967130296e-5,0.01548971672351561,3.5553100967130296e-5,106.0,0.003686775065661058,((((v2^0.0802)+((v2-v1)*(0.0163+(-0.0531/v2))))-0.973)*((-0.081+(0.106/v2))^-2.03))
3589.1455359458923,0.17498844420350018,30.0,1.0,11.0,-0.9941628913833017,true,0.02156230863778663,0.01653264477555238,7.0,((((v2^0.0901579641182418)+((v2-v1)*(0.0178339463945042-(0.0592179381624046/v2))))-0.969922787419701)*((-0.085540897651542+(0.11242241885977/v2))^-2.02567368339659)),-0.9994828842217012,3.5712333147299494e-5,0.015378352034284096,3.5712333147299494e-5,106.0,0.003685311266905776,((((v2^0.0902)+((v2-v1)*(0.0178-(0.0592/v2))))-0.97)*((-0.0855+(0.112/v2))^-2.03))
3386.763398885727,0.167602102749366,30.0,0.0,224.0,-0.9929636448410403,true,0.021203653971943626,0.028626615014752964,7.0,((((v1*(-0.311003843066654+(v2^-0.705923776526187)))+((v2+v2)^0.899405809184293))-2.05872795256152)*((-0.30893871019368+(0.378800253093951/v2))^-1.75223250408724)),-0.9994937678406016,3.496070374372966e-5,0.023903180771889142,3.496070374372966e-5,76.0,0.003964394051869844,((((v1*(-0.311+(v2^-0.706)))+((v2+v2)^0.899))-2.06)*((-0.309+(0.379/v2))^-1.75))
2084.5440208911896,0.1661238589831572,30.0,0.0,1621.0,-0.9929761369925222,true,0.02227686414132124,0.018875324916944325,7.0,(0.000799526273865389+(((v2+(v1*((v2*(2.37778877132741+v2))^-0.70502051250557)))-1.12102659774178)*((-0.221874105087906+(0.274506615058641/v2))^-1.73848766193929))),-0.9994973952836238,3.4710190301442097e-5,0.016186240252267694,3.4710190301442097e-5,102.0,0.00366754109969267,(0.0008+(((v2+(v1*((v2*(2.38+v2))^-0.705)))-1.12)*((-0.222+(0.275/v2))^-1.74)))
3513.245146036148,0.1627186514524305,30.0,0.0,91.0,-0.9929436573986693,true,0.02111500137873573,0.027527428560612265,7.0,((((v2^0.696299424614557)+(v2+(v1*((v2^-0.721214925848255)-0.30457551809779))))-2.1951877488251)*(((0.383390548516824/v2)-0.311120084005932)^-1.76594934611794)),-0.999494480824428,3.491146464291983e-5,0.023329233494244185,3.491146464291983e-5,76.0,0.003944691103097823,((((v2^0.696)+(v2+(v1*((v2^-0.721)-0.305))))-2.2)*(((0.383/v2)-0.311)^-1.77))
2539.9556970596313,0.16931480942247237,30.0,0.0,1126.0,-0.9940554588805576,true,0.027863510856505513,0.019863211005166463,7.0,(((v2+(v2+(v1*(((0.000164013216224937+v2)^-0.759380190083022)-0.135028931835655))))-2.25046897571389)*((-0.32371291331299+(0.410195658255248/v2))^-1.77775936659466)),-0.9994263901073666,3.9613851369421734e-5,0.0202216094271374,3.9613851369421734e-5,81.0,0.003789407173356745,(((v2+(v2+(v1*(((0.000164+v2)^-0.759)-0.135))))-2.25)*((-0.324+(0.41/v2))^-1.78))
2281.2220549583435,0.16659049629779057,30.0,0.0,1406.0,-0.9928687044897778,true,0.022306752579942635,0.019138987639081322,7.0,(((v2+(v1*(((-0.000133255671179653+v2)*(2.37683050063736+v2))^-0.705930029410263)))-1.12083674406903)*(((0.274902238940725/v2)-0.222485390341469)^-1.73817028240251)),-0.9994948716871961,3.488447142017733e-5,0.016301288397258945,3.488447142017733e-5,131.0,0.0037406621962412377,(((v2+(v1*(((-0.000133+v2)*(2.38+v2))^-0.706)))-1.12)*(((0.275/v2)-0.222)^-1.74))
3598.6565160751343,0.17428707392307105,30.0,0.0,1.0,-0.9937831299782524,true,0.02091841921618154,0.017677761623298448,7.0,((((v1*(-0.0254095331215092+(0.0688527330496506/v2)))+((v2+v2)^0.109137949805054))-1.09018195054396)*(((0.12045588643884/v2)-0.0928617844710729)^-2.03265833549327)),-0.9994899983376854,3.522102792951686e-5,0.018149452073425408,3.522102792951686e-5,76.0,0.003757386996180597,((((v1*(-0.0254+(0.0689/v2)))+((v2+v2)^0.109))-1.09)*(((0.12/v2)-0.0929)^-2.03))
3214.198198080063,0.169398827973819,30.0,0.0,406.0,-0.9940154839958155,true,0.027885121024869397,0.019851228510498274,7.0,(((v2+(v2+(v1*(-0.135107266463511+((0.000165649206260633+v2)^-0.759407127351811)))))-2.25042103432522)*((-0.32371300490857+(0.410197259363836/v2))^-1.77779420573621)),-0.9994264433275709,3.9610175949429636e-5,0.020284885437803976,3.9610175949429636e-5,81.0,0.0037892549441418707,(((v2+(v2+(v1*(-0.135+((0.000166+v2)^-0.759)))))-2.25)*((-0.324+(0.41/v2))^-1.78))
2193.1784319877625,0.1632416919937775,30.0,0.0,1502.0,-0.9927812594294046,true,0.02160668226098167,0.02783210845959356,7.0,(((v2+(v1*(((1.16800526035654*v2)*(1.98490058127538+v2))^-0.692122065838359)))-1.11968094384311)*((-0.224518820318509+(0.274933238938476/v2))^-1.72691535167808)),-0.999495603799258,3.483391131168002e-5,0.021495805438575304,3.483391131168002e-5,131.0,0.003904215054591563,(((v2+(v1*(((1.17*v2)*(1.98+v2))^-0.692)))-1.12)*((-0.225+(0.275/v2))^-1.73))
3599.550462961197,2.138430156095871,30.0,0.0,0.0,-0.9918368527773737,true,0.06947253965803513,0.091439180219545,7.0,((((v1*((0.386530196668874+(-0.000738779905175668/v2))/v2))+(-0.813281271512537+v2))-0.2847756237554)*((-0.284088248709653-(-0.334106142133898/v2))^-1.86326307311346)),-0.9936075122364131,0.0004414691298035331,0.1526745686600632,0.0004414691298035331,116.0,0.01525193004113797,((((v1*((0.387+(-0.000739/v2))/v2))+(-0.813+v2))-0.285)*((-0.284-(-0.334/v2))^-1.86))
3599.5906579494476,0.17617131300605368,30.0,1.0,0.0,-0.9939580200989988,true,0.021037788897196485,0.01590058131919786,7.0,((((v2^0.0657029509163356)+((v2-v1)*(0.0138493528729654-(0.0440459123897393/v2))))-0.9779910407224)*(((0.0969428454263983/v2)-0.073836195306434)^-2.02730449767281)),-0.9994869724941781,3.542999453993445e-5,0.015772856360387298,3.542999453993445e-5,106.0,0.0037045231495094746,((((v2^0.0657)+((v2-v1)*(0.0138-(0.044/v2))))-0.978)*(((0.0969/v2)-0.0738)^-2.03))
3599.591434955597,0.1755500533114336,30.0,1.0,0.0,-0.9939880012625553,true,0.021027933336329074,0.01608300497836584,7.0,(((((v2-v1)*(0.0142467976086509+(-0.0454919953333223/v2)))+(v2^0.0679935606868542))-0.977232885797926)*((-0.0750198990833038+(0.0985033499320535/v2))^-2.02713768168273)),-0.9994868733524633,3.5436841327625423e-5,0.01566933565570056,3.5436841327625423e-5,106.0,0.0036979940688135473,(((((v2-v1)*(0.0142+(-0.0455/v2)))+(v2^0.068))-0.977)*((-0.075+(0.0985/v2))^-2.03))
3599.6246399879456,0.166288537680538,30.0,0.0,0.0,-0.9942453395830823,true,0.027977171856169436,0.019989238261537437,7.0,((((v2^0.726702886510137)+(v1*((v2*(3.20040433450412+v2))^-0.818284764261984)))-1.08960153590336)*((-0.197708132029544+(0.251326430265276/v2))^-1.8432183298033)),-0.9994214526996497,3.99548317778126e-5,0.017246667851201273,3.99548317778126e-5,106.0,0.0037290764856403842,((((v2^0.727)+(v1*((v2*(3.2+v2))^-0.818)))-1.09)*((-0.198+(0.251/v2))^-1.84))
3599.631565093994,0.17462865719912457,30.0,1.0,0.0,-0.9941653898135981,true,0.0221168176958057,0.016641252289009555,7.0,(((((v2-v1)*((-0.0643925648632436/v2)--0.019106087392908))+(v2^0.0987143983042551))-0.967115291975791)*((-0.0892202593940505+(0.117273646850225/v2))^-2.02500410322749)),-0.9994801806146704,3.589904590880677e-5,0.015273228298751078,3.589904590880677e-5,106.0,0.0036875812511815453,(((((v2-v1)*((-0.0644/v2)--0.0191))+(v2^0.0987))-0.967)*((-0.0892+(0.117/v2))^-2.03))
3599.6347150802612,0.175292505808627,30.0,1.0,0.0,-0.993992998123148,true,0.02096611136686205,0.01629757255880305,7.0,(((((v2-v1)*(0.0150940977274943-(0.0485775764214212/v2)))+(v2^0.0728879084273733))-0.975614022430899)*((-0.0775249821772723+(0.101793804794731/v2))^-2.02671827539529)),-0.9994862874258608,3.5477305778541945e-5,0.015551946434924139,3.5477305778541945e-5,106.0,0.0036932616106875593,(((((v2-v1)*(0.0151-(0.0486/v2)))+(v2^0.0729))-0.976)*((-0.0775+(0.102/v2))^-2.03))
3599.682944059372,0.1742429849110043,30.0,1.0,0.0,-0.9941528976621162,true,0.0229595564809833,0.017055498955744108,7.0,(((((v2-v1)*((-0.0722484346127206/v2)--0.0209150250022327))+(v2^0.111982492178758))-0.962777824338542)*(((0.124291397172435/v2)-0.0945158755190081)^-2.02401945977748)),-0.9994749664637587,3.625913837214122e-5,0.015111257478404269,3.625913837214122e-5,106.0,0.0036931061911580102,(((((v2-v1)*((-0.0722/v2)--0.0209))+(v2^0.112))-0.963)*(((0.124/v2)-0.0945)^-2.02))
3599.716474056244,0.1724629443703328,30.0,0.0,0.0,-0.9938905624809965,true,0.02089756352855804,0.017413648905543498,7.0,((((v1*((0.066829481891952/v2)-0.0243699653413625))+(v2*(v2^-0.885341691390848)))-1.01136784799887)*((-0.0915140779951442-(-0.118770061423262/v2))^-2.03214937340962)),-0.9994898427672987,3.523177171593928e-5,0.017949465693248755,3.523177171593928e-5,86.0,0.003743903604340668,((((v1*((0.0668/v2)-0.0244))+(v2*(v2^-0.885)))-1.01)*((-0.0915-(-0.119/v2))^-2.03))
3594.2408990859985,0.17391410765742077,30.0,1.0,6.0,-0.994052960450261,true,0.023654479926745853,0.017501148657926232,7.0,(((((v2-v1)*(0.0223052334418698+(-0.0786823410721195/v2)))+(v2^0.123072015680012))-0.959167338416607)*((-0.0986614246451734+(0.129786173444876/v2))^-2.02318345835363)),-0.9994695901281119,3.66304314128683e-5,0.015006563510698186,3.66304314128683e-5,106.0,0.0037065053540888755,(((((v2-v1)*(0.0223+(-0.0787/v2)))+(v2^0.123))-0.959)*((-0.0987+(0.13/v2))^-2.02))
3504.003734111786,0.16949524865096655,30.0,0.0,101.0,-0.9940554588805576,true,0.027870843102827947,0.019863271992549662,7.0,(((v2+(v2+(v1*(((v2--0.000155382956406738)^-0.759341454805123)-0.13505054672484))))-2.25045182371445)*(((0.410135143882061/v2)-0.323602788029138)^-1.77791430852385)),-0.9994264594735547,3.960906089788437e-5,0.01998346418706291,3.960906089788437e-5,81.0,0.0037841380109271488,(((v2+(v2+(v1*(((v2--0.000155)^-0.759)-0.135))))-2.25)*(((0.41/v2)-0.324)^-1.78))
3598.931729078293,0.18502843915198006,30.0,0.0,1.0,-0.9933633936884608,true,0.045187536547814156,0.05833143333616595,7.0,((-2.17700781188152+((v1*(0.116112985055423-(-0.468330620084364/v2)))+(v2+(v2^0.267632058038738))))*(((0.338287538140893/v2)-0.241181072453721)^-1.9704885908885)),-0.998703227030291,8.955593747886135e-5,0.038866862169405554,8.955593747886135e-5,76.0,0.006461467192391316,((-2.18+((v1*(0.116-(-0.468/v2)))+(v2+(v2^0.268))))*(((0.338/v2)-0.241)^-1.97))
3131.1107959747314,0.17604158247077048,30.0,1.0,495.0,-0.9939230420748494,true,0.02102560531475417,0.015488812713075848,7.0,(((((v2-v1)*(0.0130864273472559-(0.0413222341210992/v2)))+(v2^0.0614240432198731))-0.979409829282177)*((-0.0715272621122036-(-0.0938955942011838/v2))^-2.02758656655416)),-0.9994872526347457,3.541064786033172e-5,0.015839507207571126,3.541064786033172e-5,106.0,0.003711951958687125,(((((v2-v1)*(0.0131-(0.0413/v2)))+(v2^0.0614))-0.979)*((-0.0715-(-0.0939/v2))^-2.03))
3598.998554944992,4.756886453597903,30.0,0.0,1.0,-0.9707925743909808,true,0.15925879733634096,0.46943803889948404,7.0,((((v1*(-0.0799525886696751+(((v2--0.0670270797827714)-0.0681773582528446)^-0.694102964143516)))+(v2+v2))-2.25632045948263)*((0.270948389618174/v2)^-2.16459926942163)),-0.9578768416590275,0.0029090511777422456,0.33014902518212175,0.0029090511777422456,73.0,0.04296637781340771,((((v1*(-0.08+(((v2--0.067)-0.0682)^-0.694)))+(v2+v2))-2.26)*((0.271/v2)^-2.16))
1903.7787709236145,0.16710219726765216,30.0,0.0,1819.0,-0.9929761369925222,true,0.022408161688583395,0.017002980967994706,7.0,(0.000681043790804443+(((v2+(v1*((v2*(v2--2.37695675080405))^-0.705595420506597)))-1.12090718870938)*((-0.222315207816141+(0.274778603657607/v2))^-1.73815737565715))),-0.9994974401437866,3.470709223105828e-5,0.01560043571019609,3.470709223105828e-5,102.0,0.0036725584020411784,(0.000681+(((v2+(v1*((v2*(v2--2.38))^-0.706)))-1.12)*((-0.222+(0.275/v2))^-1.74)))
3490.5513269901276,0.1748517130213062,30.0,0.0,115.0,-0.9938855656204038,true,0.02067727515216994,0.01779673874506261,7.0,((((v2^0.113699707184297)+((v1*(0.0663276020855922/v2))+(-0.0242611953479936*v1)))-1.01125410885485)*((-0.0912079875422048-(-0.118348645023703/v2))^-2.03219661456883)),-0.9994899870135892,3.522180997855268e-5,0.018075546501069663,3.522180997855268e-5,71.0,0.0037560923614499224,((((v2^0.114)+((v1*(0.0663/v2))+(-0.0243*v1)))-1.01)*((-0.0912-(-0.118/v2))^-2.03))
3556.272574901581,0.16641242837512935,30.0,1.0,46.0,-0.9929861307137077,true,0.020591462068984934,0.024290901326119843,7.0,(((((v1+v2)*(-0.27386751372781+(v2^-0.741812840861802)))+(1.78290082299171*v2))-2.71263503257503)*(((0.39110578418261/v2)-0.314056474709415)^-1.78063110324065)),-0.9994965683713343,3.4767297371862955e-5,0.020687717392088568,3.4767297371862955e-5,106.0,0.0038884327750258424,(((((v1+v2)*(-0.274+(v2^-0.742)))+(1.78*v2))-2.71)*(((0.391/v2)-0.314)^-1.78))
3266.467705011368,0.16940870584977397,30.0,0.0,351.0,-0.9940554588805576,true,0.02786554133882657,0.019847870308733098,7.0,((((v1*(((v2--0.000163034271294147)^-0.759373251658954)-0.135054394232477))+(v2+v2))-2.25045083991741)*(((0.410183753962293/v2)-0.32369580682811)^-1.77778103731399)),-0.999426436041048,3.961067916118015e-5,0.020192470268520314,3.961067916118015e-5,81.0,0.003787673836078978,((((v1*(((v2--0.000163)^-0.759)-0.135))+(v2+v2))-2.25)*(((0.41/v2)-0.324)^-1.78))
3579.802458047867,0.17587783089275194,30.0,1.0,21.0,-0.9939580200989988,true,0.021027166199100444,0.01574807342897755,7.0,(((((v2-v1)*(0.0133640067035715+(-0.0423117226449565/v2)))+(v2^0.062977516429611))-0.978894660104217)*((-0.0723688882724856-(-0.0950064397946677/v2))^-2.02748501359081)),-0.9994872209459715,3.541283630653093e-5,0.01579071221749434,3.541283630653093e-5,106.0,0.003707926951839634,(((((v2-v1)*(0.0134+(-0.0423/v2)))+(v2^0.063))-0.979)*((-0.0724-(-0.095/v2))^-2.03))
1162.4890310764313,0.174396219322433,30.0,0.0,2660.0,-0.9938855656204038,true,0.020704470483064175,0.01770555783548989,7.0,((((v1*((0.0669335975408074/v2)-0.0244230808939143))+(v2^0.114823345629776))-1.01137882741088)*((((0.118890134048786+v2)/v2)-1.09161694808055)^-2.03208618544994)),-0.9994900324810864,3.5218669965277714e-5,0.01800945332719761,3.5218669965277714e-5,118.0,0.0037506870547783003,((((v1*((0.0669/v2)-0.0244))+(v2^0.115))-1.01)*((((0.119+v2)/v2)-1.09)^-2.03))
1965.9194009304047,0.17442345330094644,30.0,0.0,1751.0,-0.9938855656204038,true,0.020702191477910137,0.01770093186405411,7.0,((((v2^0.114906968168391)+((-0.0244355679095993*v1)+(v1*(0.0669789750881054/v2))))-1.01138803272536)*(((0.118931323633177/v2)-0.0916481134690562)^-2.03207787682579)),-0.9994900325396869,3.521866591829063e-5,0.018007447623221144,3.521866591829063e-5,71.0,0.0037505787363160937,((((v2^0.115)+((-0.0244*v1)+(v1*(0.067/v2))))-1.01)*(((0.119/v2)-0.0916)^-2.03))
2630.802165031433,0.16940504312026844,30.0,0.0,1029.0,-0.9940554588805576,true,0.027860402254968664,0.01986427237393204,7.0,((-2.25047507800845+((v1*(((v2--0.000159287537405416)^-0.759341047966972)-0.135011634325237))+(v2+v2)))*(((0.410147067171247/v2)-0.323630575889718)^-1.77784727607387)),-0.9994264347541445,3.961076803552711e-5,0.020099721627225363,3.961076803552711e-5,81.0,0.0037860805138057963,((-2.25+((v1*(((v2--0.000159)^-0.759)-0.135))+(v2+v2)))*(((0.41/v2)-0.324)^-1.78))
3590.3988630771637,0.16939827469133514,30.0,0.0,10.0,-0.9940554588805576,true,0.02788054760906339,0.0198522239277496,7.0,((((v1*(-0.135092115555602+((v2--0.00016424000539672)^-0.759395236711552)))+(v2+v2))-2.25042963720684)*((-0.323699657346463+(0.410189052223948/v2))^-1.77780372791932)),-0.9994264416341382,3.961029289893464e-5,0.02024158893595058,3.961029289893464e-5,81.0,0.003788559453783147,((((v1*(-0.135+((v2--0.000164)^-0.759)))+(v2+v2))-2.25)*((-0.324+(0.41/v2))^-1.78))
3564.7962141036987,0.18841277439403947,30.0,0.0,37.0,-0.9944152328432359,true,0.02581053808156164,0.014063354475495667,7.0,((-1.02577692025557+((v1*((-0.0396041875405467*v2)+(0.142176271356661/v2)))+(v2^0.299001519061331)))*(((0.176712885177378/v2)-0.133731798185429)^-2.00934969734143)),-0.999392407180789,4.1960733143650164e-5,0.015317011129340894,4.1960733143650164e-5,86.0,0.004043935413340829,((-1.03+((v1*((-0.0396*v2)+(0.142/v2)))+(v2^0.299)))*(((0.177/v2)-0.134)^-2.01))
2122.067228078842,0.18714906020463815,30.0,1.0,1580.0,-0.9941878756862655,true,0.032974868522927636,0.013462762128993958,6.0,((((v2+(v1*((v2/0.371206516473276)^-0.821242910359921)))-1.12980893475351)*((-0.175491323197502+(0.27503938076488/v2))^-1.83616333710015))*(exp(v2)-v2)),-0.9992569616612318,5.1314683884917355e-5,0.015108974592788576,5.1314683884917355e-5,367.0,0.004059683553416649,((((v2+(v1*((v2/0.371)^-0.821)))-1.13)*((-0.175+(0.275/v2))^-1.84))*(exp(v2)-v2))
3593.3053629398346,0.17572848982080766,30.0,0.0,7.0,-0.9930336008893389,true,0.02152464474024729,0.02768413793758378,7.0,((((v1*(-0.304755020618463+(v2^-0.708128963348612)))+((v2+v2)^0.903377309647538))-2.06576365084821)*((-0.309619772201291+(0.380101906622569/v2))^-1.75331990442915)),-0.9994933379874642,3.499038966531653e-5,0.023293247651581257,3.499038966531653e-5,76.0,0.00392462868010546,((((v1*(-0.305+(v2^-0.708)))+((v2+v2)^0.903))-2.07)*((-0.31+(0.38/v2))^-1.75))
3291.8940908908844,0.16949428952132153,30.0,0.0,324.0,-0.9939805059716661,true,0.027859498229100776,0.0198530557406646,7.0,(((v2+(v2+(v1*(-0.135020963324272+((0.000170275021403145+v2)^-0.759375969704274)))))-2.25046703957469)*(((0.410185017777607/v2)-0.323704597810275)^-1.77771833575308)),-0.9994264623219338,3.9608864187068474e-5,0.020428631095415834,3.9608864187068474e-5,81.0,0.0037901263766543475,(((v2+(v2+(v1*(-0.135+((0.00017+v2)^-0.759)))))-2.25)*(((0.41/v2)-0.324)^-1.78))
1991.604928970337,0.1697954539865261,30.0,0.0,1722.0,-0.9930535883317099,true,0.021889362842342164,0.02676022296487533,7.0,((-2.07630840161619+((v1*(-0.295127096233812+(v2^-0.711098782093966)))+((v2+v2)^0.908998192401976)))*(((0.381833299952943/v2)-0.310400299232493)^-1.75485259037157)),-0.9994936475736199,3.496900945532574e-5,0.02284859411963801,3.496900945532574e-5,76.0,0.003902993935971278,((-2.08+((v1*(-0.295+(v2^-0.711)))+((v2+v2)^0.909)))*(((0.382/v2)-0.31)^-1.75))
3597.0332930088043,0.17557606247780883,30.0,1.0,3.0,-0.9939880012625553,true,0.021039364582924047,0.016065513579980657,7.0,((((v2^0.0677586702368774)+((v2-v1)*((-0.0453424182579889/v2)--0.0142044173542254)))-0.977310642359422)*((-0.0748946874082395-(-0.0983408428747925/v2))^-2.02716812227502)),-0.9994869015838739,3.54348916490775e-5,0.01567990399783899,3.54348916490775e-5,106.0,0.0036982039205080293,((((v2^0.0678)+((v2-v1)*((-0.0453/v2)--0.0142)))-0.977)*((-0.0749-(-0.0983/v2))^-2.03))
3552.425425052643,0.18841044532228762,30.0,0.0,50.0,-0.994402740691754,true,0.025809544958837916,0.014063642677534025,7.0,((-1.025780495238+((v1*((-0.0396034516012018*v2)+(0.142187208546488/v2)))+(v2^0.299026777769442)))*((-0.133737214104734+(0.176720244407658/v2))^-2.00934716518049)),-0.9993924089506145,4.196061091841647e-5,0.015318496040679858,4.196061091841647e-5,86.0,0.004044042527813888,((-1.03+((v1*((-0.0396*v2)+(0.142/v2)))+(v2^0.299)))*((-0.134+(0.177/v2))^-2.01))
3588.477462053299,0.1861234018767495,30.0,1.0,12.0,-0.9942528348739713,true,0.03294370975894306,0.013910940392192385,6.0,((((v2+(v1*((2.69360617159312*v2)^-0.821412575057621)))-1.12980325365094)*(((0.275199793190517/v2)-0.175808325000599)^-1.83571692709266))*(exp(v2)-v2)),-0.9992562525201143,5.1363657605885574e-5,0.015278710305978127,5.1363657605885574e-5,367.0,0.0040951833447154026,((((v2+(v1*((2.69*v2)^-0.821)))-1.13)*(((0.275/v2)-0.176)^-1.84))*(exp(v2)-v2))
3403.070149898529,0.18772593764744064,30.0,1.0,207.0,-0.9941528976621162,true,0.03300941952420605,0.013319490264605376,6.0,((((v2+(v1*((0.371186754795649/v2)^0.821200450258698)))-1.1298016664317)*((-0.175328797867822+(0.274963511763998/v2))^-1.83643826153537))*(exp(v2)-v2)),-0.9992572503126202,5.1294749442800564e-5,0.015019996011344263,5.1294749442800564e-5,367.0,0.004041848428438975,((((v2+(v1*((0.371/v2)^0.821)))-1.13)*((-0.175+(0.275/v2))^-1.84))*(exp(v2)-v2))
3398.434390068054,0.1870336933927269,30.0,1.0,212.0,-0.9942578317345642,true,0.03296403644439616,0.013537385105724322,6.0,((((v2+(v1*((2.69382794318861*v2)^-0.821266599537001)))-1.12981317799899)*((-0.175553242346967-(-0.275072521885742/v2))^-1.83606244036178))*(exp(v2)-v2)),-0.9992568225245375,5.132429275045254e-5,0.015139769946387018,5.132429275045254e-5,367.0,0.004066746524023195,((((v2+(v1*((2.69*v2)^-0.821)))-1.13)*((-0.176-(-0.275/v2))^-1.84))*(exp(v2)-v2))
2825.4675331115723,0.17799989807754185,30.0,0.0,821.0,-0.9937831299782524,true,0.021042443626540286,0.017527512547105915,7.0,((((v1*(-0.0257061572235976+(0.0698610631822326/v2)))+((v2+v2)^0.110725806297495))-1.09156279588698)*((-0.0935505040606528-(-0.121363299802208/v2))^-2.03250119163351)),-0.999490499468192,3.518641954904881e-5,0.018097872705422978,3.518641954904881e-5,76.0,0.0037476575929368226,((((v1*(-0.0257+(0.0699/v2)))+((v2+v2)^0.111))-1.09)*((-0.0936-(-0.121/v2))^-2.03))
2873.174371957779,0.18813259444097633,30.0,0.0,770.0,-0.994402740691754,true,0.025736135010378525,0.014293847022825497,7.0,((-1.02621630525456+((v1*((-0.0394838183681729*v2)-(-0.143469341709104/v2)))+(v2^0.30198963498192)))*((-0.134355574016976-(-0.177577207439839/v2))^-2.00908671609145)),-0.999392556549009,4.19504176826686e-5,0.015468389414888617,4.19504176826686e-5,86.0,0.004054304876263487,((-1.03+((v1*((-0.0395*v2)-(-0.143/v2)))+(v2^0.302)))*((-0.134-(-0.178/v2))^-2.01))
3585.6922419071198,0.17589480051474926,30.0,1.0,15.0,-0.9938880640507002,true,0.021018216570012183,0.015454816747359724,7.0,(((((v2-v1)*(0.0129319265300996+(-0.0407787785448356/v2)))+(v2^0.0605755337717177))-0.979691512408754)*(((0.0932713084828321/v2)-0.0710539266009548)^-2.02764286177392)),-0.9994872945233545,3.540775500729086e-5,0.015835844118765225,3.540775500729086e-5,106.0,0.0037125968736440302,(((((v2-v1)*(0.0129+(-0.0408/v2)))+(v2^0.0606))-0.98)*(((0.0933/v2)-0.0711)^-2.03))
1552.2469971179962,0.1701917331502413,30.0,0.0,2211.0,-0.9927662688476263,true,0.020894459517709463,0.02641910258191906,7.0,(((v2+(v1*(-0.014046964657952+((v2*(2.33010476484867+v2))^-0.6932703213597))))-1.11922724861225)*((-0.223748194273792-(-0.274362877261208/v2))^-1.7276416333905)),-0.999496519904416,3.477064452699783e-5,0.020915046036972234,3.477064452699783e-5,111.0,0.003899528941813204,(((v2+(v1*(-0.014+((v2*(2.33+v2))^-0.693))))-1.12)*((-0.224-(-0.274/v2))^-1.73))
3471.5033280849457,0.18841423293533485,30.0,0.0,135.0,-0.994402740691754,true,0.02580576752559316,0.014063369012861012,7.0,((-1.02578893313219+((v1*((-0.0396021108137806*v2)+(0.142213668331155/v2)))+(v2^0.299087799966089)))*((-0.133750502995289-(-0.176738146307525/v2))^-2.00934098511992)),-0.9993924139148745,4.196026808357177e-5,0.015321586328270017,4.196026808357177e-5,86.0,0.0040443030132138996,((-1.03+((v1*((-0.0396*v2)+(0.142/v2)))+(v2^0.299)))*((-0.134-(-0.177/v2))^-2.01))
3095.023199081421,0.18984311199889609,30.0,0.0,533.0,-0.994402740691754,true,0.02551742794849149,0.014289979076161415,7.0,((((v1*((0.14362354243832/v2)-(0.0395315868280512*v2)))+(v2^0.302329873451959))-1.02623942651477)*((-0.134455904177892+(0.17769441536978/v2))^-2.00901591197999)),-0.9993926073070668,4.194691230003417e-5,0.015447058749106152,4.194691230003417e-5,86.0,0.004058102071952608,((((v1*((0.144/v2)-(0.0395*v2)))+(v2^0.302))-1.03)*((-0.134+(0.178/v2))^-2.01))
3294.0060698986053,0.16851672751870606,30.0,0.0,322.0,-0.9930385977499315,true,0.02114080464248691,0.02753028828985604,7.0,((-2.19398595647763+((v1*((v2^-0.720388610214739)-0.308158285361447))+(v2+(v2^0.690119637415458))))*(((0.382853159326254/v2)-0.310922167315663)^-1.76557388917224)),-0.9994945412744975,3.490728992399883e-5,0.02344471370992189,3.490728992399883e-5,76.0,0.003970355573410233,((-2.19+((v1*((v2^-0.72)-0.308))+(v2+(v2^0.69))))*(((0.383/v2)-0.311)^-1.77))
2084.5440208911896,0.1661238589831572,30.0,0.0,1621.0,-0.9929761369925222,true,0.02227686414132124,0.018875324916944325,7.0,(0.000799526273865389+(((v2+(v1*((v2*(2.37778877132741+v2))^-0.70502051250557)))-1.12102659774178)*((-0.221874105087906+(0.274506615058641/v2))^-1.73848766193929))),-0.9994973952836238,3.4710190301442097e-5,0.016186240252267694,3.4710190301442097e-5,102.0,0.00366754109969267,(0.0008+(((v2+(v1*((v2*(2.38+v2))^-0.705)))-1.12)*((-0.222+(0.275/v2))^-1.74)))
3147.168459892273,0.1655803440310047,30.0,0.0,478.0,-0.9929761369925222,true,0.022261742454254052,0.01872278131911563,7.0,(0.000757128903156318+(((v2+(v1*((v2*(v2--2.37739664492919))^-0.705107062539343)))-1.12103162346554)*((-0.222050414833018-(-0.274600717425419/v2))^-1.73819759097059))),-0.9994971482846575,3.472724820170759e-5,0.01600142506910824,3.472724820170759e-5,102.0,0.0036720594948018597,(0.000757+(((v2+(v1*((v2*(v2--2.38))^-0.705)))-1.12)*((-0.222-(-0.275/v2))^-1.74)))
295.34791111946106,0.17735151502518545,30.0,0.0,3700.0,-0.9938231048629943,true,0.021019993051540842,0.0176760430501299,7.0,((((v1*(-0.0259379208337597+(0.0706843811572896/v2)))+((v2+v2)^0.112021324699291))-1.09269867153867)*((-0.0940936340838788+(0.12208079825236/v2))^-2.03237479939475)),-0.9994905613637589,3.518214500319093e-5,0.018044800851425884,3.518214500319093e-5,76.0,0.0037444414485250078,((((v1*(-0.0259+(0.0707/v2)))+((v2+v2)^0.112))-1.09)*((-0.0941+(0.122/v2))^-2.03))
3598.040556907654,10.36013932921098,30.0,0.0,2.0,-0.9392823714930598,true,0.16406164972370973,0.4026309782096919,7.0,((-2.48465487335127+((v1*(((v2--0.645879792052507)^-3.78363110180272)--1.19262322489295))+(v2+v2)))*(((0.26631242684349/v2)^-2.05506497560965)--0.0110282775583149)),-0.9502597702590219,0.0034350908053449062,0.6990092646362301,0.0034350908053449062,81.0,0.047924202898393005,((-2.48+((v1*(((v2--0.646)^-3.78)--1.19))+(v2+v2)))*(((0.266/v2)^-2.06)--0.011))
1244.2844259738922,0.17441979676958333,30.0,0.0,2564.0,-0.9938855656204038,true,0.020702497379545326,0.01770154725964889,7.0,((((v1*((0.0669729129871431/v2)-0.0244338999754775))+(v2*(v2^-0.885104203521128)))-1.01138680287791)*(((0.118925821558595/v2)-0.0916439504417902)^-2.03207898685627)),-0.9994900325429905,3.521866569013946e-5,0.01800771499287594,3.521866569013946e-5,86.0,0.0037505931372548637,((((v1*((0.067/v2)-0.0244))+(v2*(v2^-0.885)))-1.01)*(((0.119/v2)-0.0916)^-2.03))
3398.35059094429,0.16766711789574534,30.0,0.0,212.0,-0.9930385977499315,true,0.021014496993633558,0.027774602133224535,7.0,((((v2^0.686706568050958)+(v2+(v1*(-0.310095517398443+(v2^-0.719770955371869)))))-2.19333788069559)*(((0.382478872268257/v2)-0.310735264704949)^-1.76526698702692)),-0.9994946645932989,3.489877345186394e-5,0.023572306255901808,3.489877345186394e-5,76.0,0.003975917696406034,((((v2^0.687)+(v2+(v1*(-0.31+(v2^-0.72)))))-2.19)*(((0.382/v2)-0.311)^-1.77))
2456.5281109809875,0.16654124977855428,30.0,0.0,1216.0,-0.9930385977499315,true,0.021047802420243678,0.02772263423769213,7.0,(((v2+((v1*((v2^-0.720154214872583)-0.308692081925423))+(v2^0.689163072375414)))-2.19380648807506)*((-0.310844693585814+(0.382720715941336/v2))^-1.76544480561535)),-0.9994948462367405,3.488622904426681e-5,0.02350144980255817,3.488622904426681e-5,76.0,0.00396751606431809,(((v2+((v1*((v2^-0.72)-0.309))+(v2^0.689)))-2.19)*((-0.311+(0.383/v2))^-1.77))
3292.028736114502,0.1627417432495641,30.0,0.0,324.0,-0.9929436573986693,true,0.02101510391026118,0.02779264714821002,7.0,((-2.19444430276201+(v2+((v1*((v2^-0.720582824089366)-0.306781210555274))+(v2^0.692476442584414))))*(((0.383004550057348/v2)-0.310949964605919)^-1.76563157722682)),-0.9994945541377745,3.490640157819497e-5,0.02344694610322199,3.490640157819497e-5,76.0,0.003953167328647287,((-2.19+(v2+((v1*((v2^-0.721)-0.307))+(v2^0.692))))*(((0.383/v2)-0.311)^-1.77))
3376.541615962982,0.1785868156133713,30.0,0.0,235.0,-0.9937831299782524,true,0.021061343016811784,0.017480439237141907,7.0,((-1.09197381466225+((v1*(-0.0257924963190943+(0.0701602212718411/v2)))+((v2+v2)^0.111196748880324)))*((-0.0937516390958641+(0.121628624396418/v2))^-2.03245492221458)),-0.9994905191180207,3.5185062519811617e-5,0.018080960129457275,3.5185062519811617e-5,76.0,0.0037456729672893556,((-1.09+((v1*(-0.0258+(0.0702/v2)))+((v2+v2)^0.111)))*((-0.0938+(0.122/v2))^-2.03))
1874.6404058933258,0.1743923330387763,30.0,0.0,1851.0,-0.9938855656204038,true,0.020704795821329447,0.017706226035402374,7.0,((((v1*(-0.0244212868049818+(0.0669270790898765/v2)))+((v2*v2)^0.0574056669016345))-1.01137750519712)*((-0.0916124705765764+(0.118884216419915/v2))^-2.03208737889203)),-0.9994900324569388,3.5218671632926386e-5,0.0180097422633546,3.5218671632926386e-5,81.0,0.0037507027131809955,((((v1*(-0.0244+(0.0669/v2)))+((v2*v2)^0.0574))-1.01)*((-0.0916+(0.119/v2))^-2.03))
2825.5981030464172,0.17851403512888678,30.0,0.0,821.0,-0.9937831299782524,true,0.021059007796105533,0.017486381062448462,7.0,((((v1*((0.0701242494043677/v2)-0.0257821204330523))+((v2+v2)^0.11114012183282))-1.09192438760532)*(((0.121596738191747/v2)-0.0937274676636033)^-2.03246048626084)),-0.9994905179482162,3.518514330722995e-5,0.01808299626526485,3.518514330722995e-5,76.0,0.0037459142554568175,((((v1*((0.0701/v2)-0.0258))+((v2+v2)^0.111))-1.09)*(((0.122/v2)-0.0937)^-2.03))
2984.7110919952393,0.16652181576018915,30.0,1.0,651.0,-0.9929861307137077,true,0.020612658400416983,0.024298663342082603,7.0,(((((v1+v2)*(-0.273841217065151+(v2^-0.741876539935226)))+(1.78307623681668*v2))-2.71283571528986)*((-0.314104724085134+(0.391149551424841/v2))^-1.78064322811492)),-0.9994966111777801,3.4764341132432e-5,0.020657860037546567,3.4764341132432e-5,106.0,0.0038872655369745447,(((((v1+v2)*(-0.274+(v2^-0.742)))+(1.78*v2))-2.71)*((-0.314+(0.391/v2))^-1.78))
3549.4582018852234,0.18841035866952266,30.0,0.0,53.0,-0.994402740691754,true,0.02580899719097468,0.014063642205789782,7.0,((-1.02578185913764+((v1*((-0.0396032256883449*v2)-(-0.142191472879123/v2)))+(v2^0.299036619023892)))*((-0.133739353412537+(0.176723126121467/v2))^-2.00934616719646)),-0.9993924096820376,4.196056040589177e-5,0.015319021252627806,4.196056040589177e-5,86.0,0.004044084616344885,((-1.03+((v1*((-0.0396*v2)-(-0.142/v2)))+(v2^0.299)))*((-0.134+(0.177/v2))^-2.01))
3546.642515897751,0.17471482005633393,30.0,1.0,56.0,-0.9942053646983402,true,0.022364236251475322,0.016669570442431482,7.0,(((((v2-v1)*(0.019679666012044-(0.0668987445194643/v2)))+(v2^0.102941690104925))-0.965731183091116)*(((0.119545774279626/v2)-0.0909132650280774)^-2.02480232159488)),-0.9994787666412598,3.599669578068898e-5,0.01525294498592099,3.599669578068898e-5,106.0,0.003685996423483908,(((((v2-v1)*(0.0197-(0.0669/v2)))+(v2^0.103))-0.966)*(((0.12/v2)-0.0909)^-2.02))
3581.7522509098053,0.18845581309499065,30.0,0.0,19.0,-0.9944327218553106,true,0.025798727313999015,0.014059909207059434,7.0,((-1.02579552726025+((v1*((-0.0396018865840722*v2)-(-0.142235596434852/v2)))+(v2^0.299138005199892)))*(((0.176753237846872/v2)-0.133761800502027)^-2.00933602845997)),-0.9993924217904003,4.195972419492498e-5,0.015322278164617816,4.195972419492498e-5,86.0,0.004044502687304076,((-1.03+((v1*((-0.0396*v2)-(-0.142/v2)))+(v2^0.299)))*(((0.177/v2)-0.134)^-2.01))
3321.4383590221405,0.16559362776432343,30.0,0.0,293.0,-0.9929761369925222,true,0.022261261166789448,0.01872617020224277,7.0,(0.000753956373720576+(((v2+(v1*((v2*(2.37739454058454+v2))^-0.705105963511799)))-1.12103197796228)*((-0.222048423099162-(-0.274599226352701/v2))^-1.73819510638581))),-0.9994971406181602,3.47277776547203e-5,0.015986554835511996,3.47277776547203e-5,102.0,0.0036723194394611344,(0.000754+(((v2+(v1*((v2*(2.38+v2))^-0.705)))-1.12)*((-0.222-(-0.275/v2))^-1.74)))
3099.9513540267944,0.18695889246202718,30.0,1.0,528.0,-0.9942578317345642,true,0.032970090827062315,0.013561720519084206,6.0,((((v2+(v1*((v2/0.371228156109131)^-0.82129346611595)))-1.12981371898943)*(((0.275088651275811/v2)-0.175576688081655)^-1.8360438834501))*(exp(v2)-v2)),-0.9992567510229867,5.1329230691446797e-5,0.015151954662607787,5.1329230691446797e-5,367.0,0.004069916811505605,((((v2+(v1*((v2/0.371)^-0.821)))-1.13)*(((0.275/v2)-0.176)^-1.84))*(exp(v2)-v2))
1937.6881470680237,0.16952754782565638,30.0,0.0,1782.0,-0.9939805059716661,true,0.027878943582242854,0.01986811072967386,7.0,(((v2+(v2+(v1*(((v2--0.000169388854539764)^-0.759398106796281)-0.135063262713595))))-2.25044405215165)*((-0.323691329592011+(0.410184611982104/v2))^-1.7777775411823)),-0.9994264666567094,3.960856482480124e-5,0.020418705215427324,3.960856482480124e-5,81.0,0.003790576921091822,(((v2+(v2+(v1*(((v2--0.000169)^-0.759)-0.135))))-2.25)*((-0.324+(0.41/v2))^-1.78))
3299.600384950638,0.16777454481402929,30.0,0.0,316.0,-0.9941503992318198,true,0.0324853091380487,0.0151922090145589,7.0,(((v2+(v1*((v2/0.373402223136322)^-0.811999947079646)))-1.13409703115707)*((0.0386084677516845+((-0.11166990865814+(0.0765530946367993/v2))/v2))^-0.913048511037598)),-0.9992867311715784,4.925878322254021e-5,0.015284408787941893,4.925878322254021e-5,133.0,0.003948284945466715,(((v2+(v1*((v2/0.373)^-0.812)))-1.13)*((0.0386+((-0.112+(0.0766/v2))/v2))^-0.913))
3126.3271288871765,0.18732023508151396,30.0,1.0,500.0,-0.9941878756862655,true,0.03298989411683012,0.013378966450186235,6.0,((((v2+(v1*((0.37120201629011/v2)^0.821204895315518)))-1.12981447876587)*(((0.275002140082458/v2)-0.175414591782843)^-1.83627197430201))*(exp(v2)-v2)),-0.9992570886071798,5.130591691980946e-5,0.015074514325764694,5.130591691980946e-5,367.0,0.004052671131159113,((((v2+(v1*((0.371/v2)^0.821)))-1.13)*(((0.275/v2)-0.175)^-1.84))*(exp(v2)-v2))
3588.598503112793,0.175849353102185,30.0,1.0,12.0,-0.9937856284085487,true,0.021005006532436588,0.015236107186316312,7.0,((((v2^0.0581999722810527)+((v2-v1)*(0.0124981032241058-(0.0392559185375718/v2))))-0.980480282809169)*((-0.0697208431679614+(0.0915130367894346/v2))^-2.02779941092393)),-0.9994872950120773,3.54077212557906e-5,0.015871761654541405,3.54077212557906e-5,106.0,0.003716818253914784,((((v2^0.0582)+((v2-v1)*(0.0125-(0.0393/v2))))-0.98)*((-0.0697+(0.0915/v2))^-2.03))
3597.0139529705048,0.18559830338199274,30.0,0.0,3.0,-0.9933633936884608,true,0.04520035385015181,0.05826296384678532,7.0,(((v2+((v1*((0.468005452373626/v2)--0.116121303567717))+(v2^0.266887476277625)))-2.17691566241978)*((-0.241067403419135-(-0.338160575796403/v2))^-1.97051685200323)),-0.9987034416264565,8.954111733591349e-5,0.0388376927442384,8.954111733591349e-5,76.0,0.006461629471692909,(((v2+((v1*((0.468/v2)--0.116))+(v2^0.267)))-2.18)*((-0.241-(-0.338/v2))^-1.97))
1180.290071964264,0.16729849487927675,30.0,0.0,2639.0,-0.9930385977499315,true,0.0211882108168861,0.027452688872975906,7.0,((((v1*((v2^-0.720869982571107)-0.306406728522809))+(v2+(v2^0.693187739389698)))-2.19457065248767)*((-0.31106064550754+(0.383156737295875/v2))^-1.76579707800664)),-0.9994947884329292,3.4890221010967055e-5,0.023353837168788118,3.4890221010967055e-5,76.0,0.0039603609137821355,((((v1*((v2^-0.721)-0.306))+(v2+(v2^0.693)))-2.19)*((-0.311+(0.383/v2))^-1.77))
2717.1854588985443,0.1696714179916914,30.0,0.0,936.0,-0.9940154839958155,true,0.02787666632130048,0.019859870886358426,7.0,((((v1*(-0.135066818852308+((0.000167361860128386+v2)^-0.759377322267819)))+(v2+v2))-2.25043782091407)*((-0.323649954045591-(-0.410159219922898/v2))^-1.77781626251083)),-0.9994265188260354,3.960496197912203e-5,0.020364119870387352,3.960496197912203e-5,81.0,0.0037882736093678973,((((v1*(-0.135+((0.000167+v2)^-0.759)))+(v2+v2))-2.25)*((-0.324-(-0.41/v2))^-1.78))
3598.09894490242,0.1603921935151989,30.0,0.0,2.0,-0.9929086793745199,true,0.0200448229748747,0.03194563013326119,7.0,((((v1*(-0.335983021184+(v2^-0.69748728845247)))+((v2+v2)^0.883973296651475))-2.03086527329406)*((-0.306453322468259-(-0.373841211430147/v2))^-1.74801429240027)),-0.9994895658555726,3.525089540975899e-5,0.02576205871072978,3.525089540975899e-5,76.0,0.004091324996286992,((((v1*(-0.336+(v2^-0.697)))+((v2+v2)^0.884))-2.03)*((-0.306-(-0.374/v2))^-1.75))
2991.9912610054016,0.16597869613324462,30.0,0.0,643.0,-0.9930136134469678,true,0.020918561257685653,0.02796776678422285,7.0,(((v2+((v1*((v2^-0.719479367234045)-0.310835788199122))+(v2^0.685383397304218)))-2.19309003198745)*((-0.310640110284108-(-0.382309754218664/v2))^-1.76511215416322)),-0.9994948240644952,3.4887760273137116e-5,0.023639753700315357,3.4887760273137116e-5,76.0,0.003975026337389738,(((v2+((v1*((v2^-0.719)-0.311))+(v2^0.685)))-2.19)*((-0.311-(-0.382/v2))^-1.77))
2554.12654709816,0.169505286101624,30.0,0.0,1111.0,-0.9940554588805576,true,0.0278599646061104,0.019845359601042414,7.0,((((v1*(((v2--0.000162512183219298)^-0.759358780326273)-0.135041925852399))+(v2+v2))-2.25045568374716)*((-0.323676212300466+(0.410171220990503/v2))^-1.77778724317265)),-0.9994264619124245,3.9608892468034395e-5,0.020178161049789263,3.9608892468034395e-5,81.0,0.0037866919245720296,((((v1*(((v2--0.000163)^-0.759)-0.135))+(v2+v2))-2.25)*((-0.324+(0.41/v2))^-1.78))
3599.029850959778,0.17604247187389302,30.0,1.0,1.0,-0.9939580200989988,true,0.021025793751703437,0.015494043496610807,7.0,((((v2^0.0614772516615014)+((v2-v1)*((-0.0413562202641593/v2)--0.0130960260617805)))-0.979392174616082)*(((0.0939341905354736/v2)-0.0715565144719456)^-2.0275830686662)),-0.999487250616078,3.541078727075984e-5,0.015838625090103153,3.541078727075984e-5,106.0,0.0037118548671106776,((((v2^0.0615)+((v2-v1)*((-0.0414/v2)--0.0131)))-0.979)*(((0.0939/v2)-0.0716)^-2.03))
3584.6280829906464,0.1627117028894133,30.0,0.0,16.0,-0.9928786982109634,true,0.020130220944152732,0.029863660299162806,7.0,(((v2+((v1*((v2^-0.715299504657324)-0.323818755545589))+(v2^0.662507060468877)))-2.18874547724363)*(((0.379789635600275/v2)-0.309382025581493)^-1.76301615388169)),-0.9994934465724259,3.498289072119321e-5,0.024512699739471483,3.498289072119321e-5,76.0,0.004035158022956762,(((v2+((v1*((v2^-0.715)-0.324))+(v2^0.663)))-2.19)*(((0.38/v2)-0.309)^-1.76))
1425.1928460597992,0.16801717151083528,30.0,0.0,2356.0,-0.9941503992318198,true,0.03249434876594576,0.015879152579727003,7.0,((-1.13409834998364+(v2+(v1*((v2/0.373398435251833)^-0.811980190721781))))*((0.0384907642079714+((-0.11153166535197+(0.0765227570063765/v2))/v2))^-0.91315609447606)),-0.9992867163934738,4.9259803807518766e-5,0.015385994152739857,4.9259803807518766e-5,133.0,0.0039487515836662416,((-1.13+(v2+(v1*((v2/0.373)^-0.812))))*((0.0385+((-0.112+(0.0765/v2))/v2))^-0.913))
1974.08615899086,0.17524550177026935,30.0,0.0,1742.0,-0.9938855656204038,true,0.02095003119529537,0.017475615012529807,7.0,((((v1*(-0.0265754549202296+(0.0729835359733198/v2)))+((v2+v2)^0.115637972750306))-1.09587839778574)*(((0.124062928148216/v2)-0.0955930196845635)^-2.03202215560284)),-0.9994904666874288,3.518868340867573e-5,0.01789777064263468,3.518868340867573e-5,76.0,0.003735911754434105,((((v1*(-0.0266+(0.073/v2)))+((v2+v2)^0.116))-1.1)*(((0.124/v2)-0.0956)^-2.03))
1014.3595728874207,0.17560502352209129,30.0,0.0,2835.0,-0.9930336008893389,true,0.02151826115767097,0.027703060562357495,7.0,((-2.06561631563865+((v1*(-0.304886624074303+(v2^-0.708083746831867)))+((v2+v2)^0.903295066462461)))*((-0.309606230341551+(0.380075287970805/v2))^-1.75329736902533)),-0.999493362934806,3.498866678658294e-5,0.023304748680387777,3.498866678658294e-5,76.0,0.003925361158846705,((-2.07+((v1*(-0.305+(v2^-0.708)))+((v2+v2)^0.903)))*((-0.31+(0.38/v2))^-1.75))
2016.9097259044647,0.16960024199956375,30.0,0.0,1695.0,-0.9939805059716661,true,0.027853409470364188,0.01985683582324523,7.0,(((v2+(v2+(v1*(-0.134994862300833+((0.000173441642926853+v2)^-0.759368889368246)))))-2.25047940148387)*((-0.32369578735825+(0.410177975743984/v2))^-1.77769331802071)),-0.999426487019216,3.960715857759874e-5,0.020533991151890026,3.960715857759874e-5,81.0,0.0037908230511919374,(((v2+(v2+(v1*(-0.135+((0.000173+v2)^-0.759)))))-2.25)*((-0.324+(0.41/v2))^-1.78))
2855.388855934143,0.16563851585364817,30.0,0.0,789.0,-0.9929761369925222,true,0.02223223423678744,0.018842556104478617,7.0,(0.000773539582697234+(((v2+(v1*((v2*(v2--2.37753192098958))^-0.705028809030201)))-1.1210457346799)*(((0.274573419656908/v2)-0.222017434912611)^-1.73818042484798))),-0.999497188515366,3.472446984427928e-5,0.016074446679209153,3.472446984427928e-5,102.0,0.0036696867609843516,(0.000774+(((v2+(v1*((v2*(v2--2.38))^-0.705)))-1.12)*(((0.275/v2)-0.222)^-1.74)))
3452.6364619731903,0.1752742539569581,30.0,0.0,155.0,-0.9938855656204038,true,0.020950942397089833,0.017469970347051677,7.0,((-1.09593837318398+((v1*(-0.026587529763883+(0.0730269277586412/v2)))+((v2+v2)^0.115706228407845)))*((-0.0956213824063624-(-0.124100405778772/v2))^-2.03201545894766)),-0.999490470973171,3.5188387432694084e-5,0.01789517349730457,3.5188387432694084e-5,76.0,0.0037356827950852287,((-1.1+((v1*(-0.0266+(0.073/v2)))+((v2+v2)^0.116)))*((-0.0956-(-0.124/v2))^-2.03))
2655.397264957428,0.16941119605292015,30.0,0.0,1003.0,-0.9940154839958155,true,0.027885273004739586,0.01985947697136435,7.0,((((v1*(-0.135095450715032+((0.000167790132010648+v2)^-0.759412020220458)))+(v2+v2))-2.25042800729448)*((-0.323716857200069+(0.410200045631716/v2))^-1.77777931650543)),-0.9994264404743151,3.961037299703216e-5,0.020356658542685875,3.961037299703216e-5,81.0,0.0037904320709100632,((((v1*(-0.135+((0.000168+v2)^-0.759)))+(v2+v2))-2.25)*((-0.324+(0.41/v2))^-1.78))
1418.2865159511566,0.16715557967272948,30.0,0.0,2364.0,-0.9930385977499315,true,0.02116223916211246,0.027502651487259704,7.0,((-2.19442937841866+((v1*(-0.306829260219461+(v2^-0.720738010881111)))+(v2+(v2^0.692443680805137))))*(((0.383076263416671/v2)-0.311020822988809)^-1.76573224861826)),-0.9994948053929867,3.488904973897893e-5,0.023381134897704464,3.488904973897893e-5,76.0,0.003961673159796905,((-2.19+((v1*(-0.307+(v2^-0.721)))+(v2+(v2^0.692))))*(((0.383/v2)-0.311)^-1.77))
3222.165785074234,0.16944977195168576,30.0,0.0,398.0,-0.9940554588805576,true,0.027872946145579558,0.019850656462186016,7.0,((((v1*(-0.135073132571788+((v2--0.000163645697099027)^-0.759382185362886)))+(v2+v2))-2.25043950280479)*(((0.410182854405724/v2)-0.3236911054537)^-1.77779716396105)),-0.9994264505617502,3.960967635257244e-5,0.020219279695614795,3.960967635257244e-5,81.0,0.0037879093726837583,((((v1*(-0.135+((v2--0.000164)^-0.759)))+(v2+v2))-2.25)*(((0.41/v2)-0.324)^-1.78))
3598.911479949951,0.16606170072993018,30.0,0.0,1.0,-0.9940954337652995,true,0.032479119462992145,0.013305174216077697,7.0,(((v2+(v1*((2.67699399725627*v2)^-0.812636214843595)))-1.13405649369896)*((0.0390319949952816+((-0.112388067201536+(0.0768205549120175/v2))/v2))^-0.912557535720848)),-0.9992858116877282,4.932228334177516e-5,0.014951952910403457,4.932228334177516e-5,133.0,0.003985191850881685,(((v2+(v1*((2.68*v2)^-0.813)))-1.13)*((0.039+((-0.112+(0.0768/v2))/v2))^-0.913))
2529.989438056946,0.16944371709651448,30.0,0.0,1137.0,-0.9940554588805576,true,0.027883068517991827,0.01985670717612079,7.0,((((v1*(-0.135093774646846+((0.000163817102901682+v2)^-0.759392807122578)))+(v2+v2))-2.25042794692001)*(((0.410180581727292/v2)-0.32368281124623)^-1.77782547620234)),-0.9994264540214695,3.960943742223215e-5,0.02023690226656453,3.960943742223215e-5,81.0,0.003788260409000386,((((v1*(-0.135+((0.000164+v2)^-0.759)))+(v2+v2))-2.25)*(((0.41/v2)-0.324)^-1.78))
1400.003007888794,0.1744442053256011,30.0,0.0,2385.0,-0.9938855656204038,true,0.020700455895395042,0.017697472215443613,7.0,((((v2^0.114970049162628)+((v1*(0.0670132036894653/v2))+(-0.0244449842343098*v1)))-1.01139497734511)*(((0.118962386989139/v2)-0.0916716167632718)^-2.03207160888351)),-0.9994900324561093,3.521867169020664e-5,0.01800594131474454,3.521867169020664e-5,71.0,0.003750497827304343,((((v2^0.115)+((v1*(0.067/v2))+(-0.0244*v1)))-1.01)*(((0.119/v2)-0.0917)^-2.03))
2207.0526859760284,0.17592886189650117,30.0,0.0,1487.0,-0.9938630797477364,true,0.020973026860403476,0.01771111764239571,7.0,(((((v2+v2)^0.112301617565874)+(v1*(-0.0259848360238992+(0.0708627041639163/v2))))-1.09294733345671)*(((0.122229161069722/v2)-0.0942054718795537)^-2.03234807678654)),-0.9994904715729358,3.518834601256975e-5,0.01802967815892344,3.518834601256975e-5,76.0,0.0037450172617733853,(((((v2+v2)^0.112)+(v1*(-0.026+(0.0709/v2))))-1.09)*(((0.122/v2)-0.0942)^-2.03))
3599.0736010074615,0.1752433228269365,30.0,1.0,1.0,-0.993992998123148,true,0.020972858568721442,0.016302341139829774,7.0,((((v2^0.074636988099842)+((v2-v1)*(0.0153870244015459-(0.0496710098562877/v2))))-0.975036126692747)*(((0.102934565484854/v2)-0.0783883452729294)^-2.02660079216498)),-0.999486047698732,3.549386148124798e-5,0.01552401640914523,3.549386148124798e-5,106.0,0.0036914371226170776,((((v2^0.0746)+((v2-v1)*(0.0154-(0.0497/v2))))-0.975)*(((0.103/v2)-0.0784)^-2.03))
3496.4265100955963,0.17561842614905038,30.0,1.0,109.0,-0.9939580200989988,true,0.02103717093334556,0.016026127291207955,7.0,((((v2^0.0664000007370001)+((v2-v1)*((-0.0444830873581799/v2)--0.0139673265728998)))-0.977760553424611)*((-0.0741853687256768+(0.0974048464076912/v2))^-2.02726136615452)),-0.999487009131687,3.542746433107531e-5,0.015707066965735445,3.542746433107531e-5,106.0,0.003700646853752344,((((v2^0.0664)+((v2-v1)*((-0.0445/v2)--0.014)))-0.978)*((-0.0742+(0.0974/v2))^-2.03))
2704.0327339172363,0.17817488267181464,30.0,0.0,951.0,-0.9937831299782524,true,0.021048094760889147,0.017513685773913188,7.0,((-1.0916884039502+((v1*(-0.0257325564124424+(0.0699524932746606/v2)))+((v2+v2)^0.110869739622203)))*(((0.121444424647805/v2)-0.0936120037021138)^-2.0324870514391)),-0.9994905077925104,3.5185844666511806e-5,0.018092708575546342,3.5185844666511806e-5,76.0,0.0037470563004132315,((-1.09+((v1*(-0.0257+(0.07/v2)))+((v2+v2)^0.111)))*(((0.121/v2)-0.0936)^-2.03))
2694.6244258880615,0.16568224237246965,30.0,0.0,961.0,-0.9929761369925222,true,0.022264555209625947,0.018734132914231146,7.0,(0.000753394787735791+(((v2+(v1*((v2*(2.37740373921289+v2))^-0.705098465199235)))-1.12103316519554)*(((0.274589916123311/v2)-0.222028747405277)^-1.73822381880155))),-0.99949714944222,3.472716825972799e-5,0.01598388984256567,3.472716825972799e-5,102.0,0.0036727688215564074,(0.000753+(((v2+(v1*((v2*(2.38+v2))^-0.705)))-1.12)*(((0.275/v2)-0.222)^-1.74)))
3598.0183670520782,0.17552020722992834,30.0,1.0,2.0,-0.9939880012625553,true,0.02104231680422053,0.016164963020664454,7.0,(((((v2-v1)*(0.0145171038876039-(0.0464833369253723/v2)))+(v2^0.0695674492249313))-0.976711999734965)*((-0.0758263269066331+(0.0995704587606586/v2))^-2.02704388365728)),-0.9994867331342061,3.544652488655921e-5,0.0156480188992604,3.544652488655921e-5,106.0,0.00369582270455029,(((((v2-v1)*(0.0145-(0.0465/v2)))+(v2^0.0696))-0.977)*((-0.0758+(0.0996/v2))^-2.03))
3534.158035993576,0.16596904458776873,30.0,0.0,69.0,-0.9929236699562982,true,0.020200275206390617,0.029881727617497883,7.0,((((v1*(-0.324604164901526+(v2^-0.715171395002864)))+(v2+(v2^0.661163709577113)))-2.18848309688389)*((-0.309359262983654+(0.379695178166102/v2))^-1.76297054015628)),-0.9994934902266897,3.4979875930934026e-5,0.024501986456303006,3.4979875930934026e-5,76.0,0.004040294079087226,((((v1*(-0.325+(v2^-0.715)))+(v2+(v2^0.661)))-2.19)*((-0.309+(0.38/v2))^-1.76))
3560.86567401886,0.16893392675811122,30.0,0.0,41.0,-0.9939805059716661,true,0.027885605852627338,0.019830562237337066,7.0,(((v2+(v2+(v1*(-0.135153590815877+((v2--0.000175811750185871)^-0.759510363878038)))))-2.25040829362074)*((-0.323974284043971+(0.41034719973756/v2))^-1.77752313617267)),-0.9994262488629615,3.962360579475495e-5,0.020503280388212815,3.962360579475495e-5,81.0,0.0037976792553311616,(((v2+(v2+(v1*(-0.135+((v2--0.000176)^-0.76)))))-2.25)*((-0.324+(0.41/v2))^-1.78))
3441.258378982544,0.16940330365496442,30.0,0.0,167.0,-0.9940154839958155,true,0.02786707579257869,0.01985448554776385,7.0,((((v1*(((0.00016595232867391+v2)^-0.759374471082555)-0.135041868709576))+(v2+v2))-2.25045702016675)*((-0.323686641382505+(0.410177296611685/v2))^-1.77777558275406)),-0.9994264452373501,3.9610044058909524e-5,0.020299270838091042,3.9610044058909524e-5,81.0,0.0037887988727331665,((((v1*(((0.000166+v2)^-0.759)-0.135))+(v2+v2))-2.25)*((-0.324+(0.41/v2))^-1.78))
2972.631448030472,0.187182726639588,30.0,1.0,664.0,-0.9942178568498221,true,0.03298594652554904,0.013491834534502922,6.0,((((v2+(v1*((0.371218756389472/v2)^0.821281260009624)))-1.12980840645122)*((-0.175515973185434-(-0.275059209672323/v2))^-1.83614509407571))*(exp(v2)-v2)),-0.9992568960798371,5.1319212976297786e-5,0.01512239566135215,5.1319212976297786e-5,367.0,0.004063278205577105,((((v2+(v1*((0.371/v2)^0.821)))-1.13)*((-0.176-(-0.275/v2))^-1.84))*(exp(v2)-v2))
3599.9271240234375,0.1753844951906218,30.0,1.0,0.0,-0.9939979949837409,true,0.021050491097940327,0.016294948238743175,7.0,((((v2^0.0740656808256995)+((v2-v1)*(0.0152800575419192+(-0.0493052945311593/v2))))-0.975224816344664)*((-0.0780834978587098-(-0.102550957107016/v2))^-2.02673525399298)),-0.999486190857528,3.548397484689569e-5,0.015570381656271916,3.548397484689569e-5,106.0,0.0036902314837085966,((((v2^0.0741)+((v2-v1)*(0.0153+(-0.0493/v2))))-0.975)*((-0.0781-(-0.103/v2))^-2.03))
3599.969752073288,0.17520317245759504,30.0,1.0,0.0,-0.9940329730078901,true,0.020980597618955488,0.016396230161242656,7.0,(((((v2-v1)*((-0.050656135659736/v2)--0.0156487988381311))+(v2^0.076217670367694))-0.974514160656005)*((-0.0791577969126854-(-0.103952010284842/v2))^-2.02649750077949)),-0.9994858107134548,3.551022782999771e-5,0.0155022096392586,3.551022782999771e-5,106.0,0.003690640486128655,(((((v2-v1)*((-0.0507/v2)--0.0156))+(v2^0.0762))-0.975)*((-0.0792-(-0.104/v2))^-2.03))
