time_stamp,max_are,compl,dim_penalty,age,minus_spearman,valid,max_ae,q75_are,n_params,eqs_orig,minus_r2,mse,mare,ms_processed_e,recursive_compl,mae,eqs_orig_rounded
17.69069504737854,11.16912114952342,1.0,3.0,7474.0,-0.66614740630465,true,4.35789442048634e27,0.9999999999999941,0.0,v1,0.06071555362658132,6.579885135941972e53,1.3235562722517784,6.579885135941972e53,2.0,1.9407056368903305e26,v1
17.69069504737854,11.16912114952342,1.0,3.0,7474.0,-0.66614740630465,true,4.35789442048634e27,0.9999999999999941,0.0,v1,0.06071555362658132,6.579885135941972e53,1.3235562722517784,6.579885135941972e53,2.0,1.9407056368903305e26,v1
17.69069504737854,11.16912114952342,1.0,3.0,7474.0,-0.66614740630465,true,4.35789442048634e27,0.9999999999999941,0.0,v1,0.06071555362658132,6.579885135941972e53,1.3235562722517784,6.579885135941972e53,2.0,1.9407056368903305e26,v1
16.35037398338318,11.16912114952342,1.0,3.0,7483.0,-0.66614740630465,true,4.35789442048634e27,0.9999999999999941,0.0,v1,0.06071555362658132,6.579885135941972e53,1.3235562722517784,6.579885135941972e53,2.0,1.9407056368903305e26,v1
1799.4867150783539,5.668172593650384,2.0,3.5,2.0,-0.7232480533926585,true,4.3578944204862996e27,0.9999999999566769,0.0,sqrt_abs(v2),0.060715553626470964,6.579885135941288e53,1.1301738863119,6.579885135941288e53,4.0,1.9407056368893447e26,sqrt_abs(v2)
14.279345989227295,0.9999999999999645,2.0,3.5,7487.0,-0.7325917686318131,true,4.357894420486033e27,0.9999999999664009,0.0,sqrt_abs(v3),0.06071555362633596,6.579885135940451e53,0.9820876141348296,6.579885135940451e53,4.0,1.940705636889129e26,sqrt_abs(v3)
19.26588797569275,5.085848375414845e14,2.0,0.0,7464.0,-0.3110855084191276,true,4.131826126624729e27,9.134599582276964e10,1.0,2.26068293861611e26,0.001650513072645854,6.213489846398148e53,2.423439100975116e13,6.213489846398148e53,1.0,3.573484746833252e26,2.26e26
13.818259954452515,1.0,2.0,3.5,7490.0,-0.8444804696391843,true,4.35789442048634e27,1.0,0.0,sqrt_abs(v1),0.06071555362658132,6.579885135941972e53,0.9999997806375193,6.579885135941972e53,4.0,1.9407056368903353e26,sqrt_abs(v1)
719.8166170120239,1.85102106398497e36,2.0,4.0,4496.0,-0.7325917686318131,true,3.051412177976728e60,1.9953531702702079e34,0.0,pow2(v3),6.407570203135309e65,3.9747768186264626e119,1.7871478426836893e35,3.9747768186264626e119,4.0,1.568090650318569e59,pow2(v3)
1522.6456401348114,5.0874571424424825e14,2.0,0.0,1141.0,-0.3110855084191276,true,4.131754616192189e27,9.137489059417068e10,1.0,2.26139804294151e26,0.0016578986460671352,6.213535660966068e53,2.4242056886968387e13,6.213535660966068e53,1.0,3.574009156671877e26,2.26e26
1786.1143810749054,5.668172593650384,2.0,3.5,57.0,-0.7232480533926585,true,4.3578944204862996e27,0.9999999999566769,0.0,sqrt_abs(v2),0.060715553626470964,6.579885135941288e53,1.1301738863119,6.579885135941288e53,4.0,1.9407056368893447e26,sqrt_abs(v2)
16.10109806060791,0.9999999999999645,2.0,3.5,7484.0,-0.7325917686318131,true,4.357894420486033e27,0.9999999999664009,0.0,sqrt_abs(v3),0.06071555362633596,6.579885135940451e53,0.9820876141348296,6.579885135940451e53,4.0,1.940705636889129e26,sqrt_abs(v3)
1729.0806651115417,1.85102106398497e36,2.0,4.0,292.0,-0.7325917686318131,true,3.051412177976728e60,1.9953531702702079e34,0.0,pow2(v3),6.407570203135309e65,3.9747768186264626e119,1.7871478426836893e35,3.9747768186264626e119,4.0,1.568090650318569e59,pow2(v3)
12.770922183990479,1.0,2.0,4.0,7492.0,-0.7876909510141568,true,4.35789442048634e27,1.0,0.0,log(v3),0.06071555362658132,6.579885135941972e53,0.9999999999944621,6.579885135941972e53,4.0,1.9407056368903353e26,log(v3)
13.992841005325317,0.9999999999999645,2.0,3.5,7489.0,-0.7325917686318131,true,4.357894420486033e27,0.9999999999664009,0.0,sqrt_abs(v3),0.06071555362633596,6.579885135940451e53,0.9820876141348296,6.579885135940451e53,4.0,1.940705636889129e26,sqrt_abs(v3)
13.818259954452515,1.0,2.0,3.5,7490.0,-0.8444804696391843,true,4.35789442048634e27,1.0,0.0,sqrt_abs(v1),0.06071555362658132,6.579885135941972e53,0.9999997806375193,6.579885135941972e53,4.0,1.9407056368903353e26,sqrt_abs(v1)
1758.724953174591,1.85102106398497e36,2.0,4.0,170.0,-0.7325917686318131,true,3.051412177976728e60,1.9953531702702079e34,0.0,pow2(v3),6.407570203135309e65,3.9747768186264626e119,1.7871478426836893e35,3.9747768186264626e119,4.0,1.568090650318569e59,pow2(v3)
1644.2911989688873,5.088333715803127e14,2.0,0.0,640.0,-0.3110855084191276,true,4.131715652104104e27,9.139063456855412e10,1.0,2.26178768382235e26,0.0016619297831452773,6.213560667122384e53,2.424623381478898e13,6.213560667122384e53,1.0,3.5742948933178326e26,2.26e26
1798.8463401794434,5.668172593650384,2.0,3.5,5.0,-0.7232480533926585,true,4.3578944204862996e27,0.9999999999566769,0.0,sqrt_abs(v2),0.060715553626470964,6.579885135941288e53,1.1301738863119,6.579885135941288e53,4.0,1.9407056368893447e26,sqrt_abs(v2)
13.818259954452515,1.0,2.0,3.5,7490.0,-0.8444804696391843,true,4.35789442048634e27,1.0,0.0,sqrt_abs(v1),0.06071555362658132,6.579885135941972e53,0.9999997806375193,6.579885135941972e53,4.0,1.9407056368903353e26,sqrt_abs(v1)
1799.895838022232,6.582557747576214e13,2.0,4.0,1.0,-0.6538375973303671,true,4.357894418367467e27,3.8599622751055114e7,0.0,pow2(v1),0.06077728260261783,6.580268056292759e53,2.337737005148743e12,6.580268056292759e53,4.0,1.9676704284873763e26,pow2(v1)
1648.4298260211945,1.85102106398497e36,2.0,4.0,623.0,-0.7325917686318131,true,3.051412177976728e60,1.9953531702702079e34,0.0,pow2(v3),6.407570203135309e65,3.9747768186264626e119,1.7871478426836893e35,3.9747768186264626e119,4.0,1.568090650318569e59,pow2(v3)
728.4571759700775,5.0873977463402125e14,2.0,0.0,4461.0,-0.3110855084191276,true,4.131757256376188e27,9.137382379160219e10,1.0,2.26137164110152e26,0.0016576256756317687,6.213533967661859e53,2.4241773860762996e13,6.213533967661859e53,1.0,3.573989795322551e26,2.26e26
13.874528169631958,0.9999999999999645,2.0,3.5,7490.0,-0.7325917686318131,true,4.357894420486033e27,0.9999999999664009,0.0,sqrt_abs(v3),0.06071555362633596,6.579885135940451e53,0.9820876141348296,6.579885135940451e53,4.0,1.940705636889129e26,sqrt_abs(v3)
26.02434515953064,0.9999999996644948,3.0,4.0,7422.0,-0.9101223581757508,true,4.357894355854946e27,0.9999999854259506,0.0,(v3/v1),0.06071552297430216,6.579884945798181e53,0.9972090747808404,6.579884945798181e53,5.0,1.940705600352895e26,(v3/v1)
1795.7997171878815,2.653881425977214,3.0,4.0,17.0,-0.8522803114571746,true,4.3578944193868094e27,0.9999999149509566,0.0,(v2/v1),0.06071555058820688,6.579885117094171e53,1.0023392328868317,6.579885117094171e53,5.0,1.940705612277014e26,(v2/v1)
1783.1429421901703,5.710204405581392e35,3.0,4.0,69.0,-0.853615127919911,true,1.8286285910764562e60,1.23080437739561e34,0.0,(v3*v2),1.7968440862368701e65,1.1146275412114343e119,4.44406247177929e34,1.1146275412114343e119,5.0,6.097888125069042e58,(v3*v2)
126.64718008041382,0.9999999996644948,3.0,4.0,6944.0,-0.9101223581757508,true,4.357894355854946e27,0.9999999854259506,0.0,(v3/v1),0.06071552297430216,6.579884945798181e53,0.9972090747808404,6.579884945798181e53,5.0,1.940705600352895e26,(v3/v1)
1792.723657131195,5.710204405581392e35,3.0,4.0,30.0,-0.853615127919911,true,1.8286285910764562e60,1.23080437739561e34,0.0,(v3*v2),1.7968440862368701e65,1.1146275412114343e119,4.44406247177929e34,1.1146275412114343e119,5.0,6.097888125069042e58,(v3*v2)
1795.5891230106354,2.653881425977214,3.0,4.0,18.0,-0.8522803114571746,true,4.3578944193868094e27,0.9999999149509566,0.0,(v2/v1),0.06071555058820688,6.579885117094171e53,1.0023392328868317,6.579885117094171e53,5.0,1.940705612277014e26,(v2/v1)
17.443104028701782,0.9999999996644948,3.0,4.0,7476.0,-0.9101223581757508,true,4.357894355854946e27,0.9999999854259506,0.0,(v3/v1),0.06071552297430216,6.579884945798181e53,0.9972090747808404,6.579884945798181e53,5.0,1.940705600352895e26,(v3/v1)
17.443104028701782,0.9999999996644948,3.0,4.0,7476.0,-0.9101223581757508,true,4.357894355854946e27,0.9999999854259506,0.0,(v3/v1),0.06071552297430216,6.579884945798181e53,0.9972090747808404,6.579884945798181e53,5.0,1.940705600352895e26,(v3/v1)
1787.923108100891,5.710204405581392e35,3.0,4.0,50.0,-0.853615127919911,true,1.8286285910764562e60,1.23080437739561e34,0.0,(v3*v2),1.7968440862368701e65,1.1146275412114343e119,4.44406247177929e34,1.1146275412114343e119,5.0,6.097888125069042e58,(v3*v2)
1797.9376130104065,2.653881425977214,3.0,4.0,9.0,-0.8522803114571746,true,4.3578944193868094e27,0.9999999149509566,0.0,(v2/v1),0.06071555058820688,6.579885117094171e53,1.0023392328868317,6.579885117094171e53,5.0,1.940705612277014e26,(v2/v1)
892.5073680877686,3.39237628222305e7,4.0,0.0,3770.0,-0.7325917686318131,true,4.308790691632423e27,250076.75459993386,1.0,(0.000521937543580672*v3),0.03794404491932735,6.438627744972686e53,1.8277713633957666e6,6.438627744972686e53,3.0,2.0111486177312757e26,(0.000522*v3)
524.3313829898834,1.2593350332400383e10,4.0,0.0,5294.0,-0.7232480533926585,true,4.356874630095514e27,2.8161440511745657e6,1.0,(v2/1569.45413152254),0.03475376032191746,6.418837607899508e53,5.1443926382227963e8,6.418837607899508e53,3.0,1.7784104376312514e26,(v2/1570.0)
1756.891695022583,8.49810573078121e6,4.0,3.5,177.0,-0.8175750834260289,true,4.357852470353911e27,11031.343239647582,0.0,(v2/sqrt_abs(v1)),0.060490133065546514,6.578486795553903e53,392643.78724255617,6.578486795553903e53,9.0,1.9394405665882486e26,(v2/sqrt_abs(v1))
140.2969720363617,27944.8782185037,4.0,3.5,6886.0,-0.8318131256952169,true,4.3554285530312736e27,616.6492524218706,0.0,(v3/sqrt_abs(v1)),0.05935406892060224,6.571439504170989e53,2392.088458712161,6.571439504170989e53,9.0,1.9367124364574878e26,(v3/sqrt_abs(v1))
1798.7490890026093,1.2211488160077328e10,4.0,0.0,5.0,-0.7232480533926585,true,4.356905552714487e27,2.730751424244606e6,1.0,(0.000617843781579132*v2),0.034772984092207526,6.418956857777532e53,4.9884016669245946e8,6.418956857777532e53,3.0,1.782833997528509e26,(0.000618*v2)
18.469133138656616,5.086485859195104e14,4.0,3.0,7469.0,-0.6649730456310131,true,4.13179779017819e27,9.135744555277371e10,1.0,(2.2609663030815e26-v1),0.0016534376791266236,6.213507988467098e53,2.4237428660513305e13,6.213507988467098e53,3.0,3.573692547441196e26,(2.26e26-v1)
534.5535609722137,5.100573531968877e14,4.0,3.0,5252.0,-0.6448005142754544,true,4.131171586659464e27,9.1610471676116e10,1.0,(2.26722833826876e26+v1),0.0017187289273941087,6.213913006487729e53,2.430455731736951e13,6.213913006487729e53,3.0,3.5782847065785374e26,(2.27e26+v1)
1738.1967861652374,8.49810573078121e6,4.0,3.5,254.0,-0.8175750834260289,true,4.357852470353911e27,11031.343239647582,0.0,(v2/sqrt_abs(v1)),0.060490133065546514,6.578486795553903e53,392643.78724255617,6.578486795553903e53,9.0,1.9394405665882486e26,(v2/sqrt_abs(v1))
1652.9304070472717,3.392376264179939e7,4.0,0.0,604.0,-0.7325917686318131,true,4.3087906918935925e27,250076.75326983945,1.0,(0.000521937540804631*v3),0.037944044674177224,6.438627743451957e53,1.8277713536743538e6,6.438627743451957e53,3.0,2.011148614860825e26,(0.000522*v3)
144.23872804641724,5.1005736340280894e14,4.0,3.0,6869.0,-0.5994865580545263,true,4.131171582122885e27,9.161047350918292e10,1.0,(2.26722838363455e26+v1),0.0017187294049814117,6.2139130094503236e53,2.430455780368815e13,6.2139130094503236e53,3.0,3.5782847398467816e26,(2.27e26+v1)
1712.776141166687,1.2520798068776781e10,4.0,0.0,360.0,-0.7232480533926585,true,4.3568805052676734e27,2.799919798474057e6,1.0,(0.000633493406027026*v2),0.034753716754208464,6.4188373376380595e53,5.114754986491861e8,6.4188373376380595e53,3.0,1.7792508960664723e26,(0.000633*v2)
140.2969720363617,27944.8782185037,4.0,3.5,6886.0,-0.8318131256952169,true,4.3554285530312736e27,616.6492524218706,0.0,(v3/sqrt_abs(v1)),0.05935406892060224,6.571439504170989e53,2392.088458712161,6.571439504170989e53,9.0,1.9367124364574878e26,(v3/sqrt_abs(v1))
18.469133138656616,5.086485859195104e14,4.0,3.0,7469.0,-0.6649730456310131,true,4.13179779017819e27,9.135744555277371e10,1.0,(2.2609663030815e26-v1),0.0016534376791266236,6.213507988467098e53,2.4237428660513305e13,6.213507988467098e53,3.0,3.573692547441196e26,(2.26e26-v1)
1779.4071140289307,8.49810573078121e6,4.0,3.5,85.0,-0.8175750834260289,true,4.357852470353911e27,11031.343239647582,0.0,(v2/sqrt_abs(v1)),0.060490133065546514,6.578486795553903e53,392643.78724255617,6.578486795553903e53,9.0,1.9394405665882486e26,(v2/sqrt_abs(v1))
1799.8363831043243,1.2211488032837385e10,4.0,0.0,1.0,-0.7232480533926585,true,4.3569055527247906e27,2.7307513957910077e6,1.0,(0.00061784377514139*v2),0.034772984106615556,6.418956857866908e53,4.988401614946987e8,6.418956857866908e53,3.0,1.7828339990024792e26,(0.000618*v2)
18.469133138656616,5.086485859195104e14,4.0,3.0,7469.0,-0.6649730456310131,true,4.13179779017819e27,9.135744555277371e10,1.0,(2.2609663030815e26-v1),0.0016534376791266236,6.213507988467098e53,2.4237428660513305e13,6.213507988467098e53,3.0,3.573692547441196e26,(2.26e26-v1)
13.687530994415283,5.1005736340280894e14,4.0,3.0,7491.0,-0.5994865580545263,true,4.131171582122885e27,9.161047350918292e10,1.0,(2.26722838363455e26+v1),0.0017187294049814117,6.2139130094503236e53,2.430455780368815e13,6.2139130094503236e53,3.0,3.5782847398467816e26,(2.27e26+v1)
27.783698081970215,27944.8782185037,4.0,3.5,7412.0,-0.8318131256952169,true,4.3554285530312736e27,616.6492524218706,0.0,(v3/sqrt_abs(v1)),0.05935406892060224,6.571439504170989e53,2392.088458712161,6.571439504170989e53,9.0,1.9367124364574878e26,(v3/sqrt_abs(v1))
1797.0963881015778,5.101235171013603e14,4.0,3.0,12.0,-0.6649730456310131,true,4.131142176500342e27,9.162235525442096e10,1.0,(v1--2.26752243985998e26),0.001721826467355081,6.213932221306516e53,2.4307710069503203e13,6.213932221306516e53,3.0,3.578500381078768e26,(v1--2.27e26)
43.12663412094116,2.085333698198377e7,4.0,0.0,7332.0,-0.7325917686318131,true,4.3277097788489225e27,153724.74711272505,1.0,(v3/3116.80700695699),0.030407932863506737,6.391879348072734e53,1.1235524884477349e6,6.391879348072734e53,3.0,1.8901483357410736e26,(v3/3120.0)
1798.596179008484,4.1201320725366345e15,4.0,6.0,6.0,-0.9101223581757508,true,4.1772170663712085e39,2.1480664944518147e10,0.0,pow2((v3/v1)),1.0630060024981935e24,6.594093365880176e77,1.4158160845533016e14,6.594093365880176e77,32.0,1.907426271479227e38,pow2((v3/v1))
18.469133138656616,5.086485859195104e14,4.0,3.0,7469.0,-0.6649730456310131,true,4.13179779017819e27,9.135744555277371e10,1.0,(2.2609663030815e26-v1),0.0016534376791266236,6.213507988467098e53,2.4237428660513305e13,6.213507988467098e53,3.0,3.573692547441196e26,(2.26e26-v1)
534.5535609722137,5.100573531968877e14,4.0,3.0,5252.0,-0.6448005142754544,true,4.131171586659464e27,9.1610471676116e10,1.0,(2.26722833826876e26+v1),0.0017187289273941087,6.213913006487729e53,2.430455731736951e13,6.213913006487729e53,3.0,3.5782847065785374e26,(2.27e26+v1)
1772.954959154129,8.49810573078121e6,4.0,3.5,112.0,-0.8175750834260289,true,4.357852470353911e27,11031.343239647582,0.0,(v2/sqrt_abs(v1)),0.060490133065546514,6.578486795553903e53,392643.78724255617,6.578486795553903e53,9.0,1.9394405665882486e26,(v2/sqrt_abs(v1))
19.868510007858276,27944.8782185037,4.0,3.5,7461.0,-0.8318131256952169,true,4.3554285530312736e27,616.6492524218706,0.0,(v3/sqrt_abs(v1)),0.05935406892060224,6.571439504170989e53,2392.088458712161,6.571439504170989e53,9.0,1.9367124364574878e26,(v3/sqrt_abs(v1))
1799.432762145996,3.392376513656171e7,4.0,0.0,3.0,-0.7325917686318131,true,4.3087906882824917e27,250076.77166062186,1.0,(0.000521937579188052*v3),0.037944048063792035,6.43862776447859e53,1.8277714880891643e6,6.43862776447859e53,3.0,2.0111486545496227e26,(0.000522*v3)
1770.7530961036682,5.101235171013603e14,4.0,3.0,121.0,-0.6649730456310131,true,4.131142176500342e27,9.162235525442096e10,1.0,(v1--2.26752243985998e26),0.001721826467355081,6.213932221306516e53,2.4307710069503203e13,6.213932221306516e53,3.0,3.578500381078768e26,(v1--2.27e26)
43.12663412094116,2.085333698198377e7,4.0,0.0,7332.0,-0.7325917686318131,true,4.3277097788489225e27,153724.74711272505,1.0,(v3/3116.80700695699),0.030407932863506737,6.391879348072734e53,1.1235524884477349e6,6.391879348072734e53,3.0,1.8901483357410736e26,(v3/3120.0)
1799.3965821266174,4.1201320725366345e15,4.0,6.0,3.0,-0.9101223581757508,true,4.1772170663712085e39,2.1480664944518147e10,0.0,pow2((v3/v1)),1.0630060024981935e24,6.594093365880176e77,1.4158160845533016e14,6.594093365880176e77,32.0,1.907426271479227e38,pow2((v3/v1))
1799.1686770915985,1.2211488015601973e10,4.0,0.0,4.0,-0.7232480533926585,true,4.3569055527261864e27,2.7307513919367967e6,1.0,(0.000617843774269359*v2),0.03477298410856711,6.418956857879015e53,4.9884016079063094e8,6.418956857879015e53,3.0,1.782833999202137e26,(0.000618*v2)
18.545668125152588,2.166779023327425e11,5.0,0.0,7469.0,-0.7325917686318131,true,4.184091140686187e27,4.175820466185327e7,1.0,sqrt_abs((3.21084986962741e23*v3)),-0.020985880125705125,6.073070610884983e53,1.0149939087682903e10,6.073070610884983e53,8.0,2.00933823278489e26,sqrt_abs((3.21e23*v3))
68.18358707427979,1.0,5.0,8.0,7211.0,-0.9142544644215231,true,4.357892449052459e27,0.999999999999999,0.0,pow2((v3/pow2(v1))),0.06071463030863877,6.579879408368746e53,0.9999996753960142,6.579879408368746e53,512.0,1.9407049792261014e26,pow2((v3/pow2(v1)))
26.693119049072266,1.0556408597501138e23,5.0,5.0,7418.0,-0.9817575083426029,true,4.3202003154693005e48,1.2970249545846861e22,0.0,((v2*v3)/v1),1.0035068514370438e42,6.22500517976855e95,1.346301087738205e22,6.22500517976855e95,11.0,1.4848032722642254e47,((v2*v3)/v1)
290.7103271484375,3.7943427715157336e13,5.0,0.0,6250.0,-0.6538375973303671,true,3.329749499811316e27,1.8365719808079273e10,1.0,(3.9226588649313e31/sqrt_abs(v1)),-0.1417964637170016,5.323652201284954e53,2.2169408474142363e12,5.323652201284954e53,5.0,3.7016524821437025e26,(3.92e31/sqrt_abs(v1))
1798.4824349880219,4.2275581136502686e11,5.0,0.0,6.0,-0.7325917686318131,true,4.0187904058239834e27,8.14735776419743e7,1.0,(1.10556673678745e12*sqrt_abs(v3)),0.00724368340129411,6.248185687505065e53,1.980333798822172e10,6.248185687505065e53,5.0,2.536480513941574e26,(1.11e12*sqrt_abs(v3))
1797.7629520893097,2.0546200572388053e7,5.0,0.0,9.0,-0.6538375973303671,true,3.9915047251866664e27,43878.112194523754,1.0,pow3((1.04159806408525e18/v1)),-0.04213195467397968,5.941896196473883e53,751413.5451254935,5.941896196473883e53,8.0,2.101190312492902e26,pow3((1.04e18/v1))
242.74896502494812,2.6658971523725246,5.0,4.0,6452.0,-0.9461624026696329,true,4.357894354755416e27,0.9999988119947999,0.0,((v2+v3)/v1),0.06071551993592794,6.579884926950383e53,1.000812580157927,6.579884926950383e53,9.0,1.940705575739575e26,((v2+v3)/v1)
18.034972190856934,5.092649187794042e14,5.0,3.5,7472.0,-0.7328585783980054,true,4.131523827393704e27,9.146814397452962e10,1.0,(2.26370593092329e26+sqrt_abs(v3)),0.0016818469042487738,6.213684218029742e53,2.4266797313324445e13,6.213684218029742e53,5.0,3.575701607858614e26,(2.26e26+sqrt_abs(v3))
18.545668125152588,2.166779023327425e11,5.0,0.0,7469.0,-0.7325917686318131,true,4.184091140686187e27,4.175820466185327e7,1.0,sqrt_abs((3.21084986962741e23*v3)),-0.020985880125705125,6.073070610884983e53,1.0149939087682903e10,6.073070610884983e53,8.0,2.00933823278489e26,sqrt_abs((3.21e23*v3))
26.693119049072266,1.0556408597501138e23,5.0,5.0,7418.0,-0.9817575083426029,true,4.3202003154693005e48,1.2970249545846861e22,0.0,((v2*v3)/v1),1.0035068514370438e42,6.22500517976855e95,1.346301087738205e22,6.22500517976855e95,11.0,1.4848032722642254e47,((v2*v3)/v1)
32.25147008895874,1.0,5.0,8.0,7387.0,-0.9142544644215231,true,4.357892449052459e27,0.999999999999999,0.0,pow2((v3/pow2(v1))),0.06071463030863877,6.579879408368746e53,0.9999996753960142,6.579879408368746e53,512.0,1.9407049792261014e26,pow2((v3/pow2(v1)))
17.280773162841797,2.6658971523725246,5.0,4.0,7477.0,-0.9461624026696329,true,4.357894354755416e27,0.9999988119947999,0.0,((v2+v3)/v1),0.06071551993592794,6.579884926950383e53,1.000812580157927,6.579884926950383e53,9.0,1.940705575739575e26,((v2+v3)/v1)
1789.0533821582794,5.100573634030294e14,5.0,3.5,45.0,-0.7328585783980054,true,4.1311715821230885e27,9.161047350922464e10,1.0,(2.26722838363558e26-sqrt_abs(v3)),0.0017187294051483892,6.21391300945136e53,2.4304557803698766e13,6.21391300945136e53,5.0,3.578284739847435e26,(2.27e26-sqrt_abs(v3))
290.7103271484375,3.7943427715157336e13,5.0,0.0,6250.0,-0.6538375973303671,true,3.329749499811316e27,1.8365719808079273e10,1.0,(3.9226588649313e31/sqrt_abs(v1)),-0.1417964637170016,5.323652201284954e53,2.2169408474142363e12,5.323652201284954e53,5.0,3.7016524821437025e26,(3.92e31/sqrt_abs(v1))
18.034972190856934,5.092649187794042e14,5.0,3.5,7472.0,-0.7328585783980054,true,4.131523827393704e27,9.146814397452962e10,1.0,(2.26370593092329e26+sqrt_abs(v3)),0.0016818469042487738,6.213684218029742e53,2.4266797313324445e13,6.213684218029742e53,5.0,3.575701607858614e26,(2.26e26+sqrt_abs(v3))
1800.0190970897675,5.059101288988758e14,5.0,1.0,0.0,-0.7325917686318131,true,4.0678089063891606e27,9.069486894520796e10,1.0,(4.34819941411938e24*log(v3)),-0.013809394167551892,6.1175881567274115e53,2.4079773621603934e13,6.1175881567274115e53,5.0,3.718643257383792e26,(4.35e24*log(v3))
32.25147008895874,1.0,5.0,8.0,7387.0,-0.9142544644215231,true,4.357892449052459e27,0.999999999999999,0.0,pow2((v3/pow2(v1))),0.06071463030863877,6.579879408368746e53,0.9999996753960142,6.579879408368746e53,512.0,1.9407049792261014e26,pow2((v3/pow2(v1)))
17.280773162841797,2.6658971523725246,5.0,4.0,7477.0,-0.9461624026696329,true,4.357894354755416e27,0.9999988119947999,0.0,((v2+v3)/v1),0.06071551993592794,6.579884926950383e53,1.000812580157927,6.579884926950383e53,9.0,1.940705575739575e26,((v2+v3)/v1)
26.693119049072266,1.0556408597501138e23,5.0,5.0,7418.0,-0.9817575083426029,true,4.3202003154693005e48,1.2970249545846861e22,0.0,((v2*v3)/v1),1.0035068514370438e42,6.22500517976855e95,1.346301087738205e22,6.22500517976855e95,11.0,1.4848032722642254e47,((v2*v3)/v1)
55.989556074142456,5.100573634025681e14,5.0,3.5,7269.0,-0.7328585783980054,true,4.13117158212268e27,9.161047350914182e10,1.0,(sqrt_abs(v3)--2.26722838363353e26),0.0017187294048131019,6.21391300944928e53,2.430455780367679e13,6.21391300944928e53,5.0,3.578284739846124e26,(sqrt_abs(v3)--2.27e26)
18.545668125152588,2.166779023327425e11,5.0,0.0,7469.0,-0.7325917686318131,true,4.184091140686187e27,4.175820466185327e7,1.0,sqrt_abs((3.21084986962741e23*v3)),-0.020985880125705125,6.073070610884983e53,1.0149939087682903e10,6.073070610884983e53,8.0,2.00933823278489e26,sqrt_abs((3.21e23*v3))
248.9534809589386,2.952445920494626e13,5.0,0.0,6426.0,-0.6538375973303671,true,3.557876483384771e27,1.4290694802412018e10,1.0,(3.05229096596145e31/sqrt_abs(v1)),-0.16069215239976364,5.206437495917427e53,1.7250412930697556e12,5.206437495917427e53,5.0,3.196532045828303e26,(3.0499999999999996e31/sqrt_abs(v1))
1800.0757989883423,2.653881425979464,5.0,5.0,0.0,-0.8522803114571746,true,4.3578944193868094e27,0.9999999149509566,0.0,((v2+v1)/v1),0.06071555058820688,6.579885117094171e53,1.0023392328869238,6.579885117094171e53,9.0,1.940705612277014e26,((v2+v1)/v1)
366.21934700012207,5.047973712753398e14,5.0,1.0,5937.0,-0.7325917686318131,true,4.0684469542337284e27,9.049538409390611e10,1.0,(4.33863547821391e24*log(v3)),-0.013877947532984658,6.117162902974238e53,2.402680976470551e13,6.117162902974238e53,5.0,3.714677545453649e26,(4.34e24*log(v3))
642.4217500686646,2.952445920494626e13,5.0,0.0,4815.0,-0.6538375973303671,true,3.557876483384771e27,1.4290694802412018e10,1.0,(3.05229096596145e31/sqrt_abs(v1)),-0.16069215239976364,5.206437495917427e53,1.7250412930697556e12,5.206437495917427e53,5.0,3.196532045828303e26,(3.0499999999999996e31/sqrt_abs(v1))
26.693119049072266,1.0556408597501138e23,5.0,5.0,7418.0,-0.9817575083426029,true,4.3202003154693005e48,1.2970249545846861e22,0.0,((v2*v3)/v1),1.0035068514370438e42,6.22500517976855e95,1.346301087738205e22,6.22500517976855e95,11.0,1.4848032722642254e47,((v2*v3)/v1)
32.25147008895874,1.0,5.0,8.0,7387.0,-0.9142544644215231,true,4.357892449052459e27,0.999999999999999,0.0,pow2((v3/pow2(v1))),0.06071463030863877,6.579879408368746e53,0.9999996753960142,6.579879408368746e53,512.0,1.9407049792261014e26,pow2((v3/pow2(v1)))
17.280773162841797,2.6658971523725246,5.0,4.0,7477.0,-0.9461624026696329,true,4.357894354755416e27,0.9999988119947999,0.0,((v2+v3)/v1),0.06071551993592794,6.579884926950383e53,1.000812580157927,6.579884926950383e53,9.0,1.940705575739575e26,((v2+v3)/v1)
18.034972190856934,5.092649187794042e14,5.0,3.5,7472.0,-0.7328585783980054,true,4.131523827393704e27,9.146814397452962e10,1.0,(2.26370593092329e26+sqrt_abs(v3)),0.0016818469042487738,6.213684218029742e53,2.4266797313324445e13,6.213684218029742e53,5.0,3.575701607858614e26,(2.26e26+sqrt_abs(v3))
1800.1624360084534,0.9999999993289895,5.0,4.0,0.0,-0.9101223581757508,true,4.357894291223552e27,0.9999999708519011,0.0,((v3+v3)/v1),0.06071549232202389,6.579884755654396e53,0.9944181495616816,6.579884755654396e53,9.0,1.9407055638154552e26,((v3+v3)/v1)
1799.4879820346832,2.881807916082081e6,6.0,0.0,2.0,-0.9101223581757508,true,2.6303198979980676e27,40677.58846995671,1.0,(6.7635143101598e7*(v3/v1)),-0.6058473288098691,2.4450280695787593e53,188763.91018281007,2.4450280695787593e53,6.0,1.2744424109328682e26,(6.76e7*(v3/v1))
1799.4913890361786,20085.146213236556,6.0,11.0,2.0,-0.9166132037159488,true,8.752894661731592e31,1.0,0.0,pow3(((v3/v1)/v1)),4.116828477889086e8,2.553772166540713e62,682.118482236048,2.553772166540713e62,2048.0,2.917736110339549e30,pow3(((v3/v1)/v1))
25.78787398338318,2.8817490722296224e6,6.0,0.0,7424.0,-0.9101223581757508,true,2.6302659245807164e27,40676.75785108923,1.0,(v3*(6.76337620550062e7/v1)),-0.6058624392635182,2.444934335637532e53,188760.05579014748,2.444934335637532e53,7.0,1.27439651541743e26,(v3*(6.76e7/v1))
29.438093185424805,487325.4365764065,6.0,3.5,7403.0,-0.9817575083426029,true,4.3575727942027575e27,745.0839807177778,0.0,sqrt_abs((v2*(v3/v1))),0.06040376974389838,6.5779510621667e53,24349.860759700252,6.5779510621667e53,2048.0,1.939762266280872e26,sqrt_abs((v2*(v3/v1)))
175.3700180053711,8.526051608999716e6,6.0,3.5,6738.0,-0.9154616240266963,true,4.355386602898845e27,16664.931763353918,0.0,((v3+v2)/sqrt_abs(v1)),0.05912912707732376,6.570044133389465e53,395035.80229896156,6.570044133389465e53,17.0,1.9354478727778325e26,((v3+v2)/sqrt_abs(v1))
33.713123083114624,0.9999999980655896,6.0,4.0,7379.0,-0.9995550611790879,true,4.3578944120563835e27,0.999999757147443,0.0,(sqrt_abs((v2*v3))/v1),0.06071554925294653,6.579885108811217e53,0.9864253335506341,6.579885108811217e53,65.0,1.940705630944704e26,(sqrt_abs((v2*v3))/v1)
1799.997545003891,2.891368727910033e6,6.0,0.0,0.0,-0.9101223581757508,true,2.639089372895389e27,40812.54548519029,1.0,((6.7859532328983e7*v3)/v1),-0.6033766400850984,2.4603543726202077e53,189390.1629078977,2.4603543726202077e53,7.0,1.2818994071781912e26,((6.79e7*v3)/v1)
16.409412145614624,487325.4365764065,6.0,3.5,7482.0,-0.9817575083426029,true,4.3575727942027575e27,745.0839807177778,0.0,sqrt_abs((v3*(v2/v1))),0.06040376974389838,6.5779510621667e53,24349.860759700252,6.5779510621667e53,2048.0,1.939762266280872e26,sqrt_abs((v3*(v2/v1)))
33.713123083114624,0.9999999980655896,6.0,4.0,7379.0,-0.9995550611790879,true,4.3578944120563835e27,0.999999757147443,0.0,(sqrt_abs((v2*v3))/v1),0.06071554925294653,6.579885108811217e53,0.9864253335506341,6.579885108811217e53,65.0,1.940705630944704e26,(sqrt_abs((v2*v3))/v1)
175.3700180053711,8.526051608999716e6,6.0,3.5,6738.0,-0.9154616240266963,true,4.355386602898845e27,16664.931763353918,0.0,((v3+v2)/sqrt_abs(v1)),0.05912912707732376,6.570044133389465e53,395035.80229896156,6.570044133389465e53,17.0,1.9354478727778325e26,((v3+v2)/sqrt_abs(v1))
1798.540745973587,2.580753840245302e40,6.0,7.0,6.0,-0.9719688542825361,true,1.782923463375371e67,3.675319441343071e37,0.0,(v2*pow2((v3/v1))),1.9486141004948355e79,1.2087742950214808e133,1.606828286896505e39,1.2087742950214808e133,65.0,8.24950050904007e65,(v2*pow2((v3/v1)))
25.78787398338318,2.8817490722296224e6,6.0,0.0,7424.0,-0.9101223581757508,true,2.6302659245807164e27,40676.75785108923,1.0,(v3*(6.76337620550062e7/v1)),-0.6058624392635182,2.444934335637532e53,188760.05579014748,2.444934335637532e53,7.0,1.27439651541743e26,(v3*(6.76e7/v1))
20.148141145706177,487325.4365764065,6.0,3.5,7459.0,-0.9817575083426029,true,4.3575727942027575e27,745.0839807177778,0.0,sqrt_abs((v2/(v1/v3))),0.06040376974389838,6.5779510621667e53,24349.860759700252,6.5779510621667e53,2048.0,1.939762266280872e26,sqrt_abs((v2/(v1/v3)))
25.78787398338318,2.8817490722296224e6,6.0,0.0,7424.0,-0.9101223581757508,true,2.6302659245807164e27,40676.75785108923,1.0,(v3*(6.76337620550062e7/v1)),-0.6058624392635182,2.444934335637532e53,188760.05579014748,2.444934335637532e53,7.0,1.27439651541743e26,(v3*(6.76e7/v1))
715.3164780139923,8.526051608999716e6,6.0,3.5,4515.0,-0.9154616240266963,true,4.355386602898845e27,16664.931763353918,0.0,((v2+v3)/sqrt_abs(v1)),0.05912912707732376,6.570044133389465e53,395035.80229896156,6.570044133389465e53,17.0,1.9354478727778325e26,((v2+v3)/sqrt_abs(v1))
1792.04469704628,2.881807916082081e6,6.0,0.0,33.0,-0.9101223581757508,true,2.6303198979980676e27,40677.58846995671,1.0,(6.7635143101598e7*(v3/v1)),-0.6058473288098691,2.4450280695787593e53,188763.91018281007,2.4450280695787593e53,6.0,1.2744424109328682e26,(6.76e7*(v3/v1))
33.713123083114624,0.9999999980655896,6.0,4.0,7379.0,-0.9995550611790879,true,4.3578944120563835e27,0.999999757147443,0.0,(sqrt_abs((v2*v3))/v1),0.06071554925294653,6.579885108811217e53,0.9864253335506341,6.579885108811217e53,65.0,1.940705630944704e26,(sqrt_abs((v2*v3))/v1)
1792.864051103592,14.308830702704226,6.0,7.0,30.0,-0.9875417130144605,true,4.446215753269688e28,0.9963841360058007,0.0,(v3*(v2/pow3(v1))),106.84337693411092,6.689795680589721e55,2.5333486005956094,6.689795680589721e55,19.0,1.7612987185321644e27,(v3*(v2/pow3(v1)))
25.78787398338318,2.8817490722296224e6,6.0,0.0,7424.0,-0.9101223581757508,true,2.6302659245807164e27,40676.75785108923,1.0,(v3*(6.76337620550062e7/v1)),-0.6058624392635182,2.444934335637532e53,188760.05579014748,2.444934335637532e53,7.0,1.27439651541743e26,(v3*(6.76e7/v1))
447.4159719944,0.9999999980655896,6.0,4.0,5606.0,-0.9995550611790879,true,4.3578944120563835e27,0.999999757147443,0.0,(sqrt_abs((v2*v3))/v1),0.06071554925294653,6.579885108811217e53,0.9864253335506341,6.579885108811217e53,65.0,1.940705630944704e26,(sqrt_abs((v2*v3))/v1)
715.3164780139923,8.526051608999716e6,6.0,3.5,4515.0,-0.9154616240266963,true,4.355386602898845e27,16664.931763353918,0.0,((v2+v3)/sqrt_abs(v1)),0.05912912707732376,6.570044133389465e53,395035.80229896156,6.570044133389465e53,17.0,1.9354478727778325e26,((v2+v3)/sqrt_abs(v1))
1795.7068870067596,2.881807916082081e6,6.0,0.0,18.0,-0.9101223581757508,true,2.6303198979980676e27,40677.58846995671,1.0,(6.7635143101598e7*(v3/v1)),-0.6058473288098691,2.4450280695787593e53,188763.91018281007,2.4450280695787593e53,6.0,1.2744424109328682e26,(6.76e7*(v3/v1))
20.148141145706177,487325.4365764065,6.0,3.5,7459.0,-0.9817575083426029,true,4.3575727942027575e27,745.0839807177778,0.0,sqrt_abs((v2/(v1/v3))),0.06040376974389838,6.5779510621667e53,24349.860759700252,6.5779510621667e53,2048.0,1.939762266280872e26,sqrt_abs((v2/(v1/v3)))
54.735305070877075,6172.037632433774,7.0,8.0,7275.0,-0.9274749721913237,true,4.342008904837759e27,118.53637639276006,0.0,(v3*(pow3(log(v2))/v1)),0.05317410401963607,6.533103628871072e53,447.5525366352356,6.533103628871072e53,67.0,1.9320647091662857e26,(v3*(pow3(log(v2))/v1))
134.61078810691833,0.9999855602853647,7.0,5.5,6910.0,-0.9870967741935484,true,4.35611810182016e27,0.9997633213057037,0.0,(v3*(sqrt_abs(v2)/pow2(v1))),0.0598804650500131,6.574704871644564e53,0.9923858489436937,6.574704871644564e53,35.0,1.9400830493707218e26,(v3*(sqrt_abs(v2)/pow2(v1)))
1798.9919199943542,8.732996696473104e25,7.0,5.0,4.0,-0.9417130144605117,true,4.969146066964708e49,6.346196634255959e22,0.0,(v3*((v2+v3)/v1)),1.4188320888656576e44,8.801371998370109e97,3.177662955923941e24,8.801371998370109e97,19.0,2.25020592490805e48,(v3*((v2+v3)/v1))
31.6248140335083,37578.07216409344,7.0,0.0,7390.0,-0.9261401557285873,true,6.898963371428776e26,159.4796168511111,1.0,(9.81954092687574e16*(v3/pow2(v1))),-0.9608290383295884,2.4298731886647685e52,2189.513483752585,2.4298731886647685e52,10.0,5.060610644120775e25,(9.82e16*(v3/pow2(v1)))
791.6786551475525,2580.2067321053614,7.0,0.0,4198.0,-0.8918798665183537,true,6.90850454978356e26,0.999869554423943,1.0,(1.42961149728195e26*(v3/pow3(v1))),-0.9615374069155083,2.3859313051567331e52,115.44495848465651,2.3859313051567331e52,10.0,4.719746663571647e25,(1.43e26*(v3/pow3(v1)))
1785.3345820903778,37582.962285151,7.0,0.0,60.0,-0.9261401557285873,true,6.898962125561047e26,159.50049987744677,1.0,((9.8208187323429e16*v3)/pow2(v1)),-0.9608289261316525,2.4298801485846863e52,2189.798445978004,2.4298801485846863e52,13.0,5.062535632459888e25,((9.82e16*v3)/pow2(v1))
436.57966113090515,6172.037632433774,7.0,8.0,5649.0,-0.9274749721913237,true,4.342008904837759e27,118.53637639276006,0.0,((v3*pow3(log(v2)))/v1),0.05317410401963607,6.533103628871072e53,447.5525366352356,6.533103628871072e53,67.0,1.9320647091662857e26,((v3*pow3(log(v2)))/v1)
883.7612721920013,37578.07216409344,7.0,0.0,3807.0,-0.9261401557285873,true,6.898963371428776e26,159.47961685111113,1.0,(9.81954092687574e16/(pow2(v1)/v3)),-0.9608290383295884,2.4298731886647685e52,2189.5134837525857,2.4298731886647685e52,10.0,5.0606106441207775e25,(9.82e16/(pow2(v1)/v3))
1792.9709520339966,0.999999999999991,7.0,4.5,29.0,-0.9345939933259176,true,4.357894420484646e27,0.9999999999998194,0.0,(v3*(sqrt_abs(v1)/pow2(v1))),0.06071555362578662,6.579885135937043e53,0.9999999939067652,6.579885135937043e53,35.0,1.9407056368896893e26,(v3*(sqrt_abs(v1)/pow2(v1)))
791.6786551475525,2580.2067321053614,7.0,0.0,4198.0,-0.8918798665183537,true,6.90850454978356e26,0.999869554423943,1.0,(1.42961149728195e26*(v3/pow3(v1))),-0.9615374069155083,2.3859313051567331e52,115.44495848465651,2.3859313051567331e52,10.0,4.719746663571647e25,(1.43e26*(v3/pow3(v1)))
1799.795968055725,1.4638545730653536e9,7.0,0.0,1.0,-0.9261401557285873,true,7.047808943202399e26,1.5416722213836286e7,1.0,(2.070755265897e22/(v1/sqrt_abs(v3))),-0.9498555783844453,3.110584485261072e52,1.2872959275199233e8,3.110584485261072e52,10.0,5.934830381984697e25,(2.07e22/(v1/sqrt_abs(v3)))
91.74035406112671,2580.206675945167,7.0,0.0,7101.0,-0.8918798665183537,true,6.908504549784275e26,0.9998695544267812,1.0,(1.42961146617741e26/(pow3(v1)/v3)),-0.9615374069077331,2.3859313056390438e52,115.44495598448515,2.3859313056390438e52,10.0,4.719746351020095e25,(1.43e26/(pow3(v1)/v3))
31.6248140335083,37578.07216409344,7.0,0.0,7390.0,-0.9261401557285873,true,6.898963371428776e26,159.4796168511111,1.0,(9.81954092687574e16*(v3/pow2(v1))),-0.9608290383295884,2.4298731886647685e52,2189.513483752585,2.4298731886647685e52,10.0,5.060610644120775e25,(9.82e16*(v3/pow2(v1)))
134.61078810691833,0.9999855602853647,7.0,5.5,6910.0,-0.9870967741935484,true,4.35611810182016e27,0.9997633213057037,0.0,(v3*(sqrt_abs(v2)/pow2(v1))),0.0598804650500131,6.574704871644564e53,0.9923858489436937,6.574704871644564e53,35.0,1.9400830493707218e26,(v3*(sqrt_abs(v2)/pow2(v1)))
54.735305070877075,6172.037632433774,7.0,8.0,7275.0,-0.9274749721913237,true,4.342008904837759e27,118.53637639276006,0.0,(v3*(pow3(log(v2))/v1)),0.05317410401963607,6.533103628871072e53,447.5525366352356,6.533103628871072e53,67.0,1.9320647091662857e26,(v3*(pow3(log(v2))/v1))
217.55828714370728,0.9999855602853647,7.0,5.5,6560.0,-0.9870967741935484,true,4.35611810182016e27,0.9997633213057037,0.0,(v3*(sqrt_abs(v2)/pow2(v1))),0.0598804650500131,6.574704871644564e53,0.9923858489436937,6.574704871644564e53,35.0,1.9400830493707218e26,(v3*(sqrt_abs(v2)/pow2(v1)))
883.7612721920013,37578.07216409344,7.0,0.0,3807.0,-0.9261401557285873,true,6.898963371428776e26,159.47961685111113,1.0,(9.81954092687574e16/(pow2(v1)/v3)),-0.9608290383295884,2.4298731886647685e52,2189.5134837525857,2.4298731886647685e52,10.0,5.0606106441207775e25,(9.82e16/(pow2(v1)/v3))
791.6786551475525,2580.2067321053614,7.0,0.0,4198.0,-0.8918798665183537,true,6.90850454978356e26,0.999869554423943,1.0,(1.42961149728195e26*(v3/pow3(v1))),-0.9615374069155083,2.3859313051567331e52,115.44495848465651,2.3859313051567331e52,10.0,4.719746663571647e25,(1.43e26*(v3/pow3(v1)))
62.583996057510376,37578.07216409344,7.0,0.0,7237.0,-0.9261401557285873,true,6.898963371428776e26,159.4796168511111,1.0,(9.81954092687574e16*(v3/pow2(v1))),-0.9608290383295884,2.4298731886647685e52,2189.513483752585,2.4298731886647685e52,10.0,5.060610644120775e25,(9.82e16*(v3/pow2(v1)))
1791.7884261608124,1.2997795757220599e46,7.0,6.5,34.0,-0.9817575083426029,true,8.979575915503333e72,9.241035628080967e42,0.0,sqrt_abs(pow3((v2/(v1/v3)))),4.332883291828986e90,2.6877963908610317e144,4.437400649599276e44,2.6877963908610317e144,1.7976931348623157e308,3.005063055400573e71,sqrt_abs(pow3((v2/(v1/v3))))
62.583996057510376,37578.07216409344,7.0,0.0,7237.0,-0.9261401557285873,true,6.898963371428776e26,159.4796168511111,1.0,(9.81954092687574e16*(v3/pow2(v1))),-0.9608290383295884,2.4298731886647685e52,2189.513483752585,2.4298731886647685e52,10.0,5.060610644120775e25,(9.82e16*(v3/pow2(v1)))
791.6786551475525,2580.2067321053614,7.0,0.0,4198.0,-0.8918798665183537,true,6.90850454978356e26,0.999869554423943,1.0,(1.42961149728195e26*(v3/pow3(v1))),-0.9615374069155083,2.3859313051567331e52,115.44495848465651,2.3859313051567331e52,10.0,4.719746663571647e25,(1.43e26*(v3/pow3(v1)))
217.55828714370728,0.9999855602853647,7.0,5.5,6560.0,-0.9870967741935484,true,4.35611810182016e27,0.9997633213057037,0.0,(v3*(sqrt_abs(v2)/pow2(v1))),0.0598804650500131,6.574704871644564e53,0.9923858489436937,6.574704871644564e53,35.0,1.9400830493707218e26,(v3*(sqrt_abs(v2)/pow2(v1)))
54.735305070877075,6172.037632433774,7.0,8.0,7275.0,-0.9274749721913237,true,4.342008904837759e27,118.53637639276006,0.0,(v3*(pow3(log(v2))/v1)),0.05317410401963607,6.533103628871072e53,447.5525366352356,6.533103628871072e53,67.0,1.9320647091662857e26,(v3*(pow3(log(v2))/v1))
1793.3339881896973,1.4590140858820748e9,7.0,0.0,28.0,-0.9261401557285873,true,7.024075434503047e26,1.5365744164208388e7,1.0,(2.06390795708513e22*(sqrt_abs(v3)/v1)),-0.9500122432288389,3.100866171266094e52,1.2830392618725337e8,3.100866171266094e52,10.0,5.933886635842504e25,(2.06e22*(sqrt_abs(v3)/v1))
1795.2412061691284,2.677912878767835,7.0,4.0,20.0,-0.9510567296996663,true,4.357894290124022e27,0.9999986080252942,0.0,((v3+(v2+v3))/v1),0.06071548928364923,6.5798847368065954e53,0.9992859274290223,6.5798847368065954e53,13.0,1.9407055392021343e26,((v3+(v2+v3))/v1)
460.54279112815857,0.9999999972643305,8.0,4.0,5553.0,-0.9995550611790879,true,4.357894408564581e27,0.9999996565546201,0.0,(sqrt_abs((v2*(v3+v3)))/v1),0.06071554744132768,6.579885097573289e53,0.9808025226026157,6.579885097573289e53,1025.0,1.940705628481943e26,(sqrt_abs((v2*(v3+v3)))/v1)
690.8306980133057,3.0042116706940934e7,8.0,0.0,4616.0,-0.8918798665183537,true,6.870689055610359e26,1.9352090708128302e6,1.0,sqrt_abs((v3*pow3((8.53565167634694e17/v1)))),-0.9719532935717756,1.7398076808456928e52,4.451063319586898e6,1.7398076808456928e52,131072.0,3.674613984444508e25,sqrt_abs((v3*pow3((8.54e17/v1))))
62.65434813499451,0.9995490220806006,8.0,7.0,7237.0,-0.9875417130144605,true,1.7446120736615623e27,0.9982831565020797,0.0,(v3*(v2/pow3((v1+v1)))),-0.8082660732351964,1.1893737302730758e53,0.8552130929459546,1.1893737302730758e53,67.0,9.284149504615963e25,(v3*(v2/pow3((v1+v1))))
268.94424200057983,294.15441614576895,8.0,0.0,6342.0,-0.9345939933259176,true,6.90792650451629e26,0.9999997296738408,1.0,(0.00151840721744546*(pow2(v3)/pow3(v1))),-0.95962343602508,2.504659729280396e52,10.853463269664383,2.504659729280396e52,18.0,5.032856448765854e25,(0.00152*(pow2(v3)/pow3(v1)))
