time,generation,mean age hall_of_fame,mean compl,mean recursive_compl,mean n_params,min mae,min mse,min max_ae,min minus_r2,min mare,min q75_are,min max_are,min ms_processed_e,min minus_spearman,max penalty
18.95678997039795,1.0,0.0,11.8,13146.4,1.6,0.025717252866188593,0.0011700985738487407,0.11717569716850351,-0.9782016417714802,0.14434741229790776,0.1876536237855264,0.7038998341033553,0.0011700985738487407,-0.9883471372984767,0.0
24.393094062805176,8.0,3.3333333333333335,9.25,5486.25,1.75,0.014068581365774676,0.00035989198555295954,0.09660493500569634,-0.99329539014918,0.07454194710563875,0.09922818032835187,0.3909211404423855,0.00035989198555295954,-0.998446400468768,0.0
30.05173397064209,16.0,4.615384615384615,11.923076923076923,3.303821372307692e8,2.3846153846153846,0.014068581365774676,0.00035989198555295954,0.08968700165377214,-0.99329539014918,0.07454194710563875,0.09922818032835187,0.3574337422703057,0.00035989198555295954,-0.9984476892309634,0.0
35.18332600593567,23.0,7.285714285714286,11.428571428571429,1.3176245770003228e18,2.142857142857143,0.007826730835471312,0.00011773158212831033,0.06136257620711494,-0.9978067188018169,0.03971476203071411,0.04972560870565023,0.14481649103094782,0.00011773158212831033,-0.9988737136309159,0.0
40.25814414024353,28.0,7.714285714285714,11.428571428571429,3.067833929285714e8,2.2142857142857144,0.005840163501805609,5.152069254331769e-5,0.01929900878788593,-0.9990401949567833,0.03497666494833297,0.044967149296063325,0.14797833149879688,5.152069254331769e-5,-0.9991732450541586,0.0
45.74485802650452,36.0,7.642857142857143,12.428571428571429,3.0678339371428573e8,2.4285714285714284,0.005840163501805609,5.152069254331769e-5,0.01929900878788593,-0.9990401949567833,0.03497666494833297,0.044967149296063325,0.14797833149879688,5.152069254331769e-5,-0.9991732450541586,0.0
51.24050807952881,44.0,14.833333333333334,11.083333333333334,5645.083333333333,1.8333333333333333,0.005840163501805609,5.152069254331769e-5,0.01929900878788593,-0.9990401949567833,0.03497666494833297,0.044967149296063325,0.14797833149879688,5.152069254331769e-5,-0.9991732450541586,0.0
56.91429400444031,52.0,14.733333333333333,13.8,2.863359544e8,2.3333333333333335,0.002626665096585464,1.5399424924299194e-5,0.01671061450711986,-0.9997131163232608,0.011480022926428383,0.016300484187613533,0.06032839827279602,1.5399424924299194e-5,-0.9997420790113442,0.0
61.916826009750366,59.0,20.666666666666668,13.8,2.863359544e8,2.3333333333333335,0.002464681936039146,1.4115437705190021e-5,0.016566751150181025,-0.9997370363706726,0.010631886054345466,0.015619415363983277,0.05600411537342254,1.4115437705190021e-5,-0.9997723686469241,0.0
67.32748198509216,67.0,22.5,12.142857142857142,3.0678837421428573e8,2.0714285714285716,0.001860412888504299,7.96861082822252e-6,0.017275265122326577,-0.9998515487179461,0.008414717008795076,0.012626977288222232,0.04757871517646637,7.96861082822252e-6,-0.9997182141626283,0.0
72.66804313659668,75.0,21.4,12.866666666666667,37.266666666666666,2.2,0.001860412888504299,7.96861082822252e-6,0.017275265122326577,-0.9998515487179461,0.008414717008795076,0.012626977288222232,0.04757871517646637,7.96861082822252e-6,-0.9997182141626283,0.0
78.25848603248596,83.0,22.941176470588236,13.882352941176471,3896.470588235294,2.2941176470588234,0.0018604127910809608,7.968610707524321e-6,0.017275265122326577,-0.9998515487201947,0.008414716151825041,0.012626977288222232,0.04757867989651435,7.968610707524321e-6,-0.9997182141626283,0.0
83.37686896324158,90.0,25.823529411764707,14.411764705882353,4380.235294117647,2.3529411764705883,0.0018537337097986658,7.813142746495332e-6,0.01659626645427914,-0.9998544450114845,0.00828481328667813,0.011847643000667114,0.04274081920802655,7.813142746495332e-6,-0.9997790382612236,0.0
88.40669417381287,97.0,28.705882352941178,13.823529411764707,3924.9411764705883,2.235294117647059,0.0018537337097986658,7.813142746495332e-6,0.016596087843174012,-0.9998544450114845,0.00828481328667813,0.011847643000667114,0.04274081920802655,7.813142746495332e-6,-0.9997790382612236,0.0
93.69188213348389,104.0,31.736842105263158,14.526315789473685,2.2605443036842105e8,2.3684210526315788,0.0018537337097986658,7.813142746495332e-6,0.016596087843174012,-0.9998544450114845,0.00828481328667813,0.011847643000667114,0.04274081920802655,7.813142746495332e-6,-0.9997790382612236,0.0
98.946298122406,111.0,35.904761904761905,15.333333333333334,2.045254479047619e8,2.4761904761904763,0.0018537337097986658,7.813142746495332e-6,0.016596087843174012,-0.9998544450114845,0.00828481328667813,0.011847643000667114,0.04274081920802655,7.813142746495332e-6,-0.9997790382612236,0.0
104.31794905662537,118.0,35.42857142857143,15.428571428571429,2.04525451e8,2.5238095238095237,0.0016507833097282305,7.353822724015536e-6,0.016596087843174012,-0.999863001916531,0.006676463345465652,0.009869575357662617,0.031169833637055135,7.353822724015536e-6,-0.9998160592149092,0.0
109.69636106491089,125.0,33.3,15.7,2.147517237e8,2.55,0.0016507833097282305,7.353822724015536e-6,0.016596290226215227,-0.999863001916531,0.006676463345465652,0.009869575357662617,0.031169833637055135,7.353822724015536e-6,-0.9998160592149092,0.0
115.08860397338867,132.0,34.3,15.3,2.147517168e8,2.5,0.001650783310751723,7.353822722917676e-6,0.016596271366476345,-0.9998630019165514,0.006676463351186057,0.009869575301521067,0.031169833559667348,7.353822722917676e-6,-0.9998128160672108,0.0
120.53949618339539,139.0,40.2,15.3,2.1475171755e8,2.5,0.001650783310751723,7.353822722917676e-6,0.016596271366476345,-0.9998630019165514,0.006676463351186057,0.009869575301521067,0.031169833559667348,7.353822722917676e-6,-0.9998128160672108,0.0
125.97029113769531,146.0,31.1,15.3,2.147517177e8,2.5,0.0016507833161218104,7.35382271712693e-6,0.016596271366476345,-0.9998630019166593,0.0066764633813056,0.009869575001229185,0.031169833149268737,7.35382271712693e-6,-0.9998143458593021,0.0
131.40483498573303,153.0,37.578947368421055,14.894736842105264,2.2605443357894737e8,2.4210526315789473,0.0016507881783314948,7.353818000335667e-6,0.01666220902069393,-0.9998630020045308,0.006676490975889097,0.009869283479345644,0.031169461673369522,7.353818000335667e-6,-0.999813366757916,0.0
136.91022610664368,160.0,34.611111111111114,14.61111111111111,2.3861299466666666e8,2.3333333333333335,0.0016507881783314948,7.353818000335667e-6,0.016806888732880276,-0.9998630020045308,0.006676490975889097,0.009869283479345644,0.031169461673369522,7.353818000335667e-6,-0.999813366757916,0.0
142.32182002067566,167.0,41.611111111111114,14.61111111111111,2.3861299466666666e8,2.3333333333333335,0.0016507881783314948,7.353818000335667e-6,0.016806888732880276,-0.9998630020045308,0.006676490975889097,0.009869283479345644,0.031169461673369522,7.353818000335667e-6,-0.999813366757916,0.0
147.6016571521759,174.0,44.05555555555556,14.61111111111111,2.3861301083333334e8,2.3333333333333335,0.0016507881783314948,7.353818000335667e-6,0.01694130451347098,-0.9998630020045308,0.006676490975889097,0.009869283479345644,0.031169461673369522,7.353818000335667e-6,-0.9998164875235991,0.0
153.16488909721375,181.0,52.0625,13.3125,2.6843960225e8,2.0625,0.0016918100964652967,7.274799882744806e-6,0.01727716730283546,-0.9998644740730148,0.00716131763648287,0.010107853181095153,0.031623928338047044,7.274799882744806e-6,-0.9997987416966375,0.0
158.65901517868042,188.0,55.94117647058823,13.882352941176471,2.526490403529412e8,2.176470588235294,0.0016918100964652967,7.274799882744806e-6,0.01727716730283546,-0.9998644740730148,0.00716131763648287,0.010107853181095153,0.031623928338047044,7.274799882744806e-6,-0.9997987416966375,0.0
164.11761713027954,195.0,53.35294117647059,13.882352941176471,2.526490403529412e8,2.176470588235294,0.0016918100964652967,7.274799882744806e-6,0.01727716730283546,-0.9998644740730148,0.00716131763648287,0.010107853181095153,0.031623928338047044,7.274799882744806e-6,-0.9997987416966375,0.0
169.57426714897156,202.0,57.588235294117645,13.882352941176471,2.526490403529412e8,2.176470588235294,0.0016918100964652967,7.274799882744806e-6,0.01727716730283546,-0.9998644740730148,0.00716131763648287,0.010107853181095153,0.031623928338047044,7.274799882744806e-6,-0.9997987416966375,0.0
175.21737408638,209.0,50.411764705882355,13.411764705882353,2.526490416470588e8,2.0588235294117645,0.0016917642576720518,7.202043479170762e-6,0.017427568556672823,-0.9998658294888609,0.007161066233815858,0.010104537179663491,0.03162598081773346,7.202043479170762e-6,-0.9997997818738029,0.0
180.93455410003662,216.0,52.64705882352941,13.352941176470589,2.526490473529412e8,2.0588235294117645,0.0016886115049664177,7.156720733895761e-6,0.017427568556672823,-0.9998666738292092,0.007131528042018283,0.010104537179663491,0.03162598081773346,7.156720733895761e-6,-0.9997997818738029,0.0
186.48425817489624,223.0,51.94444444444444,12.666666666666666,2.38612991e8,1.9444444444444444,0.0016886115049664177,7.156720733895761e-6,0.017427568556672823,-0.9998666738292092,0.007131528042018283,0.010104537179663491,0.03162598081773346,7.156720733895761e-6,-0.9997997818738029,0.0
191.91788816452026,230.0,56.27777777777778,12.666666666666666,2.386129888888889e8,1.8888888888888888,0.0016886115049664177,7.156720733895761e-6,0.017427568556672823,-0.9998666738292092,0.007131528042018283,0.010104537179663491,0.03162598081773346,7.156720733895761e-6,-0.9997997818738029,0.0
197.51658010482788,237.0,61.111111111111114,12.666666666666666,2.386129888888889e8,1.8888888888888888,0.001688941891036054,7.15653826784895e-6,0.017427568556672823,-0.9998666772284616,0.007133626300467662,0.010104537179663491,0.03162598081773346,7.15653826784895e-6,-0.9997997818738029,0.0
203.0760350227356,244.0,63.21052631578947,13.421052631578947,2.2605442057894737e8,2.0526315789473686,0.001689289079277264,7.156398509151707e-6,0.01695676279794922,-0.999866679832097,0.007135801224843907,0.010017851332719546,0.030771604956531067,7.156398509151707e-6,-0.9997997818738029,0.0
208.53305411338806,251.0,64.85,14.1,2.1475170595e8,2.2,0.001689289079277264,7.156398509151707e-6,0.01695676279794922,-0.999866679832097,0.007135801224843907,0.010017851332719546,0.030771604956531067,7.156398509151707e-6,-0.9997995370861821,0.0
214.0147681236267,258.0,67.33333333333333,13.944444444444445,2.386130041111111e8,2.2222222222222223,0.001689289079277264,7.156398509151707e-6,0.01695676279794922,-0.999866679832097,0.007135801224843907,0.010017851332719546,0.030771604956531067,7.156398509151707e-6,-0.9997996594909451,0.0
219.67098307609558,265.0,70.52631578947368,14.31578947368421,2.2606822315789473e8,2.263157894736842,0.001689289079277264,7.156398509151707e-6,0.01695676279794922,-0.999866679832097,0.007135801224843907,0.010017851332719546,0.030771604956531067,7.156398509151707e-6,-0.9997996594909451,0.0
225.4244179725647,272.0,68.36842105263158,14.31578947368421,2.2606822578947368e8,2.3157894736842106,0.001689787442850244,7.156197151210075e-6,0.01695676279794922,-0.999866683583296,0.007138949201932959,0.010017851332719546,0.030771604956531067,7.156197151210075e-6,-0.9997996594909451,0.0
231.1518039703369,279.0,70.9,14.6,2.147648166e8,2.35,0.001689787442850244,7.156197151210075e-6,0.01695676279794922,-0.999866683583296,0.007138949201932959,0.010017851332719546,0.030771604956531067,7.156197151210075e-6,-0.9997996594909451,0.0
236.9115171432495,286.0,77.9,14.6,2.147648166e8,2.35,0.001689787442850244,7.156197151210075e-6,0.01695676279794922,-0.999866683583296,0.007138949201932959,0.010017851332719546,0.030771604956531067,7.156197151210075e-6,-0.9997996594909451,0.0
242.7085440158844,293.0,77.25,14.6,2.1476480545e8,2.25,0.001689787442850244,7.156197151210075e-6,0.016614260787125246,-0.999866683583296,0.007138949201932959,0.010017851332719546,0.030771604956531067,7.156197151210075e-6,-0.9997996594909451,0.0
247.95717906951904,299.0,78.38095238095238,15.428571428571429,2.045379399047619e8,2.3333333333333335,0.001689787442850244,7.137548857375629e-6,0.016614260733061936,-0.9998670309917951,0.007138949201932959,0.010017851332719546,0.030771604956531067,7.137548857375629e-6,-0.9997996594909451,0.0
253.3027720451355,305.0,70.04761904761905,15.428571428571429,2.0453482066666666e8,2.3333333333333335,0.001689787442850244,7.137548857375629e-6,0.016614260733061936,-0.9998670309917951,0.007138949201932959,0.010017851332719546,0.030771604956531067,7.137548857375629e-6,-0.9997996594909451,0.0
258.6297540664673,311.0,74.75,15.2,2.147648348e8,2.3,0.001689787442850244,7.137548857375629e-6,0.016614260733061936,-0.9998670309917951,0.007138949201932959,0.010017851332719546,0.030771604956531067,7.137548857375629e-6,-0.9997996594909451,0.0
264.0406060218811,317.0,71.3,15.2,2.147648348e8,2.3,0.001689787442850244,7.137548857375629e-6,0.016614260733061936,-0.9998670309917951,0.007138949201932959,0.010017851332719546,0.030771604956531067,7.137548857375629e-6,-0.9997996594909451,0.0
269.25777101516724,323.0,65.9,15.2,2.147648348e8,2.3,0.001688560780549493,7.137548857375629e-6,0.016614260733061936,-0.9998670309917951,0.007129930074903172,0.010017851332719546,0.030771604956531067,7.137548857375629e-6,-0.9997996594909451,0.0
274.5306100845337,329.0,69.85,15.2,2.147615596e8,2.3,0.001688560780549493,7.137548857375629e-6,0.016614260733061936,-0.9998670309917951,0.007129930074903172,0.010017851332719546,0.030771604956531067,7.137548857375629e-6,-0.9997996594909451,0.0
279.861337184906,335.0,75.85,15.2,2.147615596e8,2.3,0.001688560780549493,7.137548857375629e-6,0.016614260733061936,-0.9998670309917951,0.007129930074903172,0.010017851332719546,0.030771604956531067,7.137548857375629e-6,-0.9997996594909451,0.0
285.1768569946289,341.0,79.95238095238095,15.904761904761905,2.0453800242857143e8,2.4285714285714284,0.001688560780549493,7.137548857375629e-6,0.016614260733061936,-0.9998670309917951,0.007129930074903172,0.010017851332719546,0.030771604956531067,7.137548857375629e-6,-0.9997998430980616,0.0
290.43876218795776,347.0,85.95238095238095,15.904761904761905,2.0453800242857143e8,2.4285714285714284,0.001688560780549493,7.137548857375629e-6,0.016614260733061936,-0.9998670309917951,0.007129930074903172,0.010017851332719546,0.030771604956531067,7.137548857375629e-6,-0.9997998430980616,0.0
295.6643271446228,353.0,89.75,14.55,2.147648541e8,2.15,0.001688576768394117,7.137548857375629e-6,0.016614260733061936,-0.9998670309917951,0.0071310087788554926,0.010017851332719546,0.030771604956531067,7.137548857375629e-6,-0.9997995983543257,0.0
300.92907309532166,359.0,92.15,14.55,2.147615789e8,2.15,0.001688576768394117,7.137548857375629e-6,0.016614260733061936,-0.9998670309917951,0.0071310087788554926,0.010017851332719546,0.030771604956531067,7.137548857375629e-6,-0.9997995983543257,0.0
306.2385540008545,365.0,88.66666666666667,15.095238095238095,2.0453484742857143e8,2.2857142857142856,0.0016888748108253963,7.137548857375629e-6,0.016614260733061936,-0.9998670309917951,0.007132611676867858,0.010017851332719546,0.03072831602509579,7.137548857375629e-6,-0.9997995983543257,0.0
311.7187919616699,371.0,90.27272727272727,15.909090909090908,1.9523793013636363e8,2.4545454545454546,0.0016758623616102888,7.085264445962925e-6,0.01645416534386035,-0.9998680050245434,0.007089774238972804,0.010017851332719546,0.030110663919549262,7.085264445962925e-6,-0.9997995983543257,0.0
316.9472689628601,377.0,84.0952380952381,15.380952380952381,2.04534961e8,2.3333333333333335,0.0016758623616102888,7.085264445962925e-6,0.01645416534386035,-0.9998680050245434,0.007089774238972804,0.010072896884073972,0.030110663919549262,7.085264445962925e-6,-0.9997995983543257,0.0
322.2922270298004,383.0,86.0,15.380952380952381,2.0454273533333334e8,2.3333333333333335,0.0016367889760444767,7.085264445962925e-6,0.01645416534386035,-0.9998680050245434,0.006697029940769446,0.009645777744358364,0.030110663919549262,7.085264445962925e-6,-0.9997995370861821,0.0
327.5047070980072,389.0,91.14285714285714,15.380952380952381,2.0454273533333334e8,2.3333333333333335,0.0016367889760444767,7.085264445962925e-6,0.01645416534386035,-0.9998680050245434,0.006697029940769446,0.009645777744358364,0.030110663919549262,7.085264445962925e-6,-0.9997995370861821,0.0
332.9269931316376,395.0,95.76190476190476,15.380952380952381,2.045426587142857e8,2.3333333333333335,0.0016367889760444767,7.035218275414108e-6,0.01718962913755373,-0.9998689373599705,0.006697029940769446,0.009496785591976148,0.031200424459959436,7.035218275414108e-6,-0.9998002107087759,0.0
338.10786414146423,401.0,99.28571428571429,15.380952380952381,2.045426587142857e8,2.3333333333333335,0.0016367889760444767,7.035218275414108e-6,0.01718962913755373,-0.9998689373599705,0.006697029940769446,0.009496785591976148,0.031200424459959436,7.035218275414108e-6,-0.9998002107087759,0.0
343.34860706329346,407.0,100.5,16.045454545454547,1.952455455909091e8,2.4545454545454546,0.0016367889760444767,7.035218275414108e-6,0.01718962913755373,-0.9998689373599705,0.006697029940769446,0.009496785591976148,0.031200424459959436,7.035218275414108e-6,-0.9998002107087759,0.0
348.5935151576996,413.0,104.86363636363636,15.818181818181818,1.9523811286363637e8,2.4545454545454546,0.0016378248326266885,7.035218275414108e-6,0.01718962913755373,-0.9998689373599705,0.006667236625098119,0.009496785591976148,0.031200424459959436,7.035218275414108e-6,-0.9998002107087759,0.0
353.9851989746094,419.0,99.68181818181819,15.818181818181818,1.9523811236363637e8,2.4545454545454546,0.0016378248326266885,7.034325984459342e-6,0.017191139453319182,-0.9998689539829101,0.006667236625098119,0.009488840552722984,0.031206564401655243,7.034325984459342e-6,-0.9998007612867883,0.0
359.2423870563507,425.0,105.68181818181819,15.818181818181818,1.9523811236363637e8,2.4545454545454546,0.0016378248326266885,7.034325984459342e-6,0.017191139453319182,-0.9998689539829101,0.006667236625098119,0.009488840552722984,0.031206564401655243,7.034325984459342e-6,-0.9998007612867883,0.0
364.4787881374359,431.0,108.68181818181819,15.818181818181818,1.952381113181818e8,2.4545454545454546,0.0016378248326266885,7.034325984459342e-6,0.017191139453319182,-0.9998689539829101,0.006667236625098119,0.009488840552722984,0.031206564401655243,7.034325984459342e-6,-0.9998007612867883,0.0
369.86385703086853,437.0,109.36363636363636,15.818181818181818,1.952381113181818e8,2.4545454545454546,0.0016378248326266885,7.034325984459342e-6,0.017191139453319182,-0.9998689539829101,0.006667236625098119,0.009488840552722984,0.031206564401655243,7.034325984459342e-6,-0.9998007612867883,0.0
375.1793851852417,443.0,115.95454545454545,15.818181818181818,1.9523811236363637e8,2.4545454545454546,0.0016378248326266885,7.034325984459342e-6,0.017191139453319182,-0.9998689539829101,0.006667236625098119,0.009488840552722984,0.031206564401655243,7.034325984459342e-6,-0.9998007612867883,0.0
380.4173321723938,449.0,116.78260869565217,15.782608695652174,1.8674950008695653e8,2.4347826086956523,0.0016378248326266885,7.034325984459342e-6,0.017191139453319182,-0.9998689539829101,0.006667236625098119,0.009488840552722984,0.031206564401655243,7.034325984459342e-6,-0.9998007612867883,0.0
385.752552986145,455.0,113.8695652173913,15.782608695652174,1.8674950008695653e8,2.4347826086956523,0.0016378248326266885,7.034325984459342e-6,0.017191139453319182,-0.9998689539829101,0.006667236625098119,0.009488840552722984,0.031206564401655243,7.034325984459342e-6,-0.9998007612867883,0.0
391.0506601333618,461.0,119.8695652173913,15.782608695652174,1.8674950008695653e8,2.4347826086956523,0.0016378248326266885,7.034325984459342e-6,0.017191139453319182,-0.9998689539829101,0.006667236625098119,0.009488840552722984,0.031206564401655243,7.034325984459342e-6,-0.9998007612867883,0.0
396.41453218460083,467.0,117.375,16.333333333333332,1.789684e8,2.5416666666666665,0.0016378248326266885,7.034325984459342e-6,0.017191139453319182,-0.9998689539829101,0.006667236625098119,0.009488840552722984,0.031206564401655243,7.034325984459342e-6,-0.9998007612867883,0.0
401.67836713790894,473.0,123.125,16.333333333333332,1.789684e8,2.5416666666666665,0.0016378248326266885,7.034325984459342e-6,0.017191139453319182,-0.9998689539829101,0.006667236625098119,0.009488840552722984,0.031206564401655243,7.034325984459342e-6,-0.9998007612867883,0.0
407.1022889614105,479.0,129.04166666666666,16.333333333333332,1.789684e8,2.5416666666666665,0.0016378248326266885,7.034325984459342e-6,0.017191139453319182,-0.9998689539829101,0.006667236625098119,0.009488840552722984,0.031206564401655243,7.034325984459342e-6,-0.9998007612867883,0.0
412.5004689693451,485.0,126.65217391304348,16.869565217391305,1.867496233478261e8,2.652173913043478,0.0016378248326266885,7.0324819016538945e-6,0.017192129060241368,-0.9998689883372616,0.006667236625098119,0.009460701196973393,0.031206564401655243,7.0324819016538945e-6,-0.9997997823144508,0.0
417.978404045105,491.0,132.65217391304347,16.869565217391305,1.867496233478261e8,2.652173913043478,0.0016378248326266885,7.0324819016538945e-6,0.017192129060241368,-0.9998689883372616,0.006667236625098119,0.009460701196973393,0.031206564401655243,7.0324819016538945e-6,-0.9997997823144508,0.0
423.24527406692505,497.0,125.77272727272727,16.681818181818183,1.9522632595454547e8,2.6363636363636362,0.0016378248326266885,7.0324819016538945e-6,0.017192129060241368,-0.9998689883372616,0.006667236625098119,0.009460701196973393,0.031206564401655243,7.0324819016538945e-6,-0.9997997823144508,0.0
428.6861209869385,503.0,120.95454545454545,16.681818181818183,1.952263263181818e8,2.6363636363636362,0.0016378248326266885,7.0324819016538945e-6,0.017192129060241368,-0.9998689883372616,0.006667236625098119,0.009460701196973393,0.031206564401655243,7.0324819016538945e-6,-0.9997997823144508,0.0
434.2195200920105,509.0,124.0909090909091,16.681818181818183,1.952263283181818e8,2.6363636363636362,0.0016378248326266885,7.0324819016538945e-6,0.017192129060241368,-0.9998689883372616,0.006667236625098119,0.009460701196973393,0.031206564401655243,7.0324819016538945e-6,-0.9997997823144508,0.0
439.731929063797,515.0,123.08695652173913,16.869565217391305,1.867382294347826e8,2.652173913043478,0.0016378248326266885,7.0324819016538945e-6,0.017192129060241368,-0.9998689883372616,0.006667236625098119,0.009460701196973393,0.031206564401655243,7.0324819016538945e-6,-0.9997997823144508,0.0
445.2960181236267,521.0,121.82608695652173,16.869565217391305,1.86738115e8,2.652173913043478,0.001637806131217293,7.0324819016538945e-6,0.017192129060241368,-0.9998689883372616,0.006667236625098119,0.009460701196973393,0.031206857297699963,7.0324819016538945e-6,-0.9997997823144508,0.0
451.0232901573181,527.0,122.66666666666667,16.333333333333332,1.7895736154166666e8,2.5416666666666665,0.001637806131217293,7.0324819016538945e-6,0.017192129060241368,-0.9998689883372616,0.006667236625098119,0.009460701196973393,0.031206857297699963,7.0324819016538945e-6,-0.9997997823144508,0.0
456.4986231327057,533.0,136.8181818181818,15.136363636363637,1.9522599163636363e8,2.3181818181818183,0.001642991985105794,7.0324819016538945e-6,0.01694434579578541,-0.9998689883372616,0.006667236625098119,0.009460701196973393,0.031208676662561188,7.0324819016538945e-6,-0.9997997823144508,0.0
462.0497090816498,539.0,139.45454545454547,15.136363636363637,1.9522599163636363e8,2.3181818181818183,0.001642991985105794,7.0324819016538945e-6,0.016944322090844954,-0.9998689883372616,0.006667236625098119,0.009460701196973393,0.031208676662561188,7.0324819016538945e-6,-0.9997997823144508,0.0
467.612154006958,545.0,145.45454545454547,15.136363636363637,1.9522599163636363e8,2.3181818181818183,0.001642991985105794,7.0324819016538945e-6,0.016944322090844954,-0.9998689883372616,0.006667236625098119,0.009460701196973393,0.031208676662561188,7.0324819016538945e-6,-0.9997997823144508,0.0
473.06701612472534,551.0,151.45454545454547,15.136363636363637,1.9522599163636363e8,2.3181818181818183,0.001642991985105794,7.0324819016538945e-6,0.016944322090844954,-0.9998689883372616,0.006667236625098119,0.009460701196973393,0.031208676662561188,7.0324819016538945e-6,-0.9997997823144508,0.0
478.5747561454773,557.0,151.52380952380952,15.047619047619047,2.0452246542857143e8,2.3333333333333335,0.001642991985105794,7.0324819016538945e-6,0.016944322090844954,-0.9998689883372616,0.006667236625098119,0.009460701196973393,0.031208676662561188,7.0324819016538945e-6,-0.9997997823144508,0.0
484.12202501296997,563.0,157.52380952380952,15.047619047619047,2.0452246542857143e8,2.3333333333333335,0.001642991985105794,7.0324819016538945e-6,0.016944322090844954,-0.9998689883372616,0.006667236625098119,0.009460701196973393,0.031208676662561188,7.0324819016538945e-6,-0.9997997823144508,0.0
489.66630005836487,569.0,163.52380952380952,15.047619047619047,2.0452246542857143e8,2.3333333333333335,0.001642991985105794,7.0324819016538945e-6,0.016944322090844954,-0.9998689883372616,0.006667236625098119,0.009460701196973393,0.031208676662561188,7.0324819016538945e-6,-0.9997997823144508,0.0
495.2209520339966,575.0,169.52380952380952,15.047619047619047,2.0452246542857143e8,2.3333333333333335,0.001642991985105794,7.0324819016538945e-6,0.016944322090844954,-0.9998689883372616,0.006667236625098119,0.009460701196973393,0.031208676662561188,7.0324819016538945e-6,-0.9997997823144508,0.0
500.83853912353516,581.0,175.52380952380952,15.047619047619047,2.0452246542857143e8,2.3333333333333335,0.001642991985105794,7.0324819016538945e-6,0.016944322090844954,-0.9998689883372616,0.006667236625098119,0.009460701196973393,0.031208676662561188,7.0324819016538945e-6,-0.9997997823144508,0.0
506.5891511440277,587.0,181.52380952380952,15.047619047619047,2.0452246542857143e8,2.3333333333333335,0.001642991985105794,7.0324819016538945e-6,0.016944322090844954,-0.9998689883372616,0.006667236625098119,0.009460701196973393,0.031208676662561188,7.0324819016538945e-6,-0.9997997823144508,0.0
512.2876331806183,593.0,185.57142857142858,15.047619047619047,2.0452246542857143e8,2.3333333333333335,0.001642991985105794,7.0324819016538945e-6,0.016944322090844954,-0.9998689883372616,0.006667236625098119,0.009460701196973393,0.031208676662561188,7.0324819016538945e-6,-0.9997997823144508,0.0
518.1283819675446,599.0,189.57142857142858,15.047619047619047,2.0452246542857143e8,2.3333333333333335,0.001642991985105794,7.0324819016538945e-6,0.016944322090844954,-0.9998689883372616,0.006667236625098119,0.009460701196973393,0.031208676662561188,7.0324819016538945e-6,-0.9997997823144508,0.0
523.7777149677277,605.0,191.47619047619048,15.047619047619047,2.0452246542857143e8,2.3333333333333335,0.001642991985105794,7.0324819016538945e-6,0.016944322090844954,-0.9998689883372616,0.006667236625098119,0.009460701196973393,0.031208676662561188,7.0324819016538945e-6,-0.9997997823144508,0.0
529.3844790458679,611.0,197.47619047619048,15.047619047619047,2.0452246542857143e8,2.3333333333333335,0.001642991985105794,7.0324819016538945e-6,0.016944322090844954,-0.9998689883372616,0.006667236625098119,0.009460701196973393,0.031208676662561188,7.0324819016538945e-6,-0.9997997823144508,0.0
535.037623167038,617.0,194.22727272727272,15.136363636363637,1.9522599345454547e8,2.3181818181818183,0.001642991985105794,7.0324819016538945e-6,0.016944322090844954,-0.9998689883372616,0.006667236625098119,0.009460701196973393,0.031208676662561188,7.0324819016538945e-6,-0.9997997823144508,0.0
540.7824499607086,623.0,196.3181818181818,15.136363636363637,1.952259935909091e8,2.3181818181818183,0.001642991985105794,7.0324819016538945e-6,0.016944322090844954,-0.9998689883372616,0.006667236625098119,0.009460701196973393,0.031208676662561188,7.0324819016538945e-6,-0.9997997823144508,0.0
546.2969110012054,629.0,202.3181818181818,15.136363636363637,1.952259935909091e8,2.3181818181818183,0.001642991985105794,7.0324819016538945e-6,0.016944322090844954,-0.9998689883372616,0.006667236625098119,0.009460701196973393,0.031208676662561188,7.0324819016538945e-6,-0.9997997823144508,0.0
551.9924709796906,635.0,181.0,15.136363636363637,1.952259938181818e8,2.272727272727273,0.001642991985105794,7.0324819016538945e-6,0.016944331830487824,-0.9998689883372616,0.006667236625098119,0.009460701196973393,0.031208676662561188,7.0324819016538945e-6,-0.9997997823144508,0.0
557.8786511421204,641.0,176.8181818181818,15.136363636363637,1.952259938181818e8,2.272727272727273,0.001642991985105794,7.0324819016538945e-6,0.016944331830487824,-0.9998689883372616,0.006674669437150438,0.009460701196973393,0.031208676662561188,7.0324819016538945e-6,-0.9997997823144508,0.0
563.7317509651184,647.0,182.8181818181818,15.136363636363637,1.952259938181818e8,2.272727272727273,0.001642991985105794,7.0324819016538945e-6,0.016944331830487824,-0.9998689883372616,0.006674669437150438,0.009460701196973393,0.031208676662561188,7.0324819016538945e-6,-0.9997997823144508,0.0
569.6564571857452,653.0,188.8181818181818,15.136363636363637,1.952259938181818e8,2.272727272727273,0.001642991985105794,7.0324819016538945e-6,0.016944331830487824,-0.9998689883372616,0.006674669437150438,0.009460701196973393,0.031208676662561188,7.0324819016538945e-6,-0.9997997823144508,0.0
574.676598072052,658.0,193.8181818181818,15.136363636363637,1.952259938181818e8,2.272727272727273,0.001642991985105794,7.0324819016538945e-6,0.016944331830487824,-0.9998689883372616,0.006674669437150438,0.009460701196973393,0.031208676662561188,7.0324819016538945e-6,-0.9997997823144508,0.0
579.701996088028,663.0,197.77272727272728,15.136363636363637,1.952259938181818e8,2.272727272727273,0.001642991985105794,7.0324819016538945e-6,0.016944331830487824,-0.9998689883372616,0.006687744485668636,0.009460701196973393,0.031208676662561188,7.0324819016538945e-6,-0.9997997823144508,0.0
585.5530140399933,669.0,195.36363636363637,15.136363636363637,1.952259938181818e8,2.272727272727273,0.001643159183993528,7.032105399393475e-6,0.016944331830487824,-0.9998689953513126,0.006687744485668636,0.00946544647666344,0.031212606646315633,7.032105399393475e-6,-0.9998013121294393,0.0
590.6242990493774,674.0,200.36363636363637,15.136363636363637,1.952259938181818e8,2.272727272727273,0.001643159183993528,7.032105399393475e-6,0.016944331830487824,-0.9998689953513126,0.006687744485668636,0.00946544647666344,0.031212606646315633,7.032105399393475e-6,-0.9998013121294393,0.0
596.4886031150818,680.0,201.86363636363637,15.136363636363637,2.518412659018182e10,2.272727272727273,0.0016465323464317063,7.025551053525365e-6,0.016942294200970376,-0.9998691174555373,0.006687744485668636,0.009585668075274023,0.03136511019197959,7.025551053525365e-6,-0.9997995370861821,0.0
602.38898396492,686.0,204.0,15.136363636363637,2.518412659018182e10,2.272727272727273,0.0016465323464317063,7.025551053525365e-6,0.016942294200970376,-0.9998691174555373,0.006687744485668636,0.009585668075274023,0.03136511019197959,7.025551053525365e-6,-0.9997995370861821,0.0
607.4653551578522,691.0,209.0,15.136363636363637,2.518412659018182e10,2.272727272727273,0.0016465323464317063,7.025551053525365e-6,0.016942294200970376,-0.9998691174555373,0.006687744485668636,0.009585668075274023,0.03136511019197959,7.025551053525365e-6,-0.9997995370861821,0.0
613.324588060379,697.0,211.5909090909091,15.136363636363637,2.518412659018182e10,2.272727272727273,0.0016465323464317063,7.025551053525365e-6,0.016942294200970376,-0.9998691174555373,0.006687744485668636,0.009585668075274023,0.03136511019197959,7.025551053525365e-6,-0.9997995370861821,0.0
618.3731679916382,702.0,210.95652173913044,15.565217391304348,2.4089164568391304e10,2.347826086956522,0.0016465323464317063,7.025551053525365e-6,0.016942294200970376,-0.9998691174555373,0.006687744485668636,0.009585668075274023,0.03136511019197959,7.025551053525365e-6,-0.9997995370861821,0.0
624.3156731128693,708.0,215.56521739130434,15.565217391304348,2.4089164568391304e10,2.347826086956522,0.0016465323464317063,7.025508559832961e-6,0.016942294200970376,-0.9998691182471738,0.006687744485668636,0.009585668075274023,0.03136511019197959,7.025508559832961e-6,-0.9997995370861821,0.0
629.3766071796417,713.0,183.48,16.0,2.216203141432e10,2.44,0.0016465323464317063,7.025508559832961e-6,0.016942294200970376,-0.9998691182471738,0.006687744485668636,0.009585668075274023,0.03136511019197959,7.025508559832961e-6,-0.9997995370861821,0.0
634.5921621322632,718.0,186.88,16.0,2.216203141432e10,2.44,0.0016465323464317063,7.025508559832961e-6,0.016942475011976876,-0.9998691182471738,0.006687744485668636,0.009585668075274023,0.03136511019197959,7.025508559832961e-6,-0.9997995370861821,0.0
639.8324551582336,723.0,184.68,16.0,1.7179888964e8,2.4,0.0016465323464317063,7.019259576214686e-6,0.016942475011976876,-0.9998692346626507,0.006687744485668636,0.009585668075274023,0.03124686088085435,7.019259576214686e-6,-0.9998019851129709,0.0
645.1267671585083,728.0,189.68,16.0,1.7179888964e8,2.4,0.0016465323464317063,7.019259576214686e-6,0.016942475011976876,-0.9998692346626507,0.006687744485668636,0.009585668075274023,0.03124686088085435,7.019259576214686e-6,-0.9998019851129709,0.0
650.371924161911,733.0,194.68,16.0,1.7179888964e8,2.4,0.0016465323464317063,7.019259576214686e-6,0.016942475011976876,-0.9998692346626507,0.006687744485668636,0.009585668075274023,0.03124686088085435,7.019259576214686e-6,-0.9998019851129709,0.0
655.5079891681671,738.0,199.68,16.0,1.7179888964e8,2.4,0.0016465323464317063,7.019259576214686e-6,0.016942475011976876,-0.9998692346626507,0.006687744485668636,0.009585668075274023,0.03124686088085435,7.019259576214686e-6,-0.9998019851129709,0.0
660.6264591217041,743.0,200.52,16.0,1.7179888952e8,2.44,0.0016465323464317063,7.019259576214686e-6,0.016942475011976876,-0.9998692346626507,0.006687744485668636,0.009585668075274023,0.03124686088085435,7.019259576214686e-6,-0.9998019851129709,0.0
665.7157189846039,748.0,198.32,16.0,1.7179888952e8,2.44,0.0016465323464317063,7.019259576214686e-6,0.016942664672012775,-0.9998692346626507,0.006687744485668636,0.009585668075274023,0.03124686088085435,7.019259576214686e-6,-0.9998019851129709,0.0
670.9781441688538,753.0,203.32,16.0,1.7179888952e8,2.44,0.0016465323464317063,7.019259576214686e-6,0.016942664672012775,-0.9998692346626507,0.006687744485668636,0.009585668075274023,0.03124686088085435,7.019259576214686e-6,-0.9998019851129709,0.0
676.1704139709473,758.0,208.32,16.0,1.7179888952e8,2.44,0.0016465323464317063,7.019259576214686e-6,0.016942664672012775,-0.9998692346626507,0.006687744485668636,0.009585668075274023,0.03124686088085435,7.019259576214686e-6,-0.9998019851129709,0.0
681.25718998909,763.0,213.32,16.0,1.7179888952e8,2.44,0.0016465323464317063,7.019259576214686e-6,0.016942664672012775,-0.9998692346626507,0.006687744485668636,0.009585668075274023,0.03124686088085435,7.019259576214686e-6,-0.9998019851129709,0.0
686.4353649616241,768.0,234.84,16.0,1.7179888908e8,2.44,0.0016465323464317063,7.019259576214686e-6,0.016942664672012775,-0.9998692346626507,0.006687744485668636,0.009585668075274023,0.03124686088085435,7.019259576214686e-6,-0.9998019851129709,0.0
691.5640821456909,773.0,235.28,16.0,1.7179888908e8,2.44,0.0016486186446259825,7.019259576214686e-6,0.016942664672012775,-0.9998692346626507,0.00671988510351635,0.009471504034936726,0.03124686088085435,7.019259576214686e-6,-0.9998019851129709,0.0
696.7219610214233,778.0,237.6,15.92,1.7179888432e8,2.44,0.0016486186446259825,7.019259576214686e-6,0.016942664672012775,-0.9998692346626507,0.00671988510351635,0.009471504034936726,0.03124686088085435,7.019259576214686e-6,-0.9998019851129709,0.0
701.9328889846802,783.0,242.6,15.92,1.7179888432e8,2.44,0.0016486186446259825,7.019259576214686e-6,0.016942664672012775,-0.9998692346626507,0.00671988510351635,0.009471504034936726,0.03124686088085435,7.019259576214686e-6,-0.9998019851129709,0.0
707.1764521598816,788.0,247.6,15.92,1.7179888432e8,2.44,0.0016486186446259825,7.019259576214686e-6,0.016942664672012775,-0.9998692346626507,0.00671988510351635,0.009471504034936726,0.03124686088085435,7.019259576214686e-6,-0.9998019851129709,0.0
712.3931641578674,793.0,252.6,15.92,1.7179888432e8,2.44,0.0016486186446259825,7.019259576214686e-6,0.016942664672012775,-0.9998692346626507,0.00671988510351635,0.009471504034936726,0.03124686088085435,7.019259576214686e-6,-0.9998019851129709,0.0
717.6249840259552,798.0,226.44,15.92,1.7179888432e8,2.44,0.0016486186446259825,7.019259576214686e-6,0.016942664672012775,-0.9998692346626507,0.00671988510351635,0.009471504034936726,0.03124686088085435,7.019259576214686e-6,-0.9998019851129709,0.0
722.8337440490723,803.0,211.44,15.92,1.7179888672e8,2.44,0.0016486186446259825,7.019259576214686e-6,0.016942664672012775,-0.9998692346626507,0.00671988510351635,0.009471504034936726,0.03124686088085435,7.019259576214686e-6,-0.9998019851129709,0.0
728.1347670555115,808.0,216.44,15.92,1.7179888672e8,2.44,0.0016486186446259825,7.019259576214686e-6,0.016942664672012775,-0.9998692346626507,0.00671988510351635,0.009471504034936726,0.03124686088085435,7.019259576214686e-6,-0.9998019851129709,0.0
733.4212319850922,813.0,199.74074074074073,16.703703703703702,1.590736302962963e8,2.5925925925925926,0.0016486186446259825,6.934976524038563e-6,0.016942664672012775,-0.9998708048142644,0.00671988510351635,0.009471504034936726,0.030818461853754166,6.934976524038563e-6,-0.9997995370861821,0.0
738.5595819950104,818.0,204.74074074074073,16.703703703703702,1.590736302962963e8,2.5925925925925926,0.0016486186446259825,6.934976524038563e-6,0.016942664672012775,-0.9998708048142644,0.00671988510351635,0.009471504034936726,0.030818461853754166,6.934976524038563e-6,-0.9997995370861821,0.0
743.8330781459808,823.0,209.74074074074073,16.703703703703702,1.590736302962963e8,2.5925925925925926,0.0016486186446259825,6.934976524038563e-6,0.016942664672012775,-0.9998708048142644,0.00671988510351635,0.009471504034936726,0.030818461853754166,6.934976524038563e-6,-0.9997995370861821,0.0
749.221647977829,828.0,214.74074074074073,16.703703703703702,1.590736302962963e8,2.5925925925925926,0.0016486186446259825,6.934976524038563e-6,0.016942664672012775,-0.9998708048142644,0.00671988510351635,0.009471504034936726,0.030818461853754166,6.934976524038563e-6,-0.9997995370861821,0.0
754.5610611438751,833.0,219.74074074074073,16.703703703703702,1.590736302962963e8,2.5925925925925926,0.0016486186446259825,6.934976524038563e-6,0.016942664672012775,-0.9998708048142644,0.00671988510351635,0.009471504034936726,0.030818461853754166,6.934976524038563e-6,-0.9997995370861821,0.0
759.8614680767059,838.0,224.74074074074073,16.703703703703702,1.590736302962963e8,2.5925925925925926,0.0016486186446259825,6.934976524038563e-6,0.016942664672012775,-0.9998708048142644,0.00671988510351635,0.009471504034936726,0.030818461853754166,6.934976524038563e-6,-0.9997995370861821,0.0
765.0889439582825,843.0,222.37037037037038,16.703703703703702,1.590736302962963e8,2.5925925925925926,0.0016486186446259825,6.934976524038563e-6,0.016942664672012775,-0.9998708048142644,0.00671988510351635,0.009471504034936726,0.030818461853754166,6.934976524038563e-6,-0.9997995370861821,0.0
770.2874341011047,848.0,227.37037037037038,16.703703703703702,1.590736302962963e8,2.5925925925925926,0.0016486186446259825,6.934976524038563e-6,0.016942664672012775,-0.9998708048142644,0.00671988510351635,0.009471504034936726,0.030818461853754166,6.934976524038563e-6,-0.9997995370861821,0.0
775.5285539627075,853.0,215.11111111111111,16.703703703703702,1.590736302962963e8,2.5925925925925926,0.0016486186446259825,6.934976524038563e-6,0.016942664672012775,-0.9998708048142644,0.00671988510351635,0.009471504034936726,0.030818461853754166,6.934976524038563e-6,-0.9997995370861821,0.0
780.7846701145172,858.0,220.11111111111111,16.703703703703702,1.590736302962963e8,2.5925925925925926,0.0016486186446259825,6.934976524038563e-6,0.016942664672012775,-0.9998708048142644,0.00671988510351635,0.009471504034936726,0.030818461853754166,6.934976524038563e-6,-0.9997995370861821,0.0
786.1180200576782,863.0,225.11111111111111,16.703703703703702,1.590736302962963e8,2.5925925925925926,0.0016486186446259825,6.934976524038563e-6,0.016942664672012775,-0.9998708048142644,0.00671988510351635,0.009471504034936726,0.030818461853754166,6.934976524038563e-6,-0.9997995370861821,0.0
791.4135589599609,868.0,207.07407407407408,16.703703703703702,1.59073629e8,2.5925925925925926,0.0016486186446259825,6.934976524038563e-6,0.016942664672012775,-0.9998708048142644,0.00671988510351635,0.009471504034936726,0.030818461853754166,6.934976524038563e-6,-0.9997999654153163,0.0
796.6128900051117,873.0,212.07407407407408,16.703703703703702,1.59073629e8,2.5925925925925926,0.0016486186446259825,6.934976524038563e-6,0.016942664672012775,-0.9998708048142644,0.00671988510351635,0.009471504034936726,0.030818461853754166,6.934976524038563e-6,-0.9997999654153163,0.0
801.8369669914246,878.0,213.25925925925927,16.703703703703702,1.59073629e8,2.5925925925925926,0.0016505318260450548,6.934976524038563e-6,0.016942664672012775,-0.9998708048142644,0.006743812527599049,0.009417160647914435,0.030818461853754166,6.934976524038563e-6,-0.9997999654153163,0.0
807.087574005127,883.0,212.03703703703704,16.703703703703702,1.590736291851852e8,2.5925925925925926,0.0016505318260450548,6.934976524038563e-6,0.016942664672012775,-0.9998708048142644,0.006743812527599049,0.009417160647914435,0.030818461853754166,6.934976524038563e-6,-0.9997999654153163,0.0
812.2526750564575,888.0,217.03703703703704,16.703703703703702,1.590736291851852e8,2.5925925925925926,0.0016505318260450548,6.934976524038563e-6,0.016942664672012775,-0.9998708048142644,0.006743812527599049,0.009417160647914435,0.030818461853754166,6.934976524038563e-6,-0.9997999654153163,0.0
817.5643301010132,893.0,224.69230769230768,16.192307692307693,1.6519184003846154e8,2.5,0.0016505318260450548,6.934976524038563e-6,0.016942664672012775,-0.9998708048142644,0.006743812527599049,0.009417160647914435,0.030818461853754166,6.934976524038563e-6,-0.9997999654153163,0.0
822.8252260684967,898.0,229.69230769230768,16.192307692307693,1.6519184003846154e8,2.5,0.0016505318260450548,6.934976524038563e-6,0.016942664672012775,-0.9998708048142644,0.006743812527599049,0.009417160647914435,0.030818461853754166,6.934976524038563e-6,-0.9997999654153163,0.0
828.0919811725616,903.0,234.69230769230768,16.192307692307693,1.6519184003846154e8,2.5,0.0016505318260450548,6.934976524038563e-6,0.016942664672012775,-0.9998708048142644,0.006743812527599049,0.009417160647914435,0.030818461853754166,6.934976524038563e-6,-0.9997999654153163,0.0
833.243250131607,908.0,239.69230769230768,16.192307692307693,1.6519184003846154e8,2.5,0.0016505318260450548,6.934976524038563e-6,0.016942664672012775,-0.9998708048142644,0.006743812527599049,0.009417160647914435,0.030818461853754166,6.934976524038563e-6,-0.9997999654153163,0.0
838.547110080719,913.0,230.84615384615384,16.192307692307693,1.6519184003846154e8,2.5,0.0016505318260450548,6.934976524038563e-6,0.016942664672012775,-0.9998708048142644,0.006743812527599049,0.009417160647914435,0.030818461853754166,6.934976524038563e-6,-0.9997999654153163,0.0
843.8217539787292,918.0,231.69230769230768,16.192307692307693,1.6519184003846154e8,2.5,0.0016505318260450548,6.934976524038563e-6,0.016942664672012775,-0.9998708048142644,0.006743812527599049,0.009417160647914435,0.030818461853754166,6.934976524038563e-6,-0.9997999654153163,0.0
849.1372339725494,923.0,236.69230769230768,16.192307692307693,1.6519184003846154e8,2.5,0.0016505318260450548,6.934976524038563e-6,0.016942664672012775,-0.9998708048142644,0.006743812527599049,0.009417160647914435,0.030818461853754166,6.934976524038563e-6,-0.9997999654153163,0.0
854.5597870349884,928.0,241.69230769230768,16.192307692307693,1.6519184003846154e8,2.5,0.0016505318260450548,6.934976524038563e-6,0.016942664672012775,-0.9998708048142644,0.006743812527599049,0.009417160647914435,0.030818461853754166,6.934976524038563e-6,-0.9997999654153163,0.0
859.9371161460876,933.0,246.69230769230768,16.192307692307693,1.6519184003846154e8,2.5,0.0016505318260450548,6.934976524038563e-6,0.016942664672012775,-0.9998708048142644,0.006743812527599049,0.009417160647914435,0.030818461853754166,6.934976524038563e-6,-0.9997999654153163,0.0
865.3484230041504,938.0,251.69230769230768,16.192307692307693,1.6519184003846154e8,2.5,0.0016505318260450548,6.934976524038563e-6,0.016942664672012775,-0.9998708048142644,0.006743812527599049,0.009417160647914435,0.030818461853754166,6.934976524038563e-6,-0.9997999654153163,0.0
870.7008011341095,943.0,250.65384615384616,16.192307692307693,1.6519120430769232e8,2.5,0.001631171637067327,6.877892192061586e-6,0.016940367438734505,-0.999871868267161,0.006743812527599049,0.009417160647914435,0.03140314806423588,6.877892192061586e-6,-0.9998002716022459,0.0
876.1269030570984,948.0,255.65384615384616,16.192307692307693,1.6519120430769232e8,2.5,0.001631171637067327,6.877892192061586e-6,0.016940367438734505,-0.999871868267161,0.006743812527599049,0.009417160647914435,0.03140314806423588,6.877892192061586e-6,-0.9998002716022459,0.0
881.4535031318665,953.0,260.65384615384613,16.192307692307693,1.6519120430769232e8,2.5,0.001631171637067327,6.877892192061586e-6,0.016940367438734505,-0.999871868267161,0.006743812527599049,0.009417160647914435,0.03140314806423588,6.877892192061586e-6,-0.9998002716022459,0.0
886.736899137497,958.0,262.96,15.8,1.717988486e8,2.4,0.001631171637067327,6.877892192061586e-6,0.016940367438734505,-0.999871868267161,0.006743812527599049,0.009417160647914435,0.03140314806423588,6.877892192061586e-6,-0.9998002716022459,0.0
892.1939740180969,963.0,267.96,15.8,1.717988486e8,2.4,0.001631171637067327,6.877892192061586e-6,0.016940367438734505,-0.999871868267161,0.006743812527599049,0.009417160647914435,0.03140314806423588,6.877892192061586e-6,-0.9998002716022459,0.0
897.4935879707336,968.0,262.72,16.68,1.717988664e8,2.6,0.001631171637067327,6.877892192061586e-6,0.016940367438734505,-0.999871868267161,0.006743812527599049,0.009417160647914435,0.031396387248651375,6.877892192061586e-6,-0.9998002716022459,0.0
902.8612270355225,973.0,267.72,16.68,1.717988664e8,2.6,0.001631171637067327,6.877892192061586e-6,0.016940367438734505,-0.999871868267161,0.006743812527599049,0.009417160647914435,0.031396387248651375,6.877892192061586e-6,-0.9998002716022459,0.0
908.1564400196075,978.0,272.72,16.68,1.717988664e8,2.6,0.001631171637067327,6.877892192061586e-6,0.016940367438734505,-0.999871868267161,0.006743812527599049,0.009417160647914435,0.031396387248651375,6.877892192061586e-6,-0.9998002716022459,0.0
913.6127290725708,983.0,267.03846153846155,17.03846153846154,1.651912266153846e8,2.6538461538461537,0.001631171637067327,6.877892192061586e-6,0.016940367438734505,-0.999871868267161,0.006743812527599049,0.009417160647914435,0.031396387248651375,6.877892192061586e-6,-0.9998002716022459,0.0
919.1502649784088,988.0,272.03846153846155,17.03846153846154,1.651912266153846e8,2.6538461538461537,0.001631171637067327,6.877892192061586e-6,0.016940367438734505,-0.999871868267161,0.006743812527599049,0.009417160647914435,0.031396387248651375,6.877892192061586e-6,-0.9998002716022459,0.0
924.4556181430817,993.0,277.03846153846155,17.03846153846154,1.651912266153846e8,2.6538461538461537,0.001631171637067327,6.877892192061586e-6,0.016940367438734505,-0.999871868267161,0.006743812527599049,0.009417160647914435,0.031396387248651375,6.877892192061586e-6,-0.9998002716022459,0.0
929.9468610286713,998.0,274.4230769230769,17.03846153846154,1.651912266153846e8,2.6538461538461537,0.001631171637067327,6.877892192061586e-6,0.016940367438734505,-0.999871868267161,0.006743812527599049,0.009417160647914435,0.031396387248651375,6.877892192061586e-6,-0.9998002716022459,0.0
935.3576481342316,1003.0,273.88461538461536,17.03846153846154,1.6519122776923078e8,2.6538461538461537,0.001631171637067327,6.877892192061586e-6,0.016940367438734505,-0.999871868267161,0.006743812527599049,0.009417160647914435,0.03138343797714405,6.877892192061586e-6,-0.9998002716022459,0.0
940.8027629852295,1008.0,274.65384615384613,17.03846153846154,1.6519122776923078e8,2.6538461538461537,0.001631171637067327,6.877892192061586e-6,0.016940367438734505,-0.999871868267161,0.006743812527599049,0.009417160647914435,0.03138343797714405,6.877892192061586e-6,-0.9998002716022459,0.0
946.2498741149902,1013.0,252.96153846153845,17.03846153846154,8.259554217692307e8,2.6538461538461537,0.001631171637067327,6.877892192061586e-6,0.016940367438734505,-0.999871868267161,0.006743812527599049,0.009417160647914435,0.031186227392929252,6.877892192061586e-6,-0.9998002716022459,0.0
951.6331839561462,1018.0,257.96153846153845,17.03846153846154,8.259554217692307e8,2.6538461538461537,0.001631171637067327,6.877892192061586e-6,0.016940367438734505,-0.999871868267161,0.006743812527599049,0.009417160647914435,0.031186227392929252,6.877892192061586e-6,-0.9998002716022459,0.0
956.8831911087036,1023.0,262.3076923076923,17.03846153846154,8.259554217692307e8,2.6538461538461537,0.001631171637067327,6.877892192061586e-6,0.016940367438734505,-0.999871868267161,0.006743812527599049,0.009417160647914435,0.031186227392929252,6.877892192061586e-6,-0.9998002716022459,0.0
962.2105469703674,1028.0,267.3076923076923,17.03846153846154,8.259554217692307e8,2.6538461538461537,0.001631171637067327,6.877892192061586e-6,0.016940367438734505,-0.999871868267161,0.006743812527599049,0.009417160647914435,0.031186227392929252,6.877892192061586e-6,-0.9998002716022459,0.0
967.6514799594879,1033.0,271.5,17.03846153846154,8.259554217692307e8,2.6538461538461537,0.001631171637067327,6.877892192061586e-6,0.016940367438734505,-0.999871868267161,0.006743812527599049,0.009417160647914435,0.03118622803401397,6.877892192061586e-6,-0.9998002716022459,0.0
972.9818360805511,1038.0,276.5,17.03846153846154,8.259554217692307e8,2.6538461538461537,0.001631171637067327,6.877892192061586e-6,0.016940367438734505,-0.999871868267161,0.006743812527599049,0.009417160647914435,0.03118622803401397,6.877892192061586e-6,-0.9998002716022459,0.0
978.3915660381317,1043.0,277.7692307692308,17.03846153846154,8.259554217692307e8,2.6538461538461537,0.0016309916539708614,6.877813562176024e-6,0.016939338622144584,-0.9998718697319969,0.006743812527599049,0.009417160647914435,0.03118622803401397,6.877813562176024e-6,-0.999806268292075,0.0
983.7163469791412,1048.0,282.5769230769231,17.03846153846154,8.259554217692307e8,2.6538461538461537,0.0016309704791987365,6.877798048883596e-6,0.01693922641795531,-0.9998718700210019,0.006743812527599049,0.009417160647914435,0.03118622803401397,6.877798048883596e-6,-0.9998047386681397,0.0
989.1243531703949,1053.0,286.53846153846155,17.03846153846154,8.259554217692307e8,2.6538461538461537,0.0016309704791987365,6.877798048883596e-6,0.01693922641795531,-0.9998718700210019,0.006743812527599049,0.009417160647914435,0.03118622803401397,6.877798048883596e-6,-0.9998047386681397,0.0
994.5448660850525,1058.0,291.53846153846155,17.03846153846154,8.259554217692307e8,2.6538461538461537,0.0016309704791987365,6.877798048883596e-6,0.01693922641795531,-0.9998718700210019,0.006743812527599049,0.009417160647914435,0.03118622803401397,6.877798048883596e-6,-0.9998047386681397,0.0
999.8993120193481,1063.0,296.53846153846155,17.03846153846154,8.259554217692307e8,2.6538461538461537,0.0016309704791987365,6.877798048883596e-6,0.01693922641795531,-0.9998718700210019,0.006743812527599049,0.009417160647914435,0.03118622803401397,6.877798048883596e-6,-0.9998047386681397,0.0
1005.2748260498047,1068.0,297.38461538461536,17.03846153846154,8.259554217692307e8,2.6538461538461537,0.0016309704791987365,6.877798048883596e-6,0.01693922641795531,-0.9998718700210019,0.006743812527599049,0.009417160647914435,0.03118622803401397,6.877798048883596e-6,-0.9998047386681397,0.0
1010.5985460281372,1073.0,302.38461538461536,17.03846153846154,8.259554217692307e8,2.6538461538461537,0.0016309704791987365,6.877798048883596e-6,0.01693922641795531,-0.9998718700210019,0.006743812527599049,0.009417160647914435,0.03118622803401397,6.877798048883596e-6,-0.9998047386681397,0.0
1016.1372549533844,1078.0,307.38461538461536,17.03846153846154,8.259554217692307e8,2.6538461538461537,0.0016309704791987365,6.877798048883596e-6,0.01693922641795531,-0.9998718700210019,0.006743812527599049,0.009417160647914435,0.03118622803401397,6.877798048883596e-6,-0.9998047386681397,0.0
1021.5955710411072,1083.0,312.38461538461536,17.03846153846154,8.259554217692307e8,2.6538461538461537,0.0016309704791987365,6.877798048883596e-6,0.01693922641795531,-0.9998718700210019,0.006743812527599049,0.009417160647914435,0.03118622803401397,6.877798048883596e-6,-0.9998047386681397,0.0
1027.0548889636993,1088.0,317.38461538461536,17.03846153846154,8.259554217692307e8,2.6538461538461537,0.0016309704791987365,6.877798048883596e-6,0.01693922641795531,-0.9998718700210019,0.006743812527599049,0.009417160647914435,0.03118622803401397,6.877798048883596e-6,-0.9998047386681397,0.0
1032.2777190208435,1093.0,314.0769230769231,17.03846153846154,8.259554217692307e8,2.6538461538461537,0.0016309704791987365,6.877798048883596e-6,0.01693922641795531,-0.9998718700210019,0.006754169423544788,0.009492996821121417,0.03118622803401397,6.877798048883596e-6,-0.9998047386681397,0.0
1037.6065700054169,1098.0,319.0769230769231,17.03846153846154,8.259554217692307e8,2.6538461538461537,0.0016309704791987365,6.877798048883596e-6,0.01693922641795531,-0.9998718700210019,0.006754169423544788,0.009492996821121417,0.03118622803401397,6.877798048883596e-6,-0.9998047386681397,0.0
1042.930400133133,1103.0,322.6923076923077,17.03846153846154,8.259554217692307e8,2.6538461538461537,0.0016309704791987365,6.877798048883596e-6,0.01693922641795531,-0.9998718700210019,0.006754169423544788,0.009492996821121417,0.03118622803401397,6.877798048883596e-6,-0.9998047386681397,0.0
1048.3734810352325,1108.0,327.6923076923077,17.03846153846154,8.259554217692307e8,2.6538461538461537,0.0016309704791987365,6.877798048883596e-6,0.01693922641795531,-0.9998718700210019,0.006754169423544788,0.009492996821121417,0.03118622803401397,6.877798048883596e-6,-0.9998047386681397,0.0
1053.72043800354,1113.0,332.6923076923077,17.03846153846154,8.259554217692307e8,2.6538461538461537,0.0016309704791987365,6.877798048883596e-6,0.01693922641795531,-0.9998718700210019,0.006754169423544788,0.009492996821121417,0.03118622803401397,6.877798048883596e-6,-0.9998047386681397,0.0
1059.1302089691162,1118.0,337.6923076923077,17.03846153846154,8.259554217692307e8,2.6538461538461537,0.0016309704791987365,6.877798048883596e-6,0.01693922641795531,-0.9998718700210019,0.006754169423544788,0.009492996821121417,0.03118622803401397,6.877798048883596e-6,-0.9998047386681397,0.0
1064.6234929561615,1123.0,342.6923076923077,17.03846153846154,8.259554217692307e8,2.6538461538461537,0.0016309704791987365,6.877798048883596e-6,0.01693922641795531,-0.9998718700210019,0.006754169423544788,0.009492996821121417,0.03118622803401397,6.877798048883596e-6,-0.9998047386681397,0.0
1070.0395231246948,1128.0,330.96153846153845,17.03846153846154,8.259554216153846e8,2.6538461538461537,0.0016309704791987365,6.877798048883596e-6,0.01693922641795531,-0.9998718700210019,0.006754169423544788,0.009492996821121417,0.03118622803401397,6.877798048883596e-6,-0.9998047386681397,0.0
1075.353847026825,1133.0,335.96153846153845,17.03846153846154,8.259554216153846e8,2.6538461538461537,0.0016309704791987365,6.877798048883596e-6,0.01693922641795531,-0.9998718700210019,0.006754169423544788,0.009492996821121417,0.03118622803401397,6.877798048883596e-6,-0.9998047386681397,0.0
1080.6800510883331,1138.0,340.96153846153845,17.03846153846154,8.259554216153846e8,2.6538461538461537,0.0016309704791987365,6.877798048883596e-6,0.01693922641795531,-0.9998718700210019,0.006754169423544788,0.009492996821121417,0.03118622803401397,6.877798048883596e-6,-0.9998047386681397,0.0
1086.2897410392761,1143.0,345.96153846153845,17.03846153846154,8.259554216153846e8,2.6538461538461537,0.0016309704791987365,6.877798048883596e-6,0.01693922641795531,-0.9998718700210019,0.006754169423544788,0.009492996821121417,0.03118622803401397,6.877798048883596e-6,-0.9998047386681397,0.0
1091.9975500106812,1148.0,350.96153846153845,17.03846153846154,8.259554216153846e8,2.6538461538461537,0.0016309704791987365,6.877798048883596e-6,0.01693922641795531,-0.9998718700210019,0.006754169423544788,0.009492996821121417,0.03118622803401397,6.877798048883596e-6,-0.9998047386681397,0.0
1097.4520289897919,1153.0,355.96153846153845,17.03846153846154,8.259554216153846e8,2.6538461538461537,0.0016309704791987365,6.877798048883596e-6,0.01693922641795531,-0.9998718700210019,0.006754169423544788,0.009492996821121417,0.03118622803401397,6.877798048883596e-6,-0.9998047386681397,0.0
1102.8472859859467,1158.0,354.2692307692308,17.03846153846154,8.259554216153846e8,2.6538461538461537,0.0016309704791987365,6.877798048883596e-6,0.01693922641795531,-0.9998718700210019,0.006754169423544788,0.009492996821121417,0.03118622803401397,6.877798048883596e-6,-0.9998047386681397,0.0
1108.3096380233765,1163.0,354.1923076923077,17.03846153846154,8.259554216153846e8,2.6538461538461537,0.0016309704791987365,6.877798048883596e-6,0.01693922641795531,-0.9998718700210019,0.006754169423544788,0.009492996821121417,0.03118623181245776,6.877798048883596e-6,-0.9998047386681397,0.0
1113.8576231002808,1168.0,359.1923076923077,17.03846153846154,8.259554216153846e8,2.6538461538461537,0.0016309704791987365,6.877798048883596e-6,0.01693922641795531,-0.9998718700210019,0.006754169423544788,0.009492996821121417,0.03118623181245776,6.877798048883596e-6,-0.9998047386681397,0.0
1119.2607519626617,1173.0,351.38461538461536,17.03846153846154,8.259554216153846e8,2.6538461538461537,0.0016309704791987365,6.877798048883596e-6,0.01693922641795531,-0.9998718700210019,0.006754169423544788,0.009492996821121417,0.03118623181245776,6.877798048883596e-6,-0.9998047386681397,0.0
1124.6637761592865,1178.0,351.38461538461536,17.03846153846154,8.259554216153846e8,2.6538461538461537,0.0016309420640021586,6.877774772024528e-6,0.016939080506447435,-0.9998718704546382,0.006754169423544788,0.009492996821121417,0.03118623181245776,6.877774772024528e-6,-0.9998037594131183,0.0
1130.1532490253448,1183.0,356.38461538461536,17.03846153846154,8.259554216153846e8,2.6538461538461537,0.0016309420640021586,6.877774772024528e-6,0.016939080506447435,-0.9998718704546382,0.006754169423544788,0.009492996821121417,0.03118623181245776,6.877774772024528e-6,-0.9998037594131183,0.0
1135.781044960022,1188.0,361.38461538461536,17.03846153846154,8.259554216153846e8,2.6538461538461537,0.0016309420640021586,6.877774772024528e-6,0.016939080506447435,-0.9998718704546382,0.006754169423544788,0.009492996821121417,0.03118623181245776,6.877774772024528e-6,-0.9998037594131183,0.0
1141.3263339996338,1193.0,366.38461538461536,17.03846153846154,8.259554216153846e8,2.6538461538461537,0.0016309420640021586,6.877774772024528e-6,0.016939080506447435,-0.9998718704546382,0.006754169423544788,0.009492996821121417,0.03118623181245776,6.877774772024528e-6,-0.9998037594131183,0.0
1146.9522581100464,1198.0,371.38461538461536,17.03846153846154,8.259554216153846e8,2.6538461538461537,0.0016309420640021586,6.877774772024528e-6,0.016939080506447435,-0.9998718704546382,0.006754169423544788,0.009492996821121417,0.03118623181245776,6.877774772024528e-6,-0.9998037594131183,0.0
1152.6108021736145,1203.0,379.8076923076923,17.03846153846154,8.259554216153846e8,2.6538461538461537,0.0016309420640021586,6.877774772024528e-6,0.016939080506447435,-0.9998718704546382,0.006754169423544788,0.009492996821121417,0.03118623181245776,6.877774772024528e-6,-0.9998037594131183,0.0
1158.2228331565857,1208.0,380.11538461538464,17.03846153846154,8.259554216153846e8,2.6538461538461537,0.0016309420640021586,6.877774772024528e-6,0.016939080506447435,-0.9998718704546382,0.006754169423544788,0.009492996821121417,0.03118623181245776,6.877774772024528e-6,-0.9998037594131183,0.0
1163.743597984314,1213.0,384.9230769230769,17.03846153846154,8.259554216153846e8,2.6538461538461537,0.0016309420640021586,6.877774772024528e-6,0.016939080506447435,-0.9998718704546382,0.006754169423544788,0.009492996821121417,0.03118623181245776,6.877774772024528e-6,-0.9998037594131183,0.0
1169.2628090381622,1218.0,389.9230769230769,17.03846153846154,8.259554216153846e8,2.6538461538461537,0.0016309420640021586,6.877774772024528e-6,0.016939080506447435,-0.9998718704546382,0.006754169423544788,0.009492996821121417,0.03118623181245776,6.877774772024528e-6,-0.9998037594131183,0.0
1174.6858711242676,1223.0,394.9230769230769,17.03846153846154,8.259554216153846e8,2.6538461538461537,0.0016309420640021586,6.877774772024528e-6,0.016939080506447435,-0.9998718704546382,0.006754169423544788,0.009492996821121417,0.03118623181245776,6.877774772024528e-6,-0.9998037594131183,0.0
1180.2410950660706,1228.0,399.9230769230769,17.03846153846154,8.259554216153846e8,2.6538461538461537,0.0016309420640021586,6.877774772024528e-6,0.016939080506447435,-0.9998718704546382,0.006754169423544788,0.009492996821121417,0.03118623181245776,6.877774772024528e-6,-0.9998037594131183,0.0
1185.6922681331635,1233.0,404.9230769230769,17.03846153846154,8.259554216153846e8,2.6538461538461537,0.0016309420640021586,6.877774772024528e-6,0.016939080506447435,-0.9998718704546382,0.006754169423544788,0.009492996821121417,0.03118623181245776,6.877774772024528e-6,-0.9998037594131183,0.0
1191.4601299762726,1238.0,409.9230769230769,17.03846153846154,8.259554216153846e8,2.6538461538461537,0.0016309420640021586,6.877774772024528e-6,0.016939080506447435,-0.9998718704546382,0.006754169423544788,0.009492996821121417,0.03118623181245776,6.877774772024528e-6,-0.9998037594131183,0.0
1197.0592920780182,1243.0,414.9230769230769,17.03846153846154,8.259554216153846e8,2.6538461538461537,0.0016309420640021586,6.877774772024528e-6,0.016939080506447435,-0.9998718704546382,0.006754169423544788,0.009492996821121417,0.03118623181245776,6.877774772024528e-6,-0.9998037594131183,0.0
1202.6957499980927,1248.0,419.9230769230769,17.03846153846154,8.259554216153846e8,2.6538461538461537,0.0016309420640021586,6.877774772024528e-6,0.016939080506447435,-0.9998718704546382,0.006754169423544788,0.009492996821121417,0.03118623181245776,6.877774772024528e-6,-0.9998037594131183,0.0
1208.3314011096954,1253.0,418.7307692307692,17.03846153846154,8.259554216153846e8,2.6538461538461537,0.0016309420640021586,6.877774772024528e-6,0.016939080506447435,-0.9998718704546382,0.006753426038402192,0.00948424884488759,0.03118623181245776,6.877774772024528e-6,-0.9998037594131183,0.0
1213.9992961883545,1258.0,423.7307692307692,17.03846153846154,8.259554216153846e8,2.6538461538461537,0.0016309420640021586,6.877774772024528e-6,0.016939080506447435,-0.9998718704546382,0.006753426038402192,0.00948424884488759,0.03118623181245776,6.877774772024528e-6,-0.9998037594131183,0.0
1219.6325960159302,1263.0,428.7307692307692,17.03846153846154,8.259554216153846e8,2.6538461538461537,0.0016309420640021586,6.877774772024528e-6,0.016939080506447435,-0.9998718704546382,0.006753426038402192,0.00948424884488759,0.03118623181245776,6.877774772024528e-6,-0.9998037594131183,0.0
1225.3719210624695,1268.0,433.7307692307692,17.03846153846154,8.259554216153846e8,2.6538461538461537,0.0016309420640021586,6.877774772024528e-6,0.016939080506447435,-0.9998718704546382,0.006753426038402192,0.00948424884488759,0.03118623181245776,6.877774772024528e-6,-0.9998037594131183,0.0
1231.109529018402,1273.0,438.7307692307692,17.03846153846154,8.259554216153846e8,2.6538461538461537,0.0016309420640021586,6.877774772024528e-6,0.016939080506447435,-0.9998718704546382,0.006753426038402192,0.00948424884488759,0.03118623181245776,6.877774772024528e-6,-0.9998037594131183,0.0
1236.7672309875488,1278.0,425.4230769230769,17.03846153846154,8.259554216153846e8,2.6538461538461537,0.0016309420640021586,6.877774772024528e-6,0.016939080506447435,-0.9998718704546382,0.006753426038402192,0.00948424884488759,0.03118623181245776,6.877774772024528e-6,-0.9998037594131183,0.0
1242.4935190677643,1283.0,430.4230769230769,17.03846153846154,8.259554216153846e8,2.6538461538461537,0.0016309420640021586,6.877774772024528e-6,0.016939080506447435,-0.9998718704546382,0.006753426038402192,0.00948424884488759,0.03118623181245776,6.877774772024528e-6,-0.9998037594131183,0.0
1248.137892961502,1288.0,435.4230769230769,17.03846153846154,8.259554216153846e8,2.6538461538461537,0.0016309420640021586,6.877774772024528e-6,0.016939080506447435,-0.9998718704546382,0.006753426038402192,0.00948424884488759,0.03118623181245776,6.877774772024528e-6,-0.9998037594131183,0.0
1253.8256890773773,1293.0,440.4230769230769,17.03846153846154,8.259554216153846e8,2.6538461538461537,0.0016309420640021586,6.877774772024528e-6,0.016939080506447435,-0.9998718704546382,0.006753426038402192,0.00948424884488759,0.03118623181245776,6.877774772024528e-6,-0.9998037594131183,0.0
1259.4763960838318,1298.0,394.34615384615387,17.03846153846154,8.259554216153846e8,2.6538461538461537,0.0016309420640021586,6.877774772024528e-6,0.016939080506447435,-0.9998718704546382,0.006753426038402192,0.00948424884488759,0.03118623181245776,6.877774772024528e-6,-0.9998037594131183,0.0
1265.1303369998932,1303.0,399.34615384615387,17.03846153846154,8.259554216153846e8,2.6538461538461537,0.0016309420640021586,6.877774772024528e-6,0.016939080506447435,-0.9998718704546382,0.006753426038402192,0.00948424884488759,0.03118623181245776,6.877774772024528e-6,-0.9998037594131183,0.0
1270.7517940998077,1308.0,404.34615384615387,17.03846153846154,8.259554216153846e8,2.6538461538461537,0.0016309420640021586,6.877774772024528e-6,0.016939080506447435,-0.9998718704546382,0.006753426038402192,0.00948424884488759,0.03118623181245776,6.877774772024528e-6,-0.9998037594131183,0.0
1276.3498589992523,1313.0,409.34615384615387,17.03846153846154,8.259554216153846e8,2.6538461538461537,0.0016309420640021586,6.877774772024528e-6,0.016939080506447435,-0.9998718704546382,0.006753426038402192,0.00948424884488759,0.03118623181245776,6.877774772024528e-6,-0.9998037594131183,0.0
1281.983150959015,1318.0,414.34615384615387,17.03846153846154,8.259554216153846e8,2.6538461538461537,0.0016309420640021586,6.877774772024528e-6,0.016939080506447435,-0.9998718704546382,0.006753426038402192,0.00948424884488759,0.03118623181245776,6.877774772024528e-6,-0.9998037594131183,0.0
1287.8432831764221,1323.0,419.34615384615387,17.03846153846154,8.259554216153846e8,2.6538461538461537,0.0016309420640021586,6.877774772024528e-6,0.016939080506447435,-0.9998718704546382,0.006753426038402192,0.00948424884488759,0.03118623181245776,6.877774772024528e-6,-0.9998037594131183,0.0
1293.5928020477295,1328.0,424.34615384615387,17.03846153846154,8.259554216153846e8,2.6538461538461537,0.0016309420640021586,6.877774772024528e-6,0.016939080506447435,-0.9998718704546382,0.006753426038402192,0.00948424884488759,0.03118623181245776,6.877774772024528e-6,-0.9998037594131183,0.0
1299.2718670368195,1333.0,429.34615384615387,17.03846153846154,8.259554216153846e8,2.6538461538461537,0.0016309420640021586,6.877774772024528e-6,0.016939080506447435,-0.9998718704546382,0.006753426038402192,0.00948424884488759,0.03118623181245776,6.877774772024528e-6,-0.9998037594131183,0.0
1304.8555510044098,1338.0,428.0769230769231,17.03846153846154,8.259554216153846e8,2.6538461538461537,0.0016306007419665952,6.877736308013176e-6,0.0169370570649231,-0.9998718711712038,0.006753426038402192,0.00948424884488759,0.03118623181245776,6.877736308013176e-6,-0.9998078593731664,0.0
1310.5220820903778,1343.0,432.9230769230769,17.03846153846154,8.259554216153846e8,2.6538461538461537,0.0016298542061890548,6.877282268641448e-6,0.016922340913623768,-0.9998718796297329,0.006753426038402192,0.00948424884488759,0.03118623181245776,6.877282268641448e-6,-0.9998050445926346,0.0
1316.2302901744843,1348.0,437.9230769230769,17.03846153846154,8.259554216153846e8,2.6538461538461537,0.0016298542061890548,6.877282268641448e-6,0.016922340913623768,-0.9998718796297329,0.006753426038402192,0.00948424884488759,0.03118623181245776,6.877282268641448e-6,-0.9998050445926346,0.0
1321.8925681114197,1353.0,422.03846153846155,17.03846153846154,8.259554216153846e8,2.6538461538461537,0.0016298542061890548,6.877282268641448e-6,0.016922340913623768,-0.9998718796297329,0.006753426038402192,0.00948424884488759,0.03118608748454717,6.877282268641448e-6,-0.9998050445926346,0.0
1327.5102500915527,1358.0,427.03846153846155,17.03846153846154,8.259554216153846e8,2.6538461538461537,0.0016298542061890548,6.877282268641448e-6,0.016922340913623768,-0.9998718796297329,0.006753426038402192,0.00948424884488759,0.03118608748454717,6.877282268641448e-6,-0.9998050445926346,0.0
1333.0211281776428,1363.0,432.03846153846155,17.03846153846154,8.259554216153846e8,2.6538461538461537,0.0016298542061890548,6.877282268641448e-6,0.016922340913623768,-0.9998718796297329,0.006753426038402192,0.00948424884488759,0.03118608748454717,6.877282268641448e-6,-0.9998050445926346,0.0
1338.5864579677582,1368.0,437.03846153846155,17.03846153846154,8.259554216153846e8,2.6538461538461537,0.0016298542061890548,6.877282268641448e-6,0.016922340913623768,-0.9998718796297329,0.006753426038402192,0.00948424884488759,0.03118608748454717,6.877282268641448e-6,-0.9998050445926346,0.0
1344.0384759902954,1373.0,442.03846153846155,17.03846153846154,8.259554216153846e8,2.6538461538461537,0.0016298542061890548,6.877282268641448e-6,0.016922340913623768,-0.9998718796297329,0.006753426038402192,0.00948424884488759,0.03118608748454717,6.877282268641448e-6,-0.9998050445926346,0.0
1349.6115341186523,1378.0,447.03846153846155,17.03846153846154,8.259554216153846e8,2.6538461538461537,0.0016298542061890548,6.877282268641448e-6,0.016922340913623768,-0.9998718796297329,0.006753426038402192,0.00948424884488759,0.03118608748454717,6.877282268641448e-6,-0.9998050445926346,0.0
1355.258635044098,1383.0,452.03846153846155,17.03846153846154,8.259554216153846e8,2.6538461538461537,0.0016298542061890548,6.877282268641448e-6,0.016922340913623768,-0.9998718796297329,0.006753426038402192,0.00948424884488759,0.03118608748454717,6.877282268641448e-6,-0.9998050445926346,0.0
1361.0084819793701,1388.0,437.0769230769231,17.03846153846154,8.259554216153846e8,2.6538461538461537,0.0016298542061890548,6.877282268641448e-6,0.016922340913623768,-0.9998718796297329,0.006753426038402192,0.00948424884488759,0.03118608748454717,6.877282268641448e-6,-0.9998050445926346,0.0
1366.6793780326843,1393.0,436.8076923076923,17.03846153846154,8.259554216153846e8,2.6538461538461537,0.0016298542061890548,6.877282268641448e-6,0.016922340913623768,-0.9998718796297329,0.00677087228307741,0.009548160122369196,0.03118608748454717,6.877282268641448e-6,-0.9998050445926346,0.0
1372.3505589962006,1398.0,441.8076923076923,17.03846153846154,8.259554216153846e8,2.6538461538461537,0.0016298542061890548,6.877282268641448e-6,0.016922340913623768,-0.9998718796297329,0.00677087228307741,0.009548160122369196,0.03118608748454717,6.877282268641448e-6,-0.9998050445926346,0.0
1378.0136749744415,1403.0,446.8076923076923,17.03846153846154,8.259554216153846e8,2.6538461538461537,0.0016298542061890548,6.877282268641448e-6,0.016922340913623768,-0.9998718796297329,0.00677087228307741,0.009548160122369196,0.03118608748454717,6.877282268641448e-6,-0.9998050445926346,0.0
1383.645066022873,1408.0,451.8076923076923,17.03846153846154,8.259554216153846e8,2.6538461538461537,0.0016298542061890548,6.877282268641448e-6,0.016922340913623768,-0.9998718796297329,0.00677087228307741,0.009548160122369196,0.03118608748454717,6.877282268641448e-6,-0.9998050445926346,0.0
1389.3256180286407,1413.0,456.8076923076923,17.03846153846154,8.259554216153846e8,2.6538461538461537,0.0016298542061890548,6.877282268641448e-6,0.016922340913623768,-0.9998718796297329,0.00677087228307741,0.009548160122369196,0.03118608748454717,6.877282268641448e-6,-0.9998050445926346,0.0
1394.8681771755219,1418.0,461.8076923076923,17.03846153846154,8.259554216153846e8,2.6538461538461537,0.0016298542061890548,6.877282268641448e-6,0.016922340913623768,-0.9998718796297329,0.00677087228307741,0.009548160122369196,0.03118608748454717,6.877282268641448e-6,-0.9998050445926346,0.0
1400.3186869621277,1423.0,466.8076923076923,17.03846153846154,8.259554216153846e8,2.6538461538461537,0.0016298542061890548,6.877282268641448e-6,0.016922340913623768,-0.9998718796297329,0.00677087228307741,0.009548160122369196,0.03118608748454717,6.877282268641448e-6,-0.9998050445926346,0.0
1405.8558130264282,1428.0,471.8076923076923,17.03846153846154,8.259554216153846e8,2.6538461538461537,0.0016298542061890548,6.877282268641448e-6,0.016922340913623768,-0.9998718796297329,0.00677087228307741,0.009548160122369196,0.03118608748454717,6.877282268641448e-6,-0.9998050445926346,0.0
1411.4270069599152,1433.0,476.8076923076923,17.03846153846154,8.259554216153846e8,2.6538461538461537,0.0016298542061890548,6.877282268641448e-6,0.016922340913623768,-0.9998718796297329,0.00677087228307741,0.009548160122369196,0.03118608748454717,6.877282268641448e-6,-0.9998050445926346,0.0
1416.9133400917053,1438.0,481.8076923076923,17.03846153846154,8.259554216153846e8,2.6538461538461537,0.0016298542061890548,6.877282268641448e-6,0.016922340913623768,-0.9998718796297329,0.00677087228307741,0.009548160122369196,0.03118608748454717,6.877282268641448e-6,-0.9998050445926346,0.0
1422.5181040763855,1443.0,467.5769230769231,17.03846153846154,8.259554216153846e8,2.6538461538461537,0.0016298542061890548,6.877282268641448e-6,0.016922340913623768,-0.9998718796297329,0.00677087228307741,0.009548160122369196,0.03118608748454717,6.877282268641448e-6,-0.9998050445926346,0.0
1428.088222026825,1448.0,463.53846153846155,17.03846153846154,8.259554216153846e8,2.6538461538461537,0.0016298542061890548,6.877282268641448e-6,0.016922340913623768,-0.9998718796297329,0.00677087228307741,0.009548160122369196,0.03118608748454717,6.877282268641448e-6,-0.9998050445926346,0.0
1433.7501220703125,1453.0,462.5769230769231,17.03846153846154,8.259554216538461e8,2.6153846153846154,0.0016298542061890548,6.877282268641448e-6,0.016922340913623768,-0.9998718796297329,0.006745118679660436,0.009548160122369196,0.03118608748454717,6.877282268641448e-6,-0.9998050445926346,0.0
1439.3267750740051,1458.0,467.5769230769231,17.03846153846154,8.259554216538461e8,2.6153846153846154,0.0016298542061890548,6.877282268641448e-6,0.016922340913623768,-0.9998718796297329,0.006745118679660436,0.009548160122369196,0.03118608748454717,6.877282268641448e-6,-0.9998050445926346,0.0
1444.9281251430511,1463.0,472.5769230769231,17.03846153846154,8.259554216538461e8,2.6153846153846154,0.0016298542061890548,6.877282268641448e-6,0.016922340913623768,-0.9998718796297329,0.006745118679660436,0.009548160122369196,0.03118608748454717,6.877282268641448e-6,-0.9998050445926346,0.0
1450.4994320869446,1468.0,477.5769230769231,17.03846153846154,8.259554216538461e8,2.6153846153846154,0.0016298542061890548,6.877282268641448e-6,0.016922340913623768,-0.9998718796297329,0.006745118679660436,0.009548160122369196,0.03118608748454717,6.877282268641448e-6,-0.9998050445926346,0.0
1456.0912401676178,1473.0,477.88461538461536,17.03846153846154,8.259554216538461e8,2.6153846153846154,0.0016298542061890548,6.877282268641448e-6,0.016922340913623768,-0.9998718796297329,0.006745118679660436,0.009548160122369196,0.03118720789372031,6.877282268641448e-6,-0.9998050445926346,0.0
1461.7067811489105,1478.0,469.38461538461536,17.03846153846154,8.259554216538461e8,2.6153846153846154,0.0016298542061890548,6.877282268641448e-6,0.016922340913623768,-0.9998718796297329,0.006745118679660436,0.009548160122369196,0.03118720789372031,6.877282268641448e-6,-0.9998050445926346,0.0
1467.2586221694946,1483.0,474.38461538461536,17.03846153846154,8.259554216538461e8,2.6153846153846154,0.0016298542061890548,6.877282268641448e-6,0.016922340913623768,-0.9998718796297329,0.006745118679660436,0.009548160122369196,0.03118720789372031,6.877282268641448e-6,-0.9998050445926346,0.0
1472.8432669639587,1488.0,479.38461538461536,17.03846153846154,8.259554216538461e8,2.6153846153846154,0.0016298542061890548,6.877282268641448e-6,0.016922340913623768,-0.9998718796297329,0.006745118679660436,0.009548160122369196,0.03118720789372031,6.877282268641448e-6,-0.9998050445926346,0.0
1478.4017081260681,1493.0,484.38461538461536,17.03846153846154,8.259554216538461e8,2.6153846153846154,0.0016298542061890548,6.877282268641448e-6,0.016922340913623768,-0.9998718796297329,0.006745118679660436,0.009548160122369196,0.03118720789372031,6.877282268641448e-6,-0.9998050445926346,0.0
1483.8076610565186,1498.0,489.38461538461536,17.03846153846154,8.259554216538461e8,2.6153846153846154,0.0016298542061890548,6.877282268641448e-6,0.016922340913623768,-0.9998718796297329,0.006745118679660436,0.009548160122369196,0.03118720789372031,6.877282268641448e-6,-0.9998050445926346,0.0
1489.3864879608154,1503.0,494.38461538461536,17.03846153846154,8.259554216538461e8,2.6153846153846154,0.0016298542061890548,6.877282268641448e-6,0.016922340913623768,-0.9998718796297329,0.006745118679660436,0.009548160122369196,0.03118720789372031,6.877282268641448e-6,-0.9998050445926346,0.0
1494.917997121811,1508.0,499.38461538461536,17.03846153846154,8.259554216538461e8,2.6153846153846154,0.0016298542061890548,6.877282268641448e-6,0.016922340913623768,-0.9998718796297329,0.006745118679660436,0.009548160122369196,0.03118720789372031,6.877282268641448e-6,-0.9998050445926346,0.0
1500.5010650157928,1513.0,504.38461538461536,17.03846153846154,8.259554216538461e8,2.6153846153846154,0.0016298542061890548,6.877282268641448e-6,0.016922340913623768,-0.9998718796297329,0.006745118679660436,0.009548160122369196,0.03118720789372031,6.877282268641448e-6,-0.9998050445926346,0.0
1505.9851989746094,1518.0,509.38461538461536,17.03846153846154,8.259554216538461e8,2.6153846153846154,0.0016298542061890548,6.877282268641448e-6,0.016922340913623768,-0.9998718796297329,0.006745118679660436,0.009548160122369196,0.03118720789372031,6.877282268641448e-6,-0.9998050445926346,0.0
1511.5904049873352,1523.0,514.3846153846154,17.03846153846154,8.259554216538461e8,2.6153846153846154,0.0016298542061890548,6.877282268641448e-6,0.016922340913623768,-0.9998718796297329,0.006745118679660436,0.009548160122369196,0.03118720789372031,6.877282268641448e-6,-0.9998050445926346,0.0
1517.1242001056671,1528.0,519.3846153846154,17.03846153846154,8.259554216538461e8,2.6153846153846154,0.0016298542061890548,6.877282268641448e-6,0.016922340913623768,-0.9998718796297329,0.006745118679660436,0.009548160122369196,0.03118720789372031,6.877282268641448e-6,-0.9998050445926346,0.0
1522.7717289924622,1533.0,524.3846153846154,17.03846153846154,8.259554216538461e8,2.6153846153846154,0.0016298542061890548,6.877282268641448e-6,0.016922340913623768,-0.9998718796297329,0.006745118679660436,0.009548160122369196,0.03118720789372031,6.877282268641448e-6,-0.9998050445926346,0.0
1528.3039841651917,1538.0,529.3846153846154,17.03846153846154,8.259554216538461e8,2.6153846153846154,0.0016298542061890548,6.877282268641448e-6,0.016922340913623768,-0.9998718796297329,0.006745118679660436,0.009548160122369196,0.03118720789372031,6.877282268641448e-6,-0.9998050445926346,0.0
1533.9311780929565,1543.0,528.3846153846154,17.03846153846154,8.259554216538461e8,2.6153846153846154,0.0016298542061890548,6.877282268641448e-6,0.016922340913623768,-0.9998718796297329,0.006745118679660436,0.009548160122369196,0.03118720789372031,6.877282268641448e-6,-0.9998050445926346,0.0
1539.4272241592407,1548.0,533.3846153846154,17.03846153846154,8.259554216538461e8,2.6153846153846154,0.0016298542061890548,6.877282268641448e-6,0.016922340913623768,-0.9998718796297329,0.006745118679660436,0.009548160122369196,0.03118720789372031,6.877282268641448e-6,-0.9998050445926346,0.0
1544.9884231090546,1553.0,538.3846153846154,17.03846153846154,8.259554216538461e8,2.6153846153846154,0.0016298542061890548,6.877282268641448e-6,0.016922340913623768,-0.9998718796297329,0.006745118679660436,0.009548160122369196,0.03118720789372031,6.877282268641448e-6,-0.9998050445926346,0.0
1550.5307149887085,1558.0,543.3846153846154,17.03846153846154,8.259554216538461e8,2.6153846153846154,0.0016298542061890548,6.877282268641448e-6,0.016922340913623768,-0.9998718796297329,0.006745118679660436,0.009548160122369196,0.03118720789372031,6.877282268641448e-6,-0.9998050445926346,0.0
1556.207281112671,1563.0,548.3846153846154,17.03846153846154,8.259554216538461e8,2.6153846153846154,0.0016298542061890548,6.877282268641448e-6,0.016922340913623768,-0.9998718796297329,0.006745118679660436,0.009548160122369196,0.03118720789372031,6.877282268641448e-6,-0.9998050445926346,0.0
1561.8219511508942,1568.0,553.3846153846154,17.03846153846154,8.259554216538461e8,2.6153846153846154,0.0016298542061890548,6.877282268641448e-6,0.016922340913623768,-0.9998718796297329,0.006745118679660436,0.009548160122369196,0.03118720789372031,6.877282268641448e-6,-0.9998050445926346,0.0
1567.4875421524048,1573.0,558.3846153846154,17.03846153846154,8.259554216538461e8,2.6153846153846154,0.0016298542061890548,6.877282268641448e-6,0.016922340913623768,-0.9998718796297329,0.006745118679660436,0.009548160122369196,0.03118720789372031,6.877282268641448e-6,-0.9998050445926346,0.0
1573.2200729846954,1578.0,563.3846153846154,17.03846153846154,8.259554216538461e8,2.6153846153846154,0.0016298542061890548,6.877282268641448e-6,0.016922340913623768,-0.9998718796297329,0.006745118679660436,0.009548160122369196,0.03118720789372031,6.877282268641448e-6,-0.9998050445926346,0.0
1578.9561791419983,1583.0,568.3846153846154,17.03846153846154,8.259554216538461e8,2.6153846153846154,0.0016298542061890548,6.877282268641448e-6,0.016922340913623768,-0.9998718796297329,0.006745118679660436,0.009548160122369196,0.03118720789372031,6.877282268641448e-6,-0.9998050445926346,0.0
1584.6398839950562,1588.0,573.3846153846154,17.03846153846154,8.259554216538461e8,2.6153846153846154,0.0016298542061890548,6.877282268641448e-6,0.016922340913623768,-0.9998718796297329,0.006745118679660436,0.009548160122369196,0.03118720789372031,6.877282268641448e-6,-0.9998050445926346,0.0
1590.3866391181946,1593.0,578.3846153846154,17.03846153846154,8.259554216538461e8,2.6153846153846154,0.0016298542061890548,6.877282268641448e-6,0.016922340913623768,-0.9998718796297329,0.006745118679660436,0.009548160122369196,0.03118720789372031,6.877282268641448e-6,-0.9998050445926346,0.0
1596.1415791511536,1598.0,583.3846153846154,17.03846153846154,8.259554216538461e8,2.6153846153846154,0.0016298542061890548,6.877282268641448e-6,0.016922340913623768,-0.9998718796297329,0.006745118679660436,0.009548160122369196,0.03118720789372031,6.877282268641448e-6,-0.9998050445926346,0.0
1601.9022340774536,1603.0,588.3846153846154,17.03846153846154,8.259554216538461e8,2.6153846153846154,0.0016298542061890548,6.877282268641448e-6,0.016922340913623768,-0.9998718796297329,0.006745118679660436,0.009548160122369196,0.03118720789372031,6.877282268641448e-6,-0.9998050445926346,0.0
1607.428689956665,1608.0,593.3846153846154,17.03846153846154,8.259554216538461e8,2.6153846153846154,0.0016298542061890548,6.877282268641448e-6,0.016922340913623768,-0.9998718796297329,0.006745118679660436,0.009548160122369196,0.03118720789372031,6.877282268641448e-6,-0.9998050445926346,0.0
1613.0958969593048,1613.0,598.3846153846154,17.03846153846154,8.259554216538461e8,2.6153846153846154,0.0016298542061890548,6.877282268641448e-6,0.016922340913623768,-0.9998718796297329,0.006745118679660436,0.009548160122369196,0.03118720789372031,6.877282268641448e-6,-0.9998050445926346,0.0
1618.7627291679382,1618.0,585.6923076923077,17.03846153846154,8.259554216538461e8,2.6153846153846154,0.0016298542061890548,6.877282268641448e-6,0.016922340913623768,-0.9998718796297329,0.006745118679660436,0.009548160122369196,0.03118720789372031,6.877282268641448e-6,-0.9998050445926346,0.0
1624.4122970104218,1623.0,590.6923076923077,17.03846153846154,8.259554216538461e8,2.6153846153846154,0.0016298542061890548,6.877282268641448e-6,0.016922340913623768,-0.9998718796297329,0.006745118679660436,0.009548160122369196,0.03118720789372031,6.877282268641448e-6,-0.9998050445926346,0.0
1630.0549261569977,1628.0,562.5,17.03846153846154,8.259554216538461e8,2.6153846153846154,0.0016298542061890548,6.877282268641448e-6,0.016922340913623768,-0.9998718796297329,0.006745118679660436,0.009565339009017302,0.03118720789372031,6.877282268641448e-6,-0.9998050445926346,0.0
1635.7826130390167,1633.0,567.5,17.03846153846154,8.259554216538461e8,2.6153846153846154,0.0016298542061890548,6.877282268641448e-6,0.016922340913623768,-0.9998718796297329,0.006745118679660436,0.009565339009017302,0.03118720789372031,6.877282268641448e-6,-0.9998050445926346,0.0
1641.3575179576874,1638.0,572.5,17.03846153846154,8.259554216538461e8,2.6153846153846154,0.0016298542061890548,6.877282268641448e-6,0.016922340913623768,-0.9998718796297329,0.006745118679660436,0.009565339009017302,0.03118720789372031,6.877282268641448e-6,-0.9998050445926346,0.0
1646.8060801029205,1643.0,577.5,17.03846153846154,8.259554216538461e8,2.6153846153846154,0.0016298542061890548,6.877282268641448e-6,0.016922340913623768,-0.9998718796297329,0.006745118679660436,0.009565339009017302,0.03118720789372031,6.877282268641448e-6,-0.9998050445926346,0.0
1652.4389100074768,1648.0,582.5,17.03846153846154,8.259554216538461e8,2.6153846153846154,0.0016298542061890548,6.877282268641448e-6,0.016922340913623768,-0.9998718796297329,0.006745118679660436,0.009565339009017302,0.03118720789372031,6.877282268641448e-6,-0.9998050445926346,0.0
1657.9810571670532,1653.0,587.5,17.03846153846154,8.259554216538461e8,2.6153846153846154,0.0016298542061890548,6.877282268641448e-6,0.016922340913623768,-0.9998718796297329,0.006745118679660436,0.009565339009017302,0.03118720789372031,6.877282268641448e-6,-0.9998050445926346,0.0
1663.5323531627655,1658.0,592.5,17.03846153846154,8.259554216538461e8,2.6153846153846154,0.0016298542061890548,6.877282268641448e-6,0.016922340913623768,-0.9998718796297329,0.006745118679660436,0.009565339009017302,0.03118720789372031,6.877282268641448e-6,-0.9998050445926346,0.0
1669.2823090553284,1663.0,597.5,17.03846153846154,8.259554216538461e8,2.6153846153846154,0.0016298542061890548,6.877282268641448e-6,0.016922340913623768,-0.9998718796297329,0.006745118679660436,0.009565339009017302,0.03118720789372031,6.877282268641448e-6,-0.9998050445926346,0.0
1675.0706679821014,1668.0,602.5,17.03846153846154,8.259554216538461e8,2.6153846153846154,0.0016298542061890548,6.877282268641448e-6,0.016922340913623768,-0.9998718796297329,0.006745118679660436,0.009565339009017302,0.03118720789372031,6.877282268641448e-6,-0.9998050445926346,0.0
1681.0503470897675,1673.0,607.5,17.03846153846154,8.259554216538461e8,2.6153846153846154,0.0016298542061890548,6.877282268641448e-6,0.016922340913623768,-0.9998718796297329,0.006745118679660436,0.009565339009017302,0.03118720789372031,6.877282268641448e-6,-0.9998050445926346,0.0
1686.8903939723969,1678.0,612.5,17.03846153846154,8.259554216538461e8,2.6153846153846154,0.0016298542061890548,6.877282268641448e-6,0.016922340913623768,-0.9998718796297329,0.006745118679660436,0.009565339009017302,0.03118720789372031,6.877282268641448e-6,-0.9998050445926346,0.0
1692.630341053009,1683.0,617.5,17.03846153846154,8.259554216538461e8,2.6153846153846154,0.0016298542061890548,6.877282268641448e-6,0.016922340913623768,-0.9998718796297329,0.006745118679660436,0.009565339009017302,0.03118720789372031,6.877282268641448e-6,-0.9998050445926346,0.0
1698.3274099826813,1688.0,622.5,17.03846153846154,8.259554216538461e8,2.6153846153846154,0.0016298542061890548,6.877282268641448e-6,0.016922340913623768,-0.9998718796297329,0.006745118679660436,0.009565339009017302,0.03118720789372031,6.877282268641448e-6,-0.9998050445926346,0.0
1704.1032161712646,1693.0,627.5,17.03846153846154,8.259554216538461e8,2.6153846153846154,0.0016298542061890548,6.877282268641448e-6,0.016922340913623768,-0.9998718796297329,0.006745118679660436,0.009565339009017302,0.03118720789372031,6.877282268641448e-6,-0.9998050445926346,0.0
1709.8700160980225,1698.0,632.5,17.03846153846154,8.259554216538461e8,2.6153846153846154,0.0016298542061890548,6.877282268641448e-6,0.016922340913623768,-0.9998718796297329,0.006745118679660436,0.009565339009017302,0.03118720789372031,6.877282268641448e-6,-0.9998050445926346,0.0
1715.6247580051422,1703.0,627.5384615384615,17.03846153846154,8.259554216538461e8,2.6153846153846154,0.0016298542061890548,6.877282268641448e-6,0.016922340913623768,-0.9998718796297329,0.006745118679660436,0.009565339009017302,0.03118720789372031,6.877282268641448e-6,-0.9998050445926346,0.0
1721.6750090122223,1708.0,632.5384615384615,17.03846153846154,8.259554216538461e8,2.6153846153846154,0.0016298542061890548,6.877282268641448e-6,0.016922340913623768,-0.9998718796297329,0.006745118679660436,0.009565339009017302,0.03118720789372031,6.877282268641448e-6,-0.9998050445926346,0.0
1727.5899481773376,1713.0,637.5384615384615,17.03846153846154,8.259554216538461e8,2.6153846153846154,0.0016298542061890548,6.877282268641448e-6,0.016922340913623768,-0.9998718796297329,0.006745118679660436,0.009565339009017302,0.03118720789372031,6.877282268641448e-6,-0.9998050445926346,0.0
1733.345985174179,1718.0,642.5384615384615,17.03846153846154,8.259554216538461e8,2.6153846153846154,0.0016298542061890548,6.877282268641448e-6,0.016922340913623768,-0.9998718796297329,0.006745118679660436,0.009565339009017302,0.03118720789372031,6.877282268641448e-6,-0.9998050445926346,0.0
1739.2480781078339,1723.0,647.5384615384615,17.03846153846154,8.259554216538461e8,2.6153846153846154,0.0016298542061890548,6.877282268641448e-6,0.016922340913623768,-0.9998718796297329,0.006745118679660436,0.009565339009017302,0.03118720789372031,6.877282268641448e-6,-0.9998050445926346,0.0
1745.1048681735992,1728.0,612.1153846153846,17.03846153846154,8.259554217692307e8,2.576923076923077,0.0016298542061890548,6.877282268641448e-6,0.016922340913623768,-0.9998718796297329,0.006745118679660436,0.009565339009017302,0.03118720789372031,6.877282268641448e-6,-0.9998050445926346,0.0
1750.9914209842682,1733.0,617.1153846153846,17.03846153846154,8.259554217692307e8,2.576923076923077,0.0016298542061890548,6.877282268641448e-6,0.016922340913623768,-0.9998718796297329,0.006745118679660436,0.009565339009017302,0.03118720789372031,6.877282268641448e-6,-0.9998050445926346,0.0
1756.8126990795135,1738.0,622.1153846153846,17.03846153846154,8.259554217692307e8,2.576923076923077,0.0016298542061890548,6.877282268641448e-6,0.016922340913623768,-0.9998718796297329,0.006745118679660436,0.009565339009017302,0.03118720789372031,6.877282268641448e-6,-0.9998050445926346,0.0
1762.7879350185394,1743.0,627.1153846153846,17.03846153846154,8.259554217692307e8,2.576923076923077,0.0016298542061890548,6.877282268641448e-6,0.016922340913623768,-0.9998718796297329,0.006745118679660436,0.009565339009017302,0.03118720789372031,6.877282268641448e-6,-0.9998050445926346,0.0
1768.6632061004639,1748.0,627.4615384615385,17.03846153846154,8.259554217692307e8,2.576923076923077,0.0016298542061890548,6.877282268641448e-6,0.016922340913623768,-0.9998718796297329,0.006745118679660436,0.009565339009017302,0.03118720789372031,6.877282268641448e-6,-0.9998050445926346,0.0
1774.6729261875153,1753.0,632.4615384615385,17.03846153846154,8.259554217692307e8,2.576923076923077,0.0016298542061890548,6.877282268641448e-6,0.016922340913623768,-0.9998718796297329,0.006745118679660436,0.009565339009017302,0.03118720789372031,6.877282268641448e-6,-0.9998050445926346,0.0
1780.4165210723877,1758.0,637.4615384615385,17.03846153846154,8.259554217692307e8,2.576923076923077,0.0016298542061890548,6.877282268641448e-6,0.016922340913623768,-0.9998718796297329,0.006745118679660436,0.009565339009017302,0.03118720789372031,6.877282268641448e-6,-0.9998050445926346,0.0
1786.2589211463928,1763.0,642.4615384615385,17.03846153846154,8.259554217692307e8,2.576923076923077,0.0016298542061890548,6.877282268641448e-6,0.016922340913623768,-0.9998718796297329,0.006745118679660436,0.009565339009017302,0.03118720789372031,6.877282268641448e-6,-0.9998050445926346,0.0
1792.1316511631012,1768.0,647.4615384615385,17.03846153846154,8.259554217692307e8,2.576923076923077,0.0016298542061890548,6.877282268641448e-6,0.016922340913623768,-0.9998718796297329,0.006745118679660436,0.009565339009017302,0.03118720789372031,6.877282268641448e-6,-0.9998050445926346,0.0
1798.026293039322,1773.0,652.4615384615385,17.03846153846154,8.259554217692307e8,2.576923076923077,0.0016298542061890548,6.877282268641448e-6,0.016922340913623768,-0.9998718796297329,0.006745118679660436,0.009565339009017302,0.03118720789372031,6.877282268641448e-6,-0.9998050445926346,0.0
