time,generation,mean age hall_of_fame,mean compl,mean recursive_compl,mean n_params,min mae,min mse,min max_ae,min minus_r2,min mare,min q75_are,min max_are,min ms_processed_e,min minus_spearman,max penalty
13.057273864746094,1.0,0.0,8.125,5.3688023225e8,1.0,1.9734587142374587e-7,6.808142667075372e-14,5.456489314098097e-7,-0.9959381174422405,0.4441478005575503,0.3753918061612039,0.9661480203398662,6.808142667075372e-14,-0.9895596693895307,1.0
19.578257083892822,10.0,2.5,10.5,252.25,1.8333333333333333,1.2365852759275896e-7,2.6840684591053133e-14,3.984187723063971e-7,-0.9983986277328475,0.25946991734877595,0.20158883109869066,0.656881222213195,2.6840684591053133e-14,-1.0,1.0
24.73415994644165,24.0,7.6923076923076925,11.0,80959.07692307692,1.8461538461538463,4.3230627669732635e-8,3.4675171400037515e-15,1.579974175506818e-7,-0.9997931205605043,0.059404057474706985,0.08021684339764189,0.2765851390916501,3.4675171400037515e-15,-1.0,0.0
29.90123987197876,37.0,12.461538461538462,10.538461538461538,568.0769230769231,1.6923076923076923,3.590978842543098e-8,2.4444169261312133e-15,1.3015910358452518e-7,-0.9998541608928944,0.055317512009269446,0.07214542445933997,0.24712449596696798,2.4444169261312133e-15,-1.0,0.0
35.266875982284546,49.0,14.928571428571429,10.714285714285714,2537.4285714285716,1.5714285714285714,3.590978842543098e-8,2.4444169261312133e-15,1.3015910358452518e-7,-0.9998541608928944,0.05436075501398587,0.07214542445933997,0.1911156152537355,2.4444169261312133e-15,-1.0,0.0
40.62292504310608,61.0,20.0,12.1875,2241.5625,1.75,3.0976217825598665e-8,1.83971103982149e-15,1.0128288630077817e-7,-0.9998902389308011,0.055317512009269446,0.07214542445933997,0.18309781160529132,1.83971103982149e-15,-1.0,0.0
46.020933866500854,73.0,17.944444444444443,15.166666666666666,9.987184082568421e306,2.2777777777777777,1.9002286060181094e-8,7.579469449944608e-16,5.837508075520332e-8,-0.9999547792749633,0.050032054326437744,0.02227832074902455,0.18210892231861459,7.579469449944608e-16,-1.0,0.0
51.408607006073,82.0,33.166666666666664,9.166666666666666,8333.083333333334,1.25,1.8288806483633523e-16,8.347470443903331e-32,6.757679675171643e-16,-1.0,5.4635416031010234e-11,5.463667441651243e-11,5.464015889829902e-11,8.347470443903331e-32,-1.0,0.0
56.434849977493286,93.0,39.75,9.166666666666666,8249.0,1.3333333333333333,1.8288806483633523e-16,8.347470443903331e-32,6.757679675171643e-16,-1.0,5.4635416031010234e-11,5.463667441651243e-11,5.464015889829902e-11,8.347470443903331e-32,-1.0,0.0
61.61071705818176,104.0,28.833333333333332,9.166666666666666,8249.0,1.3333333333333333,2.386830875131623e-17,1.4221892806012373e-33,8.821678739064087e-17,-1.0,7.1284590465281585e-12,7.129131005235548e-12,7.13204680273859e-12,1.4221892806012373e-33,-1.0,0.0
66.65351796150208,115.0,37.416666666666664,9.166666666666666,8249.0,1.3333333333333333,4.72249137818887e-18,5.573334771817202e-35,1.74709015700672e-17,-1.0,1.4090904794394073e-12,1.4097232492165287e-12,1.4127558808934458e-12,5.573334771817202e-35,-1.0,0.0
71.94080400466919,127.0,31.53846153846154,9.615384615384615,5115.923076923077,1.4615384615384615,4.72249137818887e-18,5.573334771817202e-35,1.74709015700672e-17,-1.0,1.4090904794394073e-12,1.4097232492165287e-12,1.4127558808934458e-12,5.573334771817202e-35,-1.0,0.0
77.14247298240662,139.0,34.38461538461539,9.615384615384615,5120.846153846154,1.3846153846153846,4.72249137818887e-18,5.573334771817202e-35,1.74709015700672e-17,-1.0,1.4090904794394073e-12,1.4097232492165287e-12,1.4127558808934458e-12,5.573334771817202e-35,-1.0,0.0
82.52409791946411,151.0,38.30769230769231,9.615384615384615,5120.846153846154,1.3846153846153846,4.72249137818887e-18,5.573334771817202e-35,1.74709015700672e-17,-1.0,1.4090904794394073e-12,1.4097232492165287e-12,1.4127558808934458e-12,5.573334771817202e-35,-1.0,0.0
87.9561870098114,163.0,37.15384615384615,9.615384615384615,5121.538461538462,1.3076923076923077,4.72249137818887e-18,5.573334771817202e-35,1.74709015700672e-17,-1.0,1.4090904794394073e-12,1.4097232492165287e-12,1.4127558808934458e-12,5.573334771817202e-35,-1.0,0.0
93.07839393615723,174.0,43.23076923076923,9.615384615384615,5108.153846153846,1.3076923076923077,4.72249137818887e-18,5.573334771817202e-35,1.74709015700672e-17,-1.0,1.4090904794394073e-12,1.4097232492165287e-12,1.4127558808934458e-12,5.573334771817202e-35,-1.0,0.0
98.2362060546875,185.0,50.76923076923077,9.615384615384615,5110.384615384615,1.3076923076923077,4.72249137818887e-18,5.573334771817202e-35,1.74709015700672e-17,-1.0,1.4090904794394073e-12,1.4097232492165287e-12,1.4127558808934458e-12,5.573334771817202e-35,-1.0,0.0
103.38558006286621,196.0,57.42857142857143,9.714285714285714,4750.142857142857,1.2857142857142858,4.72249137818887e-18,5.573334771817202e-35,1.74709015700672e-17,-1.0,1.4090904794394073e-12,1.4097232492165287e-12,1.4127558808934458e-12,5.573334771817202e-35,-1.0,0.0
108.60672903060913,207.0,65.42857142857143,9.714285714285714,4750.142857142857,1.2857142857142858,4.72249137818887e-18,5.573334771817202e-35,1.74709015700672e-17,-1.0,1.4090904794394073e-12,1.4097232492165287e-12,1.4127558808934458e-12,5.573334771817202e-35,-1.0,0.0
113.68650102615356,218.0,69.13333333333334,9.933333333333334,4476.133333333333,1.3333333333333333,4.72249137818887e-18,5.573334771817202e-35,1.74709015700672e-17,-1.0,1.4090904794394073e-12,1.4097232492165287e-12,1.4127558808934458e-12,5.573334771817202e-35,-1.0,0.0
118.75852584838867,229.0,79.26666666666667,9.933333333333334,4476.133333333333,1.3333333333333333,4.72249137818887e-18,5.573334771817202e-35,1.74709015700672e-17,-1.0,1.4090904794394073e-12,1.4097232492165287e-12,1.4127558808934458e-12,5.573334771817202e-35,-1.0,0.0
124.15347290039062,241.0,78.4,9.933333333333334,653.2,1.3333333333333333,4.72249137818887e-18,5.573334771817202e-35,1.74709015700672e-17,-1.0,1.4090904794394073e-12,1.4097232492165287e-12,1.4127558808934458e-12,5.573334771817202e-35,-1.0,0.0
129.47379302978516,253.0,81.28571428571429,9.571428571428571,696.2142857142857,1.2857142857142858,4.72249137818887e-18,5.573334771817202e-35,1.74709015700672e-17,-1.0,1.4090904794394073e-12,1.4097232492165287e-12,1.4127558808934458e-12,5.573334771817202e-35,-1.0,0.0
134.8549768924713,265.0,91.78571428571429,9.571428571428571,696.2142857142857,1.2857142857142858,4.72249137818887e-18,5.573334771817202e-35,1.74709015700672e-17,-1.0,1.4090904794394073e-12,1.4097232492165287e-12,1.4127558808934458e-12,5.573334771817202e-35,-1.0,0.0
140.15712189674377,277.0,75.71428571428571,9.571428571428571,700.7142857142857,1.2857142857142858,4.72249137818887e-18,5.573334771817202e-35,1.74709015700672e-17,-1.0,1.4090904794394073e-12,1.4097232492165287e-12,1.4127558808934458e-12,5.573334771817202e-35,-1.0,0.0
145.54418396949768,289.0,77.64285714285714,9.571428571428571,700.7142857142857,1.2857142857142858,4.72249137818887e-18,5.573334771817202e-35,1.74709015700672e-17,-1.0,1.4090904794394073e-12,1.4097232492165287e-12,1.4127558808934458e-12,5.573334771817202e-35,-1.0,0.0
150.842444896698,301.0,82.78571428571429,9.571428571428571,419.85714285714283,1.2142857142857142,4.72249137818887e-18,5.573334771817202e-35,1.74709015700672e-17,-1.0,1.4090904794394073e-12,1.4097232492165287e-12,1.4127558808934458e-12,5.573334771817202e-35,-1.0,0.0
156.13972187042236,313.0,92.57142857142857,9.571428571428571,419.85714285714283,1.2142857142857142,4.72249137818887e-18,5.573334771817202e-35,1.74709015700672e-17,-1.0,1.4090904794394073e-12,1.4097232492165287e-12,1.4127558808934458e-12,5.573334771817202e-35,-1.0,0.0
161.29812908172607,325.0,78.73333333333333,10.533333333333333,428557.26666666666,1.2666666666666666,2.686203526561443e-18,1.7966943173095744e-35,9.905203285191788e-18,-1.0,8.041111691627096e-13,8.055605671482204e-13,8.085933568515153e-13,1.7966943173095744e-35,-1.0,0.0
166.46236395835876,337.0,79.5625,11.25,401816.125,1.3125,1.5539163524514963e-18,6.003304513686268e-36,5.722554591650053e-18,-1.0,4.658285303740314e-13,4.671786691888109e-13,4.70405041213594e-13,6.003304513686268e-36,-1.0,0.0
171.5653920173645,349.0,85.125,11.25,401816.125,1.3125,8.997983353079149e-19,2.007263438015041e-36,3.30512256018628e-18,-1.0,2.704167474374509e-13,2.717895793678552e-13,2.7488689651164757e-13,2.007263438015041e-36,-1.0,0.0
176.7624969482422,361.0,95.5,11.25,401816.125,1.3125,2.1514319222904009e-19,1.123615921746239e-37,7.741881137904305e-19,-1.0,6.580255924724185e-14,6.71085381155198e-14,7.027038269980849e-14,1.123615921746239e-37,-1.0,0.0
181.92734503746033,373.0,90.125,11.25,401816.125,1.3125,5.179606472460047e-21,5.023656395902934e-41,1.5246593050577406e-20,-1.0,2.9252750037641865e-15,4.1297561917242955e-15,7.549710537995954e-15,5.023656395902934e-41,-1.0,0.0
187.07506203651428,385.0,89.3529411764706,11.764705882352942,378219.5294117647,1.3529411764705883,5.171136142987504e-21,5.018096043596493e-41,1.5246593050577406e-20,-1.0,2.9186673938574275e-15,4.1297561917242955e-15,7.549710537995954e-15,5.018096043596493e-41,-1.0,0.0
192.15201497077942,397.0,79.17647058823529,11.823529411764707,378287.0588235294,1.3529411764705883,5.171136142987504e-21,5.018096043596493e-41,1.5246593050577406e-20,-1.0,2.9186673938574275e-15,4.1297561917242955e-15,7.549710537995954e-15,5.018096043596493e-41,-1.0,0.0
197.15319800376892,409.0,91.4,10.933333333333334,786786.4,1.3333333333333333,5.171136142987504e-21,5.018096043596493e-41,1.5246593050577406e-20,-1.0,2.7340820082944453e-15,3.613536667758758e-15,6.775381252047651e-15,5.018096043596493e-41,-1.0,0.0
202.16807389259338,421.0,96.64285714285714,10.071428571428571,459131.64285714284,1.2857142857142858,5.171136142987504e-21,5.018096043596493e-41,1.5246593050577406e-20,-1.0,2.9186673938574275e-15,4.1297561917242955e-15,7.549710537995954e-15,5.018096043596493e-41,-1.0,0.0
207.39134097099304,434.0,97.4,10.733333333333333,524.8666666666667,1.2666666666666666,2.404779476814162e-21,1.1588391478596317e-41,6.776263578034403e-21,-1.0,1.3123160555336704e-15,1.6938453130119196e-15,5.478248009430215e-15,1.1588391478596317e-41,-1.0,0.0
212.77255988121033,447.0,106.86666666666666,10.733333333333333,517.2666666666667,1.2666666666666666,2.404779476814162e-21,1.1588391478596317e-41,6.776263578034403e-21,-1.0,1.3123160555336704e-15,1.6938453130119196e-15,5.478248009430215e-15,1.1588391478596317e-41,-1.0,0.0
218.04892706871033,460.0,111.9375,11.5625,401893.0,1.3125,2.404779476814162e-21,1.1588391478596317e-41,6.776263578034403e-21,-1.0,1.3123160555336704e-15,1.6938453130119196e-15,5.478248009430215e-15,1.1588391478596317e-41,-1.0,0.0
223.20969700813293,473.0,113.375,11.5625,402175.4375,1.25,2.404779476814162e-21,1.1588391478596317e-41,6.776263578034403e-21,-1.0,1.3123160555336704e-15,1.6938453130119196e-15,5.478248009430215e-15,1.1588391478596317e-41,-1.0,0.0
228.28903007507324,486.0,110.4375,11.5,409227.9375,1.25,1.4796606797348559e-21,4.635810612140968e-42,4.658681209898652e-21,-1.0,9.035884818864842e-16,1.1292302086746119e-15,4.258811072715666e-15,4.635810612140968e-42,-1.0,0.0
233.48420596122742,499.0,118.75,11.5,417387.875,1.25,1.4796606797348559e-21,4.635810612140968e-42,4.658681209898652e-21,-1.0,9.035884818864842e-16,1.1292302086746119e-15,4.258811072715666e-15,4.635810612140968e-42,-1.0,0.0
238.64667987823486,512.0,121.0,12.470588235294118,1.7422399411764706e6,1.2941176470588236,1.1884931041161901e-21,3.932393815511518e-42,4.658681209898652e-21,-1.0,9.035884818864842e-16,1.1292302086746119e-15,4.258811072715666e-15,3.932393815511518e-42,-1.0,0.0
243.78888702392578,526.0,125.6470588235294,12.470588235294118,1.7422399411764706e6,1.2941176470588236,1.3817224952085775e-21,3.361679983453628e-42,4.446922973085077e-21,-1.0,9.035884818864842e-16,8.259512383448606e-16,4.06522875122859e-15,3.361679983453628e-42,-1.0,0.0
249.11533999443054,541.0,118.22222222222223,13.055555555555555,1.645512e6,1.3333333333333333,1.3817224952085775e-21,3.361679983453628e-42,4.446922973085077e-21,-1.0,9.035884818864842e-16,8.259512383448606e-16,4.06522875122859e-15,3.361679983453628e-42,-1.0,0.0
254.38275694847107,556.0,127.72222222222223,13.055555555555555,116338.66666666667,1.3333333333333333,1.3139598594282334e-21,3.189488428157394e-42,4.446922973085077e-21,-1.0,8.737856933616245e-16,8.259512383448606e-16,4.06522875122859e-15,3.189488428157394e-42,-1.0,0.0
259.64249992370605,571.0,132.33333333333334,13.055555555555555,116338.83333333333,1.3333333333333333,1.3139598594282334e-21,3.189488428157394e-42,4.446922973085077e-21,-1.0,8.737856933616245e-16,8.259512383448606e-16,4.06522875122859e-15,3.189488428157394e-42,-1.0,0.0
264.8853189945221,586.0,132.25,13.45,104727.35,1.35,1.3139598594282334e-21,3.189488428157394e-42,4.446922973085077e-21,-1.0,8.737856933616245e-16,8.259512383448606e-16,4.06522875122859e-15,3.189488428157394e-42,-1.0,0.0
270.1565930843353,601.0,129.9,13.45,104708.95,1.35,1.3139598594282334e-21,3.189488428157394e-42,4.446922973085077e-21,-1.0,8.737856933616245e-16,8.259512383448606e-16,4.06522875122859e-15,3.189488428157394e-42,-1.0,0.0
275.4134569168091,616.0,134.14285714285714,13.952380952380953,1.1453345824952381e10,1.380952380952381,1.1662584892507648e-21,3.189488428157394e-42,4.446922973085077e-21,-1.0,8.737856933616245e-16,8.259512383448606e-16,4.06522875122859e-15,3.189488428157394e-42,-1.0,0.0
280.467768907547,631.0,146.61904761904762,13.952380952380953,1.1453345824952381e10,1.380952380952381,1.1662584892507648e-21,3.189488428157394e-42,4.446922973085077e-21,-1.0,8.737856933616245e-16,8.259512383448606e-16,4.06522875122859e-15,3.189488428157394e-42,-1.0,0.0
285.6339888572693,646.0,150.45,13.75,104718.9,1.4,1.3139598594282334e-21,3.189488428157394e-42,4.446922973085077e-21,-1.0,8.737856933616245e-16,8.259512383448606e-16,4.06522875122859e-15,3.189488428157394e-42,-1.0,0.0
290.6546440124512,661.0,165.45,13.75,104718.9,1.4,1.3139598594282334e-21,3.189488428157394e-42,4.446922973085077e-21,-1.0,8.737856933616245e-16,8.259512383448606e-16,4.06522875122859e-15,3.189488428157394e-42,-1.0,0.0
295.98739099502563,677.0,175.1578947368421,13.789473684210526,1.8085170802105262e9,1.3157894736842106,1.3139598594282334e-21,3.189488428157394e-42,4.446922973085077e-21,-1.0,8.737856933616245e-16,8.259512383448606e-16,4.06522875122859e-15,3.189488428157394e-42,-1.0,0.0
301.2556688785553,693.0,177.52941176470588,13.529411764705882,2.0212837698823528e9,1.3529411764705883,1.3139598594282334e-21,3.189488428157394e-42,4.446922973085077e-21,-1.0,8.737856933616245e-16,8.259512383448606e-16,4.06522875122859e-15,3.189488428157394e-42,-1.0,0.0
306.2613980770111,708.0,170.0,13.529411764705882,2.02127612e9,1.3529411764705883,1.3139598594282334e-21,3.189488428157394e-42,4.446922973085077e-21,-1.0,8.737856933616245e-16,8.259512383448606e-16,4.06522875122859e-15,3.189488428157394e-42,-1.0,0.0
311.5026559829712,724.0,186.0,13.529411764705882,2.02127612e9,1.3529411764705883,1.3139598594282334e-21,3.189488428157394e-42,4.446922973085077e-21,-1.0,8.737856933616245e-16,8.259512383448606e-16,4.06522875122859e-15,3.189488428157394e-42,-1.0,0.0
316.7645699977875,740.0,181.0,12.833333333333334,1.9089830023333333e9,1.2777777777777777,1.3139598594282334e-21,3.189488428157394e-42,4.446922973085077e-21,-1.0,8.737856933616245e-16,8.259512383448606e-16,4.06522875122859e-15,3.189488428157394e-42,-1.0,1.0
321.87007188796997,756.0,194.22222222222223,12.833333333333334,1.9089830023333333e9,1.2777777777777777,1.3139598594282334e-21,3.189488428157394e-42,4.446922973085077e-21,-1.0,8.737856933616245e-16,8.259512383448606e-16,4.06522875122859e-15,3.189488428157394e-42,-1.0,1.0
326.9893329143524,772.0,210.11111111111111,12.833333333333334,1.9089830023333333e9,1.2777777777777777,1.3139598594282334e-21,3.189488428157394e-42,4.446922973085077e-21,-1.0,8.737856933616245e-16,8.259512383448606e-16,4.06522875122859e-15,3.189488428157394e-42,-1.0,1.0
332.1648099422455,788.0,226.11111111111111,12.833333333333334,1.9089830023333333e9,1.2777777777777777,1.3139598594282334e-21,3.189488428157394e-42,4.446922973085077e-21,-1.0,8.737856933616245e-16,8.259512383448606e-16,4.06522875122859e-15,3.189488428157394e-42,-1.0,1.0
337.3512740135193,804.0,227.11111111111111,12.833333333333334,1.9089830028888888e9,1.2777777777777777,1.3139598594282334e-21,3.189488428157394e-42,4.446922973085077e-21,-1.0,8.737856933616245e-16,8.259512383448606e-16,4.06522875122859e-15,3.189488428157394e-42,-1.0,1.0
342.42622804641724,820.0,237.05555555555554,12.833333333333334,1.9089830028888888e9,1.2777777777777777,1.3139598594282334e-21,3.189488428157394e-42,4.446922973085077e-21,-1.0,8.737856933616245e-16,8.259512383448606e-16,4.06522875122859e-15,3.189488428157394e-42,-1.0,1.0
347.50169587135315,836.0,219.95,14.1,1.7195527448e9,1.35,1.1599057421463575e-21,3.1092640910747985e-42,4.446922973085077e-21,-1.0,8.737856933616245e-16,8.065930061961528e-16,4.06522875122859e-15,3.1092640910747985e-42,-1.0,1.0
352.63559889793396,852.0,231.35,14.1,1.7195527448e9,1.35,1.1599057421463575e-21,3.1092640910747985e-42,4.446922973085077e-21,-1.0,8.737856933616245e-16,8.065930061961528e-16,4.06522875122859e-15,3.1092640910747985e-42,-1.0,1.0
357.7598249912262,868.0,247.35,14.1,1.7195527448e9,1.35,1.1599057421463575e-21,3.1092640910747985e-42,4.446922973085077e-21,-1.0,8.737856933616245e-16,8.065930061961528e-16,4.06522875122859e-15,3.1092640910747985e-42,-1.0,1.0
362.88627099990845,884.0,258.2,14.1,1.7195527448e9,1.35,1.1599057421463575e-21,3.1092640910747985e-42,4.446922973085077e-21,-1.0,8.737856933616245e-16,8.259512383448606e-16,4.06522875122859e-15,3.1092640910747985e-42,-1.0,1.0
368.0733108520508,900.0,273.25,14.1,1.7195527448e9,1.35,1.1599057421463575e-21,3.1092640910747985e-42,4.446922973085077e-21,-1.0,8.737856933616245e-16,8.259512383448606e-16,4.06522875122859e-15,3.1092640910747985e-42,-1.0,1.0
373.23994493484497,916.0,278.95,14.1,1.7195527622e9,1.35,1.1599057421463575e-21,3.1092640910747985e-42,4.446922973085077e-21,-1.0,8.737856933616245e-16,8.259512383448606e-16,4.06522875122859e-15,3.1092640910747985e-42,-1.0,1.0
378.3726918697357,932.0,294.95,14.1,1.7195527622e9,1.35,1.1599057421463575e-21,3.1092640910747985e-42,4.446922973085077e-21,-1.0,8.737856933616245e-16,8.259512383448606e-16,4.06522875122859e-15,3.1092640910747985e-42,-1.0,1.0
383.396488904953,948.0,299.55,14.1,1.71955273665e9,1.35,1.1599057421463575e-21,3.1092640910747985e-42,4.446922973085077e-21,-1.0,8.737856933616245e-16,8.259512383448606e-16,4.06522875122859e-15,3.1092640910747985e-42,-1.0,1.0
388.52389192581177,964.0,299.75,14.1,1.71955273665e9,1.35,1.1599057421463575e-21,3.1092640910747985e-42,4.446922973085077e-21,-1.0,8.737856933616245e-16,8.259512383448606e-16,4.06522875122859e-15,3.1092640910747985e-42,-1.0,1.0
393.63393902778625,980.0,315.75,14.1,1.71955273665e9,1.35,1.1599057421463575e-21,3.1092640910747985e-42,4.446922973085077e-21,-1.0,8.737856933616245e-16,8.259512383448606e-16,4.06522875122859e-15,3.1092640910747985e-42,-1.0,1.0
398.72668504714966,996.0,325.4,14.1,1.71955273665e9,1.35,1.1599057421463575e-21,3.1092640910747985e-42,4.446922973085077e-21,-1.0,8.737856933616245e-16,8.259512383448606e-16,4.06522875122859e-15,3.1092640910747985e-42,-1.0,1.0
403.8942918777466,1012.0,341.4,14.1,1.71955273665e9,1.35,1.1599057421463575e-21,3.1092640910747985e-42,4.446922973085077e-21,-1.0,8.737856933616245e-16,8.259512383448606e-16,4.06522875122859e-15,3.1092640910747985e-42,-1.0,1.0
409.05415892601013,1028.0,357.4,14.1,1.71955273665e9,1.35,1.1599057421463575e-21,3.1092640910747985e-42,4.446922973085077e-21,-1.0,8.737856933616245e-16,8.259512383448606e-16,4.06522875122859e-15,3.1092640910747985e-42,-1.0,1.0
414.14755392074585,1044.0,355.7,14.1,1.71808493025e9,1.4,9.870580813472768e-22,2.904068453697555e-42,4.446922973085077e-21,-1.0,8.737856933616245e-16,8.259512383448606e-16,4.06522875122859e-15,2.904068453697555e-42,-1.0,1.0
419.15818905830383,1060.0,337.0952380952381,14.285714285714286,1.6362713685238094e9,1.4285714285714286,9.870580813472768e-22,2.904068453697555e-42,4.446922973085077e-21,-1.0,8.737856933616245e-16,8.259512383448606e-16,4.06522875122859e-15,2.904068453697555e-42,-1.0,1.0
424.3171548843384,1077.0,339.85714285714283,14.285714285714286,1.636271368047619e9,1.4285714285714286,9.870580813472768e-22,2.904068453697555e-42,4.446922973085077e-21,-1.0,8.737856933616245e-16,8.259512383448606e-16,4.06522875122859e-15,2.904068453697555e-42,-1.0,1.0
429.5383620262146,1094.0,354.6190476190476,14.285714285714286,1.6362713690952382e9,1.4285714285714286,9.870580813472768e-22,2.904068453697555e-42,4.446922973085077e-21,-1.0,8.737856933616245e-16,8.259512383448606e-16,4.06522875122859e-15,2.904068453697555e-42,-1.0,1.0
434.56389689445496,1110.0,312.0,13.6,1.7179878655e9,1.4,9.870580813472768e-22,2.904068453697555e-42,4.446922973085077e-21,-1.0,8.799572492125844e-16,1.0666780979900143e-15,4.06522875122859e-15,2.904068453697555e-42,-1.0,1.0
439.5828549861908,1126.0,283.36842105263156,13.105263157894736,1.8084082139473684e9,1.368421052631579,9.870580813472768e-22,2.904068453697555e-42,4.446922973085077e-21,-1.0,8.799572492125844e-16,1.0666780979900143e-15,4.06522875122859e-15,2.904068453697555e-42,-1.0,1.0
444.8863089084625,1143.0,281.75,13.3,1.7179878178e9,1.35,9.870580813472768e-22,2.904068453697555e-42,4.446922973085077e-21,-1.0,8.799572492125844e-16,1.0666780979900143e-15,4.06522875122859e-15,2.904068453697555e-42,-1.0,1.0
450.14835000038147,1160.0,278.8095238095238,13.619047619047619,1.636178894142857e9,1.380952380952381,9.870580813472768e-22,2.904068453697555e-42,4.446922973085077e-21,-1.0,8.799572492125844e-16,1.0666780979900143e-15,4.06522875122859e-15,2.904068453697555e-42,-1.0,1.0
455.2386028766632,1176.0,274.0952380952381,13.619047619047619,1.636178894142857e9,1.380952380952381,9.870580813472768e-22,2.904068453697555e-42,4.446922973085077e-21,-1.0,8.799572492125844e-16,1.0666780979900143e-15,4.06522875122859e-15,2.904068453697555e-42,-1.0,1.0
460.3366038799286,1192.0,288.42857142857144,13.619047619047619,1.6361788989047618e9,1.380952380952381,9.870580813472768e-22,2.904068453697555e-42,4.446922973085077e-21,-1.0,8.799572492125844e-16,1.0666780979900143e-15,4.06522875122859e-15,2.904068453697555e-42,-1.0,1.0
465.5597620010376,1208.0,278.7826086956522,14.217391304347826,1.493902572826087e9,1.4782608695652173,9.870580813472768e-22,2.904068453697555e-42,4.446922973085077e-21,-1.0,8.799572492125844e-16,1.0666780979900143e-15,4.06522875122859e-15,2.904068453697555e-42,-1.0,1.0
470.77693796157837,1224.0,274.2608695652174,14.217391304347826,1.4939025777391305e9,1.5217391304347827,9.870580813472768e-22,2.904068453697555e-42,4.446922973085077e-21,-1.0,8.799572492125844e-16,1.0666780979900143e-15,4.06522875122859e-15,2.904068453697555e-42,-1.0,1.0
475.97257590293884,1240.0,293.09090909090907,13.5,1.561807047590909e9,1.4545454545454546,1.0214687948294829e-21,2.903329268757624e-42,4.446922973085077e-21,-1.0,8.799572492125844e-16,1.0666780979900143e-15,4.06522875122859e-15,2.903329268757624e-42,-1.0,1.0
481.1124529838562,1256.0,296.2173913043478,14.08695652173913,1.493902460173913e9,1.5217391304347827,1.0214687948294829e-21,2.903329268757624e-42,4.446922973085077e-21,-1.0,8.799572492125844e-16,1.0666780979900143e-15,4.06522875122859e-15,2.903329268757624e-42,-1.0,1.0
486.28179907798767,1272.0,317.40909090909093,13.454545454545455,1.5642854140454545e9,1.4090909090909092,1.0214687948294829e-21,2.809232076878212e-42,4.446922973085077e-21,-1.0,8.687046183328778e-16,9.679116074353817e-16,4.06522875122859e-15,2.809232076878212e-42,-1.0,1.0
491.3940510749817,1288.0,329.3636363636364,13.454545454545455,1.5642854140454545e9,1.4090909090909092,1.0214687948294829e-21,2.809232076878212e-42,4.446922973085077e-21,-1.0,8.687046183328778e-16,9.679116074353817e-16,4.06522875122859e-15,2.809232076878212e-42,-1.0,1.0
496.54153084754944,1304.0,344.8181818181818,13.454545454545455,1.5642854140454545e9,1.4090909090909092,1.0214687948294829e-21,2.809232076878212e-42,4.446922973085077e-21,-1.0,8.687046183328778e-16,9.679116074353817e-16,4.06522875122859e-15,2.809232076878212e-42,-1.0,1.0
501.67675495147705,1320.0,352.8636363636364,13.454545454545455,1.564904996409091e9,1.4090909090909092,1.0214687948294829e-21,2.809232076878212e-42,4.446922973085077e-21,-1.0,8.687046183328778e-16,9.679116074353817e-16,4.06522875122859e-15,2.809232076878212e-42,-1.0,1.0
506.8243479728699,1336.0,371.23809523809524,12.952380952380953,1.6387750694285715e9,1.380952380952381,1.0214687948294829e-21,2.809232076878212e-42,4.446922973085077e-21,-1.0,8.687046183328778e-16,9.679116074353817e-16,4.06522875122859e-15,2.809232076878212e-42,-1.0,1.0
512.105437040329,1352.0,387.23809523809524,12.952380952380953,1.6387750694285715e9,1.380952380952381,1.0214687948294829e-21,2.809232076878212e-42,4.446922973085077e-21,-1.0,8.687046183328778e-16,9.679116074353817e-16,4.06522875122859e-15,2.809232076878212e-42,-1.0,1.0
517.2773458957672,1368.0,395.9047619047619,12.952380952380953,1.6387750694285715e9,1.380952380952381,1.0214687948294829e-21,2.809232076878212e-42,4.446922973085077e-21,-1.0,8.687046183328778e-16,9.679116074353817e-16,4.06522875122859e-15,2.809232076878212e-42,-1.0,1.0
522.4432830810547,1384.0,411.9047619047619,12.952380952380953,1.6387750694285715e9,1.380952380952381,1.0214687948294829e-21,2.809232076878212e-42,4.446922973085077e-21,-1.0,8.687046183328778e-16,9.679116074353817e-16,4.06522875122859e-15,2.809232076878212e-42,-1.0,1.0
527.6187288761139,1400.0,427.9047619047619,12.952380952380953,1.6387750694285715e9,1.380952380952381,1.0214687948294829e-21,2.809232076878212e-42,4.446922973085077e-21,-1.0,8.687046183328778e-16,9.679116074353817e-16,4.06522875122859e-15,2.809232076878212e-42,-1.0,1.0
532.9072079658508,1416.0,440.0952380952381,12.952380952380953,1.6387750694285715e9,1.380952380952381,1.0214687948294829e-21,2.809232076878212e-42,4.446922973085077e-21,-1.0,8.687046183328778e-16,9.679116074353817e-16,4.06522875122859e-15,2.809232076878212e-42,-1.0,1.0
538.1615290641785,1432.0,440.8095238095238,12.952380952380953,1.6387747907619047e9,1.4285714285714286,1.0259686573617712e-21,2.809232076878212e-42,4.446922973085077e-21,-1.0,8.687046183328778e-16,9.679116074353817e-16,4.06522875122859e-15,2.809232076878212e-42,-1.0,1.0
543.3014199733734,1448.0,441.57142857142856,12.952380952380953,1.6387747907619047e9,1.4285714285714286,1.0259686573617712e-21,2.809232076878212e-42,4.446922973085077e-21,-1.0,8.687046183328778e-16,9.679116074353817e-16,4.06522875122859e-15,2.809232076878212e-42,-1.0,1.0
548.5127420425415,1464.0,457.57142857142856,12.952380952380953,1.6387747907619047e9,1.4285714285714286,1.0259686573617712e-21,2.809232076878212e-42,4.446922973085077e-21,-1.0,8.687046183328778e-16,9.679116074353817e-16,4.06522875122859e-15,2.809232076878212e-42,-1.0,1.0
553.7590839862823,1480.0,471.85714285714283,12.952380952380953,1.6392740858095238e9,1.4285714285714286,1.0259686573617712e-21,2.809232076878212e-42,4.446922973085077e-21,-1.0,8.687046183328778e-16,9.679116074353817e-16,4.06522875122859e-15,2.809232076878212e-42,-1.0,1.0
558.968759059906,1496.0,487.85714285714283,12.952380952380953,1.6392740858095238e9,1.4285714285714286,1.0259686573617712e-21,2.809232076878212e-42,4.446922973085077e-21,-1.0,8.687046183328778e-16,9.679116074353817e-16,4.06522875122859e-15,2.809232076878212e-42,-1.0,1.0
564.216705083847,1512.0,503.85714285714283,12.952380952380953,1.6392740858095238e9,1.4285714285714286,1.0259686573617712e-21,2.809232076878212e-42,4.446922973085077e-21,-1.0,8.687046183328778e-16,9.679116074353817e-16,4.06522875122859e-15,2.809232076878212e-42,-1.0,1.0
569.504870891571,1528.0,501.1904761904762,12.952380952380953,1.6392740858095238e9,1.4285714285714286,1.0259686573617712e-21,2.809232076878212e-42,4.446922973085077e-21,-1.0,8.687046183328778e-16,9.679116074353817e-16,4.06522875122859e-15,2.809232076878212e-42,-1.0,1.0
574.691920042038,1544.0,508.85714285714283,12.952380952380953,1.6387748075238094e9,1.4285714285714286,1.0259686573617712e-21,2.809232076878212e-42,4.446922973085077e-21,-1.0,8.687046183328778e-16,9.679116074353817e-16,4.06522875122859e-15,2.809232076878212e-42,-1.0,1.0
579.9541680812836,1560.0,501.45454545454544,13.5,1.5642853592272727e9,1.4545454545454546,1.0259686573617712e-21,2.809232076878212e-42,4.446922973085077e-21,-1.0,8.687046183328778e-16,9.679116074353817e-16,4.06522875122859e-15,2.809232076878212e-42,-1.0,1.0
585.242518901825,1576.0,501.45454545454544,13.5,1.5642853592272727e9,1.4545454545454546,1.0259686573617712e-21,2.809232076878212e-42,4.446922973085077e-21,-1.0,8.687046183328778e-16,9.679116074353817e-16,4.06522875122859e-15,2.809232076878212e-42,-1.0,1.0
590.2723259925842,1591.0,506.1818181818182,13.5,1.5642853592272727e9,1.4545454545454546,1.0259686573617712e-21,2.809232076878212e-42,4.446922973085077e-21,-1.0,8.687046183328778e-16,9.679116074353817e-16,4.06522875122859e-15,2.809232076878212e-42,-1.0,1.0
595.5614788532257,1607.0,512.5454545454545,13.5,1.5642853592272727e9,1.4545454545454546,1.0259686573617712e-21,2.809232076878212e-42,4.446922973085077e-21,-1.0,8.687046183328778e-16,9.679116074353817e-16,4.06522875122859e-15,2.809232076878212e-42,-1.0,1.0
600.810585975647,1623.0,526.0,13.5,1.5642853412272727e9,1.4545454545454546,1.0259686573617712e-21,2.809232076878212e-42,4.446922973085077e-21,-1.0,8.687046183328778e-16,9.679116074353817e-16,4.06522875122859e-15,2.809232076878212e-42,-1.0,1.0
606.0836038589478,1639.0,542.0,13.5,1.5642853412272727e9,1.4545454545454546,1.0259686573617712e-21,2.809232076878212e-42,4.446922973085077e-21,-1.0,8.687046183328778e-16,9.679116074353817e-16,4.06522875122859e-15,2.809232076878212e-42,-1.0,1.0
611.4112510681152,1655.0,534.2173913043479,13.565217391304348,1.4962729420869565e9,1.434782608695652,1.0259686573617712e-21,2.809232076878212e-42,4.446922973085077e-21,-1.0,8.687046183328778e-16,9.679116074353817e-16,4.06522875122859e-15,2.809232076878212e-42,-1.0,1.0
616.4254579544067,1670.0,541.9565217391304,13.521739130434783,1.4962726979130435e9,1.434782608695652,1.0259686573617712e-21,2.809232076878212e-42,4.446922973085077e-21,-1.0,8.687046183328778e-16,9.679116074353817e-16,4.06522875122859e-15,2.809232076878212e-42,-1.0,1.0
621.4699380397797,1685.0,556.9565217391304,13.521739130434783,1.4962726979130435e9,1.434782608695652,1.0259686573617712e-21,2.809232076878212e-42,4.446922973085077e-21,-1.0,8.687046183328778e-16,9.679116074353817e-16,4.06522875122859e-15,2.809232076878212e-42,-1.0,1.0
626.7480208873749,1701.0,572.9565217391304,13.521739130434783,1.4962726979130435e9,1.434782608695652,1.0259686573617712e-21,2.809232076878212e-42,4.446922973085077e-21,-1.0,8.687046183328778e-16,9.679116074353817e-16,4.06522875122859e-15,2.809232076878212e-42,-1.0,1.0
631.764839887619,1716.0,541.28,14.52,1.37657097196e9,1.56,1.0148513499290587e-21,2.7126405737323026e-42,4.446922973085077e-21,-1.0,8.687046183328778e-16,9.679116074353817e-16,4.06522875122859e-15,2.7126405737323026e-42,-1.0,1.0
637.0727360248566,1732.0,554.8,14.52,1.37657097196e9,1.56,1.0148513499290587e-21,2.7126405737323026e-42,4.446922973085077e-21,-1.0,8.687046183328778e-16,9.679116074353817e-16,4.06522875122859e-15,2.7126405737323026e-42,-1.0,1.0
642.3328559398651,1748.0,564.6,14.52,1.37657097756e9,1.56,1.0148513499290587e-21,2.7126405737323026e-42,4.446922973085077e-21,-1.0,8.687046183328778e-16,9.679116074353817e-16,4.06522875122859e-15,2.7126405737323026e-42,-1.0,1.0
647.65922498703,1764.0,579.96,14.52,1.37657097852e9,1.56,1.0148513499290587e-21,2.7126405737323026e-42,4.446922973085077e-21,-1.0,8.687046183328778e-16,9.679116074353817e-16,4.06522875122859e-15,2.7126405737323026e-42,-1.0,1.0
652.9657180309296,1780.0,573.0769230769231,14.923076923076923,1.323626088e9,1.5769230769230769,1.0148513499290587e-21,2.7126405737323026e-42,4.446922973085077e-21,-1.0,8.687046183328778e-16,9.679116074353817e-16,4.06522875122859e-15,2.7126405737323026e-42,-1.0,1.0
658.2531700134277,1796.0,579.6153846153846,14.923076923076923,1.323626098e9,1.5769230769230769,1.0148513499290587e-21,2.7126405737323026e-42,4.446922973085077e-21,-1.0,8.687046183328778e-16,9.679116074353817e-16,4.06522875122859e-15,2.7126405737323026e-42,-1.0,1.0
663.5861039161682,1812.0,585.3076923076923,14.923076923076923,1.3236261378461537e9,1.5769230769230769,1.0148513499290587e-21,2.7126405737323026e-42,4.446922973085077e-21,-1.0,8.687046183328778e-16,9.679116074353817e-16,4.06522875122859e-15,2.7126405737323026e-42,-1.0,1.0
668.6345970630646,1827.0,532.2692307692307,14.923076923076923,1.323626136e9,1.5769230769230769,1.0148513499290587e-21,2.7126405737323026e-42,4.446922973085077e-21,-1.0,8.687046183328778e-16,9.679116074353817e-16,4.06522875122859e-15,2.7126405737323026e-42,-1.0,1.0
673.6843900680542,1842.0,546.4230769230769,14.923076923076923,1.3236261369230769e9,1.5769230769230769,1.0148513499290587e-21,2.7126405737323026e-42,4.446922973085077e-21,-1.0,8.687046183328778e-16,9.679116074353817e-16,4.06522875122859e-15,2.7126405737323026e-42,-1.0,1.0
678.7540218830109,1857.0,559.8461538461538,14.923076923076923,1.3236261369230769e9,1.5769230769230769,1.0148513499290587e-21,2.7126405737323026e-42,4.446922973085077e-21,-1.0,8.687046183328778e-16,9.679116074353817e-16,4.06522875122859e-15,2.7126405737323026e-42,-1.0,1.0
683.810760974884,1872.0,571.7692307692307,14.923076923076923,5.947087554430769e10,1.5769230769230769,1.0148513499290587e-21,2.7126405737323026e-42,4.446922973085077e-21,-1.0,8.640752024654374e-16,9.679116074353817e-16,4.06522875122859e-15,2.7126405737323026e-42,-1.0,1.0
688.8829698562622,1887.0,600.52,14.52,1.37749373212e9,1.56,1.0148513499290587e-21,2.7126405737323026e-42,4.446922973085077e-21,-1.0,8.640752024654374e-16,9.679116074353817e-16,4.06522875122859e-15,2.7126405737323026e-42,-1.0,1.0
693.9979810714722,1902.0,615.52,14.52,1.37749373212e9,1.56,1.0148513499290587e-21,2.7126405737323026e-42,4.446922973085077e-21,-1.0,8.640752024654374e-16,9.679116074353817e-16,4.06522875122859e-15,2.7126405737323026e-42,-1.0,1.0
699.1302790641785,1917.0,625.76,14.52,1.37749373212e9,1.56,1.0148513499290587e-21,2.7126405737323026e-42,4.446922973085077e-21,-1.0,8.640752024654374e-16,9.679116074353817e-16,4.06522875122859e-15,2.7126405737323026e-42,-1.0,1.0
704.2150719165802,1932.0,640.76,14.52,1.37749373212e9,1.56,1.0148513499290587e-21,2.7126405737323026e-42,4.446922973085077e-21,-1.0,8.640752024654374e-16,9.679116074353817e-16,4.06522875122859e-15,2.7126405737323026e-42,-1.0,1.0
709.5422010421753,1948.0,652.72,14.52,1.37749373116e9,1.56,1.0148513499290587e-21,2.7126405737323026e-42,4.446922973085077e-21,-1.0,8.640752024654374e-16,9.679116074353817e-16,4.06522875122859e-15,2.7126405737323026e-42,-1.0,1.0
714.5523030757904,1963.0,667.72,14.52,1.37749373116e9,1.56,1.0148513499290587e-21,2.7126405737323026e-42,4.446922973085077e-21,-1.0,8.640752024654374e-16,9.679116074353817e-16,4.06522875122859e-15,2.7126405737323026e-42,-1.0,1.0
719.5999450683594,1978.0,682.72,14.52,1.37749373116e9,1.56,1.0148513499290587e-21,2.7126405737323026e-42,4.446922973085077e-21,-1.0,8.640752024654374e-16,9.679116074353817e-16,4.06522875122859e-15,2.7126405737323026e-42,-1.0,1.0
724.9020519256592,1994.0,691.32,14.52,1.37749373212e9,1.56,1.0148513499290587e-21,2.7126405737323026e-42,4.446922973085077e-21,-1.0,8.640752024654374e-16,9.679116074353817e-16,4.06522875122859e-15,2.7126405737323026e-42,-1.0,1.0
730.1769590377808,2010.0,707.32,14.52,1.37749373212e9,1.56,1.0148513499290587e-21,2.7126405737323026e-42,4.446922973085077e-21,-1.0,8.640752024654374e-16,9.679116074353817e-16,4.06522875122859e-15,2.7126405737323026e-42,-1.0,1.0
735.2279200553894,2025.0,722.32,14.52,1.37749373212e9,1.56,1.0148513499290587e-21,2.7126405737323026e-42,4.446922973085077e-21,-1.0,8.640752024654374e-16,9.679116074353817e-16,4.06522875122859e-15,2.7126405737323026e-42,-1.0,1.0
740.3355939388275,2040.0,737.32,14.52,1.37749373212e9,1.56,1.0148513499290587e-21,2.7126405737323026e-42,4.446922973085077e-21,-1.0,8.640752024654374e-16,9.679116074353817e-16,4.06522875122859e-15,2.7126405737323026e-42,-1.0,1.0
745.3704268932343,2055.0,694.2307692307693,14.923076923076923,1.3245132532307692e9,1.6153846153846154,1.0148513499290587e-21,2.7126405737323026e-42,4.446922973085077e-21,-1.0,8.640752024654374e-16,9.679116074353817e-16,4.06522875122859e-15,2.7126405737323026e-42,-1.0,1.0
750.6737358570099,2071.0,710.2307692307693,14.923076923076923,1.3245132532307692e9,1.6153846153846154,1.0148513499290587e-21,2.7126405737323026e-42,4.446922973085077e-21,-1.0,8.640752024654374e-16,9.679116074353817e-16,4.06522875122859e-15,2.7126405737323026e-42,-1.0,1.0
756.0078730583191,2087.0,648.3461538461538,14.923076923076923,1.3245132532307692e9,1.6153846153846154,1.0148513499290587e-21,2.7126405737323026e-42,4.446922973085077e-21,-1.0,8.640752024654374e-16,9.679116074353817e-16,4.06522875122859e-15,2.7126405737323026e-42,-1.0,1.0
761.0548219680786,2102.0,663.3461538461538,14.923076923076923,1.3245132532307692e9,1.6153846153846154,1.0148513499290587e-21,2.7126405737323026e-42,4.446922973085077e-21,-1.0,8.640752024654374e-16,9.679116074353817e-16,4.06522875122859e-15,2.7126405737323026e-42,-1.0,1.0
766.3883819580078,2118.0,671.5,14.923076923076923,1.3245132523076923e9,1.6153846153846154,1.0148513499290587e-21,2.7126405737323026e-42,4.446922973085077e-21,-1.0,8.640752024654374e-16,9.679116074353817e-16,4.06522875122859e-15,2.7126405737323026e-42,-1.0,1.0
771.6878130435944,2134.0,585.5,14.923076923076923,1.3245132436153846e9,1.6153846153846154,1.0148513499290587e-21,2.7126405737323026e-42,4.446922973085077e-21,-1.0,8.640752024654374e-16,9.679116074353817e-16,4.06522875122859e-15,2.7126405737323026e-42,-1.0,1.0
776.7126739025116,2149.0,577.8461538461538,14.923076923076923,1.3245133385e9,1.5769230769230769,1.0259686573617712e-21,2.6717436780509826e-42,4.446922973085077e-21,-1.0,8.640752024654374e-16,9.679116074353817e-16,4.06522875122859e-15,2.6717436780509826e-42,-1.0,1.0
782.0187430381775,2165.0,593.8461538461538,14.923076923076923,1.3245133385e9,1.5769230769230769,1.0259686573617712e-21,2.6717436780509826e-42,4.446922973085077e-21,-1.0,8.640752024654374e-16,9.679116074353817e-16,4.06522875122859e-15,2.6717436780509826e-42,-1.0,1.0
787.0932579040527,2180.0,608.8461538461538,14.923076923076923,1.3245133385e9,1.5769230769230769,1.0259686573617712e-21,2.6717436780509826e-42,4.446922973085077e-21,-1.0,8.640752024654374e-16,9.679116074353817e-16,4.06522875122859e-15,2.6717436780509826e-42,-1.0,1.0
792.1390919685364,2195.0,605.6923076923077,14.923076923076923,1.3245133414230769e9,1.5769230769230769,1.0259686573617712e-21,2.6717436780509826e-42,4.446922973085077e-21,-1.0,8.563977868551545e-16,9.679116074353817e-16,4.06522875122859e-15,2.6717436780509826e-42,-1.0,1.0
797.4576559066772,2211.0,621.6923076923077,14.923076923076923,1.3245133414230769e9,1.5769230769230769,1.0259686573617712e-21,2.6717436780509826e-42,4.446922973085077e-21,-1.0,8.563977868551545e-16,9.679116074353817e-16,4.06522875122859e-15,2.6717436780509826e-42,-1.0,1.0
802.7710928916931,2227.0,630.4166666666666,14.208333333333334,1.4341684382916667e9,1.5416666666666667,1.0061163226604986e-21,2.6717436780509826e-42,4.446922973085077e-21,-1.0,8.640752024654374e-16,9.679116074353817e-16,4.06522875122859e-15,2.6717436780509826e-42,-1.0,1.0
807.7875699996948,2242.0,645.4166666666666,14.208333333333334,1.4341684382916667e9,1.5416666666666667,1.0061163226604986e-21,2.6717436780509826e-42,4.446922973085077e-21,-1.0,8.640752024654374e-16,9.679116074353817e-16,4.06522875122859e-15,2.6717436780509826e-42,-1.0,1.0
813.0858950614929,2258.0,661.4166666666666,14.208333333333334,1.4341684382916667e9,1.5416666666666667,1.0061163226604986e-21,2.6717436780509826e-42,4.446922973085077e-21,-1.0,8.640752024654374e-16,9.679116074353817e-16,4.06522875122859e-15,2.6717436780509826e-42,-1.0,1.0
818.1171379089355,2273.0,676.4166666666666,14.208333333333334,1.4341684382916667e9,1.5416666666666667,1.0061163226604986e-21,2.6717436780509826e-42,4.446922973085077e-21,-1.0,8.640752024654374e-16,9.679116074353817e-16,4.06522875122859e-15,2.6717436780509826e-42,-1.0,1.0
823.3120808601379,2288.0,679.2083333333334,14.208333333333334,1.4341684382916667e9,1.5416666666666667,1.0061163226604986e-21,2.6717436780509826e-42,4.446922973085077e-21,-1.0,8.640752024654374e-16,9.679116074353817e-16,4.06522875122859e-15,2.6717436780509826e-42,-1.0,1.0
828.4966158866882,2303.0,695.3478260869565,13.91304347826087,1.496523517826087e9,1.5217391304347827,1.0061163226604986e-21,2.6717436780509826e-42,4.446922973085077e-21,-1.0,8.640752024654374e-16,9.679116074353817e-16,4.06522875122859e-15,2.6717436780509826e-42,-1.0,1.0
833.7116529941559,2318.0,710.3478260869565,13.91304347826087,1.496523517826087e9,1.5217391304347827,1.0061163226604986e-21,2.6717436780509826e-42,4.446922973085077e-21,-1.0,8.640752024654374e-16,9.679116074353817e-16,4.06522875122859e-15,2.6717436780509826e-42,-1.0,1.0
838.7370300292969,2333.0,725.3478260869565,13.91304347826087,1.496523517826087e9,1.5217391304347827,1.0061163226604986e-21,2.6717436780509826e-42,4.446922973085077e-21,-1.0,8.640752024654374e-16,9.679116074353817e-16,4.06522875122859e-15,2.6717436780509826e-42,-1.0,1.0
843.8189470767975,2348.0,740.3478260869565,13.91304347826087,1.496523517826087e9,1.5217391304347827,1.0061163226604986e-21,2.6717436780509826e-42,4.446922973085077e-21,-1.0,8.640752024654374e-16,9.679116074353817e-16,4.06522875122859e-15,2.6717436780509826e-42,-1.0,1.0
848.9537570476532,2363.0,755.3478260869565,13.91304347826087,1.496523517826087e9,1.5217391304347827,1.0061163226604986e-21,2.6717436780509826e-42,4.446922973085077e-21,-1.0,8.640752024654374e-16,9.679116074353817e-16,4.06522875122859e-15,2.6717436780509826e-42,-1.0,1.0
854.0516030788422,2378.0,770.3478260869565,13.91304347826087,1.496523517826087e9,1.5217391304347827,1.0061163226604986e-21,2.6717436780509826e-42,4.446922973085077e-21,-1.0,8.640752024654374e-16,9.679116074353817e-16,4.06522875122859e-15,2.6717436780509826e-42,-1.0,1.0
859.1411089897156,2393.0,774.1304347826087,13.91304347826087,1.4965235386086957e9,1.5217391304347827,1.0061163226604986e-21,2.6717436780509826e-42,4.446922973085077e-21,-1.0,8.640752024654374e-16,9.679116074353817e-16,4.06522875122859e-15,2.6717436780509826e-42,-1.0,1.0
864.1822390556335,2408.0,789.1304347826087,13.91304347826087,1.4965235386086957e9,1.5217391304347827,1.0061163226604986e-21,2.6717436780509826e-42,4.446922973085077e-21,-1.0,8.640752024654374e-16,9.679116074353817e-16,4.06522875122859e-15,2.6717436780509826e-42,-1.0,1.0
869.2181198596954,2423.0,804.1304347826087,13.91304347826087,1.4965235386086957e9,1.5217391304347827,1.0061163226604986e-21,2.6717436780509826e-42,4.446922973085077e-21,-1.0,8.640752024654374e-16,9.679116074353817e-16,4.06522875122859e-15,2.6717436780509826e-42,-1.0,1.0
874.2750010490417,2438.0,819.1304347826087,13.91304347826087,1.4965235386086957e9,1.5217391304347827,1.0061163226604986e-21,2.6717436780509826e-42,4.446922973085077e-21,-1.0,8.640752024654374e-16,9.679116074353817e-16,4.06522875122859e-15,2.6717436780509826e-42,-1.0,1.0
879.4126060009003,2453.0,834.1304347826087,13.91304347826087,1.4965235386086957e9,1.5217391304347827,1.0061163226604986e-21,2.6717436780509826e-42,4.446922973085077e-21,-1.0,8.640752024654374e-16,9.679116074353817e-16,4.06522875122859e-15,2.6717436780509826e-42,-1.0,1.0
884.7158310413361,2469.0,850.1304347826087,13.91304347826087,1.4965235386086957e9,1.5217391304347827,1.0061163226604986e-21,2.6717436780509826e-42,4.446922973085077e-21,-1.0,8.640752024654374e-16,9.679116074353817e-16,4.06522875122859e-15,2.6717436780509826e-42,-1.0,1.0
889.7327699661255,2484.0,865.1304347826087,13.91304347826087,1.4965235386086957e9,1.5217391304347827,1.0061163226604986e-21,2.6717436780509826e-42,4.446922973085077e-21,-1.0,8.640752024654374e-16,9.679116074353817e-16,4.06522875122859e-15,2.6717436780509826e-42,-1.0,1.0
894.7471079826355,2499.0,843.7083333333334,14.5,1.4341684447083333e9,1.625,1.0061163226604986e-21,2.6717436780509826e-42,4.446922973085077e-21,-1.0,8.640752024654374e-16,9.679116074353817e-16,4.06522875122859e-15,2.6717436780509826e-42,-1.0,1.0
899.7487919330597,2514.0,858.7083333333334,14.5,1.4341684447083333e9,1.625,1.0061163226604986e-21,2.6717436780509826e-42,4.446922973085077e-21,-1.0,8.640752024654374e-16,9.679116074353817e-16,4.06522875122859e-15,2.6717436780509826e-42,-1.0,1.0
904.8530740737915,2529.0,873.7083333333334,14.5,1.4341684447083333e9,1.625,1.0061163226604986e-21,2.6717436780509826e-42,4.446922973085077e-21,-1.0,8.640752024654374e-16,9.679116074353817e-16,4.06522875122859e-15,2.6717436780509826e-42,-1.0,1.0
909.8826689720154,2544.0,853.4347826086956,13.956521739130435,1.494152888347826e9,1.608695652173913,1.0061163226604986e-21,2.6717436780509826e-42,4.446922973085077e-21,-1.0,8.640752024654374e-16,1.1292302086746119e-15,4.06522875122859e-15,2.6717436780509826e-42,-1.0,1.0
915.0563268661499,2559.0,854.2173913043479,13.869565217391305,1.494152859652174e9,1.608695652173913,1.0304685198940597e-21,2.6717436780509826e-42,4.446922973085077e-21,-1.0,8.640752024654374e-16,1.1292302086746119e-15,4.06522875122859e-15,2.6717436780509826e-42,-1.0,1.0
920.0978720188141,2574.0,869.2173913043479,13.869565217391305,1.494152859652174e9,1.608695652173913,1.0304685198940597e-21,2.6717436780509826e-42,4.446922973085077e-21,-1.0,8.640752024654374e-16,1.1292302086746119e-15,4.06522875122859e-15,2.6717436780509826e-42,-1.0,1.0
925.1707508563995,2589.0,822.9565217391304,13.869565217391305,1.4941528575652175e9,1.608695652173913,1.0304685198940597e-21,2.6717436780509826e-42,4.446922973085077e-21,-1.0,8.640752024654374e-16,1.1292302086746119e-15,4.06522875122859e-15,2.6717436780509826e-42,-1.0,1.0
930.1826648712158,2604.0,837.9565217391304,13.869565217391305,1.4941528575652175e9,1.608695652173913,1.0304685198940597e-21,2.6717436780509826e-42,4.446922973085077e-21,-1.0,8.640752024654374e-16,1.1292302086746119e-15,4.06522875122859e-15,2.6717436780509826e-42,-1.0,1.0
935.292876958847,2619.0,852.9565217391304,13.869565217391305,1.4941528575652175e9,1.608695652173913,1.0304685198940597e-21,2.6717436780509826e-42,4.446922973085077e-21,-1.0,8.640752024654374e-16,1.1292302086746119e-15,4.06522875122859e-15,2.6717436780509826e-42,-1.0,1.0
940.3867468833923,2634.0,867.9565217391304,13.869565217391305,1.4941528575652175e9,1.608695652173913,1.0304685198940597e-21,2.6717436780509826e-42,4.446922973085077e-21,-1.0,8.640752024654374e-16,1.1292302086746119e-15,4.06522875122859e-15,2.6717436780509826e-42,-1.0,1.0
945.5545380115509,2649.0,893.5454545454545,13.181818181818182,1.5620687332727273e9,1.5454545454545454,8.843553364926929e-22,2.490012783458858e-42,4.446922973085077e-21,-1.0,8.640752024654374e-16,1.1292302086746119e-15,4.06522875122859e-15,2.490012783458858e-42,-1.0,1.0
950.6665029525757,2664.0,908.5454545454545,13.181818181818182,1.5620687332727273e9,1.5454545454545454,8.843553364926929e-22,2.490012783458858e-42,4.446922973085077e-21,-1.0,8.640752024654374e-16,1.1292302086746119e-15,4.06522875122859e-15,2.490012783458858e-42,-1.0,1.0
955.8191270828247,2679.0,923.5454545454545,13.181818181818182,1.5620687332727273e9,1.5454545454545454,8.843553364926929e-22,2.490012783458858e-42,4.446922973085077e-21,-1.0,8.640752024654374e-16,1.1292302086746119e-15,4.06522875122859e-15,2.490012783458858e-42,-1.0,1.0
960.9069030284882,2694.0,897.9130434782609,13.782608695652174,1.4941527930869565e9,1.608695652173913,8.843553364926929e-22,2.490012783458858e-42,4.446922973085077e-21,-1.0,8.640752024654374e-16,1.1292302086746119e-15,4.06522875122859e-15,2.490012783458858e-42,-1.0,1.0
966.1315429210663,2709.0,912.9130434782609,13.782608695652174,1.4941527930869565e9,1.608695652173913,8.843553364926929e-22,2.490012783458858e-42,4.446922973085077e-21,-1.0,8.640752024654374e-16,1.1292302086746119e-15,4.06522875122859e-15,2.490012783458858e-42,-1.0,1.0
971.3142628669739,2724.0,933.8181818181819,13.181818181818182,1.562068735090909e9,1.5454545454545454,8.843553364926929e-22,2.490012783458858e-42,4.446922973085077e-21,-1.0,8.640752024654374e-16,1.1292302086746119e-15,4.06522875122859e-15,2.490012783458858e-42,-1.0,1.0
976.4398000240326,2739.0,948.0,13.090909090909092,1.5620687301818182e9,1.5454545454545454,8.843553364926929e-22,2.490012783458858e-42,4.446922973085077e-21,-1.0,8.640752024654374e-16,1.1292302086746119e-15,4.06522875122859e-15,2.490012783458858e-42,-1.0,1.0
981.6561260223389,2754.0,921.1739130434783,13.434782608695652,1.4941527280434783e9,1.565217391304348,8.843553364926929e-22,2.490012783458858e-42,4.446922973085077e-21,-1.0,8.640752024654374e-16,1.1292302086746119e-15,4.06522875122859e-15,2.490012783458858e-42,-1.0,1.0
986.7860679626465,2769.0,936.1739130434783,13.434782608695652,1.4941527280434783e9,1.565217391304348,8.843553364926929e-22,2.490012783458858e-42,4.446922973085077e-21,-1.0,8.640752024654374e-16,1.1292302086746119e-15,4.06522875122859e-15,2.490012783458858e-42,-1.0,1.0
991.945081949234,2784.0,948.4782608695652,13.434782608695652,1.4941527280434783e9,1.565217391304348,8.843553364926929e-22,2.490012783458858e-42,4.446922973085077e-21,-1.0,8.640752024654374e-16,1.1292302086746119e-15,4.06522875122859e-15,2.490012783458858e-42,-1.0,1.0
997.0278329849243,2799.0,956.695652173913,13.434782608695652,1.4941527280434783e9,1.565217391304348,8.872670122488797e-22,2.3547139134821363e-42,4.446922973085077e-21,-1.0,8.640752024654374e-16,1.1292302086746119e-15,4.06522875122859e-15,2.3547139134821363e-42,-1.0,1.0
1002.1034319400787,2814.0,971.695652173913,13.434782608695652,1.4941527280434783e9,1.565217391304348,8.872670122488797e-22,2.3547139134821363e-42,4.446922973085077e-21,-1.0,8.640752024654374e-16,1.1292302086746119e-15,4.06522875122859e-15,2.3547139134821363e-42,-1.0,1.0
1007.2795450687408,2829.0,986.695652173913,13.434782608695652,1.4941527280434783e9,1.565217391304348,8.872670122488797e-22,2.3547139134821363e-42,4.446922973085077e-21,-1.0,8.640752024654374e-16,1.1292302086746119e-15,4.06522875122859e-15,2.3547139134821363e-42,-1.0,1.0
1012.4924230575562,2844.0,1001.695652173913,13.434782608695652,1.4941527280434783e9,1.565217391304348,8.872670122488797e-22,2.3547139134821363e-42,4.446922973085077e-21,-1.0,8.640752024654374e-16,1.1292302086746119e-15,4.06522875122859e-15,2.3547139134821363e-42,-1.0,1.0
1017.5887298583984,2859.0,1016.695652173913,13.434782608695652,1.4941527280434783e9,1.565217391304348,8.872670122488797e-22,2.3547139134821363e-42,4.446922973085077e-21,-1.0,8.640752024654374e-16,1.1292302086746119e-15,4.06522875122859e-15,2.3547139134821363e-42,-1.0,1.0
1022.7732520103455,2874.0,1031.695652173913,13.434782608695652,1.4941527280434783e9,1.565217391304348,8.872670122488797e-22,2.3547139134821363e-42,4.446922973085077e-21,-1.0,8.640752024654374e-16,1.1292302086746119e-15,4.06522875122859e-15,2.3547139134821363e-42,-1.0,1.0
1027.9151558876038,2889.0,1046.695652173913,13.434782608695652,1.4941527280434783e9,1.565217391304348,8.872670122488797e-22,2.3547139134821363e-42,4.446922973085077e-21,-1.0,8.640752024654374e-16,1.1292302086746119e-15,4.06522875122859e-15,2.3547139134821363e-42,-1.0,1.0
1033.1318199634552,2904.0,1061.695652173913,13.434782608695652,1.4941527280434783e9,1.565217391304348,8.872670122488797e-22,2.3547139134821363e-42,4.446922973085077e-21,-1.0,8.640752024654374e-16,1.1292302086746119e-15,4.06522875122859e-15,2.3547139134821363e-42,-1.0,1.0
1038.3308770656586,2919.0,1076.695652173913,13.434782608695652,1.4941527280434783e9,1.565217391304348,8.872670122488797e-22,2.3547139134821363e-42,4.446922973085077e-21,-1.0,8.640752024654374e-16,1.1292302086746119e-15,4.06522875122859e-15,2.3547139134821363e-42,-1.0,1.0
1043.578943014145,2934.0,1091.695652173913,13.434782608695652,1.4941527280434783e9,1.565217391304348,8.872670122488797e-22,2.3547139134821363e-42,4.446922973085077e-21,-1.0,8.640752024654374e-16,1.1292302086746119e-15,4.06522875122859e-15,2.3547139134821363e-42,-1.0,1.0
1048.7510919570923,2949.0,1106.695652173913,13.434782608695652,1.4941527280434783e9,1.565217391304348,8.872670122488797e-22,2.3547139134821363e-42,4.446922973085077e-21,-1.0,8.640752024654374e-16,1.1292302086746119e-15,4.06522875122859e-15,2.3547139134821363e-42,-1.0,1.0
1054.016322851181,2964.0,1121.695652173913,13.434782608695652,1.4941527280434783e9,1.565217391304348,8.872670122488797e-22,2.3547139134821363e-42,4.446922973085077e-21,-1.0,8.640752024654374e-16,1.1292302086746119e-15,4.06522875122859e-15,2.3547139134821363e-42,-1.0,1.0
1059.1862149238586,2979.0,1136.695652173913,13.434782608695652,1.4941527280434783e9,1.565217391304348,8.872670122488797e-22,2.3547139134821363e-42,4.446922973085077e-21,-1.0,8.640752024654374e-16,1.1292302086746119e-15,4.06522875122859e-15,2.3547139134821363e-42,-1.0,1.0
1064.2975008487701,2994.0,1151.695652173913,13.434782608695652,1.4941527280434783e9,1.565217391304348,8.872670122488797e-22,2.3547139134821363e-42,4.446922973085077e-21,-1.0,8.640752024654374e-16,1.1292302086746119e-15,4.06522875122859e-15,2.3547139134821363e-42,-1.0,1.0
1069.4399719238281,3009.0,1166.695652173913,13.434782608695652,1.4941527280434783e9,1.565217391304348,8.872670122488797e-22,2.3547139134821363e-42,4.446922973085077e-21,-1.0,8.640752024654374e-16,1.1292302086746119e-15,4.06522875122859e-15,2.3547139134821363e-42,-1.0,1.0
1074.5826389789581,3024.0,1181.695652173913,13.434782608695652,1.4941527280434783e9,1.565217391304348,8.872670122488797e-22,2.3547139134821363e-42,4.446922973085077e-21,-1.0,8.640752024654374e-16,1.1292302086746119e-15,4.06522875122859e-15,2.3547139134821363e-42,-1.0,1.0
1079.6941809654236,3039.0,1196.695652173913,13.434782608695652,1.4941527280434783e9,1.565217391304348,8.872670122488797e-22,2.3547139134821363e-42,4.446922973085077e-21,-1.0,8.640752024654374e-16,1.1292302086746119e-15,4.06522875122859e-15,2.3547139134821363e-42,-1.0,1.0
1084.8881719112396,3054.0,1211.695652173913,13.434782608695652,1.4941527280434783e9,1.565217391304348,8.872670122488797e-22,2.3547139134821363e-42,4.446922973085077e-21,-1.0,8.640752024654374e-16,1.1292302086746119e-15,4.06522875122859e-15,2.3547139134821363e-42,-1.0,1.0
1090.136715888977,3069.0,1226.695652173913,13.434782608695652,1.4941527280434783e9,1.565217391304348,8.872670122488797e-22,2.3547139134821363e-42,4.446922973085077e-21,-1.0,8.640752024654374e-16,1.1292302086746119e-15,4.06522875122859e-15,2.3547139134821363e-42,-1.0,1.0
1095.4273538589478,3084.0,1241.695652173913,13.434782608695652,1.4941527280434783e9,1.565217391304348,8.872670122488797e-22,2.3547139134821363e-42,4.446922973085077e-21,-1.0,8.640752024654374e-16,1.1292302086746119e-15,4.06522875122859e-15,2.3547139134821363e-42,-1.0,1.0
1100.573723077774,3099.0,1256.695652173913,13.434782608695652,1.4941527280434783e9,1.565217391304348,8.872670122488797e-22,2.3547139134821363e-42,4.446922973085077e-21,-1.0,8.640752024654374e-16,1.1292302086746119e-15,4.06522875122859e-15,2.3547139134821363e-42,-1.0,1.0
1105.9091758728027,3114.0,1271.695652173913,13.434782608695652,1.4941527280434783e9,1.565217391304348,8.872670122488797e-22,2.3547139134821363e-42,4.446922973085077e-21,-1.0,8.640752024654374e-16,1.1292302086746119e-15,4.06522875122859e-15,2.3547139134821363e-42,-1.0,1.0
1111.0635919570923,3129.0,1286.695652173913,13.434782608695652,1.4941527280434783e9,1.565217391304348,8.872670122488797e-22,2.3547139134821363e-42,4.446922973085077e-21,-1.0,8.640752024654374e-16,1.1292302086746119e-15,4.06522875122859e-15,2.3547139134821363e-42,-1.0,1.0
1116.2611379623413,3144.0,1301.695652173913,13.434782608695652,1.4941527280434783e9,1.565217391304348,8.872670122488797e-22,2.3547139134821363e-42,4.446922973085077e-21,-1.0,8.640752024654374e-16,1.1292302086746119e-15,4.06522875122859e-15,2.3547139134821363e-42,-1.0,1.0
1121.4169900417328,3159.0,1168.8260869565217,13.434782608695652,1.4941527277391305e9,1.565217391304348,8.872670122488797e-22,2.3547139134821363e-42,4.446922973085077e-21,-1.0,8.640752024654374e-16,1.1292302086746119e-15,4.06522875122859e-15,2.3547139134821363e-42,-1.0,1.0
1126.6527049541473,3174.0,1183.8260869565217,13.434782608695652,1.4941527277391305e9,1.565217391304348,8.872670122488797e-22,2.3547139134821363e-42,4.446922973085077e-21,-1.0,8.640752024654374e-16,1.1292302086746119e-15,4.06522875122859e-15,2.3547139134821363e-42,-1.0,1.0
1131.8109650611877,3189.0,1198.8260869565217,13.434782608695652,1.4941527277391305e9,1.565217391304348,8.872670122488797e-22,2.3547139134821363e-42,4.446922973085077e-21,-1.0,8.640752024654374e-16,1.1292302086746119e-15,4.06522875122859e-15,2.3547139134821363e-42,-1.0,1.0
1137.0285320281982,3204.0,1213.8260869565217,13.434782608695652,1.4941527277391305e9,1.565217391304348,8.872670122488797e-22,2.3547139134821363e-42,4.446922973085077e-21,-1.0,8.640752024654374e-16,1.1292302086746119e-15,4.06522875122859e-15,2.3547139134821363e-42,-1.0,1.0
1142.19468998909,3219.0,1178.125,14.0,1.4318964029583333e9,1.6666666666666667,8.872670122488797e-22,2.3547139134821363e-42,4.446922973085077e-21,-1.0,8.640752024654374e-16,1.1292302086746119e-15,4.06522875122859e-15,2.3547139134821363e-42,-1.0,1.0
1147.3525669574738,3234.0,1193.125,14.0,1.4318964029583333e9,1.6666666666666667,8.872670122488797e-22,2.3547139134821363e-42,4.446922973085077e-21,-1.0,8.640752024654374e-16,1.1292302086746119e-15,4.06522875122859e-15,2.3547139134821363e-42,-1.0,1.0
1152.571960926056,3249.0,1208.125,14.0,1.4318964029583333e9,1.6666666666666667,8.872670122488797e-22,2.3547139134821363e-42,4.446922973085077e-21,-1.0,8.640752024654374e-16,1.1292302086746119e-15,4.06522875122859e-15,2.3547139134821363e-42,-1.0,1.0
1157.7750210762024,3264.0,1223.125,14.0,1.4318964029583333e9,1.6666666666666667,8.872670122488797e-22,2.3547139134821363e-42,4.446922973085077e-21,-1.0,8.640752024654374e-16,1.1292302086746119e-15,4.06522875122859e-15,2.3547139134821363e-42,-1.0,1.0
1162.987133026123,3279.0,1238.125,14.0,1.4318964029583333e9,1.6666666666666667,8.872670122488797e-22,2.3547139134821363e-42,4.446922973085077e-21,-1.0,8.640752024654374e-16,1.1292302086746119e-15,4.06522875122859e-15,2.3547139134821363e-42,-1.0,1.0
1168.2047019004822,3294.0,1253.125,14.0,1.4318964029583333e9,1.6666666666666667,8.872670122488797e-22,2.3547139134821363e-42,4.446922973085077e-21,-1.0,8.640752024654374e-16,1.1292302086746119e-15,4.06522875122859e-15,2.3547139134821363e-42,-1.0,1.0
1173.4652240276337,3309.0,1268.125,14.0,1.4318964029583333e9,1.6666666666666667,8.872670122488797e-22,2.3547139134821363e-42,4.446922973085077e-21,-1.0,8.640752024654374e-16,1.1292302086746119e-15,4.06522875122859e-15,2.3547139134821363e-42,-1.0,1.0
1178.733248949051,3324.0,1283.125,14.0,1.4318964029583333e9,1.6666666666666667,8.872670122488797e-22,2.3547139134821363e-42,4.446922973085077e-21,-1.0,8.640752024654374e-16,1.1292302086746119e-15,4.06522875122859e-15,2.3547139134821363e-42,-1.0,1.0
1183.9686648845673,3339.0,1298.125,14.0,1.4318964029583333e9,1.6666666666666667,8.872670122488797e-22,2.3547139134821363e-42,4.446922973085077e-21,-1.0,8.640752024654374e-16,1.1292302086746119e-15,4.06522875122859e-15,2.3547139134821363e-42,-1.0,1.0
1189.272001028061,3354.0,1313.125,14.0,1.4318964029583333e9,1.6666666666666667,8.872670122488797e-22,2.3547139134821363e-42,4.446922973085077e-21,-1.0,8.640752024654374e-16,1.1292302086746119e-15,4.06522875122859e-15,2.3547139134821363e-42,-1.0,1.0
1194.4558908939362,3369.0,1328.125,14.0,1.4318964029583333e9,1.6666666666666667,8.872670122488797e-22,2.3547139134821363e-42,4.446922973085077e-21,-1.0,8.640752024654374e-16,1.1292302086746119e-15,4.06522875122859e-15,2.3547139134821363e-42,-1.0,1.0
1199.588576078415,3384.0,1343.125,14.0,1.4318964029583333e9,1.6666666666666667,8.872670122488797e-22,2.3547139134821363e-42,4.446922973085077e-21,-1.0,8.640752024654374e-16,1.1292302086746119e-15,4.06522875122859e-15,2.3547139134821363e-42,-1.0,1.0
1204.863028049469,3396.0,1355.125,14.0,1.4318964029583333e9,1.6666666666666667,8.872670122488797e-22,2.3547139134821363e-42,4.446922973085077e-21,-1.0,8.640752024654374e-16,1.1292302086746119e-15,4.06522875122859e-15,2.3547139134821363e-42,-1.0,1.0
1210.1423869132996,3412.0,1362.7916666666667,14.0,1.4318964028333333e9,1.6666666666666667,8.872670122488797e-22,2.3547139134821363e-42,4.446922973085077e-21,-1.0,8.640752024654374e-16,1.1292302086746119e-15,4.06522875122859e-15,2.3547139134821363e-42,-1.0,1.0
1215.2599489688873,3427.0,1377.7916666666667,14.0,1.4318964028333333e9,1.6666666666666667,8.872670122488797e-22,2.3547139134821363e-42,4.446922973085077e-21,-1.0,8.640752024654374e-16,1.1292302086746119e-15,4.06522875122859e-15,2.3547139134821363e-42,-1.0,1.0
1220.3659389019012,3442.0,1392.7916666666667,14.0,1.4318964028333333e9,1.6666666666666667,8.872670122488797e-22,2.3547139134821363e-42,4.446922973085077e-21,-1.0,8.640752024654374e-16,1.1292302086746119e-15,4.06522875122859e-15,2.3547139134821363e-42,-1.0,1.0
1225.6137120723724,3457.0,1407.7916666666667,14.0,1.4318964028333333e9,1.6666666666666667,8.872670122488797e-22,2.3547139134821363e-42,4.446922973085077e-21,-1.0,8.640752024654374e-16,1.1292302086746119e-15,4.06522875122859e-15,2.3547139134821363e-42,-1.0,1.0
1230.7743589878082,3472.0,1422.7916666666667,14.0,1.4318964028333333e9,1.6666666666666667,8.872670122488797e-22,2.3547139134821363e-42,4.446922973085077e-21,-1.0,8.640752024654374e-16,1.1292302086746119e-15,4.06522875122859e-15,2.3547139134821363e-42,-1.0,1.0
1235.9487590789795,3487.0,1437.7916666666667,14.0,1.4318964028333333e9,1.6666666666666667,8.872670122488797e-22,2.3547139134821363e-42,4.446922973085077e-21,-1.0,8.640752024654374e-16,1.1292302086746119e-15,4.06522875122859e-15,2.3547139134821363e-42,-1.0,1.0
1241.0762128829956,3502.0,1422.125,14.0,1.4318964415e9,1.6666666666666667,8.872670122488797e-22,2.3547139134821363e-42,4.446922973085077e-21,-1.0,8.640752024654374e-16,1.1292302086746119e-15,4.06522875122859e-15,2.3547139134821363e-42,-1.0,1.0
1246.1800770759583,3517.0,1437.125,14.0,1.4318964415e9,1.6666666666666667,8.872670122488797e-22,2.3547139134821363e-42,4.446922973085077e-21,-1.0,8.640752024654374e-16,1.1292302086746119e-15,4.06522875122859e-15,2.3547139134821363e-42,-1.0,1.0
1251.2231750488281,3532.0,1452.125,14.0,1.4318964415e9,1.6666666666666667,8.872670122488797e-22,2.3547139134821363e-42,4.446922973085077e-21,-1.0,8.640752024654374e-16,1.1292302086746119e-15,4.06522875122859e-15,2.3547139134821363e-42,-1.0,1.0
1256.2990329265594,3547.0,1467.125,14.0,1.4318964415e9,1.6666666666666667,8.872670122488797e-22,2.3547139134821363e-42,4.446922973085077e-21,-1.0,8.640752024654374e-16,1.1292302086746119e-15,4.06522875122859e-15,2.3547139134821363e-42,-1.0,1.0
1261.3220710754395,3562.0,1482.125,14.0,1.4318964415e9,1.6666666666666667,8.872670122488797e-22,2.3547139134821363e-42,4.446922973085077e-21,-1.0,8.640752024654374e-16,1.1292302086746119e-15,4.06522875122859e-15,2.3547139134821363e-42,-1.0,1.0
1266.4652490615845,3577.0,1456.7916666666667,14.0,1.4318964415e9,1.6666666666666667,8.872670122488797e-22,2.3547139134821363e-42,4.446922973085077e-21,-1.0,8.640752024654374e-16,1.1292302086746119e-15,4.06522875122859e-15,2.3547139134821363e-42,-1.0,1.0
1271.675129890442,3592.0,1471.7916666666667,14.0,1.4318964415e9,1.6666666666666667,8.872670122488797e-22,2.3547139134821363e-42,4.446922973085077e-21,-1.0,8.640752024654374e-16,1.1292302086746119e-15,4.06522875122859e-15,2.3547139134821363e-42,-1.0,1.0
1276.860141992569,3607.0,1486.7916666666667,14.0,1.4318964415e9,1.6666666666666667,8.872670122488797e-22,2.3547139134821363e-42,4.446922973085077e-21,-1.0,8.640752024654374e-16,1.1292302086746119e-15,4.06522875122859e-15,2.3547139134821363e-42,-1.0,1.0
1282.017385005951,3622.0,1501.7916666666667,14.0,1.4318964415e9,1.6666666666666667,8.872670122488797e-22,2.3547139134821363e-42,4.446922973085077e-21,-1.0,8.640752024654374e-16,1.1292302086746119e-15,4.06522875122859e-15,2.3547139134821363e-42,-1.0,1.0
1287.1288740634918,3637.0,1516.7916666666667,14.0,1.4318964415e9,1.6666666666666667,8.872670122488797e-22,2.3547139134821363e-42,4.446922973085077e-21,-1.0,8.640752024654374e-16,1.1292302086746119e-15,4.06522875122859e-15,2.3547139134821363e-42,-1.0,1.0
1292.2276120185852,3652.0,1531.7916666666667,14.0,1.4318964415e9,1.6666666666666667,8.872670122488797e-22,2.3547139134821363e-42,4.446922973085077e-21,-1.0,8.640752024654374e-16,1.1292302086746119e-15,4.06522875122859e-15,2.3547139134821363e-42,-1.0,1.0
1297.3998758792877,3667.0,1546.7916666666667,14.0,1.4318964415e9,1.6666666666666667,8.872670122488797e-22,2.3547139134821363e-42,4.446922973085077e-21,-1.0,8.640752024654374e-16,1.1292302086746119e-15,4.06522875122859e-15,2.3547139134821363e-42,-1.0,1.0
1302.546364068985,3682.0,1561.7916666666667,14.0,1.4318964415e9,1.6666666666666667,8.872670122488797e-22,2.3547139134821363e-42,4.446922973085077e-21,-1.0,8.640752024654374e-16,1.1292302086746119e-15,4.06522875122859e-15,2.3547139134821363e-42,-1.0,1.0
1307.690358877182,3697.0,1576.7916666666667,14.0,1.4318964415e9,1.6666666666666667,8.872670122488797e-22,2.3547139134821363e-42,4.446922973085077e-21,-1.0,8.640752024654374e-16,1.1292302086746119e-15,4.06522875122859e-15,2.3547139134821363e-42,-1.0,1.0
1312.8561198711395,3712.0,1591.7916666666667,14.0,1.4318964415e9,1.6666666666666667,8.872670122488797e-22,2.3547139134821363e-42,4.446922973085077e-21,-1.0,8.640752024654374e-16,1.1292302086746119e-15,4.06522875122859e-15,2.3547139134821363e-42,-1.0,1.0
1318.0315480232239,3727.0,1606.7916666666667,14.0,1.4318964415e9,1.6666666666666667,8.872670122488797e-22,2.3547139134821363e-42,4.446922973085077e-21,-1.0,8.640752024654374e-16,1.1292302086746119e-15,4.06522875122859e-15,2.3547139134821363e-42,-1.0,1.0
1323.128515958786,3742.0,1621.7916666666667,14.0,1.4318964415e9,1.6666666666666667,8.872670122488797e-22,2.3547139134821363e-42,4.446922973085077e-21,-1.0,8.640752024654374e-16,1.1292302086746119e-15,4.06522875122859e-15,2.3547139134821363e-42,-1.0,1.0
1328.2228090763092,3757.0,1636.7916666666667,14.0,1.4318964415e9,1.6666666666666667,8.872670122488797e-22,2.3547139134821363e-42,4.446922973085077e-21,-1.0,8.640752024654374e-16,1.1292302086746119e-15,4.06522875122859e-15,2.3547139134821363e-42,-1.0,1.0
1333.3313310146332,3772.0,1526.56,14.64,1.37462066104e9,1.76,8.872670122488797e-22,2.347241489421124e-42,4.446922973085077e-21,-1.0,8.640752024654374e-16,1.1292302086746119e-15,4.06522875122859e-15,2.347241489421124e-42,-1.0,1.0
1338.5423529148102,3787.0,1541.56,14.64,1.37462066104e9,1.76,8.872670122488797e-22,2.347241489421124e-42,4.446922973085077e-21,-1.0,8.640752024654374e-16,1.1292302086746119e-15,4.06522875122859e-15,2.347241489421124e-42,-1.0,1.0
1343.778550863266,3802.0,1556.56,14.64,1.37462066104e9,1.76,8.872670122488797e-22,2.347241489421124e-42,4.446922973085077e-21,-1.0,8.640752024654374e-16,1.1292302086746119e-15,4.06522875122859e-15,2.347241489421124e-42,-1.0,1.0
1349.0011298656464,3817.0,1571.56,14.64,1.37462066104e9,1.76,8.872670122488797e-22,2.347241489421124e-42,4.446922973085077e-21,-1.0,8.640752024654374e-16,1.1292302086746119e-15,4.06522875122859e-15,2.347241489421124e-42,-1.0,1.0
1354.1561388969421,3832.0,1586.56,14.64,1.37462066104e9,1.76,8.872670122488797e-22,2.347241489421124e-42,4.446922973085077e-21,-1.0,8.640752024654374e-16,1.1292302086746119e-15,4.06522875122859e-15,2.347241489421124e-42,-1.0,1.0
1359.2567720413208,3847.0,1601.56,14.64,1.37462066104e9,1.76,8.872670122488797e-22,2.347241489421124e-42,4.446922973085077e-21,-1.0,8.640752024654374e-16,1.1292302086746119e-15,4.06522875122859e-15,2.347241489421124e-42,-1.0,1.0
1364.5273990631104,3862.0,1616.56,14.64,1.37462066104e9,1.76,8.872670122488797e-22,2.347241489421124e-42,4.446922973085077e-21,-1.0,8.640752024654374e-16,1.1292302086746119e-15,4.06522875122859e-15,2.347241489421124e-42,-1.0,1.0
1369.569344997406,3877.0,1631.56,14.64,1.37462066104e9,1.76,8.872670122488797e-22,2.347241489421124e-42,4.446922973085077e-21,-1.0,8.640752024654374e-16,1.1292302086746119e-15,4.06522875122859e-15,2.347241489421124e-42,-1.0,1.0
1374.6943590641022,3892.0,1646.56,14.64,1.37462066104e9,1.76,8.872670122488797e-22,2.347241489421124e-42,4.446922973085077e-21,-1.0,8.640752024654374e-16,1.1292302086746119e-15,4.06522875122859e-15,2.347241489421124e-42,-1.0,1.0
1379.9127550125122,3907.0,1661.56,14.64,1.37462066104e9,1.76,8.872670122488797e-22,2.347241489421124e-42,4.446922973085077e-21,-1.0,8.640752024654374e-16,1.1292302086746119e-15,4.06522875122859e-15,2.347241489421124e-42,-1.0,1.0
1385.0885090827942,3922.0,1676.56,14.64,1.37462066104e9,1.76,8.872670122488797e-22,2.347241489421124e-42,4.446922973085077e-21,-1.0,8.640752024654374e-16,1.1292302086746119e-15,4.06522875122859e-15,2.347241489421124e-42,-1.0,1.0
1390.2640528678894,3937.0,1691.56,14.64,1.37462066104e9,1.76,8.872670122488797e-22,2.347241489421124e-42,4.446922973085077e-21,-1.0,8.640752024654374e-16,1.1292302086746119e-15,4.06522875122859e-15,2.347241489421124e-42,-1.0,1.0
1395.4370670318604,3952.0,1641.1538461538462,15.038461538461538,1.3217506764230769e9,1.8076923076923077,8.872670122488797e-22,2.347241489421124e-42,4.446922973085077e-21,-1.0,8.640752024654374e-16,1.1292302086746119e-15,4.06522875122859e-15,2.347241489421124e-42,-1.0,1.0
1400.6319909095764,3967.0,1656.1538461538462,15.038461538461538,1.3217506764230769e9,1.8076923076923077,8.872670122488797e-22,2.347241489421124e-42,4.446922973085077e-21,-1.0,8.640752024654374e-16,1.1292302086746119e-15,4.06522875122859e-15,2.347241489421124e-42,-1.0,1.0
1405.8342430591583,3982.0,1671.1538461538462,15.038461538461538,1.3217506764230769e9,1.8076923076923077,8.872670122488797e-22,2.347241489421124e-42,4.446922973085077e-21,-1.0,8.640752024654374e-16,1.1292302086746119e-15,4.06522875122859e-15,2.347241489421124e-42,-1.0,1.0
1410.933305978775,3997.0,1686.1538461538462,15.038461538461538,1.3217506764230769e9,1.8076923076923077,8.872670122488797e-22,2.347241489421124e-42,4.446922973085077e-21,-1.0,8.640752024654374e-16,1.1292302086746119e-15,4.06522875122859e-15,2.347241489421124e-42,-1.0,1.0
1416.21120595932,4012.0,1701.1538461538462,15.038461538461538,1.3217506764230769e9,1.8076923076923077,8.872670122488797e-22,2.347241489421124e-42,4.446922973085077e-21,-1.0,8.640752024654374e-16,1.1292302086746119e-15,4.06522875122859e-15,2.347241489421124e-42,-1.0,1.0
1421.3604838848114,4027.0,1716.1538461538462,15.038461538461538,1.3217506764230769e9,1.8076923076923077,8.872670122488797e-22,2.347241489421124e-42,4.446922973085077e-21,-1.0,8.640752024654374e-16,1.1292302086746119e-15,4.06522875122859e-15,2.347241489421124e-42,-1.0,1.0
1426.5820848941803,4042.0,1731.1538461538462,15.038461538461538,1.3217506764230769e9,1.8076923076923077,8.872670122488797e-22,2.347241489421124e-42,4.446922973085077e-21,-1.0,8.640752024654374e-16,1.1292302086746119e-15,4.06522875122859e-15,2.347241489421124e-42,-1.0,1.0
1431.8049380779266,4057.0,1746.1538461538462,15.038461538461538,1.3217506764230769e9,1.8076923076923077,8.872670122488797e-22,2.347241489421124e-42,4.446922973085077e-21,-1.0,8.640752024654374e-16,1.1292302086746119e-15,4.06522875122859e-15,2.347241489421124e-42,-1.0,1.0
1436.9945678710938,4072.0,1645.6923076923076,15.038461538461538,1.3217506764230769e9,1.8076923076923077,8.872670122488797e-22,2.347241489421124e-42,4.446922973085077e-21,-1.0,8.640752024654374e-16,1.1292302086746119e-15,4.06522875122859e-15,2.347241489421124e-42,-1.0,1.0
1442.1477720737457,4087.0,1660.6923076923076,15.038461538461538,1.3217506764230769e9,1.8076923076923077,8.872670122488797e-22,2.347241489421124e-42,4.446922973085077e-21,-1.0,8.640752024654374e-16,1.1292302086746119e-15,4.06522875122859e-15,2.347241489421124e-42,-1.0,1.0
1447.300194978714,4102.0,1675.6923076923076,15.038461538461538,1.3217506764230769e9,1.8076923076923077,8.872670122488797e-22,2.347241489421124e-42,4.446922973085077e-21,-1.0,8.640752024654374e-16,1.1292302086746119e-15,4.06522875122859e-15,2.347241489421124e-42,-1.0,1.0
1452.4546859264374,4117.0,1690.6923076923076,15.038461538461538,1.3217506764230769e9,1.8076923076923077,8.872670122488797e-22,2.347241489421124e-42,4.446922973085077e-21,-1.0,8.640752024654374e-16,1.1292302086746119e-15,4.06522875122859e-15,2.347241489421124e-42,-1.0,1.0
1457.673395872116,4132.0,1705.6923076923076,15.038461538461538,1.3217506764230769e9,1.8076923076923077,8.872670122488797e-22,2.347241489421124e-42,4.446922973085077e-21,-1.0,8.640752024654374e-16,1.1292302086746119e-15,4.06522875122859e-15,2.347241489421124e-42,-1.0,1.0
1462.9443299770355,4147.0,1720.6923076923076,15.038461538461538,1.3217506764230769e9,1.8076923076923077,8.872670122488797e-22,2.347241489421124e-42,4.446922973085077e-21,-1.0,8.640752024654374e-16,1.1292302086746119e-15,4.06522875122859e-15,2.347241489421124e-42,-1.0,1.0
1468.254056930542,4162.0,1735.6923076923076,15.038461538461538,1.3217506764230769e9,1.8076923076923077,8.872670122488797e-22,2.347241489421124e-42,4.446922973085077e-21,-1.0,8.640752024654374e-16,1.1292302086746119e-15,4.06522875122859e-15,2.347241489421124e-42,-1.0,1.0
1473.4390959739685,4177.0,1750.6923076923076,15.038461538461538,1.3217506764230769e9,1.8076923076923077,8.872670122488797e-22,2.347241489421124e-42,4.446922973085077e-21,-1.0,8.640752024654374e-16,1.1292302086746119e-15,4.06522875122859e-15,2.347241489421124e-42,-1.0,1.0
1478.7469329833984,4192.0,1765.6923076923076,15.038461538461538,1.3217506764230769e9,1.8076923076923077,8.872670122488797e-22,2.347241489421124e-42,4.446922973085077e-21,-1.0,8.640752024654374e-16,1.1292302086746119e-15,4.06522875122859e-15,2.347241489421124e-42,-1.0,1.0
1484.024267911911,4207.0,1780.6923076923076,15.038461538461538,1.3217506764230769e9,1.8076923076923077,8.872670122488797e-22,2.347241489421124e-42,4.446922973085077e-21,-1.0,8.640752024654374e-16,1.1292302086746119e-15,4.06522875122859e-15,2.347241489421124e-42,-1.0,1.0
1489.2049610614777,4222.0,1795.6923076923076,15.038461538461538,1.3217506764230769e9,1.8076923076923077,8.872670122488797e-22,2.347241489421124e-42,4.446922973085077e-21,-1.0,8.640752024654374e-16,1.1292302086746119e-15,4.06522875122859e-15,2.347241489421124e-42,-1.0,1.0
1494.3226430416107,4237.0,1804.3461538461538,15.038461538461538,1.3217506764230769e9,1.8076923076923077,8.872670122488797e-22,2.347241489421124e-42,4.446922973085077e-21,-1.0,8.640752024654374e-16,1.1292302086746119e-15,4.06522875122859e-15,2.347241489421124e-42,-1.0,1.0
1499.5270328521729,4252.0,1819.3461538461538,15.038461538461538,1.3217506764230769e9,1.8076923076923077,8.872670122488797e-22,2.347241489421124e-42,4.446922973085077e-21,-1.0,8.640752024654374e-16,1.1292302086746119e-15,4.06522875122859e-15,2.347241489421124e-42,-1.0,1.0
1504.699961900711,4267.0,1834.3461538461538,15.038461538461538,1.3217506764230769e9,1.8076923076923077,8.872670122488797e-22,2.347241489421124e-42,4.446922973085077e-21,-1.0,8.640752024654374e-16,1.1292302086746119e-15,4.06522875122859e-15,2.347241489421124e-42,-1.0,1.0
1509.8709728717804,4282.0,1847.7692307692307,15.038461538461538,1.3217506764230769e9,1.8076923076923077,8.872670122488797e-22,2.347241489421124e-42,4.446922973085077e-21,-1.0,8.640752024654374e-16,1.1292302086746119e-15,4.06522875122859e-15,2.347241489421124e-42,-1.0,1.0
1515.0559830665588,4297.0,1842.6153846153845,15.0,1.3217506604230769e9,1.8076923076923077,8.740321224480312e-22,2.337400870955403e-42,4.446922973085077e-21,-1.0,8.640752024654374e-16,1.1292302086746119e-15,4.06522875122859e-15,2.337400870955403e-42,-1.0,1.0
1520.2168049812317,4312.0,1857.6153846153845,15.0,1.3217506604230769e9,1.8076923076923077,8.740321224480312e-22,2.337400870955403e-42,4.446922973085077e-21,-1.0,8.640752024654374e-16,1.1292302086746119e-15,4.06522875122859e-15,2.337400870955403e-42,-1.0,1.0
1525.4529869556427,4327.0,1872.6153846153845,15.0,1.3217506604230769e9,1.8076923076923077,8.740321224480312e-22,2.337400870955403e-42,4.446922973085077e-21,-1.0,8.640752024654374e-16,1.1292302086746119e-15,4.06522875122859e-15,2.337400870955403e-42,-1.0,1.0
1530.7030398845673,4342.0,1887.6153846153845,15.0,1.3217506604230769e9,1.8076923076923077,8.740321224480312e-22,2.337400870955403e-42,4.446922973085077e-21,-1.0,8.640752024654374e-16,1.1292302086746119e-15,4.06522875122859e-15,2.337400870955403e-42,-1.0,1.0
1535.9274818897247,4357.0,1902.6153846153845,15.0,1.3217506604230769e9,1.8076923076923077,8.740321224480312e-22,2.337400870955403e-42,4.446922973085077e-21,-1.0,8.640752024654374e-16,1.1292302086746119e-15,4.06522875122859e-15,2.337400870955403e-42,-1.0,1.0
1541.1734988689423,4372.0,1917.6153846153845,15.0,1.3217506604230769e9,1.8076923076923077,8.740321224480312e-22,2.337400870955403e-42,4.446922973085077e-21,-1.0,8.640752024654374e-16,1.1292302086746119e-15,4.06522875122859e-15,2.337400870955403e-42,-1.0,1.0
1546.4035170078278,4387.0,1901.576923076923,15.0,1.3217506604230769e9,1.8076923076923077,8.740321224480312e-22,2.337400870955403e-42,4.446922973085077e-21,-1.0,8.640752024654374e-16,1.1292302086746119e-15,4.06522875122859e-15,2.337400870955403e-42,-1.0,1.0
1551.6101279258728,4402.0,1916.576923076923,15.0,1.3217506604230769e9,1.8076923076923077,8.740321224480312e-22,2.337400870955403e-42,4.446922973085077e-21,-1.0,8.640752024654374e-16,1.1292302086746119e-15,4.06522875122859e-15,2.337400870955403e-42,-1.0,1.0
1556.8438789844513,4417.0,1931.576923076923,15.0,1.3217506604230769e9,1.8076923076923077,8.740321224480312e-22,2.337400870955403e-42,4.446922973085077e-21,-1.0,8.640752024654374e-16,1.1292302086746119e-15,4.06522875122859e-15,2.337400870955403e-42,-1.0,1.0
1562.0666539669037,4432.0,1946.576923076923,15.0,1.3217506604230769e9,1.8076923076923077,8.740321224480312e-22,2.337400870955403e-42,4.446922973085077e-21,-1.0,8.640752024654374e-16,1.1292302086746119e-15,4.06522875122859e-15,2.337400870955403e-42,-1.0,1.0
1567.3491189479828,4447.0,1961.576923076923,15.0,1.3217506604230769e9,1.8076923076923077,8.740321224480312e-22,2.337400870955403e-42,4.446922973085077e-21,-1.0,8.640752024654374e-16,1.1292302086746119e-15,4.06522875122859e-15,2.337400870955403e-42,-1.0,1.0
1572.5469360351562,4462.0,1976.576923076923,15.0,1.3217506604230769e9,1.8076923076923077,8.740321224480312e-22,2.337400870955403e-42,4.446922973085077e-21,-1.0,8.640752024654374e-16,1.1292302086746119e-15,4.06522875122859e-15,2.337400870955403e-42,-1.0,1.0
1577.7282419204712,4477.0,1991.576923076923,15.0,1.3217506604230769e9,1.8076923076923077,8.740321224480312e-22,2.337400870955403e-42,4.446922973085077e-21,-1.0,8.640752024654374e-16,1.1292302086746119e-15,4.06522875122859e-15,2.337400870955403e-42,-1.0,1.0
1582.9446198940277,4492.0,2006.576923076923,15.0,1.3217506604230769e9,1.8076923076923077,8.740321224480312e-22,2.337400870955403e-42,4.446922973085077e-21,-1.0,8.640752024654374e-16,1.1292302086746119e-15,4.06522875122859e-15,2.337400870955403e-42,-1.0,1.0
1588.2087709903717,4507.0,1986.076923076923,15.0,1.3217506604230769e9,1.8076923076923077,8.740321224480312e-22,2.337400870955403e-42,4.446922973085077e-21,-1.0,8.640752024654374e-16,1.1292302086746119e-15,4.06522875122859e-15,2.337400870955403e-42,-1.0,1.0
1593.4819440841675,4522.0,2001.076923076923,15.0,1.3217506604230769e9,1.8076923076923077,8.740321224480312e-22,2.337400870955403e-42,4.446922973085077e-21,-1.0,8.640752024654374e-16,1.1292302086746119e-15,4.06522875122859e-15,2.337400870955403e-42,-1.0,1.0
1598.7951030731201,4537.0,1939.6538461538462,15.0,1.3217506604230769e9,1.8076923076923077,8.740321224480312e-22,2.337400870955403e-42,4.446922973085077e-21,-1.0,8.640752024654374e-16,1.1292302086746119e-15,4.06522875122859e-15,2.337400870955403e-42,-1.0,1.0
1604.1040358543396,4552.0,1954.6538461538462,15.0,1.3217506604230769e9,1.8076923076923077,8.740321224480312e-22,2.337400870955403e-42,4.446922973085077e-21,-1.0,8.640752024654374e-16,1.1292302086746119e-15,4.06522875122859e-15,2.337400870955403e-42,-1.0,1.0
1609.3583769798279,4567.0,1969.6538461538462,15.0,1.3217506604230769e9,1.8076923076923077,8.740321224480312e-22,2.337400870955403e-42,4.446922973085077e-21,-1.0,8.640752024654374e-16,1.1292302086746119e-15,4.06522875122859e-15,2.337400870955403e-42,-1.0,1.0
1614.5473458766937,4582.0,1984.6538461538462,15.0,1.3217506604230769e9,1.8076923076923077,8.740321224480312e-22,2.337400870955403e-42,4.446922973085077e-21,-1.0,8.640752024654374e-16,1.1292302086746119e-15,4.06522875122859e-15,2.337400870955403e-42,-1.0,1.0
1619.7813339233398,4597.0,1999.6538461538462,15.0,1.3217506604230769e9,1.8076923076923077,8.740321224480312e-22,2.337400870955403e-42,4.446922973085077e-21,-1.0,8.640752024654374e-16,1.1292302086746119e-15,4.06522875122859e-15,2.337400870955403e-42,-1.0,1.0
1625.097419977188,4612.0,2014.6538461538462,15.0,1.3217506604230769e9,1.8076923076923077,8.740321224480312e-22,2.337400870955403e-42,4.446922973085077e-21,-1.0,8.640752024654374e-16,1.1292302086746119e-15,4.06522875122859e-15,2.337400870955403e-42,-1.0,1.0
1630.1862070560455,4627.0,2029.6538461538462,15.0,1.3217506604230769e9,1.8076923076923077,8.740321224480312e-22,2.337400870955403e-42,4.446922973085077e-21,-1.0,8.640752024654374e-16,1.1292302086746119e-15,4.06522875122859e-15,2.337400870955403e-42,-1.0,1.0
1635.4678580760956,4642.0,2044.6538461538462,15.0,1.3217506604230769e9,1.8076923076923077,8.740321224480312e-22,2.337400870955403e-42,4.446922973085077e-21,-1.0,8.640752024654374e-16,1.1292302086746119e-15,4.06522875122859e-15,2.337400870955403e-42,-1.0,1.0
1640.7359790802002,4657.0,2059.653846153846,15.0,1.3217506604230769e9,1.8076923076923077,8.740321224480312e-22,2.337400870955403e-42,4.446922973085077e-21,-1.0,8.640752024654374e-16,1.1292302086746119e-15,4.06522875122859e-15,2.337400870955403e-42,-1.0,1.0
1645.9069850444794,4672.0,2074.653846153846,15.0,1.3217506604230769e9,1.8076923076923077,8.740321224480312e-22,2.337400870955403e-42,4.446922973085077e-21,-1.0,8.640752024654374e-16,1.1292302086746119e-15,4.06522875122859e-15,2.337400870955403e-42,-1.0,1.0
1651.1680839061737,4687.0,2089.653846153846,15.0,1.3217506604230769e9,1.8076923076923077,8.740321224480312e-22,2.337400870955403e-42,4.446922973085077e-21,-1.0,8.640752024654374e-16,1.1292302086746119e-15,4.06522875122859e-15,2.337400870955403e-42,-1.0,1.0
1656.4744169712067,4702.0,2104.653846153846,15.0,1.3217506604230769e9,1.8076923076923077,8.740321224480312e-22,2.337400870955403e-42,4.446922973085077e-21,-1.0,8.640752024654374e-16,1.1292302086746119e-15,4.06522875122859e-15,2.337400870955403e-42,-1.0,1.0
1661.77507686615,4717.0,2111.4615384615386,15.0,1.3217506604230769e9,1.8076923076923077,8.740321224480312e-22,2.337400870955403e-42,4.446922973085077e-21,-1.0,8.640752024654374e-16,1.1292302086746119e-15,4.06522875122859e-15,2.337400870955403e-42,-1.0,1.0
1667.0623919963837,4732.0,2126.4615384615386,15.0,1.3217506604230769e9,1.8076923076923077,8.740321224480312e-22,2.337400870955403e-42,4.446922973085077e-21,-1.0,8.640752024654374e-16,1.1292302086746119e-15,4.06522875122859e-15,2.337400870955403e-42,-1.0,1.0
1672.2818040847778,4747.0,2141.4615384615386,15.0,1.3217506604230769e9,1.8076923076923077,8.740321224480312e-22,2.337400870955403e-42,4.446922973085077e-21,-1.0,8.640752024654374e-16,1.1292302086746119e-15,4.06522875122859e-15,2.337400870955403e-42,-1.0,1.0
1677.544065952301,4762.0,2156.4615384615386,15.0,1.3217506604230769e9,1.8076923076923077,8.740321224480312e-22,2.337400870955403e-42,4.446922973085077e-21,-1.0,8.640752024654374e-16,1.1292302086746119e-15,4.06522875122859e-15,2.337400870955403e-42,-1.0,1.0
1682.8433630466461,4777.0,2171.4615384615386,15.0,1.3217506604230769e9,1.8076923076923077,8.740321224480312e-22,2.337400870955403e-42,4.446922973085077e-21,-1.0,8.640752024654374e-16,1.1292302086746119e-15,4.06522875122859e-15,2.337400870955403e-42,-1.0,1.0
1688.0524718761444,4792.0,2186.4615384615386,15.0,1.3217506604230769e9,1.8076923076923077,8.740321224480312e-22,2.337400870955403e-42,4.446922973085077e-21,-1.0,8.640752024654374e-16,1.1292302086746119e-15,4.06522875122859e-15,2.337400870955403e-42,-1.0,1.0
1693.2757110595703,4807.0,2201.4615384615386,15.0,1.3217506604230769e9,1.8076923076923077,8.740321224480312e-22,2.337400870955403e-42,4.446922973085077e-21,-1.0,8.640752024654374e-16,1.1292302086746119e-15,4.06522875122859e-15,2.337400870955403e-42,-1.0,1.0
1698.5677189826965,4822.0,2089.3076923076924,15.0,1.3217506604230769e9,1.8076923076923077,8.740321224480312e-22,2.337400870955403e-42,4.446922973085077e-21,-1.0,8.640752024654374e-16,1.1292302086746119e-15,4.06522875122859e-15,2.337400870955403e-42,-1.0,1.0
1703.5684509277344,4836.0,2103.3076923076924,15.0,1.3217506604230769e9,1.8076923076923077,8.740321224480312e-22,2.337400870955403e-42,4.446922973085077e-21,-1.0,8.640752024654374e-16,1.1292302086746119e-15,4.06522875122859e-15,2.337400870955403e-42,-1.0,1.0
1708.7397689819336,4851.0,2118.3076923076924,15.0,1.3217506604230769e9,1.8076923076923077,8.740321224480312e-22,2.337400870955403e-42,4.446922973085077e-21,-1.0,8.640752024654374e-16,1.1292302086746119e-15,4.06522875122859e-15,2.337400870955403e-42,-1.0,1.0
1714.0794579982758,4866.0,2133.3076923076924,15.0,1.3217506604230769e9,1.8076923076923077,8.740321224480312e-22,2.337400870955403e-42,4.446922973085077e-21,-1.0,8.640752024654374e-16,1.1292302086746119e-15,4.06522875122859e-15,2.337400870955403e-42,-1.0,1.0
1719.38813996315,4881.0,2148.3076923076924,15.0,1.3217506604230769e9,1.8076923076923077,8.740321224480312e-22,2.337400870955403e-42,4.446922973085077e-21,-1.0,8.640752024654374e-16,1.1292302086746119e-15,4.06522875122859e-15,2.337400870955403e-42,-1.0,1.0
1724.626571893692,4896.0,2163.3076923076924,15.0,1.3217506604230769e9,1.8076923076923077,8.740321224480312e-22,2.337400870955403e-42,4.446922973085077e-21,-1.0,8.640752024654374e-16,1.1292302086746119e-15,4.06522875122859e-15,2.337400870955403e-42,-1.0,1.0
1729.9559860229492,4911.0,2178.3076923076924,15.0,1.3217506604230769e9,1.8076923076923077,8.740321224480312e-22,2.337400870955403e-42,4.446922973085077e-21,-1.0,8.640752024654374e-16,1.1292302086746119e-15,4.06522875122859e-15,2.337400870955403e-42,-1.0,1.0
1734.9838590621948,4925.0,2192.3076923076924,15.0,1.3217506604230769e9,1.8076923076923077,8.740321224480312e-22,2.337400870955403e-42,4.446922973085077e-21,-1.0,8.640752024654374e-16,1.1292302086746119e-15,4.06522875122859e-15,2.337400870955403e-42,-1.0,1.0
1739.9870200157166,4939.0,2206.3076923076924,15.0,1.3217506604230769e9,1.8076923076923077,8.740321224480312e-22,2.337400870955403e-42,4.446922973085077e-21,-1.0,8.640752024654374e-16,1.1292302086746119e-15,4.06522875122859e-15,2.337400870955403e-42,-1.0,1.0
1745.1812670230865,4954.0,2221.3076923076924,15.0,1.3217506604230769e9,1.8076923076923077,8.740321224480312e-22,2.337400870955403e-42,4.446922973085077e-21,-1.0,8.640752024654374e-16,1.1292302086746119e-15,4.06522875122859e-15,2.337400870955403e-42,-1.0,1.0
1750.2194240093231,4968.0,2235.3076923076924,15.0,1.3217506604230769e9,1.8076923076923077,8.740321224480312e-22,2.337400870955403e-42,4.446922973085077e-21,-1.0,8.640752024654374e-16,1.1292302086746119e-15,4.06522875122859e-15,2.337400870955403e-42,-1.0,1.0
1755.5151829719543,4983.0,2250.3076923076924,15.0,1.3217506604230769e9,1.8076923076923077,8.740321224480312e-22,2.337400870955403e-42,4.446922973085077e-21,-1.0,8.640752024654374e-16,1.1292302086746119e-15,4.06522875122859e-15,2.337400870955403e-42,-1.0,1.0
1760.719799041748,4998.0,2265.3076923076924,15.0,1.3217506604230769e9,1.8076923076923077,8.740321224480312e-22,2.337400870955403e-42,4.446922973085077e-21,-1.0,8.640752024654374e-16,1.1292302086746119e-15,4.06522875122859e-15,2.337400870955403e-42,-1.0,1.0
1765.9196908473969,5013.0,2280.3076923076924,15.0,1.3217506604230769e9,1.8076923076923077,8.740321224480312e-22,2.337400870955403e-42,4.446922973085077e-21,-1.0,8.640752024654374e-16,1.1292302086746119e-15,4.06522875122859e-15,2.337400870955403e-42,-1.0,1.0
1771.2389788627625,5028.0,2295.3076923076924,15.0,1.3217506604230769e9,1.8076923076923077,8.740321224480312e-22,2.337400870955403e-42,4.446922973085077e-21,-1.0,8.640752024654374e-16,1.1292302086746119e-15,4.06522875122859e-15,2.337400870955403e-42,-1.0,1.0
1776.5248239040375,5043.0,2310.3076923076924,15.0,1.3217506604230769e9,1.8076923076923077,8.740321224480312e-22,2.337400870955403e-42,4.446922973085077e-21,-1.0,8.640752024654374e-16,1.1292302086746119e-15,4.06522875122859e-15,2.337400870955403e-42,-1.0,1.0
1781.8005530834198,5058.0,2325.3076923076924,15.0,1.3217506604230769e9,1.8076923076923077,8.740321224480312e-22,2.337400870955403e-42,4.446922973085077e-21,-1.0,8.640752024654374e-16,1.1292302086746119e-15,4.06522875122859e-15,2.337400870955403e-42,-1.0,1.0
1787.1013169288635,5073.0,2340.3076923076924,15.0,1.3217506604230769e9,1.8076923076923077,8.740321224480312e-22,2.337400870955403e-42,4.446922973085077e-21,-1.0,8.640752024654374e-16,1.1292302086746119e-15,4.06522875122859e-15,2.337400870955403e-42,-1.0,1.0
1792.380786895752,5088.0,2355.3076923076924,15.0,1.3217506604230769e9,1.8076923076923077,8.740321224480312e-22,2.337400870955403e-42,4.446922973085077e-21,-1.0,8.640752024654374e-16,1.1292302086746119e-15,4.06522875122859e-15,2.337400870955403e-42,-1.0,1.0
1797.7296860218048,5103.0,2370.3076923076924,15.0,1.3217506604230769e9,1.8076923076923077,8.740321224480312e-22,2.337400870955403e-42,4.446922973085077e-21,-1.0,8.640752024654374e-16,1.1292302086746119e-15,4.06522875122859e-15,2.337400870955403e-42,-1.0,1.0
