max_are,compl,dim_penalty,age,minus_spearman,valid,max_ae,q75_are,n_params,eqs_orig,minus_r2,mse,mare,ms_processed_e,recursive_compl,mae,eqs_orig_rounded
1.1299182055707477,1.0,0,9937.0,-0.0026878709990495633,true,101.26266884304917,0.48729124450970823,1.0,-37.4796510910994,0.0006679270113238989,385.74986896578866,0.28443489512840714,385.74986896578866,1.0,10.99250936856447,-37.5
306.5582910211236,1.0,0,1001.0,-0.3407650904887476,true,5843.012547209559,64.98692742224387,0.0,v2,12782.106962112477,4.9277904312753575e6,52.22825433587551,4.9277904312753575e6,2.0,1542.6896560503205,v2
306.5582910211236,1.0,0,1500.0,-0.3407650904887476,true,5843.012547209559,64.98692742224387,0.0,v2,12782.106962112477,4.9277904312753575e6,52.22825433587551,4.9277904312753575e6,2.0,1542.6896560503205,v2
1.1299885539213674,1.0,0,5027.0,100.0,true,101.2614309402841,0.4873238534195015,1.0,-37.4808889938644,0.0006646720707925713,385.74861421098984,0.28445412795785,385.74861421098984,1.0,10.99287810555832,-37.5
1.13001098160409,1.0,0,5332.0,100.0,true,101.26103628582224,0.4873342494312961,1.0,-37.4812836483263,0.0006636360380269934,385.74821482824484,0.284460259555717,385.74821482824484,1.0,10.992995662206534,-37.5
8.443342411002758e13,1.0,0,8978.0,-0.34327926886536864,true,5.412767938301589e15,2.2049223502370464e12,0.0,v1,1.491583614864592e27,5.7499412987483765e29,4.72399837937843e12,5.7499412987483765e29,2.0,2.3220843366694778e14,v1
1.13001098160409,1.0,0,5332.0,100.0,true,101.26103628582224,0.4873342494312961,1.0,-37.4812836483263,0.0006636360380269934,385.74821482824484,0.284460259555717,385.74821482824484,1.0,10.992995662206534,-37.5
306.5582910211236,1.0,0,9705.0,-0.3407650904887476,true,5843.012547209559,64.98692742224387,0.0,v2,12782.106962112477,4.9277904312753575e6,52.22825433587551,4.9277904312753575e6,2.0,1542.6896560503205,v2
5.167069361449289,2.0,0,10054.0,-0.3407650904887476,true,166.72460505398047,2.4026469087731135,0.0,sqrt_abs(v2),13.8609622231375,5728.787818154938,2.0898278426891945,5728.787818154938,4.0,71.52491393257121,sqrt_abs(v2)
1.7323321282017021e6,2.0,0,10054.0,-0.34327926886536864,true,7.357158879908088e7,263037.9484438867,0.0,sqrt_abs(v1),6.02370614146082e11,2.3220928662126397e14,193997.33887880057,2.3220928662126397e14,4.0,7.402508119900112e6,sqrt_abs(v1)
5.167069361449289,2.0,0,10054.0,-0.3407650904887476,true,166.72460505398047,2.4026469087731135,0.0,sqrt_abs(v2),13.8609622231375,5728.787818154938,2.0898278426891945,5728.787818154938,4.0,71.52491393257121,sqrt_abs(v2)
1.7323321282017021e6,2.0,0,10054.0,-0.34327926886536864,true,7.357158879908088e7,263037.9484438867,0.0,sqrt_abs(v1),6.02370614146082e11,2.3220928662126397e14,193997.33887880057,2.3220928662126397e14,4.0,7.402508119900112e6,sqrt_abs(v1)
1.7323321282017021e6,2.0,0,10051.0,-0.34327926886536864,true,7.357158879908088e7,263037.9484438867,0.0,sqrt_abs(v1),6.02370614146082e11,2.3220928662126397e14,193997.33887880057,2.3220928662126397e14,4.0,7.402508119900112e6,sqrt_abs(v1)
5.167069361449289,2.0,0,10054.0,-0.3407650904887476,true,166.72460505398047,2.4026469087731135,0.0,sqrt_abs(v2),13.8609622231375,5728.787818154938,2.0898278426891945,5728.787818154938,4.0,71.52491393257121,sqrt_abs(v2)
5.167069361449289,2.0,0,10051.0,-0.3407650904887476,true,166.72460505398047,2.4026469087731135,0.0,sqrt_abs(v2),13.8609622231375,5728.787818154938,2.0898278426891945,5728.787818154938,4.0,71.52491393257121,sqrt_abs(v2)
2.1726462703511477e45,2.0,0,22.0,-0.34327926886536864,true,1.5858358225207432e47,1.5487158065708887e40,0.0,pow3(v1),7.085135290229418e89,2.7312657236589486e92,3.2392875273503415e43,2.7312657236589486e92,4.0,2.2113409460616648e45,pow3(v1)
1.7323321282017021e6,2.0,0,10051.0,-0.34327926886536864,true,7.357158879908088e7,263037.9484438867,0.0,sqrt_abs(v1),6.02370614146082e11,2.3220928662126397e14,193997.33887880057,2.3220928662126397e14,4.0,7.402508119900112e6,sqrt_abs(v1)
1.290688618585039,3.0,0,3.0,-0.34327926886536864,true,84.89038435850306,0.9999912159231368,1.0,(-2.7130116334024402e-14*v1),2.5134422766133597,1354.4052539690608,0.920981051206609,1354.4052539690608,3.0,34.03593076371049,(-2.71e-14*v1)
1.061742627227518,3.0,0,339.0,-0.3407650904887476,true,127.76646075263847,0.8971070392015786,1.0,(-8594.18862502692/v2),1.6454737357498654,1019.8099882803558,0.6194622478820063,1019.8099882803558,3.0,23.98110531144155,(-8590.0/v2)
1.2906886707655048,3.0,0,166.0,-0.34327926886536864,true,84.8903840414341,0.9999912159229367,1.0,(-2.71301169520316e-14*v1),2.5134422736065045,1354.4052528099412,0.9209810508606093,1354.4052528099412,3.0,34.03593073733337,(-2.71e-14*v1)
1.0000012893100403,3.0,0,970.0,-0.8500474370064828,true,138.7423426218228,1.0000008168405152,2.0,(-0.00478177758813258*-0.0047446109410888),3.7433157342831613,1828.5121103340684,1.0000006906538605,1828.5121103340684,2.0,37.98709941739445,(-0.00478*-0.00474)
1.1294678566816407,3.0,0,317.0,-0.0026878709990495633,true,101.27059352259266,0.48708249212004967,2.0,(-71.7178115516201--34.2460851400642),0.0006889525152009579,385.75797413749115,0.28431177236436633,385.75797413749115,2.0,10.990148825721723,(-71.7--34.2)
1.061742331696232,3.0,0,29.0,-0.3407650904887476,true,127.76646232592397,0.8971070539503105,1.0,(-8594.18739313135/v2),1.6454737298696438,1019.8099860135751,0.6194622444823178,1019.8099860135751,3.0,23.98110514081376,(-8590.0/v2)
7.53689666817453e13,3.0,0,1.0,-0.34327926886536864,true,5.157736102524937e15,8.794451639368881e12,1.0,(2.55031835776506e14-v1),1.3530598706387577e27,5.215942808926075e29,9.204690160693918e12,5.215942808926075e29,3.0,3.7263275330762006e14,(2.55e14-v1)
1.0008558762429556,3.0,0,5577.0,-0.4547429729826287,true,138.75738057961334,1.0005422391584387,2.0,(0.598042163773057*0.0251832502407346),3.746280054644447,1829.654833269492,1.000458473302106,1829.654833269492,2.0,38.002137375185,(0.598*0.0252)
1.1294678564799934,3.0,0,54.0,-0.0026878709990495633,true,101.270593526141,0.48708249202657916,2.0,(-67.5671367928719--30.0954103848644),0.0006889525246875916,385.75797414114817,0.2843117723092371,385.75797414114817,2.0,10.990148824664775,(-67.6--30.1)
2.096716091366615,3.0,0,9.0,-0.3407650904887476,true,130.80683131140518,0.9363899925852166,1.0,(-0.0101346164786363*v2),2.358370872920898,1294.6264082201344,0.7350775251027845,1294.6264082201344,3.0,28.668068841172044,(-0.0101*v2)
1.2906886182876616,3.0,0,0.0,-0.34327926886536864,true,84.89038436031004,0.9999912159231381,1.0,(-2.7130116330502302e-14*v1),2.5134422766304954,1354.4052539756665,0.9209810512085806,1354.4052539756665,3.0,34.03593076386081,(-2.71e-14*v1)
1.2906886282121348,3.0,0,424.0,-0.34327926886536864,true,84.89038430000505,0.9999912159231,1.0,(-2.71301164480443e-14*v1),2.513442276058606,1354.4052537552077,0.9209810511427734,1354.4052537552077,3.0,34.03593075884401,(-2.71e-14*v1)
4.90969991110162e17,3.0,0,7192.0,-0.4198027670411444,true,2.10074650392744e19,1.3643064849454082e15,0.0,(v1*v2),1.852868152091678e34,7.142665689455634e36,1.4375326643682772e16,7.142665689455634e36,5.0,5.8138812251784e17,(v1*v2)
1.061742627227696,3.0,0,598.0,-0.3407650904887476,true,127.76646075263751,0.8971070392015699,1.0,(-8594.18862502766/v2),1.645473735749868,1019.8099882803568,0.6194622478820084,1019.8099882803568,3.0,23.981105311441663,(-8590.0/v2)
1.1294678562094722,3.0,0,1461.0,-0.0026878709990495633,true,101.2705935309013,0.4870824919011832,2.0,(-0.243198893387158*154.078523472533),0.0006889525374154104,385.75797414605466,0.2843117722352782,385.75797414605466,2.0,10.990148823246814,(-0.243*154.0)
1.3209950360125346e8,4.0,0,425.0,-0.4198027670411444,true,4.583390198135731e9,6.484633084167954e6,0.0,sqrt_abs((v1*v2)),1.5081702545577045e15,5.813881532221343e17,8.71813332865555e6,5.813881532221343e17,32.0,2.991919629887706e8,sqrt_abs((v1*v2))
1.4074861890687993,4.0,0,1.0,-0.34327926886536864,true,93.97033852965298,0.5337118332297047,1.0,log((7.61866763973058e-5/v1)),-0.03189441559441564,373.19733374973697,0.3567799998003376,373.19733374973697,8.0,12.845321851955553,log((7.62e-5/v1))
1.3390435271206627,4.0,0,1.0,-0.3472602790078098,true,138.74231993414853,0.9999999999999928,1.0,pow3((-4.8719590468371e9/v1)),3.656207515544051,1794.9325550616081,0.9867821602285507,1794.9325550616081,8.0,37.43870236665391,pow3((-4.87e9/v1))
1.6601068456776815e25,4.0,0,371.0,-0.4645089043817505,true,4.670771524806507e26,6.505974381129396e20,0.0,(v1*pow3(v2)),8.861492434904212e48,3.4160378816327795e51,2.864433423133835e23,3.4160378816327795e51,9.0,9.774955913873764e24,(v1*pow3(v2))
1.007329274706602e10,4.0,0,419.0,-0.4585991402665896,true,2.855380212559327e11,1.8363958600891423e8,0.0,(v2*sqrt_abs(v1)),5.688478068914526e18,2.1928649959355693e21,4.7243367311620235e8,2.1928649959355693e21,9.0,1.4962353039866587e10,(v2*sqrt_abs(v1))
1.0,4.0,0,2.0,-0.3530627717626475,true,138.74231993414853,0.9999999999999925,1.0,pow3((-4.55941764319411e9/v1)),3.545857779915278,1752.3935719382616,0.9738155413791426,1752.3935719382616,8.0,36.86629003070838,pow3((-4.56e9/v1))
1.4331740356211966,4.0,0,1189.0,-0.34327926886536864,true,93.51831576016471,0.5505273878045155,1.0,log((4.84806053117806e-5/v1)),-0.03319045494085249,372.6977204468946,0.36028431967205843,372.6977204468946,8.0,12.853940005162086,log((4.85e-5/v1))
1.3400142771780095,4.0,0,1.0,-0.3472602790078098,true,138.74231993414853,0.9999999999999928,1.0,pow3((-4.87263294058144e9/v1)),3.656525399655427,1795.0550969668693,0.9868119954182905,1795.0550969668693,8.0,37.44001944328357,pow3((-4.87e9/v1))
3.3508274185389944,4.0,0,4.0,-0.3407650904887476,true,107.52648910965655,0.7420305947653624,1.0,(-3.23354570466002-sqrt_abs(v2)),1.3847949299986797,919.3202929015808,0.6719757030401701,919.3202929015808,5.0,23.50764540205769,(-3.23-sqrt_abs(v2))
1.020065766678754,4.0,0,1.0,-0.544419197440043,true,138.74231993414853,1.0021298058461252,1.0,exp((v1/-5.97282104715512e9)),3.769545405021752,1838.623448748448,1.003022618324428,1838.623448748448,8.0,38.11005925533846,exp((v1/-5.97e9))
1.340025260704991,4.0,0,1.0,-0.3472602790078098,true,138.74231993414853,0.9999999999999928,1.0,pow3((-4.87264056426878e9/v1)),3.6565289980277305,1795.0564841120022,0.9868123329877901,1795.0564841120022,8.0,37.440034345313805,pow3((-4.87e9/v1))
2.039616502385833,4.0,0,813.0,-0.34327926886536864,true,59.065835857660566,0.9948071392521757,1.0,(-1.75463942943818e-6*sqrt_abs(v1)),1.71548858886763,1046.800181217289,0.8102697969420176,1046.800181217289,5.0,29.593908549959977,(-1.75e-6*sqrt_abs(v1))
1.161555927415476,4.0,0,902.0,-0.3407650904887476,true,95.01469837308419,0.7481921321686811,1.0,(sqrt_abs(v2)-71.7099066808963),0.590196709961218,613.0087274101537,0.5306942116564541,613.0087274101537,5.0,19.450680160032466,(sqrt_abs(v2)-71.7)
1.0200657787744662,4.0,0,2.0,-0.544419197440043,true,138.74231993414853,1.0021298244617063,1.0,exp((v1/-5.9728413730757e9)),3.7695454609883985,1838.6234703231644,1.0030226252270389,1838.6234703231644,8.0,38.110059526400136,exp((v1/-5.97e9))
4.42763852909661e21,5.0,0,369.0,-0.5727919661886356,true,3.231776789638023e23,6.40901910668098e20,1.0,pow3(sqrt_abs((7.034186265853e14-v1))),3.9999432981802294e42,1.5419476946283174e45,5.776091932710916e20,1.5419476946283174e45,256.0,2.1694697391354578e22,pow3(sqrt_abs((7.03e14-v1)))
1.0537840662379578,5.0,0,4.0,-0.4198027670411444,true,131.80215673854678,0.9999982794490644,1.0,(v2*(-4.18311526860129e-18*v1)),3.358808348546324,1680.2874399308123,0.9666264050010642,1680.2874399308123,7.0,36.50260082101238,(v2*(-4.18e-18*v1))
0.7202698713775307,5.0,0,3.0,-0.3407650904887476,true,99.06435826912593,0.4687689215230289,2.0,(-41.9198133167247-(-0.00286312636463003*v2)),-0.03985690985141388,370.12785282268095,0.28177534595916476,370.12785282268095,4.0,11.174200233930296,(-41.9-(-0.00286*v2))
1.1295010133903258,5.0,0,30.0,-0.3625562332954153,true,101.27001007207818,0.487097861408927,2.0,(-37.4723098620703-(0.416285016715367/v1)),0.000687393411306747,385.75737311480754,0.28432083721477514,385.75737311480754,4.0,10.990322619462827,(-37.5-(0.416/v1))
1.0151388158724117,5.0,0,4.0,-0.5439966699699068,true,138.74231993414853,1.000036076535673,1.0,pow3(exp((v1/-6.91670816065649e9))),3.7554866514128946,1833.2039062448362,1.0013390348610383,1833.2039062448362,256.0,38.04291283238325,pow3(exp((v1/-6.92e9)))
1.0176409724729398,5.0,0,0.0,-0.544419197440043,true,138.74231993414853,1.000329609162297,1.0,pow2(exp((v1/-6.91668908397287e9))),3.760988065691188,1835.3246595733817,1.0019855099388104,1835.3246595733817,256.0,38.068955811559675,pow2(exp((v1/-6.92e9)))
1.0537840673997434,5.0,0,2804.0,-0.4198027670411444,true,131.80215673462087,0.9999982794490634,1.0,(-4.1831152709676e-18*(v1*v2)),3.358808348512225,1680.2874399176676,0.966626405006257,1680.2874399176676,6.0,36.50260082138976,(-4.18e-18*(v1*v2))
1.4882642156550587,5.0,0,73.0,-0.34327926886536864,true,72.67037063401997,0.4089546742149717,2.0,((v1/-6.52137342493672e13)-33.580848417893),-0.29420726001211184,272.07772890301885,0.2748507285989325,272.07772890301885,4.0,10.300939800946583,((v1/-6.52e13)-33.6)
1.053784193577665,5.0,0,1818.0,-0.4198027670411444,true,131.80215630823943,0.9999982794489578,1.0,(v1*(-4.18311552796481e-18*v2)),3.3588083448088364,1680.2874384900394,0.9666264055702222,1680.2874384900394,7.0,36.50260086237726,(v1*(-4.18e-18*v2))
1.0140798387675922,5.0,0,1.0,-0.5459385972937891,true,138.74231993414853,1.0000126562714045,1.0,pow3(exp((v1/-5.97282395773166e9))),3.7537391726278413,1832.5302664746794,1.001137427312702,1832.5302664746794,256.0,38.034712155683735,pow3(exp((v1/-5.97e9)))
4.42763852909661e21,5.0,0,678.0,-0.5727919661886356,true,3.231776789638023e23,6.409019106680971e20,1.0,pow3(sqrt_abs((7.034186265853e14-v1))),3.999943298180227e42,1.5419476946283165e45,5.77609193271091e20,1.5419476946283165e45,256.0,2.169469739135456e22,pow3(sqrt_abs((7.03e14-v1)))
1.488074454473029,5.0,0,3.0,-0.34327926886536864,true,72.67506488101304,0.4089796193794344,2.0,((v1/-6.52244178640211e13)-33.5814761409975),-0.294211013416089,272.07628199435584,0.2748484378372432,272.07628199435584,4.0,10.300855330799147,((v1/-6.52e13)-33.6)
1.0140798375542823,5.0,0,1.0,-0.5459385972937891,true,138.74231993414853,1.0000126562556568,1.0,pow3(exp((v1/-5.97282298917216e9))),3.753739170775707,1832.530265760696,1.0011374271000952,1832.530265760696,256.0,38.03471214701279,pow3(exp((v1/-5.97e9)))
1.491593264782725,5.0,0,915.0,-0.34327926886536864,true,72.5762254013372,0.41304816665447397,2.0,((v1/-6.52217076698771e13)-33.6789657209096),-0.29461365648008375,271.92106615802953,0.27541881654257383,271.92106615802953,4.0,10.29672148829221,((v1/-6.52e13)-33.7)
1.1294998538417886,5.0,0,64.0,-0.3613184038501918,true,101.27003047637095,0.4870973239178108,2.0,(-37.4722894577776-(0.843050000383742/v1)),0.0006874479053415872,385.75739412184316,0.2843205202002549,385.75739412184316,4.0,10.990316541558482,(-37.5-(0.843/v1))
1.0537841417567573,5.0,0,2388.0,-0.4198027670411444,true,131.80215648335306,0.9999982794490012,1.0,(v1*(-4.1831154224167994e-18*v2)),3.3588083463298073,1680.287439076362,0.9666264053386033,1680.287439076362,7.0,36.502600845543796,(v1*(-4.18e-18*v2))
1.8718235101806033,6.0,0,5862.0,-0.6129465737094968,true,70.62486736303566,0.31776654410589267,2.0,(-1.75463942170621e-6*sqrt_abs((2.55033054186291e14-v1))),-0.10815957563380829,343.79769507068323,0.2690552623825561,343.79769507068323,9.0,11.77271335851194,(-1.75e-6*sqrt_abs((2.55e14-v1)))
0.9950040681106606,6.0,0,7798.0,-0.8534360789870604,true,138.04917275358858,0.9823553287456928,0.0,log((v1/(v1+v1))),3.607949790548987,1776.3295694047865,0.9788993454855786,1776.3295694047865,512.0,37.29392954916024,log((v1/(v1+v1)))
1.4874524845362591,6.0,0,54.0,-0.34327926886536864,true,70.92341080466402,0.3867935205956043,2.0,(-31.0012154643102-sqrt_abs((v1/1.56311285994516e12))),-0.3054948110204512,267.7264639080309,0.31830407508934666,267.7264639080309,9.0,11.152210695444777,(-31.0-sqrt_abs((v1/1.56e12)))
1.8718235101806033,6.0,0,5862.0,-0.6129465737094968,true,70.62486736303566,0.31776654410589267,2.0,(-1.75463942170621e-6*sqrt_abs((2.55033054186291e14-v1))),-0.10815957563380829,343.79769507068323,0.2690552623825561,343.79769507068323,9.0,11.77271335851194,(-1.75e-6*sqrt_abs((2.55e14-v1)))
1.8718235318356877,6.0,0,1113.0,-0.6129465737094968,true,70.62486715050842,0.31776653896148765,2.0,(-1.75463943493713e-6*sqrt_abs((2.55033054186291e14-v1))),-0.10815958223485833,343.7976925260287,0.2690552605608909,343.7976925260287,9.0,11.772713257707865,(-1.75e-6*sqrt_abs((2.55e14-v1)))
1.4312651113757084,6.0,0,12.0,-0.34327926886536864,true,72.39907766893467,0.3946493369618246,2.0,(-31.3130974048216-(7.61009687482083e-7*sqrt_abs(v1))),-0.3042539024701454,268.20482470861,0.3144554910563439,268.20482470861,6.0,11.050413627290435,(-31.3-(7.61e-7*sqrt_abs(v1)))
1.6891691828160407,6.0,0,59.0,-0.6416428855254127,true,157.67335194548963,1.361333523680426,1.0,pow3(sqrt_abs(log((5.73779446326283e-13*v1)))),6.190395838519283,2771.842863801088,1.2514787175815312,2771.842863801088,1.157920892373162e77,47.24178894153195,pow3(sqrt_abs(log((5.74e-13*v1))))
1.8718252665962216,6.0,0,801.0,-0.6129465737094968,true,70.62472658992493,0.3177699855399463,2.0,(-1.75463942943818e-6*sqrt_abs((2.55030479026653e14-v1))),-0.10815598596877385,343.7990788592302,0.26905705480384473,343.7990788592302,9.0,11.772783204381653,(-1.75e-6*sqrt_abs((2.55e14-v1)))
1.6106771459410103,6.0,0,1003.0,-0.34327926886536864,true,67.66535457607657,0.38314842441213537,2.0,(-30.708920398858-sqrt_abs((v1/1.30025359213146e12))),-0.3054463916244262,267.7451292166391,0.32765441505704535,267.7451292166391,9.0,11.359245829523758,(-30.7-sqrt_abs((v1/1.3e12)))
1.3233938415893776,7.0,0,1662.0,-0.6416428855254127,true,88.45503810726515,0.45557825029341315,2.0,(-18.868327167738*sqrt_abs(log((5.73779446326283e-13*v1)))),-0.16686385141119098,321.16764360446825,0.30540155400381575,321.16764360446825,257.0,11.313329549061649,(-18.9*sqrt_abs(log((5.74e-13*v1))))
1.1529433909759754,7.0,0,1.0,-0.5347903045190189,true,102.72634684578955,0.48052789962513454,2.0,(-37.5129312358993-(v1/(7.03418284019568e14-v1))),0.008838354045386687,388.8995063956577,0.2820212364008219,388.8995063956577,8.0,10.936535937405278,(-37.5-(v1/(7.03e14-v1)))
0.7917380736186507,7.0,0,6700.0,-0.21715132030488024,true,16.467918869512506,0.27852027418978254,2.0,(-30.2859323003384-(v1/(2.85340679623221e10*v2))),-0.8205699696968403,69.1689108940414,0.2296466027652322,69.1689108940414,8.0,7.285759975689994,(-30.3-(v1/(2.85e10*v2)))
1.3400468580359421,7.0,0,2295.0,-0.6416428855254127,true,88.0946020432945,0.45730939685052785,2.0,(-19.0035666424318*sqrt_abs(log((5.73779446326283e-13*v1)))),-0.16724056971073098,321.02242156750486,0.30955266488783334,321.02242156750486,257.0,11.422021455738145,(-19.0*sqrt_abs(log((5.74e-13*v1))))
0.7883124116897452,7.0,0,7762.0,-0.21715132030488024,true,16.54024018647861,0.27934199925902403,2.0,(-30.2130468054668-(v1/(2.82475805805489e10*v2))),-0.8205105892303435,69.1918016118829,0.22992453691459422,69.1918016118829,8.0,7.285211888053469,(-30.2-(v1/(2.82e10*v2)))
0.9837172428997635,7.0,0,135.0,-0.7976057189026425,true,136.48321243913747,0.9424924313398918,2.0,(-2.25910749501106-sqrt_abs(exp((-7.49629906655411e11/v2)))),3.3113177451818085,1661.980173823381,0.9312286797088886,1661.980173823381,257.0,35.727969234709136,(-2.26-sqrt_abs(exp((-7.5e11/v2))))
1.3400468580359421,7.0,0,2295.0,-0.6416428855254127,true,88.0946020432945,0.45730939685052785,2.0,(-19.0035666424318*sqrt_abs(log((5.73779446326283e-13*v1)))),-0.16724056971073098,321.02242156750486,0.30955266488783334,321.02242156750486,257.0,11.422021455738145,(-19.0*sqrt_abs(log((5.74e-13*v1))))
3.315027712604948e29,7.0,0,924.0,-0.8198894628472347,true,9.326952108109004e30,1.0352874966778309e27,1.0,(v1*(v1+(-1.08373199821151e12*v2))),4.4193279155313816e57,1.703617272339929e60,9.664891062970175e27,1.703617272339929e60,11.0,3.488250410917021e29,(v1*(v1+(-1.08e12*v2)))
2.400714474722638e16,7.0,0,276.0,-0.7079651771845537,true,3.3308069572250957e18,1.0986302000010004e16,1.0,pow3(sqrt_abs((-4.75742719830051e11+(v1/v2)))),8.90556063660549e32,3.433025837949714e35,9.40068046961654e15,3.433025837949714e35,1.8446744073709552e19,3.8137139674156883e17,pow3(sqrt_abs((-4.76e11+(v1/v2))))
3.367017426562696e17,7.0,0,140.0,-0.7844597767582994,true,9.47322707599371e18,9.778525376292992e14,1.0,(v1*(v2+(v1/-1.3001840642999e12))),3.077563996130375e33,1.1863774946668065e36,8.585835520584527e15,1.1863774946668065e36,11.0,2.6656711315206733e17,(v1*(v2+(v1/-1.3e12)))
0.7883124116897452,7.0,0,7762.0,-0.21715132030488024,true,16.54024018647861,0.27934199925902403,2.0,(-30.2130468054668-(v1/(2.82475805805489e10*v2))),-0.8205105892303435,69.1918016118829,0.22992453691459422,69.1918016118829,8.0,7.285211888053469,(-30.2-(v1/(2.82e10*v2)))
1.102023939420972,7.0,0,82.0,-0.7044250984358632,true,91.89606658025346,0.3826723468810512,2.0,(-18.5252386916975*sqrt_abs(log((v1/3.53922568274582e12)))),-0.13570298912923973,333.1799188235057,0.28484477081279513,333.1799188235057,257.0,11.284563000193618,(-18.5*sqrt_abs(log((v1/3.54e12))))
0.7954444189011781,7.0,0,43.0,-0.21715132030488024,true,16.389670370049974,0.2771817786129591,2.0,(-30.3647898477805-(v1/(2.8850649620546e10*v2))),-0.8204444981272838,69.21727922903926,0.22934589144292714,69.21727922903926,8.0,7.286353064328557,(-30.4-(v1/(2.89e10*v2)))
1.3400511905839525,7.0,0,730.0,-0.6416428855254127,true,88.09450827009991,0.45730839207018137,2.0,(-19.0036018271396*sqrt_abs(log((5.73779446326283e-13*v1)))),-0.16724061651400401,321.02240352519937,0.3095537501294031,321.02240352519937,257.0,11.42204987379453,(-19.0*sqrt_abs(log((5.74e-13*v1))))
1.2513335068146845,8.0,0,2278.0,-0.5558429360979663,true,66.4430270187656,0.4000514984853841,3.0,(-37.2547708000008-(6.30957618711209/log((v1/1.86520650651853e15)))),-0.4229797901434502,222.43689872979922,0.25502946049354774,222.43689872979922,10.0,9.269620037218374,(-37.3-(6.31/log((v1/1.87e15))))
1.1513602056229,8.0,0,4660.0,-0.2772315139255139,true,39.09940745475481,0.3013782105483085,2.0,(-31.7831984720049-(v1/(1.08372133791753e12*sqrt_abs(v2)))),-0.6199087234411957,146.5222939297213,0.2537010844905392,146.5222939297213,12.0,8.841492760059577,(-31.8-(v1/(1.08e12*sqrt_abs(v2))))
6.046470591095497e11,8.0,0,2274.0,-0.9048224542137774,true,1.701196687189138e13,305327.82817610295,1.0,pow3((v1/(-5.00899048069727e11+(v1/v2)))),8.710212513047431e21,3.3577206232714575e24,8.273692697311937e9,3.3577206232714575e24,8192.0,2.524276701407277e11,pow3((v1/(-5.01e11+(v1/v2))))
0.99208163529924,8.0,0,22.0,-0.8589882309931375,true,137.64370764548042,0.9720338577243708,0.0,log((v1/(v1+(v1+v1)))),3.529923937586182,1746.2511970058224,0.9665562538539694,1746.2511970058224,8192.0,36.88846444105208,log((v1/(v1+(v1+v1))))
5.151989615057324e7,8.0,0,425.0,-0.8688725932882997,true,1.449531182451415e9,4.1022689868860682e6,1.0,(sqrt_abs((v1*v2))+(v1/-1.04782620294725e6)),2.1103991668046053e14,8.135428148394902e16,4.744631020821709e6,8.135428148394902e16,35.0,1.3254339393987414e8,(sqrt_abs((v1*v2))+(v1/-1.05e6))
1.6055005468443457,8.0,0,5640.0,-0.6004045804284218,true,68.06924200228077,0.3522070587620224,3.0,(-27.0204777112827-sqrt_abs(((v1/-1.08373164684977e12)--49.607958066818))),-0.3729643706966035,241.71746221854164,0.2675883213637416,241.71746221854164,17.0,9.693136578850543,(-27.0-sqrt_abs(((v1/-1.08e12)--49.6)))
1.3935545188735363,8.0,0,430.0,-0.6027742657948921,true,73.58802007993825,0.38175551294928534,3.0,(-28.7412147930474-sqrt_abs((-29.6559237735834+(v1/1.5630827401281e12)))),-0.3542902250011333,248.91620324004157,0.2643053694721549,248.91620324004157,17.0,9.660350605945123,(-28.7-sqrt_abs((-29.7+(v1/1.56e12))))
4.084234796100251e13,8.0,0,4345.0,-0.9250803742368963,true,1.2964188749266265e15,3.6186200274384814e12,1.0,((898101.394597043*sqrt_abs((v1*v2)))-v1),2.0893297576608093e26,8.054207179909542e28,4.0850624742113e12,8.054207179909542e28,35.0,1.2922120087398445e14,((898000.0*sqrt_abs((v1*v2)))-v1)
0.9988118806817929,8.0,0,0.0,-0.21715132030488024,true,44.402304321577695,0.9915547759661006,2.0,(-10.2339108833835*sqrt_abs((v1/(2.08990223807931e10*v2)))),1.010486628250998,775.0272917426248,0.6910750185376174,775.0272917426248,129.0,24.13015353655769,(-10.2*sqrt_abs((v1/(2.09e10*v2))))
1.1513602056229,8.0,0,4660.0,-0.2772315139255139,true,39.09940745475481,0.3013782105483085,2.0,(-31.7831984720049-(v1/(1.08372133791753e12*sqrt_abs(v2)))),-0.6199087234411957,146.5222939297213,0.2537010844905392,146.5222939297213,12.0,8.841492760059577,(-31.8-(v1/(1.08e12*sqrt_abs(v2))))
1.6055005468443457,8.0,0,5640.0,-0.6004045804284218,true,68.06924200228077,0.3522070587620224,3.0,(-27.0204777112827-sqrt_abs(((v1/-1.08373164684977e12)--49.607958066818))),-0.3729643706966035,241.71746221854164,0.2675883213637416,241.71746221854164,17.0,9.693136578850543,(-27.0-sqrt_abs(((v1/-1.08e12)--49.6)))
6.046470608001127e11,8.0,0,1209.0,-0.9048224542137774,true,1.701196691945599e13,305327.82836640085,1.0,pow3((v1/(-5.00899047983642e11+(v1/v2)))),8.710212513047436e21,3.357720623271459e24,8.273692674180419e9,3.357720623271459e24,8192.0,2.5242766891549194e11,pow3((v1/(-5.01e11+(v1/v2))))
2.244511752355342,8.0,0,6707.0,-0.39857674385001624,true,63.15016173380887,0.35153084179737887,3.0,(sqrt_abs((8107.35477266879+(v1/-2.61351092791712e11)))-122.625616917343),-0.401156957361666,230.84943465585607,0.2836144338725967,230.84943465585607,17.0,9.808072982236416,(sqrt_abs((8110.0+(v1/-2.61e11)))-123.0)
1.473124145726259,8.0,0,6656.0,-0.648304013293357,true,72.14918779338214,0.46450297841408955,3.0,(-21.2757939401832-sqrt_abs((256.321940876333+(-1.0901978050518199e-12*v1)))),-0.31168412810756085,265.340529282874,0.267545023839555,265.340529282874,17.0,9.88908785537663,(-21.3-sqrt_abs((256.0+(-1.09e-12*v1))))
1.00022727241267,8.0,0,786.0,-0.8303941046851858,true,138.74231985208337,1.0000003228490635,2.0,pow3((-9.57494342838019e9/(-5.027092850112e11+(v1/v2)))),3.733274152483191,1824.6411569848221,0.9988221730811201,1824.6411569848221,128.0,37.93795292703745,pow3((-9.57e9/(-5.03e11+(v1/v2))))
5.151989615593191e7,8.0,0,7289.0,-0.8688725932882997,true,1.4495311826021833e9,4.1022689869152196e6,1.0,(sqrt_abs((v1*v2))-(v1/1.04782620301694e6)),2.1103991667637738e14,8.1354281482375e16,4.744631020929734e6,8.1354281482375e16,35.0,1.32543393937177e8,(sqrt_abs((v1*v2))-(v1/1.05e6))
4.08216035143602e13,8.0,0,6638.0,-0.9250803742368963,true,1.298071233082235e15,3.6169830873739272e12,1.0,(v1+(sqrt_abs((v1*v2))*-897740.884557455)),2.0895973793470863e26,8.055238841139277e28,4.0829688878748774e12,8.055238841139277e28,35.0,1.2920039892374181e14,(v1+(sqrt_abs((v1*v2))*-898000.0))
4.08216035143617e13,8.0,0,9772.0,-0.9250803742368963,true,1.298071233082129e15,3.6169830873758877e12,1.0,((897740.884557447*sqrt_abs((v1*v2)))-v1),2.0895973793468076e26,8.055238841138204e28,4.082968887876445e12,8.055238841138204e28,35.0,1.2920039892378334e14,((898000.0*sqrt_abs((v1*v2)))-v1)
1.1513602056229,8.0,0,4660.0,-0.2772315139255139,true,39.09940745475481,0.3013782105483085,2.0,(-31.7831984720049-(v1/(1.08372133791753e12*sqrt_abs(v2)))),-0.6199087234411957,146.5222939297213,0.2537010844905392,146.5222939297213,12.0,8.841492760059577,(-31.8-(v1/(1.08e12*sqrt_abs(v2))))
1.5357481883355995,8.0,0,225.0,-0.7511541379185782,true,32.00743273709688,0.6061897224294834,2.0,(-7.07910990234806e-5*sqrt_abs((-4.32764902063155e11+(v1/v2)))),-0.42967829953873415,219.8546743457178,0.4331194725620831,219.8546743457178,65.0,13.2339044163769,(-7.08e-5*sqrt_abs((-4.33e11+(v1/v2))))
5.151989615593191e7,8.0,0,7289.0,-0.8688725932882997,true,1.4495311826021833e9,4.1022689869152196e6,1.0,(sqrt_abs((v1*v2))-(v1/1.04782620301694e6)),2.1103991667637738e14,8.1354281482375e16,4.744631020929734e6,8.1354281482375e16,35.0,1.32543393937177e8,(sqrt_abs((v1*v2))-(v1/1.05e6))
1.1513602056229,8.0,0,4660.0,-0.2772315139255139,true,39.09940745475481,0.3013782105483085,2.0,(-31.7831984720049-(v1/(1.08372133791753e12*sqrt_abs(v2)))),-0.6199087234411957,146.5222939297213,0.2537010844905392,146.5222939297213,12.0,8.841492760059577,(-31.8-(v1/(1.08e12*sqrt_abs(v2))))
1.0032064353856789,8.0,0,1.0,-0.8555214391503811,true,138.74232025840865,0.9999987345125694,2.0,pow3((1.56717112561713e10/(-4.24918447775124e11+(v1/v2)))),3.741559142497585,1827.8349575715768,0.999558254219076,1827.8349575715768,128.0,37.974714933890276,pow3((1.57e10/(-4.25e11+(v1/v2))))
5.704138014905257e12,8.0,0,381.0,-0.927522306108442,true,1.604880160753136e14,460608.9409340803,1.0,pow3((v1/(-4.52246227235309e11+(v1/v2)))),7.816595574823815e23,3.0132380956312284e26,7.854240035851747e10,3.0132380956312284e26,8192.0,2.3628748481122017e12,pow3((v1/(-4.52e11+(v1/v2))))
1.0382708990195966,8.0,0,301.0,-0.7044250984358632,true,94.66461863953572,0.3158422006246141,2.0,(-27.9068406441435-sqrt_abs(pow3(log((v1/3.53922625643221e12))))),-0.16910926126323333,320.3020551981457,0.2193015096309078,320.3020551981457,1.157920892373162e77,9.303178458770278,(-27.9-sqrt_abs(pow3(log((v1/3.54e12)))))
0.9971033921453824,8.0,0,358.0,-0.7116064010403497,true,136.10813215760334,0.9713559930042392,2.0,(-1.75463942943818e-6*sqrt_abs((-4.52246227235309e11+(v1/v2)))),3.493662065659536,1732.2725213966864,0.9662556570942634,1732.2725213966864,65.0,36.82890404691812,(-1.75e-6*sqrt_abs((-4.52e11+(v1/v2))))
1.472718026104053,8.0,0,740.0,-0.648304013293357,true,72.16061411797085,0.46420864506175313,3.0,(-21.2643676155945-sqrt_abs((256.321940876333+(-1.0901978050518199e-12*v1)))),-0.311727594614179,265.3237732754316,0.2673721209440563,265.3237732754316,17.0,9.885729179682192,(-21.3-sqrt_abs((256.0+(-1.09e-12*v1))))
1.7517378539737567,8.0,0,643.0,-0.6033955857385399,true,64.17843969006898,0.37960847209402815,3.0,(-27.0204777112827-sqrt_abs(((-1.0901978050518199e-12*v1)--49.607958066818))),-0.3766373840935301,240.30154351231738,0.27278542080728074,240.30154351231738,17.0,9.69732383298964,(-27.0-sqrt_abs(((-1.09e-12*v1)--49.6)))
5.151989615057171e7,8.0,0,2183.0,-0.8688725932882997,true,1.4495311824513721e9,4.1022689868860603e6,1.0,(sqrt_abs((v1*v2))+(v1/-1.04782620294724e6)),2.1103991668046166e14,8.135428148394946e16,4.744631020821679e6,8.135428148394946e16,35.0,1.3254339393987493e8,(sqrt_abs((v1*v2))+(v1/-1.05e6))
1.2513335068146845,8.0,0,2278.0,-0.5558429360979663,true,66.4430270187656,0.4000514984853841,3.0,(-37.2547708000008-(6.30957618711209/log((v1/1.86520650651853e15)))),-0.4229797901434502,222.43689872979922,0.25502946049354774,222.43689872979922,10.0,9.269620037218374,(-37.3-(6.31/log((v1/1.87e15))))
1.5476837085000763,9.0,0,6306.0,-0.3449842863851461,true,54.24816089817189,0.38373091805575094,3.0,((-23.5165415009441/sqrt_abs(log((1.86520922748799e15/v1))))-23.8622338162968),-0.44807794491847486,212.76175110648654,0.3117424422675896,212.76175110648654,258.0,10.704752573615366,((-23.5/sqrt_abs(log((1.87e15/v1))))-23.9)
0.7675926279537957,9.0,0,1165.0,-0.2377415742513456,true,19.592656450016758,0.28512966757053304,3.0,((v1/(2.18730688464386e10*(-126.443776217565-v2)))-29.4481050358265),-0.7890863434020589,81.30560918320555,0.2390478566390625,81.30560918320555,10.0,7.837536013096911,((v1/(2.19e10*(-126.0-v2)))-29.4)
3.040142483477453e14,9.0,0,391.0,-0.9950583390528484,true,5.349664566927823e15,1.7337246069453771e13,1.0,(v1*pow3(log((v1/(7.40331891364947e11*v2))))),3.604445476075825e27,1.38948629466251e30,1.996665715826913e13,1.38948629466251e30,6.80564733841877e38,5.2976980934641725e14,(v1*pow3(log((v1/(7.4e11*v2)))))
1.3993403036991876,9.0,0,4954.0,-0.31413502871798576,true,62.3689099249047,0.3142756608936021,3.0,(-31.1353334423674-(v1/(-6.91966961933353e9*(-3624.13499948241-v2)))),-0.46677725331967945,205.55331005345985,0.2711804117589417,205.55331005345985,10.0,9.846033194968422,(-31.1-(v1/(-6.92e9*(-3620.0-v2))))
970.6393553739808,9.0,0,401.0,-0.9048224542137774,true,27309.294421267405,15.587943946679644,2.0,(-468.070460059009-(v1/(-4.9414067398405e11+(v1/v2)))),29555.513718432885,1.139381105980226e7,32.61743243550857,1.139381105980226e7,14.0,1121.6052761624696,(-468.0-(v1/(-4.94e11+(v1/v2))))
0.801058381835745,9.0,0,1579.0,-0.21715132030488024,true,16.63659621959359,0.2790320142737307,3.0,(-30.4494955511834-(0.00840597982511429*(v1/(2.3977115435872e8*v2)))),-0.8207979968630243,69.08100815717755,0.22998704679483556,69.08100815717755,9.0,7.264532557196483,(-30.4-(0.00841*(v1/(2.4e8*v2))))
0.7692975412480859,9.0,0,238.0,-0.23879637322544522,true,19.797162386724278,0.28582581814684727,3.0,(-29.4194300955026-(v1/(2.15651847438246e10*(135.365430066489+v2)))),-0.7860770133539992,82.46568301027514,0.23966859218309636,82.46568301027514,10.0,7.877975799012002,(-29.4-(v1/(2.16e10*(135.0+v2))))
1.1297486369429988,9.0,0,5.0,-0.8555214391503811,true,100.99076745399633,0.4865928091670787,3.0,(-37.710623328644-(9.30301401869575e10/(-4.33102747546813e11+(v1/v2)))),-0.01098416895356047,381.2580746649007,0.2807043126314949,381.2580746649007,8.0,10.860431390546044,(-37.7-(9.3e10/(-4.33e11+(v1/v2))))
3374.3829365535703,9.0,0,0.0,-0.9276956977206228,true,94939.50208616545,60.720026588538374,2.0,((v1/(-4.33116228474388e11+(v1/v2)))--1663.33938818702),296165.27610700054,1.141698450769555e8,99.33191590366434,1.141698450769555e8,14.0,3201.482298739107,((v1/(-4.33e11+(v1/v2)))--1660.0)
1.1306116122244134,9.0,0,1.0,-0.8555214391503811,true,100.47779181863805,0.48587255019137887,3.0,((-2.61298148751378e11/(-4.3273347420536e11+(v1/v2)))-38.149587148264),-0.02602941709646467,375.4582460274256,0.27747370296883445,375.4582460274256,8.0,10.738158037162204,((-2.61e11/(-4.33e11+(v1/v2)))-38.1)
1.1411627772605184,9.0,0,4135.0,-0.7366759383014847,true,99.57805870956999,0.4805630394130666,2.0,(-37.7221775653667-(v1/(v1+(-8.29566388994844e11*v2)))),-0.05705842533398808,363.4967995388668,0.2816292845572667,363.4967995388668,12.0,10.670997041206732,(-37.7-(v1/(v1+(-8.3e11*v2))))
1.4427617803853383,9.0,0,1561.0,-0.32686486291225664,true,56.65069686747688,0.3551386121129769,3.0,((v1/(-4.88777992602381e9*(v2--7480.51667238412)))-32.1723806318336),-0.4033406555306779,230.007635633604,0.27108789725000143,230.007635633604,10.0,9.9545690800076,((v1/(-4.89e9*(v2--7480.0)))-32.2)
1.2237374506951866,9.0,0,1070.0,-0.6843983672289853,true,89.87009373436004,0.43907354829476486,3.0,(-18.868327167738*sqrt_abs((0.394131439832295-log((5.73779446326283e-13*v1))))),-0.15969964620977195,323.9293901770255,0.29624469367387596,323.9293901770255,513.0,11.34851202686006,(-18.9*sqrt_abs((0.394-log((5.74e-13*v1)))))
1.4511448487406389,9.0,0,3313.0,-0.3266625726980457,true,57.539420888482,0.3518290129218665,3.0,((v1/(-4.88749175397407e9*(7370.2975060855+v2)))-32.1004876469432),-0.40336497882650657,229.9982591882064,0.27131719295013573,229.9982591882064,10.0,9.962121791240813,((v1/(-4.89e9*(7370.0+v2)))-32.1)
1.3592743007550505,9.0,0,1421.0,-0.9048224542137774,true,138.3569510772373,1.000582616678369,2.0,(-0.000400734195317472*(v1/(-5.02709294527347e11+(v1/v2)))),3.732790315356448,1824.4546414553404,1.0044151670551515,1824.4546414553404,14.0,38.037919610776065,(-0.000401*(v1/(-5.03e11+(v1/v2))))
0.7697297019536323,9.0,0,325.0,-0.2377415742513456,true,19.6177963783179,0.28390925390853394,3.0,(-29.4983806043373-(v1/(2.18983020403681e10*(127.769034808196+v2)))),-0.7893487980790439,81.20443490298372,0.2390123055036355,81.20443490298372,10.0,7.830405962250757,(-29.5-(v1/(2.19e10*(128.0+v2))))
1.3992982737028048,9.0,0,937.0,-0.31413502871798576,true,62.36239681294734,0.3143100053776715,3.0,(-31.1361964187845-(v1/(-6.91966850722581e9*(-3624.66739687085-v2)))),-0.4667810157051162,205.55185968251254,0.27117655416074704,205.55185968251254,10.0,9.845824728779105,(-31.1-(v1/(-6.92e9*(-3620.0-v2))))
0.7711846339454637,9.0,0,151.0,-0.23927320015894232,true,19.866887892330904,0.2851561366720835,3.0,(-29.4470195299183-(v1/(2.15012082649464e10*(v2--139.517989398301)))),-0.7853962454179392,82.7281138677481,0.23977434962114672,82.7281138677481,10.0,7.883958659948599,(-29.4-(v1/(2.15e10*(v2--140.0))))
0.819045581182215,9.0,0,4423.0,-0.21715132030488024,true,16.852516160896084,0.2897585874997874,3.0,(-30.7755744732258-(0.0083413266006245*(v1/(2.39771155275294e8*v2)))),-0.8208016180725015,69.07961220848806,0.23034504691482635,69.07961220848806,9.0,7.231300515301917,(-30.8-(0.00834*(v1/(2.4e8*v2))))
3.0990656299319856e14,9.0,0,6684.0,-0.9942636274970198,true,5.453350190372403e15,1.691405371863785e13,1.0,(v1*pow3(log((v1/(7.54914250831342e11*v2))))),3.603705171102871e27,1.3892009127304994e30,2.029908669594358e13,1.3892009127304994e30,6.80564733841877e38,5.3171040454216494e14,(v1*pow3(log((v1/(7.55e11*v2)))))
2.4737877351421667e6,9.0,0,187.0,-0.947809124733591,true,5.4424671753201544e7,447345.9460649161,1.0,(sqrt_abs(v1)*log((8.2956438528926e11*(v2/v1)))),6.72289207048997e11,2.591623719780874e14,344887.8051581088,2.591623719780874e14,257.0,1.0134717979718974e7,(sqrt_abs(v1)*log((8.3e11*(v2/v1))))
3.0384314151182156e14,9.0,0,491.0,-0.9950583390528484,true,5.346653641675881e15,1.7359256343930688e13,1.0,(v1*pow3(log((7.39909894402892e11*(v2/v1))))),3.60465580315148e27,1.3895673741492047e30,1.9957106740275355e13,1.3895673741492047e30,3.6893488147419103e19,5.2972027628817175e14,(v1*pow3(log((7.4e11*(v2/v1)))))
1.3993403036991876,9.0,0,4954.0,-0.31413502871798576,true,62.3689099249047,0.3142756608936021,3.0,(-31.1353334423674-(v1/(-6.91966961933353e9*(-3624.13499948241-v2)))),-0.46677725331967945,205.55331005345985,0.2711804117589417,205.55331005345985,10.0,9.846033194968422,(-31.1-(v1/(-6.92e9*(-3620.0-v2))))
1.1299958656385207,9.0,0,448.0,-0.8555214391503811,true,101.19672344639339,0.4871817916265223,3.0,(-37.5359891657741-(2.18402611639708e10/(-4.32764902063155e11+(v1/v2)))),-0.0023018672305588073,384.60503589106116,0.28320058853387303,384.60503589106116,8.0,10.947071789537832,(-37.5-(2.18e10/(-4.33e11+(v1/v2))))
2133.970390964691,9.0,0,363.0,-0.927522306108442,true,60040.03997001341,7.25440518900541,2.0,(v1*(1.05664221552388/(-4.50320233657486e11+(v1/v2)))),138435.13358753384,5.336607574804113e7,47.81368070447425,5.336607574804113e7,15.0,1533.5848318510234,(v1*(1.06/(-4.5e11+(v1/v2))))
904.3346377806449,9.0,0,4.0,-0.9048224542137774,true,25443.786862512243,10.134451136914805,2.0,(-312.61480334605-(v1/(-5.00865235068611e11+(v1/v2)))),31709.17535934495,1.222403122910431e7,30.099341269400895,1.222403122910431e7,14.0,1051.112142487665,(-313.0-(v1/(-5.01e11+(v1/v2))))
2.5058903255602275e6,9.0,0,6296.0,-0.9452371491529097,true,5.25415834840978e7,455346.43046393443,1.0,(sqrt_abs(v1)*log(((8.64204760692801e11*v2)/v1))),6.695521424375884e11,2.5810725440441322e14,349605.2458296775,2.5810725440441322e14,513.0,1.0160755127500834e7,(sqrt_abs(v1)*log(((8.64e11*v2)/v1)))
0.7685931197231132,9.0,0,1789.0,-0.2377415742513456,true,19.596732967279163,0.2844847570424514,3.0,(-29.4746724563808-(v1/(2.18983091356687e10*(126.90626894533+v2)))),-0.7893264927866486,81.21303342341842,0.23899892373526518,81.21303342341842,10.0,7.832397048069474,(-29.5-(v1/(2.19e10*(127.0+v2))))
2.473787579528333e6,9.0,0,2836.0,-0.947809124733591,true,5.44246808812682e7,447345.93467193464,1.0,(sqrt_abs(v1)*log((8.29564220785014e11*(v2/v1)))),6.722892252032607e11,2.5916237897641788e14,344887.78229082556,2.5916237897641788e14,257.0,1.013471785350672e7,(sqrt_abs(v1)*log((8.3e11*(v2/v1))))
3.0990656299319856e14,9.0,0,6684.0,-0.9942636274970198,true,5.453350190372403e15,1.691405371863785e13,1.0,(v1*pow3(log((v1/(7.54914250831342e11*v2))))),3.603705171102871e27,1.3892009127304994e30,2.029908669594358e13,1.3892009127304994e30,6.80564733841877e38,5.3171040454216494e14,(v1*pow3(log((v1/(7.55e11*v2)))))
2.4955930626122304e6,9.0,0,4752.0,-0.9458295704945273,true,5.314576515940399e7,452127.16021458723,1.0,(sqrt_abs(v1)*log((v1/(8.5294090163477e11*v2)))),6.702106833066282e11,2.5836111689673816e14,348090.75113956165,2.5836111689673816e14,513.0,1.0152363012102675e7,(sqrt_abs(v1)*log((v1/(8.53e11*v2))))
3.0398151182231644e14,9.0,0,280.0,-0.9950583390528484,true,5.349088510275601e15,1.7340932290420512e13,1.0,(v1*pow3(log(((7.40251147643471e11*v2)/v1)))),3.6044848696013874e27,1.389501480566758e30,1.9964829496853703e13,1.389501480566758e30,6.80564733841877e38,5.297603023327782e14,(v1*pow3(log(((7.4e11*v2)/v1))))
1.3993403036991876,9.0,0,4954.0,-0.31413502871798576,true,62.3689099249047,0.3142756608936021,3.0,(-31.1353334423674-(v1/(-6.91966961933353e9*(-3624.13499948241-v2)))),-0.46677725331967945,205.55331005345985,0.2711804117589417,205.55331005345985,10.0,9.846033194968422,(-31.1-(v1/(-6.92e9*(-3620.0-v2))))
1.5476837085000763,9.0,0,6306.0,-0.3449842863851461,true,54.24816089817189,0.38373091805575094,3.0,((-23.5165415009441/sqrt_abs(log((1.86520922748799e15/v1))))-23.8622338162968),-0.44807794491847486,212.76175110648654,0.3117424422675896,212.76175110648654,258.0,10.704752573615366,((-23.5/sqrt_abs(log((1.87e15/v1))))-23.9)
0.8341440131638546,9.0,0,1.0,-0.7255066286168407,true,89.50309537791328,0.4510056133608892,2.0,(-19.0036255605344*sqrt_abs(log((v1/(3.28622932665234e9*v2))))),-0.15699869169276415,324.9705875841714,0.3110101456371021,324.9705875841714,3.402823669209385e38,12.095286870260987,(-19.0*sqrt_abs(log((v1/(3.29e9*v2)))))
0.7691434434150441,9.0,0,232.0,-0.2377415742513456,true,19.613973556684808,0.28426893716783036,3.0,(-29.4835634323395-(v1/(2.18854919572357e10*(127.668371970663+v2)))),-0.7892122709182471,81.25706508425169,0.23902899857534718,81.25706508425169,10.0,7.833240534446118,(-29.5-(v1/(2.19e10*(128.0+v2))))
1.1416160433259466,9.0,0,3140.0,-0.7366759383014847,true,99.5700826971864,0.4804600733344361,2.0,(-37.7301535777503-(v1/(v1+(-8.29566388994844e11*v2)))),-0.057058522818433044,363.4967619593553,0.28176220726248885,363.4967619593553,12.0,10.673712279464981,(-37.7-(v1/(v1+(-8.3e11*v2))))
0.819045581182215,9.0,0,4423.0,-0.21715132030488024,true,16.852516160896084,0.2897585874997874,3.0,(-30.7755744732258-(0.0083413266006245*(v1/(2.39771155275294e8*v2)))),-0.8208016180725015,69.07961220848806,0.23034504691482635,69.07961220848806,9.0,7.231300515301917,(-30.8-(0.00834*(v1/(2.4e8*v2))))
1.0033890879121214,9.0,0,275.0,-0.927522306108442,true,138.74067035299473,1.0000019780364886,2.0,(-1.75463941885824e-6*(v1/(-4.52246227235309e11+(v1/v2)))),3.743296528096778,1828.5047064954115,1.000037525043954,1828.5047064954115,14.0,37.98774905106241,(-1.75e-6*(v1/(-4.52e11+(v1/v2))))
3.040115764743546e14,9.0,0,104.0,-0.9950583390528484,true,5.349617550623544e15,1.7337256770172559e13,1.0,(v1*pow3(log((v1/(7.40325301151384e11*v2))))),3.604448676273458e27,1.3894875283143383e30,1.996650798104524e13,1.3894875283143383e30,6.80564733841877e38,5.297690328716437e14,(v1*pow3(log((v1/(7.4e11*v2)))))
2.4737884890571833e6,9.0,0,1563.0,-0.947809124733591,true,5.4424787697448716e7,447345.14768775244,1.0,(sqrt_abs(v1)*log((v1/(8.29567296544257e11*v2)))),6.722893900850188e11,2.591624425370806e14,344886.5928216423,2.591624425370806e14,513.0,1.0134678180549214e7,(sqrt_abs(v1)*log((v1/(8.3e11*v2))))
1.1331254629786554,9.0,0,2.0,-0.8555214391503811,true,100.92659112036267,0.488165034343291,3.0,(-37.7749488164713-(9.30249485623108e10/(-4.24916645470588e11+(v1/v2)))),-0.01218254922805695,380.79610819092875,0.28017605174253746,380.79610819092875,8.0,10.833557297220423,(-37.8-(9.3e10/(-4.25e11+(v1/v2))))
0.7714052837522464,9.0,0,2.0,-0.23941769316909295,true,19.886109464433144,0.28517894137260913,3.0,(-29.4460804136784-(v1/(2.1474599070599e10*(v2--140.425512778659)))),-0.7851249730400343,82.83268730455586,0.23982679673367704,82.83268730455586,10.0,7.887343951350479,(-29.4-(v1/(2.15e10*(v2--140.0))))
6.3092265921499826e7,10.0,0,398.0,-0.947346747101109,true,2.9574799488255816e9,6.47407709862248e6,2.0,(-1.75463941914202e-6*(v1+(-813207.63220055*sqrt_abs((v2*v1))))),6.959786247494609e14,2.682944621818149e17,6.316752230837058e6,2.682944621818149e17,36.0,2.1883984850746593e8,(-1.75e-6*(v1+(-813000.0*sqrt_abs((v2*v1)))))
1.129464179254237,10.0,0,61.0,-0.9218292815085071,true,101.2707132213651,0.487080295646713,2.0,((sqrt_abs(v1)/(-4.3298119203916e11+(v1/v2)))-37.4716269633691),0.0006921793138461307,385.7592180438071,0.28431203983981695,385.7592180438071,26.0,10.990173966268857,((sqrt_abs(v1)/(-4.33e11+(v1/v2)))-37.5)
31.1147438138351,10.0,0,279.0,-0.9219304266156124,true,2266.0371606869894,1.419729034177584,2.0,(log((v1/(7.40331495014875e11*v2)))*(v1/1.56308108266673e12)),434.07896078795324,167719.62764409182,3.4467603814803383,167719.62764409182,385.0,155.24931556431076,(log((v1/(7.4e11*v2)))*(v1/1.56e12))
0.7756488541869647,10.0,0,216.0,-0.8547556261965827,true,16.003348658943935,0.22194727518762566,3.0,(-2.25933201768227-sqrt_abs((-1037.75749615729+(v1/(1.73988342020555e8*v2))))),-0.8798502579721188,46.31681099438698,0.1788612365217718,46.31681099438698,257.0,5.664908350110315,(-2.26-sqrt_abs((-1040.0+(v1/(1.74e8*v2)))))
9.095922297026472e6,10.0,0,2914.0,-0.9377379619260918,true,3.306540390795303e8,846539.7177941406,2.0,(sqrt_abs((0.0407030823873802*(v1*v2)))+(v1/-4.3117486979579e6)),1.141462258855855e13,4.400250121917769e15,909437.5618715168,4.400250121917769e15,67.0,2.9592116857106417e7,(sqrt_abs((0.0407*(v1*v2)))+(v1/-4.31e6))
1.1408809232739625,10.0,0,2133.0,-0.9010222880468157,true,101.06971012563963,0.4923732032982672,2.0,(-37.6725889176517-(sqrt_abs(v1)/(-5.02647377480646e11+(v1/v2)))),0.0002543902744072124,385.5904537014716,0.2874313720126867,385.5904537014716,26.0,11.04994100757392,(-37.7-(sqrt_abs(v1)/(-5.03e11+(v1/v2))))
1.1407630784867722,10.0,0,2839.0,-0.9010222880468157,true,101.07178334366958,0.49231859284289736,2.0,(-37.6705157799834-(sqrt_abs(v1)/(-4.94138711140812e11+(v1/v2)))),0.0002579999155907231,385.59184519067196,0.28739943599731604,385.59184519067196,26.0,11.049335388086696,(-37.7-(sqrt_abs(v1)/(-4.94e11+(v1/v2))))
0.775647962594451,10.0,0,406.0,-0.8547556261965827,true,16.002868083201207,0.22194714010290123,3.0,(-2.25910749501106-sqrt_abs((-1037.77137837943+(v1/(1.73986286117123e8*v2))))),-0.8798499018367267,46.31694828186977,0.17886163834221674,46.31694828186977,257.0,5.664919871714228,(-2.26-sqrt_abs((-1040.0+(v1/(1.74e8*v2)))))
1.0031009042351056,10.0,0,3451.0,-0.9195607412491421,true,138.7423218196339,0.9999999999871454,2.0,(v1*pow3((218653.138063814/(-4.32798008051332e11+(v1/v2))))),3.7401793655536064,1827.3030640622771,0.9992096539981343,1827.3030640622771,257.0,37.96486681202581,(v1*pow3((219000.0/(-4.33e11+(v1/v2)))))
1.0001087534590456,10.0,0,3077.0,-0.9807101831448903,true,138.73690555300885,1.0000040720053902,2.0,(-4.1831152697431196e-18*(v1+(-640130.421335945*sqrt_abs((v2*v1))))),3.743165641941906,1828.4542508789893,1.0000035838561543,1828.4542508789893,36.0,37.98690653306337,(-4.18e-18*(v1+(-640000.0*sqrt_abs((v2*v1)))))
3.798039255540907e13,10.0,0,405.0,-0.9950583390528484,true,6.683317028591106e14,2.1699070606924907e12,1.0,(v1*pow3(log((860180.15076366*sqrt_abs((v2/v1)))))),5.6322746945296364e25,2.171199022919767e28,2.494638335082153e12,2.171199022919767e28,1.7976931348623157e308,6.621503449752503e13,(v1*pow3(log((860000.0*sqrt_abs((v2/v1))))))
3.84719842608499e13,10.0,0,4762.0,-0.9948560488386374,true,6.769821221808534e14,2.1656960375442534e12,1.0,(v1*pow3(log(sqrt_abs((v1/(-7.49629906655411e11*v2)))))),5.628968401452359e25,2.169924472105361e28,2.5222611389094614e12,2.169924472105361e28,1.7976931348623157e308,6.636956668262686e13,(v1*pow3(log(sqrt_abs((v1/(-7.5e11*v2))))))
1.1307328693820582,10.0,0,7924.0,-0.8816746739876459,true,101.24833161955641,0.48766887025498895,2.0,(sqrt_abs((v2/(v1+(-2.06827067869499e11*v2))))-37.4939889471449),0.0006306574976187029,385.7355018519439,0.2846576042868853,385.7355018519439,2049.0,10.996779011022506,(sqrt_abs((v2/(v1+(-2.07e11*v2))))-37.5)
1.1853825290129953,10.0,0,144.0,-0.9220749196257632,true,138.65106634807026,1.001461149777383,2.0,(sqrt_abs(v1)*(-4471.84641734747/(-4.50320087670903e11+(v1/v2)))),3.737510283316994,1826.2741531766178,1.00188002985038,1826.2741531766178,29.0,37.996317158726015,(sqrt_abs(v1)*(-4470.0/(-4.5e11+(v1/v2))))
3.800072729744763e13,10.0,0,1253.0,-0.9950583390528484,true,6.686895283543055e14,2.1672145343021719e12,1.0,(v1*pow3(log(sqrt_abs((v1/(7.40311098797251e11*v2)))))),5.6319618468959225e25,2.1710784225383077e28,2.495773312175643e12,2.1710784225383077e28,1.7976931348623157e308,6.622091997899351e13,(v1*pow3(log(sqrt_abs((v1/(7.4e11*v2))))))
1.7925414466413223,10.0,0,1.0,-0.9032474804031355,true,97.2108885505734,1.0290825326347635,2.0,(log((v1/(7.53556011399058e11*v2)))*(v1/-6.52241818979214e13)),3.1090412245154004,1584.0041147975185,1.0348168291321809,1584.0041147975185,385.0,37.3744103429803,(log((v1/(7.54e11*v2)))*(v1/-6.52e13))
1.4199858435682786,10.0,0,424.0,-0.8785825235704223,true,35.680124923456304,0.5662529494146489,2.0,(-7.07910990234806e-5*sqrt_abs((-4.32781035103153e11+((v1+v1)/v2)))),-0.3658093007880757,244.47568720522537,0.4227802551297671,244.47568720522537,1025.0,13.710004718902402,(-7.08e-5*sqrt_abs((-4.33e11+((v1+v1)/v2))))
1.2513893607976772e6,10.0,0,209.0,-0.9452371491529097,true,2.636217280424276e7,227185.99577517874,1.0,(sqrt_abs(v1)*log(sqrt_abs((v1/(8.60788106786058e11*v2))))),1.674323821604319e11,6.454390885925868e13,174573.0071666808,6.454390885925868e13,1.361129467683754e39,5.079085406006208e6,(sqrt_abs(v1)*log(sqrt_abs((v1/(8.61e11*v2)))))
0.7756527133598509,10.0,0,134.0,-0.8547556261965827,true,16.005428797012584,0.22194785989250723,3.0,(-2.26030384979969-sqrt_abs((1037.6974088852-(v1/(1.73997241278864e8*v2))))),-0.8798517987844968,46.316217022943626,0.17885949727348752,46.316217022943626,257.0,5.664858479829729,(-2.26-sqrt_abs((1040.0-(v1/(1.74e8*v2)))))
1.1302982814356102,10.0,0,183.0,-0.9010222880468157,true,101.25593019801462,0.48746778334747953,2.0,(-37.4863688618503-(sqrt_abs(v1)/(-5.00897938558959e11+(v1/v2)))),0.000648279502662108,385.7422950007528,0.2845382517020213,385.7422950007528,26.0,10.99447591486189,(-37.5-(sqrt_abs(v1)/(-5.01e11+(v1/v2))))
1.2368941820427326e6,10.0,0,386.0,-0.947809124733591,true,2.721227738824671e7,223673.2094493402,1.0,(sqrt_abs(v1)*log(sqrt_abs((8.29563993033682e11*(v2/v1))))),1.680722495466815e11,6.4790572866107055e13,172444.27957118468,6.4790572866107055e13,7.378697629483821e19,5.067369347575208e6,(sqrt_abs(v1)*log(sqrt_abs((8.3e11*(v2/v1)))))
1.128358961430988,10.0,0,0.0,-0.3436696241017633,true,101.29010648181463,0.4867845505123777,3.0,(-37.4522134523338-(sqrt_abs(v1)/(2.55033039449161e14+(276455.121789234*v1)))),0.0007421125143283192,385.77846691251074,0.2840086068594853,385.77846691251074,18.0,10.984336454884664,(-37.5-(sqrt_abs(v1)/(2.55e14+(276000.0*v1))))
0.7444280625618922,10.0,0,1334.0,-0.850045154065672,true,14.786154814042575,0.22036501321240126,3.0,(-1.22002818998201*sqrt_abs((773.472854166539-(v1/(2.39667829608024e8*v2))))),-0.876186080179546,47.729323642387826,0.18144287294811173,47.729323642387826,257.0,5.78879096389001,(-1.22*sqrt_abs((773.0-(v1/(2.4e8*v2)))))
1.121201980814942,10.0,0,3.0,-0.8555214391503811,true,99.61558308884035,0.4904738771605689,3.0,(-38.8588623999362*exp((1.56711398491943e10/(-4.24917876435127e11+(v1/v2))))),-0.033514840014132075,372.57267247030387,0.2858253716708921,372.57267247030387,129.0,10.987111414151014,(-38.9*exp((1.57e10/(-4.25e11+(v1/v2)))))
1.1307328693820582,10.0,0,7924.0,-0.8816746739876459,true,101.24833161955641,0.48766887025498895,2.0,(sqrt_abs((v2/(v1+(-2.06827067869499e11*v2))))-37.4939889471449),0.0006306574976187029,385.7355018519439,0.2846576042868853,385.7355018519439,2049.0,10.996779011022506,(sqrt_abs((v2/(v1+(-2.07e11*v2))))-37.5)
0.8059886375223344,10.0,0,10.0,-0.852530433840263,true,27.952277598162226,0.20181745432656342,3.0,(-7.88777335133097-sqrt_abs((719.008703172497-(v1/(2.39307181858692e8*v2))))),-0.8700696639543108,50.08715554019978,0.17016772072005001,50.08715554019978,257.0,5.484834376503022,(-7.89-sqrt_abs((719.0-(v1/(2.39e8*v2)))))
5.958819738502412e7,10.0,0,2486.0,-0.9807101831448903,true,4.3494009725446615e9,4.31182754017433e6,2.0,(-1.75463941914414e-6*(v1+(-640130.421335945*sqrt_abs((v2*v1))))),1.0107881776052644e15,3.8965114853629875e17,4.623247256475065e6,3.8965114853629875e17,36.0,2.0463588703579092e8,(-1.75e-6*(v1+(-640000.0*sqrt_abs((v2*v1)))))
3.8093086897353984e13,10.0,0,96.0,-0.9950583390528484,true,6.703147577036531e14,2.166806245234093e12,1.0,(v1*pow3(log(sqrt_abs((v1/(-7.4213430106651e11*v2)))))),5.630734790183926e25,2.170605401515959e28,2.5009366853724565e12,2.170605401515959e28,1.7976931348623157e308,6.624820642249738e13,(v1*pow3(log(sqrt_abs((v1/(-7.42e11*v2))))))
3.845964497976768e13,10.0,0,2381.0,-0.9948560488386374,true,6.767649908616942e14,2.16572365254323e12,1.0,(v1*pow3(log((865670.48863957*sqrt_abs((v2/v1)))))),5.628944517127361e25,2.169915264879877e28,2.5215631058021494e12,2.169915264879877e28,1.7976931348623157e308,6.636537810401291e13,(v1*pow3(log((866000.0*sqrt_abs((v2/v1))))))
1.4330828804499114,10.0,0,2.0,-0.9605823068309071,true,88.48525454822357,1.0189874999991237,2.0,(log((v1/(4.80577628018893e11*v2)))*(v1/-6.52167835554506e13)),2.753992859520371,1447.1356726536737,1.0067373748401298,1447.1356726536737,385.0,36.10113854227669,(log((v1/(4.81e11*v2)))*(v1/-6.52e13))
75.43774821453786,11.0,0,240.0,-0.9308167467398765,true,3617.754114352062,18.734392152852628,2.0,pow3((log((2.09592564077147e9/v1))+(v1/(9.33801942858023e10*v2)))),965.7542332385707,372676.3981610855,11.522965653828061,372676.3981610855,32768.0,334.0417854672165,pow3((log((2.1e9/v1))+(v1/(9.34e10*v2))))
3.131668892067288e14,11.0,0,57.0,-0.9655095184770437,true,5.510721355427792e15,1.5893458344256275e13,2.0,(v1*pow3(log((v1/(7.40331891364947e11*(164.814521664712+v2)))))),3.2496320437356123e27,1.252708417268834e30,2.1472848591920914e13,1.252708417268834e30,2.6815615859885194e154,5.3184244760542256e14,(v1*pow3(log((v1/(7.4e11*(165.0+v2))))))
0.9545888582250356,11.0,0,1.0,-0.7123433153921179,true,98.43490325047179,0.3549468059505484,3.0,((22.1036294666909/sqrt_abs(log(((2.70204199208599e10*v2)/v1))))-50.6058396725223),-0.10587178611186165,344.6796205171678,0.24803125596323988,344.6796205171678,3.402823669209385e38,10.329003909389126,((22.1/sqrt_abs(log(((2.7e10*v2)/v1))))-50.6)
1.129464410320507,11.0,0,1.0,-0.9277240741785605,true,101.27065423304225,0.487080894937596,3.0,(((v1/2.1500099628436e10)/(-4.32795226091016e11+(v1/v2)))-37.4716657444587),0.0006891198295935208,385.7580386359159,0.28431083262166007,385.7580386359159,20.0,10.990130839504632,(((v1/2.15e10)/(-4.33e11+(v1/v2)))-37.5)
1.1320773991927044,11.0,0,477.0,-0.8555214391503811,true,99.9450349872448,0.4871566603618248,2.0,(-37.6068998114157-(v1/(v2*(-4.32795447006406e11+(v1/v2))))),-0.03308899770233931,372.73683144006793,0.28352905519667476,372.73683144006793,28.0,10.902056843000256,(-37.6-(v1/(v2*(-4.33e11+(v1/v2)))))
1.1410164077848122,11.0,0,1319.0,-0.9051355424557878,true,101.06737647126539,0.49243564752486224,3.0,(-37.6749434525501-(v1/(9.30635359368746e10*(-5.02643982759313e11+(v1/v2))))),0.0002527336809496905,385.5898150973035,0.28746907879174344,385.5898150973035,16.0,11.050681552114284,(-37.7-(v1/(9.31e10*(-5.03e11+(v1/v2)))))
0.6474179031118965,11.0,0,215.0,-0.605461835783694,true,14.660101576666637,0.22932500726018545,3.0,(-27.6766663754607-((v1/(2.70214937246689e10*v2))+(2.45389829194578e10/v1))),-0.8811910399703482,45.7999497398513,0.18871202694146805,45.7999497398513,11.0,5.988766654311931,(-27.7-((v1/(2.7e10*v2))+(2.45e10/v1)))
0.8405079391017627,11.0,0,1863.0,-0.1697336780805236,true,14.790213170834683,0.22362525326022464,3.0,(-32.3869692307962-(226.021983380065*pow2(exp(((-1.0837269948044e12*v2)/v1))))),-0.8827827688222442,45.186350383387676,0.18955923585800002,45.186350383387676,3.402823669209385e38,5.753796128644684,(-32.4-(226.0*pow2(exp(((-1.08e12*v2)/v1)))))
0.7573297762597364,11.0,0,0.0,-0.21715132030488024,true,16.594314595669015,0.2849041323158735,2.0,(-28.6108872738866-((v1/(2.70214893452636e10*v2))+(v1/v1))),-0.8174709475953535,70.36356032498799,0.23147684348186176,70.36356032498799,13.0,7.387208445214502,(-28.6-((v1/(2.7e10*v2))+(v1/v1)))
0.8401703290813677,11.0,0,6867.0,-0.1697336780805236,true,14.784272329662393,0.22367594952830433,3.0,(-32.3810283896239-(226.06995912313*pow2(exp(((-1.08372717046977e12*v2)/v1))))),-0.8827831487147351,45.1862039377241,0.1895414063053315,45.1862039377241,3.402823669209385e38,5.754215167417642,(-32.4-(226.0*pow2(exp(((-1.08e12*v2)/v1)))))
1.6787697809974816e13,11.0,0,337.0,-0.9942636274970198,true,2.954090231704765e14,9.162375260078436e11,2.0,(v1*pow3((0.378372986738128*log((v1/(7.54914250831342e11*v2)))))),1.057474715093203e25,4.076484533687084e27,1.0996054100256082e12,4.076484533687084e27,1.361129467683754e39,2.8802854343112363e13,(v1*pow3((0.378*log((v1/(7.55e11*v2))))))
1.1305993669249834,11.0,0,4.0,-0.8899830220713073,true,100.47800898318707,0.4858670250603344,4.0,((-2.61298146507956e11/(-4.32733471961939e11+((-6.92004795503673e9+v1)/v2)))-38.1493695379693),-0.026023092782735735,375.4606840022286,0.27747256689060457,375.4606840022286,10.0,10.738175443633995,((-2.61e11/(-4.33e11+((-6.92e9+v1)/v2)))-38.1)
0.6473085489965552,11.0,0,2141.0,-0.605461835783694,true,14.65816875841686,0.22937448766998095,3.0,(-27.6747429095278-((v1/(2.7021510439888e10*v2))+(2.45389996345754e10/v1))),-0.8811875554402006,45.80129299969963,0.18871156351879015,45.80129299969963,11.0,5.9890535605654245,(-27.7-((v1/(2.7e10*v2))+(2.45e10/v1)))
1.3060273141968533,11.0,0,1.0,-0.9489072716107358,true,131.9851187621499,1.0478092105663368,2.0,(sqrt_abs((v1/-6.52146922239343e13))*log((8.26984392199638e11*(v2/v1)))),3.7215459555718464,1820.12002634834,1.0368095199130358,1820.12002634834,513.0,38.662937266302905,(sqrt_abs((v1/-6.52e13))*log((8.27e11*(v2/v1))))
1.1424077250844187,11.0,0,26.0,-0.9276956977206228,true,100.78456252361656,0.4917985097454786,3.0,(-37.7872270305125-(v1/(5465.78463115591*(-4.32797671659339e11+(v1/v2))))),-0.01004420816642737,381.62042239353474,0.2845936546126916,381.62042239353474,16.0,10.934707034300528,(-37.8-(v1/(5470.0*(-4.33e11+(v1/v2)))))
1.1312701118667188,11.0,0,0.0,-0.8555214391503811,true,99.9592416774477,0.48662340105006147,2.0,(-37.592694963641-(v1/(v2*(-4.3279192854017e11+(v1/v2))))),-0.03305843238485462,372.7486141373008,0.28332310598928295,372.7486141373008,28.0,10.898138703912982,(-37.6-(v1/(v2*(-4.33e11+(v1/v2)))))
1.142724287427709,11.0,0,24.0,-0.9276956977206228,true,100.77777442683197,0.49193920627978843,3.0,(-37.7932113745633-(v1/(5440.14343895594*(-4.32797495842407e11+(v1/v2))))),-0.010056998536459139,381.61549180324545,0.28470677205620926,381.61549180324545,16.0,10.93708531375217,(-37.8-(v1/(5440.0*(-4.33e11+(v1/v2)))))
0.6478944064909038,11.0,0,820.0,-0.6070079109923058,true,14.649747695730195,0.22899039501416707,3.0,(-27.6868323986818-((v1/(2.70582183787181e10*v2))+(2.45697802429481e10/v1))),-0.8812022029054661,45.79564651333348,0.18864218420000944,45.79564651333348,11.0,5.988274618126956,(-27.7-((v1/(2.71e10*v2))+(2.46e10/v1)))
0.8401703290813677,11.0,0,6867.0,-0.1697336780805236,true,14.784272329662393,0.22367594952830433,3.0,(-32.3810283896239-(226.06995912313*pow2(exp(((-1.08372717046977e12*v2)/v1))))),-0.8827831487147351,45.1862039377241,0.1895414063053315,45.1862039377241,3.402823669209385e38,5.754215167417642,(-32.4-(226.0*pow2(exp(((-1.08e12*v2)/v1)))))
4.409679491084736,11.0,0,495.0,-0.9898854892894556,true,187.05429389731356,0.997973880457734,2.0,(pow3(log(((8.64194047890293e11*v2)/v1)))*(v1/-6.52259677255848e13)),4.534738424343195,2133.5995331907375,0.9540878822434885,2133.5995331907375,1.0208471007628154e39,37.223049252588865,(pow3(log(((8.64e11*v2)/v1)))*(v1/-6.52e13))
1.3055811924685508,11.0,0,0.0,-0.9489072716107358,true,131.96025379137254,1.0477014783842222,2.0,(sqrt_abs((v1/-6.52215754370879e13))*log((8.233330516257e11*(v2/v1)))),3.7203408540522647,1819.6554688855483,1.0367012823502704,1819.6554688855483,513.0,38.65884561438489,(sqrt_abs((v1/-6.52e13))*log((8.23e11*(v2/v1))))
1.1223925836649957,11.0,0,0.0,-0.9048224542137774,true,100.13870169281523,0.4971176069535972,3.0,(-37.7227847216929-(0.000916706933175059*(v1/(-5.00897881970388e11+(v1/v2))))),-0.03259169055257094,372.92853956089465,0.2848742549529608,372.92853956089465,15.0,10.93057245964404,(-37.7-(0.000917*(v1/(-5.01e11+(v1/v2)))))
0.8398727221172516,11.0,0,1878.0,-0.1697336780805236,true,14.779035412513096,0.2237206388488925,3.0,(-32.3757914724746-(226.109711427546*pow2(exp(((-1.08372681913906e12*v2)/v1))))),-0.8827832095157709,45.18618049938759,0.18952575665963226,45.18618049938759,3.402823669209385e38,5.754595337317002,(-32.4-(226.0*pow2(exp(((-1.08e12*v2)/v1)))))
1.142724287427709,11.0,0,24.0,-0.9276956977206228,true,100.77777442683197,0.49193920627978843,3.0,(-37.7932113745633-(v1/(5440.14343895594*(-4.32797495842407e11+(v1/v2))))),-0.010056998536459139,381.61549180324545,0.28470677205620926,381.61549180324545,16.0,10.93708531375217,(-37.8-(v1/(5440.0*(-4.33e11+(v1/v2)))))
0.6473085489965552,11.0,0,2141.0,-0.605461835783694,true,14.65816875841686,0.22937448766998095,3.0,(-27.6747429095278-((v1/(2.7021510439888e10*v2))+(2.45389996345754e10/v1))),-0.8811875554402006,45.80129299969963,0.18871156351879015,45.80129299969963,11.0,5.9890535605654245,(-27.7-((v1/(2.7e10*v2))+(2.45e10/v1)))
0.7575054980475646,11.0,0,0.0,-0.21715132030488024,true,16.59740042622975,0.28482944442182834,2.0,(-28.6139800064644-((v1/(2.70215016810928e10*v2))+(v1/v1))),-0.8174807451997383,70.35978342307514,0.2314854404695466,70.35978342307514,13.0,7.387009979170393,(-28.6-((v1/(2.7e10*v2))+(v1/v1)))
0.4576849528015724,12.0,0,433.0,-0.8856626810678033,true,10.17785091885327,0.14947436343649678,3.0,(-29.0109948114724-(log((1.56308296586457e12/v1))+(v1/(2.45681221909373e10*v2)))),-0.9439658415360639,21.600741566314824,0.12691897646250222,21.600741566314824,16.0,3.9959997424530282,(-29.0-(log((1.56e12/v1))+(v1/(2.46e10*v2))))
9.79848420933186e9,12.0,0,4453.0,-0.9950583390528484,true,1.724215363889973e11,5.587854274377747e8,2.0,(v1*(0.000257842762662186*pow3(log(sqrt_abs((v1/(7.40331891364986e11*v2))))))),3.744280516895575e18,1.4433916385003504e21,6.435322545649225e8,1.4433916385003504e21,1.7976931348623157e308,1.7074663882159515e10,(v1*(0.000258*pow3(log(sqrt_abs((v1/(7.4e11*v2)))))))
0.5833963049330979,12.0,0,8747.0,-0.9807101831448903,true,71.31293804824583,0.29615905081877547,3.0,(-34.3299758001016-((v1+(-640130.421335945*sqrt_abs((v2*v1))))/3.91046849148661e13)),-0.4555444387828199,209.88347455533616,0.19523400063984184,209.88347455533616,37.0,8.329218116698536,(-34.3-((v1+(-640000.0*sqrt_abs((v2*v1))))/3.91e13))
0.7120355031837469,12.0,0,1.0,-0.9219304266156124,true,58.97940797342048,0.34851226502712307,3.0,(((v1*log((v1/(7.24124156087656e11*v2))))/-6.52151984586159e13)-36.9313273976347),-0.5240196301947608,183.48680948638105,0.22036513461710616,183.48680948638105,259.0,8.365807773345274,(((v1*log((v1/(7.24e11*v2))))/-6.52e13)-36.9)
44100.99412818465,12.0,0,1505.0,-0.985637394791027,true,3.6877226946858256e6,18519.602418262195,3.0,(-1.75463941913963e-6*((v1/v2)+(-5.25539588217166e10*log((v1/2.15009586754203e10))))),1.3767948464915955e9,5.307439338031726e11,11630.241668805547,5.307439338031726e11,15.0,436286.5553922944,(-1.75e-6*((v1/v2)+(-5.26e10*log((v1/2.15e10)))))
9.988395545163664e9,12.0,0,141.0,-0.9942636274970198,true,1.75763359838651e11,5.45145793328743e8,2.0,(v1*(0.000257842762662186*pow3(log(sqrt_abs((v1/(7.54914250831342e11*v2))))))),3.743511491512876e18,1.4430951850689972e21,6.542465733416798e8,1.4430951850689972e21,1.7976931348623157e308,1.7137209934406837e10,(v1*(0.000258*pow3(log(sqrt_abs((v1/(7.55e11*v2)))))))
0.45897707267210464,12.0,0,51.0,-0.8856626810678033,true,10.20074709919896,0.1489224506526076,3.0,(-29.0337169740342-(log((1.56308270851631e12/v1))+(v1/(2.45678648450265e10*v2)))),-0.9439741273433387,21.597547450680374,0.12697627431672692,21.597547450680374,16.0,3.9940828022184323,(-29.0-(log((1.56e12/v1))+(v1/(2.46e10*v2))))
0.5833963049330979,12.0,0,8747.0,-0.9807101831448903,true,71.31293804824583,0.29615905081877547,3.0,(-34.3299758001016-((v1+(-640130.421335945*sqrt_abs((v2*v1))))/3.91046849148661e13)),-0.4555444387828199,209.88347455533616,0.19523400063984184,209.88347455533616,37.0,8.329218116698536,(-34.3-((v1+(-640000.0*sqrt_abs((v2*v1))))/3.91e13))
0.5348268918741583,12.0,0,0.0,-0.2575371166419824,true,19.01318140263868,0.3242055986058899,3.0,(-31.9251473814484-((v1/(2.08786826277147e10*v2))+(-0.135025225220763*sqrt_abs(v2)))),-0.7172851714618111,108.98441442908128,0.249344943625664,108.98441442908128,13.0,9.181885365907535,(-31.9-((v1/(2.09e10*v2))+(-0.135*sqrt_abs(v2))))
0.5833963049330979,12.0,0,8747.0,-0.9807101831448903,true,71.31293804824583,0.29615905081877547,3.0,(-34.3299758001016-((v1+(-640130.421335945*sqrt_abs((v2*v1))))/3.91046849148661e13)),-0.4555444387828199,209.88347455533616,0.19523400063984184,209.88347455533616,37.0,8.329218116698536,(-34.3-((v1+(-640000.0*sqrt_abs((v2*v1))))/3.91e13))
0.4573884396983493,12.0,0,1821.0,-0.8856626810678033,true,10.171659263729499,0.14959885184716082,3.0,(-29.75330673713-(log((7.40242919288424e11/v1))+(v1/(2.45696981162105e10*v2)))),-0.9439644288384041,21.601286150509484,0.12690343448289756,21.601286150509484,16.0,3.9965159311519636,(-29.8-(log((7.4e11/v1))+(v1/(2.46e10*v2))))
0.6849312434837808,12.0,0,937.0,-0.9594552613517321,true,53.0818026244564,0.32817829077465877,3.0,(((v1*log((v1/(4.85955879105508e11*v2))))/-6.52234392970391e13)-35.4920471901695),-0.5656379435571699,167.4432664759886,0.2092423949319203,167.4432664759886,259.0,8.037627832265496,(((v1*log((v1/(4.86e11*v2))))/-6.52e13)-35.5)
0.45002044067576724,12.0,0,244.0,-0.8870209153632193,true,9.843665609076002,0.15225818432369934,3.0,(-29.6544779448462-(log((7.31434975904425e11/v1))+(v1/(2.48948849090987e10*v2)))),-0.9437711084287234,21.67580969692261,0.1260952451127924,21.67580969692261,16.0,4.025055414062682,(-29.7-(log((7.31e11/v1))+(v1/(2.49e10*v2))))
45322.78933472941,12.0,0,206.0,-0.9852039157605751,true,3.6601005368618835e6,18531.870043101273,3.0,(-1.75463941885824e-6*((v1/v2)+(-5.40029976556772e10*log((v1/2.18700321947117e10))))),1.3713139254253972e9,5.2863108045189905e11,11908.171912675602,5.2863108045189905e11,15.0,441983.6470381226,(-1.75e-6*((v1/v2)+(-5.4e10*log((v1/2.19e10)))))
0.5833963049330979,12.0,0,8747.0,-0.9807101831448903,true,71.31293804824583,0.29615905081877547,3.0,(-34.3299758001016-((v1+(-640130.421335945*sqrt_abs((v2*v1))))/3.91046849148661e13)),-0.4555444387828199,209.88347455533616,0.19523400063984184,209.88347455533616,37.0,8.329218116698536,(-34.3-((v1+(-640000.0*sqrt_abs((v2*v1))))/3.91e13))
14664.878781293619,13.0,0,198.0,-0.9870967741935484,true,258054.2945633291,5795.693411364004,3.0,pow3(((v1/(2.09301208801979e10*v2))+(-2.24036204410909*log((0.0245459692214259*v1))))),4.666521739801962e7,1.798908648552326e10,4154.231048310455,1.798908648552326e10,65536.0,118732.51796517862,pow3(((v1/(2.09e10*v2))+(-2.24*log((0.0245*v1)))))
0.12828370259433003,13.0,0,6799.0,-0.984943828342304,true,3.5936805483750582,0.050423612980290904,3.0,(-21.2757939401832-(log(pow2((3.91047730228693e13/v1)))+(v1/(2.1885567997183e10*v2)))),-0.9950006200557656,1.9272229141574173,0.035589227593407345,1.9272229141574173,264.0,1.1511973735698038,(-21.3-(log(pow2((3.91e13/v1)))+(v1/(2.19e10*v2))))
0.12828370259433003,13.0,0,6799.0,-0.984943828342304,true,3.5936805483750582,0.050423612980290904,3.0,(-21.2757939401832-(log(pow2((3.91047730228693e13/v1)))+(v1/(2.1885567997183e10*v2)))),-0.9950006200557656,1.9272229141574173,0.035589227593407345,1.9272229141574173,264.0,1.1511973735698038,(-21.3-(log(pow2((3.91e13/v1)))+(v1/(2.19e10*v2))))
3.163584836655606,13.0,0,3.0,-0.9954484701802551,true,55.668830645621796,0.30042452659128277,3.0,(((v1*pow3(log((v1/(7.24081426581022e11*v2)))))/-6.52134989936047e13)-42.176533472003),-0.5168955960049854,186.2330704397239,0.28562223710315715,186.2330704397239,6.80564733841877e38,9.193280259501442,(((v1*pow3(log((v1/(7.24e11*v2)))))/-6.52e13)-42.2)
3.163581665365625,13.0,0,4.0,-0.9954484701802551,true,55.66877484120561,0.30049209307203567,3.0,(((v1*pow3(log((v1/(7.24219472632376e11*v2)))))/-6.5224428436492e13)-42.1783554418734),-0.5167333337800697,186.29562129231914,0.2856633414706994,186.29562129231914,6.80564733841877e38,9.195571996262185,(((v1*pow3(log((v1/(7.24e11*v2)))))/-6.52e13)-42.2)
0.12828370259433003,13.0,0,6799.0,-0.984943828342304,true,3.5936805483750582,0.050423612980290904,3.0,(-21.2757939401832-(log(pow2((3.91047730228693e13/v1)))+(v1/(2.1885567997183e10*v2)))),-0.9950006200557656,1.9272229141574173,0.035589227593407345,1.9272229141574173,264.0,1.1511973735698038,(-21.3-(log(pow2((3.91e13/v1)))+(v1/(2.19e10*v2))))
3.1653067778873254,13.0,0,3.0,-0.9954484701802551,true,55.69913122542596,0.30064356155991073,3.0,(((v1*pow3(log((v1/(7.24476430366513e11*v2)))))/-6.52184685265232e13)-42.1836502717937),-0.5163138916059267,186.45731305773594,0.2858074067574835,186.45731305773594,6.80564733841877e38,9.20067454188349,(((v1*pow3(log((v1/(7.24e11*v2)))))/-6.52e13)-42.2)
0.12828370259433003,13.0,0,6799.0,-0.984943828342304,true,3.5936805483750582,0.050423612980290904,3.0,(-21.2757939401832-(log(pow2((3.91047730228693e13/v1)))+(v1/(2.1885567997183e10*v2)))),-0.9950006200557656,1.9272229141574173,0.035589227593407345,1.9272229141574173,264.0,1.1511973735698038,(-21.3-(log(pow2((3.91e13/v1)))+(v1/(2.19e10*v2))))
0.07942024356724256,14.0,0,42.0,-0.9873135137087743,true,2.807055338202389,0.04553293200572578,4.0,(-37.0207879372711-((v1/(2.08991552370715e10*v2))+(2.29789242380694*log((2.09280674903129e10/v1))))),-0.9959758815812737,1.551267019582344,0.029817557102922897,1.551267019582344,17.0,1.0287398096940399,(-37.0-((v1/(2.09e10*v2))+(2.3*log((2.09e10/v1)))))
0.07263733245480547,14.0,0,1.0,-0.9872701658057291,true,2.5727797813725033,0.043748680372917556,4.0,(-36.8925186726318-((v1/(2.15026492199681e10*v2))+(-2.21418902555156*log((v1/2.15005906009875e10))))),-0.9964579289670705,1.365441421612191,0.028985436274745216,1.365441421612191,17.0,0.9879710745266287,(-36.9-((v1/(2.15e10*v2))+(-2.21*log((v1/2.15e10)))))
0.7571336574301324,14.0,0,2.0,-0.2137701838673554,true,16.590851254354394,0.28497956483246467,2.0,(-29.6074317203448-((v1/(2.70215060604581e10*v2))+(sqrt_abs((v2*v1))/v1))),-0.817468188970616,70.36462375382615,0.2314628173758803,70.36462375382615,73.0,7.387258552905904,(-29.6-((v1/(2.7e10*v2))+(sqrt_abs((v2*v1))/v1)))
0.07360275119081118,14.0,0,5802.0,-0.9875447025250154,true,2.568156768063382,0.04507281997328241,4.0,(-27.3383713632371-((v1/(2.13518265545495e10*v2))+(-2.22351907940125*log((v1/1.5631164071407e12))))),-0.996510589294826,1.3451412661030122,0.028867327217991703,1.3451412661030122,17.0,0.9733626269661129,(-27.3-((v1/(2.14e10*v2))+(-2.22*log((v1/1.56e12)))))
0.0776639361895603,14.0,0,5806.0,-0.9871690206986237,true,2.5455855489339925,0.04521857302019873,4.0,(-20.2668937658822-((v1/(2.13470771966983e10*v2))+(2.21197473529662*log((3.91042659386667e13/v1))))),-0.9965230478112632,1.3403386028483568,0.02888790650014969,1.3403386028483568,17.0,0.9677861730132661,(-20.3-((v1/(2.13e10*v2))+(2.21*log((3.91e13/v1)))))
0.07433317121507814,14.0,0,690.0,-0.9875447025250154,true,2.555443244938253,0.045594341345937844,4.0,(-69.5351582948367-((v1/(2.13345725712967e10*v2))+(2.22531397908789*log((8997.84925273789/v1))))),-0.9965046668362709,1.347424328795332,0.028865065519873695,1.347424328795332,17.0,0.9731553912741215,(-69.5-((v1/(2.13e10*v2))+(2.23*log((9000.0/v1)))))
0.0765505577580545,14.0,0,3413.0,-0.9871690206986237,true,2.520946193324953,0.04493461886099164,4.0,(-89.1482479421538-((v1/(2.13346845142905e10*v2))+(-2.21328181069646*log((0.853266120895044*v1))))),-0.996520191907518,1.3414395320035466,0.02890080112067546,1.3414395320035466,17.0,0.9689673900923189,(-89.1-((v1/(2.13e10*v2))+(-2.21*log((0.853*v1)))))
0.07336176397457306,14.0,0,367.0,-0.9876169490300907,true,2.602284654473806,0.045012117359359234,4.0,(-29.0524939385948-((v1/(2.13133271994062e10*v2))+(2.22825274157225*log((7.2568418150098e11/v1))))),-0.996506210076159,1.3468294215653491,0.028803508513577124,1.3468294215653491,17.0,0.9680085104591455,(-29.1-((v1/(2.13e10*v2))+(2.23*log((7.26e11/v1)))))
0.12324202417374226,14.0,0,7.0,-0.984943828342304,true,3.467459571466602,0.05282453012257815,3.0,(-90.675819418501-(log(((0.000987115389478878/v1)/v1))+(v1/(2.18984624733124e10*v2)))),-0.9949751916876266,1.9370253565190119,0.03464656562642874,1.9370253565190119,136.0,1.136056627086435,(-90.7-(log(((0.000987/v1)/v1))+(v1/(2.19e10*v2))))
0.07965316565402188,14.0,0,247.0,-0.9871690206986237,true,2.4996375672127016,0.04575261407155884,4.0,(-87.5268515883982-((v1/(2.13512416939708e10*v2))+(-2.20421789829715*log((0.451274349534288*v1))))),-0.9965217572480599,1.340836105139695,0.028936393263815034,1.340836105139695,17.0,0.9676620819108955,(-87.5-((v1/(2.14e10*v2))+(-2.2*log((0.451*v1)))))
5389.053739618174,15.0,0,763.0,-0.9919806379366398,true,94829.86405008422,1635.1160479153914,2.0,pow3((log((9.57971537662584e11/(v1*(v1*v2))))+(v1/(3.05607004689774e10*v2)))),4.135304226421038e6,1.594128687615472e9,1188.108849832083,1.594128687615472e9,1.7976931348623157e308,32450.017435102618,pow3((log((9.58e11/(v1*(v1*v2))))+(v1/(3.06e10*v2))))
0.07352051375790054,15.0,0,10.0,-0.9872701658057291,true,2.6195271427172244,0.045009269032086574,4.0,(-85.9650438677233-((v1/(2.13511110732902e10*v2))+(-4.46404946893429*log((0.404421593412939*sqrt_abs(v1)))))),-0.9964946645456852,1.351280135680578,0.028816285666533163,1.351280135680578,41.0,0.9739399052688071,(-86.0-((v1/(2.14e10*v2))+(-4.46*log((0.404*sqrt_abs(v1))))))
24266.768747783775,15.0,0,104.0,-0.9954629194812701,true,427016.41001824813,10013.70462096756,2.0,pow3((log(((0.076469059426519/(v1*v2))/v1))+(v1/(2.18979113201541e10*v2)))),1.3925387213556302e8,5.3681308119325905e10,7329.909766407523,5.3681308119325905e10,1.7976931348623157e308,210298.6129838236,pow3((log(((0.0765/(v1*v2))/v1))+(v1/(2.19e10*v2))))
0.06126078163220567,15.0,0,285.0,-0.9954195715782249,true,1.7909083014167777,0.016413949035208465,3.0,(-34.3526101014629-(log((pow2((1.56308270895224e12/v1))/v2))+(v1/(2.18784704281387e10*v2)))),-0.998519183516309,0.5708434827648237,0.018868953906882792,0.5708434827648237,131080.0,0.6347794329521284,(-34.4-(log((pow2((1.56e12/v1))/v2))+(v1/(2.19e10*v2))))
44147.48260060553,15.0,0,944.0,-0.9988874038218402,true,3.7757388276665034e6,17888.44061957548,3.0,(-1.75463941913963e-6*((v1/v2)+(-5.25539588217166e10*log(((v1*sqrt_abs(v2))/1.56267417397493e12))))),1.4355744014614198e9,5.534030048250626e11,11112.883683494052,5.534030048250626e11,1031.0,436646.8077593376,(-1.75e-6*((v1/v2)+(-5.26e10*log(((v1*sqrt_abs(v2))/1.56e12)))))
0.05968228656995319,15.0,0,1622.0,-0.9954629194812701,true,1.9301034650939357,0.017104769170508283,3.0,(-96.1624127793118-(log((0.00341093880229612/(v2*pow2(v1))))+(v1/(2.18984535774734e10*v2)))),-0.9985210665304721,0.5701175951380723,0.01911318393932773,0.5701175951380723,1032.0,0.6456293929039537,(-96.2-(log((0.00341/(v2*pow2(v1))))+(v1/(2.19e10*v2))))
67419.46930964422,15.0,0,4299.0,-0.9978470541487555,true,3.362554200509131e6,25976.929306374695,3.0,(-1.75463941885824e-6*((v1/v2)+(-5.40029976556772e10*log(((v1*sqrt_abs(v2))/2.64842456300282e10))))),1.6449128814012887e9,6.341013953965314e11,18463.309502009553,6.341013953965314e11,1031.0,601090.0287220569,(-1.75e-6*((v1/v2)+(-5.4e10*log(((v1*sqrt_abs(v2))/2.65e10)))))
0.059684938196737834,15.0,0,991.0,-0.9954629194812701,true,1.923937890174642,0.017121399478853674,3.0,(-91.1866651958387-(log((0.49386728913782/(v2*pow2(v1))))+(v1/(2.18972780457277e10*v2)))),-0.9985206659037223,0.5702720337006043,0.01912321219116474,0.5702720337006043,1032.0,0.6458923151044322,(-91.2-(log((0.494/(v2*pow2(v1))))+(v1/(2.19e10*v2))))
67419.46930964422,15.0,0,4299.0,-0.9978470541487555,true,3.362554200509131e6,25976.929306374695,3.0,(-1.75463941885824e-6*((v1/v2)+(-5.40029976556772e10*log(((v1*sqrt_abs(v2))/2.64842456300282e10))))),1.6449128814012887e9,6.341013953965314e11,18463.309502009553,6.341013953965314e11,1031.0,601090.0287220569,(-1.75e-6*((v1/v2)+(-5.4e10*log(((v1*sqrt_abs(v2))/2.65e10)))))
26454.833039613808,16.0,0,89.0,-0.9984683740924033,true,465519.2436050936,10469.468477291612,3.0,pow3(((v1/(2.09282554893182e10*v2))+(-2.24036204410909*log((0.161013645033971*(v1*sqrt_abs(v2))))))),1.5255589347747335e8,5.880913609413414e10,7647.50822366043,5.880913609413414e10,1.7976931348623157e308,217706.46055215332,pow3(((v1/(2.09e10*v2))+(-2.24*log((0.161*(v1*sqrt_abs(v2)))))))
0.05968516118075338,16.0,0,3120.0,-0.9954629194812701,true,1.9301038165510533,0.017102276481350945,3.0,(-93.05258401217-(log(((0.076469059426519/(v1*v2))/v1))+(v1/(2.18984660228758e10*v2)))),-0.9985210881655415,0.5701092549834857,0.01911229246793499,0.5701092549834857,8200.0,0.6455976025915716,(-93.1-(log(((0.0765/(v1*v2))/v1))+(v1/(2.19e10*v2))))
0.074022970756791,16.0,0,0.0,-0.9871256727955785,true,2.5291953478916795,0.045334819536149,5.0,(-137.259751791021-((-0.324169236843412*(v1/(-6.92131721721128e9*v2)))+(-2.21901510224776*log((2.09578232087261e9*v1))))),-0.9965132664976325,1.3441092247994586,0.028904366359018184,1.3441092247994586,18.0,0.9738849160193904,(-137.0-((-0.324*(v1/(-6.92e9*v2)))+(-2.22*log((2.1e9*v1)))))
0.06899002586115643,16.0,0,0.0,-0.9926742043853629,true,3.350102520700233,0.034356848392802564,3.0,(-86.6446219424313-(log((29.5823610866155/(v1*(v1*v2))))+(v1/(2.09280261774497e10*v2)))),-0.9951773127712612,1.8591092172857553,0.03115221477657291,1.8591092172857553,4104.0,1.174872850259119,(-86.6-(log((29.6/(v1*(v1*v2))))+(v1/(2.09e10*v2))))
0.05968516118075338,16.0,0,3120.0,-0.9954629194812701,true,1.9301038165510533,0.017102276481350945,3.0,(-93.05258401217-(log(((0.076469059426519/(v1*v2))/v1))+(v1/(2.18984660228758e10*v2)))),-0.9985210881655415,0.5701092549834857,0.01911229246793499,0.5701092549834857,8200.0,0.6455976025915716,(-93.1-(log(((0.0765/(v1*v2))/v1))+(v1/(2.19e10*v2))))
0.08193331785290574,16.0,0,3.0,-0.9874146588158798,true,2.6852345557431008,0.045375506200397916,5.0,(-29.2632213905926-((-0.320424248130388*(v1/(-6.91995773090929e9*v2)))+(2.19719761636539*log((7.40310977675768e11/v1))))),-0.9963715309062274,1.3987472164213108,0.029200611586487533,1.3987472164213108,18.0,0.9869410858750637,(-29.3-((-0.32*(v1/(-6.92e9*v2)))+(2.2*log((7.4e11/v1)))))
8200.476284500424,16.0,0,1269.0,-0.9992341870462016,true,144301.7807538533,2915.093739351357,3.0,pow3(((-1.87789742213397*log((0.000194212443238318*(v1*sqrt_abs(v2)))))+(v1/(2.7058102350895e10*v2)))),1.17916863863162e7,4.54560573130625e9,2079.102828666156,4.54560573130625e9,1.7976931348623157e308,58296.209167913716,pow3(((-1.88*log((0.000194*(v1*sqrt_abs(v2)))))+(v1/(2.71e10*v2))))
0.18552899508518403,16.0,0,0.0,-0.9778492215439079,true,7.223350947505239,0.12904464967768758,3.0,(-111.003691482019-(log((1.35608563742031/(v1*(v1*v1))))+(v1/(2.09569034416939e10*v2)))),-0.96664410872949,12.858442185976774,0.09227627679312052,12.858442185976774,4104.0,3.1942305388970182,(-111.0-(log((1.36/(v1*(v1*v1))))+(v1/(2.1e10*v2))))
0.0626711009139947,16.0,0,0.0,-0.99429252609905,true,2.0042448521939917,0.02656093773189571,3.0,(-94.2404296991338-(log((0.0180221339929531/(v1*(v1*v2))))+(v1/(2.13326520472825e10*v2)))),-0.9973402306992872,1.0253208197583872,0.025597269576635145,1.0253208197583872,4104.0,0.9117566035620182,(-94.2-(log((0.018/(v1*(v1*v2))))+(v1/(2.13e10*v2))))
8184.319624462886,16.0,0,2.0,-0.9993497814543222,true,144017.475948429,2871.6020056025036,3.0,pow3(((-1.87789742213397*log((0.000194212443238318*(v1*sqrt_abs(v2)))))+(v1/(2.63647737296562e10*v2)))),1.1789770619210681e7,4.544867217669533e9,2071.8807763517398,4.544867217669533e9,1.7976931348623157e308,58294.20110184759,pow3(((-1.88*log((0.000194*(v1*sqrt_abs(v2)))))+(v1/(2.64e10*v2))))
0.06272032456188865,16.0,0,21.0,-0.99429252609905,true,2.0091798806676238,0.026627678186870278,3.0,(-97.0196531475794-(log((0.00111697485145078/(v1*(v1*v2))))+(v1/(2.13291569083257e10*v2)))),-0.9973264656721097,1.0306271329584986,0.02564499677359146,1.0306271329584986,4104.0,0.9140112657941402,(-97.0-(log((0.00112/(v1*(v1*v2))))+(v1/(2.13e10*v2))))
0.05968516118075338,16.0,0,3120.0,-0.9954629194812701,true,1.9301038165510533,0.017102276481350945,3.0,(-93.05258401217-(log(((0.076469059426519/(v1*v2))/v1))+(v1/(2.18984660228758e10*v2)))),-0.9985210881655415,0.5701092549834857,0.01911229246793499,0.5701092549834857,8200.0,0.6455976025915716,(-93.1-(log(((0.0765/(v1*v2))/v1))+(v1/(2.19e10*v2))))
0.6854589323460897,16.0,0,0.0,-0.2279449481631326,true,19.979964959827498,0.3181959235971023,5.0,(-32.0122689618924-((v1/(2.12961871645592e10*v2))+(-0.334537235360392*log((2.63719606748216e10/(30863.6192345534+v2)))))),-0.7257294832152308,105.72919652465951,0.26023114246704315,105.72919652465951,25.0,9.204551113231892,(-32.0-((v1/(2.13e10*v2))+(-0.335*log((2.64e10/(30900.0+v2))))))
0.0743236613361203,16.0,0,0.0,-0.9872557165047141,true,2.6502632965515787,0.04475629158245318,5.0,(((0.323768000978377*(v1/(-6.89601311806344e9*v2)))+(-2.24187170793817*log((2.63647726506811e10/v1))))-36.4572064822861),-0.9964742470197648,1.3591509365084862,0.028743593464377274,1.3591509365084862,18.0,0.970077464427452,(((0.324*(v1/(-6.9e9*v2)))+(-2.24*log((2.64e10/v1))))-36.5)
0.03376801450913536,17.0,0,4082.0,-0.9971823863020627,true,1.1123630803268156,0.0215191536311172,4.0,(-110.667289352349-((v1/(2.15034225687978e10*v2))+(-0.72392839202026*log((2.8032610465511e10*(v2*pow3(v1))))))),-0.9992477079575978,0.2900028560397446,0.014253878043782081,0.2900028560397446,1033.0,0.462719313954501,(-111.0-((v1/(2.15e10*v2))+(-0.724*log((2.8e10*(v2*pow3(v1)))))))
0.09299830918510435,17.0,0,363.0,-0.9981360401690568,true,1.9609514987616308,0.026031954056302917,4.0,(-34.6159681696558-((v1/(2.09303868643199e10*v2))+(-2.2254488679951*log(((v1*sqrt_abs(v2))/1.56262575026277e12))))),-0.99815234850488,0.7122555873911819,0.019657212810190186,0.7122555873911819,1033.0,0.654591095558095,(-34.6-((v1/(2.09e10*v2))+(-2.23*log(((v1*sqrt_abs(v2))/1.56e12)))))
0.05535463260882274,17.0,0,6224.0,-0.9980348950619514,true,1.2006694792618475,0.019724011082214287,4.0,(-103.969663259601-((v1/(2.15652546929721e10*v2))+(-2.14158402452228*log((73.3878805609794*(v1*sqrt_abs(v2))))))),-0.9992253131215341,0.2986358948770135,0.013382947967204515,0.2986358948770135,1033.0,0.4230389064979524,(-104.0-((v1/(2.16e10*v2))+(-2.14*log((73.4*(v1*sqrt_abs(v2)))))))
0.07413738121900433,17.0,0,4.0,-0.9872557165047141,true,2.6638252355040564,0.04458974208330194,5.0,(-99.2301900644958-((-0.324981496687234*(v1/(-6.92086105683254e9*v2)))+(-4.48646134826776*log((7.32759012040576*sqrt_abs(v1)))))),-0.9964719679536611,1.3600294991436603,0.028728068039331433,1.3600294991436603,42.0,0.9693085285781439,(-99.2-((-0.325*(v1/(-6.92e9*v2)))+(-4.49*log((7.33*sqrt_abs(v1))))))
0.07371251180711892,17.0,0,0.0,-0.9872701658057291,true,2.5877805353633008,0.044179985870542504,4.0,(-96.4611607107035-((v1/(2.15650976266336e10*v2))+(-1.47268658989224*log((114.975961789025*(v1*sqrt_abs(v1))))))),-0.9964130978593909,1.3827234723766897,0.029059720781013917,1.3827234723766897,1033.0,0.995474789138931,(-96.5-((v1/(2.16e10*v2))+(-1.47*log((115.0*(v1*sqrt_abs(v1)))))))
0.033334331526600744,17.0,0,5.0,-0.9971823863020627,true,1.1036821159487715,0.02152487087221852,4.0,(-75.8732954802841-((v1/(2.14994918790675e10*v2))+(0.724502770273142*log((2.80296885045782e10/(v2*pow3(v1))))))),-0.9992471358865448,0.2902233850761607,0.014288736899219195,0.2902233850761607,1033.0,0.46365250309831696,(-75.9-((v1/(2.15e10*v2))+(0.725*log((2.8e10/(v2*pow3(v1)))))))
0.1316375780689482,17.0,0,2.0,-0.9832099122204964,true,3.4697000229717787,0.053311702411158804,4.0,(-49.331094454125-((v1/(2.14998625441469e10*v2))+(4.077983701324*log(sqrt_abs((2.80300594768638e10/(v2*v1))))))),-0.9940033722833307,2.3116543395675806,0.038676304978439664,2.3116543395675806,1.8446744073709552e19,1.2823812186895553,(-49.3-((v1/(2.15e10*v2))+(4.08*log(sqrt_abs((2.8e10/(v2*v1)))))))
0.05907303035294521,17.0,0,2986.0,-0.9980348950619514,true,1.2095721485095225,0.019602811148352044,4.0,(-89.210242145424-((v1/(2.15021255750885e10*v2))+(-2.14996895617551*log((0.0675587309450313*(v1*sqrt_abs(v2))))))),-0.9992003051570795,0.3082762748183281,0.013697940173934048,0.3082762748183281,1033.0,0.4306751278901274,(-89.2-((v1/(2.15e10*v2))+(-2.15*log((0.0676*(v1*sqrt_abs(v2)))))))
0.0955959561717454,17.0,0,10.0,-0.9981360401690568,true,2.0687479999000544,0.026966908464893448,4.0,(-34.5977347282887-((v1/(2.08795099783171e10*v2))+(-2.22928500733014*log(((v1*sqrt_abs(v2))/1.56264308085583e12))))),-0.9979818362891646,0.7779867486424146,0.02025922146005927,0.7779867486424146,1033.0,0.678341638005963,(-34.6-((v1/(2.09e10*v2))+(-2.23*log(((v1*sqrt_abs(v2))/1.56e12)))))
0.061489359361075954,17.0,0,4.0,-0.9980348950619514,true,1.2348400567623372,0.019462093410723243,4.0,(-43.4453231443034-((v1/(2.1468839125189e10*v2))+(2.15616473464455*log((2.63677798289077e10/(v1*sqrt_abs(v2))))))),-0.9991800174295494,0.31609703935475497,0.013908619775004637,0.31609703935475497,1033.0,0.4366330651592989,(-43.4-((v1/(2.15e10*v2))+(2.16*log((2.64e10/(v1*sqrt_abs(v2)))))))
0.05535463260882274,17.0,0,6224.0,-0.9980348950619514,true,1.2006694792618475,0.019724011082214287,4.0,(-103.969663259601-((v1/(2.15652546929721e10*v2))+(-2.14158402452228*log((73.3878805609794*(v1*sqrt_abs(v2))))))),-0.9992253131215341,0.2986358948770135,0.013382947967204515,0.2986358948770135,1033.0,0.4230389064979524,(-104.0-((v1/(2.16e10*v2))+(-2.14*log((73.4*(v1*sqrt_abs(v2)))))))
0.03314709429001844,17.0,0,1838.0,-0.9971823863020627,true,1.1085902246647379,0.021530548581995844,4.0,(-75.8852634876076-((v1/(2.14995090497207e10*v2))+(0.72469238231886*log((2.80297056829575e10/(v2*pow3(v1))))))),-0.9992468733293671,0.2903245988696501,0.014296182969973729,0.2903245988696501,1033.0,0.4639153611217432,(-75.9-((v1/(2.15e10*v2))+(0.725*log((2.8e10/(v2*pow3(v1)))))))
1.2139184214316068,17.0,0,0.0,-0.2171368710038652,true,40.43031553222089,0.39571144309336836,5.0,(-26.3896440002671-(v1/(-6.8518530204173e9*((-10269.3306842791*(v1/(-6.85101860778223e9*(-903942.174912334+v2))))-v2)))),-0.43978730687879153,215.95772896399853,0.3592083512588692,215.95772896399853,28.0,12.361746007592677,(-26.4-(v1/(-6.85e9*((-10300.0*(v1/(-6.85e9*(-904000.0+v2))))-v2))))
0.05535463260882274,17.0,0,6224.0,-0.9980348950619514,true,1.2006694792618475,0.019724011082214287,4.0,(-103.969663259601-((v1/(2.15652546929721e10*v2))+(-2.14158402452228*log((73.3878805609794*(v1*sqrt_abs(v2))))))),-0.9992253131215341,0.2986358948770135,0.013382947967204515,0.2986358948770135,1033.0,0.4230389064979524,(-104.0-((v1/(2.16e10*v2))+(-2.14*log((73.4*(v1*sqrt_abs(v2)))))))
1.0000052303428335,17.0,0,74.0,-0.9992341870462016,true,138.7422435512065,1.0000027326015093,4.0,(-1.75463942943818e-6*((-1.87789742213397*log((0.000194212443238318*(v1*sqrt_abs(v2)))))+(v1/(2.70581107304991e10*v2)))),3.743320424646317,1828.513918433363,1.000002069431759,1828.513918433363,1033.0,37.9871373193081,(-1.75e-6*((-1.88*log((0.000194*(v1*sqrt_abs(v2)))))+(v1/(2.71e10*v2))))
0.03376801450913536,17.0,0,4082.0,-0.9971823863020627,true,1.1123630803268156,0.0215191536311172,4.0,(-110.667289352349-((v1/(2.15034225687978e10*v2))+(-0.72392839202026*log((2.8032610465511e10*(v2*pow3(v1))))))),-0.9992477079575978,0.2900028560397446,0.014253878043782081,0.2900028560397446,1033.0,0.462719313954501,(-111.0-((v1/(2.15e10*v2))+(-0.724*log((2.8e10*(v2*pow3(v1)))))))
0.09127192059684093,18.0,0,141.0,-0.9981938373731171,true,1.891788678562122,0.025336280833944937,4.0,(-65.8387691324948-((v1/(2.09705371662577e10*v2))+(-1.11153608594351*log(((v1*(v1*v2))/1.56262318340774e12))))),-0.9982767424113475,0.6643026833111612,0.019236981785775785,0.6643026833111612,4105.0,0.6368274301123666,(-65.8-((v1/(2.1e10*v2))+(-1.11*log(((v1*(v1*v2))/1.56e12)))))
5508.905508909785,18.0,0,170.0,-0.9984683740924033,true,764318.3306041546,458.1867744075891,4.0,pow3(((v1/(2.09715872069319e10*v2))+(-2.24036204410909*log((0.161013645033971*(v1*sqrt_abs((-4.1831154465020594e-18*v2)))))))),2.3271292261496034e7,8.970906415575514e9,404.469751829335,8.970906415575514e9,1.7976931348623157e308,22872.47111941519,pow3(((v1/(2.1e10*v2))+(-2.24*log((0.161*(v1*sqrt_abs((-4.18e-18*v2))))))))
0.5457707104254947,18.0,0,1.0,-0.30150633963082035,true,14.951150583828543,0.32161640201243197,6.0,(-70.4190044904713-((-0.243002192929235*(v1/(-6.92080899269745e9*v2)))+(-5.15150201723931*log((1.30053918638875*(828.54991472781+v2)))))),-0.8328953969039643,64.4175525245414,0.21490644902259914,64.4175525245414,26.0,7.037159411868909,(-70.4-((-0.243*(v1/(-6.92e9*v2)))+(-5.15*log((1.3*(829.0+v2))))))
0.8346953891035046,18.0,0,1.0,-0.39494996929523535,true,115.80757472255702,0.32203680460702544,2.0,(-98.2297107111002-(log(((2.57923452410183/(v1*v2))/v1))+(v1/(v2*(v1/v2))))),0.38395478826919627,533.5040364728078,0.3036218430488022,533.5040364728078,8216.0,13.683561088664902,(-98.2-(log(((2.58/(v1*v2))/v1))+(v1/(v2*(v1/v2)))))
0.073924166089658,18.0,0,2.0,-0.9874435574179099,true,2.5834407246097655,0.045259446304012504,6.0,(-90.4724361383415-((-0.324408938965916*(v1/(-6.9200200247238e9*v2)))+(-2.22797929990155*log((0.372013163938709*(v1*3.50356149126232)))))),-0.9965039998132507,1.3476814610923962,0.028835397512820344,1.3476814610923962,26.0,0.9718884348946826,(-90.5-((-0.324*(v1/(-6.92e9*v2)))+(-2.23*log((0.372*(v1*3.5))))))
0.09849579080840526,18.0,0,90.0,-0.9984683740924033,true,2.012420769945251,0.027066783476309236,4.0,(-66.0239639595664-((v1/(2.08795099768745e10*v2))+(-1.1187525646712*log(((v1*(v2*v1))/1.56264308085583e12))))),-0.9979820728380853,0.7778955608340561,0.020711837369979304,0.7778955608340561,4105.0,0.6863057789835777,(-66.0-((v1/(2.09e10*v2))+(-1.12*log(((v1*(v2*v1))/1.56e12)))))
0.03414895037780058,18.0,0,3741.0,-0.9971823863020627,true,1.085720182799946,0.02168908081584614,4.0,(-75.8003508538913-((v1/(2.14999884642651e10*v2))+(1.44688516203944*log(sqrt_abs((2.80301854052412e10/(v2*pow3(v1)))))))),-0.99924715324664,0.29021669289161234,0.014260426573048096,0.29021669289161234,1.7976931348623157e308,0.46223093393948156,(-75.8-((v1/(2.15e10*v2))+(1.45*log(sqrt_abs((2.8e10/(v2*pow3(v1))))))))
0.05966171401329406,18.0,0,4.0,-0.9955929631904057,true,1.9718451048161114,0.016994451668514994,4.0,(-97.3835375110805-(log((0.00100901000973038/(v1*(v1*v2))))+(-0.315939727082737*(v1/(-6.92110332908508e9*v2))))),-0.9985235484876122,0.569160819552795,0.019046103718297066,0.569160819552795,4105.0,0.6438783474681047,(-97.4-(log((0.00101/(v1*(v1*v2))))+(-0.316*(v1/(-6.92e9*v2)))))
0.2954333258878497,18.0,0,0.0,-0.9030451901889246,true,6.817249929980495,0.14053056491578067,5.0,(-85.7807614431191-((-0.322053623871689*(v1/(-6.92126579502099e9*v2)))+(-2.12845373025693*log((435.100190805542*(v1/v2)))))),-0.9652144243699153,13.40957462410288,0.09696977484537432,13.40957462410288,74.0,3.2040931193509636,(-85.8-((-0.322*(v1/(-6.92e9*v2)))+(-2.13*log((435.0*(v1/v2))))))
0.03414895037780058,18.0,0,3741.0,-0.9971823863020627,true,1.085720182799946,0.02168908081584614,4.0,(-75.8003508538913-((v1/(2.14999884642651e10*v2))+(1.44688516203944*log(sqrt_abs((2.80301854052412e10/(v2*pow3(v1)))))))),-0.99924715324664,0.29021669289161234,0.014260426573048096,0.29021669289161234,1.7976931348623157e308,0.46223093393948156,(-75.8-((v1/(2.15e10*v2))+(1.45*log(sqrt_abs((2.8e10/(v2*pow3(v1))))))))
0.06485178308252161,18.0,0,5.0,-0.9960697901239027,true,1.2051718819308093,0.01945362008390434,5.0,(-109.032723669081-((v1/(2.15651877634203e10*v2))+(-2.16219122738952*log((v1*(8323.27626093272+(6.0916225309155*v2))))))),-0.9992284279190399,0.297435164147781,0.014591888402684695,0.297435164147781,521.0,0.456614791872102,(-109.0-((v1/(2.16e10*v2))+(-2.16*log((v1*(8320.0+(6.09*v2)))))))
0.07255397802669557,18.0,0,0.0,-0.9872557165047141,true,2.588056864592751,0.043702293073820044,5.0,(-62.9267498010998-((v1/(2.15650673291204e10*v2))+(1.1057226746638*log((2.80287964854744e10/((v1*v1)--6.91637167874638e9)))))),-0.9964025395115904,1.3867936350855745,0.029077970372707672,1.3867936350855745,137.0,0.9981650483122324,(-62.9-((v1/(2.16e10*v2))+(1.11*log((2.8e10/((v1*v1)--6.92e9))))))
0.12358186134818902,18.0,0,5.0,-0.984943828342304,true,3.4770210150665086,0.05289871235371538,5.0,(-114.058364384402-(log((0.00181102400875956/(v1*(2.64804588804863e10*v1))))+(0.985637667565657*(v1/(2.15610329464723e10*v2))))),-0.9949740557278939,1.937463260349239,0.03463488795078635,1.937463260349239,265.0,1.1344709610542483,(-114.0-(log((0.00181/(v1*(2.65e10*v1))))+(0.986*(v1/(2.16e10*v2)))))
0.05247099346483378,18.0,0,5.0,-0.99429252609905,true,1.7208346641813819,0.033525663305221665,4.0,(-105.448351186568-(log((-37832.7336828673/(v1*(v1*(-2.06827041306121e11*v2)))))+(v1/(2.13291338008541e10*v2)))),-0.9970281336905138,1.1456318410164998,0.02948084075627485,1.1456318410164998,65544.0,1.0299430982292301,(-105.0-(log((-37800.0/(v1*(v1*(-2.07e11*v2)))))+(v1/(2.13e10*v2))))
0.08285448775361112,18.0,0,2.0,-0.9871690206986237,true,2.4052369695208213,0.04701940633911966,5.0,(-64.9681720925355-((v1/(2.15650496412409e10*v2))+(-1.08837276071883*log((10.8374300612787*(v1*(v1/2.88342321108571e10))))))),-0.9964583069087012,1.3652957279903684,0.029277278834962586,1.3652957279903684,265.0,0.9900199003197674,(-65.0-((v1/(2.16e10*v2))+(-1.09*log((10.8*(v1*(v1/2.88e10)))))))
0.07434891092829007,18.0,0,0.0,-0.9875736011270455,true,2.6319136007647046,0.04332185575967655,6.0,(((0.318708110759833*(v1/(-6.89079859951184e9*(-9.01651153007408+v2))))+(-2.24170712295752*log((2.48948040951366e10/v1))))-36.5678269819045),-0.996479449444705,1.3571454412939512,0.027971971161236314,1.3571454412939512,20.0,0.9566805485629839,(((0.319*(v1/(-6.89e9*(-9.02+v2))))+(-2.24*log((2.49e10/v1))))-36.6)
1.1454115322091782,18.0,0,0.0,-0.2749196257631037,true,23.484475754071635,0.4286028833883547,5.0,(-36.0673628682053-(log((v1/(-6.91957863294579e9*(-9690.18036735187-v2))))+(0.879656307059967*(v1/(2.88532920698851e10*v2))))),-0.6268720556396763,143.8379823707892,0.3354239089387194,143.8379823707892,521.0,10.507490512712154,(-36.1-(log((v1/(-6.92e9*(-9690.0-v2))))+(0.88*(v1/(2.89e10*v2)))))
0.06314184242144574,18.0,0,0.0,-0.9957230068995412,true,1.1733952320601873,0.020866476695743333,5.0,(-99.4244036240497-((v1/(2.15651628589465e10*v2))+(-2.1436118185871*log((0.099468041569131*(v1*(1286.07578199705+v2))))))),-0.9992093671544484,0.3047829438108291,0.01467682743911039,0.3047829438108291,265.0,0.4557010824733919,(-99.4-((v1/(2.16e10*v2))+(-2.14*log((0.0995*(v1*(1290.0+v2)))))))
0.033015790780080594,19.0,0,2.0,-0.997254632807138,true,0.9648819931672676,0.0225171572262838,5.0,(1.00226796609193*(-110.870216661438-((v1/(2.15030955620668e10*v2))+(-0.726421571534616*log((2.80322834661868e10*(v2*pow3(v1)))))))),-0.9992364398419509,0.2943466288508518,0.014590506244762571,0.2943466288508518,1034.0,0.4706319532182456,(1.0*(-111.0-((v1/(2.15e10*v2))+(-0.726*log((2.8e10*(v2*pow3(v1))))))))
0.0949215674847199,19.0,0,4.0,-0.9983527796842828,true,2.022920180334907,0.025809103724480184,5.0,(-40.0104967234664-((v1/(2.08952691464822e10*v2))+(-2.23358421803658*log(((v1*sqrt_abs((-121.855397249715*v2)))/1.56259097122265e12))))),-0.998034348721468,0.7577436057042366,0.020192898041736098,0.7577436057042366,262153.0,0.6777134538551486,(-40.0-((v1/(2.09e10*v2))+(-2.23*log(((v1*sqrt_abs((-122.0*v2)))/1.56e12)))))
0.051061695220419846,19.0,0,1666.0,-0.9980059964599213,true,1.2558640553577618,0.021106930854867617,5.0,(-116.396288947027-((v1/(2.14754650159336e10*(4.22532610795617+v2)))+(-2.1328980886069*log((v1*sqrt_abs((8.02255182318676e8*v2))))))),-0.9993424188969923,0.25349250982513755,0.012817338235084168,0.25349250982513755,131083.0,0.39763713598127126,(-116.0-((v1/(2.15e10*(4.23+v2)))+(-2.13*log((v1*sqrt_abs((8.02e8*v2)))))))
0.0509729991398433,19.0,0,8.0,-0.9981360401690568,true,1.4908116750517308,0.02025648837460494,5.0,(-103.760373593859-((v1/(2.15648491969243e10*(2.4461595225768+v2)))+(-2.13411642869434*log((73.8327877145152*(v1*sqrt_abs(v2))))))),-0.9993157295211323,0.26378106106458965,0.012738249450099768,0.26378106106458965,1035.0,0.3994705500839435,(-104.0-((v1/(2.16e10*(2.45+v2)))+(-2.13*log((73.8*(v1*sqrt_abs(v2)))))))
0.04588153250381912,19.0,0,5585.0,-0.9975869667304844,true,0.9884694156172316,0.02101493467916186,5.0,(-92.6560366004849-((v1/(2.15046977759329e10*v2))+(-2.16310298983621*log((0.222275140722858*(v1*(6.45718231948201+sqrt_abs(v2)))))))),-0.9993443927533843,0.2527316032106268,0.013574752640384638,0.2527316032106268,4105.0,0.42942399768001904,(-92.7-((v1/(2.15e10*v2))+(-2.16*log((0.222*(v1*(6.46+sqrt_abs(v2))))))))
0.05148570534667958,19.0,0,8.0,-0.9978326048477405,true,1.2386727049988338,0.020389676678387564,5.0,(-87.6073892556988-((-0.320597510215105*(v1/(-6.92082440456916e9*v2)))+(-2.13378027157551*log((0.0384786829220704*(v1*sqrt_abs(v2))))))),-0.9992291502606728,0.29715670694658836,0.013281796379151316,0.29715670694658836,1034.0,0.4213138939156969,(-87.6-((-0.321*(v1/(-6.92e9*v2)))+(-2.13*log((0.0385*(v1*sqrt_abs(v2)))))))
0.04673465392596815,19.0,0,1392.0,-0.997283531409168,true,1.2138410113145426,0.02089309171703352,5.0,(-103.855954871265-((v1/(2.15652007618375e10*v2))+(-2.15517195680597*log((49.3976439146949*(v1*sqrt_abs((133.601834051942+v2)))))))),-0.9993483555417121,0.2512039784742612,0.013428066778793603,0.2512039784742612,262153.0,0.42577291522003025,(-104.0-((v1/(2.16e10*v2))+(-2.16*log((49.4*(v1*sqrt_abs((134.0+v2))))))))
0.05402562909585168,19.0,0,2.0,-0.9982949824802225,true,1.2669045624212742,0.019719665877353673,5.0,(-101.759430575768-((v1/(2.14753581963174e10*(3.81492993836769+v2)))+(-2.14277785177502*log((25.3123980653361*(v1*sqrt_abs(v2))))))),-0.9993371535519305,0.25552226026759345,0.012836898744702115,0.25552226026759345,1035.0,0.3994113729688528,(-102.0-((v1/(2.15e10*(3.81+v2)))+(-2.14*log((25.3*(v1*sqrt_abs(v2)))))))
0.05649908671028013,19.0,0,2.0,-0.9980348950619514,true,1.168630193160297,0.0197352107578105,5.0,(-98.8520510226748-((-0.321136786542666*(v1/(-6.92137580148017e9*v2)))+(-2.14871441470401*log((5.98398531578899*(v1*sqrt_abs(v2))))))),-0.9992201351571293,0.3006319607413463,0.01341950825965002,0.3006319607413463,1034.0,0.42656646011706556,(-98.9-((-0.321*(v1/(-6.92e9*v2)))+(-2.15*log((5.98*(v1*sqrt_abs(v2)))))))
0.04748531247758775,19.0,0,4708.0,-0.9975869667304844,true,0.9883506012658643,0.02072238234844628,5.0,(-43.8779341306212-((v1/(2.14994012584319e10*v2))+(2.16638210681588*log((2.80295982035642e10/(v1*(6.26891711679822+sqrt_abs(v2)))))))),-0.999342608260923,0.25341951147124026,0.013590102412953477,0.25341951147124026,4105.0,0.4298865714105238,(-43.9-((v1/(2.15e10*v2))+(2.17*log((2.8e10/(v1*(6.27+sqrt_abs(v2))))))))
0.051061695220419846,19.0,0,1666.0,-0.9980059964599213,true,1.2558640553577618,0.021106930854867617,5.0,(-116.396288947027-((v1/(2.14754650159336e10*(4.22532610795617+v2)))+(-2.1328980886069*log((v1*sqrt_abs((8.02255182318676e8*v2))))))),-0.9993424188969923,0.25349250982513755,0.012817338235084168,0.25349250982513755,131083.0,0.39763713598127126,(-116.0-((v1/(2.15e10*(4.23+v2)))+(-2.13*log((v1*sqrt_abs((8.02e8*v2)))))))
0.05301833480443048,19.0,0,0.0,-0.9950438897518332,true,1.672954129527902,0.027463657445740013,5.0,(-70.0121914223686-((v1/(2.14686727583267e10*v2))+(2.01645363574041*log((2.63676134625153e10/(v1*sqrt_abs((-8.29566104551848e11*v2)))))))),-0.9980533508105015,0.7504184450221624,0.023387165825955455,0.7504184450221624,262153.0,0.7989289041594021,(-70.0-((v1/(2.15e10*v2))+(2.02*log((2.64e10/(v1*sqrt_abs((-8.3e11*v2))))))))
0.1739248613887231,19.0,0,1.0,-0.9800310659971824,true,4.352785362546722,0.06704455634075521,5.0,(((0.306715450574946*(v1/(-6.92137576045864e9*v2)))+(-1.62389700304004*log((0.000829914680434381/(v1*sqrt_abs(v2))))))-90.4351660104807),-0.9885792143882143,4.402625920459681,0.05631117817065169,4.402625920459681,1034.0,1.862981940389564,(((0.307*(v1/(-6.92e9*v2)))+(-1.62*log((0.00083/(v1*sqrt_abs(v2))))))-90.4)
0.049923822493603415,19.0,0,2137.0,-0.9979193006538308,true,1.31888747425441,0.02124690643152694,5.0,(-93.0992657121538-((v1/(2.15009633828553e10*(3.87161625021818+v2)))+(-2.12958175483859*log((0.534770583874905*(v1*sqrt_abs(v2))))))),-0.999338859697697,0.25486455406151126,0.0127935596648921,0.25486455406151126,1035.0,0.3973559545427154,(-93.1-((v1/(2.15e10*(3.87+v2)))+(-2.13*log((0.535*(v1*sqrt_abs(v2)))))))
0.057340736380498226,19.0,0,3341.0,-0.9981360401690568,true,1.2787008322807765,0.018493737346617592,5.0,(-43.444571936542-((v1/(2.15652110123967e10*v2))+(2.16025555537934*log((2.80289401609669e10/((v1*sqrt_abs(v2))--6.91651535434658e9)))))),-0.9992771993937195,0.2786341318981158,0.012626478026505959,0.2786341318981158,2057.0,0.3993100813748381,(-43.4-((v1/(2.16e10*v2))+(2.16*log((2.8e10/((v1*sqrt_abs(v2))--6.92e9))))))
0.07432282189114162,19.0,0,1.0,-0.9872557165047141,true,2.6484930073448396,0.04479885207409249,5.0,(((0.324945768266746*(v1/(-6.92133193557833e9*v2)))+(-1.49437126884904*log((0.015898451754954/(v1*sqrt_abs(v1))))))-96.4319392986982),-0.9964750210892819,1.3588525386017483,0.028745910118002795,1.3588525386017483,1034.0,0.970139690716959,(((0.325*(v1/(-6.92e9*v2)))+(-1.49*log((0.0159/(v1*sqrt_abs(v1))))))-96.4)
0.044654669148931125,19.0,0,4430.0,-0.9976881118375899,true,1.2669541314244555,0.021317347665708683,5.0,(-107.732118733698-((v1/(2.15652201724452e10*v2))+(-2.15639445019063*log((v1*(1488.01816652266+(269.489772673289*sqrt_abs(v2)))))))),-0.9993536195578819,0.24917474030952158,0.0132938343735172,0.24917474030952158,8201.0,0.4239732746914731,(-108.0-((v1/(2.16e10*v2))+(-2.16*log((v1*(1490.0+(269.0*sqrt_abs(v2))))))))
1.2243332544530408,19.0,0,0.0,-0.27837300870570386,true,97.78302833145169,0.4833367050603067,6.0,(-4.96978332197195-(0.548254614982266*log((2.37537119888053e6*(v1*sqrt_abs((v2+(-1.4626440615004e6*(556556.558867235+(2.15643424334183e10/v2)))))))))),-0.034404960671780116,372.22953773221246,0.313688567023508,372.22953773221246,4.631683569492648e77,11.79358971467807,(-4.97-(0.548*log((2.38e6*(v1*sqrt_abs((v2+(-1.46e6*(557000.0+(2.16e10/v2))))))))))
0.0519903950670724,19.0,0,97.0,-0.9981360401690568,true,1.258628395964422,0.020372647084742727,5.0,(-95.0195155348925-((v1/(2.1475199257989e10*(4.09963658599314+v2)))+(-2.13607662195707*log((1.20038309191142*(v1*sqrt_abs(v2))))))),-0.9993419313699718,0.25368044778054305,0.01280456293208462,0.25368044778054305,1035.0,0.3975120822842191,(-95.0-((v1/(2.15e10*(4.1+v2)))+(-2.14*log((1.2*(v1*sqrt_abs(v2)))))))
0.05289603441079237,19.0,0,31.0,-0.9982371852761622,true,1.26136584209371,0.02000054723650388,5.0,(-94.7582737983147-((v1/(2.1474857936274e10*(v2--3.98222427798789)))+(-2.13904288647071*log((1.01781124495091*(v1*sqrt_abs(v2))))))),-0.9993404482246427,0.25425218901547353,0.012811139095761401,0.25425218901547353,1035.0,0.39804956031976146,(-94.8-((v1/(2.15e10*(v2--3.98)))+(-2.14*log((1.02*(v1*sqrt_abs(v2)))))))
0.04402572890247013,19.0,0,1912.0,-0.9976014160314994,true,1.2660781450325942,0.021226372348401523,5.0,(-95.3791804879132-((v1/(2.15651952673258e10*v2))+(-2.15616820744825*log((0.871522285744599*(v1*(5.832880075507+sqrt_abs(v2)))))))),-0.9993535964738104,0.2491836390433689,0.013309217025353226,0.2491836390433689,4105.0,0.42446178906837007,(-95.4-((v1/(2.16e10*v2))+(-2.16*log((0.872*(v1*(5.83+sqrt_abs(v2))))))))
0.03294254289852808,19.0,0,0.0,-0.9973702272152585,true,1.4378898192299232,0.02107993170083557,4.0,(-97.7164191494936-((v1/(2.15651183165477e10*v2))+(-1.45072770728592*log((18.9580991869543*(v1*sqrt_abs((v1*v2)))))))),-0.9992344908278842,0.2950979589380423,0.014060798384876647,0.2950979589380423,7.378697629483821e19,0.46712896907032336,(-97.7-((v1/(2.16e10*v2))+(-1.45*log((19.0*(v1*sqrt_abs((v1*v2))))))))
0.07155472337055688,20.0,0,1.0,-0.99885850521981,true,1.6427888314513837,0.018654594814767726,5.0,(-116.286444053755-((v1/(2.15651019027113e10*v2))+(-1.10281927046553*log((-9591.80429977571*(v1*(v1*(-4916.15062310544*v2)))))))),-0.9989871437510959,0.39044837428022805,0.015438336030372523,0.39044837428022805,65545.0,0.5087459069608877,(-116.0-((v1/(2.16e10*v2))+(-1.1*log((-9590.0*(v1*(v1*(-4920.0*v2))))))))
0.009998359693674994,20.0,0,3.0,-0.9999277534949247,true,0.4700162751613277,0.002210076317656289,4.0,(-106.842631654428-(log((2991.59465796528/(v1*(v1*(v1+(2.15650438794192e10*v2))))))+(v1/(2.09280359420004e10*v2)))),-0.999968796152608,0.012028845651766939,0.00223696891745209,0.012028845651766939,1.6777224e7,0.08330097305704359,(-107.0-(log((2990.0/(v1*(v1*(v1+(2.16e10*v2))))))+(v1/(2.09e10*v2))))
0.05962244246702236,20.0,0,1.0,-0.9954629194812701,true,1.942104307869073,0.01711979667803562,5.0,(-97.4177015032446-(log((0.00104418046489876/(v1*(v1*(1.07460231657862*v2)))))+(-0.316024959872334*(v1/(-6.92110669468673e9*v2))))),-0.9985214104895551,0.5699850015297463,0.019110611118845145,0.5699850015297463,65545.0,0.6457220551762658,(-97.4-(log((0.00104/(v1*(v1*(1.07*v2)))))+(-0.316*(v1/(-6.92e9*v2)))))
0.006070745268266028,20.0,0,6.0,-0.9998699562908644,true,0.30975470688107976,0.0021742482939146254,4.0,(-87.1061721618083-(log((48.3413351356172/(v1*(v1*(v2+(v1/2.71324312186505e10))))))+(v1/(2.09280295681735e10*v2)))),-0.999987706039261,0.0047392282855633116,0.0012497723411526397,0.0047392282855633116,1.6777224e7,0.041170694952539146,(-87.1-(log((48.3/(v1*(v1*(v2+(v1/2.71e10))))))+(v1/(2.09e10*v2))))
0.05760933020667672,20.0,0,2.0,-0.9953039771701044,true,1.949041081583914,0.018442178053787835,5.0,(-97.3567175458519-(log((0.000979542159202814/(v1*(v1*(-22.4320762945172+v2)))))+(-0.316067770939028*(v1/(-6.92109586548172e9*v2))))),-0.9985119635558966,0.5736267225468222,0.019039828296311814,0.5736267225468222,65545.0,0.6430591880199757,(-97.4-(log((0.00098/(v1*(v1*(-22.4+v2)))))+(-0.316*(v1/(-6.92e9*v2)))))
0.05965975295391547,20.0,0,0.0,-0.9955929631904057,true,1.971322104265397,0.016997757084465517,5.0,(-97.4187839433774-(log((0.00104537367629906/(v1*(v1*(1.07330644262136*v2)))))+(-0.315941250964911*(v1/(-6.92110220721757e9*v2))))),-0.9985235033035548,0.5691782376629704,0.01904763181942148,0.5691782376629704,65545.0,0.6439248122308007,(-97.4-(log((0.00105/(v1*(v1*(1.07*v2)))))+(-0.316*(v1/(-6.92e9*v2)))))
0.008066331340322495,20.0,0,0.0,-0.9999133041939097,true,0.2151520064148542,0.001683780862575571,4.0,(-109.360598346358-(log((261.946101751437/(v1*(v1*(v1+(2.45380623921572e10*v2))))))+(v1/(2.0900006658551e10*v2)))),-0.9999917023314518,0.003198688065025846,0.0012798005945738602,0.003198688065025846,1.6777224e7,0.0411203342457799,(-109.0-(log((262.0/(v1*(v1*(v1+(2.45e10*v2))))))+(v1/(2.09e10*v2))))
0.12362103043090739,20.0,0,1.0,-0.984943828342304,true,3.4781230515811465,0.05291625451187952,5.0,(-108.122535827001-(log((0.565209735848099/(v1*(v1*(2.18972523931714e10+v2)))))+(-0.31642586357605*(v1/(-6.92055602706229e9*v2))))),-0.9949731866806113,1.9377982714616684,0.03462851679961031,1.9377982714616684,65545.0,1.134118170250705,(-108.0-(log((0.565/(v1*(v1*(2.19e10+v2)))))+(-0.316*(v1/(-6.92e9*v2)))))
0.005706453258131084,20.0,0,3.0,-0.9999133041939097,true,0.49023023136427923,0.002180438054369518,4.0,(-96.2248794883872-(log((0.00541948585239729/(v1*(v1*(v2+(v1/2.64777809717742e10))))))+(v1/(2.09570344006202e10*v2)))),-0.9999789270958459,0.008123444148387437,0.001395956433468471,0.008123444148387437,1.6777224e7,0.05373283846539901,(-96.2-(log((0.00542/(v1*(v1*(v2+(v1/2.65e10))))))+(v1/(2.1e10*v2))))
0.008331007589513393,20.0,0,4.0,-0.9999277534949247,true,0.6108325809540247,0.0027517253324326183,4.0,(-112.564765705938-(log((10.1646147908357/(v1*(v1*(v1+(2.18973256615795e10*v2))))))+(v1/(2.09569145180442e10*v2)))),-0.9999543579194786,0.01759467462200942,0.002375652525750979,0.01759467462200942,1.6777224e7,0.09552749715267275,(-113.0-(log((10.2/(v1*(v1*(v1+(2.19e10*v2))))))+(v1/(2.1e10*v2))))
0.017178021773531883,20.0,0,1.0,-0.9999277534949247,true,2.38331859273913,0.005424870351215074,4.0,(-95.4734816512133-(log((0.0134986128347918/(v1*(v1*(v2+(v1/2.64776082908217e10))))))+(v1/(2.12958355718832e10*v2)))),-0.9994583413466638,0.20880528785678543,0.0053460476681579765,0.20880528785678543,1.6777224e7,0.254298531515676,(-95.5-(log((0.0135/(v1*(v1*(v2+(v1/2.65e10))))))+(v1/(2.13e10*v2))))
0.021762298265215453,20.0,0,93.0,-0.9991185926380811,true,1.9802924261648798,0.011208508036383187,4.0,(-97.2341720888443-(log((0.00139212519189924/(v1*(v1*(v2+(1.21659904372962e-11*v1))))))+(v1/(2.13291603647709e10*v2)))),-0.9994926177134037,0.195592009383804,0.00986497284356059,0.195592009383804,1.6777224e7,0.36188852072202093,(-97.2-(log((0.00139/(v1*(v1*(v2+(1.22e-11*v1))))))+(v1/(2.13e10*v2))))
17784.45263306552,21.0,0,170.0,-0.9999422027959397,true,312948.6746439937,6824.863128387832,4.0,pow3((1.00651878041887*(log((485.202278054324/(v1*(v1*(v2+(v1/2.15016991116416e10))))))+(v1/(2.10042987631026e10*v2))))),6.555794258016736e7,2.5272088235351177e10,4981.141625157758,2.5272088235351177e10,1.7976931348623157e308,141753.162530324,pow3((1.01*(log((485.0/(v1*(v1*(v2+(v1/2.15e10))))))+(v1/(2.1e10*v2)))))
0.006063285806234351,21.0,0,0.0,-0.9998844055918795,true,0.15495998518926513,0.0014263981964337867,5.0,(-34.8498191131725-((v1/(2.08942181193997e10*v2))+(-1.98776486843407*log(((v1*sqrt_abs((v2+(v1/2.14443227221496e10))))/1.562589581525e12))))),-0.999993673767935,0.0024387143069637437,0.0011253307351006398,0.0024387143069637437,7.378697629483821e19,0.03477479566641846,(-34.8-((v1/(2.09e10*v2))+(-1.99*log(((v1*sqrt_abs((v2+(v1/2.14e10))))/1.56e12)))))
0.8115418506245266,21.0,0,0.0,-0.39494996929523535,true,112.59519907929904,0.3678364451125377,5.0,(-133.156540731923-((v1/(2.15641614075415e10*(v1+(v2*37925.976324076))))+(-1.61322394327681*log((v1*(1.08372071194603e12*sqrt_abs(v2))))))),0.2742074032982318,491.1972549430662,0.3003736423704119,491.1972549430662,2063.0,13.08121957389818,(-133.0-((v1/(2.16e10*(v1+(v2*37900.0))))+(-1.61*log((v1*(1.08e12*sqrt_abs(v2)))))))
0.03609233892696801,21.0,0,0.0,-0.9971101397969874,true,1.427756668376361,0.021533537989119597,6.0,(-93.1589738171912-((-0.319377997185967*(v1/(-6.92149420778716e9*v2)))+(-2.09996745966285*log((0.799942100819534*(v1*sqrt_abs((58.1993999014917+v2)))))))),-0.9992379112061497,0.29377942915193406,0.01355500738291316,0.29377942915193406,262154.0,0.4291722771515867,(-93.2-((-0.319*(v1/(-6.92e9*v2)))+(-2.1*log((0.8*(v1*sqrt_abs((58.2+v2))))))))
0.03611140450510189,21.0,0,7.0,-0.9971101397969874,true,1.4272946082425904,0.021534415228277065,6.0,(-93.0996136961726-((-0.319320217969312*(v1/(-6.92018048858382e9*v2)))+(-2.10005283090619*log((0.776631423857161*(v1*sqrt_abs((58.2898765140451+v2)))))))),-0.999238241515499,0.2936520974120453,0.013552612526329992,0.2936520974120453,262154.0,0.42907815741854555,(-93.1-((-0.319*(v1/(-6.92e9*v2)))+(-2.1*log((0.777*(v1*sqrt_abs((58.3+v2))))))))
0.00993653023898439,21.0,0,1.0,-0.9999422027959397,true,0.3766173322863011,0.00889290358463124,5.0,(-96.7283348126664-((v1/(2.08793652081106e10*v2))+(-2.01106643231083*log((12.7170338709328*(v1*sqrt_abs((v2+(v1/2.14707254449107e10))))))))),-0.9998330015600778,0.0643766274291288,0.006480238392667665,0.0643766274291288,7.378697629483821e19,0.22483264858494084,(-96.7-((v1/(2.09e10*v2))+(-2.01*log((12.7*(v1*sqrt_abs((v2+(v1/2.15e10)))))))))
0.056930092029489204,21.0,0,3.0,-0.9978326048477405,true,1.2423047319351213,0.020744148374882355,5.0,(-45.6359547650552-((v1/(2.14993487955059e10*v2))+(2.14111534824044*log((2.8029545740844e10/(v1*sqrt_abs((v2+(8.60991016607415*v2))))))))),-0.9991937738896961,0.31079402867981576,0.013806993467584646,0.31079402867981576,7.378697629483821e19,0.43361660775791866,(-45.6-((v1/(2.15e10*v2))+(2.14*log((2.8e10/(v1*sqrt_abs((v2+(8.61*v2)))))))))
0.007019721137473494,21.0,0,598.0,-0.9998844055918795,true,0.1588846654469478,0.00133424635607113,5.0,(-34.84967093129-((v1/(2.08797666565843e10*v2))+(-1.98971457295614*log(((v1*sqrt_abs((v2+(v1/2.14708749124043e10))))/1.56264333753497e12))))),-0.9999941407613606,0.002258691896043855,0.001123925490246516,0.002258691896043855,7.378697629483821e19,0.03299110930376783,(-34.8-((v1/(2.09e10*v2))+(-1.99*log(((v1*sqrt_abs((v2+(v1/2.15e10))))/1.56e12)))))
0.03471401117083442,21.0,0,3.0,-0.9975147202254091,true,1.0724402604857914,0.022481847120955377,5.0,(-91.0708633054128-((-0.322986811485265*(v1/(-6.92011317476888e9*v2)))+(-1.46548559938741*log((0.130051239852471*(v1*sqrt_abs((v2*v1)))))))),-0.9992113397556696,0.3040225210551415,0.014941263765383104,0.3040225210551415,7.378697629483821e19,0.48574415218181627,(-91.1-((-0.323*(v1/(-6.92e9*v2)))+(-1.47*log((0.13*(v1*sqrt_abs((v2*v1))))))))
0.03324878059758933,21.0,0,1.0,-0.997254632807138,true,0.9731203050028085,0.02252153616037495,5.0,(-90.5809385276844-((-0.322565301075665*(v1/(-6.92036608951331e9*v2)))+(-1.45709234674722*log((0.121661022445975*(v1*sqrt_abs((v1*v2)))))))),-0.9992351665909949,0.2948374574026576,0.014608627290511713,0.2948374574026576,7.378697629483821e19,0.47130604464583575,(-90.6-((-0.323*(v1/(-6.92e9*v2)))+(-1.46*log((0.122*(v1*sqrt_abs((v1*v2))))))))
0.007670726695546651,21.0,0,0.0,-0.9998266083878192,true,0.21581871020781662,0.002834341709533201,5.0,(-58.3150486800521-((v1/(2.08782088531314e10*v2))+(-1.97692482842196*log(((v1*sqrt_abs((v1+(2.18791040046547e10*v2))))/1.56264177972859e12))))),-0.9999783454154687,0.008347677506154323,0.0022405793563499638,0.008347677506154323,7.378697629483821e19,0.07871285719032278,(-58.3-((v1/(2.09e10*v2))+(-1.98*log(((v1*sqrt_abs((v1+(2.19e10*v2))))/1.56e12)))))
0.37728563584215646,21.0,0,0.0,-0.9861575696275693,true,6.639003298841889,0.1414533280571934,6.0,(-45.6359547650552-((v1/(2.14993487955059e10*v2))+(2.14111534824044*log((2.8029545740844e10/(v1*sqrt_abs((256.321940876333+(-1.0901978050518199e-12*v1))))))))),-0.962117121653185,14.60356124531353,0.11469258184643934,14.60356124531353,1.7179869193e10,3.593330351123078,(-45.6-((v1/(2.15e10*v2))+(2.14*log((2.8e10/(v1*sqrt_abs((256.0+(-1.09e-12*v1)))))))))
0.030947949137212872,21.0,0,0.0,-0.9997688111837589,true,2.689387623000272,0.013624130046123003,5.0,(-65.4946902846039-((v1/(2.14689458986176e10*v2))+(1.91710594688041*log((2.63678866047602e10/(v1*sqrt_abs((v1+(2.18803825305489e10*v2))))))))),-0.9992788273163425,0.27800658011837215,0.0089101459577161,0.27800658011837215,7.378697629483821e19,0.33058340451065893,(-65.5-((v1/(2.15e10*v2))+(1.92*log((2.64e10/(v1*sqrt_abs((v1+(2.19e10*v2)))))))))
0.26448280833601656,21.0,0,3.0,-0.9403821840118485,true,7.571750885857611,0.11331889660924516,5.0,(-81.9509816491753-(log((0.000501251311764451/(v1*sqrt_abs(((15324.8150682707*v1)-(-6.92142810928606e9*v2))))))+(v1/(2.13346831045208e10*v2)))),-0.9682667190357805,12.232938263907881,0.08770999526286756,12.232938263907881,1.361129467683754e39,3.058182981902255,(-82.0-(log((0.000501/(v1*sqrt_abs(((15300.0*v1)-(-6.92e9*v2))))))+(v1/(2.13e10*v2))))
0.04957290359849999,21.0,0,2.0,-0.9971534877000325,true,1.2566119785112022,0.021975202193462877,6.0,(-45.8894680228654-((v1/(2.15652018524399e10*v2))+(2.12489927306787*log((2.8028931000958e10/((v1*sqrt_abs((13.1478759110487*v2)))--6.91650619432358e9)))))),-0.9992251972610979,0.29868055819324213,0.01322128588144172,0.29868055819324213,524297.0,0.41322189005264054,(-45.9-((v1/(2.16e10*v2))+(2.12*log((2.8e10/((v1*sqrt_abs((13.1*v2)))--6.92e9))))))
0.044633426924883625,21.0,0,1.0,-0.9975002709243941,true,1.2050795503843688,0.01995445919658226,6.0,(-93.3482116716756-((v1/(2.15009564124879e10*(2.96265467757449+v2)))+(-2.14070117641431*log((0.472333517609316*(v1*sqrt_abs((95.6017175431992+v2)))))))),-0.99938696616367,0.23631987760635575,0.012985236090577884,0.23631987760635575,262155.0,0.4066708265037564,(-93.3-((v1/(2.15e10*(2.96+v2)))+(-2.14*log((0.472*(v1*sqrt_abs((95.6+v2))))))))
0.09754871061748928,21.0,0,1.0,-0.9861720189285843,true,3.419546142836701,0.0620771965440261,6.0,(-107.171981344547-((v1/(2.14946300214512e10*(-5.29296891690844+v2)))+(-1.64908357708667*log((v1*sqrt_abs(((-616160.522752108*v1)-2.55033042892107e14))))))),-0.9926741765539361,2.8240491756599124,0.04374095188146081,2.8240491756599124,8.589934603e9,1.4722274539253217,(-107.0-((v1/(2.15e10*(-5.29+v2)))+(-1.65*log((v1*sqrt_abs(((-616000.0*v1)-2.55e14)))))))
0.0415107525354413,21.0,0,0.0,-0.997283531409168,true,1.2323821243112256,0.02073255997241317,6.0,(-92.9237786231588-((-0.321963641074808*(v1/(-6.91927355888999e9*(5.84832733309441+v2))))+(-2.08697648371667*log((0.860434829450209*(v1*sqrt_abs(v2))))))),-0.9992418162407226,0.2922740680484859,0.012808638838368514,0.2922740680484859,1036.0,0.4038935254176779,(-92.9-((-0.322*(v1/(-6.92e9*(5.85+v2))))+(-2.09*log((0.86*(v1*sqrt_abs(v2)))))))
0.5634900103555601,21.0,0,0.0,-0.25772495755517827,true,16.884320748499505,0.3185251971258464,5.0,(49.5510283099565-((v1/(2.13898726730351e10*v2))+(3.75110462538327*log(sqrt_abs((2.79200701789843e10/(v2*(v1/(2.13908481565122e10*v1))))))))),-0.7423737697640891,99.31295075327034,0.24532071841240718,99.31295075327034,1.7976931348623157e308,8.867033426421878,(49.6-((v1/(2.14e10*v2))+(3.75*log(sqrt_abs((2.79e10/(v2*(v1/(2.14e10*v1)))))))))
0.07432361170153641,21.0,0,0.0,-0.9872557165047141,true,2.650298294530508,0.044755482707501494,5.0,(-54.387371365782-((-0.324882615499234*(v1/(v2+(-6.91974940447188e9*v2))))+(1.49458504555422*log((2.63887986321042e10/(v1*sqrt_abs(v1))))))),-0.996474232918426,1.359156372467281,0.028743548870581358,1.359156372467281,1038.0,0.9700762090011384,(-54.4-((-0.325*(v1/(v2+(-6.92e9*v2))))+(1.49*log((2.64e10/(v1*sqrt_abs(v1)))))))
0.02244120727974581,21.0,0,216.0,-0.9997543618827439,true,1.9305483602354059,0.00868368771574347,5.0,(-66.2260045304522-((v1/(2.12962355717466e10*v2))+(1.9514196187666*log((2.63720091337721e10/(v1*sqrt_abs((v1+(2.70580501671039e10*v2))))))))),-0.9996467708953477,0.13616713112958703,0.005943266320856069,0.13616713112958703,7.378697629483821e19,0.2240424795026577,(-66.2-((v1/(2.13e10*v2))+(1.95*log((2.64e10/(v1*sqrt_abs((v1+(2.71e10*v2)))))))))
0.07571574443592169,21.0,0,0.0,-0.9871979193006538,true,2.9350802964619973,0.04289450094936451,6.0,(((0.325466496141916*(v1/(-6.89642384731645e9*v2)))+(-1.52771094868631*log((2.63651833801573e10/(v1*sqrt_abs((14494.7358119975+v1)))))))-54.9610495613604),-0.9962586111255023,1.4422769323666276,0.028777262072677688,1.4422769323666276,262154.0,0.9711060225874624,(((0.325*(v1/(-6.9e9*v2)))+(-1.53*log((2.64e10/(v1*sqrt_abs((14500.0+v1)))))))-55.0)
0.03328404937071389,21.0,0,0.0,-0.9974424737203338,true,1.063351604865602,0.022281465670029615,5.0,(-90.9002919942761-((v1/(2.14747277631566e10*(v2-0.0656845455187734)))+(-1.45873672938374*log((0.143288263353284*(v1*sqrt_abs((v2*v1)))))))),-0.9992325449206003,0.2958480913840568,0.014578978794556035,0.2958480913840568,7.378697629483821e19,0.4726591830153909,(-90.9-((v1/(2.15e10*(v2-0.0657)))+(-1.46*log((0.143*(v1*sqrt_abs((v2*v1))))))))
0.011015696267965946,22.0,0,185.0,-0.9999422027959397,true,0.19384052005802488,0.0013715268894649013,5.0,(-110.466103379681-(log((77.9364360858348/(v1*(v1*(v1+(2.15651042262419e10*v2))))))+(1.05025116853456*(v1/(2.18983345548536e10*v2))))),-0.9999895759744024,0.00401838252214273,0.0017279586337983152,0.00401838252214273,1.6777225e7,0.04968933132716848,(-110.0-(log((77.9/(v1*(v1*(v1+(2.16e10*v2))))))+(1.05*(v1/(2.19e10*v2)))))
0.29054123394292175,22.0,0,0.0,-0.9867499909691869,true,6.262458638403501,0.13003177616179418,4.0,(-107.862271784356-(log((5521.95885242394/(v1*(v1*(v1+((v1*v2)*0.21299888844141))))))+(v1/(2.09280325475072e10*v2)))),-0.9667085473885495,12.833601573404348,0.09621658358932571,12.833601573404348,6.8719476744e10,3.2233728815553904,(-108.0-(log((5520.0/(v1*(v1*(v1+((v1*v2)*0.213))))))+(v1/(2.09e10*v2))))
0.00842854785999808,22.0,0,312.0,-0.9998988548928945,true,0.14831510063209663,0.001908702457852237,5.0,(-112.7920748398-(log((8.4041286743378/(v1*(v1*(v1+(2.45386277636649e10*v2))))))+(-0.331412725637603*(v1/(-6.92010582690628e9*v2))))),-0.9999930122252094,0.0026937339921329437,0.0012498278782844207,0.0026937339921329437,1.6777225e7,0.037070821312458396,(-113.0-(log((8.4/(v1*(v1*(v1+(2.45e10*v2))))))+(-0.331*(v1/(-6.92e9*v2)))))
1.119469214658073,22.0,0,0.0,-0.18439475490373153,true,101.44653732599026,0.48683982469743725,6.0,((-2.61298032893276e11/(-4.32733358347256e11+((v1+(0.162118946276128*(v1*sqrt_abs(((-6.88808032339742e9*v2)-(-558.244856908363*v1))))))/v2)))-37.2957826076106),0.0008100391357630521,385.80465210802913,0.28143115342980546,385.80465210802913,268.0,10.928291922798483,((-2.61e11/(-4.33e11+((v1+(0.162*(v1*sqrt_abs(((-6.89e9*v2)-(-558.0*v1))))))/v2)))-37.3)
0.5078629336153836,22.0,0,0.0,-0.674543943936712,true,14.785429346878658,0.22466983347839284,6.0,(-51.6183350915179-((v1/(2.13470185581071e10*v2))+(-0.55779063287538*log((v1*((-135.731662551774+(2416.87040224808*v2))+(v1/2.64829846506479e10))))))),-0.8524179912280251,56.891741014952075,0.1903242282087678,56.891741014952075,32777.0,6.73941869097916,(-51.6-((v1/(2.13e10*v2))+(-0.558*log((v1*((-136.0+(2420.0*v2))+(v1/2.65e10)))))))
0.01067209903227725,22.0,0,622.0,-0.9999422027959397,true,0.1877943233187338,0.0012767657202576986,5.0,(-118.675397189715-(log((0.021467690226645/(v1*(v1*(v1+(2.18981330517164e10*v2))))))+(-0.331842244921413*(v1/(-6.92042237012269e9*v2))))),-0.9999904424551488,0.003684360789897562,0.0016433017766558286,0.003684360789897562,1.6777225e7,0.04748711338526798,(-119.0-(log((0.0215/(v1*(v1*(v1+(2.19e10*v2))))))+(-0.332*(v1/(-6.92e9*v2)))))
0.007019671271384635,22.0,0,1349.0,-0.9998410576888344,true,0.159286669025704,0.0021034622751252806,5.0,(-97.4426797324569-(log((0.00156242103947163/(v1*(v1*(v2+(v1/2.63917860065348e10))))))+(-0.331150434552447*(v1/(-6.9206292950912e9*v2))))),-0.9999911940354596,0.0033946323009906416,0.0012519021388687414,0.0033946323009906416,1.6777225e7,0.037506705254203514,(-97.4-(log((0.00156/(v1*(v1*(v2+(v1/2.64e10))))))+(-0.331*(v1/(-6.92e9*v2)))))
0.05797507389584552,22.0,0,0.0,-0.9951883827619838,true,1.7201583455857588,0.018908661009867118,6.0,(-97.4678472012392-(log((0.000951684380878215/(v1*(v1*(1.09663714638243*(v2-17.958354557039))))))+(-0.316671979366874*(v1/(-6.92062185124871e9*v2))))),-0.9984939990377016,0.5805519075683888,0.019473786583742998,0.5805519075683888,1.048585e6,0.6550677173519281,(-97.5-(log((0.000952/(v1*(v1*(1.1*(v2-18.0))))))+(-0.317*(v1/(-6.92e9*v2)))))
0.059622458010722724,22.0,0,0.0,-0.9954629194812701,true,1.9421115062778256,0.01711976110581193,5.0,(-97.5012101107314-(log((0.000958753801630504/(v1*(v1*(1.072620766371*v2)))))+(-0.316002495903235*(v1/(v2+(-6.92061518255495e9*v2)))))),-0.9985214110780019,0.5699847746880072,0.01911059363424056,0.5699847746880072,65549.0,0.6457215421839786,(-97.5-(log((0.000959/(v1*(v1*(1.07*v2)))))+(-0.316*(v1/(v2+(-6.92e9*v2))))))
0.059339677489567325,22.0,0,3.0,-0.9955062673843152,true,1.9824148652050155,0.01717315491703124,6.0,(-119.470124950983-(log((-0.00176638961543848/(v1*(v1*(2.64813378799715e10+(-6.89636142056597e9*v2))))))+(0.150002010928676*(v1/(3.28621167770758e9*v2))))),-0.9985237142800444,0.5690969078321388,0.019017447561372938,0.5690969078321388,1.048585e6,0.6429762399644033,(-119.0-(log((-0.00177/(v1*(v1*(2.65e10+(-6.9e9*v2))))))+(0.15*(v1/(3.29e9*v2)))))
0.0821263600674469,22.0,0,3.0,-0.9856662933930571,true,2.852504714181343,0.04782571790765317,6.0,(-61.8020892615674-((v1/(2.15650701155463e10*v2))+(-1.10572032940786*log((1819.96332951242*(v1*(v1/(-6.91957339478266e9*(-20190.3868555974-v2))))))))),-0.9959954233145906,1.5437338301366805,0.030863136576339125,1.5437338301366805,1.048585e6,1.0491722407207662,(-61.8-((v1/(2.16e10*v2))+(-1.11*log((1820.0*(v1*(v1/(-6.92e9*(-20200.0-v2)))))))))
0.008466947424545077,22.0,0,359.0,-0.9998988548928945,true,0.14899080840223888,0.0019127336895708258,5.0,(-119.408790960909-(log((0.0112347715101543/(v1*(v1*(v1+(2.45388069346386e10*v2))))))+(1.38188747368997*(v1/(2.8853387733456e10*v2))))),-0.999993004576537,0.0026966824971446533,0.00124755415209252,0.0026966824971446533,1.6777225e7,0.036834186078889206,(-119.0-(log((0.0112/(v1*(v1*(v1+(2.45e10*v2))))))+(1.38*(v1/(2.89e10*v2)))))
0.05697600270902244,22.0,0,0.0,-0.9930065383087093,true,2.7541441733991974,0.03279401058734946,5.0,(-110.036246934839-(log((43.4701343862529/(v1*(v1*(v2+(2.14746043610136e10*(v2-72.9880102294986)))))))+(v1/(2.12957044376057e10*v2)))),-0.9970567794446636,1.1345891208378456,0.02574180112220027,1.1345891208378456,2.68435464e8,0.9168608225292312,(-110.0-(log((43.5/(v1*(v1*(v2+(2.15e10*(v2-73.0)))))))+(v1/(2.13e10*v2))))
0.007223127323570775,23.0,0,571.0,-0.9998844055918795,true,0.15755556245512992,0.001327836078731983,6.0,(-113.302592972397-((-0.331526221307598*(v1/(-6.92145604631878e9*v2)))+(-1.99092300638441*log((v1*sqrt_abs(((0.317240864589588*v1)-(-6.92146950888878e9*v2)))))))),-0.9999941498932569,0.0022551716195423903,0.0011148502099801263,0.0022551716195423903,6.80564733841877e38,0.03255394487330816,(-113.0-((-0.332*(v1/(-6.92e9*v2)))+(-1.99*log((v1*sqrt_abs(((0.317*v1)-(-6.92e9*v2))))))))
0.006160662271605823,23.0,0,1.0,-0.9998266083878192,true,0.17333249355055713,0.0019462539260059037,6.0,(-85.792563177612-((-0.331099632043544*(v1/(-6.92088302281618e9*v2)))+(-1.98038010356775*log((0.0963037164813588*(v1*sqrt_abs((v2+(v1/2.15013046168245e10))))))))),-0.9999900197836358,0.003847297440869194,0.0015115695753026171,0.003847297440869194,7.378697629483821e19,0.04991776749396642,(-85.8-((-0.331*(v1/(-6.92e9*v2)))+(-1.98*log((0.0963*(v1*sqrt_abs((v2+(v1/2.15e10)))))))))
0.3542958236722219,23.0,0,1.0,-0.9836433912509482,true,6.484086299487743,0.19266892123698978,6.0,(-102.059729925334-((-0.358458571604628*(v1/(-6.92148881230204e9*v2)))+(-1.93825091329832*log((0.00020099539219279*(v1*sqrt_abs((v2+(-1.04717474919899e6*v1))))))))),-0.9599866865599163,15.424827757295242,0.11435968509367656,15.424827757295242,7.378697629483821e19,3.287410113519085,(-102.0-((-0.358*(v1/(-6.92e9*v2)))+(-1.94*log((0.000201*(v1*sqrt_abs((v2+(-1.05e6*v1)))))))))
0.06371461152897115,23.0,0,0.0,-0.9996965646786836,true,4.409827188845796,0.010513453847852038,6.0,(-95.6777952577326-((v1/(2.14753444317887e10*(-12.6932264822468+v2)))+(-2.01994061035119*log((6.46321084146977*(v1*sqrt_abs((v2+(v1/2.15013001158757e10))))))))),-0.9986123969210708,0.5349104247521108,0.010225653113891552,0.5349104247521108,7.378697629483821e19,0.4501638549234771,(-95.7-((v1/(2.15e10*(-12.7+v2)))+(-2.02*log((6.46*(v1*sqrt_abs((v2+(v1/2.15e10)))))))))
0.6342942227769733,23.0,0,0.0,-0.9906224036412239,true,50.52895972809259,0.24912052725645664,5.0,(-65.870650488046-((v1/(2.14752840344065e10*(v2+v2)))+(-0.805923505987914*log((12213.5433443819*(v1*sqrt_abs((v2+(v1/2.1501128346642e10))))))))),-0.7439206013008642,98.71665897003585,0.1572904359608007,98.71665897003585,7.378697629483821e19,5.892149894955026,(-65.9-((v1/(2.15e10*(v2+v2)))+(-0.806*log((12200.0*(v1*sqrt_abs((v2+(v1/2.15e10)))))))))
0.037336066919327664,23.0,0,0.0,-0.997254632807138,true,1.3365952855312742,0.02013863570366524,6.0,(-84.5650204928814-((-0.31999770035879*(v1/(-6.92148486324045e9*v2)))+(-2.11602988869927*log((0.010152310014396*((v1*sqrt_abs(v2))-(-3.60175545317285*v1))))))),-0.9992969084901145,0.2710364252598023,0.013196915645708965,0.2710364252598023,8202.0,0.4164103594325777,(-84.6-((-0.32*(v1/(-6.92e9*v2)))+(-2.12*log((0.0102*((v1*sqrt_abs(v2))-(-3.6*v1)))))))
0.018078707525207578,23.0,0,1.0,-0.9993642307553372,true,0.5086510698627613,0.008286703055434186,6.0,(-99.6247897162722-((-0.33126021950896*(v1/(-6.9201787675883e9*v2)))+(-1.94857648534461*log((0.00126562606632746*(v1*sqrt_abs((v1+(2.45386260429184e10*v2))))))))),-0.9998097772368881,0.07332942723951491,0.006636620640137607,0.07332942723951491,7.378697629483821e19,0.2416278140876694,(-99.6-((-0.331*(v1/(-6.92e9*v2)))+(-1.95*log((0.00127*(v1*sqrt_abs((v1+(2.45e10*v2)))))))))
0.007148262065582538,23.0,0,81.0,-0.9998844055918795,true,0.1557314694892824,0.0013482061246788695,6.0,(-109.491195258298-((v1/(2.08794728855594e10*v2))+(-1.99102937582625*log((0.147502821687713*(v1*sqrt_abs(((-6.88819393949428e9*v2)-(0.314366377397494*v1))))))))),-0.9999941679118237,0.002248225599209882,0.0011074510027153704,0.002248225599209882,1.361129467683754e39,0.03245392213972819,(-109.0-((v1/(2.09e10*v2))+(-1.99*log((0.148*(v1*sqrt_abs(((-6.89e9*v2)-(0.314*v1)))))))))
0.056483513974465854,23.0,0,6.0,-0.997933749954846,true,1.2795308507289747,0.02030684083379642,5.0,(-101.760360515265-((v1/(2.14752358295206e10*(v2+(v1/(7.54914124983467e11*v2)))))+(-2.14451745704225*log((25.0562043218099*(v1*sqrt_abs(v2))))))),-0.9992182554638744,0.30135656818324574,0.013572668227847674,0.30135656818324574,1047.0,0.42674132779128116,(-102.0-((v1/(2.15e10*(v2+(v1/(7.55e11*v2)))))+(-2.14*log((25.1*(v1*sqrt_abs(v2)))))))
0.007254633438821243,23.0,0,679.0,-0.9998844055918795,true,0.157016199284989,0.0013323217062044454,6.0,(-66.6786165862678-((-0.331483169126004*(v1/(-6.92062034614204e9*v2)))+(1.99119357944677*log((2.63893663731286e10/(v1*sqrt_abs((v1+(2.1898435679671e10*v2))))))))),-0.9999941515091643,0.0022545486995561455,0.0011121141365169859,0.0022545486995561455,7.378697629483821e19,0.032463185532150385,(-66.7-((-0.331*(v1/(-6.92e9*v2)))+(1.99*log((2.64e10/(v1*sqrt_abs((v1+(2.19e10*v2)))))))))
0.04405731223068339,23.0,0,0.0,-0.9972401835061229,true,1.2849076350394775,0.021860762874864315,7.0,(-92.9422827173053-((-0.32179666923712*(v1/(-6.91927355889371e9*(5.58335282249314+v2))))+(-2.0869688955718*log((0.841493711776533*(v1*sqrt_abs((12.7686445079896+v2)))))))),-0.999233396576801,0.29551978440135224,0.01257817408462675,0.29551978440135224,262156.0,0.39813528854584546,(-92.9-((-0.322*(v1/(-6.92e9*(5.58+v2))))+(-2.09*log((0.841*(v1*sqrt_abs((12.8+v2))))))))
0.007225264877774513,23.0,0,470.0,-0.9998844055918795,true,0.1575443555836813,0.0013270761014379843,6.0,(-113.302982868063-((-0.331525756807113*(v1/(-6.92144482903444e9*v2)))+(-1.9909353401383*log((v1*sqrt_abs(((0.317168412775674*v1)-(-6.92082043529874e9*v2)))))))),-0.999994149893506,0.002255171523542939,0.0011147971898138429,0.002255171523542939,6.80564733841877e38,0.03255099727998171,(-113.0-((-0.332*(v1/(-6.92e9*v2)))+(-1.99*log((v1*sqrt_abs(((0.317*v1)-(-6.92e9*v2))))))))
0.07414066372018967,23.0,0,1.0,-0.9866777444641115,true,2.3110365886916178,0.04543702855631679,7.0,(((0.314919903247703*(v1/(-6.8961861198521e9*(v2+(1.12580729382502*log((2.63647248606421e10/v1)))))))+(-2.16477670940823*log((19445.0475471652/v1))))-66.7569664886762),-0.9964589162200786,1.365060843092328,0.028846292413716553,1.365060843092328,36.0,0.9833775359299097,(((0.315*(v1/(-6.9e9*(v2+(1.13*log((2.64e10/v1)))))))+(-2.16*log((19400.0/v1))))-66.8)
0.22875985747075547,23.0,0,4.0,-0.9821262146443666,true,6.9256086246089055,0.1311992122574363,4.0,(-113.812335300683-(log((2.81823501997168/(v1*(v1*((1570.47914940334*v2)+(v1*sqrt_abs(v2)))))))+(v1/(2.13291360584396e10*v2)))),-0.9634491264576976,14.090083532145295,0.09577518586875709,14.090083532145295,4.503599627370504e15,3.3611871491474257,(-114.0-(log((2.82/(v1*(v1*((1570.0*v2)+(v1*sqrt_abs(v2)))))))+(v1/(2.13e10*v2))))
0.007342407637018725,23.0,0,3.0,-0.9998844055918795,true,0.16097268046530644,0.0012610766722050374,6.0,(((0.330340891386236*(v1/(-6.89613855950246e9*v2)))+(-1.99066392559508*log((2.63648980924548e10/(v1*sqrt_abs((v1+(2.15648598963889e10*v2))))))))-66.659416072976),-0.9999941182516109,0.00226736923323218,0.0011346981555293446,0.00226736923323218,7.378697629483821e19,0.03297852559410402,(((0.33*(v1/(-6.9e9*v2)))+(-1.99*log((2.64e10/(v1*sqrt_abs((v1+(2.16e10*v2))))))))-66.7)
0.07442235579038718,23.0,0,2.0,-0.9877325434382112,true,2.7390362922132,0.042739559944204523,6.0,(((0.319713475030074*(v1/(-6.89625516081662e9*(-8.81501089183377+v2))))+(-1.13040753880386*log((2.6365014693568e10/(v1*sqrt_abs((v1*v1)))))))-63.628541390884),-0.9964315342354164,1.3756163897530844,0.027889117998261975,1.3756163897530844,7.378697629483821e19,0.9527738652629067,(((0.32*(v1/(-6.9e9*(-8.82+v2))))+(-1.13*log((2.64e10/(v1*sqrt_abs((v1*v1)))))))-63.6)
0.008814126019200676,24.0,0,2336.0,-0.9999133041939097,true,0.1551000254416337,0.0017135213044125318,6.0,(-97.5902038561165-(log((0.00125204887208912/(v1*(v1*((0.911817505942172*v2)+(v1/2.64830487607131e10))))))+(-0.331553608988292*(v1/(-6.92110781620198e9*v2))))),-0.9999930290431233,0.002687250814364166,0.001267662760327367,0.002687250814364166,2.68435465e8,0.037155370840578676,(-97.6-(log((0.00125/(v1*(v1*((0.912*v2)+(v1/2.65e10))))))+(-0.332*(v1/(-6.92e9*v2)))))
0.010992812903928367,24.0,0,38.0,-0.9999422027959397,true,0.1934378470832243,0.0013852717754312405,6.0,(-113.602587173445-(log((40.2230237688854/(v1*(v1*(v1+(2.15650869028312e10*v2))))))+(1.0037910085113*(-2.46524186071811+(v1/(2.09301035563844e10*v2)))))),-0.9999895792899371,0.004017104408746118,0.0017293133084849905,0.004017104408746118,1.6777226e7,0.04978548326236176,(-114.0-(log((40.2/(v1*(v1*(v1+(2.16e10*v2))))))+(1.0*(-2.47+(v1/(2.09e10*v2))))))
0.008814126019200676,24.0,0,2336.0,-0.9999133041939097,true,0.1551000254416337,0.0017135213044125318,6.0,(-97.5902038561165-(log((0.00125204887208912/(v1*(v1*((0.911817505942172*v2)+(v1/2.64830487607131e10))))))+(-0.331553608988292*(v1/(-6.92110781620198e9*v2))))),-0.9999930290431233,0.002687250814364166,0.001267662760327367,0.002687250814364166,2.68435465e8,0.037155370840578676,(-97.6-(log((0.00125/(v1*(v1*((0.912*v2)+(v1/2.65e10))))))+(-0.332*(v1/(-6.92e9*v2)))))
0.00875767724351605,24.0,0,478.0,-0.9998988548928945,true,0.15410671010602783,0.0017468260257856427,6.0,(-117.341638078661-(log((0.0889626553235771/(v1*(v1*((1.01271311694395*v1)+(2.45386292361615e10*v2))))))+(-0.331541596208868*(v1/(-6.92119639912405e9*v2))))),-0.9999930316919409,0.002686229715334451,0.0012608984756953792,0.002686229715334451,2.68435465e8,0.03696609502231107,(-117.0-(log((0.089/(v1*(v1*((1.01*v1)+(2.45e10*v2))))))+(-0.332*(v1/(-6.92e9*v2)))))
0.010659215036899422,24.0,0,201.0,-0.9999422027959397,true,0.18756760679499251,0.001277832792421336,6.0,(-114.342627408591-(log((1.63524907011998/(v1*(v1*(v1+(2.18977798528963e10*v2))))))+(-0.331845300388122*((-6.92027519489223e9+v1)/(-6.92027987039784e9*v2))))),-0.9999904764787971,0.0036712449324416527,0.0016370175487834021,0.0036712449324416527,1.6777228e7,0.047225216533917126,(-114.0-(log((1.64/(v1*(v1*(v1+(2.19e10*v2))))))+(-0.332*((-6.92e9+v1)/(-6.92e9*v2)))))
0.010698612213632344,24.0,0,18.0,-0.9999422027959397,true,0.1882608693034129,0.0012610663880193076,5.0,(-115.765456923696-(log((0.393845592389687/(v1*(v1*(v1+(2.18975966534774e10*v2))))))+(-0.165918627262511*((v1+v1)/(-6.92009668331052e9*v2))))),-0.9999904363966652,0.0036866962892233572,0.0016420817992737243,0.0036866962892233572,1.6777231e7,0.04739271721007356,(-116.0-(log((0.394/(v1*(v1*(v1+(2.19e10*v2))))))+(-0.166*((v1+v1)/(-6.92e9*v2)))))
0.007464864380415622,24.0,0,3.0,-0.9998266083878192,true,0.13450174821927874,0.0020966644586401647,6.0,(-97.6218614720116-(log((0.00129237407978384/(v1*(v1*((-3.13906377947785+v2)+(v1/2.64830379315069e10))))))+(-0.331272910362162*(v1/(-6.9210969870027e9*v2))))),-0.9999911153370123,0.0034249699533543355,0.0013724564299068174,0.0034249699533543355,2.68435465e8,0.0409124883751599,(-97.6-(log((0.00129/(v1*(v1*((-3.14+v2)+(v1/2.65e10))))))+(-0.331*(v1/(-6.92e9*v2)))))
0.10354065413261293,24.0,0,0.0,-0.9855651482859517,true,2.9131542963129498,0.04533466891422816,7.0,(-100.583806070187-((-0.319665259211515*(v1/(-6.92132982551743e9*v2)))+(-1.04476690484518*log((0.031135752816974*((0.00145590089238002*(v1*(2.18855628056134e10*v1)))-v2)))))),-0.9960267524677404,1.5316566800690932,0.031072554232268877,1.5316566800690932,2058.0,1.0312017089363577,(-101.0-((-0.32*(v1/(-6.92e9*v2)))+(-1.04*log((0.0311*((0.00146*(v1*(2.19e10*v1)))-v2))))))
0.009985405965912493,24.0,0,281.0,-0.9999277534949247,true,0.17865939681232135,0.0015327049514669972,6.0,(-113.915039633589-(log((2.53966812584667/(v1*(v1*(v1+(2.1898257195275e10*(v2--7.2540104914944)))))))+(-0.331825472660082*(v1/(-6.92121820395641e9*v2))))),-0.9999910415957399,0.0034533966525790833,0.0015323241088248435,0.0034533966525790833,2.68435465e8,0.044499337286548486,(-114.0-(log((2.54/(v1*(v1*(v1+(2.19e10*(v2--7.25)))))))+(-0.332*(v1/(-6.92e9*v2)))))
0.008860648854302563,24.0,0,5.0,-0.9999133041939097,true,0.1559186764221394,0.001664926474367998,6.0,(-112.706720346693-(log((8.18918581677129/(v1*(v1*((v1/1.10053242500323)+(2.18980408962678e10*v2))))))+(-0.331557133634657*(v1/(-6.92100190532349e9*v2))))),-0.9999930223917612,0.0026898148637885177,0.0012706169028872459,0.0026898148637885177,2.68435465e8,0.03720209733893327,(-113.0-(log((8.19/(v1*(v1*((v1/1.1)+(2.19e10*v2))))))+(-0.332*(v1/(-6.92e9*v2)))))
0.010674968791144605,24.0,0,32.0,-0.9999422027959397,true,0.18784482176547357,0.0012663485003125293,6.0,(-113.6540830508-(log((3.25355367580426/(v1*(v1*(v1+(2.18976108403363e10*v2))))))+(0.331848679838032*(v1/(-6.91920686942985e9*(-0.0988443188167013-v2)))))),-0.9999904978079602,0.0036630227024046,0.0016316958052050073,0.0036630227024046,1.6777227e7,0.04679856455857848,(-114.0-(log((3.25/(v1*(v1*(v1+(2.19e10*v2))))))+(0.332*(v1/(-6.92e9*(-0.0988-v2))))))
0.008736304336110915,24.0,0,1634.0,-0.9998988548928945,true,0.15373061626812756,0.001752843502382296,6.0,(-97.6637137929265-(log((0.00116661518364461/(v1*(v1*((0.914949931888148*v2)+(v1/2.64830027536797e10))))))+(-0.331516152293342*(v1/(-6.92062771137693e9*v2))))),-0.9999930349624937,0.0026849689421205047,0.0012637810086580993,0.0026849689421205047,2.68435465e8,0.03709816418513591,(-97.7-(log((0.00117/(v1*(v1*((0.915*v2)+(v1/2.65e10))))))+(-0.332*(v1/(-6.92e9*v2)))))
0.13810189921275073,24.0,0,0.0,-0.9847993353321534,true,3.885547608240227,0.05340243798352498,6.0,(-118.899311191294-(log((-3.37882094353093/(v1*(v1*(v1+(2.18973599093768e10*(-287911.173416781+v2)))))))+(-0.314850567822515*(v1/(-6.92050865552387e9*v2))))),-0.9944688579126657,2.1322131726484583,0.035281375434148735,2.1322131726484583,2.68435465e8,1.172325301935538,(-119.0-(log((-3.38/(v1*(v1*(v1+(2.19e10*(-288000.0+v2)))))))+(-0.315*(v1/(-6.92e9*v2)))))
0.009933402509191537,24.0,0,321.0,-0.9999277534949247,true,0.17789873821588742,0.0015671479310006699,6.0,(-119.318352301936-(log((0.0114418429504945/(v1*(v1*(v1+(2.18855329334914e10*(v2--7.42032403681195)))))))+(1.03384887437904*(v1/(2.15652476498451e10*v2))))),-0.9999910206201643,0.0034614825772808972,0.0015341120107920422,0.0034614825772808972,2.68435465e8,0.04464931248388091,(-119.0-(log((0.0114/(v1*(v1*(v1+(2.19e10*(v2--7.42)))))))+(1.03*(v1/(2.16e10*v2)))))
0.010582444245621344,24.0,0,444.0,-0.9999422027959397,true,0.18621668990834195,0.001305069128966881,6.0,(-115.844666639505-(log((0.364645251685119/(v1*(v1*(2.64814430566569e10+(v1+(2.18972565728214e10*v2)))))))+(-0.331883863126403*(v1/(-6.92127882673392e9*v2))))),-0.9999906255956917,0.0036137615046172807,0.0016186488831984281,0.0036137615046172807,2.68435465e8,0.04671719411028033,(-116.0-(log((0.365/(v1*(v1*(2.65e10+(v1+(2.19e10*v2)))))))+(-0.332*(v1/(-6.92e9*v2)))))
0.006951187818119251,25.0,0,255.0,-0.9998844055918795,true,0.15882651086684518,0.0013497734460995539,7.0,(-97.3605409195569-((1.04883328373246*(v1/(2.18982642296861e10*v2)))+(-1.98889051504707*log((28.6899764468581*(v1*sqrt_abs((v2+((v1/2.15006888868645e10)-2.42855245109814))))))))),-0.9999942105218167,0.0022317997712334543,0.0011200708732702997,0.0022317997712334543,1.361129467683754e39,0.03291359176883157,(-97.4-((1.05*(v1/(2.19e10*v2)))+(-1.99*log((28.7*(v1*sqrt_abs((v2+((v1/2.15e10)-2.43)))))))))
0.009810646734121234,25.0,0,33.0,-0.9999422027959397,true,0.1818084458771878,0.0013785101982041754,7.0,(-82.7151257121605-((-0.33180874884795*(v1/(-6.92092221127244e9*v2)))+(-1.99697434120951*log((0.0277483496257416*(0.586977340320792*(v1*sqrt_abs((v2+(v1/2.15013438053109e10)))))))))),-0.9999917888765179,0.0031653256008242208,0.0014934946893236862,0.0031653256008242208,1.4757395258967641e20,0.04318753608422142,(-82.7-((-0.332*(v1/(-6.92e9*v2)))+(-2.0*log((0.0277*(0.587*(v1*sqrt_abs((v2+(v1/2.15e10))))))))))
0.05050924735901929,25.0,0,1.0,-0.9966911100675505,true,1.5852538707707424,0.017248952905267997,7.0,(-98.1062998035298-((-0.318522602120662*(v1/(-6.9213968210482e9*v2)))+(-2.07418513028922*log((11.4687516123108*((v1*sqrt_abs((v2+14.1482251470374)))-(4643.21242870625*v2))))))),-0.9989465437567631,0.4060993630559682,0.012775207150505353,0.4060993630559682,2.097162e6,0.42026816147271534,(-98.1-((-0.319*(v1/(-6.92e9*v2)))+(-2.07*log((11.5*((v1*sqrt_abs((v2+14.1)))-(4640.0*v2)))))))
0.02958667909801643,25.0,0,53.0,-0.9983527796842828,true,2.356451308315968,0.016950586747219904,6.0,(-45.4799395435054-((v1/(2.14993568236885e10*v2))+(2.06500001905425*log((2.80295537691681e10/(v1*sqrt_abs((v2+((10.2434261920979*v2)+(v1/2.64830353273622e10)))))))))),-0.9993379225201816,0.25522582886005335,0.009783926934664013,0.25522582886005335,5.363123171977039e154,0.3355116561164173,(-45.5-((v1/(2.15e10*v2))+(2.07*log((2.8e10/(v1*sqrt_abs((v2+((10.2*v2)+(v1/2.65e10))))))))))
0.07358917389616772,25.0,0,3.0,-0.9872557165047141,true,2.6790385177727387,0.04520343876298601,7.0,(-99.1577297236253-((-0.324991210701553*(v1/(-6.92132954374175e9*v2)))+(-1.49526809058096*log((17.2331196960613*(v1*sqrt_abs(((-270.717940376464*v2)-(468.842935596416*v1))))))))),-0.996475134711888,1.3588087379519591,0.02871454753885125,1.3588087379519591,1.361129467683754e39,0.9679290453436589,(-99.2-((-0.325*(v1/(-6.92e9*v2)))+(-1.5*log((17.2*(v1*sqrt_abs(((-271.0*v2)-(469.0*v1)))))))))
0.007229993300649159,25.0,0,0.0,-0.9998844055918795,true,0.1613100289849001,0.0012479506258690591,7.0,(-91.7374028689644-((-0.331499038229639*(v1/(-6.92055464379873e9*v2)))+(-1.98970147470364*log((1.67497740919416*(v1*sqrt_abs((-1.80508569805085+(v2+(v1/2.14703829824932e10)))))))))),-0.9999941894249149,0.002239932466300657,0.0011258799931297824,0.002239932466300657,1.361129467683754e39,0.03273049996013935,(-91.7-((-0.331*(v1/(-6.92e9*v2)))+(-1.99*log((1.67*(v1*sqrt_abs((-1.81+(v2+(v1/2.15e10))))))))))
1.685066633027078,25.0,0,0.0,-0.25161290322580643,true,34.374935240351675,0.8149441086574779,6.0,(-45.7977452077203-(exp(log((0.642517455392486/(v1*(v1*(v1+(2.18977797327758e10*v2)))))))+(-0.283100983108934*((-6.92027507477178e9+v1)/(-6.9202797513853e9*v2))))),-0.10106038527963224,346.53437891450915,0.538028032071958,346.53437891450915,1.7976931348623157e308,16.3947218453581,(-45.8-(exp(log((0.643/(v1*(v1*(v1+(2.19e10*v2)))))))+(-0.283*((-6.92e9+v1)/(-6.92e9*v2)))))
0.007299573556066033,25.0,0,9.0,-0.9998844055918795,true,0.15742861206705072,0.0013246417843916173,6.0,(-66.6804676374417-((-0.331474959423318*(v1/(v2+(-6.92030819636484e9*v2))))+(1.99129824235054*log((2.63893574242406e10/(v1*sqrt_abs((v1+(2.1898426730783e10*v2))))))))),-0.9999941463948,0.0022565202480498412,0.0011138973897898794,0.0022565202480498412,7.378697629483821e19,0.03246942637152187,(-66.7-((-0.331*(v1/(v2+(-6.92e9*v2))))+(1.99*log((2.64e10/(v1*sqrt_abs((v1+(2.19e10*v2)))))))))
0.0073012543349612775,25.0,0,2126.0,-0.9998844055918795,true,0.15779928526141873,0.0013070347787689934,7.0,(-66.6738238270279-((-0.331465545728846*(v1/(-6.92011463029044e9*v2)))+(1.99105969230618*log((2.6389384270931e10/(v1*sqrt_abs((v1+(2.18719492048592e10*(-0.769928959882139+v2)))))))))),-0.9999941814152908,0.002243020115421904,0.0011103111364418,0.002243020115421904,1.361129467683754e39,0.03231120549258251,(-66.7-((-0.331*(v1/(-6.92e9*v2)))+(1.99*log((2.64e10/(v1*sqrt_abs((v1+(2.19e10*(-0.77+v2))))))))))
0.10677950060683956,25.0,0,0.0,-0.9881804717696782,true,5.299990036732751,0.05704055020478773,6.0,(-103.205659020636-((v1/(2.15009407185995e10*(-17.1666140463435+v2)))+(-1.65565151570766*log((v1*sqrt_abs(((-2449.81303981501*v1)-(-6.9213341525311e9*(v2+v2))))))))),-0.9928825941584639,2.743705775550286,0.041126167427993826,2.743705775550286,2.6815615859885194e154,1.4157393832642922,(-103.0-((v1/(2.15e10*(-17.2+v2)))+(-1.66*log((v1*sqrt_abs(((-2450.0*v1)-(-6.92e9*(v2+v2)))))))))
0.022925914818567057,25.0,0,0.0,-0.9982227359751472,true,0.6109805013277949,0.015660563764944645,7.0,(-66.1705039312104-((-0.333714176174795*(v1/(-6.92007233112713e9*v2)))+(1.99157464828127*log((2.6389341971817e10/(v1*sqrt_abs((v1+(-6.919633714039e9*(-194.46714177102-v2)))))))))),-0.9996495846626121,0.13508244526703828,0.009990239885359384,0.13508244526703828,1.361129467683754e39,0.3198007064851077,(-66.2-((-0.334*(v1/(-6.92e9*v2)))+(1.99*log((2.64e10/(v1*sqrt_abs((v1+(-6.92e9*(-194.0-v2))))))))))
0.06006045794052556,25.0,0,1.0,-0.9975436188274392,true,1.2510671442179486,0.019993536454289015,6.0,(-95.2194954815543-((v1/(2.14745872061424e10*(v2+(9.3024840240495e10/(-4.24916537149186e11+(v1/v2))))))+(-2.15150911517349*log((1.08669727383646*(v1*sqrt_abs(v2))))))),-0.999196912051053,0.3095842913638385,0.013840649312964953,0.3095842913638385,1047.0,0.43323273853721245,(-95.2-((v1/(2.15e10*(v2+(9.3e10/(-4.25e11+(v1/v2))))))+(-2.15*log((1.09*(v1*sqrt_abs(v2)))))))
0.007122700234732623,25.0,0,2.0,-0.9998844055918795,true,0.15932173976401032,0.0013358633562658788,7.0,(((0.330339594391531*(v1/(-6.89642223468272e9*(0.0168417440122508+v2))))+(-1.99006521538911*log((2.63651817677048e10/(v1*sqrt_abs((v1+(2.15648595116139e10*v2))))))))-66.6480368373123),-0.9999941468955357,0.0022563272182402755,0.0011217470463308358,0.0022563272182402755,7.378697629483821e19,0.03275417680563318,(((0.33*(v1/(-6.9e9*(0.0168+v2))))+(-1.99*log((2.64e10/(v1*sqrt_abs((v1+(2.16e10*v2))))))))-66.6)
0.007334462691773241,25.0,0,424.0,-0.9998699562908644,true,0.15764219191722617,0.0012897105168321026,7.0,(((0.330324204130748*(v1/(-6.89645766048949e9*v2)))+(-1.99086301360072*log((2.63652171935113e10/(v1*sqrt_abs((v1+(2.18718866393837e10*(v2-2.78921555325045)))))))))-66.669933600199),-0.9999942302979145,0.0022241762360837693,0.001114986596516549,0.0022241762360837693,1.361129467683754e39,0.03243604318982989,(((0.33*(v1/(-6.9e9*v2)))+(-1.99*log((2.64e10/(v1*sqrt_abs((v1+(2.19e10*(v2-2.79)))))))))-66.7)
0.007227204023536583,25.0,0,1.0,-0.9998844055918795,true,0.16011275551681337,0.0012926859459946862,7.0,(((-0.331430097811481*(v1/(-6.91896291677785e9*(-0.0157249943356654-v2))))+(-1.9903559635596*log((2.63645712823566e10/(v1*sqrt_abs((v1+(2.15642490263132e10*v2))))))))-66.6536105012929),-0.9999941435750096,0.0022576072557673054,0.0011271609409220223,0.0022576072557673054,7.378697629483821e19,0.0328182011364335,(((-0.331*(v1/(-6.92e9*(-0.0157-v2))))+(-1.99*log((2.64e10/(v1*sqrt_abs((v1+(2.16e10*v2))))))))-66.7)
0.007053146782369171,25.0,0,725.0,-0.9998844055918795,true,0.15609775946414572,0.00134911462682797,7.0,(((0.330302219494764*(v1/(-6.89646659729698e9*v2)))+(-1.99007192321624*log((2.63652261303182e10/(v1*sqrt_abs((v1+(2.18718955761909e10*(-1.99530695486783+v2)))))))))-66.6548286446013),-0.9999942128137784,0.0022309162374476517,0.0011021333723844583,0.0022309162374476517,1.361129467683754e39,0.032349564780208305,(((0.33*(v1/(-6.9e9*v2)))+(-1.99*log((2.64e10/(v1*sqrt_abs((v1+(2.19e10*(-2.0+v2)))))))))-66.7)
0.014337876896465514,25.0,0,4.0,-0.9999277534949247,true,0.2523001221648613,0.00267659700661867,7.0,(((0.331147932758736*(v1/(-6.89612967255219e9*v2)))+(-2.00953355422356*log((2.63648892055078e10/(v1*(0.230886938194321*sqrt_abs((v1+(2.15648510094726e10*v2)))))))))-64.0689334140837),-0.9999765140075926,0.009053671302099692,0.0027029598843042787,0.009053671302099692,2.9514790517935283e20,0.08113446463144022,(((0.331*(v1/(-6.9e9*v2)))+(-2.01*log((2.64e10/(v1*(0.231*sqrt_abs((v1+(2.16e10*v2)))))))))-64.1)
0.0743540691059956,25.0,0,32.0,-0.9874291081168949,true,2.510816363361023,0.04395541822358495,6.0,(((0.318023948932477*(v1/(-6.89458783495381e9*(-9.2915213143204+v2))))+(-1.48040296881923*log((2.63633473675093e10/(v1*sqrt_abs(((v2*v1)/v2)))))))-54.1262213567502),-0.9964963905949653,1.3506147568214448,0.02820125928136274,1.3506147568214448,1.7976931348623157e308,0.9647548202591358,(((0.318*(v1/(-6.89e9*(-9.29+v2))))+(-1.48*log((2.64e10/(v1*sqrt_abs(((v2*v1)/v2)))))))-54.1)
0.10629676870688863,25.0,0,0.0,-0.9825885922768486,true,3.7856327696597063,0.05583080164213048,7.0,(-31.4959804131593-((v1/(2.14744173028846e10*(v2-6.91162287613117)))+(1.49239825942872*log((2.63642260971557e10/(v1*sqrt_abs((v1/(2.14740693399189e10*(v2-1320.50841375865)))))))))),-0.9940065885326105,2.3104144999516762,0.03881194226803851,2.3104144999516762,1.7976931348623157e308,1.2655329567709503,(-31.5-((v1/(2.15e10*(v2-6.91)))+(1.49*log((2.64e10/(v1*sqrt_abs((v1/(2.15e10*(v2-1320.0))))))))))
0.05362378418695086,26.0,0,2.0,-0.997933749954846,true,1.2497346790906647,0.02038668294895612,6.0,(-83.6807355601714-((-0.320688064765756*(v1/(-6.92086068463782e9*v2)))+(-2.1364294091851*log((0.0168254350984702*((0.355885599709217*(v1*sqrt_abs(v2)))-sqrt_abs((v1*v2)))))))),-0.9992283476068362,0.29746612389097127,0.013353533940749012,0.29746612389097127,8.796093022218e12,0.42205189617774197,(-83.7-((-0.321*(v1/(-6.92e9*v2)))+(-2.14*log((0.0168*((0.356*(v1*sqrt_abs(v2)))-sqrt_abs((v1*v2))))))))
0.05284677374066421,26.0,0,17.0,-0.9978326048477405,true,1.2628652286657314,0.02037424581764715,7.0,(-83.6600391228589-((-0.320602396001036*(v1/(-6.92084255476545e9*v2)))+(-2.13399294064581*log((0.0169877137839714*((0.35930603589347*(v1*sqrt_abs(v2)))-(sqrt_abs(v2)/2.15013184380412e10))))))),-0.9992286168947053,0.2973623154671834,0.013354374870872902,0.2973623154671834,65546.0,0.4219834133944554,(-83.7-((-0.321*(v1/(-6.92e9*v2)))+(-2.13*log((0.017*((0.359*(v1*sqrt_abs(v2)))-(sqrt_abs(v2)/2.15e10)))))))
0.05284702327308546,26.0,0,18.0,-0.9978326048477405,true,1.2628652536976404,0.020374222705768812,6.0,(-83.6602354273384-((-0.320603305019408*(v1/(-6.92086180646805e9*v2)))+(-2.1339938758428*log((0.0169882201042262*((0.359324237655273*(v1*sqrt_abs(v2)))-sqrt_abs((v2*v2)))))))),-0.9992286171674845,0.29736221031292914,0.01335436403605356,0.29736221031292914,8.796093022218e12,0.42198317042087613,(-83.7-((-0.321*(v1/(-6.92e9*v2)))+(-2.13*log((0.017*((0.359*(v1*sqrt_abs(v2)))-sqrt_abs((v2*v2))))))))
0.010546986522801382,26.0,0,595.0,-0.9999422027959397,true,0.1859579781951055,0.001326013366315034,7.0,(-115.728975192088-(log((0.409675470139785/(v1*(v1*(v1+(2.18978894648488e10*v2))))))+(-1.27306004023982*((-6.92038480686884e9+(0.260669901899094*v1))/(-6.92038947813445e9*v2))))),-0.999990571469435,0.0036346267645901674,0.0016228311021643026,0.0036346267645901674,1.6777231e7,0.04675790939583752,(-116.0-(log((0.41/(v1*(v1*(v1+(2.19e10*v2))))))+(-1.27*((-6.92e9+(0.261*v1))/(-6.92e9*v2)))))
0.010598036744093205,26.0,0,74.0,-0.9999422027959397,true,0.18649106730031662,0.0013202904857447916,6.0,(-114.347747308101-(log((1.62877747796463/(v1*(v1*(v1+(2.18977698135333e10*v2))))))+(-0.349415022303958*((v1+(-0.0503627233558232*v1))/(-6.92026983067958e9*v2))))),-0.9999904404557938,0.0036851315260229165,0.001648579959327936,0.0036851315260229165,1.6777234e7,0.047851440685013305,(-114.0-(log((1.63/(v1*(v1*(v1+(2.19e10*v2))))))+(-0.349*((v1+(-0.0504*v1))/(-6.92e9*v2)))))
0.008793322719710747,26.0,0,414.0,-0.9999133041939097,true,0.1547339548552671,0.0016541760345695088,7.0,(-97.5896107473441-(log((0.00125139660093041/(v1*(v1*((0.9070829159357+(0.908383492404142*v2))+(v1/2.64830433461093e10))))))+(-0.33155894847756*(v1/(-6.92110240159809e9*v2))))),-0.9999930492407227,0.002679464793492393,0.0012673392313892811,0.002679464793492393,4.294967305e9,0.03712207851301565,(-97.6-(log((0.00125/(v1*(v1*((0.907+(0.908*v2))+(v1/2.65e10))))))+(-0.332*(v1/(-6.92e9*v2)))))
0.008635829380297983,26.0,0,519.0,-0.9998988548928945,true,0.15196258298055199,0.0017737814623381126,7.0,(-97.677057702652-(log((0.00115338786690686/(v1*(v1*((0.915068845106056*v2)+((2.18855590351505e10+v1)/2.64830003083214e10))))))+(-0.331505903250193*(v1/(-6.92062526601922e9*v2))))),-0.9999930579035484,0.002676125340125246,0.0012586705965936897,0.002676125340125246,4.294967305e9,0.03699544220972731,(-97.7-(log((0.00115/(v1*(v1*((0.915*v2)+((2.19e10+v1)/2.65e10))))))+(-0.332*(v1/(-6.92e9*v2)))))
0.008781087587708339,26.0,0,589.0,-0.9999133041939097,true,0.1545186562220593,0.0016715831462053167,7.0,(-97.662064946149-(log((0.00116477670909916/(v1*(v1*((0.909505944190386*(v2--0.854431226899703))+(v1/2.64829973391612e10))))))+(-0.331532329726821*(v1/(-6.92062229685807e9*v2))))),-0.9999930495463163,0.0026793469895140904,0.0012661981514825804,0.0026793469895140904,4.294967305e9,0.03710379170556359,(-97.7-(log((0.00116/(v1*(v1*((0.91*(v2--0.854))+(v1/2.65e10))))))+(-0.332*(v1/(-6.92e9*v2)))))
0.008751201982338912,26.0,0,10.0,-0.9998988548928945,true,0.1539927665146692,0.001750950281027987,6.0,(-97.9058157608621-(log((0.00100041743163537/(v1*(v1*(v2+(((1.09243793805442*v1)-v2)/2.64807273728331e10))))))+(-0.233393681694788*(v1/(-4.87230976746595e9*v2))))),-0.9999930316712905,0.0026862376758763837,0.001260178222018436,0.0026862376758763837,6.8719476745e10,0.036946893060591596,(-97.9-(log((0.001/(v1*(v1*(v2+(((1.09*v1)-v2)/2.65e10))))))+(-0.233*(v1/(-4.87e9*v2)))))
0.006994732454751657,26.0,0,31.0,-0.9998410576888344,true,0.14941574412318914,0.0021680418251113225,6.0,(-97.8963152464773-(log((0.000991045974305881/(v1*(v1*(v2+((v1-(342.034818682564*v2))/2.64807334337684e10))))))+(-0.233153777527398*(v1/(-4.87231582841216e9*v2))))),-0.9999910563662139,0.0034477027472836776,0.0012899338745005976,0.0034477027472836776,6.8719476745e10,0.03866362432688316,(-97.9-(log((0.000991/(v1*(v1*(v2+((v1-(342.0*v2))/2.65e10))))))+(-0.233*(v1/(-4.87e9*v2)))))
0.008809880629799462,26.0,0,0.0,-0.9999133041939097,true,0.15502532035996097,0.0016360254787327949,7.0,(-112.698428255204-(log((8.28024944391474/(v1*(v1*((v1/1.09722863143815)+(2.18982417742042e10*(1.10836743715804+v2)))))))+(-0.331567720904831*(v1/(-6.92120278287898e9*v2))))),-0.9999930472645557,0.002680226590839914,0.0012688424935521213,0.002680226590839914,4.294967305e9,0.03714554546222273,(-113.0-(log((8.28/(v1*(v1*((v1/1.1)+(2.19e10*(1.11+v2)))))))+(-0.332*(v1/(-6.92e9*v2)))))
0.010560343140991649,26.0,0,260.0,-0.9999422027959397,true,0.18582778216151752,0.0013105841870006954,7.0,(-116.82327161212-(log((0.137065272367527/(v1*(v1*(2.64805640689549e10+(v1+(2.18963775852108e10*v2)))))))+(0.331816518271974*(v1/(-6.91879063701284e9*(-0.0949725728649588-v2)))))),-0.9999906872829013,0.00358998155488058,0.0016084588684150561,0.00358998155488058,2.68435467e8,0.04612292258660901,(-117.0-(log((0.137/(v1*(v1*(2.65e10+(v1+(2.19e10*v2)))))))+(0.332*(v1/(-6.92e9*(-0.095-v2))))))
0.007250446983062963,27.0,0,678.0,-0.9998410576888344,true,0.15785344523255418,0.0012635261265998416,7.0,(-83.1359444880386-((-0.33153640154137*(v1/(-6.92149302119313e9*v2)))+(-1.98863443013227*log((0.0226732186339659*((v1*sqrt_abs((v2+(v1/2.15019146152243e10))))-(0.226214887957006*v1))))))),-0.999994338269133,0.002182554153213268,0.0011240796437523015,0.002182554153213268,5.902958103587057e20,0.0328853841345051,(-83.1-((-0.332*(v1/(-6.92e9*v2)))+(-1.99*log((0.0227*((v1*sqrt_abs((v2+(v1/2.15e10))))-(0.226*v1)))))))
0.05559068574927014,27.0,0,1.0,-0.9980348950619514,true,1.2158394027906638,0.01959846713576058,5.0,(-103.878937337239-((v1/(2.15648272748237e10*((1.00008742482742*v2)+(v1/(v2*(v1*v2))))))+(-2.14264500108545*log((69.0814051162513*(v1*sqrt_abs(v2))))))),-0.9992256259649662,0.2985152961152147,0.013360848349363104,0.2985152961152147,1081.0,0.42259780460885127,(-104.0-((v1/(2.16e10*((1.0*v2)+(v1/(v2*(v1*v2))))))+(-2.14*log((69.1*(v1*sqrt_abs(v2)))))))
0.1483812696718734,27.0,0,1.0,-0.9649893436405014,true,5.751920478659535,0.07562637744268033,6.0,(-91.6682781006466-((v1/(2.14744997630449e10*(v2+(9.30247528045685e10/(-4.24916449713258e11+(v1/v2))))))+(-1.6333204181345*log((1.67710209712089*(v1*sqrt_abs((v1/v2)))))))),-0.985785827375419,5.479455351152858,0.055150906576158155,5.479455351152858,7.378697629483821e19,1.9379978305006036,(-91.7-((v1/(2.15e10*(v2+(9.3e10/(-4.25e11+(v1/v2))))))+(-1.63*log((1.68*(v1*sqrt_abs((v1/v2))))))))
0.007270698575986276,27.0,0,2.0,-0.9998699562908644,true,0.16593996925006138,0.0012515200727924226,8.0,(-97.3557503193373-((1.04904152856813*(v1/(2.18982571949881e10*v2)))+(-1.98853756485016*log((28.7375661935924*(v1*sqrt_abs((v2+(((v1/2.15006818521673e10)-3.00340066848907)/0.980250673260808))))))))),-0.9999941077453437,0.0022714193192657065,0.0011493197155515807,0.0022714193192657065,4.631683569492648e77,0.033290247144595914,(-97.4-((1.05*(v1/(2.19e10*v2)))+(-1.99*log((28.7*(v1*sqrt_abs((v2+(((v1/2.15e10)-3.0)/0.98)))))))))
0.007115164839296356,27.0,0,2725.0,-0.9998699562908644,true,0.1564118561331611,0.0013361171006468432,8.0,(-91.8023484617127-((-0.331505510081394*(v1/(-6.92150236573777e9*v2)))+(-1.99015386433107*log((1.72391497101104*(v1*sqrt_abs((v2+(-11.9422515065437*(0.220791321324697+(v1/-2.61350507144869e11))))))))))),-0.9999942305728691,0.002224070243163837,0.0011038362660473952,0.002224070243163837,4.631683569492648e77,0.032333647384485305,(-91.8-((-0.332*(v1/(-6.92e9*v2)))+(-1.99*log((1.72*(v1*sqrt_abs((v2+(-11.9*(0.221+(v1/-2.61e11)))))))))))
0.007053707369024836,27.0,0,0.0,-0.9998844055918795,true,0.15846618955947633,0.0013302843836467586,7.0,(-113.263972865596-((-0.331517174985618*(v1/(-6.92138701284851e9*v2)))+(-1.98993977487699*log((v1*sqrt_abs(((-0.00205517215036147*v1)-(-6.9207626191134e9*(v2+(v1/2.14468898955365e10)))))))))),-0.999994136683361,0.0022602639338600004,0.001120231883731783,0.0022602639338600004,1.7976931348623157e308,0.03283244912340025,(-113.0-((-0.332*(v1/(-6.92e9*v2)))+(-1.99*log((v1*sqrt_abs(((-0.00206*v1)-(-6.92e9*(v2+(v1/2.14e10))))))))))
1.1634444609964434,27.0,0,0.0,-0.35661597370227216,true,100.36855134054042,0.4889178620203186,7.0,(-33.9748649737027-((v1/(2.14752248495522e10*(v2+(-6.92117055476434e9*v2))))+(0.0900148276211806*log((2504.63158794969*(14456.6359366057+(v1*sqrt_abs((v2+(v1/2.15010691619863e10)))))))))),-0.0097311074452191,381.7411203382964,0.2900241660225731,381.7411203382964,1.4757395258967641e20,11.095390254161297,(-34.0-((v1/(2.15e10*(v2+(-6.92e9*v2))))+(0.09*log((2500.0*(14500.0+(v1*sqrt_abs((v2+(v1/2.15e10))))))))))
0.14443500344871033,27.0,0,0.0,-0.9656684607882093,true,5.5989455812654825,0.07474489806986104,7.0,(-91.5199036091633-((v1/(2.1474489244322e10*(v2+(9.30247422859628e10/(-4.24916439194652e11+(19.1509199613592/v2))))))+(-1.62840726559705*log((1.8349071214532*(v1*sqrt_abs((v1/v2)))))))),-0.986154256896852,5.337428575057012,0.054680466922229914,5.337428575057012,7.378697629483821e19,1.920677214658545,(-91.5-((v1/(2.15e10*(v2+(9.3e10/(-4.25e11+(19.2/v2))))))+(-1.63*log((1.83*(v1*sqrt_abs((v1/v2))))))))
0.055652404904599474,27.0,0,0.0,-0.9980348950619514,true,1.2061827307160797,0.019634610056173972,5.0,(-103.879146226403-((v1/(2.15648268543099e10*(v2+((v1/(v2*(v1*v2)))*15.3239840167175))))+(-2.14268970221896*log((69.0686620662808*(v1*sqrt_abs(v2))))))),-0.9992251931759414,0.298682132989974,0.013371483289555305,0.298682132989974,1081.0,0.42283766608418893,(-104.0-((v1/(2.16e10*(v2+((v1/(v2*(v1*v2)))*15.3))))+(-2.14*log((69.1*(v1*sqrt_abs(v2)))))))
0.046859595656069834,27.0,0,8.0,-0.9962431817360835,true,1.7120613568390013,0.023005551770095795,7.0,(-92.1811693811234-((-0.317849364572379*(v1/(-6.92055924610388e9*v2)))+(-2.03827495156527*log((1.32772275398889*(v1*sqrt_abs((-13.3404472319999+(v2+((v1/v2)/2.14703875844864e10)))))))))),-0.9988996510092046,0.42417616030093713,0.01671959548686976,0.42417616030093713,1.7976931348623157e308,0.5505973752928728,(-92.2-((-0.318*(v1/(-6.92e9*v2)))+(-2.04*log((1.33*(v1*sqrt_abs((-13.3+(v2+((v1/v2)/2.15e10))))))))))
0.007324738011791136,27.0,0,2699.0,-0.9998844055918795,true,0.1573368921686864,0.0013245339670433526,8.0,(-109.490658745443-((-0.331523008015434*(v1/(-6.92141980162138e9*v2)))+(-1.99098971841516*log((0.147620151904397*(v1*sqrt_abs(((-6.91932809341654e9*(-2.13821385243616+v2))-(0.315101660457319*v1))))))))),-0.9999942144378252,0.0022302901797644024,0.0011043980878521864,0.0022302901797644024,4.631683569492648e77,0.03211571502844109,(-109.0-((-0.332*(v1/(-6.92e9*v2)))+(-1.99*log((0.148*(v1*sqrt_abs(((-6.92e9*(-2.14+v2))-(0.315*v1)))))))))
0.11702652855347111,27.0,0,2.0,-0.9865910486580212,true,3.3578127679197003,0.07480121702370554,7.0,(-102.653286826081-((-0.331984505745824*(v1/(-6.92140923109071e9*v2)))+(-1.62826850405203*log((3.03810957417651*((v1*sqrt_abs((v2+(v1/-0.000543173368235187))))-(v2*1959.53961803778))))))),-0.9923176791122348,2.961476225843938,0.048064393554848546,2.961476225843938,5.902958103587057e20,1.4962715486540334,(-103.0-((-0.332*(v1/(-6.92e9*v2)))+(-1.63*log((3.04*((v1*sqrt_abs((v2+(v1/-0.000543))))-(v2*1960.0)))))))
0.007118064164137691,27.0,0,5594.0,-0.9998699562908644,true,0.1566089810522584,0.001330170781166205,8.0,(-91.7425058469973-((-0.331444615678856*(v1/(-6.92018864498594e9*v2)))+(-1.99010694245873*log((1.67410707686998*(v1*sqrt_abs((v2+(-11.9492807188261*(0.225453156148166+(v1/-2.61350941994729e11))))))))))),-0.9999942290208553,0.0022246685326517005,0.0011046834475576415,0.0022246685326517005,4.631683569492648e77,0.03235349383398087,(-91.7-((-0.331*(v1/(-6.92e9*v2)))+(-1.99*log((1.67*(v1*sqrt_abs((v2+(-11.9*(0.225+(v1/-2.61e11)))))))))))
0.2788433018049125,27.0,0,0.0,-0.9677925080374237,true,10.809211307704182,0.15487459993747937,7.0,(-83.1312251609306-((v1/(2.14983059665759e10*v2))+(-2.12926892400176*log((0.734961818810806*sqrt_abs(((-6.9154318593607e9*(34648.6290691159+v2))-(v1*(v1*(v1/-6.52137304327015e13)))))))))),-0.9397636917356877,23.220638328381593,0.11431783966182534,23.220638328381593,1.7976931348623157e308,4.170056861019075,(-83.1-((v1/(2.15e10*v2))+(-2.13*log((0.735*sqrt_abs(((-6.92e9*(34600.0+v2))-(v1*(v1*(v1/-6.52e13))))))))))
0.11512296310245207,27.0,0,3.0,-0.9845392479138821,true,3.728342444875203,0.07704656393325034,7.0,(((0.333586281574981*(v1/(-6.92139611823973e9*v2)))+(-1.65492356518671*log((0.654268779143409/(v1*sqrt_abs(((-18044.3663468307*v1)-(-6.92135333546145e9*(v2+v2)))))))))-104.749052895068),-0.9913401587864267,3.3383028707410984,0.049955889160422866,3.3383028707410984,5.363123171977039e154,1.5534902793349927,(((0.334*(v1/(-6.92e9*v2)))+(-1.65*log((0.654/(v1*sqrt_abs(((-18000.0*v1)-(-6.92e9*(v2+v2)))))))))-105.0)
0.007176466010875412,27.0,0,2674.0,-0.9998699562908644,true,0.15815912158198842,0.0012946306450750745,8.0,(((0.331517981999474*(v1/(-6.92147230285852e9*v2)))+(-1.98999143979047*log((393.319364126785/(v1*sqrt_abs(((0.317938897866609*v1)-(-6.92142952011554e9*(-2.76804388205708+v2)))))))))-101.369535568959),-0.9999942271540511,0.0022253881715104734,0.0011102689721926783,0.0022253881715104734,4.631683569492648e77,0.032421783792253425,(((0.332*(v1/(-6.92e9*v2)))+(-1.99*log((393.0/(v1*sqrt_abs(((0.318*v1)-(-6.92e9*(-2.77+v2)))))))))-101.0)
0.010712185690057947,27.0,0,1.0,-0.9999422027959397,true,0.1884997184569599,0.0012021242592014376,6.0,(-115.49604056739-(log((0.514109510533226/(v1*(v1*(v1+(2.18974482680452e10*(v2+(sqrt_abs(v1)/-365286.860005497))))))))+(-0.331863201315689*(v1/(-6.92059698969451e9*v2))))),-0.9999909908158938,0.0034729718967005598,0.0015941574443617147,0.0034729718967005598,1.7592186044425e13,0.04591971792321653,(-115.0-(log((0.514/(v1*(v1*(v1+(2.19e10*(v2+(sqrt_abs(v1)/-365000.0))))))))+(-0.332*(v1/(-6.92e9*v2)))))
0.06122211980642719,27.0,0,0.0,-0.9973557779142433,true,1.7225068050570052,0.022958359617528477,7.0,(((0.324658303802624*(v1/(-6.92137508811209e9*v2)))+(-1.59799200210211*log((0.00116201972569725/(v1*sqrt_abs((v2+(((110.618745260733*v1)-v2)/2.64807248300932e10))))))))-90.9415426073921),-0.9987135287811723,0.49592486247981016,0.017950678360511375,0.49592486247981016,5.363123171977039e154,0.5869754910910208,(((0.325*(v1/(-6.92e9*v2)))+(-1.6*log((0.00116/(v1*sqrt_abs((v2+(((111.0*v1)-v2)/2.65e10))))))))-90.9)
0.0070693982973523,27.0,0,1137.0,-0.9998844055918795,true,0.15610672042340923,0.0013479601143628237,8.0,(-66.7434521858795-((-0.331435805843723*(0.265069909006093+(v1/(-6.92008779661562e9*v2))))+(1.99018439223825*log((2.63893574372559e10/(v1*sqrt_abs((v1+(2.18719134266143e10*(-1.8205143637853+v2)))))))))),-0.999994214892743,0.0022301148124098526,0.0011023814130432714,0.0022301148124098526,1.361129467683754e39,0.03233104969086364,(-66.7-((-0.331*(0.265+(v1/(-6.92e9*v2))))+(1.99*log((2.64e10/(v1*sqrt_abs((v1+(2.19e10*(-1.82+v2))))))))))
0.007108238722585553,27.0,0,156.0,-0.9998844055918795,true,0.15659694408630287,0.001263810854584525,8.0,(((0.330344909486441*(v1/(-6.89645766048901e9*(0.0591022333966073+v2))))+(-1.99032626606846*log((2.63652171935112e10/(v1*sqrt_abs((v1+(2.18718866393838e10*(-1.68503482942189+v2)))))))))-66.6601814316656),-0.9999942502262064,0.0022164940312607764,0.0010983651167498446,0.0022164940312607764,1.361129467683754e39,0.03200986763985819,(((0.33*(v1/(-6.9e9*(0.0591+v2))))+(-1.99*log((2.64e10/(v1*sqrt_abs((v1+(2.19e10*(-1.69+v2)))))))))-66.7)
0.16390174015278172,27.0,0,1.0,-0.9789762670230827,true,3.891777900944888,0.059335927724739376,8.0,(((0.319764306528105*(v1/(-6.89590719916046e9*(-9.61969090458952+v2))))+(-1.48961027051569*log((2.63646667317288e10/(v1*sqrt_abs((v1/(2.1474509974487e10*(v2-1030.27502568077)))))))))-31.5749639007978),-0.9927516851822156,2.7941701894393858,0.04428693056073665,2.7941701894393858,1.7976931348623157e308,1.4115148996596478,(((0.32*(v1/(-6.9e9*(-9.62+v2))))+(-1.49*log((2.64e10/(v1*sqrt_abs((v1/(2.15e10*(v2-1030.0)))))))))-31.6)
1.6555153814831511,27.0,0,1.0,-0.8660116316873171,true,114.581829279415,0.2298421470744303,7.0,(((-13448.5632688926*(v1/(v2*(7.40325173380193e11*v2))))+(-1.38212255638899*log((2.63647614343131e10/(v1*(1.04478723130178*sqrt_abs((v1+(2.15647232383621e10*v2)))))))))-59.3503041012218),-0.06987138598982712,358.55750073590053,0.18198153387244542,358.55750073590053,2.9514790517935283e20,8.46207060286833,(((-13400.0*(v1/(v2*(7.4e11*v2))))+(-1.38*log((2.64e10/(v1*(1.04*sqrt_abs((v1+(2.16e10*v2)))))))))-59.4)
0.03997044166188213,27.0,0,2.0,-0.9969656467868366,true,1.2991778365383482,0.02337571161617688,8.0,(-67.9516382710733-((0.0342964104831416*(v1/(-27284.6170461269*((-27339.771574768*v2)+(v1/2.18699980808202e10)))))+(2.09156741045042*log((2.63852498144298e10/(v1*sqrt_abs((2.18972439318336e10*v2)))))))),-0.9992142993063031,0.302881636813435,0.013913158796892332,0.302881636813435,262162.0,0.4389941809648012,(-68.0-((0.0343*(v1/(-27300.0*((-27300.0*v2)+(v1/2.19e10)))))+(2.09*log((2.64e10/(v1*sqrt_abs((2.19e10*v2))))))))
0.06722072080264027,27.0,0,1.0,-0.9950583390528484,true,2.6170108942670183,0.039607229897001765,7.0,(((0.328471871896313*(v1/(-6.89611888981493e9*v2)))+(-1.59572266991434*log((2.63648784226931e10/(v1*(0.748132552627255*sqrt_abs(((286.750491736601*v1)+(v1*v2)))))))))-61.5717302869794),-0.9970275329863667,1.1458634078927734,0.02593932992292343,1.1458634078927734,2.1452492687908155e155,0.8611998169930981,(((0.328*(v1/(-6.9e9*v2)))+(-1.6*log((2.64e10/(v1*(0.748*sqrt_abs(((287.0*v1)+(v1*v2)))))))))-61.6)
0.0580581659437005,27.0,0,0.0,-0.9962720803381137,true,1.6194484349714813,0.020734705357057914,7.0,(((0.319078200091631*(v1/(-6.89608913759579e9*v2)))+(-1.41408650857572*log((2.63648486702405e10/(v1*(0.0516768591995591*sqrt_abs((v1+(-1555.27839575817*(v1*v2))))))))))-59.1528758676533),-0.9989792447809246,0.3934933671557643,0.014942094677907585,0.3934933671557643,2.1452492687908155e155,0.5019215655797773,(((0.319*(v1/(-6.9e9*v2)))+(-1.41*log((2.64e10/(v1*(0.0517*sqrt_abs((v1+(-1560.0*(v1*v2))))))))))-59.2)
0.19745898122326105,27.0,0,0.0,-0.9529241772929234,true,8.620520770280173,0.1691564409016752,8.0,(((0.302369954812132*(v1/(-6.89618500744608e9*(-6.84413400400026+v2))))+(-1.65777874707212*log((2.63649445398137e10/(v1*sqrt_abs((9217.77228895816*(-4.32797420297225e11+(v1/v2)))))))))-60.5067546941884),-0.9404186101454483,22.96817226653536,0.11551731641843432,22.96817226653536,4.631683569492648e77,4.2127609810430195,(((0.302*(v1/(-6.9e9*(-6.84+v2))))+(-1.66*log((2.64e10/(v1*sqrt_abs((9220.0*(-4.33e11+(v1/v2)))))))))-60.5)
0.0536226191042251,28.0,0,3.0,-0.997933749954846,true,1.2497545223652082,0.020386060051025487,7.0,(-83.6807534815521-((-0.320687966157396*(v1/(-6.92086064577256e9*v2)))+(-2.13643138537761*log((0.0168252894331047*((0.355877615612892*(v1*sqrt_abs(v2)))-sqrt_abs((v1/(2.39769993665127e8*v2))))))))),-0.9992283740071342,0.29745594677707704,0.013353072553449613,0.29745594677707704,6.96898287454082e41,0.4220354621770969,(-83.7-((-0.321*(v1/(-6.92e9*v2)))+(-2.14*log((0.0168*((0.356*(v1*sqrt_abs(v2)))-sqrt_abs((v1/(2.4e8*v2)))))))))
0.21381510459331488,28.0,0,1.0,-0.9812592565834628,true,6.594328052688873,0.13226532380745798,7.0,(-112.7921680051-(log((0.191993394378167/(v1*(v1*((1.59051649743794*v1)+((-6.92002685013666e9+v1)/v2))))))+(-0.351548805651473*((-6.92025409000106e9+v1)/(-6.92025876503979e9*v2))))),-0.9736107900528475,10.172839564897503,0.08711240503588596,10.172839564897503,1.7592186044428e13,2.793789314355021,(-113.0-(log((0.192/(v1*(v1*((1.59*v1)+((-6.92e9+v1)/v2))))))+(-0.352*((-6.92e9+v1)/(-6.92e9*v2)))))
0.008639758651272426,28.0,0,29.0,-0.9999133041939097,true,0.15203172540338272,0.001670787064671696,7.0,(-116.119294683871-(log((0.300910928779148/(v1*(v1*(v1+(2.45385259467614e10*v2))))))+(0.245309368019868*(v1/(-71571.7078335021*((-71622.9264976226*v2)+(v1/2.18699829465023e10))))))),-0.9999937253752003,0.0024188200990457446,0.0011939294037014928,0.0024188200990457446,1.6777233e7,0.03362728638964106,(-116.0-(log((0.301/(v1*(v1*(v1+(2.45e10*v2))))))+(0.245*(v1/(-71600.0*((-71600.0*v2)+(v1/2.19e10)))))))
0.008553170984727219,28.0,0,2.0,-0.9998988548928945,true,0.15050806335738542,0.001958944419642453,7.0,(-116.664397277913-(log((0.174452007202116/(v1*(v1*(v1+(2.45384524579285e10*v2))))))+(8735.4172966535*(v1/(-26348.6738728841*((1865.58834415465*v2)+(-6.9213244443089e9*v2))))))),-0.9999929485333777,0.002718286708424004,0.001244860520808486,0.002718286708424004,1.6777233e7,0.03631917550850741,(-117.0-(log((0.174/(v1*(v1*(v1+(2.45e10*v2))))))+(8740.0*(v1/(-26300.0*((1870.0*v2)+(-6.92e9*v2)))))))
0.008955726463142003,28.0,0,1.0,-0.9999133041939097,true,0.1575917339116515,0.001559794567782075,6.0,(-97.9000952638327-(log((0.00100882591383238/(v1*(v1*(v2+((v1-(-0.0522222445342871*(v1+v1)))/2.64806503637182e10))))))+(-0.233425787605938*(v1/(-4.8722327583464e9*v2))))),-0.9999929987543519,0.002698926905171732,0.0012825525652338393,0.002698926905171732,1.7592186044425e13,0.037501627183979334,(-97.9-(log((0.00101/(v1*(v1*(v2+((v1-(-0.0522*(v1+v1)))/2.65e10))))))+(-0.233*(v1/(-4.87e9*v2)))))
0.018632865267925198,28.0,0,1.0,-0.9999277534949247,true,2.5851669542923617,0.005893101538418779,6.0,(-94.7073410917982-(log((0.0295437364861735/(v1*(v1*(v2+((v1-(-2781.47582748366*(v1/(2.45696657471788e10*v2))))/2.64812456285795e10))))))+(v1/(2.13326231333485e10*v2)))),-0.9993575465979891,0.2476608962400712,0.005890782584941615,0.2476608962400712,7.205759403792794e16,0.2788590487080501,(-94.7-(log((0.0295/(v1*(v1*(v2+((v1-(-2780.0*(v1/(2.46e10*v2))))/2.65e10))))))+(v1/(2.13e10*v2))))
0.008774683249095697,28.0,0,57.0,-0.9999133041939097,true,0.15440596063776724,0.0016723853961913468,7.0,(-97.6744705233868-(log((0.00115054405845628/(v1*(v1*((0.90948421914547*v2)+((2.18855500731223e10+v1)/2.64829913462932e10))))))+(-0.331531290588997*(v1/(v2+(-6.92061630399047e9*v2)))))),-0.999993051167811,0.002678721915632163,0.001266140307073763,0.002678721915632163,4.294967309e9,0.03710795448221875,(-97.7-(log((0.00115/(v1*(v1*((0.909*v2)+((2.19e10+v1)/2.65e10))))))+(-0.332*(v1/(v2+(-6.92e9*v2))))))
0.010557728744954312,28.0,0,71.0,-0.9999422027959397,true,0.18578177727220435,0.001311508083725573,8.0,(-116.822902802113-(log((0.137119493830182/(v1*(v1*(2.64804973782641e10+(v1+(2.1896310894524e10*v2)))))))+(0.331817347866705*(v1/(-6.91872394632194e9*(0.0938281738810811-(0.196718043502887+v2))))))),-0.999990687721229,0.003589812582896805,0.001608604051131289,0.003589812582896805,2.68435469e8,0.0461476338669487,(-117.0-(log((0.137/(v1*(v1*(2.65e10+(v1+(2.19e10*v2)))))))+(0.332*(v1/(-6.92e9*(0.0938-(0.197+v2)))))))
0.07435764119245888,28.0,0,0.0,-0.9875736011270455,true,2.6299792473922423,0.04330661799380634,9.0,(((0.527918070559351*(v1/(-6.89061764868174e9*v2)))+(-1.20365428346426*((0.17431239183517*(v1/(-6.89600419188872e9*(15.7173631489917+v2))))+(1.86200067182064*log((2.63647637178533e10/v1))))))-36.4383976540949),-0.9965236886628853,1.3400915594261058,0.027891989793926878,1.3400915594261058,29.0,0.9525130807032756,(((0.528*(v1/(-6.89e9*v2)))+(-1.2*((0.174*(v1/(-6.9e9*(15.7+v2))))+(1.86*log((2.64e10/v1))))))-36.4)
0.005943239897459497,29.0,0,47.0,-0.9999133041939097,true,0.14560525778050248,0.0012023183037810242,8.0,(-66.6316063119257-((0.0350483322887052*(v1/(-27058.9635311729*((-27141.629670797*v2)+(v1/2.1870020825308e10)))))+(1.98820913583974*log((2.63852725589077e10/(v1*sqrt_abs((v1+(2.18855566277792e10*v2))))))))),-0.9999955188823391,0.0017274367488435251,0.0009916143684002142,0.0017274367488435251,7.378697629483821e19,0.028864836211610508,(-66.6-((0.035*(v1/(-27100.0*((-27100.0*v2)+(v1/2.19e10)))))+(1.99*log((2.64e10/(v1*sqrt_abs((v1+(2.19e10*v2)))))))))
44012.37139029675,29.0,0,143.0,-0.9999711013979699,true,774474.9629754799,19403.922900951726,6.0,pow3((1.00651878041887*(log((485.202278054324/(v1*(v1*(v1+(2.15018526130908e10*(v2+(-51.5433738873576*(v1/(2.09283333936559e10*v2))))))))))+(v1/(2.10042987631026e10*v2))))),5.373116746460801e8,2.0712956104559778e11,14468.538453621413,2.0712956104559778e11,1.7976931348623157e308,420162.55985000264,pow3((1.01*(log((485.0/(v1*(v1*(v1+(2.15e10*(v2+(-51.5*(v1/(2.09e10*v2))))))))))+(v1/(2.1e10*v2)))))
0.03330122405343933,29.0,0,4.0,-0.997254632807138,true,0.9743025578367579,0.022507543266139258,7.0,(-110.166784361219-((-0.322608498106818*(v1/(-6.92111043927244e9*v2)))+(-1.45725903621874*log((v1*sqrt_abs((23777.2139495109-(-6.92048604531739e9*((v2*(-201.585907522318/v1))+(v2*v1)))))))))),-0.9992348413225366,0.2949628459174042,0.014614246772947401,0.2949628459174042,1.7976931348623157e308,0.47146961951989663,(-110.0-((-0.323*(v1/(-6.92e9*v2)))+(-1.46*log((v1*sqrt_abs((23800.0-(-6.92e9*((v2*(-202.0/v1))+(v2*v1))))))))))
0.007326618974522242,29.0,0,36.0,-0.9998844055918795,true,0.15732286669677364,0.0013255603919867882,8.0,(-109.490837553664-((-0.331522946803473*(v1/(-6.92141755812315e9*v2)))+(-1.99100072652902*log((0.147604512474236*((v1*sqrt_abs(((-6.91932584991831e9*(-2.14124053512328+v2))-(0.315053106100709*v1))))-v2)))))),-0.9999942141235818,0.00223041131820902,0.0011042818948636228,0.00223041131820902,1.8526734277970591e78,0.03211109752572177,(-109.0-((-0.332*(v1/(-6.92e9*v2)))+(-1.99*log((0.148*((v1*sqrt_abs(((-6.92e9*(-2.14+v2))-(0.315*v1))))-v2))))))
0.04742437689992866,29.0,0,1.0,-0.9973557779142433,true,1.1275964368858524,0.020751150126419322,8.0,(-94.3978050137293-((-0.321134279452348*(v1/(-6.92016210037102e9*v2)))+(-2.15473383397153*log((0.276208357000634*(v1*sqrt_abs((v2+(0.44079369661867*((-1478.95154127281+v2)+(-14.7756672889638*v2))))))))))),-0.9993463876458593,0.2519625873462705,0.013459711744626804,0.2519625873462705,1.7976931348623157e308,0.4247857624297809,(-94.4-((-0.321*(v1/(-6.92e9*v2)))+(-2.15*log((0.276*(v1*sqrt_abs((v2+(0.441*((-1480.0+v2)+(-14.8*v2)))))))))))
0.00593522317096507,29.0,0,87.0,-0.9999133041939097,true,0.1454282058209202,0.0011962582343816172,8.0,(-66.6320907458766-((0.0350482510704089*(v1/(-27058.9971168463*((-27141.6613523207*v2)+(v1/2.18700208233285e10)))))+(1.9882139743642*log((2.63852725569283e10/(v1*sqrt_abs((v1+(2.18977684815131e10*v2))))))))),-0.9999955255501182,0.0017248663707694065,0.0009914589360914467,0.0017248663707694065,7.378697629483821e19,0.028862202904910553,(-66.6-((0.035*(v1/(-27100.0*((-27100.0*v2)+(v1/2.19e10)))))+(1.99*log((2.64e10/(v1*sqrt_abs((v1+(2.19e10*v2)))))))))
0.006956401332218248,29.0,0,14.0,-0.9998410576888344,true,0.14927116851774258,0.002183848485850801,6.0,(-97.8949014296934-(log((0.000992215679293479/(v1*(v1*(v2+((v1-(sqrt_abs((v2*v1))*298.282416088132))/2.64806819721537e10))))))+(-0.233151677127549*(v1/(-4.87226436679702e9*v2))))),-0.9999910787938325,0.0034390570709901614,0.0012890233161836368,0.0034390570709901614,9.134385233318143e46,0.03867489974708215,(-97.9-(log((0.000992/(v1*(v1*(v2+((v1-(sqrt_abs((v2*v1))*298.0))/2.65e10))))))+(-0.233*(v1/(-4.87e9*v2)))))
0.061510487722933556,29.0,0,1.0,-0.9954918180833002,true,1.699587500234287,0.016741655270180858,9.0,(-98.0208631068727-((-0.318649212508838*(v1/(-6.91926027442215e9*(4.97854124916156+v2))))+(-2.00558127393584*log((0.00787985813720199*(v1*sqrt_abs((v2+(0.0011252402652014*(2644.98622873019+(2.18984457042611e10*v2))))))))))),-0.998678405495235,0.5094646218567466,0.01826527427454977,0.5094646218567466,4.631683569492648e77,0.6091366228398041,(-98.0-((-0.319*(v1/(-6.92e9*(4.98+v2))))+(-2.01*log((0.00788*(v1*sqrt_abs((v2+(0.00113*(2640.0+(2.19e10*v2)))))))))))
0.008782732659909547,29.0,0,2.0,-0.9998988548928945,true,0.154547604156285,0.001591760495297696,7.0,(-112.699772678172-(log((8.31022028297949/(v1*(v1*((v1/1.09059930725782)+(2.18982651314808e10*(v2+(0.179996822226248*sqrt_abs(v2)))))))))+(-0.331576999387202*(v1/(-6.92122614015536e9*v2))))),-0.9999930315492288,0.002686284729754586,0.0012724978131268111,0.002686284729754586,2.81474976710665e14,0.03721036086297431,(-113.0-(log((8.31/(v1*(v1*((v1/1.09)+(2.19e10*(v2+(0.18*sqrt_abs(v2)))))))))+(-0.332*(v1/(-6.92e9*v2)))))
0.04482171619751592,29.0,0,1.0,-0.9959252971137521,true,1.7192437991435838,0.022173884710440857,8.0,(((0.317618711881293*(v1/(-6.92140605049803e9*v2)))+(-2.0450394535489*log((15744.7962870026/(v1*sqrt_abs(((-9174.22175948492*v1)-(-6.92136326724868e9*(v2+(-6.92055409327516e9*v2))))))))))-118.398665570145),-0.9989115666923865,0.4195827551342719,0.016637889694852578,0.4195827551342719,1.7976931348623157e308,0.5492389292635341,(((0.318*(v1/(-6.92e9*v2)))+(-2.05*log((15700.0/(v1*sqrt_abs(((-9170.0*v1)-(-6.92e9*(v2+(-6.92e9*v2))))))))))-118.0)
0.009776284108610298,29.0,0,623.0,-0.9998410576888344,true,0.17203088663209343,0.0012402468834447258,7.0,(-112.687237556896-(log((8.21054856080181/(v1*(v1*((v1/1.05506236556733)+(2.18982698029406e10*(v2+(-2.46901085865966e-5*sqrt_abs(v1)))))))))+(-0.331719044849942*(v1/(-6.92123081161194e9*v2))))),-0.999994623329702,0.002072665473679703,0.0010588992083133079,0.002072665473679703,2.81474976710665e14,0.030309740528329545,(-113.0-(log((8.21/(v1*(v1*((v1/1.06)+(2.19e10*(v2+(-2.47e-5*sqrt_abs(v1)))))))))+(-0.332*(v1/(-6.92e9*v2)))))
0.00711916329210946,29.0,0,3399.0,-0.9998699562908644,true,0.1561586356432656,0.0012720295918371759,9.0,(-91.7445812708297-((-0.331429774075585*(v1/(-6.91928059271492e9*(0.0577402114242986+v2))))+(-1.99031051931601*log((1.67056898787737*(v1*sqrt_abs((v2+(-11.9231184254121*(0.21224437459498+(v1/-2.61350855024882e11))))))))))),-0.9999942718834384,0.0022081453331773415,0.0010972168135184315,0.0022081453331773415,4.631683569492648e77,0.031988339556331964,(-91.7-((-0.331*(v1/(-6.92e9*(0.0577+v2))))+(-1.99*log((1.67*(v1*sqrt_abs((v2+(-11.9*(0.212+(v1/-2.61e11)))))))))))
0.007235482043150595,29.0,0,23.0,-0.9998844055918795,true,0.15845887443086326,0.0013123696955461904,8.0,(-66.6598926174026-((-0.331462494549015*(v1/(-6.9200788520576e9*v2)))+(1.99054744274389*log((2.6389348492698e10/(v1*sqrt_abs((v1+(0.994785409821129*(v2+(2.18719134266266e10*(-1.04735167360202+v2)))))))))))),-0.9999941917422583,0.002239039148017888,0.001111896695570929,0.002239039148017888,1.7976931348623157e308,0.032385907859151866,(-66.7-((-0.331*(v1/(-6.92e9*v2)))+(1.99*log((2.64e10/(v1*sqrt_abs((v1+(0.995*(v2+(2.19e10*(-1.05+v2))))))))))))
0.018588598896965233,29.0,0,671.0,-0.9999566520969548,true,2.5790253352903107,0.005290994949916656,5.0,(-94.693420990265-(log((0.0291238234311029/(v1*(v1*(v2+((v1-(751.746411250962*(v1/(v2*sqrt_abs(v2)))))/2.64812779975963e10))))))+(v1/(2.13326555042916e10*v2)))),-0.9994088874792811,0.22786937729918116,0.005339321116104235,0.22786937729918116,2.028240960365167e31,0.2525297355162354,(-94.7-(log((0.0291/(v1*(v1*(v2+((v1-(752.0*(v1/(v2*sqrt_abs(v2)))))/2.65e10))))))+(v1/(2.13e10*v2))))
0.09056236065299227,29.0,0,2.0,-0.9869089332803526,true,3.510601425554711,0.04302803013221325,7.0,(((0.327153111023228*(v1/(-6.89610264914939e9*v2)))+(-1.1701311249024*log((2.6364862181986e10/(v1*(0.0209819415342426*sqrt_abs(((v1*v1)+((v1*v2)*3104.668324688)))))))))-60.6596875477438),-0.9955719214835971,1.7069905623679833,0.0296155700678084,1.7069905623679833,1.7976931348623157e308,1.0125900934341485,(((0.327*(v1/(-6.9e9*v2)))+(-1.17*log((2.64e10/(v1*(0.021*sqrt_abs(((v1*v1)+((v1*v2)*3100.0)))))))))-60.7)
0.00722642583870058,29.0,0,7.0,-0.9998844055918795,true,0.15719632144509177,0.001327955663867077,7.0,(((0.330302496135694*(v1/(-6.89596109758604e9*v2)))+(-1.99102764127094*log((2.63647206306074e10/(v1*sqrt_abs((v1+(2.18713900764797e10*(v2+(v1/(7.24507991699052e11*v2)))))))))))-66.6762624493139),-0.9999941481237042,0.0022558537686457416,0.001111304693347461,0.0022558537686457416,1.7976931348623157e308,0.0324492503246322,(((0.33*(v1/(-6.9e9*v2)))+(-1.99*log((2.64e10/(v1*sqrt_abs((v1+(2.19e10*(v2+(v1/(7.25e11*v2)))))))))))-66.7)
0.005943239897459497,29.0,0,47.0,-0.9999133041939097,true,0.14560525778050248,0.0012023183037810242,8.0,(-66.6316063119257-((0.0350483322887052*(v1/(-27058.9635311729*((-27141.629670797*v2)+(v1/2.1870020825308e10)))))+(1.98820913583974*log((2.63852725589077e10/(v1*sqrt_abs((v1+(2.18855566277792e10*v2))))))))),-0.9999955188823391,0.0017274367488435251,0.0009916143684002142,0.0017274367488435251,7.378697629483821e19,0.028864836211610508,(-66.6-((0.035*(v1/(-27100.0*((-27100.0*v2)+(v1/2.19e10)))))+(1.99*log((2.64e10/(v1*sqrt_abs((v1+(2.19e10*v2)))))))))
0.042131670412173215,29.0,0,2.0,-0.9973413286132283,true,1.1853900064690102,0.023615016397515964,7.0,(((0.321186110010746*(v1/(-6.89626055222698e9*(-0.0667773366940414+v2))))+(-1.08299216635046*log((2.636502008502e10/(v1*sqrt_abs((v1*(v1*(v2+(-200.531954705557+v2))))))))))-66.0510823821844),-0.999142184014484,0.33068153288159646,0.014840939867670369,0.33068153288159646,1.7976931348623157e308,0.486161908505198,(((0.321*(v1/(-6.9e9*(-0.0668+v2))))+(-1.08*log((2.64e10/(v1*sqrt_abs((v1*(v1*(v2+(-201.0+v2))))))))))-66.1)
0.04496981263238276,29.0,0,0.0,-0.9976447639345447,true,1.1803082190201906,0.023198042558351558,8.0,(((0.323820951179897*(v1/(-6.8963923452036e9*(1.75431883317417+v2))))+(-1.48507209064736*log((2.63651518781103e10/(v1*sqrt_abs((2.18718213238933e10*(v2+(-1.17204063052337*(v2*v1))))))))))-77.0545273790258),-0.9991265942197823,0.3366912800725031,0.015716953343603696,0.3366912800725031,1.7976931348623157e308,0.5035217709622452,(((0.324*(v1/(-6.9e9*(1.75+v2))))+(-1.49*log((2.64e10/(v1*sqrt_abs((2.19e10*(v2+(-1.17*(v2*v1))))))))))-77.1)
0.054216642879253533,30.0,0,2.0,-0.997933749954846,true,1.2396934435035405,0.020025323929328584,6.0,(-83.6964782448182-((-0.32075285705052*(v1/(-6.92085952394297e9*v2)))+(-2.13829996285376*log((0.0167016412726076*((0.353261897312637*(v1*sqrt_abs(v2)))-sqrt_abs((v1/(v2*(v1*v2)))))))))),-0.9992278694473254,0.29765045074272267,0.013355452304638069,0.29765045074272267,1.7976931348623157e308,0.4222034642743303,(-83.7-((-0.321*(v1/(-6.92e9*v2)))+(-2.14*log((0.0167*((0.353*(v1*sqrt_abs(v2)))-sqrt_abs((v1/(v2*(v1*v2))))))))))
0.07431642125399998,30.0,0,1.0,-0.9872557165047141,true,2.6492366134696326,0.04478335756482929,8.0,(((-0.982642192293524*((v1/(2.09303758065993e10*v2))+(-0.143307132644378*log((2.09253468220377e10/v1)))))+(-1.19123549528425*log((2.63622994167323e10/(v1*sqrt_abs((v1*(-0.18317923294052*v1))))))))-63.9973504447886),-0.9964747974202328,1.3589387613176453,0.02874529770717019,1.3589387613176453,4.631683569492648e77,0.9701514375734185,(((-0.983*((v1/(2.09e10*v2))+(-0.143*log((2.09e10/v1)))))+(-1.19*log((2.64e10/(v1*sqrt_abs((v1*(-0.183*v1))))))))-64.0)
0.01636886942517598,30.0,0,576.0,-0.9999566520969548,true,0.2880390022521837,0.003112688069436273,7.0,(-109.14484632869-(1.00651878041887*(log((485.202278054324/(v1*(v1*(v1+(2.15018526130908e10*(v2+(-51.5433738873576*(v1/(2.85340564471467e10*v2))))))))))+(v1/(2.10042987631026e10*v2))))),-0.9999648026353758,0.013568316146887143,0.00313421973528257,0.013568316146887143,7.205759403792794e16,0.1013574808203989,(-109.0-(1.01*(log((485.0/(v1*(v1*(v1+(2.15e10*(v2+(-51.5*(v1/(2.85e10*v2))))))))))+(v1/(2.1e10*v2)))))
0.018633167149248717,30.0,0,2.0,-0.9999277534949247,true,2.5852088380075315,0.005893242821251984,6.0,(-94.7073945223584-(log((0.0295422983155675/(v1*(v1*(v2+((v1-(1925.13196406552*(v1/(v2*(-6.92134933361341e9*v2)))))/2.64812535206837e10))))))+(v1/(2.13326310254528e10*v2)))),-0.9993575242575791,0.24766950829810097,0.005890926839299455,0.24766950829810097,3.094850098213451e26,0.2788650469936473,(-94.7-(log((0.0295/(v1*(v1*(v2+((v1-(1930.0*(v1/(v2*(-6.92e9*v2)))))/2.65e10))))))+(v1/(2.13e10*v2))))
0.009815683887494438,30.0,0,0.0,-0.9999422027959397,true,0.17272419492993407,0.0011772210747771005,7.0,(-98.4645389616197-(log((0.00183718241436671/(v1*(v1*(v2+((v1-(-2.65943725688407*(v1+(2.1560336594476e10*v2))))/2.6480608025028e10))))))+(-0.233527385376081*(v1/(-4.87219041965224e9*v2))))),-0.9999922479024438,0.0029883746004008417,0.0014373637391398948,0.0029883746004008417,2.81474976710665e14,0.04177628013426422,(-98.5-(log((0.00184/(v1*(v1*(v2+((v1-(-2.66*(v1+(2.16e10*v2))))/2.65e10))))))+(-0.234*(v1/(-4.87e9*v2)))))
0.041957759543652495,31.0,0,1.0,-0.9991763898421414,true,0.7786181944180797,0.013644538372671239,8.0,(-111.431720722209-((-0.336037610414284*(v1/(-6.92141115243414e9*v2)))+(-2.01138528283609*log((0.215115976305091*(v1*sqrt_abs((v1-(-6.92078675885062e9*(v2+(9.30300526603832e10/(-4.33102660020239e11+(v1/v2))))))))))))),-0.99942510677332,0.2216169629054592,0.01361809379805108,0.2216169629054592,1.7976931348623157e308,0.43193441328358645,(-111.0-((-0.336*(v1/(-6.92e9*v2)))+(-2.01*log((0.215*(v1*sqrt_abs((v1-(-6.92e9*(v2+(9.3e10/(-4.33e11+(v1/v2)))))))))))))
0.03368898822383057,31.0,0,12.0,-0.9975147202254091,true,1.0640301899325806,0.022158749136271555,8.0,(-91.1069116009108-((-0.322896160188153*(v1/(-6.92013537553552e9*v2)))+(-1.46369537784219*log((0.179443418071425*(v1*sqrt_abs((v2+(-0.607990607422759*((410.159752596952*(-605.68198503205+v2))+(v1*v2))))))))))),-0.9992167946870519,0.30191968652913376,0.01486982107679459,0.30191968652913376,1.7976931348623157e308,0.48401005435046274,(-91.1-((-0.323*(v1/(-6.92e9*v2)))+(-1.46*log((0.179*(v1*sqrt_abs((v2+(-0.608*((410.0*(-606.0+v2))+(v1*v2)))))))))))
1.8600650632874,32.0,0,0.0,-0.9040855398620091,true,36.25833515294832,1.1099515512875557,7.0,(-116.664397277913-(log((0.174452007202116/(v1*(v1+(2.45384524579285e10*v2)))))+(8735.4172966535*(v1/(-26348.6738728841*((v2*pow3(log((0.972424980301722*(v2/v1)))))+(-6.9213244443089e9*v2))))))),1.0484284570642823,789.6535779440422,0.8533495548192419,789.6535779440422,7.378697629483821e19,27.72341474765528,(-117.0-(log((0.174/(v1*(v1+(2.45e10*v2)))))+(8740.0*(v1/(-26300.0*((v2*pow3(log((0.972*(v2/v1)))))+(-6.92e9*v2)))))))
0.11678856146149592,32.0,0,6.0,-0.9843658563017014,true,3.2858890300810195,0.053421894603297056,9.0,(((0.32595496827462*(v1/(-6.89623498858102e9*(v2+(log((2.63647737296562e10/v1))*0.602669901652996)))))+(-2.31849643747198*log((2.63649945213106e10/(v1*sqrt_abs((2028.70463713052-(v1/(2.3908464176848e8*v2)))))))))-45.2267098787844),-0.9951375988289127,1.8744186397659914,0.03298939013685205,1.8744186397659914,5.363123171977039e154,1.1088780042831892,(((0.326*(v1/(-6.9e9*(v2+(log((2.64e10/v1))*0.603)))))+(-2.32*log((2.64e10/(v1*sqrt_abs((2030.0-(v1/(2.39e8*v2)))))))))-45.2)
0.010557799127229917,32.0,0,14.0,-0.9999422027959397,true,0.18578301577193912,0.0013118058232943427,8.0,(-116.822907570701-(log((0.137120158848324/(v1*(v1*(2.64804973782641e10+(v1+(2.1896310894524e10*v2)))))))+(0.331815025854032*(v1/(-6.91872394632199e9*((0.111486711797796*(v1/v1))-(0.211073564549281+v2))))))),-0.9999906877976134,0.00358978313733091,0.00160863815888922,0.00358978313733091,2.68435479e8,0.04614481919859836,(-117.0-(log((0.137/(v1*(v1*(2.65e10+(v1+(2.19e10*v2)))))))+(0.332*(v1/(-6.92e9*((0.111*(v1/v1))-(0.211+v2)))))))
