time,generation,mean age hall_of_fame,mean compl,mean recursive_compl,mean n_params,min mae,min mse,min max_ae,min minus_r2,min mare,min q75_are,min max_are,min ms_processed_e,min minus_spearman,max penalty
12.493876934051514,1.0,0.0,8.428571428571429,20102.14285714286,1.1428571428571428,0.9884983510312051,1.341855674909793,2.1585198262953753,-0.530013777141463,0.07687877487645263,0.10534693122723687,0.1796242437794345,1.341855674909793,-0.7251282051282051,0.0
18.05785608291626,9.0,2.5714285714285716,9.857142857142858,17.142857142857142,2.4285714285714284,0.898566045491653,1.2371915270407354,2.134103647445823,-0.5666724942043041,0.07018203745184586,0.08810156802687721,0.18368106018245614,1.2371915270407354,-0.7251282051282051,0.0
23.377809047698975,27.0,8.454545454545455,11.363636363636363,7.809031638181819e8,2.6363636363636362,0.8075479127216276,0.9807598400617622,2.162902516188252,-0.656487935788655,0.06464343407908679,0.08458742157837498,0.18760879662661165,0.9807598400617622,-0.7388034188034188,0.0
28.380343914031982,34.0,4.6,11.7,23.5,2.8,0.8075479020188686,0.9807598116607669,2.1629024959664616,-0.6564879457361306,0.06464343329252466,0.08809732387956704,0.18760888478680718,0.9807598116607669,-0.7278632478632479,0.0
33.67453408241272,48.0,7.181818181818182,11.636363636363637,1.2494450640545454e10,2.5454545454545454,0.7903073181497847,0.931709203150218,2.0535129391530234,-0.6736679678904025,0.06336160549498546,0.08804500031631617,0.18760914926034303,0.931709203150218,-0.7647863247863248,0.0
38.81165790557861,62.0,10.818181818181818,11.727272727272727,327.1818181818182,2.727272727272727,0.7902991623825046,0.9317034772214229,2.053522238118303,-0.6736699734023939,0.06336103200525106,0.09180344262819486,0.1876092374158381,0.9317034772214229,-0.7647863247863248,0.0
43.86867094039917,76.0,14.8,11.2,358.4,2.4,0.7905755170321497,0.9316929772527348,2.053539464150022,-0.6736736510263859,0.06337668148751294,0.08740972409701037,0.18760950187527345,0.9316929772527348,-0.7647863247863248,0.0
48.875113010406494,90.0,18.384615384615383,12.538461538461538,287.6923076923077,2.769230769230769,0.7902810358338463,0.9316906527753149,2.053537695550448,-0.6736744651768068,0.06335974078633141,0.08690090670761999,0.18760972225005823,0.9316906527753149,-0.7647863247863248,0.0
54.11935496330261,101.0,19.214285714285715,13.714285714285714,280.7857142857143,3.0,0.7425132913274296,0.90569028218533,2.053537695550448,-0.6827811196367439,0.060290806614466015,0.0807358854296758,0.18760898837619006,0.90569028218533,-0.7647863247863248,0.0
59.23215103149414,115.0,28.133333333333333,13.866666666666667,262.73333333333335,3.0,0.7021127856371472,0.7193628267087006,1.9064918963297828,-0.7480424876450362,0.05769987611090442,0.0807358854296758,0.18760920713692553,0.7193628267087006,-0.7647863247863248,0.0
64.41780495643616,129.0,32.75,14.5625,251.9375,3.125,0.7021127856371472,0.7193628267087006,1.9064918963297828,-0.7480424876450362,0.05769987611090442,0.0807358854296758,0.18760938214027806,0.7193628267087006,-0.7654700854700854,0.0
69.46214985847473,143.0,30.666666666666668,14.2,98.46666666666667,3.0,0.7021127856371472,0.7193628267087006,1.9064918963297828,-0.7480424876450362,0.05769987611090442,0.08429680577099323,0.18760968838494654,0.7193628267087006,-0.7654700854700854,0.0
74.81179690361023,158.0,39.25,15.0625,96.4375,3.25,0.7021127856371472,0.7193628267087006,1.9064918963297828,-0.7480424876450362,0.05769987611090442,0.08164781009544733,0.18760986366932553,0.7193628267087006,-0.7654700854700854,0.0
80.06006407737732,173.0,34.11764705882353,15.235294117647058,3.4723282962276803e19,3.176470588235294,0.6845200702958072,0.7112894641322948,1.8307403306578962,-0.7508701905448338,0.0560229758580442,0.08305239633662873,0.16781743898474447,0.7112894641322948,-0.770940170940171,0.0
85.40210199356079,188.0,31.8125,14.5,3.6893488147419103e19,3.25,0.6913335552116704,0.7112894641322948,1.8307403306578962,-0.7508701905448338,0.05665791283587651,0.0821721043823285,0.1876103886130457,0.7112894641322948,-0.7647863247863248,0.0
90.50210189819336,202.0,37.625,14.5,2.7996809277222553e101,3.1875,0.6892232454790752,0.7112894641322948,1.8307403306578962,-0.7508701905448338,0.05653372600073103,0.08215259404217971,0.1876105198424322,0.7112894641322948,-0.7647863247863248,0.0
95.58958101272583,216.0,35.4375,14.5,2.7996809277222553e101,3.1875,0.689223245479013,0.7112894641322948,1.8307403306578962,-0.7508701905448338,0.056533726000755166,0.08215259404251775,0.187610607327236,0.7112894641322948,-0.7647863247863248,0.0
100.76021409034729,230.0,45.23529411764706,15.058823529411764,2.6349938143268284e101,3.235294117647059,0.689223245479013,0.7112894641322948,1.8307403306578962,-0.7508701905448338,0.056533726000755166,0.08215259404251775,0.18761078229335373,0.7112894641322948,-0.7647863247863248,0.0
105.86166405677795,244.0,50.529411764705884,14.823529411764707,1.0574665499190092e307,3.176470588235294,0.6892232678598074,0.7086071816625718,1.657586619361192,-0.7518096625239419,0.055779710845850324,0.07114471193137324,0.17543214113100228,0.7086071816625718,-0.8420512820512821,0.0
111.01578903198242,258.0,48.9375,14.875,1.1235582092889473e307,3.25,0.6811994910082652,0.7017581969398132,1.707039069285866,-0.7542085259192034,0.054743960152599205,0.06783026673435288,0.18066598476434595,0.7017581969398132,-0.8393162393162393,0.0
116.12373900413513,272.0,56.23529411764706,15.764705882352942,1.0574665499190092e307,3.4705882352941178,0.6148767468806771,0.6718452646325813,1.7092805134379248,-0.7646855588315873,0.05040273965035426,0.06785989184045428,0.18090320998215859,0.6718452646325813,-0.8393162393162393,0.0
121.3030059337616,286.0,61.0,16.38888888888889,9.987184082568421e306,3.611111111111111,0.6148767468806771,0.6718452646325813,1.7098891752055554,-0.7646855588315873,0.05040273965035426,0.06786839228616655,0.1809676282369109,0.6718452646325813,-0.8393162393162393,0.0
126.51047706604004,300.0,61.888888888888886,16.38888888888889,9.987184082568421e306,3.611111111111111,0.6148767468806771,0.6718452646325813,1.7119800957821543,-0.7646855588315873,0.05040273965035426,0.06789690341492664,0.18118892265941833,0.6718452646325813,-0.8393162393162393,0.0
131.69614100456238,314.0,67.26315789473684,16.736842105263158,Inf,3.6315789473684212,0.6148767468806771,0.6718452646325813,1.7127894538103963,-0.7646855588315873,0.05040273965035426,0.06790753055087742,0.18127458177983932,0.6718452646325813,-0.8393162393162393,0.0
136.87469291687012,328.0,69.05,16.95,Inf,3.65,0.6148767468806771,0.6718452646325813,1.7131847022956102,-0.7646855588315873,0.05040273965035426,0.06791258278339483,0.1813164132517093,0.6718452646325813,-0.8393162393162393,0.0
142.0409300327301,342.0,75.95238095238095,17.19047619047619,Inf,3.6666666666666665,0.6148767468806771,0.6718452646325813,1.7133035157163388,-0.7646855588315873,0.05040273965035426,0.06791407811868361,0.1813289879748339,0.6718452646325813,-0.8393162393162393,0.0
147.05430698394775,356.0,87.66666666666667,17.19047619047619,Inf,3.6666666666666665,0.6148767468806771,0.6718452646325813,1.7139839039998908,-0.7646855588315873,0.05040273965035426,0.0679223495489496,0.18140099746863034,0.6718452646325813,-0.8393162393162393,0.0
152.12763500213623,370.0,96.71428571428571,17.19047619047619,Inf,3.6666666666666665,0.6148767468806771,0.6718452646325813,1.7143387899456055,-0.7646855588315873,0.05040273965035426,0.06792636870778171,0.1814385571355502,0.6718452646325813,-0.8393162393162393,0.0
157.13600397109985,384.0,108.33333333333333,17.19047619047619,Inf,3.6666666666666665,0.6148767468806771,0.6718452646325813,1.7144566221819382,-0.7646855588315873,0.05040273965035426,0.06792763220461344,0.1814510280141593,0.6718452646325813,-0.8393162393162393,0.0
162.17504596710205,398.0,117.85714285714286,17.19047619047619,Inf,3.6666666666666665,0.6148767468806771,0.6718452646325813,1.7147018196564918,-0.7646855588315873,0.05040273965035426,0.0679300932324243,0.1814769787050363,0.6718452646325813,-0.8393162393162393,0.0
167.25663900375366,412.0,123.57142857142857,17.19047619047619,Inf,3.6666666666666665,0.6148767468806771,0.6718452646325813,1.7149508091775303,-0.7646855588315873,0.05040273965035426,0.0679322240574192,0.18150333073049593,0.6718452646325813,-0.8393162393162393,0.0
172.38791799545288,426.0,137.33333333333334,17.19047619047619,Inf,3.6666666666666665,0.6148767468806771,0.6718452646325813,1.7145947528096528,-0.7646855588315873,0.05040273965035426,0.06799473396343392,0.18146564719091465,0.6718452646325813,-0.8393162393162393,0.0
177.38965606689453,440.0,151.7,16.65,Inf,3.6,0.6148767468806771,0.6718452646325813,2.010226081907623,-0.7646855588315873,0.05040273965035426,0.07678395890748975,0.18872781093959518,0.6718452646325813,-0.8468376068376068,0.0
182.40870904922485,454.0,161.55,16.65,Inf,3.6,0.6148767468806771,0.6718452646325813,2.010226081907623,-0.7646855588315873,0.05040273965035426,0.07756602554213618,0.18872781093959518,0.6718452646325813,-0.8468376068376068,0.0
187.45152306556702,468.0,156.42857142857142,17.238095238095237,Inf,3.761904761904762,0.6054729685645059,0.6718452646325813,2.010226081907623,-0.7646855588315873,0.05040273965035426,0.0681760849570256,0.18872781093959518,0.6718452646325813,-0.8468376068376068,0.0
192.46210289001465,482.0,168.14285714285714,17.238095238095237,Inf,3.761904761904762,0.6054729685645059,0.6718452646325813,2.0102340639937335,-0.7646855588315873,0.05040273965035426,0.0681760849570256,0.18872781093959518,0.6718452646325813,-0.8468376068376068,0.0
197.81240797042847,497.0,153.71428571428572,17.238095238095237,Inf,3.761904761904762,0.6054729685645059,0.6458160538314738,1.7222809270088053,-0.7738023146028246,0.050593947815532565,0.0681760849570256,0.17130052779553137,0.6458160538314738,-0.8707692307692307,0.0
202.8843379020691,511.0,158.85714285714286,17.238095238095237,Inf,3.8095238095238093,0.6054729685645059,0.6458160538314738,1.7222809270088053,-0.7738023146028246,0.050593947815532565,0.0681760849570256,0.17130052779553137,0.6458160538314738,-0.8707692307692307,0.0
208.03808403015137,525.0,144.76190476190476,17.238095238095237,Inf,3.8095238095238093,0.6009791160760126,0.6458160538314738,1.7222809270088053,-0.7738023146028246,0.050321938230532944,0.06806001259173258,0.17130052779553137,0.6458160538314738,-0.8707692307692307,0.0
213.11697387695312,539.0,147.52631578947367,16.36842105263158,Inf,3.6315789473684212,0.6009791160760126,0.6458160538314738,1.7222809270088053,-0.7738023146028246,0.050321938230532944,0.06806001259173258,0.17130052779553137,0.6458160538314738,-0.8707692307692307,0.0
218.23054885864258,553.0,161.52631578947367,16.36842105263158,Inf,3.6315789473684212,0.6009791160760126,0.6458160538314738,1.7222809270088053,-0.7738023146028246,0.050321938230532944,0.06806001259173258,0.17130052779553137,0.6458160538314738,-0.8707692307692307,0.0
223.23778796195984,567.0,173.73684210526315,16.36842105263158,Inf,3.6315789473684212,0.6009791160760126,0.6458160538314738,1.7222809270088053,-0.7738023146028246,0.050321938230532944,0.06806001259173258,0.17130052779553137,0.6458160538314738,-0.8707692307692307,0.0
228.24843287467957,581.0,187.73684210526315,16.36842105263158,Inf,3.6315789473684212,0.6009791160760126,0.6458160538314738,1.7222809270088053,-0.7738023146028246,0.050321938230532944,0.06806001259173258,0.17130052779553137,0.6458160538314738,-0.8707692307692307,0.0
233.32569909095764,595.0,191.10526315789474,16.36842105263158,Inf,3.6315789473684212,0.6009791160760126,0.639923914253801,1.7249682874892827,-0.7758660420784727,0.050321938230532944,0.06806001259173258,0.1743085556506779,0.639923914253801,-0.8707692307692307,0.0
238.33126091957092,609.0,176.3684210526316,16.36842105263158,Inf,3.6315789473684212,0.6009791160760126,0.639923914253801,1.7249682874892827,-0.7758660420784727,0.050321938230532944,0.06806001259173258,0.1743085556506779,0.639923914253801,-0.8707692307692307,0.0
243.3437819480896,623.0,179.26315789473685,16.36842105263158,Inf,3.6315789473684212,0.6283693084361841,0.639923914253801,1.7249682874892827,-0.7758660420784727,0.0515850127976381,0.07295205375095762,0.1743085556506779,0.639923914253801,-0.8707692307692307,0.0
248.66295790672302,638.0,211.52941176470588,14.823529411764707,Inf,3.235294117647059,0.6283693084361841,0.6375655074928652,1.728140978754256,-0.7766920762833888,0.05141055821367398,0.07129821436713499,0.1743085556506779,0.6375655074928652,-0.8707692307692307,0.0
253.72839188575745,652.0,225.52941176470588,14.823529411764707,Inf,3.235294117647059,0.6283693084361841,0.6375655074928652,1.728140978754256,-0.7766920762833888,0.05141055821367398,0.07129821436713499,0.1743085556506779,0.6375655074928652,-0.8707692307692307,0.0
258.78569293022156,666.0,239.52941176470588,14.823529411764707,Inf,3.235294117647059,0.6283693084361841,0.6375655074928652,1.728140978754256,-0.7766920762833888,0.05141055821367398,0.07129821436713499,0.1743085556506779,0.6375655074928652,-0.8707692307692307,0.0
264.00880694389343,681.0,229.58823529411765,14.823529411764707,Inf,3.235294117647059,0.6283693084361841,0.6375655074928652,1.728140978754256,-0.7766920762833888,0.05141055821367398,0.07129821436713499,0.1743085556506779,0.6375655074928652,-0.8707692307692307,0.0
269.157830953598,696.0,244.58823529411765,14.823529411764707,Inf,3.235294117647059,0.6283693084361841,0.6375655074928652,1.728140978754256,-0.7766920762833888,0.05141055821367398,0.07129821436713499,0.1743085556506779,0.6375655074928652,-0.8707692307692307,0.0
274.42412185668945,711.0,253.05882352941177,14.823529411764707,Inf,3.235294117647059,0.6283693084361841,0.6375655074928652,1.728140978754256,-0.7766920762833888,0.05141055821367398,0.07129821436713499,0.1743085556506779,0.6375655074928652,-0.8707692307692307,0.0
279.67778396606445,726.0,253.83333333333334,14.5,Inf,3.1666666666666665,0.6283693084361841,0.6375655074928652,1.728140978754256,-0.7766920762833888,0.05141055821367398,0.07129821436713499,0.1743085556506779,0.6375655074928652,-0.8707692307692307,0.0
284.873486995697,741.0,268.8333333333333,14.5,Inf,3.1666666666666665,0.6283693084361841,0.6375655074928652,1.728140978754256,-0.7766920762833888,0.05141055821367398,0.07129821436713499,0.1743085556506779,0.6375655074928652,-0.8707692307692307,0.0
290.064306974411,756.0,268.625,13.375,Inf,3.0,0.6339130508186769,0.6375655074928652,1.728140978754256,-0.7766920762833888,0.05141055821367398,0.07129821436713499,0.1743085556506779,0.6375655074928652,-0.8707692307692307,0.0
295.36659502983093,771.0,282.6875,13.375,Inf,3.0,0.6339130508186769,0.6375655074928652,1.728140978754256,-0.7766920762833888,0.05141055821367398,0.07129821436713499,0.1743085556506779,0.6375655074928652,-0.8707692307692307,0.0
300.6043019294739,786.0,296.75,13.375,Inf,3.0,0.6339130508186769,0.6375655074928652,1.728140978754256,-0.7766920762833888,0.05141055821367398,0.07129821436713499,0.1743085556506779,0.6375655074928652,-0.8707692307692307,0.0
305.8659770488739,801.0,292.8125,13.375,Inf,3.0,0.6339130508186769,0.6375655074928652,1.728140978754256,-0.7766920762833888,0.05141055821367398,0.07129821436713499,0.1743085556506779,0.6375655074928652,-0.8707692307692307,0.0
311.18283891677856,816.0,295.25,13.375,Inf,3.0,0.6339130508186769,0.6375655074928652,1.728140978754256,-0.7766920762833888,0.05141055821367398,0.07129821436713499,0.1743085556506779,0.6375655074928652,-0.8707692307692307,0.0
316.24237394332886,830.0,302.5625,13.375,Inf,3.0,0.6339130508186769,0.6375655074928652,1.728140978754256,-0.7766920762833888,0.05141055821367398,0.07129821436713499,0.1743085556506779,0.6375655074928652,-0.8707692307692307,0.0
321.2563970088959,844.0,316.5625,13.375,Inf,3.0,0.6339130508186769,0.6375655074928652,1.728140978754256,-0.7766920762833888,0.05141055821367398,0.07129821436713499,0.1743085556506779,0.6375655074928652,-0.8707692307692307,0.0
326.602432012558,859.0,331.5625,13.375,Inf,3.0,0.6339130508186769,0.6375655074928652,1.728140978754256,-0.7766920762833888,0.05141055821367398,0.07129821436713499,0.1743085556506779,0.6375655074928652,-0.8707692307692307,0.0
331.92845392227173,874.0,346.5625,13.375,Inf,3.0,0.6339130508186769,0.6375655074928652,1.728140978754256,-0.7766920762833888,0.05141055821367398,0.07129821436713499,0.1743085556506779,0.6375655074928652,-0.8707692307692307,0.0
337.1981348991394,889.0,306.2352941176471,13.411764705882353,Inf,3.0,0.6339130508186769,0.6375655074928652,1.728140978754256,-0.7766920762833888,0.05141055821367398,0.07129821436713499,0.1743085556506779,0.6375655074928652,-0.8707692307692307,0.0
342.49508690834045,904.0,321.2352941176471,13.411764705882353,Inf,3.0,0.6339130508186769,0.6375655074928652,1.728140978754256,-0.7766920762833888,0.05141055821367398,0.07129821436713499,0.1743085556506779,0.6375655074928652,-0.8707692307692307,0.0
347.507709980011,918.0,335.2352941176471,13.411764705882353,Inf,3.0,0.6339130508186769,0.6375655074928652,1.728140978754256,-0.7766920762833888,0.05141055821367398,0.07129821436713499,0.1743085556506779,0.6375655074928652,-0.8707692307692307,0.0
352.5176980495453,932.0,346.88235294117646,13.411764705882353,Inf,3.0,0.6339130508186769,0.6375655074928652,1.728140978754256,-0.7766920762833888,0.05141055821367398,0.07129821436713499,0.1743085556506779,0.6375655074928652,-0.8707692307692307,0.0
357.5928690433502,946.0,360.88235294117646,13.411764705882353,Inf,3.0,0.6339130508186769,0.6375655074928652,1.728140978754256,-0.7766920762833888,0.05141055821367398,0.07129821436713499,0.1743085556506779,0.6375655074928652,-0.8707692307692307,0.0
362.63842391967773,960.0,372.7647058823529,13.411764705882353,Inf,3.0,0.6339130508186769,0.6375655074928652,1.728140978754256,-0.7766920762833888,0.05141055821367398,0.07129821436713499,0.1743085556506779,0.6375655074928652,-0.8707692307692307,0.0
367.7150650024414,974.0,386.7647058823529,13.411764705882353,Inf,3.0,0.6339130508186769,0.6375655074928652,1.728140978754256,-0.7766920762833888,0.05141055821367398,0.07129821436713499,0.1743085556506779,0.6375655074928652,-0.8707692307692307,0.0
372.9531400203705,989.0,401.7647058823529,13.411764705882353,Inf,3.0,0.6339130508186769,0.6375655074928652,1.728140978754256,-0.7766920762833888,0.05141055821367398,0.07129821436713499,0.1743085556506779,0.6375655074928652,-0.8707692307692307,0.0
378.2156569957733,1004.0,414.6470588235294,13.411764705882353,Inf,3.0,0.6339130508186769,0.6375655074928652,1.728140978754256,-0.7766920762833888,0.05141055821367398,0.07129821436713499,0.1743085556506779,0.6375655074928652,-0.8707692307692307,0.0
383.4946870803833,1019.0,429.6470588235294,13.411764705882353,Inf,3.0,0.6339130508186769,0.6375655074928652,1.728140978754256,-0.7766920762833888,0.05141055821367398,0.07129821436713499,0.1743085556506779,0.6375655074928652,-0.8707692307692307,0.0
388.82378602027893,1034.0,427.70588235294116,13.411764705882353,Inf,3.0588235294117645,0.6339130508186769,0.6375655074928652,1.728140978754256,-0.7766920762833888,0.05141055821367398,0.07129821436713499,0.1743085556506779,0.6375655074928652,-0.8707692307692307,0.0
394.12613701820374,1049.0,417.6666666666667,14.333333333333334,Inf,3.2777777777777777,0.6339130508186769,0.6241780360968365,1.4537820765571432,-0.7813810508375778,0.05132646426878028,0.07129821436713499,0.15327500373485584,0.6241780360968365,-0.8707692307692307,0.0
399.1927719116211,1063.0,408.4736842105263,14.894736842105264,Inf,3.3684210526315788,0.6339130508186769,0.6241780360968365,1.4537820765571432,-0.7813810508375778,0.05132646426878028,0.07129821436713499,0.15327500373485584,0.6241780360968365,-0.8707692307692307,0.0
404.5361728668213,1078.0,423.4736842105263,14.894736842105264,Inf,3.3684210526315788,0.6339130508186769,0.6241780360968365,1.4537820765571432,-0.7813810508375778,0.05132646426878028,0.07129821436713499,0.15327500373485584,0.6241780360968365,-0.8707692307692307,0.0
409.5879318714142,1092.0,435.63157894736844,14.894736842105264,Inf,3.3684210526315788,0.6339130508186769,0.6178235833201993,1.477571221203572,-0.7836067039496575,0.05134440912402069,0.07072884944214994,0.15328718561167345,0.6178235833201993,-0.8707692307692307,0.0
414.6858420372009,1106.0,454.55555555555554,14.5,Inf,3.2777777777777777,0.6339130508186769,0.6178235833201993,1.477571221203572,-0.7836067039496575,0.05134440912402069,0.07072884944214994,0.15328718561167345,0.6178235833201993,-0.8707692307692307,0.0
419.86553406715393,1120.0,465.05882352941177,14.529411764705882,Inf,3.2941176470588234,0.6339130508186769,0.6178235833201993,1.477571221203572,-0.7836067039496575,0.05134440912402069,0.07072884944214994,0.15328718561167345,0.6178235833201993,-0.8707692307692307,0.0
424.9604580402374,1134.0,479.05882352941177,14.529411764705882,Inf,3.2941176470588234,0.6339130508186769,0.6178235833201993,1.477571221203572,-0.7836067039496575,0.05134440912402069,0.07072884944214994,0.15328718561167345,0.6178235833201993,-0.8707692307692307,0.0
430.0877170562744,1148.0,493.05882352941177,14.529411764705882,Inf,3.2941176470588234,0.6339130508186769,0.6178235833201993,1.477571221203572,-0.7836067039496575,0.05134440912402069,0.07072884944214994,0.15328718561167345,0.6178235833201993,-0.8707692307692307,0.0
435.2013750076294,1162.0,528.625,13.875,Inf,3.1875,0.6339130508186769,0.6178235833201993,1.477571221203572,-0.7836067039496575,0.05134440912402069,0.07072884944214994,0.15328718561167345,0.6178235833201993,-0.8707692307692307,0.0
440.27864694595337,1176.0,537.3125,13.875,Inf,3.1875,0.6125354156052757,0.6129660156694947,1.5451938749183238,-0.7853080716266156,0.04916364177083524,0.07129821436713499,0.16353695594134346,0.6129660156694947,-0.8707692307692307,0.0
445.3369870185852,1190.0,550.5,13.875,Inf,3.1875,0.6043692359306532,0.6106494510775411,1.6544834111965425,-0.7861194505721593,0.048397325792853524,0.06692343337519163,0.1743085556506779,0.6106494510775411,-0.8707692307692307,0.0
450.50574588775635,1204.0,564.5,13.875,Inf,3.1875,0.6043692359306532,0.6106494510775411,1.6544834111965425,-0.7861194505721593,0.048397325792853524,0.06692343337519163,0.1743085556506779,0.6106494510775411,-0.8707692307692307,0.0
455.6107928752899,1218.0,578.5,13.875,Inf,3.1875,0.6043692359306532,0.6106494510775411,1.6544834111965425,-0.7861194505721593,0.048397325792853524,0.06692343337519163,0.1743085556506779,0.6106494510775411,-0.8707692307692307,0.0
460.75067496299744,1232.0,592.5,13.875,Inf,3.1875,0.6043692359306532,0.6106494510775411,1.6544834111965425,-0.7861194505721593,0.048397325792853524,0.06692343337519163,0.1743085556506779,0.6106494510775411,-0.8707692307692307,0.0
465.86020588874817,1246.0,606.5,13.875,Inf,3.1875,0.6043692359306532,0.6106494510775411,1.6544834111965425,-0.7861194505721593,0.048397325792853524,0.06692343337519163,0.1743085556506779,0.6106494510775411,-0.8707692307692307,0.0
470.9711420536041,1260.0,574.875,13.8125,1.1235582092889473e307,3.1875,0.6043692359306532,0.6106494510775411,1.6544834111965425,-0.7861194505721593,0.048397325792853524,0.06692343337519163,0.17510371035921588,0.6106494510775411,-0.8707692307692307,0.0
476.1014349460602,1274.0,515.3125,13.8125,1.1235582092889473e307,3.1875,0.6043692359306532,0.6106494510775411,1.6544834111965425,-0.7861194505721593,0.048397325792853524,0.06692343337519163,0.17510371035921588,0.6106494510775411,-0.8707692307692307,0.0
481.2681920528412,1288.0,448.6875,14.875,1.1235582092889473e307,3.375,0.6043692359306532,0.6106494510775411,1.6544834111965425,-0.7861194505721593,0.048397325792853524,0.06692343337519163,0.17510371035921588,0.6106494510775411,-0.8707692307692307,0.0
486.4915120601654,1302.0,462.6875,14.875,1.1235582092889473e307,3.375,0.6043692359306532,0.6106494510775411,1.6544834111965425,-0.7861194505721593,0.048397325792853524,0.06692343337519163,0.17510371035921588,0.6106494510775411,-0.8707692307692307,0.0
491.6739618778229,1316.0,476.6875,14.875,1.1235582092889473e307,3.375,0.6043692359306532,0.6106494510775411,1.6544834111965425,-0.7861194505721593,0.048397325792853524,0.06692343337519163,0.17510371035921588,0.6106494510775411,-0.8707692307692307,0.0
496.8783450126648,1330.0,457.625,14.875,1.1235582092889473e307,3.375,0.6043692359306532,0.6106494510775411,1.6544834111965425,-0.7861194505721593,0.048397325792853524,0.06692343337519163,0.17510371035921588,0.6106494510775411,-0.8707692307692307,0.0
502.0140950679779,1344.0,471.625,14.875,1.1235582092889473e307,3.375,0.6043692359306532,0.6106494510775411,1.6544834111965425,-0.7861194505721593,0.048397325792853524,0.06692343337519163,0.17510371035921588,0.6106494510775411,-0.8707692307692307,0.0
507.257444858551,1358.0,485.625,14.875,1.1235582092889473e307,3.375,0.6043692359306532,0.6106494510775411,1.6544834111965425,-0.7861194505721593,0.048397325792853524,0.06692343337519163,0.17510371035921588,0.6106494510775411,-0.8707692307692307,0.0
512.3999209403992,1372.0,464.5625,14.875,1.1235582092889473e307,3.375,0.6043692359306532,0.6106494510775411,1.6544834111965425,-0.7861194505721593,0.048397325792853524,0.06692343337519163,0.17510371035921588,0.6106494510775411,-0.8707692307692307,0.0
517.5989680290222,1386.0,448.4375,14.875,1.1235582092889473e307,3.375,0.6069754545625193,0.6055891945163998,1.6614424459204393,-0.7878918102322441,0.048657119268895516,0.060592125865235304,0.1758402259340633,0.6055891945163998,-0.8707692307692307,0.0
522.8451628684998,1400.0,461.5625,14.875,1.1235582092889473e307,3.375,0.6078137122148995,0.6053553149062805,1.6617431191945418,-0.7879737267875182,0.04875124484885921,0.05917386915360157,0.17587204795509107,0.6053553149062805,-0.8707692307692307,0.0
528.1541168689728,1414.0,475.5625,14.875,1.1235582092889473e307,3.375,0.6078137122148995,0.6053553149062805,1.6617431191945418,-0.7879737267875182,0.04875124484885921,0.05917386915360157,0.17587204795509107,0.6053553149062805,-0.8707692307692307,0.0
533.4395439624786,1428.0,485.8125,14.875,2.1267647932558654e37,3.4375,0.6078137122148995,0.6053553149062805,1.6617431191945418,-0.7879737267875182,0.04875124484885921,0.05917386915360157,0.17587204795509107,0.6053553149062805,-0.8707692307692307,0.0
538.7068169116974,1442.0,499.5,14.875,2.1267647932558654e37,3.4375,0.6078137122148995,0.6053553149062805,1.6617431191945418,-0.7879737267875182,0.04875124484885921,0.05917386915360157,0.17587204795509107,0.6053553149062805,-0.8707692307692307,0.0
543.91162109375,1456.0,513.5,14.875,2.1267647932558654e37,3.4375,0.6078137122148995,0.6053553149062805,1.6617431191945418,-0.7879737267875182,0.04875124484885921,0.05917386915360157,0.17587204795509107,0.6053553149062805,-0.8707692307692307,0.0
549.2002148628235,1470.0,527.5,14.875,2.1267647932558654e37,3.4375,0.6078137122148995,0.6053553149062805,1.6617431191945418,-0.7879737267875182,0.04875124484885921,0.05917386915360157,0.17587204795509107,0.6053553149062805,-0.8707692307692307,0.0
554.4025590419769,1484.0,541.5,14.875,2.1267647932558654e37,3.4375,0.6078137122148995,0.6053553149062805,1.6617431191945418,-0.7879737267875182,0.04875124484885921,0.05917386915360157,0.17587204795509107,0.6053553149062805,-0.8707692307692307,0.0
559.5698518753052,1498.0,544.5,14.875,2.1267647932558654e37,3.4375,0.6078137122148995,0.6053553149062805,1.6617431191945418,-0.7879737267875182,0.04875124484885921,0.05917386915360157,0.17587204795509107,0.6053553149062805,-0.8707692307692307,0.0
564.7835280895233,1512.0,558.5,14.875,2.1267647932558654e37,3.4375,0.6078137122148995,0.6053553149062805,1.6617431191945418,-0.7879737267875182,0.04875124484885921,0.05917386915360157,0.17587204795509107,0.6053553149062805,-0.8707692307692307,0.0
569.896143913269,1526.0,572.5,14.875,2.1267647932558654e37,3.4375,0.6078137122148995,0.6053553149062805,1.6617431191945418,-0.7879737267875182,0.04875124484885921,0.05917386915360157,0.17587204795509107,0.6053553149062805,-0.8707692307692307,0.0
575.1269578933716,1540.0,586.5,14.875,2.1267647932558654e37,3.4375,0.6078137122148995,0.6053553149062805,1.6617431191945418,-0.7879737267875182,0.04875124484885921,0.05917386915360157,0.17587204795509107,0.6053553149062805,-0.8707692307692307,0.0
580.3131139278412,1554.0,600.5,14.875,2.1267647932558654e37,3.4375,0.6078137122148995,0.6053553149062805,1.6617431191945418,-0.7879737267875182,0.04875124484885921,0.05917386915360157,0.17587204795509107,0.6053553149062805,-0.8707692307692307,0.0
585.5799729824066,1568.0,587.9375,14.875,2.1267647932558654e37,3.4375,0.6078137122148995,0.6053553149062805,1.6617431191945418,-0.7879737267875182,0.04875124484885921,0.05917386915360157,0.17587204795509107,0.6053553149062805,-0.8707692307692307,0.0
590.8153860569,1582.0,601.9375,14.875,2.1267647932558654e37,3.4375,0.6078137122148995,0.6053553149062805,1.6617431191945418,-0.7879737267875182,0.04875124484885921,0.05917386915360157,0.17587204795509107,0.6053553149062805,-0.8707692307692307,0.0
595.9574508666992,1596.0,615.9375,14.875,2.1267647932558654e37,3.4375,0.6078137122148995,0.6053553149062805,1.6617431191945418,-0.7879737267875182,0.04875124484885921,0.05917386915360157,0.17587204795509107,0.6053553149062805,-0.8707692307692307,0.0
601.0853509902954,1610.0,629.9375,14.875,2.1267647932558654e37,3.4375,0.6078137122148995,0.6053553149062805,1.6617431191945418,-0.7879737267875182,0.04875124484885921,0.05917386915360157,0.17587204795509107,0.6053553149062805,-0.8707692307692307,0.0
606.2222828865051,1624.0,641.125,14.875,2.1267647932558654e37,3.4375,0.6078137122148995,0.6053553149062805,1.6617431191945418,-0.7879737267875182,0.04875124484885921,0.05917386915360157,0.17587204795509107,0.6053553149062805,-0.8707692307692307,0.0
611.3887438774109,1638.0,655.125,14.875,2.1267647932558654e37,3.4375,0.6078137122148995,0.6053553149062805,1.6617431191945418,-0.7879737267875182,0.04875124484885921,0.05917386915360157,0.17587204795509107,0.6053553149062805,-0.8707692307692307,0.0
616.5704309940338,1652.0,595.3888888888889,15.88888888888889,Inf,3.611111111111111,0.6078137122148995,0.6053553149062805,1.6617431191945418,-0.7879737267875182,0.04875124484885921,0.05917386915360157,0.17546082994863904,0.6053553149062805,-0.8707692307692307,0.0
621.6726319789886,1666.0,609.3888888888889,15.88888888888889,Inf,3.611111111111111,0.6078137122148995,0.6053553149062805,1.6617431191945418,-0.7879737267875182,0.04875124484885921,0.05917386915360157,0.17546082994863904,0.6053553149062805,-0.8707692307692307,0.0
626.8164999485016,1680.0,623.3888888888889,15.88888888888889,Inf,3.611111111111111,0.6078137122148995,0.6053553149062805,1.6617431191945418,-0.7879737267875182,0.04875124484885921,0.05917386915360157,0.17546082994863904,0.6053553149062805,-0.8707692307692307,0.0
632.012081861496,1694.0,612.6666666666666,15.88888888888889,Inf,3.611111111111111,0.6078137122148995,0.6053553149062805,1.6617431191945418,-0.7879737267875182,0.04875124484885921,0.05917386915360157,0.17546082994863904,0.6053553149062805,-0.8707692307692307,0.0
637.2325029373169,1708.0,626.6666666666666,15.88888888888889,Inf,3.611111111111111,0.6078137122148995,0.6053553149062805,1.6617431191945418,-0.7879737267875182,0.04875124484885921,0.05917386915360157,0.17546082994863904,0.6053553149062805,-0.8707692307692307,0.0
642.4114398956299,1722.0,607.421052631579,16.105263157894736,Inf,3.6842105263157894,0.6078137122148995,0.6053553149062805,1.6617431191945418,-0.7879737267875182,0.04875124484885921,0.05917386915360157,0.17546082994863904,0.6053553149062805,-0.8707692307692307,0.0
647.7277820110321,1736.0,596.5263157894736,16.105263157894736,Inf,3.6842105263157894,0.6078137122148995,0.6053553149062805,1.6617431191945418,-0.7879737267875182,0.04875124484885921,0.05917386915360157,0.17546082994863904,0.6053553149062805,-0.8707692307692307,0.0
652.8883159160614,1750.0,610.5263157894736,16.105263157894736,Inf,3.6842105263157894,0.6078137122148995,0.6053553149062805,1.6617431191945418,-0.7879737267875182,0.04875124484885921,0.05917386915360157,0.17546082994863904,0.6053553149062805,-0.8707692307692307,0.0
657.9820148944855,1764.0,624.5263157894736,16.105263157894736,Inf,3.6842105263157894,0.6078137122148995,0.6053553149062805,1.6617431191945418,-0.7879737267875182,0.04875124484885921,0.05917386915360157,0.17546082994863904,0.6053553149062805,-0.8707692307692307,0.0
663.2218909263611,1778.0,606.3684210526316,16.105263157894736,Inf,3.6842105263157894,0.6078137122148995,0.6053553149062805,1.6617431191945418,-0.7879737267875182,0.04875124484885921,0.05917386915360157,0.17546248349505966,0.6053553149062805,-0.8707692307692307,0.0
668.5068130493164,1792.0,619.578947368421,16.105263157894736,Inf,3.6842105263157894,0.6078137122148995,0.6053553149062805,1.6617431191945418,-0.7879737267875182,0.04875124484885921,0.05917386915360157,0.17546248349505966,0.6053553149062805,-0.8707692307692307,0.0
673.8398010730743,1806.0,632.8947368421053,16.105263157894736,Inf,3.736842105263158,0.6078137122148995,0.6053553149062805,1.6617431191945418,-0.7879737267875182,0.04875124484885921,0.05917386915360157,0.17546248349505966,0.6053553149062805,-0.8707692307692307,0.0
679.0592398643494,1820.0,637.8421052631579,16.05263157894737,9.46154281506482e306,3.789473684210526,0.6078137122148995,0.6053553149062805,1.6617431191945418,-0.7879737267875182,0.04875124484885921,0.05917386915360157,0.17546248349505966,0.6053553149062805,-0.8707692307692307,0.0
684.2883479595184,1834.0,651.8421052631579,16.05263157894737,9.46154281506482e306,3.789473684210526,0.6078137122148995,0.6053553149062805,1.6617431191945418,-0.7879737267875182,0.04875124484885921,0.05917386915360157,0.17546248349505966,0.6053553149062805,-0.8707692307692307,0.0
689.6338489055634,1848.0,659.3157894736842,16.05263157894737,9.46154281506482e306,3.789473684210526,0.6078137122148995,0.6053553149062805,1.6617431191945418,-0.7879737267875182,0.04875124484885921,0.05917386915360157,0.17546248349505966,0.6053553149062805,-0.8707692307692307,0.0
694.8555328845978,1862.0,673.3157894736842,16.05263157894737,9.46154281506482e306,3.789473684210526,0.6078137122148995,0.6053553149062805,1.6617431191945418,-0.7879737267875182,0.04875124484885921,0.05917386915360157,0.17546248349505966,0.6053553149062805,-0.8707692307692307,0.0
699.9872798919678,1876.0,687.3157894736842,16.05263157894737,9.46154281506482e306,3.789473684210526,0.6078137122148995,0.6053553149062805,1.6617431191945418,-0.7879737267875182,0.04875124484885921,0.05917386915360157,0.17546248349505966,0.6053553149062805,-0.8707692307692307,0.0
705.1466100215912,1890.0,701.3157894736842,16.05263157894737,9.46154281506482e306,3.789473684210526,0.6078137122148995,0.6053553149062805,1.6617431191945418,-0.7879737267875182,0.04875124484885921,0.05917386915360157,0.17546248349505966,0.6053553149062805,-0.8707692307692307,0.0
710.3498229980469,1904.0,715.3157894736842,16.05263157894737,9.46154281506482e306,3.789473684210526,0.6078137122148995,0.6053553149062805,1.6617431191945418,-0.7879737267875182,0.04875124484885921,0.05917386915360157,0.17546248349505966,0.6053553149062805,-0.8707692307692307,0.0
715.5729870796204,1918.0,734.7222222222222,15.277777777777779,9.987184082568421e306,3.611111111111111,0.5883673923643373,0.5191096457802299,1.3598081343393602,-0.8181813542010883,0.04736332764819842,0.07129821436713499,0.1226254486720189,0.5191096457802299,-0.8707692307692307,0.0
720.7632749080658,1932.0,748.7222222222222,15.277777777777779,9.987184082568421e306,3.611111111111111,0.5883673923643373,0.5191096457802299,1.3598081343393602,-0.8181813542010883,0.04736332764819842,0.07129821436713499,0.1226254486720189,0.5191096457802299,-0.8707692307692307,0.0
726.0621938705444,1946.0,762.7222222222222,15.277777777777779,9.987184082568421e306,3.611111111111111,0.5883673923643373,0.5191096457802299,1.3598081343393602,-0.8181813542010883,0.04736332764819842,0.07129821436713499,0.1226254486720189,0.5191096457802299,-0.8707692307692307,0.0
731.2723159790039,1960.0,776.7222222222222,15.277777777777779,9.987184082568421e306,3.611111111111111,0.5883673923643373,0.5191096457802299,1.3598081343393602,-0.8181813542010883,0.04736332764819842,0.07129821436713499,0.1226254486720189,0.5191096457802299,-0.8707692307692307,0.0
736.5288228988647,1974.0,742.6315789473684,15.421052631578947,9.46154281506482e306,3.6315789473684212,0.5883673923643373,0.5191096457802299,1.3598081343393602,-0.8181813542010883,0.04736332764819842,0.07129821436713499,0.1226254486720189,0.5191096457802299,-0.8707692307692307,0.0
741.7397639751434,1988.0,685.6842105263158,15.421052631578947,9.46154281506482e306,3.6315789473684212,0.5883673923643373,0.5191096457802299,1.3598081343393602,-0.8181813542010883,0.04736332764819842,0.07037426547076446,0.1226254486720189,0.5191096457802299,-0.8625641025641025,0.0
746.9245638847351,2002.0,699.6842105263158,15.421052631578947,9.46154281506482e306,3.6315789473684212,0.5883673923643373,0.5191096457802299,1.3598081343393602,-0.8181813542010883,0.04736332764819842,0.07037426547076446,0.1226254486720189,0.5191096457802299,-0.8625641025641025,0.0
752.1163070201874,2016.0,637.9473684210526,15.421052631578947,9.46154281506482e306,3.6315789473684212,0.5883673923643373,0.5191096457802299,1.3598081343393602,-0.8181813542010883,0.04736332764819842,0.07037426547076446,0.1226254486720189,0.5191096457802299,-0.8625641025641025,0.0
757.2430980205536,2030.0,651.9473684210526,15.421052631578947,9.46154281506482e306,3.6315789473684212,0.5883673923643373,0.5191096457802299,1.3598081343393602,-0.8181813542010883,0.04736332764819842,0.07037426547076446,0.1226254486720189,0.5191096457802299,-0.8625641025641025,0.0
762.4301218986511,2044.0,614.421052631579,15.421052631578947,9.46154281506482e306,3.6315789473684212,0.5883673923643373,0.5191096457802299,1.3598081343393602,-0.8181813542010883,0.04736332764819842,0.07037426547076446,0.1226254486720189,0.5191096457802299,-0.8625641025641025,0.0
767.6353960037231,2058.0,596.8947368421053,15.578947368421053,1.790959825899676e37,3.6842105263157894,0.5883673923643373,0.5191096457802299,1.3598081343393602,-0.8181813542010883,0.04736332764819842,0.07037426547076446,0.1226254486720189,0.5191096457802299,-0.8598290598290599,0.0
772.7140760421753,2072.0,590.3157894736842,15.578947368421053,1.790959825899676e37,3.6842105263157894,0.5883673923643373,0.5191096457802299,1.3598081343393602,-0.8181813542010883,0.04736332764819842,0.07037426547076446,0.1226254486720189,0.5191096457802299,-0.8598290598290599,0.0
777.8986930847168,2086.0,599.421052631579,15.578947368421053,1.790959825899676e37,3.6842105263157894,0.5883673923643373,0.5191096457802299,1.3598081343393602,-0.8181813542010883,0.04736332764819842,0.0696187320919152,0.1226254486720189,0.5191096457802299,-0.8618803418803419,0.0
783.1573250293732,2100.0,610.7368421052631,15.578947368421053,1.790959825899676e37,3.6842105263157894,0.5883673923643373,0.5191096457802299,1.3598081343393602,-0.8181813542010883,0.04736332764819842,0.0696187320919152,0.1226254486720189,0.5191096457802299,-0.8618803418803419,0.0
788.4438939094543,2114.0,624.7368421052631,15.578947368421053,1.790959825899676e37,3.6842105263157894,0.5883673923643373,0.5191096457802299,1.3598081343393602,-0.8181813542010883,0.04736332764819842,0.0696187320919152,0.1226254486720189,0.5191096457802299,-0.8618803418803419,0.0
793.656975030899,2128.0,630.8421052631579,15.578947368421053,8.95479912949838e37,3.6315789473684212,0.5883673923643373,0.5191096457802299,1.3598081343393602,-0.8181813542010883,0.04736332764819842,0.0696187320919152,0.1226254486720189,0.5191096457802299,-0.8618803418803419,0.0
798.7064740657806,2142.0,635.1578947368421,15.578947368421053,8.95479912949838e37,3.6315789473684212,0.5859411304345007,0.5191096457802299,1.3598081343393602,-0.8181813542010883,0.04736332764819842,0.0696187320919152,0.1226254486720189,0.5191096457802299,-0.8618803418803419,0.0
803.9420959949493,2156.0,648.4736842105264,15.578947368421053,8.95479912949838e37,3.6315789473684212,0.5859411304345007,0.5191096457802299,1.3598081343393602,-0.8181813542010883,0.04736332764819842,0.0696187320919152,0.1226254486720189,0.5191096457802299,-0.8618803418803419,0.0
809.1213610172272,2170.0,661.6315789473684,15.578947368421053,8.95479912949838e37,3.6315789473684212,0.5859411304345007,0.5191096457802299,1.3598081343393602,-0.8181813542010883,0.04736332764819842,0.0696187320919152,0.1226254486720189,0.5191096457802299,-0.8618803418803419,0.0
814.2606840133667,2184.0,675.2631578947369,15.578947368421053,8.95479912949838e37,3.6315789473684212,0.5859411304345007,0.5191096457802299,1.3598081343393602,-0.8181813542010883,0.04736332764819842,0.0696187320919152,0.1226254486720189,0.5191096457802299,-0.8618803418803419,0.0
819.5418350696564,2198.0,670.8947368421053,15.578947368421053,8.95479912949838e37,3.6315789473684212,0.5859411304345007,0.5191096457802299,1.3598081343393602,-0.8181813542010883,0.04736332764819842,0.0696187320919152,0.1226254486720189,0.5191096457802299,-0.8618803418803419,0.0
824.8273000717163,2212.0,681.7368421052631,15.578947368421053,8.95479912949838e37,3.6315789473684212,0.5859411304345007,0.5191096457802299,1.3598081343393602,-0.8181813542010883,0.04736332764819842,0.0696187320919152,0.1226254486720189,0.5191096457802299,-0.8618803418803419,0.0
830.0547859668732,2226.0,695.7368421052631,15.578947368421053,8.95479912949838e37,3.6315789473684212,0.5859411304345007,0.5191096457802299,1.3598081343393602,-0.8181813542010883,0.04736332764819842,0.0696187320919152,0.1226254486720189,0.5191096457802299,-0.8618803418803419,0.0
835.233855009079,2240.0,709.7368421052631,15.578947368421053,8.95479912949838e37,3.6315789473684212,0.5859411304345007,0.5191096457802299,1.3598081343393602,-0.8181813542010883,0.04736332764819842,0.0696187320919152,0.1226254486720189,0.5191096457802299,-0.8618803418803419,0.0
840.394021987915,2254.0,723.7368421052631,15.578947368421053,8.95479912949838e37,3.6315789473684212,0.5859411304345007,0.5191096457802299,1.3598081343393602,-0.8181813542010883,0.04736332764819842,0.0696187320919152,0.1226254486720189,0.5191096457802299,-0.8618803418803419,0.0
845.6237559318542,2268.0,727.9473684210526,15.578947368421053,8.95479912949838e37,3.6315789473684212,0.5859411304345007,0.5191096457802299,1.3598081343393602,-0.8181813542010883,0.04736332764819842,0.06397889453725551,0.1226254486720189,0.5191096457802299,-0.8611965811965812,0.0
850.7614178657532,2282.0,741.0526315789474,15.578947368421053,8.95479912949838e37,3.6315789473684212,0.5859411304345007,0.5191096457802299,1.3598081343393602,-0.8181813542010883,0.04736332764819842,0.06695628647147739,0.1226254486720189,0.5191096457802299,-0.8591452991452991,0.0
855.8707718849182,2296.0,755.0526315789474,15.578947368421053,8.95479912949838e37,3.6315789473684212,0.5859411304345007,0.5191096457802299,1.3598081343393602,-0.8181813542010883,0.04736332764819842,0.06695628647147739,0.1226254486720189,0.5191096457802299,-0.8591452991452991,0.0
861.084184885025,2310.0,769.0526315789474,15.578947368421053,8.95479912949838e37,3.6315789473684212,0.5859411304345007,0.5191096457802299,1.3598081343393602,-0.8181813542010883,0.04736332764819842,0.06695628647147739,0.1226254486720189,0.5191096457802299,-0.8591452991452991,0.0
866.3158779144287,2324.0,783.0526315789474,15.578947368421053,8.95479912949838e37,3.6315789473684212,0.5859411304345007,0.5191096457802299,1.3598081343393602,-0.8181813542010883,0.04736332764819842,0.06695628647147739,0.1226254486720189,0.5191096457802299,-0.8591452991452991,0.0
871.56760597229,2338.0,797.0526315789474,15.578947368421053,8.95479912949838e37,3.6315789473684212,0.5859411304345007,0.5191096457802299,1.3598081343393602,-0.8181813542010883,0.04736332764819842,0.06695628647147739,0.1226254486720189,0.5191096457802299,-0.8591452991452991,0.0
876.8583340644836,2352.0,811.0526315789474,15.578947368421053,8.95479912949838e37,3.6315789473684212,0.5859411304345007,0.5191096457802299,1.3598081343393602,-0.8181813542010883,0.04736332764819842,0.06695628647147739,0.1226254486720189,0.5191096457802299,-0.8591452991452991,0.0
882.1207840442657,2366.0,825.0526315789474,15.578947368421053,8.95479912949838e37,3.6315789473684212,0.5859411304345007,0.5191096457802299,1.3598081343393602,-0.8181813542010883,0.04736332764819842,0.06695628647147739,0.1226254486720189,0.5191096457802299,-0.8591452991452991,0.0
887.3175690174103,2380.0,839.0526315789474,15.578947368421053,8.95479912949838e37,3.6315789473684212,0.5859411304345007,0.5191096457802299,1.3598081343393602,-0.8181813542010883,0.04736332764819842,0.06695628647147739,0.1226254486720189,0.5191096457802299,-0.8591452991452991,0.0
892.4854469299316,2394.0,853.0526315789474,15.578947368421053,8.95479912949838e37,3.6315789473684212,0.5859411304345007,0.5191096457802299,1.3598081343393602,-0.8181813542010883,0.04736332764819842,0.06695628647147739,0.1226254486720189,0.5191096457802299,-0.8591452991452991,0.0
897.6136920452118,2408.0,765.8947368421053,15.578947368421053,8.95479912949838e37,3.6315789473684212,0.5859411304345007,0.5191096457802299,1.3598081343393602,-0.8181813542010883,0.04736332764819842,0.06695628647147739,0.1226254486720189,0.5191096457802299,-0.8591452991452991,0.0
902.8630330562592,2422.0,752.8421052631579,15.578947368421053,8.95479912949838e37,3.6315789473684212,0.5859411304345007,0.5157748573540302,1.3524545022194747,-0.8193493670103401,0.04721122784440412,0.06695628647147739,0.12196230920748846,0.5157748573540302,-0.8591452991452991,0.0
908.0697638988495,2436.0,766.8421052631579,15.578947368421053,8.95479912949838e37,3.6315789473684212,0.5859411304345007,0.5157748573540302,1.3524545022194747,-0.8193493670103401,0.04721122784440412,0.06695628647147739,0.12196230920748846,0.5157748573540302,-0.8591452991452991,0.0
913.3249850273132,2450.0,755.421052631579,15.578947368421053,8.95479912949838e37,3.6315789473684212,0.5859411304345007,0.5157748573540302,1.3524545022194747,-0.8193493670103401,0.04721122784440412,0.06695628647147739,0.12196230920748846,0.5157748573540302,-0.8591452991452991,0.0
918.5615239143372,2464.0,717.25,16.2,8.988465674311579e306,3.75,0.5859411304345007,0.5157748573540302,1.3524545022194747,-0.8193493670103401,0.04721122784440412,0.06695628647147739,0.12196230920748846,0.5157748573540302,-0.8721367521367521,0.0
923.843985080719,2478.0,731.25,16.2,8.988465674311579e306,3.75,0.5859411304345007,0.5157748573540302,1.3524545022194747,-0.8193493670103401,0.04721122784440412,0.06695628647147739,0.12196230920748846,0.5157748573540302,-0.8721367521367521,0.0
929.0338649749756,2492.0,745.25,16.2,8.988465674311579e306,3.75,0.5859411304345007,0.5157748573540302,1.3524545022194747,-0.8193493670103401,0.04721122784440412,0.06695628647147739,0.12196230920748846,0.5157748573540302,-0.8721367521367521,0.0
934.2924818992615,2506.0,759.25,16.2,8.988465674311579e306,3.75,0.5859411304345007,0.5157748573540302,1.3524545022194747,-0.8193493670103401,0.04721122784440412,0.06695628647147739,0.12196230920748846,0.5157748573540302,-0.8721367521367521,0.0
939.5355050563812,2520.0,770.45,16.2,8.988465674311579e306,3.75,0.5859411304345007,0.5157748573540302,1.3524545022194747,-0.8193493670103401,0.04721122784440412,0.06695628647147739,0.12196230920748846,0.5157748573540302,-0.8721367521367521,0.0
944.7538540363312,2534.0,784.45,16.2,8.988465674311579e306,3.75,0.5859411304345007,0.5157748573540302,1.3524545022194747,-0.8193493670103401,0.04721122784440412,0.06695628647147739,0.12196230920748846,0.5157748573540302,-0.8721367521367521,0.0
949.9406380653381,2548.0,798.45,16.2,8.988465674311579e306,3.75,0.5859411304345007,0.5157748573540302,1.3524545022194747,-0.8193493670103401,0.04721122784440412,0.06695628647147739,0.12196230920748846,0.5157748573540302,-0.8721367521367521,0.0
955.235738992691,2562.0,793.6,16.2,8.988465674311579e306,3.75,0.5859411304345007,0.5157748573540302,1.3524545022194747,-0.8193493670103401,0.04721122784440412,0.06695628647147739,0.12196230920748846,0.5157748573540302,-0.8721367521367521,0.0
960.5153200626373,2576.0,807.6,16.2,8.988465674311579e306,3.75,0.5859411304345007,0.5157748573540302,1.3524545022194747,-0.8193493670103401,0.04721122784440412,0.06695628647147739,0.12196230920748846,0.5157748573540302,-0.8721367521367521,0.0
965.8483419418335,2590.0,821.6,16.2,8.988465674311579e306,3.75,0.5859411304345007,0.5157748573540302,1.3524545022194747,-0.8193493670103401,0.04721122784440412,0.06695628647147739,0.12196230920748846,0.5157748573540302,-0.8721367521367521,0.0
971.094673871994,2604.0,835.6,16.2,8.988465674311579e306,3.75,0.5859411304345007,0.5157748573540302,1.3524545022194747,-0.8193493670103401,0.04721122784440412,0.06695628647147739,0.12196230920748846,0.5157748573540302,-0.8721367521367521,0.0
976.2520320415497,2618.0,785.35,16.2,8.988465674311579e306,3.75,0.5859411304345007,0.5157748573540302,1.3524545022194747,-0.8193493670103401,0.04721122784440412,0.06695628647147739,0.12196230920748846,0.5157748573540302,-0.8721367521367521,0.0
981.4867708683014,2632.0,798.65,16.2,8.988465674311579e306,3.75,0.5859411304345007,0.5157748573540302,1.3524545022194747,-0.8193493670103401,0.04721122784440412,0.06695628647147739,0.12196230920748846,0.5157748573540302,-0.8721367521367521,0.0
986.6720218658447,2646.0,812.0,16.2,8.988465674311579e306,3.75,0.5859411304345007,0.5157748573540302,1.3524545022194747,-0.8193493670103401,0.04721122784440412,0.06695628647147739,0.12196230920748846,0.5157748573540302,-0.8721367521367521,0.0
991.8278920650482,2660.0,839.3157894736842,15.578947368421053,9.46154281506482e306,3.5789473684210527,0.5859411304345007,0.5157748573540302,1.3524545022194747,-0.8193493670103401,0.04721122784440412,0.06953759269699071,0.12196230920748846,0.5157748573540302,-0.8523076923076923,0.0
997.0777089595795,2674.0,852.421052631579,15.578947368421053,9.46154281506482e306,3.5789473684210527,0.5859411304345007,0.5157748573540302,1.3524545022194747,-0.8193493670103401,0.04721122784440412,0.06953759269699071,0.12196230920748846,0.5157748573540302,-0.8523076923076923,0.0
1002.2588238716125,2688.0,865.578947368421,15.578947368421053,9.46154281506482e306,3.5789473684210527,0.5859411304345007,0.5157748573540302,1.3524545022194747,-0.8193493670103401,0.04721122784440412,0.06953759269699071,0.12196230920748846,0.5157748573540302,-0.8523076923076923,0.0
1007.4797458648682,2702.0,849.2631578947369,15.578947368421053,9.46154281506482e306,3.5789473684210527,0.5867698191293422,0.5157748573540302,1.3524545022194747,-0.8193493670103401,0.04721122784440412,0.06953759269699071,0.12196230920748846,0.5157748573540302,-0.8564102564102564,0.0
1012.6919479370117,2716.0,857.6842105263158,15.578947368421053,9.46154281506482e306,3.5789473684210527,0.5867698191293422,0.5157748573540302,1.3524545022194747,-0.8193493670103401,0.04721122784440412,0.06953759269699071,0.12196230920748846,0.5157748573540302,-0.8564102564102564,0.0
1017.848151922226,2730.0,871.0526315789474,15.578947368421053,9.46154281506482e306,3.5789473684210527,0.5867698191293422,0.5157748573540302,1.3524545022194747,-0.8193493670103401,0.04721122784440412,0.06953759269699071,0.12196230920748846,0.5157748573540302,-0.8564102564102564,0.0
1023.0154390335083,2744.0,884.421052631579,15.578947368421053,9.46154281506482e306,3.5789473684210527,0.5867698191293422,0.5157748573540302,1.3524545022194747,-0.8193493670103401,0.04721122784440412,0.06953759269699071,0.12196230920748846,0.5157748573540302,-0.8564102564102564,0.0
1028.194848060608,2758.0,897.5263157894736,15.578947368421053,9.46154281506482e306,3.5789473684210527,0.5867698191293422,0.5157748573540302,1.3524545022194747,-0.8193493670103401,0.04721122784440412,0.06953759269699071,0.12196230920748846,0.5157748573540302,-0.8564102564102564,0.0
1033.270919084549,2772.0,907.8947368421053,15.526315789473685,9.46154281506482e306,3.5789473684210527,0.5867698191293422,0.5157748573540302,1.3524545022194747,-0.8193493670103401,0.04721122784440412,0.06625484040661125,0.12196230920748846,0.5157748573540302,-0.8680341880341881,0.0
1038.4763069152832,2786.0,886.1578947368421,15.526315789473685,9.46154281506482e306,3.5789473684210527,0.5867698191293422,0.5157748573540302,1.3524545022194747,-0.8193493670103401,0.04721122784440412,0.06625484040661125,0.12196230920748846,0.5157748573540302,-0.8680341880341881,0.0
1043.7702209949493,2800.0,891.0526315789474,15.526315789473685,9.46154281506482e306,3.5789473684210527,0.5867698191293422,0.5157748573540302,1.3524545022194747,-0.8193493670103401,0.04721122784440412,0.06625484040661125,0.12196230920748846,0.5157748573540302,-0.8680341880341881,0.0
1048.9128720760345,2814.0,838.5263157894736,15.526315789473685,9.46154281506482e306,3.5789473684210527,0.5867698191293422,0.5157748573540302,1.3524545022194747,-0.8193493670103401,0.04721122784440412,0.06625484040661125,0.12196230920748846,0.5157748573540302,-0.8680341880341881,0.0
1054.06533908844,2828.0,850.7894736842105,15.526315789473685,9.46154281506482e306,3.5789473684210527,0.5867698191293422,0.5157748573540302,1.3524545022194747,-0.8193493670103401,0.04721122784440412,0.06625484040661125,0.12196230920748846,0.5157748573540302,-0.8680341880341881,0.0
1059.2476780414581,2842.0,863.421052631579,15.526315789473685,9.46154281506482e306,3.5789473684210527,0.5867698191293422,0.5157748573540302,1.3524545022194747,-0.8193493670103401,0.04721122784440412,0.06625484040661125,0.12196230920748846,0.5157748573540302,-0.8680341880341881,0.0
1064.44717502594,2856.0,875.8947368421053,15.526315789473685,9.46154281506482e306,3.5789473684210527,0.5867698191293422,0.5157748573540302,1.3524545022194747,-0.8193493670103401,0.04721122784440412,0.06625484040661125,0.12196230920748846,0.5157748573540302,-0.8680341880341881,0.0
1069.6132910251617,2870.0,888.4736842105264,15.526315789473685,9.46154281506482e306,3.5789473684210527,0.5867698191293422,0.5157748573540302,1.3524545022194747,-0.8193493670103401,0.04721122784440412,0.06625484040661125,0.12196230920748846,0.5157748573540302,-0.8680341880341881,0.0
1074.817584991455,2884.0,896.7368421052631,15.526315789473685,9.46154281506482e306,3.5789473684210527,0.575687628519466,0.5157748573540302,1.3524545022194747,-0.8193493670103401,0.04721122784440412,0.06625484040661125,0.12196230920748846,0.5157748573540302,-0.8680341880341881,0.0
1079.9978160858154,2898.0,864.35,16.15,8.988465674311579e306,3.7,0.575687628519466,0.5157748573540302,1.3524545022194747,-0.8193493670103401,0.04720984480089015,0.06625484040661125,0.12196230920748846,0.5157748573540302,-0.8680341880341881,0.0
1085.1877460479736,2912.0,875.95,16.15,8.988465674311579e306,3.7,0.575687628519466,0.5157748573540302,1.3524545022194747,-0.8193493670103401,0.0472098449229763,0.06625484040661125,0.12196230920748846,0.5157748573540302,-0.8680341880341881,0.0
1090.3257250785828,2926.0,888.75,16.15,8.988465674311579e306,3.7,0.575687628519466,0.5157748573540302,1.3524545022194747,-0.8193493670103401,0.0472098449229763,0.06625484040661125,0.12196230920748846,0.5157748573540302,-0.8680341880341881,0.0
1095.460452079773,2940.0,901.05,16.15,8.988465674311579e306,3.7,0.575687628519466,0.5157748573540302,1.3524545022194747,-0.8193493670103401,0.0472098449229763,0.06625484040661125,0.12196230920748846,0.5157748573540302,-0.8680341880341881,0.0
1100.6737730503082,2954.0,901.4,16.15,8.988465674311579e306,3.7,0.575687628519466,0.5157748573540302,1.3524545022194747,-0.8193493670103401,0.0472098449229763,0.06625484040661125,0.12196230920748846,0.5157748573540302,-0.8680341880341881,0.0
1105.838742017746,2968.0,822.1818181818181,16.90909090909091,Inf,3.8636363636363638,0.575687628519466,0.5157748573540302,1.3524545022194747,-0.8193493670103401,0.0472098449229763,0.058197705686708213,0.12196230920748846,0.5157748573540302,-0.8817094017094017,0.0
1111.027065038681,2982.0,834.7727272727273,16.90909090909091,Inf,3.8636363636363638,0.575687628519466,0.5157748573540302,1.3524545022194747,-0.8193493670103401,0.0472098449229763,0.058197705686708213,0.12196230920748846,0.5157748573540302,-0.8817094017094017,0.0
1116.1737229824066,2996.0,847.5454545454545,16.90909090909091,Inf,3.8636363636363638,0.575687628519466,0.5157748573540302,1.3524545022194747,-0.8193493670103401,0.0472098449229763,0.058197705686708213,0.12196230920748846,0.5157748573540302,-0.8817094017094017,0.0
1121.3518619537354,3010.0,858.8636363636364,16.90909090909091,Inf,3.8636363636363638,0.575687628519466,0.5157748573540302,1.3524545022194747,-0.8193493670103401,0.0472098449229763,0.05819770568779824,0.12196230920748846,0.5157748573540302,-0.8817094017094017,0.0
1126.5160119533539,3024.0,869.0454545454545,16.863636363636363,Inf,3.8636363636363638,0.575687628519466,0.5157748573540302,1.3524545022194747,-0.8193493670103401,0.0472098449229763,0.05819770568779824,0.12196230920748846,0.5157748573540302,-0.8817094017094017,0.0
1131.5960149765015,3038.0,874.7272727272727,16.863636363636363,Inf,3.8636363636363638,0.575687628519466,0.5157748573540302,1.3524545022194747,-0.8193493670103401,0.047209844211177146,0.05817711618909211,0.12196230920748846,0.5157748573540302,-0.8817094017094017,0.0
1136.6440510749817,3052.0,887.4545454545455,16.863636363636363,Inf,3.8636363636363638,0.575687628519466,0.5157748573540302,1.3524545022194747,-0.8193493670103401,0.047209844211177146,0.05818224221592907,0.12196230920748846,0.5157748573540302,-0.8817094017094017,0.0
1141.7729620933533,3066.0,900.1818181818181,16.863636363636363,Inf,3.8636363636363638,0.575687628519466,0.5157748573540302,1.3524545022194747,-0.8193493670103401,0.047209844211177146,0.05818224221592907,0.12196230920748846,0.5157748573540302,-0.8817094017094017,0.0
1146.8870270252228,3080.0,883.3636363636364,16.818181818181817,Inf,3.8636363636363638,0.575687628519466,0.5153763304259484,1.3525635595637695,-0.8194889514448951,0.047209844211177146,0.05818224221592907,0.12197214383447548,0.5153763304259484,-0.8817094017094017,0.0
1152.0663318634033,3094.0,894.2272727272727,16.818181818181817,Inf,3.8636363636363638,0.575687628519466,0.5153763304259484,1.3525635595637695,-0.8194889514448951,0.047209844211177146,0.05851910363980532,0.12197214383447548,0.5153763304259484,-0.8844444444444445,0.0
1157.3492450714111,3108.0,759.9047619047619,17.19047619047619,Inf,3.9523809523809526,0.575687628519466,0.5153763304259484,1.3525635595637695,-0.8194889514448951,0.047209844211177146,0.05851910363980532,0.12197214383447548,0.5153763304259484,-0.8844444444444445,0.0
1162.5509779453278,3122.0,632.15,17.15,Inf,4.0,0.575687628519466,0.5153763304259484,1.3525635595637695,-0.8194889514448951,0.047209844211177146,0.05851910363980532,0.12197214383447548,0.5153763304259484,-0.8844444444444445,0.0
1167.8038249015808,3136.0,646.15,17.15,Inf,4.0,0.575687628519466,0.5153763304259484,1.3525635595637695,-0.8194889514448951,0.047209844211177146,0.05851910363980532,0.12197214383447548,0.5153763304259484,-0.8844444444444445,0.0
1172.991679906845,3150.0,660.15,17.15,Inf,4.0,0.575687628519466,0.5153763304259484,1.3525635595637695,-0.8194889514448951,0.047209844211177146,0.05851910363980532,0.12197214383447548,0.5153763304259484,-0.8844444444444445,0.0
1178.1696400642395,3164.0,658.7,17.15,Inf,4.0,0.575687628519466,0.5153763304259484,1.3525635595637695,-0.8194889514448951,0.047209844211177146,0.05851907498680064,0.12197214383447548,0.5153763304259484,-0.8844444444444445,0.0
1183.4915368556976,3178.0,672.7,17.15,Inf,4.0,0.575687628519466,0.5153763304259484,1.3525635595637695,-0.8194889514448951,0.047209844211177146,0.05851907498680064,0.12197214383447548,0.5153763304259484,-0.8844444444444445,0.0
1188.709615945816,3192.0,686.7,17.15,Inf,4.0,0.575687628519466,0.5153763304259484,1.3525635595637695,-0.8194889514448951,0.047209844211177146,0.05851907498680064,0.12197214383447548,0.5153763304259484,-0.8844444444444445,0.0
1193.9394130706787,3206.0,700.7,17.15,Inf,4.0,0.575687628519466,0.5153763304259484,1.3525635595637695,-0.8194889514448951,0.047209844211177146,0.05851907498680064,0.12197214383447548,0.5153763304259484,-0.8844444444444445,0.0
1199.1457359790802,3220.0,711.3,17.15,Inf,4.0,0.575687628519466,0.5153763304259484,1.3525635595637695,-0.8194889514448951,0.047209844211177146,0.060189848667748944,0.12197214383447548,0.5153763304259484,-0.8776068376068376,0.0
1204.4151499271393,3234.0,743.7368421052631,16.63157894736842,Inf,3.8947368421052633,0.5867506002056174,0.5153763304259484,1.3525635595637695,-0.8194889514448951,0.047209844211177146,0.06496631197494784,0.12197214383447548,0.5153763304259484,-0.8776068376068376,0.0
1209.7826359272003,3248.0,757.1578947368421,16.63157894736842,Inf,3.8947368421052633,0.5867506002056174,0.5153763304259484,1.3525635595637695,-0.8194889514448951,0.047209844211177146,0.06496631197494784,0.12197214383447548,0.5153763304259484,-0.8776068376068376,0.0
1215.0621650218964,3262.0,762.6315789473684,16.63157894736842,Inf,3.8947368421052633,0.5867506002056174,0.5153763304259484,1.3525635595637695,-0.8194889514448951,0.047209844211177146,0.06496631197494784,0.12197214383447548,0.5153763304259484,-0.8776068376068376,0.0
1220.28635597229,3276.0,776.0,16.63157894736842,Inf,3.8947368421052633,0.5867506002056174,0.5153763304259484,1.3525635595637695,-0.8194889514448951,0.047209844211177146,0.06496631197494784,0.12197214383447548,0.5153763304259484,-0.8776068376068376,0.0
1225.5433070659637,3290.0,787.6842105263158,16.63157894736842,Inf,3.8947368421052633,0.5867506002056174,0.5153763304259484,1.3525635595637695,-0.8194889514448951,0.047209844211177146,0.06496631197494784,0.12197214383447548,0.5153763304259484,-0.8776068376068376,0.0
1230.7522239685059,3304.0,800.8947368421053,16.63157894736842,Inf,3.8947368421052633,0.5867506002056174,0.5153763304259484,1.3525635595637695,-0.8194889514448951,0.047209844211177146,0.06496631197494784,0.12197214383447548,0.5153763304259484,-0.8776068376068376,0.0
1235.7727649211884,3317.0,813.2105263157895,16.63157894736842,Inf,3.8947368421052633,0.5867506002056174,0.5153763304259484,1.3525635595637695,-0.8194889514448951,0.047209844211177146,0.06496631197494784,0.12197214383447548,0.5153763304259484,-0.8776068376068376,0.0
1241.1187858581543,3331.0,784.3684210526316,16.63157894736842,Inf,3.8947368421052633,0.5867506002056174,0.5153763304259484,1.3525635595637695,-0.8194889514448951,0.047209844211177146,0.06496631197494784,0.12197214383447548,0.5153763304259484,-0.8776068376068376,0.0
1246.3318889141083,3345.0,797.6315789473684,16.63157894736842,Inf,3.8947368421052633,0.5867506002056174,0.5153763304259484,1.3525635595637695,-0.8194889514448951,0.047209844211177146,0.06496631197494784,0.12197214383447548,0.5153763304259484,-0.8776068376068376,0.0
1251.5827269554138,3359.0,810.8421052631579,16.63157894736842,Inf,3.8947368421052633,0.5867506002056174,0.5153763304259484,1.3525635595637695,-0.8194889514448951,0.047209844211177146,0.06496631197494784,0.12197214383447548,0.5153763304259484,-0.8776068376068376,0.0
1256.76904296875,3373.0,824.1052631578947,16.63157894736842,Inf,3.8947368421052633,0.5867506002056174,0.5153763304259484,1.3525635595637695,-0.8194889514448951,0.047209844211177146,0.06496631197494784,0.12197214383447548,0.5153763304259484,-0.8776068376068376,0.0
1262.0098640918732,3387.0,837.3157894736842,16.63157894736842,Inf,3.8947368421052633,0.5867506002056174,0.5153763304259484,1.3525635595637695,-0.8194889514448951,0.047209844211177146,0.06496631197494784,0.12197214383447548,0.5153763304259484,-0.8776068376068376,0.0
1267.1819360256195,3401.0,850.8947368421053,16.63157894736842,Inf,3.8947368421052633,0.5867506002056174,0.5153763304259484,1.3525635595637695,-0.8194889514448951,0.047209844211177146,0.06496631197494784,0.12197214383447548,0.5153763304259484,-0.8776068376068376,0.0
1272.3751120567322,3415.0,863.8421052631579,16.63157894736842,Inf,3.8947368421052633,0.5867506002056174,0.5153763304259484,1.3525635595637695,-0.8194889514448951,0.047209844211177146,0.06496631197494784,0.12197214383447548,0.5153763304259484,-0.8776068376068376,0.0
1277.6184630393982,3429.0,877.1052631578947,16.63157894736842,Inf,3.8947368421052633,0.5867506002056174,0.5153763304259484,1.3525635595637695,-0.8194889514448951,0.047209844211177146,0.06496631197494784,0.12197214383447548,0.5153763304259484,-0.8776068376068376,0.0
1282.7986328601837,3443.0,890.4736842105264,16.63157894736842,Inf,3.8947368421052633,0.5867506002056174,0.5153763304259484,1.3525635595637695,-0.8194889514448951,0.047209844211177146,0.06496631197494784,0.12197214383447548,0.5153763304259484,-0.8776068376068376,0.0
1288.0585579872131,3457.0,818.7368421052631,16.63157894736842,Inf,3.8947368421052633,0.5867506002056174,0.5153763304259484,1.3525635595637695,-0.8194889514448951,0.047209844211177146,0.06496631197494784,0.12197214383447548,0.5153763304259484,-0.8776068376068376,0.0
1293.2944989204407,3471.0,832.0526315789474,16.63157894736842,Inf,3.8947368421052633,0.5867506002056174,0.5153763304259484,1.3525635595637695,-0.8194889514448951,0.047209844211177146,0.06496631197494784,0.12197214383447548,0.5153763304259484,-0.8776068376068376,0.0
1298.5077500343323,3485.0,835.6842105263158,16.63157894736842,Inf,3.8947368421052633,0.5867506002056174,0.5153763304259484,1.3525635595637695,-0.8194889514448951,0.047209844211177146,0.06496631197494784,0.12197214383447548,0.5153763304259484,-0.8776068376068376,0.0
1303.7961690425873,3499.0,848.6842105263158,16.63157894736842,Inf,3.8947368421052633,0.5867506002056174,0.5153763304259484,1.3525635595637695,-0.8194889514448951,0.047209844211177146,0.06496631197494784,0.12197214383447548,0.5153763304259484,-0.8776068376068376,0.0
1309.0221190452576,3513.0,852.2105263157895,16.63157894736842,Inf,3.8947368421052633,0.5867506002056174,0.5153763304259484,1.3525635595637695,-0.8194889514448951,0.047209844211177146,0.06496631197494784,0.12197214383447548,0.5153763304259484,-0.8776068376068376,0.0
1314.2642540931702,3527.0,861.5263157894736,16.63157894736842,Inf,3.8947368421052633,0.5867506002056174,0.5153763304259484,1.3525635595637695,-0.8194889514448951,0.047209844211177146,0.06496631197494784,0.12197214383447548,0.5153763304259484,-0.8776068376068376,0.0
1319.4804329872131,3541.0,874.3684210526316,16.63157894736842,Inf,3.8947368421052633,0.5867506002056174,0.5153763304259484,1.3525635595637695,-0.8194889514448951,0.047209844211177146,0.06496631197494784,0.12197214383447548,0.5153763304259484,-0.8776068376068376,0.0
1324.824905872345,3555.0,887.578947368421,16.63157894736842,Inf,3.8947368421052633,0.5867506002056174,0.5153763304259484,1.3525635595637695,-0.8194889514448951,0.047209844211177146,0.06496631197494784,0.12197214383447548,0.5153763304259484,-0.8776068376068376,0.0
1330.1291830539703,3569.0,900.9473684210526,16.63157894736842,Inf,3.8947368421052633,0.5867506002056174,0.5153763304259484,1.3525635595637695,-0.8194889514448951,0.047209844211177146,0.06496631197494784,0.12197214383447548,0.5153763304259484,-0.8776068376068376,0.0
1335.366851091385,3583.0,928.7222222222222,16.0,Inf,3.7777777777777777,0.5867957004416334,0.5153763304259484,1.3524537880412133,-0.8194889514448951,0.04721308968517624,0.06496631197494784,0.12196224480396893,0.5153763304259484,-0.8776068376068376,0.0
1340.643522977829,3597.0,941.6111111111111,16.0,Inf,3.7777777777777777,0.5867957004416334,0.5153763304259484,1.3524537880412133,-0.8194889514448951,0.04721308968517624,0.06496631197494784,0.12196224480396893,0.5153763304259484,-0.8776068376068376,0.0
1345.9225499629974,3611.0,955.1666666666666,16.0,Inf,3.7777777777777777,0.5867957004416334,0.5153763304259484,1.3524537880412133,-0.8194889514448951,0.04721308968517624,0.06496631197494784,0.12196224480396893,0.5153763304259484,-0.8776068376068376,0.0
1351.085233926773,3625.0,908.8947368421053,16.0,Inf,3.789473684210526,0.5867957004416334,0.5153763304259484,1.3524537880412133,-0.8194889514448951,0.04721308968517624,0.06496631197494784,0.12196224480396893,0.5153763304259484,-0.8776068376068376,0.0
1356.2199130058289,3639.0,896.7368421052631,16.0,Inf,3.789473684210526,0.5867957004416334,0.5153763304259484,1.3524537880412133,-0.8194889514448951,0.04721308968517624,0.06496631197494784,0.12196224480396893,0.5153763304259484,-0.8776068376068376,0.0
1361.2627880573273,3653.0,910.0526315789474,16.0,Inf,3.789473684210526,0.5867957004416334,0.5153763304259484,1.3524537880412133,-0.8194889514448951,0.04721308968517624,0.06496631197494784,0.12196224480396893,0.5153763304259484,-0.8776068376068376,0.0
1366.4266140460968,3667.0,923.0526315789474,16.0,Inf,3.789473684210526,0.5867957004416334,0.5153763304259484,1.3524537880412133,-0.8194889514448951,0.04721308968517624,0.06496631197494784,0.12196224480396893,0.5153763304259484,-0.8776068376068376,0.0
1371.7283039093018,3681.0,927.6842105263158,16.0,Inf,3.789473684210526,0.5867957004416334,0.5153763304259484,1.3524537880412133,-0.8194889514448951,0.04721308968517624,0.06496631197494784,0.12196224480396893,0.5153763304259484,-0.8776068376068376,0.0
1376.9591190814972,3695.0,940.9473684210526,16.0,Inf,3.789473684210526,0.5867957004416334,0.5153763304259484,1.3524537880412133,-0.8194889514448951,0.04721308968517624,0.06496631197494784,0.12196224480396893,0.5153763304259484,-0.8776068376068376,0.0
1382.1234469413757,3709.0,954.2631578947369,16.0,Inf,3.789473684210526,0.5867957004416334,0.5153763304259484,1.3524537880412133,-0.8194889514448951,0.04721308968517624,0.06496631197494784,0.12196224480396893,0.5153763304259484,-0.8776068376068376,0.0
1387.2929830551147,3723.0,967.5263157894736,16.0,Inf,3.789473684210526,0.5867957004416334,0.5153763304259484,1.3524537880412133,-0.8194889514448951,0.04721308968517624,0.06496631197494784,0.12196224480396893,0.5153763304259484,-0.8776068376068376,0.0
1392.485051870346,3737.0,980.7368421052631,16.0,Inf,3.789473684210526,0.5867957004416334,0.5153763304259484,1.3524537880412133,-0.8194889514448951,0.04721308968517624,0.06496631197494784,0.12196224480396893,0.5153763304259484,-0.8776068376068376,0.0
1397.6595430374146,3751.0,994.1578947368421,16.0,Inf,3.789473684210526,0.5867957004416334,0.5153763304259484,1.3524537880412133,-0.8194889514448951,0.04721308968517624,0.06496631197494784,0.12196224480396893,0.5153763304259484,-0.8776068376068376,0.0
1402.9493730068207,3765.0,1007.3157894736842,16.0,Inf,3.789473684210526,0.5867957004416334,0.5153763304259484,1.3524537880412133,-0.8194889514448951,0.04721308968517624,0.06496631197494784,0.12196224480396893,0.5153763304259484,-0.8776068376068376,0.0
1408.086426973343,3779.0,1020.8947368421053,16.0,Inf,3.789473684210526,0.5867957004416334,0.5153763304259484,1.3524537880412133,-0.8194889514448951,0.04721308968517624,0.06496631197494784,0.12196224480396893,0.5153763304259484,-0.8776068376068376,0.0
1413.1965608596802,3793.0,1034.8947368421052,16.0,Inf,3.789473684210526,0.5867957004416334,0.5153763304259484,1.3524537880412133,-0.8194889514448951,0.04721308968517624,0.06496631197494784,0.12196224480396893,0.5153763304259484,-0.8776068376068376,0.0
1418.371824979782,3807.0,1048.8947368421052,16.0,Inf,3.789473684210526,0.5867957004416334,0.5153763304259484,1.3524537880412133,-0.8194889514448951,0.04721308968517624,0.06496631197494784,0.12196224480396893,0.5153763304259484,-0.8776068376068376,0.0
1423.636342048645,3821.0,1062.8947368421052,16.0,Inf,3.789473684210526,0.5867957004416334,0.5153763304259484,1.3524537880412133,-0.8194889514448951,0.04721308968517624,0.06496631197494784,0.12196224480396893,0.5153763304259484,-0.8776068376068376,0.0
1428.8087859153748,3835.0,1076.8947368421052,16.0,Inf,3.789473684210526,0.5867957004416334,0.5153763304259484,1.3524537880412133,-0.8194889514448951,0.04721308968517624,0.06496631197494784,0.12196224480396893,0.5153763304259484,-0.8776068376068376,0.0
1434.026270866394,3849.0,1090.8947368421052,16.0,Inf,3.789473684210526,0.5867957004416334,0.5153763304259484,1.3524537880412133,-0.8194889514448951,0.04721308968517624,0.06496631197494784,0.12196224480396893,0.5153763304259484,-0.8776068376068376,0.0
1439.0742509365082,3863.0,1104.8947368421052,16.0,Inf,3.789473684210526,0.5867957004416334,0.5153763304259484,1.3524537880412133,-0.8194889514448951,0.04721308968517624,0.06496631197494784,0.12196224480396893,0.5153763304259484,-0.8776068376068376,0.0
1444.165636062622,3877.0,1118.8947368421052,16.0,Inf,3.789473684210526,0.5867957004416334,0.5153763304259484,1.3524537880412133,-0.8194889514448951,0.04721308968517624,0.06496631197494784,0.12196224480396893,0.5153763304259484,-0.8776068376068376,0.0
1449.3164038658142,3891.0,1132.8947368421052,16.0,Inf,3.789473684210526,0.5867957004416334,0.5153763304259484,1.3524537880412133,-0.8194889514448951,0.04721308968517624,0.06496631197494784,0.12196224480396893,0.5153763304259484,-0.8776068376068376,0.0
1454.4176969528198,3905.0,1146.8947368421052,16.0,Inf,3.789473684210526,0.5867957004416334,0.5153763304259484,1.3524537880412133,-0.8194889514448951,0.04721308968517624,0.06496631197494784,0.12196224480396893,0.5153763304259484,-0.8776068376068376,0.0
1459.5851740837097,3919.0,1160.8947368421052,16.0,Inf,3.789473684210526,0.5867957004416334,0.5153763304259484,1.3524537880412133,-0.8194889514448951,0.04721308968517624,0.06496631197494784,0.12196224480396893,0.5153763304259484,-0.8776068376068376,0.0
1464.8329830169678,3933.0,1174.8947368421052,16.0,Inf,3.789473684210526,0.5867957004416334,0.5153763304259484,1.3524537880412133,-0.8194889514448951,0.04721308968517624,0.06496631197494784,0.12196224480396893,0.5153763304259484,-0.8776068376068376,0.0
1469.978667974472,3947.0,1148.1052631578948,16.0,Inf,3.789473684210526,0.5867957004416334,0.5153763304259484,1.3524537880412133,-0.8194889514448951,0.04721308968517624,0.06455113741610244,0.12196224480396893,0.5153763304259484,-0.8776068376068376,0.0
1475.2113568782806,3961.0,1162.1052631578948,16.0,Inf,3.789473684210526,0.5867957004416334,0.5153763304259484,1.3524537880412133,-0.8194889514448951,0.04721308968517624,0.06455113741610244,0.12196224480396893,0.5153763304259484,-0.8776068376068376,0.0
1480.3822748661041,3975.0,1176.1052631578948,16.0,Inf,3.789473684210526,0.5867957004416334,0.5153763304259484,1.3524537880412133,-0.8194889514448951,0.04721308968517624,0.06455113741610244,0.12196224480396893,0.5153763304259484,-0.8776068376068376,0.0
1485.55357503891,3989.0,1190.1052631578948,16.0,Inf,3.789473684210526,0.5867957004416334,0.5153763304259484,1.3524537880412133,-0.8194889514448951,0.04721308968517624,0.06455113741610244,0.12196224480396893,0.5153763304259484,-0.8776068376068376,0.0
1490.7844700813293,4003.0,1204.1052631578948,16.0,Inf,3.789473684210526,0.5867957004416334,0.5153763304259484,1.3524537880412133,-0.8194889514448951,0.04721308968517624,0.06455113741610244,0.12196224480396893,0.5153763304259484,-0.8776068376068376,0.0
1495.9834659099579,4017.0,1218.1052631578948,16.0,Inf,3.789473684210526,0.5867957004416334,0.5153763304259484,1.3524537880412133,-0.8194889514448951,0.04721308968517624,0.06455113741610244,0.12196224480396893,0.5153763304259484,-0.8776068376068376,0.0
1501.2236909866333,4031.0,1232.1052631578948,16.0,Inf,3.789473684210526,0.5867957004416334,0.5153763304259484,1.3524537880412133,-0.8194889514448951,0.04721308968517624,0.06455113741610244,0.12196224480396893,0.5153763304259484,-0.8776068376068376,0.0
1506.4753849506378,4045.0,1246.1052631578948,16.0,Inf,3.789473684210526,0.5867957004416334,0.5153763304259484,1.3524537880412133,-0.8194889514448951,0.04721308968517624,0.06455113741610244,0.12196224480396893,0.5153763304259484,-0.8776068376068376,0.0
1511.7054018974304,4059.0,1197.15,16.1,Inf,3.8,0.5867957004416334,0.5153763304259484,1.3524537880412133,-0.8194889514448951,0.04721308968517624,0.06455113741610244,0.12196224480396893,0.5153763304259484,-0.8776068376068376,0.0
1516.947597026825,4073.0,1211.15,16.1,Inf,3.8,0.5867957004416334,0.5153763304259484,1.3524537880412133,-0.8194889514448951,0.04721308968517624,0.06455113741610244,0.12196224480396893,0.5153763304259484,-0.8776068376068376,0.0
1522.1451818943024,4087.0,1210.05,16.1,Inf,3.8,0.5867957004416334,0.5153763304259484,1.3524537880412133,-0.8194889514448951,0.04721308968517624,0.06455113741610244,0.12196224480396893,0.5153763304259484,-0.8776068376068376,0.0
1527.282016992569,4101.0,1224.05,16.1,Inf,3.8,0.5867957004416334,0.5153763304259484,1.3524537880412133,-0.8194889514448951,0.04721308968517624,0.06455113741610244,0.12196224480396893,0.5153763304259484,-0.8776068376068376,0.0
1532.4675369262695,4115.0,1238.05,16.1,Inf,3.8,0.5867957004416334,0.5153763304259484,1.3524537880412133,-0.8194889514448951,0.04721308968517624,0.06455113741610244,0.12196224480396893,0.5153763304259484,-0.8776068376068376,0.0
1537.6933648586273,4129.0,1252.05,16.1,Inf,3.8,0.5867957004416334,0.5153763304259484,1.3524537880412133,-0.8194889514448951,0.04721308968517624,0.06455113741610244,0.12196224480396893,0.5153763304259484,-0.8776068376068376,0.0
1543.0008890628815,4143.0,1266.05,16.1,Inf,3.8,0.5867957004416334,0.5153763304259484,1.3524537880412133,-0.8194889514448951,0.04721308968517624,0.06455113741610244,0.12196224480396893,0.5153763304259484,-0.8776068376068376,0.0
1548.233090877533,4157.0,1280.05,16.1,Inf,3.8,0.5867957004416334,0.5153763304259484,1.3524537880412133,-0.8194889514448951,0.04721308968517624,0.06455113741610244,0.12196224480396893,0.5153763304259484,-0.8776068376068376,0.0
1553.494376897812,4171.0,1294.05,16.1,Inf,3.8,0.5867957004416334,0.5153763304259484,1.3524537880412133,-0.8194889514448951,0.04721308968517624,0.06455113741610244,0.12196224480396893,0.5153763304259484,-0.8776068376068376,0.0
1558.7298040390015,4185.0,1281.2,16.1,Inf,3.8,0.5867957004416334,0.5153763304259484,1.3524537880412133,-0.8194889514448951,0.04721308968517624,0.06455113741610244,0.12196224480396893,0.5153763304259484,-0.8776068376068376,0.0
1563.8834159374237,4199.0,1225.35,16.1,Inf,3.75,0.5867957004416334,0.5153763304259484,1.3524537880412133,-0.8194889514448951,0.04721308968517624,0.06455113741610244,0.12196224480396893,0.5153763304259484,-0.8776068376068376,0.0
1569.1466240882874,4213.0,1239.35,16.1,Inf,3.75,0.5867957004416334,0.5153763304259484,1.3524537880412133,-0.8194889514448951,0.04721308968517624,0.06455113741610244,0.12196224480396893,0.5153763304259484,-0.8776068376068376,0.0
1574.382647037506,4227.0,1245.15,16.1,Inf,3.75,0.5867957004416334,0.5153763304259484,1.3524537880412133,-0.8194889514448951,0.04721308968517624,0.06455113741610244,0.12196224480396893,0.5153763304259484,-0.8776068376068376,0.0
1579.49249792099,4241.0,1259.15,16.1,Inf,3.75,0.5867957004416334,0.5153763304259484,1.3524537880412133,-0.8194889514448951,0.04721308968517624,0.06455113741610244,0.12196224480396893,0.5153763304259484,-0.8776068376068376,0.0
1584.6100070476532,4255.0,1273.15,16.1,Inf,3.75,0.5867957004416334,0.5153763304259484,1.3524537880412133,-0.8194889514448951,0.04721308968517624,0.06455113741610244,0.12196224480396893,0.5153763304259484,-0.8776068376068376,0.0
1589.7871279716492,4269.0,1287.15,16.1,Inf,3.75,0.5867957004416334,0.5153763304259484,1.3524537880412133,-0.8194889514448951,0.04721308968517624,0.06455113741610244,0.12196224480396893,0.5153763304259484,-0.8776068376068376,0.0
1594.9796719551086,4283.0,1296.15,16.1,Inf,3.75,0.5867957004416334,0.5153763304259484,1.3524537880412133,-0.8194889514448951,0.04721308968517624,0.06455113741610244,0.12196224480396893,0.5153763304259484,-0.8776068376068376,0.0
1600.1308739185333,4297.0,1310.15,16.1,Inf,3.75,0.5867957004416334,0.5153763304259484,1.3524537880412133,-0.8194889514448951,0.04721308968517624,0.06455113741610244,0.12196224480396893,0.5153763304259484,-0.8776068376068376,0.0
1605.3274550437927,4311.0,1319.7,16.1,Inf,3.75,0.5867957004416334,0.5153763304259484,1.3524537880412133,-0.8194889514448951,0.04721308968517624,0.06455113741610244,0.12196224480396893,0.5153763304259484,-0.8776068376068376,0.0
1610.5120079517365,4325.0,1333.7,16.1,Inf,3.75,0.5867957004416334,0.5153763304259484,1.3524537880412133,-0.8194889514448951,0.04721308968517624,0.06455113741610244,0.12196224480396893,0.5153763304259484,-0.8776068376068376,0.0
1615.725378036499,4339.0,1309.7,16.1,Inf,3.75,0.5867574405652978,0.5153763304259484,1.3524563472467932,-0.8194889514448951,0.047210329729761275,0.06455113741610244,0.12196247558927206,0.5153763304259484,-0.8776068376068376,0.0
1621.051195859909,4353.0,1289.85,16.05,Inf,3.75,0.5867574405652978,0.5153763304259484,1.3524563472467932,-0.8194889514448951,0.047210329729761275,0.06455113741610244,0.12196247558927206,0.5153763304259484,-0.8776068376068376,0.0
1626.25541806221,4367.0,1303.85,16.05,Inf,3.75,0.5867574405652978,0.5153763304259484,1.3524563472467932,-0.8194889514448951,0.047210329729761275,0.06455113741610244,0.12196247558927206,0.5153763304259484,-0.8776068376068376,0.0
1631.499125957489,4381.0,1317.85,16.05,Inf,3.75,0.5867574405652978,0.5153763304259484,1.3524563472467932,-0.8194889514448951,0.047210329729761275,0.06455113741610244,0.12196247558927206,0.5153763304259484,-0.8776068376068376,0.0
1636.7444128990173,4395.0,1329.5,16.05,Inf,3.75,0.5867574405652978,0.5153763304259484,1.3524563472467932,-0.8194889514448951,0.047210329729761275,0.06455113741610244,0.12196247558927206,0.5153763304259484,-0.8776068376068376,0.0
1641.9777748584747,4409.0,1342.8,16.05,Inf,3.75,0.5867574405652978,0.5153763304259484,1.3524563472467932,-0.8194889514448951,0.047210329729761275,0.06455113741610244,0.12196247558927206,0.5153763304259484,-0.8776068376068376,0.0
1647.2545549869537,4423.0,1351.85,16.05,Inf,3.75,0.5867578986192071,0.5153763304259484,1.3524553996876296,-0.8194889514448951,0.0472103613476892,0.06455113741610244,0.12196239013981441,0.5153763304259484,-0.8776068376068376,0.0
1652.4226858615875,4437.0,1365.85,16.05,Inf,3.75,0.5867578986192071,0.5153763304259484,1.3524553996876296,-0.8194889514448951,0.0472103613476892,0.06455113741610244,0.12196239013981441,0.5153763304259484,-0.8776068376068376,0.0
1657.665214061737,4451.0,1305.35,16.05,Inf,3.75,0.5867578986192071,0.5153763304259484,1.3524553996876296,-0.8194889514448951,0.0472103613476892,0.06455113741610244,0.12196239013981441,0.5153763304259484,-0.8776068376068376,0.0
1662.9088208675385,4465.0,1319.35,16.05,Inf,3.75,0.5867578986192071,0.5153763304259484,1.3524553996876296,-0.8194889514448951,0.0472103613476892,0.06455113741610244,0.12196239013981441,0.5153763304259484,-0.8776068376068376,0.0
1668.162311077118,4479.0,1333.35,16.05,Inf,3.75,0.5867578986192071,0.5153763304259484,1.3524553996876296,-0.8194889514448951,0.0472103613476892,0.06455113741610244,0.12196239013981441,0.5153763304259484,-0.8776068376068376,0.0
1673.3272199630737,4493.0,1347.35,16.05,Inf,3.75,0.5867578986192071,0.5153763304259484,1.3524553996876296,-0.8194889514448951,0.0472103613476892,0.06455113741610244,0.12196239013981441,0.5153763304259484,-0.8776068376068376,0.0
1678.5484490394592,4507.0,1357.7,16.05,Inf,3.75,0.5868998236556127,0.5153763304259484,1.3498311653663677,-0.8194889514448951,0.04721430446252318,0.06455113741610244,0.12172574064277225,0.5153763304259484,-0.8776068376068376,0.0
1683.6992709636688,4521.0,1327.05,16.05,Inf,3.75,0.5868998236556127,0.5153763304259484,1.3498311653663677,-0.8194889514448951,0.04721430446252318,0.06455113741610244,0.12172574064277225,0.5153763304259484,-0.8776068376068376,0.0
1688.9954590797424,4535.0,1265.65,16.05,Inf,3.75,0.5868998236556127,0.5153763304259484,1.3498311653663677,-0.8194889514448951,0.04721430446252318,0.06455113741610244,0.12172574064277225,0.5153763304259484,-0.8776068376068376,0.0
1694.247260093689,4549.0,1279.65,16.05,Inf,3.75,0.5868998236556127,0.5153763304259484,1.3498311653663677,-0.8194889514448951,0.04721430446252318,0.06455113741610244,0.12172574064277225,0.5153763304259484,-0.8776068376068376,0.0
1699.492336988449,4563.0,1293.65,16.05,Inf,3.75,0.5868998236556127,0.5153763304259484,1.3498311653663677,-0.8194889514448951,0.04721430446252318,0.06455113741610244,0.12172574064277225,0.5153763304259484,-0.8776068376068376,0.0
1704.7305579185486,4577.0,1307.65,16.05,Inf,3.75,0.5868998236556127,0.5153763304259484,1.3498311653663677,-0.8194889514448951,0.04721430446252318,0.06455113741610244,0.12172574064277225,0.5153763304259484,-0.8776068376068376,0.0
1709.9969749450684,4591.0,1313.0,16.05,Inf,3.75,0.5868998236556127,0.5153763304259484,1.3498311653663677,-0.8194889514448951,0.04721430446252318,0.06455113741610244,0.12172574064277225,0.5153763304259484,-0.8776068376068376,0.0
1715.237564086914,4605.0,1327.0,16.05,Inf,3.75,0.5868998236556127,0.5153763304259484,1.3498311653663677,-0.8194889514448951,0.04721430446252318,0.06455113741610244,0.12172574064277225,0.5153763304259484,-0.8776068376068376,0.0
1720.4137189388275,4619.0,1341.0,16.05,Inf,3.75,0.5868998236556127,0.5153763304259484,1.3498311653663677,-0.8194889514448951,0.04721430446252318,0.06455113741610244,0.12172574064277225,0.5153763304259484,-0.8776068376068376,0.0
1725.5452709197998,4633.0,1327.5,16.05,Inf,3.75,0.5868998236556127,0.5153763304259484,1.3498311653663677,-0.8194889514448951,0.04721430446252318,0.06455113741610244,0.12172574064277225,0.5153763304259484,-0.8776068376068376,0.0
1730.7816920280457,4647.0,1341.5,16.05,Inf,3.75,0.5868998236556127,0.5153763304259484,1.3498311653663677,-0.8194889514448951,0.04721430446252318,0.06455113741610244,0.12172574064277225,0.5153763304259484,-0.8776068376068376,0.0
1736.0875809192657,4661.0,1355.5,16.05,Inf,3.75,0.5868998236556127,0.5153763304259484,1.3498311653663677,-0.8194889514448951,0.04721430446252318,0.06455113741610244,0.12172574064277225,0.5153763304259484,-0.8776068376068376,0.0
1741.2483129501343,4675.0,1369.5,16.05,Inf,3.75,0.5868998236556127,0.5153763304259484,1.3498311653663677,-0.8194889514448951,0.04721430446252318,0.06455113741610244,0.12172574064277225,0.5153763304259484,-0.8776068376068376,0.0
1746.5344750881195,4689.0,1383.5,16.05,Inf,3.75,0.5868998236556127,0.5153763304259484,1.3498311653663677,-0.8194889514448951,0.04721430446252318,0.06455113741610244,0.12172574064277225,0.5153763304259484,-0.8776068376068376,0.0
1751.8063230514526,4703.0,1397.5,16.05,Inf,3.75,0.5868998236556127,0.5153763304259484,1.3498311653663677,-0.8194889514448951,0.04721430446252318,0.06455113741610244,0.12172574064277225,0.5153763304259484,-0.8776068376068376,0.0
1757.0192210674286,4717.0,1411.5,16.05,Inf,3.75,0.5868998236556127,0.5153763304259484,1.3498311653663677,-0.8194889514448951,0.04721430446252318,0.06455113741610244,0.12172574064277225,0.5153763304259484,-0.8776068376068376,0.0
1762.2462480068207,4731.0,1425.5,16.05,Inf,3.75,0.5868998236556127,0.5153763304259484,1.3498311653663677,-0.8194889514448951,0.04721430446252318,0.06455113741610244,0.12172574064277225,0.5153763304259484,-0.8776068376068376,0.0
1767.4431838989258,4745.0,1439.5,16.05,Inf,3.75,0.5868998236556127,0.5153763304259484,1.3498311653663677,-0.8194889514448951,0.04721430446252318,0.06455113741610244,0.12172574064277225,0.5153763304259484,-0.8776068376068376,0.0
1772.6867580413818,4759.0,1453.5,16.05,Inf,3.75,0.5868998236556127,0.5153763304259484,1.3498311653663677,-0.8194889514448951,0.04721430446252318,0.06455113741610244,0.12172574064277225,0.5153763304259484,-0.8776068376068376,0.0
1777.9202780723572,4773.0,1467.5,16.05,Inf,3.75,0.5868998236556127,0.5153763304259484,1.3498311653663677,-0.8194889514448951,0.04721430446252318,0.06455113741610244,0.12172574064277225,0.5153763304259484,-0.8776068376068376,0.0
1783.2690589427948,4787.0,1481.5,16.05,Inf,3.75,0.5868998236556127,0.5153763304259484,1.3498311653663677,-0.8194889514448951,0.04721430446252318,0.06455113741610244,0.12172574064277225,0.5153763304259484,-0.8776068376068376,0.0
1788.4832298755646,4801.0,1495.5,16.05,Inf,3.75,0.5868998236556127,0.5153763304259484,1.3498311653663677,-0.8194889514448951,0.04721430446252318,0.06455113741610244,0.12172574064277225,0.5153763304259484,-0.8776068376068376,0.0
1793.6852719783783,4815.0,1371.85,16.05,Inf,3.75,0.5868998236556127,0.5153763304259484,1.3498311653663677,-0.8194889514448951,0.04721430446252318,0.06455113741610244,0.12172574064277225,0.5153763304259484,-0.8776068376068376,0.0
1798.7942950725555,4829.0,1385.85,16.05,Inf,3.75,0.5868998236556127,0.5153763304259484,1.3498311653663677,-0.8194889514448951,0.04721430446252318,0.06455113741610244,0.12172574064277225,0.5153763304259484,-0.8776068376068376,0.0
