time_stamp,max_are,compl,dim_penalty,age,minus_spearman,valid,max_ae,q75_are,n_params,eqs_orig,minus_r2,mse,mare,ms_processed_e,recursive_compl,mae,eqs_orig_rounded
86.93451404571533,1.3618959132100241e6,2.0,4.0,114.0,-0.8777311416025806,true,1.0672201964701749,53.201021815807465,0.0,sin(v2),307.87112227707127,0.6531898979903894,143.64996668634637,0.6531898979903894,4.0,0.7848531861169528,sin(v2)
1612.7325739860535,1.1978898691088222e6,2.0,4.0,58.0,-0.0003440416466583922,true,1.2576749818320314,45.597019587139386,0.0,cos(v2),157.7844213617151,0.33579176721701887,116.07075107036786,0.33579176721701887,4.0,0.5018409934528988,cos(v2)
155.97491693496704,2424.2549936719283,2.0,0.0,111.0,-0.21936213622316178,true,0.26562441458104585,1.035322830141408,1.0,0.00133604458104586,0.0010635311071611753,0.0021170143098687673,1.12896215370395,0.0021170143098687673,1.0,0.032820599504466086,0.00134
255.9644160270691,1.3618959132100241e6,2.0,4.0,107.0,-0.8777311416025806,true,1.0672201964701749,53.201021815807465,0.0,sin(v2),307.87112227707127,0.6531898979903894,143.64996668634637,0.6531898979903894,4.0,0.7848531861169528,sin(v2)
234.32443690299988,2424.002736228652,2.0,0.0,108.0,-0.3076760922244096,true,0.2656242755006804,1.0353191530843735,1.0,0.0013359055006804,0.0010633338559391525,0.0021170138927287486,1.128946532850785,0.0021170138927287486,1.0,0.032820627421473375,0.00134
311.62096190452576,677315.6811152804,2.0,4.0,105.0,-0.11336245784091654,true,1.2005512727540284,25.529165644505614,0.0,sin(v1),170.68818079208376,0.36308018849731644,75.52794574724928,0.36308018849731644,4.0,0.4916250582789863,sin(v1)
2721.5985939502716,1.5045409479516726e6,2.0,4.0,25.0,-0.00034403716688919056,true,5.915569938203697,38.37371979433041,0.0,log(v2),202.56029983895326,0.4304822364307165,97.04098625328535,0.4304822364307165,4.0,0.5463783370815944,log(v2)
77.46688795089722,2423.913868661903,2.0,0.0,115.0,-0.11081369244137249,true,0.2656242265041731,1.035317857696982,1.0,0.0013358565041731,0.0010632643708263778,0.002117013745784051,1.1289410297933005,0.002117013745784051,1.0,0.032820637256332864,0.00134
116.04153800010681,1.3618959132100241e6,2.0,4.0,113.0,-0.8777311416025806,true,1.0672201964701749,53.201021815807465,0.0,sin(v2),307.87112227707127,0.6531898979903894,143.64996668634637,0.6531898979903894,4.0,0.7848531861169528,sin(v2)
104.05312490463257,2424.6916246641576,2.0,0.0,114.0,-0.34148903755420656,true,0.26562465531446955,1.0353291947387835,1.0,0.00133628531446955,0.0010638725714298136,0.0021170150319855165,1.128989191750987,0.0021170150319855165,1.0,0.032820551183074906,0.00134
99.92528796195984,1.3618959132100241e6,2.0,4.0,114.0,-0.8777311416025806,true,1.0672201964701749,53.201021815807465,0.0,sin(v2),307.87112227707127,0.6531898979903894,143.64996668634637,0.6531898979903894,4.0,0.7848531861169528,sin(v2)
2626.4512288570404,677315.6811152804,2.0,4.0,28.0,-0.11336245784091654,true,1.2005512727540284,25.529165644505614,0.0,sin(v1),170.68818079208376,0.36308018849731644,75.52794574724928,0.36308018849731644,4.0,0.4916250582789863,sin(v1)
3445.938001871109,1.337835554563963e6,3.0,4.0,4.0,-0.0007860609133259322,true,1.1562077936468327,34.029219061751135,0.0,sin(log(v2)),143.5989926788979,0.30579291641487916,87.76594042657136,0.30579291641487916,16.0,0.4818876836308382,sin(log(v2))
3374.1182420253754,1.8137540948069056e6,3.0,4.0,6.0,-0.33077945201292736,true,1.26428837,69.9196211146037,0.0,(v1/v1),473.0205292086122,1.0024421151336247,188.71891184649274,1.0024421151336247,5.0,1.0001636615786045,(v1/v1)
1741.5261318683624,1.147009028031837e7,3.0,3.0,54.0,-0.15891534186858552,true,10.974603839544399,290.69847417265356,0.0,(v1*v2),9664.127889926742,20.439476031113472,811.9210817402218,20.439476031113472,5.0,4.035843933463294,(v1*v2)
1158.025505065918,519677.68239498936,3.0,4.0,73.0,-0.8777311409500231,true,5.915571085322339,25.72470032091059,0.0,log(sin(v2)),118.30038902705438,0.25229231002337754,54.48951379372627,0.25229231002337754,16.0,0.3085446926967977,log(sin(v2))
234.22052788734436,519677.68239498936,3.0,4.0,108.0,-0.8777311409500231,true,5.915571085322339,25.72470032091059,0.0,log(sin(v2)),118.30038902705438,0.25229231002337754,54.48951379372627,0.25229231002337754,16.0,0.3085446926967977,log(sin(v2))
3563.9879360198975,3.843062844333159e6,3.0,4.0,1.0,-0.8777311400133636,true,2.785017045905652,150.9646428052916,0.0,exp(sin(v2)),2456.5221538673086,5.197082307855725,407.0292970478326,5.197082307855725,16.0,2.2426021994838155,exp(sin(v2))
330.5143780708313,519677.68239498936,3.0,4.0,104.0,-0.8777311409500231,true,5.915571085322339,25.72470032091059,0.0,log(sin(v2)),118.30038902705438,0.25229231002337754,54.48951379372627,0.25229231002337754,16.0,0.3085446926967977,log(sin(v2))
631.2228710651398,1.147009028031837e7,3.0,3.0,92.0,-0.15891534186858552,true,10.974603839544399,290.69847417265356,0.0,(v1*v2),9664.127889926742,20.439476031113472,811.9210817402218,20.439476031113472,5.0,4.035843933463294,(v1*v2)
3510.7787680625916,3.843062844333159e6,3.0,4.0,3.0,-0.8777311400133636,true,2.785017045905652,150.9646428052916,0.0,exp(sin(v2)),2456.5221538673086,5.197082307855725,407.0292970478326,5.197082307855725,16.0,2.2426021994838155,exp(sin(v2))
82.60838508605957,519677.68239498936,3.0,4.0,115.0,-0.8777311409500231,true,5.915571085322339,25.72470032091059,0.0,log(sin(v2)),118.30038902705438,0.25229231002337754,54.48951379372627,0.25229231002337754,16.0,0.3085446926967977,log(sin(v2))
364.91570806503296,1.147009028031837e7,3.0,3.0,103.0,-0.15891534186858552,true,10.974603839544399,290.69847417265356,0.0,(v1*v2),9664.127889926742,20.439476031113472,811.9210817402218,20.439476031113472,5.0,4.035843933463294,(v1*v2)
834.8290829658508,493640.43026642787,4.0,5.0,84.0,-0.501361642329712,true,1.0635930324272427,20.02304068031367,0.0,(sin(v2)/v1),60.183496383903716,0.12938872843492155,57.25765817580271,0.12938872843492155,9.0,0.32945158620558396,(sin(v2)/v1)
2367.5516409873962,7993.994498300694,4.0,0.0,35.0,-0.14146335256805073,true,0.25224547953215526,1.1901556330585228,1.0,(-0.0121611251578799/v1),-0.023090080993256268,0.002065935091754558,1.6511315324752702,0.002065935091754558,3.0,0.03395465193865902,(-0.0122/v1)
3551.946156978607,4734.686052499942,4.0,0.0,1.0,-0.00034403241513090115,true,0.2644193886289286,1.0353877372239821,1.0,(0.00113858749129761*v2),0.0026013132094244718,0.002120266357930443,1.1862454503158133,0.002120266357930443,3.0,0.03273039264467128,(0.00114*v2)
2739.696925878525,7.864443705182151e7,4.0,3.0,24.0,-0.6548844430031268,true,970678.1657112421,535.3828478052976,0.0,(v1/log(v2)),1.1522472068447496e10,2.4367322850234073e7,5473.235425366901,2.4367322850234073e7,9.0,49.123077994062214,(v1/log(v2))
567.4975779056549,3.7573138095263513e6,4.0,3.0,94.0,-0.7044218651483486,true,3.6451046395568056,150.12959375438027,0.0,(v1*sin(v2)),2169.7295826003883,4.59058336101602,385.82117317504776,4.59058336101602,9.0,2.0165586353001532,(v1*sin(v2))
3550.1110560894012,10239.867494357697,4.0,0.0,1.0,-0.14146339595829413,true,0.26635462074188215,1.1452857551837767,1.0,(0.00204616193325384*v1),-0.007682245930432985,0.002098519045018762,1.6716603693701264,0.002098519045018762,3.0,0.031908701108123876,(0.00205*v1)
3587.004168987274,576712.0352870955,4.0,3.0,0.0,-0.141463378894564,true,1.4955175362159419,34.831791124211776,1.0,(-2.56666144221594+v1),164.4584249919788,0.3499057177809336,91.36195441245391,0.3499057177809336,3.0,0.4941331958356853,(-2.57+v1)
3526.087394952774,10239.856515326468,4.0,0.0,2.0,-0.14146340134402158,true,0.2663546185262629,1.145285599395371,1.0,(0.00204615973917566*v1),-0.007682252496170605,0.0020985190311337684,1.6716595438587831,0.0020985190311337684,3.0,0.03190870207246443,(0.00205*v1)
648.1283569335938,493640.43026642787,4.0,5.0,91.0,-0.501361642329712,true,1.0635930324272427,20.02304068031367,0.0,(sin(v2)/v1),60.183496383903716,0.12938872843492155,57.25765817580271,0.12938872843492155,9.0,0.32945158620558396,(sin(v2)/v1)
3456.611361026764,7993.994500776078,4.0,0.0,4.0,-0.14146339454978485,true,0.25224547952842663,1.1901556331173984,1.0,(-0.0121611251616452/v1),-0.023090080996199802,0.002065935091748333,1.6511315326997051,0.002065935091748333,3.0,0.033954651938979605,(-0.0122/v1)
567.4975779056549,3.7573138095263513e6,4.0,3.0,94.0,-0.7044218651483486,true,3.6451046395568056,150.12959375438027,0.0,(v1*sin(v2)),2169.7295826003883,4.59058336101602,385.82117317504776,4.59058336101602,9.0,2.0165586353001532,(v1*sin(v2))
576.9771869182587,493640.43026642787,4.0,5.0,94.0,-0.501361642329712,true,1.0635930324272427,20.02304068031367,0.0,(sin(v2)/v1),60.183496383903716,0.12938872843492155,57.25765817580271,0.12938872843492155,9.0,0.32945158620558396,(sin(v2)/v1)
3426.014561891556,576712.0352866033,4.0,3.0,5.0,-0.141463378894564,true,1.4955175362148272,34.83179112417654,1.0,(-2.56666144221483+v1),164.4584249919833,0.34990571778094304,91.36195441254613,0.34990571778094304,3.0,0.4941331958358266,(-2.57+v1)
3282.6601960659027,4734.686817433825,4.0,0.0,9.0,-0.0003440321338173246,true,0.2644193886501004,1.0353877429424179,1.0,(0.00113858767528619*v2),0.002601313918516812,0.002120266359430007,1.186245485123034,0.002120266359430007,3.0,0.03273039258970334,(0.00114*v2)
237.15199303627014,3.7573138095263513e6,4.0,3.0,108.0,-0.7044218651483486,true,3.6451046395568056,150.12959375438027,0.0,(v1*sin(v2)),2169.7295826003883,4.59058336101602,385.82117317504776,4.59058336101602,9.0,2.0165586353001532,(v1*sin(v2))
1084.9296538829803,10238.232521460619,4.0,0.0,76.0,-0.14146339012482448,true,0.26635429079680145,1.1452599567367252,1.0,(0.00204583519601403*v1),-0.007683223335524958,0.0020985169780364955,1.6715374360580921,0.0020985169780364955,3.0,0.031908844715572676,(0.00205*v1)
679.2892019748688,7993.994497904082,4.0,0.0,90.0,-0.1414633855743712,true,0.2522454795327527,1.1901556330490897,1.0,(-0.0121611251572766/v1),-0.023090080992784867,0.0020659350917555546,1.6511315324393108,0.0020659350917555546,3.0,0.03395465193860765,(-0.0122/v1)
3606.311429977417,3382.9345575555503,4.0,0.0,0.0,-0.00034404213858492806,true,1.602438457538394,1.1199184990048912,1.0,(-0.00427660033453263/v2),0.011509800188733044,0.002139105716101465,1.4331707946637515,0.002139105716101465,3.0,0.03312300066113878,(-0.00428/v2)
3473.3866159915924,3.7573138095263513e6,4.0,3.0,4.0,-0.7044218651483486,true,3.6451046395568056,150.12959375438027,0.0,(v1*sin(v2)),2169.7295826003883,4.59058336101602,385.82117317504776,4.59058336101602,9.0,2.0165586353001532,(v1*sin(v2))
576.9771869182587,493640.43026642787,4.0,5.0,94.0,-0.501361642329712,true,1.0635930324272427,20.02304068031367,0.0,(sin(v2)/v1),60.183496383903716,0.12938872843492155,57.25765817580271,0.12938872843492155,9.0,0.32945158620558396,(sin(v2)/v1)
609.0365269184113,7982.545265769269,4.0,0.0,93.0,-0.14146338802539118,true,0.2522627255544441,1.1898833206685007,1.0,(-0.0121437098175934/v1),-0.023076439582589314,0.0020659639401349964,1.650093525410534,0.0020659639401349964,3.0,0.03395316938319879,(-0.0121/v1)
3615.978108882904,4734.687422327255,4.0,0.0,0.0,-0.00034405365540063283,true,0.26441938866684256,1.035387747464435,1.0,(0.00113858782078044*v2),0.002601314479252048,0.00212026636061583,1.1862455126478433,0.00212026636061583,3.0,0.03273039254623586,(0.00114*v2)
3551.5174930095673,86073.20727876604,5.0,0.0,1.0,-0.8777311391373896,true,0.7632226927424528,7.098202922034721,1.0,(-0.793525267732998+sin(v2)),16.623979903433327,0.03727057923201276,16.015832475331933,0.03727057923201276,5.0,0.15147377856910643,(-0.794+sin(v2))
1804.1915509700775,2.2655835296077414e11,5.0,3.0,52.0,-0.9118063892447634,true,6.53346803308092e9,3516.506188804792,0.0,(v1/log(sin(v2))),2.5747405304577443e17,5.44497165045028e14,4.225803245635795e6,5.44497165045028e14,33.0,123832.08409438109,(v1/log(sin(v2)))
2571.426024913788,16065.91570796284,5.0,0.0,29.0,-0.8777311475009946,true,0.2656427565397062,1.1987904211611349,1.0,(0.0117960024317129*sin(v2)),-0.03733897029702449,0.0020358020366402123,2.077392303014781,0.0020358020366402123,5.0,0.02980908817902754,(0.0118*sin(v2))
643.381707906723,12646.995371804634,5.0,1.0,91.0,-0.141463404649337,true,0.2274878609757246,1.3020547919643528,1.0,(-0.101021107207564/exp(v1)),-0.08600259263909271,0.0019328899020284685,2.15731122872335,0.0019328899020284685,5.0,0.03398747472349485,(-0.101/exp(v1))
368.38657999038696,23127.819428684954,5.0,1.0,102.0,-0.14494588030677055,true,0.2569757321408277,1.3406383188055213,1.0,(-0.0137451721966846*cos(v1)),-0.04974112481940074,0.002009574391959124,2.52159592980244,0.002009574391959124,5.0,0.0308204928297,(-0.0137*cos(v1))
3586.0025119781494,8352.093267837106,5.0,1.0,0.0,-0.11336249231439487,true,0.2538458740621939,1.2035652833974204,1.0,(-0.0123326623513944*sin(v1)),-0.037412277635282876,0.002035647008832996,1.6794005772840201,0.002035647008832996,5.0,0.03353233235351191,(-0.0123*sin(v1))
1226.0603320598602,188364.40632523035,5.0,5.0,71.0,-0.9118063873255803,true,2.948148650607768,9.59940711958118,0.0,(log(sin(v2))/v1),18.54703770548069,0.0413373949326471,19.461282790851598,0.0413373949326471,33.0,0.1294712125296866,(log(sin(v2))/v1)
398.50978088378906,16065.90980333695,5.0,0.0,101.0,-0.8777311343980413,true,0.2656427560419043,1.1987903480961348,1.0,(0.0117959980961171*sin(v2)),-0.037338972665686976,0.0020358020316310474,2.077391843197317,0.0020358020316310474,5.0,0.029809089069600427,(0.0118*sin(v2))
352.33111000061035,23127.809355294965,5.0,1.0,103.0,-0.1449459162762558,true,0.2569757353260064,1.3406381704330812,1.0,(-0.0137451662096755*cos(v1)),-0.04974112843278422,0.0020095743843176663,2.521595175988859,0.0020095743843176663,5.0,0.030820493232207917,(-0.0137*cos(v1))
3417.0144259929657,16065.916041318464,5.0,0.0,5.0,-0.8777311496011573,true,0.26564275656781045,1.1987904252861428,1.0,(sin(v2)/84.7744805953092),-0.037338970163297236,0.002035802036923014,2.0773923289745517,0.002035802036923014,5.0,0.029809088128748745,(sin(v2)/84.8)
3526.063024997711,12646.984070859282,5.0,1.0,2.0,-0.1414633579106332,true,0.22748789386206758,1.3020545220366329,1.0,(-0.101021016931237/exp(v1)),-0.08600257394080779,0.0019328899415709505,2.1573100845900344,0.0019328899415709505,5.0,0.033987473266023076,(-0.101/exp(v1))
1356.9006578922272,23127.820312612428,5.0,1.0,67.0,-0.14494589130049326,true,0.2569757318613322,1.3406383318250186,1.0,(-0.0137451727220373*cos(v1)),-0.0497411245023297,0.002009574392629655,2.5215959959486463,0.002009574392629655,5.0,0.03082049279438043,(-0.0137*cos(v1))
874.0625290870667,12646.98451980222,5.0,1.0,83.0,-0.14146340358105206,true,0.22748789255562013,1.3020545327598192,1.0,(-0.101021020517567/exp(v1)),-0.08600257468362049,0.001932889940000076,2.1573101300420348,0.001932889940000076,5.0,0.0339874733239228,(-0.101/exp(v1))
384.25106501579285,16065.867536662381,5.0,0.0,102.0,-0.8777311459538742,true,0.2656427524785233,1.1987898250800049,1.0,(0.0117959670609218*sin(v2)),-0.037338989620773755,0.00203580199577502,2.0773885517178132,0.00203580199577502,5.0,0.029809095444526625,(0.0118*sin(v2))
3544.7058610916138,23127.81995072809,5.0,1.0,2.0,-0.14494589862628926,true,0.25697573197575907,1.3406383264947712,1.0,(-0.0137451725069553*cos(v1)),-0.04974112463214031,0.002009574392355136,2.521595968868058,0.002009574392355136,5.0,0.03082049280884044,(-0.0137*cos(v1))
2460.146260023117,22008.14328602723,5.0,0.0,33.0,-0.00034403207484881115,true,0.2704342980079979,1.0988949710597615,1.0,(0.0146271578338538*log(v2)),-0.02392083660052935,0.0020641782387138164,1.9257185690576246,0.0020641782387138164,5.0,0.03099470062318812,(0.0146*log(v2))
3575.828691959381,404622.9786642504,5.0,4.0,1.0,-0.6904082578479703,true,1.0831867898849195,41.22940530820339,1.0,sin((v2^1.45910436355187)),233.38144401427857,0.49566171928884034,98.4401059518898,0.49566171928884034,8.0,0.6447506304548856,sin((v2^1.46))
658.4617369174957,12646.984058932712,5.0,1.0,91.0,-0.1414633903305101,true,0.22748789389677454,1.3020545217517618,1.0,(-0.101021016835963/exp(v1)),-0.08600257392107447,0.001932889941612682,2.1573100833825616,0.001932889941612682,5.0,0.03398747326448492,(-0.101/exp(v1))
2597.893970966339,16064.19804001235,5.0,0.0,29.0,-0.8777311364667476,true,0.2656426117280935,1.1987691664006679,1.0,(0.0117947411978733*sin(v2)),-0.03733965884690493,0.002035800580518893,2.077258541158417,0.002035800580518893,5.0,0.029809347248531615,(0.0118*sin(v2))
2061.1538639068604,11616.873642425378,5.0,0.0,45.0,-0.8777311589426287,true,1.8056256800884578,1.2356315081952456,1.0,(-0.00480965487014701/sin(v2)),0.023161961340645743,0.0021637473009089884,1.870298175511173,0.0021637473009089884,5.0,0.033032932089618654,(-0.00481/sin(v2))
724.7764320373535,23607.85492876507,6.0,0.0,88.0,-0.8777311479613538,true,0.2423210811291571,1.3588485987553116,1.0,(0.0454297159544074*log(sin(v2))),-0.2701838097068545,0.0015433898752816564,2.895383016982424,0.0015433898752816564,17.0,0.030926891904779406,(0.0454*log(sin(v2)))
3527.805120944977,23607.85511306838,6.0,0.0,2.0,-0.877731136236401,true,0.24232108323692234,1.358848601556675,1.0,(0.045429716309056*log(sin(v2))),-0.2701838097190502,0.0015433898752558654,2.8953830349451675,0.0015433898752558654,17.0,0.03092689194034509,(0.0454*log(sin(v2)))
2482.9467520713806,12470.07440201496,6.0,0.0,32.0,-0.8777311637252818,true,0.26792769980281766,1.1727421306194914,1.0,(exp(sin(v2))/308.207467565687),-0.0186547457982974,0.00207531478423662,1.8186996227179442,0.00207531478423662,17.0,0.030804359770457552,(exp(sin(v2))/308.0)
3569.958920955658,2434.977282565044,6.0,0.0,1.0,-0.215598579752017,true,0.26563032623954214,1.0354802029955255,1.0,(v1*(0.00134195623954217/v1)),0.0010719322521679508,0.0021170320763177946,1.1296264734795145,0.0021170320763177946,7.0,0.03281941335087095,(v1*(0.00134/v1))
2761.4208788871765,23607.8549385372,6.0,0.0,24.0,-0.8777311435591991,true,0.24232108124091498,1.3588485989038452,1.0,(0.0454297159732116*log(sin(v2))),-0.2701838097075012,0.0015433898752802888,2.8953830179348437,0.0015433898752802888,17.0,0.030926891906665168,(0.0454*log(sin(v2)))
3574.504849910736,7665.224450040365,6.0,0.0,1.0,-0.015751079366082783,true,0.26370866657935343,1.119384632064888,1.0,(v2*(-0.00508724018598708/v1)),-0.018286274324112006,0.0020760940148842155,1.4206473665215564,0.0020760940148842155,7.0,0.033641175783582555,(v2*(-0.00509/v1))
1635.6095168590546,10905.334759928543,6.0,0.0,58.0,-0.8777311375907884,true,0.2529294957078097,1.224495844355256,1.0,(-0.0127408928766411/exp(sin(v2))),-0.028928464523644615,0.002053588281491013,1.8174317069987698,0.002053588281491013,17.0,0.03365849009089888,(-0.0127/exp(sin(v2)))
2662.270164012909,23607.85470829476,6.0,0.0,27.0,-0.8777311250689432,true,0.24232107860777172,1.3588485954042187,1.0,(0.0454297155301639*log(sin(v2))),-0.2701838096922655,0.0015433898753125087,2.895382995494737,0.0015433898753125087,17.0,0.030926891862234435,(0.0454*log(sin(v2)))
1537.537831068039,12470.074096256842,6.0,0.0,61.0,-0.877731138673535,true,0.2679276997135765,1.172742126383627,1.0,(0.00324456763937934*exp(sin(v2))),-0.018654745978231912,0.0020753147838561007,1.8186995995391408,0.0020753147838561007,17.0,0.030804359815319142,(0.00324*exp(sin(v2)))
1178.6701600551605,48751.78661062355,6.0,6.0,73.0,-0.1767183399548207,true,0.13584985096559327,1.3866875134905532,1.0,log(sin((v1^0.448797607761138))),-0.13097596480080076,0.0018377817800453514,3.0679708464240933,0.0018377817800453514,256.0,0.03452607412887113,log(sin((v1^0.449)))
3519.556380033493,16514.118720848503,7.0,0.0,2.0,-0.14146336984847716,true,0.21946102555338035,1.4603365888026552,2.0,((-2.52271318998944+v1)/33.749386867897),-0.16816675221707833,0.0017591319973802406,3.1437234652174393,0.0017591319973802406,4.0,0.03119301592668262,((-2.52+v1)/33.7)
3481.0362119674683,26216.80826431198,7.0,1.0,3.0,-0.14146336504672322,true,0.18382812885240007,1.0690261715249898,2.0,(-0.190921204384764/(v1^5.04619157626595)),-0.24128066057987974,0.0016045132489744362,1.7325433830444932,0.0016045132489744362,4.0,0.03166967903885772,(-0.191/(v1^5.05))
393.59230494499207,397121.73599621217,7.0,5.0,101.0,-0.8822500158285297,true,1.0578916138749115,13.80385070878263,1.0,(sin((-3.02405278365409*v2))/v1),36.71481933739334,0.07975798713101859,42.09894570217442,0.07975798713101859,17.0,0.24369673552955984,(sin((-3.02*v2))/v1)
838.5084230899811,18008.57079970953,7.0,0.0,84.0,-0.8777311372585068,true,0.22266592391938844,0.7978844376969663,1.0,(-0.042749585010476*cos((v2+v2))),-0.41296805979712214,0.0012414347133243885,1.647097076084972,0.0012414347133243885,17.0,0.018248628841798526,(-0.0427*cos((v2+v2)))
1072.5664329528809,68274.8933588522,7.0,6.0,76.0,-0.9206486226259646,true,2.5786322436104525,3.4690327246967247,0.0,((log(sin(v2))/v1)/v1),3.764966922186767,0.010076786184753024,7.310432673192334,0.010076786184753024,67.0,0.060250382434142775,((log(sin(v2))/v1)/v1)
909.630049943924,11616.873642425377,7.0,0.0,82.0,-0.8777311550397282,true,1.805625680088404,1.2356315081952454,1.0,(-0.00480965487014701/sin(log(exp(v2)))),0.023161961340641746,0.0021637473009089797,1.8702981755111727,0.0021637473009089797,65537.0,0.033032932089618654,(-0.00481/sin(log(exp(v2))))
1565.2613859176636,16065.916041318464,7.0,0.0,60.0,-0.8777311494007048,true,0.26564275656781045,1.1987904252861428,1.0,(sin(log(exp(v2)))/84.7744805953092),-0.037338970163297236,0.002035802036923014,2.0773923289745517,0.002035802036923014,65537.0,0.029809088128748745,(sin(log(exp(v2)))/84.8)
2531.11292886734,11616.873497194127,7.0,0.0,31.0,-0.8777311438176955,true,1.8056256571708589,1.235631505249693,1.0,(-0.00480965481002308/sin(log(exp(v2)))),0.023161959070249427,0.0021637472961076334,1.8702981627555064,0.0021637472961076334,65537.0,0.033032932076269374,(-0.00481/sin(log(exp(v2))))
2391.21084690094,16065.91618807304,7.0,0.0,35.0,-0.8777311411314321,true,0.26564275658018294,1.1987904271021126,1.0,(0.0117960027842439*sin(log(exp(v2)))),-0.03733897010442577,0.0020358020370475132,2.0773923404029335,0.0020358020370475132,65537.0,0.029809088106614295,(0.0118*sin(log(exp(v2))))
3515.9839310646057,38805.64519706953,8.0,0.0,2.0,-0.8777311312791988,true,0.2158838004336981,1.6704372240851137,1.0,(-0.0490512136500814*(cos(v2)*cos(v2))),-0.24304944842793164,0.0016007726780025754,4.170894861403999,0.0016007726780025754,18.0,0.03272192559755366,(-0.0491*(cos(v2)*cos(v2)))
1307.167270898819,16532.592425446026,8.0,1.0,68.0,-0.9105644452187126,true,0.1208577875823762,1.0046131634534192,1.0,((-0.894737125690426+sin(v2))/exp(v1)),-0.6717081359836634,0.000694260206609882,2.0360509933759214,0.000694260206609882,21.0,0.02091928136356243,((-0.895+sin(v2))/exp(v1))
1281.7286748886108,13508.597267539079,8.0,0.0,69.0,-0.8777311478734008,true,0.17882260938726158,0.9208293340017104,2.0,(0.151129131432873*(-0.786012614139356+sin(v2))),-0.5192353361027883,0.0010167043764185374,2.0380418891176006,0.0010167043764185374,6.0,0.01846911512873229,(0.151*(-0.786+sin(v2)))
1710.448539018631,16579.75340992956,8.0,0.0,55.0,-0.8777314054556564,true,0.2642883700002898,1.000713844890392,2.0,(0.0430993200322051*(sin(v2)^11.8855378328357)),-0.20975112330892276,0.0016711908168929614,1.1393049240347681,0.0016711908168929614,6.0,0.022389213448256787,(0.0431*(sin(v2)^11.9))
3584.008178949356,13508.597108420445,8.0,0.0,0.0,-0.8777311359753291,true,0.17882260982412512,0.9208293357598519,2.0,(-0.118789401860738+(0.151129129237764*sin(v2))),-0.5192353363895887,0.001016704375812022,2.0380418561302287,0.001016704375812022,6.0,0.01846911511083133,(-0.119+(0.151*sin(v2)))
3489.3241748809814,185612.32222525653,8.0,7.0,3.0,-0.9291086548109606,true,7309.951448115348,11.094022277127348,0.0,((log(sin(v2))/log(v1))/v1),1.1536902923567477e6,2439.78618658597,23.294571214809512,2439.78618658597,131.0,0.8013223421693795,((log(sin(v2))/log(v1))/v1)
2887.8073959350586,13508.597273427706,8.0,0.0,20.0,-0.8777311367262758,true,0.17882260942898306,0.9208293342536856,2.0,(0.151129131354723*(-0.786012613946406+sin(v2))),-0.519235336113897,0.001016704376395045,2.038041885274105,0.001016704376395045,6.0,0.01846911511796487,(0.151*(-0.786+sin(v2)))
3168.031585931778,13508.597381037938,8.0,0.0,12.0,-0.8777311554316566,true,0.17882260908510164,0.9208293327994078,2.0,((-0.786012614501141+sin(v2))/6.61685791700558),-0.5192353359017617,0.0010167043768436613,2.03804191182037,0.0010167043768436613,6.0,0.018469115139634423,((-0.786+sin(v2))/6.62)
2995.0873448848724,25583.31990409307,8.0,0.0,17.0,-0.9118063889675765,true,0.2344977322857206,1.3922201625126078,1.0,((log(sin(v2))/v1)/7.36253326378611),-0.44634699572258785,0.0011708461015064646,2.968765553716476,0.0011708461015064646,34.0,0.028603696391904552,((log(sin(v2))/v1)/7.36)
1781.3709120750427,1.4127858854384113e6,8.0,5.0,53.0,-0.9120207332635729,true,7311.055322746224,72.67771929419547,0.0,(v1*(log(sin(v2))/log(v1))),1.1557297200539305e6,2444.0990972901523,153.62437795090275,2444.0990972901523,131.0,1.516387991924584,(v1*(log(sin(v2))/log(v1)))
2988.63445687294,16532.592479167055,8.0,1.0,17.0,-0.9105644451947145,true,0.1208577874107683,1.0046131646299217,1.0,((-0.894737126157876+sin(v2))/exp(v1)),-0.6717081360276825,0.000694260206516792,2.0360509971871235,0.000694260206516792,21.0,0.020919281373118923,((-0.895+sin(v2))/exp(v1))
707.7749650478363,13508.59738127759,8.0,0.0,89.0,-0.8777311379346385,true,0.17882260908391256,0.920829332793851,2.0,(0.151129132977378*(-0.786012614503937+sin(v2))),-0.5192353359011305,0.0010167043768449964,2.0380419119165176,0.0010167043768449964,6.0,0.018469115139766252,(0.151*(-0.786+sin(v2)))
2283.8354818820953,141437.15353565608,8.0,5.0,38.0,-0.9201035626061613,true,0.16968450895639675,5.215922397135694,0.0,(log(sin(v2))*(sin(v2)/v1)),1.1894591550920772,0.00463019200896944,13.646233150744036,0.00463019200896944,145.0,0.0642792871054097,(log(sin(v2))*(sin(v2)/v1))
3034.2444450855255,25583.319926200485,8.0,0.0,16.0,-0.9118063904453413,true,0.2344977325122676,1.3922201628515254,1.0,(log(sin(v2))*(0.135822816011273/v1)),-0.4463469957055448,0.0011708461015425067,2.9687655558219928,0.0011708461015425067,49.0,0.028603696396092348,(log(sin(v2))*(0.136/v1))
3504.596992969513,12211.664162916048,8.0,1.0,3.0,-0.14146338877021203,true,0.2654593526289378,1.1539657533643122,2.0,(0.0052493509917171*exp((-2.5100789982138+v1))),-0.0190742594388158,0.0020744276113923744,1.9430594077972745,0.0020744276113923744,9.0,0.0315595769385836,(0.00525*exp((-2.51+v1)))
3331.7338938713074,1.173713010274297e6,8.0,1.0,8.0,-0.7874756477161727,true,25.799320752305373,163.085036396697,1.0,(exp(v1)*(-0.791874127620585+sin(v2))),6920.865939551376,14.638121147832369,307.44796924728143,14.638121147832369,21.0,2.728154691283367,(exp(v1)*(-0.792+sin(v2)))
3469.586881875992,33719.78427062075,8.0,2.0,4.0,-0.14146337187440916,true,0.17062591111664144,1.002851876157158,2.0,(-0.41310352982035/exp((v1^2.26223504431145))),-0.25942340692999066,0.0015661456005185734,1.8016390776639855,0.0015661456005185734,9.0,0.03143693423307611,(-0.413/exp((v1^2.26)))
1959.8108248710632,16570.980586656944,8.0,0.0,48.0,-0.8777314271457776,true,0.2642883700003418,1.0007526162499332,2.0,(0.0430381947794684*(sin(v2)^11.808716867366)),-0.20974942117481699,0.0016711944165069194,1.1418330439012272,0.0016711944165069194,6.0,0.02237329368011754,(0.043*(sin(v2)^11.8))
2971.0537810325623,13508.597295676249,8.0,0.0,18.0,-0.8777311459807055,true,0.1788226091162113,0.9208293326294357,2.0,(0.151129132354625*(-0.786012614952541+sin(v2))),-0.5192353359793502,0.00101670437667958,2.038041911904913,0.00101670437667958,6.0,0.01846911517016251,(0.151*(-0.786+sin(v2)))
3610.951173067093,16959.018425574264,8.0,4.0,0.0,-0.14146337413176693,true,0.21804336929277038,1.4710272252086238,2.0,log((0.92454340183726+(0.0299703600573346*v1))),-0.17078436584276602,0.0017535963592003544,3.176324168604993,0.0017535963592003544,16.0,0.031173738595755226,log((0.925+(0.03*v1)))
953.6182298660278,29714.507900211018,9.0,0.0,80.0,-0.8704407573134059,true,0.16079651873911324,1.3583855015041684,1.0,((-0.818815766351995+sin(v2))/(v1+v1)),-0.5881727698593788,0.0008709178911323105,3.233127491813847,0.0008709178911323105,21.0,0.01875792068421498,((-0.819+sin(v2))/(v1+v1))
3551.1135540008545,17524.750992709796,9.0,0.0,1.0,-0.8777311385387015,true,0.18045590348296714,1.0077481663722023,2.0,(-0.173388745994445+exp((-2.56043186833855+sin(v2)))),-0.5385957856591157,0.0009757615716088294,2.601593738171372,0.0009757615716088294,33.0,0.018491729381857322,(-0.173+exp((-2.56+sin(v2))))
1187.7002339363098,103942.46456442842,9.0,6.0,72.0,-0.9203582850003781,true,1.2320102528295842,5.071451823881572,0.0,((cos(v2)*(cos(v2)/v1))/v1),9.463390185967867,0.022127613348311228,10.59851969597992,0.022127613348311228,75.0,0.08594154643517284,((cos(v2)*(cos(v2)/v1))/v1)
2917.833461999893,564.3754468530354,9.0,1.0,19.0,-0.9320454114366525,true,7.870868573549143,1.0035767338958994,1.0,((log(sin(v2))/log(v1))/905.745021208644),1.2448604733780528,0.0047473527884329455,1.0180065259481326,0.0047473527884329455,66.0,0.0330780955607561,((log(sin(v2))/log(v1))/906.0)
1103.0895330905914,384509.6123939903,9.0,6.0,75.0,-0.9363201545013758,true,4209.54515240555,15.443761115597816,0.0,(sin(v2)*(log(sin(v2))/log(v1))),328664.82638813934,695.0510492166279,39.37623512138841,695.0510492166279,261.0,0.48549872281891165,(sin(v2)*(log(sin(v2))/log(v1)))
1845.0862278938293,17524.750900186275,9.0,0.0,51.0,-0.8777311420807186,true,0.18045590378712856,1.007748158502987,2.0,(0.077271361895219*(-2.24389400010766+exp(sin(v2)))),-0.5385957857084999,0.0009757615715043935,2.601593727534771,0.0009757615715043935,18.0,0.018491729368641414,(0.0773*(-2.24+exp(sin(v2))))
1408.1028690338135,564.3754125814496,9.0,1.0,65.0,-0.9320454108919108,true,7.870868084276988,1.003576733679087,1.0,(0.00110406341295499*(log(sin(v2))/log(v1))),1.2448603126120323,0.004747352448450561,1.0180065245562675,0.004747352448450561,66.0,0.03307809555671611,(0.0011*(log(sin(v2))/log(v1)))
2282.1861889362335,17524.750932476083,9.0,0.0,38.0,-0.8777311386595448,true,0.18045590367730638,1.0077481613424897,2.0,(-0.173388745575132+(exp(sin(v2))/12.9414051224988)),-0.5385957856905128,0.0009757615715424317,2.6015937313086765,0.0009757615715424317,18.0,0.01849172937319936,(-0.173+(exp(sin(v2))/12.9))
3606.66060590744,188364.40632523035,9.0,5.0,0.0,-0.9118063872695202,true,2.948148650607768,9.59940711958118,0.0,(log(sin(v2))*((v1/v1)/v1)),18.54703770548069,0.0413373949326471,19.461282790851598,0.0413373949326471,177.0,0.1294712125296866,(log(sin(v2))*((v1/v1)/v1))
1903.4806990623474,17523.769325904846,10.0,0.0,49.0,-0.877216381077509,true,0.1644816282414549,1.0114674369630734,2.0,((-0.799407236016132+sin(v2))/(3.50296400990421+v1)),-0.5750168326708534,0.0008987396091575792,2.3791930007061644,0.0008987396091575792,16.0,0.01813015341814665,((-0.799+sin(v2))/(3.5+v1))
1008.2833249568939,42955.85495630996,10.0,0.0,78.0,-0.9223929331828754,true,0.12334332308319917,1.7614270678103392,1.0,(-0.149799336648784*(cos(v2)*(cos(v2)/v1))),-0.4382891544815821,0.0011878865436799931,4.441703970365708,0.0011878865436799931,38.0,0.030511734107633495,(-0.15*(cos(v2)*(cos(v2)/v1)))
2004.9137508869171,15737.945365074333,10.0,1.0,46.0,-0.9165104575940094,true,0.12900763099386905,1.0340191581835767,1.0,((-0.911762946995917+sin(v2))/(v1+exp(v1))),-0.5879001523293506,0.0008714944131953536,1.9446004836327813,0.0008714944131953536,31.0,0.023174931148312268,((-0.912+sin(v2))/(v1+exp(v1)))
3308.0186030864716,59993.90150986857,10.0,0.0,8.0,-0.8915523978372012,true,0.23560948538627988,2.0870195214614347,1.0,(sin(v2)*((-0.872407050530572+sin(v2))/v1)),-0.5565266267270195,0.0009378420530676315,6.153531012549569,0.0009378420530676315,45.0,0.021844441042505828,(sin(v2)*((-0.872+sin(v2))/v1))
3163.8142170906067,54329.33197623976,10.0,1.0,12.0,-0.8933978604400952,true,0.40016426925358733,3.8674310005643884,1.0,((-0.795794211062228+sin(v2))/(v1+cos(v1))),3.131982290769038,0.008738172319600751,7.972704430232443,0.008738172319600751,31.0,0.07133011995634257,((-0.796+sin(v2))/(v1+cos(v1)))
1529.52831697464,19937.986981076396,10.0,0.0,61.0,-0.9206486249472027,true,0.5766280871302397,1.2215486161727462,1.0,(0.292035534068794*(log(sin(v2))/(v1*v1))),-0.5515687041234567,0.0009483268952108228,2.395626636236768,0.0009483268952108228,82.0,0.025030536572544337,(0.292*(log(sin(v2))/(v1*v1)))
1495.9871509075165,21966.34493150226,10.0,0.0,62.0,-0.8733833896421658,true,0.14583370779968727,1.1072927564635902,2.0,(((-0.825992532035097+sin(v2))/v1)/2.59098742398065),-0.6622989119515528,0.0007141585060701658,2.7070898145083735,0.0007141585060701658,12.0,0.019072493387367315,(((-0.826+sin(v2))/v1)/2.59)
1504.8515598773956,21966.345203218236,10.0,0.0,62.0,-0.8733833883184827,true,0.14583370819773342,1.1072927464810896,2.0,((0.38595324557024*(-0.82599253092171+sin(v2)))/v1),-0.6622989116504246,0.0007141585067069812,2.707089808669433,0.0007141585067069812,13.0,0.01907249329245174,((0.386*(-0.826+sin(v2)))/v1)
1440.0754590034485,36181.32998190522,10.0,0.0,64.0,-0.8844287588951925,true,0.24791491343639496,1.2887933083677259,2.0,(sin((2.95609622013983*v2))*(-0.111235518808081/v1)),-0.587340405346555,0.0008726781466305069,4.155402441038174,0.0008726781466305069,25.0,0.017864127122776515,(sin((2.96*v2))*(-0.111/v1))
3536.1758658885956,23832.534305679237,10.0,0.0,2.0,-0.7220634225509314,true,0.07900829778276028,1.0658034828696532,2.0,((-0.213300654279521/v1)+(sin(v2)/8.57674368156536)),-0.7290731302748101,0.0005729467134836427,2.758536064070388,0.0005729467134836427,8.0,0.018292662988735185,((-0.213/v1)+(sin(v2)/8.58))
3570.9531948566437,19937.987224030112,10.0,0.0,1.0,-0.920648624302252,true,0.5766280971928273,1.2215486188722848,1.0,(log(sin(v2))*((0.292035537627205/v1)/v1)),-0.5515687025456355,0.0009483268985475443,2.3956266586342925,0.0009483268985475443,113.0,0.025030536599636367,(log(sin(v2))*((0.292/v1)/v1))
2089.6515040397644,21966.34520682724,10.0,0.0,44.0,-0.8733833885716584,true,0.14583370820146607,1.1072927464067188,2.0,(0.385953245607323*((-0.825992530910627+sin(v2))/v1)),-0.6622989116455094,0.0007141585067173757,2.7070898087036253,0.0007141585067173757,12.0,0.019072493291444306,(0.386*((-0.826+sin(v2))/v1))
2099.148766040802,41579.12899946395,10.0,0.0,44.0,-0.9119711736037844,true,0.5139975659220152,2.1178544135911848,2.0,(0.0693361599952091+((-0.957170041738074+sin(v2))/v1)),0.9295018398915125,0.00408044332755858,3.550404585717441,0.00408044332755858,12.0,0.0464625226067701,(0.0693+((-0.957+sin(v2))/v1))
3298.9665179252625,23832.534292787845,10.0,0.0,9.0,-0.7220634217695826,true,0.07900829785878694,1.0658034820543305,2.0,(0.116594366886185*(sin(v2)+(-1.82942503884339/v1))),-0.7290731302682942,0.0005729467134974222,2.758536062806848,0.0005729467134974222,8.0,0.018292662986114795,(0.117*(sin(v2)+(-1.83/v1)))
2972.588357925415,59993.90153124328,10.0,0.0,18.0,-0.8915523988595981,true,0.23560948538524923,2.0870195221844807,1.0,((sin(v2)/v1)*(-0.872407050573872+sin(v2))),-0.5565266267401745,0.0009378420530398118,6.153531014061647,0.0009378420530398118,46.0,0.021844441044216345,((sin(v2)/v1)*(-0.872+sin(v2)))
3434.166533946991,21966.34504192111,10.0,0.0,5.0,-0.8733833888959214,true,0.14583370815076724,1.1072927453154697,2.0,((0.385953243234218/v1)*(-0.825992531131318+sin(v2))),-0.6622989119407057,0.0007141585060931048,2.70708979852412,0.0007141585060931048,16.0,0.01907249331794734,((0.386/v1)*(-0.826+sin(v2)))
3610.8178930282593,26836.621634738425,10.0,0.0,0.0,-0.14146338442440803,true,0.1798485237718909,1.5125783807089892,3.0,(-0.302891962254746*(-0.233856454107524+(0.547690794362305/v1))),-0.24901272764810822,0.0015881617426817226,3.4090266605864925,0.0015881617426817226,5.0,0.030169095238093153,(-0.303*(-0.234+(0.548/v1)))
1902.1834359169006,24283.764947625772,11.0,1.0,49.0,-0.8903544119604149,true,0.13578321674055446,0.99161125353712,2.0,((-0.852995224413572+sin((v2^1.07774106281406)))/exp(v1)),-0.700052086188651,0.0006343194073323353,2.2753065743227,0.0006343194073323353,37.0,0.0198198444483023,((-0.853+sin((v2^1.08)))/exp(v1))
948.8730120658875,23883.094703965922,11.0,1.0,80.0,-0.8894328308208113,true,0.15651968994730125,0.9594090527250276,2.0,((-0.861139938937929+sin(v2))/exp((-0.404330072300272+v1))),-0.723487674628607,0.0005847586406618023,2.4162519541289944,0.0005847586406618023,41.0,0.018811991673046036,((-0.861+sin(v2))/exp((-0.404+v1)))
3023.274025917053,10641.602748482896,11.0,0.0,16.0,-0.9118063894598719,true,0.38087810805058653,0.630728425923929,2.0,(0.0259913177493422+((0.205191500146274*log(sin(v2)))/v1)),-0.6426778700650162,0.000755652402468921,1.2476198357043948,0.000755652402468921,36.0,0.015905198559574223,(0.026+((0.205*log(sin(v2)))/v1))
3131.4757368564606,179.63369714354874,11.0,1.0,13.0,-0.9291086539702395,true,6.913422960781533,1.0011861264752508,1.0,(0.000973172049171855*((log(sin(v2))/log(v1))/v1)),0.9582996714646252,0.004141343979354418,1.0047424848858453,0.004141343979354418,132.0,0.03320571317311366,(0.000973*((log(sin(v2))/log(v1))/v1))
2785.340141057968,24283.764950871595,11.0,1.0,23.0,-0.8903544102830684,true,0.13578321676203678,0.9916112533538117,2.0,((-0.852995224356139+sin((v2^1.07774106286914)))/exp(v1)),-0.7000520861866943,0.0006343194073364733,2.275306574410145,0.0006343194073364733,37.0,0.019819844447706014,((-0.853+sin((v2^1.08)))/exp(v1))
2306.085979938507,23883.093886889405,11.0,1.0,37.0,-0.8894328324674098,true,0.15651968627119922,0.9594090637867299,2.0,((1.49829839313091*(-0.861139941677636+sin(v2)))/exp(v1)),-0.723487675806822,0.0005847586381701541,2.4162519529165998,0.0005847586381701541,25.0,0.0188119917704783,((1.5*(-0.861+sin(v2)))/exp(v1))
3238.4138879776,26163.142998123465,11.0,0.0,10.0,-0.8821072929499703,true,0.14724299535981078,1.2565889399690642,2.0,(((-2.32156780553042+exp(sin(v2)))/v1)/5.093781435977),-0.6867683781274136,0.0006624113307516775,3.2428922729984575,0.0006624113307516775,36.0,0.018435299588646207,(((-2.32+exp(sin(v2)))/v1)/5.09)
3495.8488359451294,247285.68997469632,11.0,7.0,3.0,-0.921529567289078,true,3.025166784252313,12.204045846036484,0.0,(log(sin(v2))*(exp((sin(v2)/v1))/v1)),27.912824086742525,0.06114383396092375,25.298451915453775,0.06114383396092375,16401.0,0.16422500719777122,(log(sin(v2))*(exp((sin(v2)/v1))/v1))
3529.262263059616,13658.32466616399,11.0,0.0,2.0,-0.858814858205849,true,0.3185719773474733,0.8480657788382798,2.0,(log((sin(v2)/0.801800072305486))*(0.186302564875348/v1)),-0.529084493102872,0.0009958757220310773,1.736698840256283,0.0009958757220310773,97.0,0.02204156805428597,(log((sin(v2)/0.802))*(0.186/v1))
1735.0070910453796,19273.168494695055,11.0,0.0,55.0,-0.9118160422154413,true,0.5127085723085705,1.0054579992831316,1.0,((((-0.901065539714743+sin(v2))/v1)/v1)/v1),-0.5837285948858388,0.0008803162776704152,1.9502594932925201,0.0008803162776704152,47.0,0.02136943064748307,((((-0.901+sin(v2))/v1)/v1)/v1)
2765.8837740421295,26163.142607261627,11.0,0.0,24.0,-0.8821072914471415,true,0.1472429969257303,1.2565889213916561,2.0,((0.196317808767942/v1)*(-2.32156780050439+exp(sin(v2)))),-0.6867683776479974,0.0006624113317655303,3.242892256358755,0.0006624113317655303,52.0,0.018435299363165753,((0.196/v1)*(-2.32+exp(sin(v2))))
3577.659514904022,22265.499563279824,11.0,0.0,1.0,-0.43845604646251235,true,0.14552473242544892,1.2166459718568405,2.0,(-0.00118333286049361/exp((sin(v2)+(-5.97529979023129/v1)))),-0.3261616797633029,0.0014250098242029703,2.116156137417578,0.0014250098242029703,129.0,0.030824631354151914,(-0.00118/exp((sin(v2)+(-5.98/v1))))
1012.6668648719788,28144.732065481676,12.0,1.0,78.0,-0.8986287242098981,true,0.15835101355461026,1.034837018768276,2.0,((-1.81182291432132+exp((-0.277169170909755+sin(v2))))/exp(v1)),-0.7499445999902101,0.0005288084558381699,2.794414047298768,0.0005288084558381699,133.0,0.017933294613081584,((-1.81+exp((-0.277+sin(v2))))/exp(v1))
2840.3813939094543,22954.11986941422,12.0,0.0,22.0,-0.8918918753745315,true,0.2642559696218887,1.0385518170187964,2.0,((0.695746116632889/v1)*((-0.869760706901689+sin(v2))/v1)),-0.6983888695842665,0.0006378367199128857,2.5459809436361676,0.0006378367199128857,34.0,0.019740983917493415,((0.696/v1)*((-0.87+sin(v2))/v1))
1673.9526040554047,37225.42035307369,12.0,0.0,56.0,-0.9180183456691501,true,0.11222551396532432,1.7018261621426976,2.0,(0.125640774343993*(cos(v2)*((-1.60981539852686+v2)/v1))),-0.45997332534377267,0.0011420296139383556,4.14288119391187,0.0011420296139383556,30.0,0.029956216658657726,(0.126*(cos(v2)*((-1.61+v2)/v1)))
3588.8457419872284,23699.785547173546,12.0,1.0,0.0,-0.8705896697824232,true,0.384473894745999,0.9769551210614854,1.0,(((-0.836316402851211+sin(v2))/(v1+sin(v2)))/v1),-0.6438299921189625,0.0007532159348531022,2.3765650040619652,0.0007532159348531022,63.0,0.01993781235602662,(((-0.836+sin(v2))/(v1+sin(v2)))/v1)
2343.100849866867,22933.103023144038,12.0,0.0,36.0,-0.9442629594541012,true,0.5571861505480928,0.48402128118194265,2.0,((0.130958314401871+((-1.07102060870377+sin(v2))/v1))/v1),-0.6852119962977864,0.0006657027128693505,1.4226851126934816,0.0006657027128693505,25.0,0.01008835005733558,((0.131+((-1.07+sin(v2))/v1))/v1)
2579.559963941574,23832.534292737677,12.0,0.0,29.0,-0.7220634235647783,true,0.07900829785876257,1.0658034820541988,2.0,(0.116594366886383*((-1.82942503884117+(v1*sin(v2)))/v1)),-0.7290731302682874,0.0005729467134974367,2.7585360628200757,0.0005729467134974367,22.0,0.018292662986148,(0.117*((-1.83+(v1*sin(v2)))/v1))
3421.933312892914,28118.368650838704,12.0,6.0,5.0,-0.9476850203171668,true,0.2111500329244977,1.025712815199948,1.0,(((-1.39657502683748+(v1*sin(v2)))/v1)/exp(v1)),-0.8080729935946007,0.00040588055241721723,2.642883456707007,0.00040588055241721723,85.0,0.014723052515754956,(((-1.4+(v1*sin(v2)))/v1)/exp(v1))
1256.3210709095001,22954.1568434558,12.0,0.0,70.0,-0.8918918746726641,true,0.26425680125285644,1.0385518810530276,2.0,((0.695747239586977*((-0.869760707295665+sin(v2))/v1))/v1),-0.6983886986230662,0.0006378370814556813,2.545984306457239,0.0006378370814556813,25.0,0.01974098686800723,((0.696*((-0.87+sin(v2))/v1))/v1)
2854.122086048126,28144.732031691645,12.0,1.0,21.0,-0.8986287251772113,true,0.15835101344943264,1.0348370191817433,2.0,((0.75792626662784*(-2.39050022787363+exp(sin(v2))))/exp(v1)),-0.7499446000352754,0.0005288084557428675,2.7944140461692326,0.0005288084557428675,73.0,0.017933294613766408,((0.758*(-2.39+exp(sin(v2))))/exp(v1))
2795.556535959244,19937.987090782943,12.0,0.0,23.0,-0.9206486249610348,true,0.576628091674034,1.2215486173917318,1.0,(log(sin(v2))*((0.584071071351212/(v1+v1))/v1)),-0.5515687034109864,0.0009483268967175303,2.395626646350443,0.0009483268967175303,177.0,0.025030536584777833,(log(sin(v2))*((0.584/(v1+v1))/v1))
1663.416251897812,37260.190564030214,12.0,5.0,57.0,-0.9454129118494117,true,0.5741462269988832,2.021274600972923,2.0,((sin(v2)/v1)+(-0.689332289165432/(-0.275451685808814+v1))),0.9069783051712439,0.00403281134034704,3.9937434948080446,0.00403281134034704,13.0,0.04635481964681515,((sin(v2)/v1)+(-0.689/(-0.275+v1)))
3529.1876468658447,18581.28288905184,12.0,7.0,2.0,-0.8770219883869503,true,0.18842471913258288,1.2227446490231784,0.0,(log(sin(v2))*(((sin(v2)/v1)/v1)/v1)),-0.5762652414822551,0.0008960995176587102,2.3762201022903553,0.0008960995176587102,625.0,0.02495246996378308,(log(sin(v2))*(((sin(v2)/v1)/v1)/v1))
3005.5502569675446,22954.087595317767,12.0,0.0,17.0,-0.8918919308480941,true,0.2642562435545356,1.0385527409134614,2.0,(((0.69574630343929/v1)*(-0.869760905694917+sin(v2)))/v1),-0.6983888456067778,0.0006378367706196441,2.545983317925141,0.0006378367706196441,33.0,0.019740993394289107,(((0.696/v1)*(-0.87+sin(v2)))/v1)
3599.927092075348,32418.776855800574,12.0,0.0,0.0,-0.6110440523330405,true,0.11355261761291131,1.3555636245149585,2.0,(((-0.209673666118711/v1)/v1)+(sin(v2)/16.8812070511999)),-0.5712334001036667,0.0009067406806543092,3.8456073991080424,0.0009067406806543092,12.0,0.023151872934965907,(((-0.21/v1)/v1)+(sin(v2)/16.9))
3602.192090034485,9322.138212033522,12.0,0.0,0.0,-0.8777311233528057,true,0.3761184021468468,0.7823603400788602,3.0,(0.0716348955563102*(0.182182529127272+log((1.13222549017128*sin(v2))))),-0.4088801890122824,0.001250079600166714,1.2707044525759739,0.001250079600166714,34.0,0.02098822843382854,(0.0716*(0.182+log((1.13*sin(v2)))))
2261.2766869068146,22933.103199480734,12.0,0.0,39.0,-0.9442629593486269,true,0.5571861496483732,0.4840212805219366,2.0,((0.130958313272769+((-1.07102060664611+sin(v2))/v1))/v1),-0.6852119964897699,0.0006657027124633504,1.4226850969269766,0.0006657027124633504,25.0,0.01008835002616373,((0.131+((-1.07+sin(v2))/v1))/v1)
2840.3813939094543,22954.11986941422,12.0,0.0,22.0,-0.8918918753745315,true,0.2642559696218887,1.0385518170187964,2.0,((0.695746116632889/v1)*((-0.869760706901689+sin(v2))/v1)),-0.6983888695842665,0.0006378367199128857,2.5459809436361676,0.0006378367199128857,34.0,0.019740983917493415,((0.696/v1)*((-0.87+sin(v2))/v1))
2536.6393370628357,16677.859749788975,13.0,0.0,30.0,-0.9223929347677615,true,0.11077459980054809,0.6506371905280511,2.0,(0.0434346237911172+(cos(v2)*(cos(v2)*(-0.311321804743307/v1)))),-0.8764136781108519,0.00026135605165239706,1.4752888874073866,0.00026135605165239706,54.0,0.010969249675094907,(0.0434+(cos(v2)*(cos(v2)*(-0.311/v1))))
3587.6544618606567,16326.743789022945,13.0,0.0,0.0,-0.8765801866492291,true,0.16790079938018979,0.9625497226061317,2.0,((-0.791260596910697+sin(v2))/(v1+(3.08398483362408+sin(v2)))),-0.566083989312733,0.0009176304753506986,2.159157557527561,0.0009176304753506986,36.0,0.018288618907036033,((-0.791+sin(v2))/(v1+(3.08+sin(v2))))
3136.727967977524,8146.601426658416,13.0,0.0,13.0,-0.8630535071458691,true,0.10099949552551912,0.6603520143224195,3.0,((0.182562322249552+((-1.22234488164977+sin(v2))/v1))/2.59841602788339),-0.8874053866172461,0.00023811116911012025,1.184318978372861,0.00023811116911012025,13.0,0.011571914785264351,((0.183+((-1.22+sin(v2))/v1))/2.6)
2579.817671060562,31508.420706389123,13.0,1.0,29.0,-0.8652034872616258,true,0.059063464142325106,1.052798527417725,2.0,((0.565113726251997*(-1.58642717131142+(v1*sin(v2))))/exp(v1)),-0.8476335984355434,0.0003222191623526799,3.16257745555489,0.0003222191623526799,45.0,0.014508239045100041,((0.565*(-1.59+(v1*sin(v2))))/exp(v1))
3387.0833609104156,27287.517664071478,13.0,0.0,6.0,-0.8994912855523624,true,0.1920770181236403,1.10397241733049,2.0,((((-2.40758040644259+exp(sin(v2)))/v1)/v1)/2.84716958163194),-0.7252150946583753,0.0005811055529120879,2.9407383621028287,0.0005811055529120879,72.0,0.01894696445310211,((((-2.41+exp(sin(v2)))/v1)/v1)/2.85)
3491.781902074814,8145.84790869837,13.0,0.0,3.0,-0.8630594994552414,true,0.10099979893053912,0.6603254492747785,3.0,(0.384854016724093*(0.182555150789765+((-1.22232842376977+sin(v2))/v1))),-0.8874048128656413,0.00023811238246004263,1.184224914337447,0.00023811238246004263,13.0,0.011571827842719453,(0.385*(0.183+((-1.22+sin(v2))/v1)))
2255.760433912277,8145.847904428052,13.0,0.0,39.0,-0.8630595001535296,true,0.1009997989322502,0.6603254490971149,3.0,(0.384854016747736*(0.182555150749126+((-1.22232842367651+sin(v2))/v1))),-0.8874048128623895,0.00023811238246691948,1.1842249138043832,0.00023811238246691948,13.0,0.011571827842226833,(0.385*(0.183+((-1.22+sin(v2))/v1)))
1922.9682610034943,31035.160372317416,13.0,6.0,49.0,-0.9019979925165091,true,0.19084943630476064,1.1870601172107191,1.0,(log((1.13265486170376*sin(v2)))*((sin(v2)/v1)/v1)),-0.7225369469807466,0.0005867692063979075,3.3725017214196082,0.0005867692063979075,609.0,0.018929882786549182,(log((1.13*sin(v2)))*((sin(v2)/v1)/v1))
1627.8095769882202,31035.160378362685,13.0,6.0,58.0,-0.9019979948803816,true,0.19084943632660117,1.1870601170154749,1.0,(log((sin(v2)/0.882881479424167))*((sin(v2)/v1)/v1)),-0.7225369469753138,0.0005867692064093966,3.372501721155218,0.0005867692064093966,609.0,0.018929882785225397,(log((sin(v2)/0.883))*((sin(v2)/v1)/v1))
1501.704174041748,27287.517627915957,13.0,0.0,62.0,-0.8994912830393514,true,0.19207701796287646,1.103972417860092,2.0,(((0.351226005615041/v1)*(-2.4075804066635+exp(sin(v2))))/v1),-0.7252150947046623,0.0005811055528142018,2.940738362088999,0.0005811055528142018,105.0,0.01894696445833242,(((0.351/v1)*(-2.41+exp(sin(v2))))/v1)
1574.5169959068298,8145.847921873607,13.0,0.0,60.0,-0.86305950007301,true,0.1009997989252579,0.660325449822923,3.0,(0.384854016651143*(0.182555150915149+((-1.22232842405752+sin(v2))/v1))),-0.8874048128756744,0.00023811238243882476,1.1842249159821188,0.00023811238243882476,13.0,0.011571827844239317,(0.385*(0.183+((-1.22+sin(v2))/v1)))
1668.5932359695435,38503.586782744846,13.0,0.0,57.0,-0.9203771517476944,true,0.23376287241592114,1.4371153740687013,2.0,(sin(v2)*(0.0743850048521472+((-1.03409236192687+sin(v2))/v1))),-0.7379399662192777,0.000554195437471284,4.0024211797198115,0.000554195437471284,49.0,0.01914045347457474,(sin(v2)*(0.0744+((-1.03+sin(v2))/v1)))
3543.935981988907,60525.10023957654,13.0,0.0,2.0,-0.8942353414750005,true,0.7477241191291288,7.120066465390337,3.0,(-0.0829934836721705+((-0.641459952795749+sin(v2))+(-0.164949312001634/v1))),16.358445777087557,0.03670903690451355,13.61185165046119,0.03670903690451355,9.0,0.15010483361723603,(-0.083+((-0.641+sin(v2))+(-0.165/v1)))
2280.2890770435333,4319.814759860199,14.0,0.0,38.0,-0.8900268859988939,true,0.06543980214167675,0.5829514637612241,3.0,((0.357394677557467+((-3.09760741929134+exp(sin(v2)))/v1))/5.11805374430939),-0.9126593601510259,0.00018470494493878363,0.843761935046762,0.00018470494493878363,37.0,0.010292527990457172,((0.357+((-3.1+exp(sin(v2)))/v1))/5.12)
3560.9497599601746,26163.142607224017,14.0,0.0,1.0,-0.882107290833713,true,0.14724299692571688,1.256588921390357,3.0,(0.0299303497278563*((-15.227523488531+(6.55915519039487*exp(sin(v2))))/v1)),-0.6867683776480136,0.0006624113317654962,3.2428922563554585,0.0006624113317654962,38.0,0.018435299363161135,(0.0299*((-15.2+(6.56*exp(sin(v2))))/v1))
2748.0085809230804,13352.026623635571,14.0,0.0,24.0,-0.9545062734649751,true,0.5872923372462079,0.7114545216936271,2.0,(((0.199306271803671+((-1.17913070882202+sin(v2))/v1))/v1)/v1),-0.662658209296721,0.0007133986765512761,1.501458609087047,0.0007133986765512761,51.0,0.017330665083338304,(((0.199+((-1.18+sin(v2))/v1))/v1)/v1)
2512.070370912552,10578.607022583848,14.0,1.0,31.0,-0.9706101187841685,true,0.3200077333809157,0.720345858328853,2.0,((0.479765095964621+((-3.18853348598504+exp(sin(v2)))/v1))/exp(v1)),-0.7960636511774117,0.0004312774917315329,1.3556922749111329,0.0004312774917315329,145.0,0.015543914263044049,((0.48+((-3.19+exp(sin(v2)))/v1))/exp(v1))
3593.0667469501495,31342.29730956304,14.0,1.0,0.0,-0.9044266313511033,true,0.16958306778176868,1.1181025143262673,3.0,((1.05567625858695*(-0.73551736131989+(sin(v2)^2.38962813225399)))/exp(v1)),-0.758690787234219,0.0005103123234979174,3.1698399597576485,0.0005103123234979174,29.0,0.017540550173031733,((1.06*(-0.736+(sin(v2)^2.39)))/exp(v1))
2347.164538860321,13243.856789464835,14.0,5.0,36.0,-0.9670799436839842,true,0.1738369487113396,0.4617194358173776,2.0,((sin(v2)/exp((v1/1.30298492664008)))+(-1.3109580570002/exp(v1))),-0.934461142879021,0.0001385992937172582,1.1752784307062925,0.0001385992937172582,38.0,0.007747914332404721,((sin(v2)/exp((v1/1.3)))+(-1.31/exp(v1)))
3564.80321598053,25401.773592204874,14.0,6.0,1.0,-0.9122183881070509,true,1.8659529398142136,1.3874072314568184,2.0,(log(sin(v2))*((-0.865140982690077+exp((v1^-368.308560866216)))/v1)),-0.33451001464902463,0.0014073550561813017,2.951860814382071,0.0014073550561813017,305.0,0.02868293010249924,(log(sin(v2))*((-0.865+exp((v1^-368.0)))/v1))
3142.0556950569153,6088.888622527552,14.0,0.0,13.0,-0.8675789394025849,true,0.06612308006188963,0.6595387314278585,3.0,(-0.927121367240912+exp(((0.433136303577618/v1)*(-1.2098421099522+sin(v2))))),-0.8843458136227791,0.0002445814475790712,1.058614208450415,0.0002445814475790712,65537.0,0.01169843439428897,(-0.927+exp(((0.433/v1)*(-1.21+sin(v2)))))
2789.424586057663,23057.060039109,14.0,2.0,23.0,-0.923531283577592,true,0.49553726833982514,1.3178424344636788,2.0,(log(sin(v2))*((exp((v1^-1.84213792126212))/9.53125694189656)/v1)),-0.520776782452442,0.0010134445793340279,2.7269473337346604,0.0010134445793340279,305.0,0.026665906363762728,(log(sin(v2))*((exp((v1^-1.84))/9.53)/v1))
2600.611587047577,33887.400085995134,14.0,0.0,29.0,-0.9149670406268027,true,0.24179296278231638,1.2953043110072804,2.0,(sin(v2)*(-0.916969358496498+exp(((-1.06591564933929+sin(v2))/v1)))),-0.7555952441065592,0.0005168586703524713,3.4747922592621334,0.0005168586703524713,8197.0,0.017895918404772292,(sin(v2)*(-0.917+exp(((-1.07+sin(v2))/v1))))
2971.017821073532,27654.95818046415,14.0,0.0,18.0,-0.9682550206062644,true,0.2833311945637612,1.0573240762510034,2.0,((0.444982454125339/v1)*((sin(v2)+(-1.35205683919017/v1))/v1)),-0.7500518822527716,0.0005285815790436608,2.632269639454097,0.0005285815790436608,46.0,0.016138763239326948,((0.445/v1)*((sin(v2)+(-1.35/v1))/v1))
3296.59081697464,3822.5599627675747,14.0,0.0,9.0,-0.8748886177380373,true,0.06936686549779171,0.6570529438492438,3.0,(0.501419412811068*(-0.849636799905177+exp(((-1.18915477522344+sin(v2))/v1)))),-0.874759190421725,0.0002648549046268027,0.9190287794554519,0.0002648549046268027,2050.0,0.01212818831230105,(0.501*(-0.85+exp(((-1.19+sin(v2))/v1))))
3504.050446987152,13352.02652264453,14.0,0.0,3.0,-0.9545062765659336,true,0.5872923382444505,0.7114545272312769,2.0,(((0.199306274077755+((-1.17913071214637+sin(v2))/v1))/v1)/v1),-0.6626582090478532,0.0007133986770775732,1.501458624979013,0.0007133986770775732,51.0,0.017330665059987833,(((0.199+((-1.18+sin(v2))/v1))/v1)/v1)
2574.1127738952637,14822.457929605096,15.0,1.0,29.0,-0.9292831468184808,true,0.22034091644173137,0.8285022033607539,2.0,((0.136383773167087+(cos(v2)*((-1.57307854272618+v2)/v1)))/exp(v1)),-0.7267477958093964,0.0005778642498692378,1.191317484437406,0.0005778642498692378,121.0,0.019744924441662242,((0.136+(cos(v2)*((-1.57+v2)/v1)))/exp(v1))
2206.3711528778076,30242.88140569463,15.0,0.0,40.0,-0.9313612169387789,true,0.28178123117181153,1.431756349374421,3.0,(0.0671561749842132*(cos(v2)*((-1.56586139091244+v2)/(-0.826863035802865+v1)))),-0.5774740793875839,0.0008935431093345927,3.304077162146457,0.0008935431093345927,42.0,0.025964520160242973,(0.0672*(cos(v2)*((-1.57+v2)/(-0.827+v1))))
1871.4481830596924,34750.89607007124,15.0,0.0,50.0,-0.9340570956609018,true,0.22168680588810732,1.546294241759715,2.0,(-0.108784069597958*(cos(v2)*(cos(v2)/(v1+(-0.778995154406587/v1))))),-0.5466225361686857,0.0009587868790319132,3.7182693229568886,0.0009587868790319132,86.0,0.02727548504040976,(-0.109*(cos(v2)*(cos(v2)/(v1+(-0.779/v1)))))
3586.395602941513,21266.56051004601,15.0,0.0,0.0,-0.8777311449405633,true,0.18938051283623727,1.063285846087075,2.0,(0.0383257661609034+(-0.114746328700705*(cos(v2)*((v1*cos(v2))/v1)))),-0.5433840278702897,0.0009656355636531086,2.896698416289638,0.0009656355636531086,79.0,0.01861919944397285,(0.0383+(-0.115*(cos(v2)*((v1*cos(v2))/v1))))
3589.658637046814,15608.238236322784,15.0,0.0,0.0,-0.9188590918219196,true,0.10993084590147967,0.5198270906209346,3.0,(0.0394648876340493+(0.241176921818682*(cos(v2)*((-1.58078596379107+v2)/v1)))),-0.8466811857152772,0.00032423329162125367,1.033771568923933,0.00032423329162125367,31.0,0.011237672292848883,(0.0395+(0.241*(cos(v2)*((-1.58+v2)/v1))))
3057.537549972534,21582.79569950627,15.0,1.0,15.0,-0.9728477183480854,true,0.07921918631006607,0.9609460573673771,2.0,((-0.320815195699187*(0.937490125696839+(v1*cos((v2+v2)))))/exp(v1)),-0.88561721233848,0.00024189273783083894,2.2536839810088334,0.00024189273783083894,141.0,0.011577049532612628,((-0.321*(0.937+(v1*cos((v2+v2)))))/exp(v1))
3276.876091003418,4319.814209983576,15.0,0.0,9.0,-0.8900269000604726,true,0.06543980794312383,0.582951439692808,3.0,((0.357394652873715+((-3.09760736265639+exp(sin(v2)))/v1))/exp(1.63277422027104)),-0.9126593593116962,0.00018470494671376877,0.8437618524163158,0.00018470494671376877,73.0,0.010292527954920042,((0.357+((-3.1+exp(sin(v2)))/v1))/exp(1.63))
3423.2475340366364,13210.948218134026,15.0,0.0,5.0,-0.9701463210227783,true,0.35272524675347894,0.5035812077490165,3.0,(((0.191186127535813+((-1.19814440470146+sin(v2))/v1))/v1)/1.44649256843024),-0.872460034420774,0.0002697170797069904,1.333499244413916,0.0002697170797069904,26.0,0.009834962846287348,(((0.191+((-1.2+sin(v2))/v1))/v1)/1.45)
3029.297175884247,13202.520969279496,15.0,0.0,16.0,-0.9701739230921683,true,0.3527433388050186,0.5034350970961156,3.0,(0.69139631896245*((0.191116862096397+((-1.19801244840372+sin(v2))/v1))/v1)),-0.8724538177701073,0.0002697302264634268,1.3329537454044789,0.0002697302264634268,26.0,0.009834040131994244,(0.691*((0.191+((-1.2+sin(v2))/v1))/v1))
3521.007125854492,13200.608659513991,15.0,0.0,2.0,-0.9701803136417515,true,0.3527449638502175,0.5034092425004821,3.0,((0.132129348273189+(0.691408709658845*((-1.1979835348486+sin(v2))/v1)))/v1),-0.8724529727814265,0.000269732013416076,1.3328299379223314,0.000269732013416076,27.0,0.009833876953601708,((0.132+(0.691*((-1.2+sin(v2))/v1)))/v1)
2414.2208619117737,5101.313040893207,15.0,0.0,34.0,-0.9001657956590894,true,0.07904367961271261,0.5810545401840217,3.0,((-0.320984271344572/v1)+(sin(v2)/((1.42520017850284+v1)/0.660514591645075))),-0.8692688988876093,0.0002764655820532588,0.8446793054560775,0.0002764655820532588,20.0,0.011871598641485194,((-0.321/v1)+(sin(v2)/((1.43+v1)/0.661)))
1925.1114180088043,12917.664641443103,15.0,0.0,49.0,-0.9088232988253544,true,0.33383556412073123,0.5631299592267404,3.0,(0.0318801965949351+(((0.692175960270778/v1)*(-1.02312786508867+sin(v2)))/v1)),-0.8649320451747897,0.00028563700932490477,1.5135294078384491,0.00028563700932490477,34.0,0.01054660424419996,(0.0319+(((0.692/v1)*(-1.02+sin(v2)))/v1))
1593.3955988883972,8145.847860030383,15.0,0.0,59.0,-0.8630594993028061,true,0.10099979822742428,0.660325445585058,3.0,(0.0702570828295693+((sin(v2)/(v1/0.384854016111638))+(-0.47041800263573/v1))),-0.8874048129272929,0.0002381123823296639,1.1842249078902718,0.0002381123823296639,17.0,0.01157182782623705,(0.0703+((sin(v2)/(v1/0.385))+(-0.47/v1)))
3607.1658170223236,25416.018650402813,15.0,0.0,0.0,-0.9145695503344957,true,0.3386662275470528,1.3432349772152221,2.0,(log(sin(v2))*((0.113805450325524+(v2/(v1/0.0254309017375069)))/v1)),-0.4663616980595938,0.001128519705689864,2.8308002578710068,0.001128519705689864,273.0,0.027939014030750567,(log(sin(v2))*((0.114+(v2/(v1/0.0254)))/v1))
3262.8827159404755,13202.521114077663,15.0,0.0,10.0,-0.9701739233584395,true,0.35274333849556183,0.5034350992645553,3.0,((0.691396317780981/v1)*(0.191116863285929+((-1.19801245066971+sin(v2))/v1))),-0.8724538178769328,0.000269730226237516,1.3329537547769608,0.000269730226237516,37.0,0.009834040147804809,((0.691/v1)*(0.191+((-1.2+sin(v2))/v1)))
3433.108958005905,8801.752364199558,15.0,0.0,5.0,-0.9637236011737493,true,0.17050598820198437,0.48736072907382166,3.0,(0.379116524367833*(-0.109973702860119+((sin(v2)+(-1.13709103295186/v1))/v1))),-0.9203246619399457,0.00016849463153473988,1.0058067674384457,0.00016849463153473988,17.0,0.00884541523349413,(0.379*(-0.11+((sin(v2)+(-1.14/v1))/v1)))
3371.8494770526886,9428.932546961485,15.0,0.0,7.0,-0.9293037913346394,true,0.1514685909919733,0.5286674288160318,3.0,((0.383949639184129/v1)*(-0.448304011596811+(sin(v2)+(-0.73170220768464/v1)))),-0.9213857027471436,0.00016625077936912507,1.0245360611709289,0.00016625077936912507,25.0,0.009477076941643013,((0.384/v1)*(-0.448+(sin(v2)+(-0.732/v1))))
3155.7860379219055,9428.783145222369,15.0,0.0,13.0,-0.9293045495436562,true,0.1514685376668346,0.52866168300138,3.0,((0.383950262295022/v1)*((-0.448306113173574+sin(v2))+(-0.73169820984616/v1))),-0.9213856396136629,0.00016625091288161226,1.0245232432039633,0.00016625091288161226,25.0,0.009477062693838486,((0.384/v1)*((-0.448+sin(v2))+(-0.732/v1)))
3538.5911059379578,9428.767171260042,15.0,0.0,2.0,-0.9293046450262331,true,0.15146853188802867,0.5286610687829294,3.0,(0.383950328608131*(((-0.448306337450038+sin(v2))+(-0.731697783483077/v1))/v1)),-0.9213856328890874,0.00016625092710251065,1.024521873905648,0.00016625092710251065,18.0,0.009477061167912953,(0.384*(((-0.448+sin(v2))+(-0.732/v1))/v1))
2162.1470148563385,8801.752418191054,15.0,0.0,42.0,-0.9637236012575169,true,0.17050598801127587,0.4873607293528142,3.0,(-0.0416928478703997+((sin(v2)+(-1.13709103392212/v1))/(v1/0.379116523946774))),-0.9203246619871115,0.00016849463143499505,1.0058067690429815,0.00016849463143499505,23.0,0.008845415238562731,(-0.0417+((sin(v2)+(-1.14/v1))/(v1/0.379)))
3506.6424288749695,13212.775790601938,15.0,0.0,3.0,-0.9701402699302496,true,0.35272087631754834,0.5036251875473499,3.0,((0.191201236093419+((-1.19817319390402+sin(v2))/v1))*(0.691311922828344/v1)),-0.8724614797503146,0.0002697140231743879,1.333617562714822,0.0002697140231743879,37.0,0.009835171389481536,((0.191+((-1.2+sin(v2))/v1))*(0.691/v1))
3187.862580060959,9429.515242734991,15.0,0.0,12.0,-0.9293018027092957,true,0.1514687918192164,0.5286585951013691,3.0,(((-0.448295811813284+sin(v2))+(-0.731717806718695/v1))*(0.383947200894078/v1)),-0.9213859499598043,0.0001662502565723953,1.0245860505482367,0.0001662502565723953,25.0,0.009477132438682239,(((-0.448+sin(v2))+(-0.732/v1))*(0.384/v1))
3415.7558829784393,11240.141497977325,16.0,1.0,5.0,-0.8916015779572346,true,0.1843670183312066,0.5603866013323673,3.0,(0.0348568104698962+(1.93948774023984*((-1.02485718405494+sin(v2))/(v1+exp(v1))))),-0.8899421286689083,0.00023274655531994927,1.616551415680836,0.00023274655531994927,33.0,0.01019333356042114,(0.0349+(1.94*((-1.02+sin(v2))/(v1+exp(v1)))))
2881.363517999649,32563.352427584407,16.0,0.0,20.0,-0.9323036104587086,true,0.20068613323096182,1.4897562724423836,3.0,(0.0382079114030047*(cos(v2)*(cos(v2)*(-2.07690053847027/(-0.830993147077552+v1))))),-0.566850262205778,0.0009160099881094474,3.523186814750618,0.0009160099881094474,70.0,0.026457245784061372,(0.0382*(cos(v2)*(cos(v2)*(-2.08/(-0.831+v1)))))
3192.927875995636,14527.005714411906,16.0,0.0,11.0,-0.9291079172591629,true,0.1578492497734308,0.38862497604293844,3.0,(0.0396161092580597+(cos(v2)*(cos(v2)*(-0.206774546413202/(-0.55465138591905+v1))))),-0.924564949198091,0.0001595274196400865,0.7689660687033002,0.0001595274196400865,70.0,0.0077992424193354115,(0.0396+(cos(v2)*(cos(v2)*(-0.207/(-0.555+v1)))))
2886.9511539936066,15920.450665064815,16.0,1.0,20.0,-0.9852566747073971,true,0.23977401050838537,0.4946302511860047,3.0,((0.307399315468444*(-5.94741609636962+(v1+(sin(v2)/0.206331140929752))))/exp(v1)),-0.9142694043005454,0.00018130007961491797,1.4207745566836387,0.00018130007961491797,37.0,0.008606239674168958,((0.307*(-5.95+(v1+(sin(v2)/0.206))))/exp(v1))
3316.883754968643,10350.72341837226,16.0,0.0,8.0,-0.9694199619706454,true,0.2796186960859268,0.41339612295595557,3.0,(((0.376890845384883+((-3.05525047130734+exp(sin(v2)))/v1))/v1)/2.87104554353227),-0.9006522623067141,0.00021009713750850915,1.0705374673983254,0.00021009713750850915,74.0,0.008385241462988028,(((0.377+((-3.06+exp(sin(v2)))/v1))/v1)/2.87)
2049.073240041733,5475.240672241474,16.0,0.0,45.0,-0.9039910703154121,true,0.07131148126118098,0.6042526032644471,4.0,(0.274756121880758*(0.252641703850881+((-1.23898796049019+(sin(v2)^2.33872066174233))/v1))),-0.9205120922310501,0.00016809826047931606,1.0100320382354855,0.00016809826047931606,15.0,0.01011708596919207,(0.275*(0.253+((-1.24+(sin(v2)^2.34))/v1)))
1817.7564659118652,3288.697467023818,16.0,0.0,52.0,-0.9241606126488104,true,0.05552919281675485,0.5651392869777636,3.0,((-0.456455582501561/v1)+(exp(sin(v2))/((0.881706831910287+v1)/0.282756479925599))),-0.9145722830453142,0.00018065956218829505,0.785992908968796,0.00018065956218829505,68.0,0.010241897236747968,((-0.456/v1)+(exp(sin(v2))/((0.882+v1)/0.283)))
3033.642221927643,35391.17846490758,16.0,0.0,16.0,-0.9242428476060892,true,0.0921644225521763,1.5542922559310193,2.0,(log(sin(v2))*((0.0403190803890638+(sin(v2)/(v1/0.542215923972985)))/v1)),-0.5726830016420973,0.0009036751137795765,3.7722330411824947,0.0009036751137795765,465.0,0.02665714326082432,(log(sin(v2))*((0.0403+(sin(v2)/(v1/0.542)))/v1))
3607.8597218990326,24432.88801142427,16.0,0.0,0.0,-0.9113198312856704,true,0.2695875276428526,1.4076829423944122,3.0,(log(sin(v2))*((0.00157319011453279*(97.9088247557692+(-6.74244232228616*v2)))/v1)),-0.4394059884734989,0.0011855247020294232,2.9952458486771985,0.0011855247020294232,177.0,0.028781214743952118,(log(sin(v2))*((0.00157*(97.9+(-6.74*v2)))/v1))
3614.576849937439,24173.315993097298,16.0,2.0,0.0,-0.8896927737078879,true,0.17450140016723092,0.930053803464719,3.0,((-0.862786301891205+sin(v2))*(-0.266513091985896+(sin((v1^0.358212882960042))/v1))),-0.7222551390961852,0.0005873651639028127,2.2410727973426323,0.0005873651639028127,91.0,0.01851822209610005,((-0.863+sin(v2))*(-0.267+(sin((v1^0.358))/v1)))
3273.0799629688263,30242.848667254977,17.0,0.0,9.0,-0.9313612251769405,true,0.28178234270837577,1.4317553339359175,3.0,(0.134312157754252*(cos(v2)*((-1.56586137911892+v2)/(v1+(-1.65372735593965+v1))))),-0.577473989850827,0.0008935432986838096,3.304074180817602,0.0008935432986838096,66.0,0.025964515850915727,(0.134*(cos(v2)*((-1.57+v2)/(v1+(-1.65+v1)))))
3303.50470995903,32563.352321906765,17.0,0.0,8.0,-0.9323036114376061,true,0.20068613269680843,1.4897562658901777,2.0,(-0.238062094480529*(cos(v2)*(cos(v2)/(v1+(-2.49297944237665+(v1+v1)))))),-0.5668502621907707,0.0009160099881411844,3.5231868051036175,0.0009160099881411844,118.0,0.026457245775696612,(-0.238*(cos(v2)*(cos(v2)/(v1+(-2.49+(v1+v1))))))
3305.543755054474,5986.654677900043,17.0,1.0,8.0,-0.9471444600055514,true,0.23898148978143513,0.9090006367522857,2.0,((0.0610875052984749+(cos(v2)*(((-1.5835747869307+v2)/v1)/v1)))/exp(v1)),-0.5885137745820641,0.0008701967462147055,1.0022006245448787,0.0008701967462147055,249.0,0.02467845376315886,((0.0611+(cos(v2)*(((-1.58+v2)/v1)/v1)))/exp(v1))
3419.963350057602,9428.760987769136,17.0,0.0,5.0,-0.9293046612488495,true,0.15146852974917047,0.5286608308709981,3.0,(0.383950354697894*((-0.448306424850862+((-0.731697616940741+(v1*sin(v2)))/v1))/v1)),-0.9213856302508255,0.00016625093268181503,1.0245213421890913,0.00016625093268181503,46.0,0.009477060580688585,(0.384*((-0.448+((-0.732+(v1*sin(v2)))/v1))/v1))
3523.506691932678,14566.713605988318,17.0,0.0,2.0,-0.977490085249656,true,0.49502853775014655,0.8088909371490915,3.0,(((0.0652850765102632+(((-1.05579407378606+sin(v2))/v1)/v1))/v1)/1.13848348243675),-0.7026692802256476,0.0006287846564840081,1.6859572772128084,0.0006287846564840081,50.0,0.01776209191599652,(((0.0653+(((-1.06+sin(v2))/v1)/v1))/v1)/1.14)
3423.589796066284,12701.82645625435,17.0,0.0,5.0,-0.9505973551186102,true,0.27321603584514964,0.48843129417202125,3.0,(0.173444065240321*(((-3.45559562260159+(sin(v2)*(2.2524864959641+v1)))/v1)/v1)),-0.9139196676491982,0.00018203969051130994,1.139299011171555,0.00018203969051130994,60.0,0.008726867089004085,(0.173*(((-3.46+(sin(v2)*(2.25+v1)))/v1)/v1))
3595.98286986351,16774.40947341985,17.0,1.0,0.0,-0.9296174274724589,true,0.1864019565523436,0.5868539472806077,2.0,(0.205984648544691*(((-2.29365120288803+(sin(v2)*(v1+sin(v2))))/v1)/v1)),-0.9269454044484225,0.0001544933157372295,1.583937767846699,0.0001544933157372295,108.0,0.00948057491889283,(0.206*(((-2.29+(sin(v2)*(v1+sin(v2))))/v1)/v1))
3596.1376209259033,20062.86502064868,17.0,1.0,0.0,-0.9152980607079266,true,0.23000536923134918,0.46158880576993044,3.0,(((-1.79966600849714+exp((0.694439955384334+(log(sin(v2))/v1))))/v1)/3.22279299987902),-0.7809517120332371,0.0004632356946067299,0.991677589541759,0.0004632356946067299,3.4359738372e10,0.013863419508805796,(((-1.8+exp((0.694+(log(sin(v2))/v1))))/v1)/3.22)
3530.1493389606476,9428.760940392947,17.0,0.0,2.0,-0.9293046616228895,true,0.15146852972397146,0.5286608290657914,3.0,(((-0.280935559212282/v1)/v1)+(0.383950354883854*((-0.44830642550958+sin(v2))/v1))),-0.9213856302322174,0.00016625093272116672,1.0245213381330147,0.00016625093272116672,19.0,0.00947706057606575,(((-0.281/v1)/v1)+(0.384*((-0.448+sin(v2))/v1)))
3290.729990005493,13243.856781498605,17.0,5.0,9.0,-0.9670799436705064,true,0.17383694869449434,0.4617194355484293,3.0,((sin(v2)/exp((v1/1.30298492658828)))+(-1.14138060626569/exp((-0.138519623301382+v1)))),-0.9344611428821554,0.00013859929371062976,1.1752784301026642,0.00013859929371062976,42.0,0.007747914330987347,((sin(v2)/exp((v1/1.3)))+(-1.14/exp((-0.139+v1))))
3036.4182500839233,11877.813538253118,17.0,1.0,16.0,-0.9745478112258127,true,0.27557606516953925,0.43763927122130836,3.0,(((-0.600110592446499/v1)/v1)+(sin(v2)/((v1^1.55143497530178)/0.549057751771896))),-0.9185292059506726,0.00017229159936337196,1.0202931751800612,0.00017229159936337196,24.0,0.007994243647926141,(((-0.6/v1)/v1)+(sin(v2)/((v1^1.55)/0.549)))
3607.4813339710236,13901.07957279796,17.0,0.0,0.0,-0.8127284678482493,true,0.08699404311147496,0.8549562724842408,3.0,((-0.326408114784786+(sin(v2)+(-1.09716971736224/v1)))*(-0.848930521701944+(v1/v1))),-0.7717050162835886,0.0004827902849126603,1.4745911314630022,0.0004827902849126603,49.0,0.016060363854370274,((-0.326+(sin(v2)+(-1.1/v1)))*(-0.849+(v1/v1)))
3474.853803873062,11028.5094527877,17.0,0.0,4.0,-0.9791929031999571,true,0.5072570194517573,0.7528653887477917,3.0,((0.228035375039311+((-1.23452686866521+sin(v2))/v1))*((0.877674228165174/v1)/v1)),-0.6934518790379647,0.0006482772956699991,1.4493736480878048,0.0006482772956699991,85.0,0.01807159476632785,((0.228+((-1.23+sin(v2))/v1))*((0.878/v1)/v1))
3613.9220900535583,30998.968374385186,17.0,0.0,0.0,-0.14146338025478772,true,0.17316028524663307,1.3887834372047876,4.0,((-0.353359686974612+((-2.00501079574086/v1)/v1))*(-0.06748782792134+(0.139843815439925/v1))),-0.28986693362452876,0.0015017646899644463,2.996605117043447,0.0015017646899644463,33.0,0.029539853585687895,((-0.353+((-2.01/v1)/v1))*(-0.0675+(0.14/v1)))
3013.034940958023,14043.01575664606,18.0,0.0,16.0,-0.9192846694613015,true,0.10579115119366184,0.39954178686817277,3.0,(0.0385080441574971+(0.0834408903684846*(cos(v2)*(cos(v2)*((-5.67819326565632+v1)/v1))))),-0.9313557749359912,0.00014516641774936723,1.0290138536933588,0.00014516641774936723,119.0,0.007400065861641328,(0.0385+(0.0834*(cos(v2)*(cos(v2)*((-5.68+v1)/v1)))))
3553.246346950531,2664.0706811500017,18.0,1.0,1.0,-0.9317416852984194,true,0.26467651690148447,1.0364276278901479,2.0,(0.0015799433474563/exp((cos(v2)*(cos(v2)/(v1+(-2.32647234419351+(v1+v1))))))),-0.004119549354217988,0.002106053311725317,1.1417018243823593,0.002106053311725317,1.661534994731145e35,0.032705782257085744,(0.00158/exp((cos(v2)*(cos(v2)/(v1+(-2.33+(v1+v1)))))))
3230.925765991211,34750.99424771853,18.0,0.0,10.0,-0.9340570461360842,true,0.22168316326597534,1.5462957949684708,3.0,(0.206614644339812*(cos(v2)*(cos(v2)*(-0.526508738357861/(v1+(-0.778992717885563/v1)))))),-0.5466227038228659,0.0009587865244826887,3.7182781639641296,0.0009587865244826887,102.0,0.02727549781241791,(0.207*(cos(v2)*(cos(v2)*(-0.527/(v1+(-0.779/v1))))))
3317.0748810768127,8039.4514450767065,18.0,0.0,8.0,-0.9678297484499377,true,0.23564089312062014,0.3702036330962885,3.0,(0.0609881803483467*(((-13.7366723494054+(exp(sin(v2))*(3.98525409515257+v1)))/v1)/v1)),-0.93209191152302,0.00014360966171907393,0.8914402154929706,0.00014360966171907393,204.0,0.007257810490955065,(0.061*(((-13.7+(exp(sin(v2))*(3.99+v1)))/v1)/v1))
2550.6448628902435,12595.714186960728,18.0,0.0,30.0,-0.986582940861447,true,0.36213219597109925,0.46784589982104935,4.0,(-0.0193891212464471+((0.209372432887943+(0.690997177808598*((-1.29675087428687+sin(v2))/v1)))/v1)),-0.8730697354708646,0.00026842770514915755,1.2086834797687283,0.00026842770514915755,28.0,0.009660694008447313,(-0.0194+((0.209+(0.691*((-1.3+sin(v2))/v1)))/v1))
3028.341073989868,12595.71465317983,18.0,0.0,16.0,-0.9865829122960411,true,0.3621321678474263,0.46784602487084287,4.0,(-0.0193890621909236+(0.690997186193102*((0.303000064517912+((-1.29675055355839+sin(v2))/v1))/v1))),-0.8730697379597093,0.00026842769988583544,1.2086837100864791,0.00026842769988583544,27.0,0.009660694186477916,(-0.0194+(0.691*((0.303+((-1.3+sin(v2))/v1))/v1)))
3590.2478160858154,23883.0946837234,18.0,1.0,0.0,-0.8894328311064693,true,0.15651968977435138,0.9594090529218751,3.0,((1.4982984114239*(1.47818424876592+(v1*((-2.33932418774986+sin(v2))/v1))))/exp(v1)),-0.7234876746703873,0.0005847586405734467,2.4162519535598412,0.0005847586405734467,101.0,0.01881199167359143,((1.5*(1.48+(v1*((-2.34+sin(v2))/v1))))/exp(v1))
3571.6471779346466,32267.84994155333,18.0,2.0,1.0,-0.6112539932489821,true,0.11386850892364864,1.353430285503647,3.0,(((-0.208852166478575/v1)/v1)+(sin(v2)/(exp((v1^-235.832947676562))/0.0590601749203061))),-0.5706379359692322,0.0009079999474784812,3.836544205465794,0.0009079999474784812,44.0,0.02314886583016185,(((-0.209/v1)/v1)+(sin(v2)/(exp((v1^-236.0))/0.0591)))
3215.795439004898,7409.277704837842,18.0,7.0,11.0,-0.9877593009364811,true,0.17161088620326867,0.4482552832078587,2.0,(((-0.434848356631802/v1)/v1)+(sin(v2)/(exp((v1^0.834195108489569))/sin(v2)))),-0.953250890537345,9.886338941605855e-5,1.0931684501702235,9.886338941605855e-5,140.0,0.00574432967629536,(((-0.435/v1)/v1)+(sin(v2)/(exp((v1^0.834))/sin(v2))))
2652.498365879059,5576.212017952876,18.0,0.0,27.0,-0.9787099182633406,true,0.14245870260732618,0.44536179663082087,3.0,(-0.0716447606822668+((exp(sin(v2))/(v1/0.18708873683005))+((-0.539901658571665/v1)/v1))),-0.9354712409391235,0.00013646317349995035,1.0374094967838277,0.00013646317349995035,57.0,0.007899534493629139,(-0.0716+((exp(sin(v2))/(v1/0.187))+((-0.54/v1)/v1)))
3539.621922969818,13641.718624554953,18.0,0.0,2.0,-0.816773935189976,true,0.7913839590552326,0.8464154744901805,4.0,(((-0.341477621195784+sin(v2))+(-1.0665266874095/v1))*(0.15706386881219+(-0.00333095298518768/v2))),-0.7612595180431841,0.0005048800609972893,1.4091567848131612,0.0005048800609972893,33.0,0.01602512187711751,(((-0.341+sin(v2))+(-1.07/v1))*(0.157+(-0.00333/v2)))
3577.910006046295,13502.847072876923,18.0,0.0,1.0,-0.9748784826692487,true,0.2310985253315369,0.44964707786699326,4.0,((sin(v2)+(-3.38330389920566/(2.17423672118776+v1)))*(-0.113032343579348+(0.627625769341255/v1))),-0.931545220993861,0.00014476578382055467,1.1215068802928432,0.00014476578382055467,33.0,0.007545158842987852,((sin(v2)+(-3.38/(2.17+v1)))*(-0.113+(0.628/v1)))
3539.9729170799255,8976.377207618818,18.0,0.0,2.0,-0.9533853524301648,true,0.215238318734415,0.4662505079784309,4.0,(0.324342053059564*(((-0.468792230872565+sin(v2))+(-0.674661537504192/v1))/(-0.298541986403424+v1))),-0.9230139548512462,0.0001628074084967023,0.8818771575826029,0.0001628074084967023,26.0,0.008646972657481981,(0.324*(((-0.469+sin(v2))+(-0.675/v1))/(-0.299+v1)))
2730.6533060073853,12921.306047548822,18.0,0.0,25.0,-0.9745725767940522,true,0.13180073924723662,0.4119214838560101,4.0,(((-0.419445068721362+sin(v2))+(-0.761733836031388/v1))*(0.495599869260913+(-0.132966774642514*v1))),-0.9534807161146632,9.837736228507486e-5,1.0462544908618188,9.837736228507486e-5,33.0,0.006671779852574524,(((-0.419+sin(v2))+(-0.762/v1))*(0.496+(-0.133*v1)))
2771.958853006363,9663.996183805211,18.0,0.0,24.0,-0.9861117321595252,true,0.23739508282460642,0.381227933729884,4.0,((-0.469230767247+(sin(v2)+(-0.655270830294918/v1)))*(-0.0905068591408557+(0.582784860726007/v1))),-0.9333712615070794,0.00014090413690529048,0.826258813947065,0.00014090413690529048,33.0,0.0070369668044376055,((-0.469+(sin(v2)+(-0.655/v1)))*(-0.0905+(0.583/v1)))
2397.247981071472,9841.578462343503,18.0,0.0,35.0,-0.9856833979916829,true,0.23676555153631307,0.38439613244430554,4.0,(((-0.46671322320607+sin(v2))+(-0.659910117781272/v1))*(-0.0896709733737851+(0.580293496999688/v1))),-0.9335165573500934,0.00014059687031404313,0.8401558507936786,0.00014059687031404313,33.0,0.007050298164396976,(((-0.467+sin(v2))+(-0.66/v1))*(-0.0897+(0.58/v1)))
2328.556571960449,12610.242626468129,18.0,0.0,37.0,-0.9866820766585519,true,0.3621616282107101,0.4677849749440971,4.0,(0.690733869341617*(-0.0284258526673924+((0.304669747693955+((-1.29845141408636+sin(v2))/v1))/v1))),-0.8730843845539873,0.00026839672577808526,1.2085125735154818,0.00026839672577808526,27.0,0.009662238946596317,(0.691*(-0.0284+((0.305+((-1.3+sin(v2))/v1))/v1)))
2914.9366059303284,14527.005840985315,19.0,0.0,19.0,-0.929107917332923,true,0.15784924213063145,0.38862501010232153,4.0,(0.0396161095166474+(0.0351912723876094*(cos(v2)*(cos(v2)*(-5.87573384342198/(-0.554651370171826+v1)))))),-0.9245649495136756,0.0001595274189726989,0.7689660909997038,0.0001595274189726989,71.0,0.007799242484963593,(0.0396+(0.0352*(cos(v2)*(cos(v2)*(-5.88/(-0.555+v1))))))
3515.214551925659,8554.154613876197,19.0,1.0,2.0,-0.8675063366822944,true,0.11912858430463102,0.6450812534097706,4.0,(0.0668046715730409+(0.42215082527385*((-1.20253687855797+sin(v2))/(v1+exp((-3.21299625542086/v1)))))),-0.8933241602596966,0.00022559435263586142,1.174120525871499,0.00022559435263586142,53.0,0.011262932949725624,(0.0668+(0.422*((-1.2+sin(v2))/(v1+exp((-3.21/v1))))))
2808.5010058879852,32563.369316105032,19.0,0.0,22.0,-0.9323036125094882,true,0.20068566194961399,1.4897573772877546,4.0,(0.0467105082360511*(cos(v2)*((0.669079466454746*cos(v2))*(-2.53908356002763/(-0.830992854568682+v1))))),-0.5668502853707414,0.0009160099391209892,3.5231883224103653,0.0009160099391209892,86.0,0.026457247791169928,(0.0467*(cos(v2)*((0.669*cos(v2))*(-2.54/(-0.831+v1)))))
1550.7740020751953,32563.35233759897,19.0,0.0,60.0,-0.9323036135359882,true,0.20068613260583526,1.4897562668807833,2.0,(-0.158708063073992*(cos(v2)*((cos(v2)*(v1/(v1+(-1.66198629466283+v1))))/v1))),-0.5668502621993522,0.0009160099881230366,3.5231868065256986,0.0009160099881230366,366.0,0.026457245777143774,(-0.159*(cos(v2)*((cos(v2)*(v1/(v1+(-1.66+v1))))/v1)))
2035.3466238975525,30242.86558609607,19.0,0.0,45.0,-0.931361219494953,true,0.28178175426797736,1.4317558531567554,3.0,(0.201468384768376*(cos(v2)*((-1.56586138035551+v2)/(v1+(-2.48059002440694+(v1+v1)))))),-0.5774740373874516,0.0008935431981550104,3.3040757029376766,0.0008935431981550104,90.0,0.025964518072351457,(0.201*(cos(v2)*((-1.57+v2)/(v1+(-2.48+(v1+v1))))))
3587.4599299430847,34962.02542278821,19.0,1.0,0.0,-0.9049447337535628,true,0.2026775439332228,1.3133359387395251,4.0,((-0.170196424588786+(sin((-219.928564940337+v2))*(-0.69341550231211+sin(v2))))/(v1^1.87397069604353)),-0.7235783023762302,0.0005845669842557626,3.861820050063094,0.0005845669842557626,127.0,0.018789107337716143,((-0.17+(sin((-220.0+v2))*(-0.693+sin(v2))))/(v1^1.87))
2919.1719300746918,12322.873181709858,19.0,1.0,19.0,-0.9547253806372491,true,0.07172337234832321,0.5078564866166924,4.0,((0.477889982143364*(-1.35497795927466+(v1*(1.67508778873828*(-0.409125583132208+sin(v2))))))/exp(v1)),-0.9395883691883314,0.00012775641399039302,1.205590592185094,0.00012775641399039302,61.0,0.008354934704017896,((0.478*(-1.35+(v1*(1.68*(-0.409+sin(v2))))))/exp(v1))
3557.323415994644,15919.4829527581,19.0,1.0,1.0,-0.9852586202605035,true,0.23977478737108765,0.494594807364502,4.0,((0.372974210664263*(-5.94755134851738+(v1+(sin(v2)/0.206324383812432))))/exp((0.193386800629901+v1))),-0.9142690673518757,0.00018130079218223581,1.4207115716978838,0.00018130079218223581,73.0,0.008606169167684901,((0.373*(-5.95+(v1+(sin(v2)/0.206))))/exp((0.193+v1)))
3525.596958875656,15544.253140865798,19.0,0.0,2.0,-0.9526690105815061,true,0.17674694809165212,0.3661273234994602,3.0,(0.524658919973366*((0.246135167599695+(exp(sin(v2))*((-1.06425670349796+sin(v2))/v1)))/v1)),-0.911269933708321,0.00018764325561569244,0.8162469061823832,0.00018764325561569244,358.0,0.007930175647328853,(0.525*((0.246+(exp(sin(v2))*((-1.06+sin(v2))/v1)))/v1))
3239.5820319652557,7549.590358772634,19.0,0.0,10.0,-0.991565545700991,true,0.2785878167125646,0.36824183774647923,3.0,(1.02921438926278*(((-0.581427118839819+((sin(v2)/v1)*(-0.509490971401374+v1)))/v1)/v1)),-0.914126943850826,0.00018160135001512174,0.8315864527184376,0.00018160135001512174,120.0,0.007943470406855379,(1.03*(((-0.581+((sin(v2)/v1)*(-0.509+v1)))/v1)/v1))
3503.2882709503174,9784.005731028472,19.0,0.0,3.0,-0.9151778994192734,true,0.17073981420932421,1.009712731907034,3.0,((-0.2644721661139/v1)+(sin(v2)/(v1/((1.4457478917534+(-1.42545786857555/v1))/v1)))),-0.7765060441437167,0.0004726372383115832,2.1933991843919025,0.0004726372383115832,80.0,0.016026225016376617,((-0.264/v1)+(sin(v2)/(v1/((1.45+(-1.43/v1))/v1))))
3602.036764860153,14229.120430547857,19.0,0.0,0.0,-0.9157231648064564,true,0.09649421945793141,0.747627684202352,3.0,(((-0.24802629902373/v1)/v1)+((sin(v2)^4.31808029770419)/(7.28485312675311/(v2/v1)))),-0.8569902971151127,0.00030243194167961187,2.3376059599960954,0.00030243194167961187,38.0,0.013529763271334344,(((-0.248/v1)/v1)+((sin(v2)^4.32)/(7.28/(v2/v1))))
3606.979374885559,10012.481203044914,19.0,0.0,0.0,-0.8728084818860647,true,0.11495207830115749,0.6175614489426848,4.0,((-0.250045510760833/v1)+(exp(((4.33934918900723/v1)*(-0.70997645140559+sin(v2))))/11.8004595505665)),-0.9056741721997019,0.0001994769772729559,1.2184047620111857,0.0001994769772729559,65540.0,0.010400376241596907,((-0.25/v1)+(exp(((4.34/v1)*(-0.71+sin(v2))))/11.8))
3607.740889072418,7659.316318861066,19.0,5.0,0.0,-0.8671476967587671,true,0.10004892822345496,0.6757778003813336,3.0,(0.0726555759137959+((exp((sin(v2)^0.548102037270184))/(v1/-0.399759040241776))+(sin(v2)/v1))),-0.8899131086453336,0.00023280792585565592,1.1582223015509292,0.00023280792585565592,107.0,0.011680818492301636,(0.0727+((exp((sin(v2)^0.548))/(v1/-0.4))+(sin(v2)/v1)))
3579.97496008873,12585.45688663395,19.0,0.0,1.0,-0.8844712953685214,true,0.08891434250180932,0.7055697071454399,5.0,(0.0669789270433938*(sin((1.74320634071794*(-0.680189353566923+v2)))+(-0.65144181907078/(-0.793547612025373+v1)))),-0.8216335358835711,0.00037720318960930384,1.2837233457852792,0.00037720318960930384,21.0,0.014166690917230525,(0.067*(sin((1.74*(-0.68+v2)))+(-0.651/(-0.794+v1))))
3615.7814729213715,23610.626269069064,19.0,0.0,0.0,-0.8874576984838549,true,0.14155413647036758,0.9156744568997615,5.0,((-0.857541977795242+sin((-0.00391760512830546+v2)))*(-0.380650419035564+(1.83501051204979/(1.0704446356503+v1)))),-0.7274841049729575,0.000576307128880101,2.2478181332970295,0.000576307128880101,46.0,0.018450267605766547,((-0.858+sin((-0.00392+v2)))*(-0.381+(1.84/(1.07+v1))))
3121.6914489269257,14043.95339853542,20.0,0.0,13.0,-0.927397160977821,true,0.14046835921008172,0.3457171413275027,3.0,(0.0386985203143328+(-0.133063281172913*(cos(v2)*((cos(v2)*((2.32948430449224+v1)/v1))/v1)))),-0.9305152985253271,0.00014694382800675132,0.7298039405863206,0.00014694382800675132,239.0,0.007206322158910995,(0.0387+(-0.133*(cos(v2)*((cos(v2)*((2.33+v1)/v1))/v1))))
2814.4566400051117,36523.20824065162,20.0,0.0,22.0,-0.9366625423250555,true,0.3054543197491438,1.6250012707304333,3.0,(0.106008088217777*(cos(v2)*((-1.57758022072924+v2)/(v1+((-1.00776093346141*sin(v2))/v1))))),-0.532541847101365,0.0009885642301410505,3.9602107756888443,0.0009885642301410505,162.0,0.027963226818814337,(0.106*(cos(v2)*((-1.58+v2)/(v1+((-1.01*sin(v2))/v1)))))
3441.302850961685,4048.4044486829,20.0,1.0,4.0,-0.9894517625735387,true,0.1264211355061226,0.38917507285788544,4.0,((-0.234497812678563+((-0.643586379530154+sin(v2))*(v1+(-0.726213060755215/v1))))/(v1^2.92658502127151)),-0.9371582873207382,0.00013289546653599696,0.7203432344666246,0.00013289546653599696,82.0,0.007450996116416198,((-0.234+((-0.644+sin(v2))*(v1+(-0.726/v1))))/(v1^2.93))
3409.166853904724,16677.85974944366,20.0,0.0,5.0,-0.9223929349078943,true,0.11077459979978707,0.6506371905228451,3.0,(0.0434346237902638+(-0.341286141069939*(cos(v2)*((cos(v2)*((0.912201719540623*v1)/v1))/v1)))),-0.8764136781109888,0.0002613560516521075,1.4752888874295946,0.0002613560516521075,239.0,0.010969249675074958,(0.0434+(-0.341*(cos(v2)*((cos(v2)*((0.912*v1)/v1))/v1))))
3121.607423067093,20260.625360239228,20.0,1.0,13.0,-0.9304407847233513,true,0.17814479698140262,0.34448367531744356,4.0,((0.167174796309565+(cos(v2)*((-1.56902307533636+v2)/v1)))/((1.74436031279528+v1)^1.06868127015021)),-0.8785112593315699,0.00025692015990089065,0.8780592880250568,0.00025692015990089065,121.0,0.008701013392841342,((0.167+(cos(v2)*((-1.57+v2)/v1)))/((1.74+v1)^1.07))
3587.8081760406494,15609.041734646884,20.0,0.0,0.0,-0.9188638524767542,true,0.10992215066288409,0.5196982356173846,4.0,(0.0394645712452133+(0.241132908669073*(cos(v2)*((-1.58088058159145+v2)/(v1+(v2/-4149.0105591235)))))),-0.8467259281930279,0.0003241386717867335,1.0335448956000677,0.0003241386717867335,67.0,0.011236390461995637,(0.0395+(0.241*(cos(v2)*((-1.58+v2)/(v1+(v2/-4150.0))))))
3589.7268919944763,20125.558523334068,20.0,1.0,0.0,-0.9278659514357555,true,0.1886717565909305,0.3585614999948036,4.0,((0.0580817475325027+(0.348654320388565*(cos(v2)*((-1.56899459532849+v2)/v1))))/(v1^0.539253416488569)),-0.8754336809456456,0.0002634285155449515,0.8963367249358762,0.0002634285155449515,94.0,0.00889441347221292,((0.0581+(0.349*(cos(v2)*((-1.57+v2)/v1))))/(v1^0.539))
2710.9890809059143,9525.86678612293,20.0,0.0,25.0,-0.9499875265360959,true,0.11029917552360699,0.6222536071124385,3.0,(0.404327835300003*((-0.389000162035764+(sin(v2)*((-0.773971597300971+(v1*sin(v2)))/v1)))/v1)),-0.9157668782215969,0.00017813327389179347,1.3556306588078508,0.00017813327389179347,174.0,0.010172399105744018,(0.404*((-0.389+(sin(v2)*((-0.774+(v1*sin(v2)))/v1)))/v1))
2609.7854809761047,10372.400386272237,20.0,0.0,28.0,-0.9448046666696506,true,0.22452049992856554,0.4802023870647457,4.0,(0.267580701062323*((1.72595786192528+(((0.851104384701185+v1)/v1)*(-2.02485359133631+sin(v2))))/v1)),-0.923208846389149,0.00016239525865626578,0.9689201438291621,0.00016239525865626578,76.0,0.008725119945225112,(0.268*((1.73+(((0.851+v1)/v1)*(-2.02+sin(v2))))/v1))
2715.9587190151215,5087.076605411877,20.0,1.0,25.0,-0.9684796360108272,true,0.04103901585274383,0.3686316510462063,4.0,((0.378238207376784*(-1.7027925308109+(v1*(1.07407657012124*(-1.50472356378393+exp(sin(v2)))))))/exp(v1)),-0.9650142901477878,7.398656138850139e-5,0.7016304863551172,7.398656138850139e-5,157.0,0.006606400836317356,((0.378*(-1.7+(v1*(1.07*(-1.5+exp(sin(v2)))))))/exp(v1))
3560.8854949474335,1807.3684006360177,20.0,1.0,1.0,-0.9494679791871227,true,0.055518806900413775,0.4423037675324625,3.0,(((1.08454644396215+(((-1.5990463706696+sin(v2))/v1)*(v1+sin(v2))))/v1)/2.22864987621204),-0.9409058925956508,0.00012497016134986646,0.5881248829918505,0.00012497016134986646,138.0,0.008444756187500112,(((1.08+(((-1.6+sin(v2))/v1)*(v1+sin(v2))))/v1)/2.23)
3247.3546810150146,4200.498729368067,20.0,1.0,10.0,-0.9750145650391713,true,0.13728853474604838,0.30415371468689656,3.0,(((-0.40033635539861/v1)/v1)+(sin(v2)/((v1^1.33653458455304)/(sin(v2)/2.74222320095784)))),-0.9617767094980991,8.083328425050069e-5,0.44973599080482307,8.083328425050069e-5,72.0,0.00610897687718647,(((-0.4/v1)/v1)+(sin(v2)/((v1^1.34)/(sin(v2)/2.74))))
3528.396432876587,15379.434042235416,20.0,0.0,2.0,-0.9105644304963981,true,0.26002608646332825,0.5915103209204672,3.0,(((-0.585728974848763/v1)/v1)+(sin(v2)/(exp((-0.918702529795534/v1))/(0.224994592052524/v1)))),-0.9071203601045822,0.00019641862943163094,1.446906679526643,0.00019641862943163094,108.0,0.009831694566600628,(((-0.586/v1)/v1)+(sin(v2)/(exp((-0.919/v1))/(0.225/v1))))
3502.0447030067444,5576.211966513111,20.0,5.0,3.0,-0.9787099182530848,true,0.14245870320555742,0.4453618026341588,3.0,(-0.0716447609161331+((exp(sin(v2))/(v1+(v1/0.230146568036228)))+((-0.539901659409596/v1)/v1))),-0.9354712408773945,0.0001364631736304925,1.0374094994604985,0.0001364631736304925,89.0,0.007899534497135567,(-0.0716+((exp(sin(v2))/(v1+(v1/0.23)))+((-0.54/v1)/v1)))
3529.491196870804,24670.89697918611,20.0,5.0,2.0,-0.5364016840156749,true,0.175201348202082,1.363783093944182,3.0,(((-0.218150759341289+(0.113784542471374/v1))/v1)+(exp(sin(v2))/(v1+(72.7224786381987/v1)))),-0.4619818979542498,0.0011377819544975127,3.3948760769752355,0.0011377819544975127,90.0,0.02517124066741381,(((-0.218+(0.114/v1))/v1)+(exp(sin(v2))/(v1+(72.7/v1))))
1888.304748058319,12595.714566975876,20.0,0.0,50.0,-0.9865829138172341,true,0.36213217312813273,0.4678459977542396,4.0,(-0.019389075790155+((0.20937224748165/v1)+(((0.690997182453082/v1)*(-1.29675062876269+sin(v2)))/v1))),-0.8730697376768091,0.00026842770048410297,1.2086836573736564,0.00026842770048410297,37.0,0.009660694170777272,(-0.0194+((0.209/v1)+(((0.691/v1)*(-1.3+sin(v2)))/v1)))
3601.6578590869904,3751.319590918675,20.0,0.0,0.0,-0.9532394134421528,true,0.0740907753184157,0.4772350507338019,3.0,(((-0.3052076414759/v1)/v1)+((sin(v2)^1.9618120122446)/(4.0742506581564/(sin(v2)/v1)))),-0.9477065144027534,0.00011058844307298658,0.7509716141322565,0.00011058844307298658,58.0,0.007864478795426112,(((-0.305/v1)/v1)+((sin(v2)^1.96)/(4.07/(sin(v2)/v1))))
2097.707144021988,5949.230503866937,20.0,0.0,44.0,-0.989734716567084,true,0.24410033949576443,0.363478310213596,4.0,(((-0.655680200594652+sin(v2))+((-0.523895838313821/v1)/v1))*(-0.0747122430717582+(0.54934928270885/v1))),-0.925402591030969,0.00015775600384913637,0.7084813639850175,0.00015775600384913637,49.0,0.007382983036053679,(((-0.656+sin(v2))+((-0.524/v1)/v1))*(-0.0747+(0.549/v1)))
3260.893291950226,8365.581991719086,20.0,0.0,10.0,-0.9808537152574431,true,0.1486368824031271,0.3797519071102666,4.0,(((-0.634282454578224+sin(v2))+((-0.620042283850324/v1)/v1))*(0.483040372191183+(-0.127497915935427*v1))),-0.9506615053319086,0.00010433933111539173,0.8369455946547553,0.00010433933111539173,49.0,0.006685100830107974,(((-0.634+sin(v2))+((-0.62/v1)/v1))*(0.483+(-0.127*v1)))
3541.7270579338074,8398.113316237283,20.0,0.0,2.0,-0.9768793014414118,true,0.30498918091787186,0.42101359138682815,3.0,(((-0.597242931288612+sin(v2))+(((-1.58663968910272+sin(v2))/v1)/v1))*(0.291455352934999/v1)),-0.9053382123560665,0.00020018745345595193,0.8117394009416856,0.00020018745345595193,85.0,0.008219432974192739,(((-0.597+sin(v2))+(((-1.59+sin(v2))/v1)/v1))*(0.291/v1))
2429.905107975006,9661.873428767663,20.0,0.0,34.0,-0.9861158742778432,true,0.23739888762987932,0.38114859135903156,4.0,(((-0.469259914975683+sin(v2))+(-0.655218508722907/v1))*(-1.0905132841583+((0.582806279268947+v1)/v1))),-0.933369915195704,0.00014090698403772367,0.8260993172657054,0.00014090698403772367,65.0,0.00703685835546587,(((-0.469+sin(v2))+(-0.655/v1))*(-1.09+((0.583+v1)/v1)))
3405.2202949523926,9661.86977428546,20.0,0.0,6.0,-0.9861158943945458,true,0.23739891485208164,0.3811485138244105,4.0,(((-0.469259963750677+sin(v2))+(-0.655218416614394/v1))*(-0.0905133173176862+(1.16561272187803/(v1+v1)))),-0.9333699106087852,0.00014090699373798003,0.8260990256648372,0.00014090699373798003,49.0,0.007036857939415655,(((-0.469+sin(v2))+(-0.655/v1))*(-0.0905+(1.17/(v1+v1))))
3468.2869729995728,10770.546218374671,20.0,1.0,4.0,-0.9866563587551596,true,0.19992495739656252,0.3760864477959466,4.0,((-0.451794641107651+(sin(v2)+(-0.690609197733125/v1)))*(-0.554706097996259+((v1^0.614877652552925)/v1))),-0.9454590777275849,0.00011534124392329201,0.8919655354560806,0.00011534124392329201,65.0,0.006538088875084298,((-0.452+(sin(v2)+(-0.691/v1)))*(-0.555+((v1^0.615)/v1)))
3404.535616874695,12921.306262920496,20.0,0.0,6.0,-0.9745725763786868,true,0.13180073858596353,0.4119214853524811,4.0,(((-1.41944506616331+sin(v2))+((-0.761733840699413+v1)/v1))*(0.495599867089298+(-0.13296677380801*v1))),-0.95348071621594,9.837736207089835e-5,1.046254507712338,9.837736207089835e-5,49.0,0.006671779866511386,(((-1.42+sin(v2))+((-0.762+v1)/v1))*(0.496+(-0.133*v1)))
1635.8237490653992,7394.517928702774,20.0,0.0,58.0,-0.982346994385765,true,0.1791812694294853,0.36504069652261234,3.0,(((-0.614049799456003+sin(v2))+(-0.440871619289478/v1))*(0.0572990252467724+((sin(v2)/v1)/v1))),-0.9357131218862766,0.00013595165209247115,1.0003536104900845,0.00013595165209247115,161.0,0.007176374532934108,(((-0.614+sin(v2))+(-0.441/v1))*(0.0573+((sin(v2)/v1)/v1)))
3609.3622019290924,17214.470970244227,20.0,0.0,0.0,-0.837889049030167,true,0.8207463899595545,0.769585668236373,4.0,(((-0.588580669287885+sin(v2))+((-1.03480245169008/v1)/v1))*(0.157018617208643+(-0.00340021981531654/v2))),-0.7875317886617665,0.00044932037759660623,1.4072279150523859,0.00044932037759660623,49.0,0.0151754533890089,(((-0.589+sin(v2))+((-1.03/v1)/v1))*(0.157+(-0.0034/v2)))
3610.7738819122314,11422.685488336603,20.0,0.0,0.0,-0.969657198071543,true,0.13810813509820283,0.33853208783590605,3.0,(((sin(v2)+(0.239522949846586/v1))/v1)*(0.144920903523006+((-1.1362638191943+sin(v2))/v1))),-0.9073594650993058,0.00019591297851172292,0.6950862436229946,0.00019591297851172292,181.0,0.007938420943086357,(((sin(v2)+(0.24/v1))/v1)*(0.145+((-1.14+sin(v2))/v1)))
3519.247062921524,15607.844199334086,21.0,1.0,2.0,-0.918863403416285,true,0.10992769226525773,0.5197469443505852,4.0,(0.0394644997133302+(0.241186250001613*(cos(v2)*((-1.58078232059457+v2)/(v1+(cos(v1)/-4149.03091631312)))))),-0.846715311557825,0.0003241611234773098,1.0335893222956725,0.0003241611234773098,91.0,0.011236516869651485,(0.0395+(0.241*(cos(v2)*((-1.58+v2)/(v1+(cos(v1)/-4150.0))))))
3514.0496468544006,20342.28916246802,21.0,0.0,2.0,-0.8896062130414364,true,0.2752813409369023,0.7493533542944234,4.0,(0.0429660597334465+(0.330150921122741*(cos(v2)*(sin(v2)*((-1.5608558986758+v2)/(-0.548899241610514+v1)))))),-0.7885914338820272,0.00044707947676966793,2.044900273529078,0.00044707947676966793,167.0,0.01302051090534685,(0.043+(0.33*(cos(v2)*(sin(v2)*((-1.56+v2)/(-0.549+v1))))))
3515.9373099803925,11932.86030030251,21.0,2.0,2.0,-0.9076159717299837,true,0.2875055128561324,0.6165843223166584,3.0,(0.0314859489457424+(0.37039477728406*(cos(v2)*(cos(v2)*((-1.79832404894105+log(v1))/(v2+v1)))))),-0.7610460545949719,0.0005053314860671841,1.3686542344777608,0.0005053314860671841,343.0,0.013723262474873682,(0.0315+(0.37*(cos(v2)*(cos(v2)*((-1.8+log(v1))/(v2+v1))))))
3483.7235629558563,13519.834319432215,21.0,1.0,3.0,-0.9124465005570616,true,0.10460531724832402,0.47019753188792995,3.0,(0.0373133644489288+(-0.211632287488755*(cos(v2)*(cos(v2)*(8.34545067494802/(v1+(v1+exp(v1)))))))),-0.92773124449643,0.00015283144855777136,1.2896353133507104,0.00015283144855777136,151.0,0.008122913249881744,(0.0373+(-0.212*(cos(v2)*(cos(v2)*(8.35/(v1+(v1+exp(v1))))))))
3233.4838309288025,14534.98459620292,21.0,0.0,10.0,-0.9290630688987679,true,0.15108650918698874,0.3906035101491061,4.0,(0.039609039465602+(0.00162780055752375*(cos(v2)*(cos(v2)*((-128.533735116842+v2)/(-0.55320148068672+v1)))))),-0.924274185911589,0.00016014231571728974,0.7538752949564398,0.00016014231571728974,167.0,0.007844604838502127,(0.0396+(0.00163*(cos(v2)*(cos(v2)*((-129.0+v2)/(-0.553+v1))))))
2775.933959007263,4732.193552792208,21.0,0.0,23.0,-0.9894625722796292,true,0.1644640367927196,0.3743880235257865,5.0,((-0.194008011859574+((-0.635456642127838+sin(v2))*(-0.722349201875975+v1)))/((0.928329130315828*v1)^2.93018647059142)),-0.9358637015252435,0.00013563321151346516,0.7123013247499945,0.00013563321151346516,69.0,0.007233952009798105,((-0.194+((-0.635+sin(v2))*(-0.722+v1)))/((0.928*v1)^2.93))
3521.560975074768,3703.2189206144644,21.0,0.0,2.0,-0.959067917034675,true,0.16881447843454245,0.3651224872651926,4.0,(0.140071872552715*((3.54735776507339+(((0.762518127042558+v1)/v1)*(-4.86656665925857+exp(sin(v2)))))/v1)),-0.9504143424588597,0.00010486202255589811,0.5652517001016126,0.00010486202255589811,244.0,0.007124759655503996,(0.14*((3.55+(((0.763+v1)/v1)*(-4.87+exp(sin(v2)))))/v1))
2509.95663189888,2231.7265325013464,21.0,0.0,31.0,-0.9470293007708983,true,0.1118845333730592,0.43670746169981917,4.0,(0.0478324537154789*((-6.44585701344599+((-5.83850073179782+(v1*(4.07441208436112*exp(sin(v2)))))/v1))/v1)),-0.946925842187609,0.00011223938149939174,0.5799918181320668,0.00011223938149939174,150.0,0.008035765180951417,(0.0478*((-6.45+((-5.84+(v1*(4.07*exp(sin(v2)))))/v1))/v1))
3314.9336879253387,11014.57651653538,21.0,0.0,8.0,-0.9646773463374175,true,0.05344049782706589,0.5688469751043927,4.0,(10.0792309659611*((-0.131798473567669+((0.0874964994561042+exp(((-4.25589075238028+sin(v2))/v1)))/v1))/v1)),-0.9500290199301774,0.00010567688922698051,1.4430179568372368,0.00010567688922698051,8202.0,0.007637483132421224,(10.1*((-0.132+((0.0875+exp(((-4.26+sin(v2))/v1)))/v1))/v1))
2373.1230850219727,10327.980885184159,21.0,0.0,35.0,-0.9697945198559205,true,0.14256966333250715,0.29527232328154784,4.0,(0.731379919415602*(((0.464246832360321+sin(v2))/v1)*(0.148431205111752+((-1.14058703536756+sin(v2))/v1)))),-0.9396308943660445,0.00012766648322481137,0.730542714376095,0.00012766648322481137,134.0,0.0066830353553799255,(0.731*(((0.464+sin(v2))/v1)*(0.148+((-1.14+sin(v2))/v1))))
3027.5465638637543,6939.819781088839,21.0,2.0,16.0,-0.9907532126457829,true,0.12205775531968688,0.2995953985225188,3.0,((1.70772511530324*(1.08968598865602+(((-1.58101115930396+sin(v2))/v1)*(v1+sin(v2)))))/exp(v1)),-0.9606053803459355,8.331037036905534e-5,0.7497123351328349,8.331037036905534e-5,277.0,0.006065741498234508,((1.71*(1.09+(((-1.58+sin(v2))/v1)*(v1+sin(v2)))))/exp(v1))
3559.4079089164734,5408.720106311983,21.0,0.0,1.0,-0.9446616088552419,true,0.04810724175795214,0.5663720942304356,4.0,(0.240459178237364*((-1.69097465000329+((exp((sin(v2)^1.2427114625131))/v1)*(-0.490068379439247+v1)))/v1)),-0.926100289396014,0.00015628053563270989,1.0545143790935578,0.00015628053563270989,396.0,0.009650510470556862,(0.24*((-1.69+((exp((sin(v2)^1.24))/v1)*(-0.49+v1)))/v1))
3590.1028459072113,10443.835594121108,21.0,0.0,0.0,-0.9514856847371514,true,0.0899785999641691,0.6425963556534764,3.0,(0.159475630569682*((-1.15609862678862+(sin(v2)*((-1.96390261836457+(v1*exp(sin(v2))))/v1)))/v1)),-0.9163879949975848,0.0001768197577541995,1.4124914436482985,0.0001768197577541995,558.0,0.010221713408570775,(0.159*((-1.16+(sin(v2)*((-1.96+(v1*exp(sin(v2))))/v1)))/v1))
3591.9744238853455,8463.645772484926,21.0,0.0,0.0,-0.8633508438003994,true,0.0979973430065571,0.6603845681148148,5.0,(-0.00812019894296275*(-8.63009382080709+((17.7105621048064+((-0.847584774658612+sin(v2))*(-48.962407844814+v2)))/v1))),-0.8863636239952225,0.0002403142524407768,1.1804151993354504,0.0002403142524407768,37.0,0.011594975393173416,(-0.00812*(-8.63+((17.7+((-0.848+sin(v2))*(-49.0+v2)))/v1)))
3596.2600560188293,33122.6524775854,21.0,0.0,0.0,-0.8894658827921689,true,0.15341619191453076,1.3765988463884273,5.0,(((-0.00824609265055556*(-0.68258860026969+(sin(v2)^2.44037966297334)))*((-237.994526194485+v2)/v1))/7.16034179694178),-0.6935464783970073,0.0006480772402383762,3.7703067598625197,0.0006480772402383762,51.0,0.018166835152164492,(((-0.00825*(-0.683+(sin(v2)^2.44)))*((-238.0+v2)/v1))/7.16)
2155.464077949524,5843.31977999845,21.0,2.0,42.0,-0.9936185939755461,true,0.24701838587643415,0.2950933567616607,3.0,(((-0.822741261112327/v1)/v1)+(exp(sin(v2))/(exp((v1^0.497494992596801))/(0.759818999403045/v1)))),-0.9329812438142746,0.00014172893274602637,0.6630733619719092,0.00014172893274602637,408.0,0.006409153315867178,(((-0.823/v1)/v1)+(exp(sin(v2))/(exp((v1^0.497))/(0.76/v1))))
2625.8377039432526,7252.927516201258,21.0,0.0,28.0,-0.9597535830008516,true,0.06430201588304472,0.36346737775292526,4.0,((-0.329220713333587/v1)+(exp((3.11048657464164*((-1.15578088459803+sin(v2))/v1)))/(v1/0.528791860417092))),-0.9642833894925137,7.553224465257589e-5,0.7546224114980278,7.553224465257589e-5,12292.0,0.006367359420509432,((-0.329/v1)+(exp((3.11*((-1.16+sin(v2))/v1)))/(v1/0.529)))
2059.094619989395,7245.145940097866,21.0,0.0,45.0,-0.9597357924101412,true,0.06426938209224857,0.36367516907284425,4.0,((-0.329214908873612/v1)+(exp(((3.11034122801124/v1)*(-1.15584663228267+sin(v2))))/(v1/0.528825110662419))),-0.9642855487371019,7.55276783572812e-5,0.7549331576588835,7.55276783572812e-5,196612.0,0.006368303498074714,((-0.329/v1)+(exp(((3.11/v1)*(-1.16+sin(v2))))/(v1/0.529)))
3216.007390022278,7549.590441453905,21.0,0.0,11.0,-0.9915655451550873,true,0.2785878163496778,0.3682418364884457,3.0,(((-0.598413156535233/v1)/v1)+(sin(v2)/(v1/((1.02921438954297+(-0.524375440236038/v1))/v1)))),-0.9141269439320215,0.00018160134984341236,0.8315864560255817,0.00018160134984341236,84.0,0.007943470399275279,(((-0.598/v1)/v1)+(sin(v2)/(v1/((1.03+(-0.524/v1))/v1))))
3428.3171820640564,3487.662369000598,21.0,0.0,5.0,-0.9769989157466169,true,0.0402386324026036,0.379126119768412,4.0,((-0.352324043038979/v1)+(exp((sin(v2)*((4.34127130381229+(-2.69444442568267/v1))/v1)))/19.8646181491437)),-0.964592565572464,7.487840984071342e-5,0.558093799440169,7.487840984071342e-5,1.37438953476e11,0.006551041347004644,((-0.352/v1)+(exp((sin(v2)*((4.34+(-2.69/v1))/v1)))/19.9))
3335.396808862686,3591.748424783563,21.0,0.0,8.0,-0.9895207547729283,true,0.20083673321722612,0.30752797190534076,5.0,((sin((1.51351153043829*(-0.530524520558526+v2)))+(-1.17678581336841/v1))*(-0.0475552034041054+(0.307254021909838/v1))),-0.9514856900029375,0.000102596374061894,0.5379708924958229,0.000102596374061894,77.0,0.005848535860648169,((sin((1.51*(-0.531+v2)))+(-1.18/v1))*(-0.0476+(0.307/v1)))
3613.8724489212036,10245.688658247042,21.0,0.0,0.0,-0.9855022471063408,true,0.1652758119107125,0.24653853098039624,4.0,(((-0.605007912630383+sin(v2))+(-0.434501542794138/v1))*(-0.192199588018695+((sin(v2)^0.240676692901245)/v1))),-0.9454737175589321,0.00011531028411755222,0.708610583379965,0.00011531028411755222,97.0,0.004658180540140279,(((-0.605+sin(v2))+(-0.435/v1))*(-0.192+((sin(v2)^0.241)/v1)))
3549.9239370822906,15608.354608209884,22.0,0.0,1.0,-0.9188591023567069,true,0.10993109787779948,0.519833063247647,4.0,(0.0394651951353664+(0.521399707743378*(cos(v2)*((-1.58078525197952+v2)/(v1+(v1+(0.16188492304764*v1))))))),-0.8466810405934064,0.0003242335985199344,1.0337699762766535,0.0003242335985199344,91.0,0.011237692491786293,(0.0395+(0.521*(cos(v2)*((-1.58+v2)/(v1+(v1+(0.162*v1)))))))
3551.417620897293,35110.431212623575,22.0,1.0,1.0,-0.919651864831291,true,0.18974090430140267,0.611131159576649,4.0,((-0.494701360219127+(sin(v2)*((5.28066109146065+v2)/(v1+(17.2575024808408/v1)))))/(v1^1.92192601123206)),-0.8728132940327061,0.0002689700185761829,1.9463239520980522,0.0002689700185761829,199.0,0.011184119616404841,((-0.495+(sin(v2)*((5.28+v2)/(v1+(17.3/v1)))))/(v1^1.92))
3551.495465040207,35466.48012716122,22.0,0.0,1.0,-0.9351055008976478,true,0.301989169149419,1.616489520947921,4.0,(0.0828668904475522*(cos(v2)*((-1.58822582698945+v2)/(v1+(exp((7.36732085538121+sin(v2)))/-4254.38752125299))))),-0.5391964952418368,0.0009744912118932085,3.9334244715753717,0.0009744912118932085,426.0,0.027592423788625243,(0.0829*(cos(v2)*((-1.59+v2)/(v1+(exp((7.37+sin(v2)))/-4250.0)))))
3199.63086104393,14500.890441867572,22.0,0.0,11.0,-0.9300226557561246,true,0.1259754167135271,0.39876167096430715,4.0,(-0.959603542070656+exp((0.00211062543848882*(cos(v2)*(cos(v2)*((-100.277048333283+v2)/(-0.631760849506088+v1))))))),-0.9316287425862954,0.0001445891552641521,0.7824641202386377,0.0001445891552641521,9.353610478917779e49,0.007700942681847524,(-0.96+exp((0.00211*(cos(v2)*(cos(v2)*((-100.0+v2)/(-0.632+v1)))))))
2644.1873939037323,9137.858834765186,22.0,0.0,27.0,-0.9721568760318815,true,0.19351380914620056,0.388872945944111,4.0,(0.194969554119456*(((4.43758608839344+log(sin(v2)))/v1)*(0.165774192009392+((-1.16084710141974+sin(v2))/v1)))),-0.9189380920407927,0.00017142690129277757,1.0338118844497681,0.00017142690129277757,422.0,0.007744100912941527,(0.195*(((4.44+log(sin(v2)))/v1)*(0.166+((-1.16+sin(v2))/v1))))
3558.5886449813843,8156.53125248118,22.0,0.0,1.0,-0.8603767861058411,true,0.10229867883260835,0.6582173991619206,5.0,(-0.0176900846389564*(-3.91536557831409+((6.85673434408997+((-0.903611082711154+sin(v2))*(-21.9899485241678+sin(v2))))/v1))),-0.8841963871587972,0.00024489744946375956,1.1845521922337192,0.00024489744946375956,57.0,0.011631816953373427,(-0.0177*(-3.92+((6.86+((-0.904+sin(v2))*(-22.0+sin(v2))))/v1)))
2856.5954189300537,10417.908356244898,22.0,0.0,21.0,-0.9684475785923774,true,0.1433094169144922,0.2783733062950238,4.0,(0.444480302150989*(((-0.112577683439783+exp(sin(v2)))/v1)*(0.143785972279411+((-1.13695132845032+sin(v2))/v1)))),-0.9435985319450803,0.00011927586138095909,0.6388885613308549,0.00011927586138095909,422.0,0.006522510578602584,(0.444*(((-0.113+exp(sin(v2)))/v1)*(0.144+((-1.14+sin(v2))/v1))))
3594.87259888649,15133.858374336529,22.0,1.0,0.0,-0.9851464908490454,true,0.24522643539980743,0.49559945544075656,5.0,((0.37301344668245*(-5.86988421610971+(v1+(sin((v2^1.00707763816268))/0.209636634727821))))/exp((0.192460693290608+v1))),-0.9147125276393212,0.0001803629778026207,1.4055774546503446,0.0001803629778026207,105.0,0.008554373015972944,((0.373*(-5.87+(v1+(sin((v2^1.01))/0.21))))/exp((0.192+v1)))
3255.0441229343414,5568.645662686239,22.0,2.0,10.0,-0.9799201893372954,true,0.1105768118636441,0.41827781019676846,4.0,(((-0.326358628868225+(-0.233317878318031/v1))/v1)+(exp(sin(v2))/(exp((v1^0.624864383591832))/0.464700321503098))),-0.9473831020481664,0.00011127238426290456,0.9680805416853016,0.00011127238426290456,154.0,0.007397182237474067,(((-0.326+(-0.233/v1))/v1)+(exp(sin(v2))/(exp((v1^0.625))/0.465)))
3603.5105879306793,7297.074831146316,22.0,1.0,0.0,-0.9818169789534807,true,0.07383023797021801,0.5895700342693617,4.0,((-0.2106631528967/v1)+(exp((5.46103343460245*((-1.5226944455114+sin(v2))/v1)))/(exp(v1)/5.37604511860019))),-0.9400528645933038,0.00012677411527643712,1.4861488141182175,0.00012677411527643712,20484.0,0.00871875346231735,((-0.211/v1)+(exp((5.46*((-1.52+sin(v2))/v1)))/(exp(v1)/5.38)))
3437.246706008911,5949.592572580778,22.0,0.0,5.0,-0.9897343652543538,true,0.244097695469343,0.3634901668490756,4.0,(((-0.655677732002246+sin(v2))+((-0.523903237857677/v1)/v1))*(-1.07470876046137+((0.549341082800146+v1)/v1))),-0.9254030069006789,0.00015775512438234975,0.7084876540295006,0.00015775512438234975,97.0,0.007382938128728289,(((-0.656+sin(v2))+((-0.524/v1)/v1))*(-1.07+((0.549+v1)/v1)))
3184.8521399497986,3748.058377639551,22.0,0.0,12.0,-0.9899833326987229,true,0.20010190789895704,0.3052186241095344,5.0,((sin((1.51084106701785*(-0.528653887396113+v2)))+(-1.17770365835522/v1))*(-0.049962006163056+sin((0.314651231257405/v1)))),-0.9520740587432917,0.00010135211233014199,0.5427371248935932,0.00010135211233014199,172.0,0.005793271181029778,((sin((1.51*(-0.529+v2)))+(-1.18/v1))*(-0.05+sin((0.315/v1))))
2665.2812049388885,14335.753722252619,22.0,0.0,27.0,-0.9787099998810181,true,0.08287558077045871,0.5088744568953214,4.0,(((-0.648552779443541+sin(v2))+(-0.411970588601602/v1))*(-0.0944896654006372+(exp((-1.07299127363315+sin(v2)))/v1))),-0.9568497863281196,9.125256987060006e-5,1.5054809667842772,9.125256987060006e-5,529.0,0.007489911255956291,(((-0.649+sin(v2))+(-0.412/v1))*(-0.0945+(exp((-1.07+sin(v2)))/v1)))
3340.479619026184,8356.943901538805,23.0,1.0,7.0,-0.9835942295494251,true,0.20505121494584877,0.39930258810133484,5.0,((-0.413215433297059+((-0.230151374364376+sin(v2))*(6.89798376964654/(v1+(14.7182433081029/v1)))))/(v1^1.86493246212326)),-0.935711958501924,0.00013595411237720445,0.8137144939078312,0.00013595411237720445,97.0,0.007135138466353106,((-0.413+((-0.23+sin(v2))*(6.9/(v1+(14.7/v1)))))/(v1^1.86))
3341.81928896904,14484.824909929077,23.0,0.0,7.0,-0.9290098104909597,true,0.16482833168050542,0.380038662443577,4.0,(0.03943885398513+(0.00249083051651094*(cos(v2)*(cos(v2)*((-81.7936339388873+log(sin(v2)))/(-0.556357040141728+v1)))))),-0.9234920485370215,0.00016179635261184274,0.7439134078505857,0.00016179635261184274,839.0,0.00781249532734225,(0.0394+(0.00249*(cos(v2)*(cos(v2)*((-81.8+log(sin(v2)))/(-0.556+v1))))))
1968.9675290584564,13156.16456318377,23.0,0.0,47.0,-0.9324800165931628,true,0.10799437936329492,0.4234516801056502,4.0,(0.0418073041555041+(0.0932053477233124*(cos(v2)*((v2+(-3.12156590156254+v2))/(v1+(-0.890168306163962*sin(v2))))))),-0.9425979732571784,0.00012139180806599026,0.8221579619446271,0.00012139180806599026,147.0,0.007683422784060348,(0.0418+(0.0932*(cos(v2)*((v2+(-3.12+v2))/(v1+(-0.89*sin(v2)))))))
3549.5553200244904,15021.301414646518,23.0,1.0,1.0,-0.9081030792413902,true,0.13286134484613088,0.614824950922286,4.0,(0.0359087285550858+(0.125103349550478*(cos(v2)*((v2+(-3.35080655457201+(v2^1.1328512357563)))/(v1+sin(v2)))))),-0.7598361250957331,0.0005078902028561058,1.1895415410155912,0.0005078902028561058,151.0,0.013306610320002023,(0.0359+(0.125*(cos(v2)*((v2+(-3.35+(v2^1.13)))/(v1+sin(v2))))))
3547.0733120441437,19879.347412850173,23.0,1.0,1.0,-0.8470719049621975,true,0.28431628514717133,1.1020318280709689,3.0,(-0.959738944559002+exp((-0.0758281512336211*(cos(v2)*(v2*((v2+(6.64094095066443*cos(v2)))/(v2+v1))))))),-0.6097506035418736,0.0008252858395568349,2.850302535924376,0.0008252858395568349,4.417117661945961e71,0.018709007493059752,(-0.96+exp((-0.0758*(cos(v2)*(v2*((v2+(6.64*cos(v2)))/(v2+v1)))))))
2075.245763063431,13156.164998178565,23.0,0.0,44.0,-0.9324800164179091,true,0.10799437987852202,0.4234517242514395,4.0,(0.0418073042323697+(0.372821395887904*(cos(v2)*((-1.56078295598049+v2)/(v1+(v1+(-1.78033656848422*sin(v2)))))))),-0.9425979730446399,0.00012139180851545935,0.8221579574517156,0.00012139180851545935,115.0,0.007683422849020254,(0.0418+(0.373*(cos(v2)*((-1.56+v2)/(v1+(v1+(-1.78*sin(v2))))))))
3520.365488052368,10544.410270903227,23.0,0.0,2.0,-0.9879976734435757,true,0.17286290563907844,0.2866584242666981,4.0,(0.416900535149263*(((-1.56970079016446+((exp((sin(v2)^1.71491256220099))/v1)*(-0.475076759213174+v1)))/v1)/v1)),-0.9467972044054627,0.00011251142020336133,0.7824696647195205,0.00011251142020336133,792.0,0.005985478101109969,(0.417*(((-1.57+((exp((sin(v2)^1.71))/v1)*(-0.475+v1)))/v1)/v1))
3521.425456047058,1807.368401370471,23.0,1.0,2.0,-0.9494679786264795,true,0.05551880689656523,0.4423037676587037,4.0,(0.022803710111787*((21.3403136245301+(19.6767171577502*(((-1.59904637074965+sin(v2))/v1)*(v1+sin(v2)))))/v1)),-0.9409058925967209,0.00012497016134760367,0.5881248831138771,0.00012497016134760367,140.0,0.008444756187663823,(0.0228*((21.3+(19.7*(((-1.6+sin(v2))/v1)*(v1+sin(v2)))))/v1))
3133.9531190395355,10372.400386675972,23.0,0.0,13.0,-0.9448046664308529,true,0.22452049992195267,0.48020238707535035,5.0,(0.488954339065102*((0.944531989697245+((-0.452749102127832+((0.465767638648819+v1)/v1))*(-2.02485359147256+sin(v2))))/v1)),-0.9232088463900089,0.00016239525865444735,0.9689201438782814,0.00016239525865444735,86.0,0.00872511994532009,(0.489*((0.945+((-0.453+((0.466+v1)/v1))*(-2.02+sin(v2))))/v1))
3559.2729408740997,9754.194547825253,23.0,0.0,1.0,-0.9649460951272566,true,0.23396012123869642,0.4489159847469444,5.0,(-0.0196873244082762+(0.267776096488786*((2.32697275034827+(((0.847705407384466+v1)/v1)*(-2.3333617310991+sin(v2))))/v1))),-0.9241348786120218,0.00016043691794530884,0.8781168203982459,0.00016043691794530884,77.0,0.008205547782073554,(-0.0197+(0.268*((2.33+(((0.848+v1)/v1)*(-2.33+sin(v2))))/v1)))
1922.8319010734558,7860.405517963539,23.0,1.0,49.0,-0.9936894254695636,true,0.1789820068039668,0.3187781250781103,4.0,(((0.255764992065817+sin((3.05900677858206+(1.73735428698803/v1))))/v1)+(exp(sin(v2))/(exp(v1)/0.746341907546456))),-0.9452482474527295,0.00011578710044982906,0.7662711788227691,0.00011578710044982906,116.0,0.006522492498723473,(((0.256+sin((3.06+(1.74/v1))))/v1)+(exp(sin(v2))/(exp(v1)/0.746)))
3250.4062390327454,4226.699728780284,23.0,2.0,10.0,-0.9786196983359964,true,0.1339432134072203,0.29071526675836623,3.0,(((-0.394595319437395/v1)/v1)+(sin(v2)/(exp((v1^0.279075280872845))/((-0.0326813937296173+sin(v2))/v1)))),-0.9637669747484382,7.662434057762278e-5,0.4597727064997638,7.662434057762278e-5,364.0,0.0059135795978737735,(((-0.395/v1)/v1)+(sin(v2)/(exp((v1^0.279))/((-0.0327+sin(v2))/v1))))
3039.85896897316,10949.88795646565,23.0,0.0,16.0,-0.9826229708581338,true,0.2760659903489997,0.41560072181793517,4.0,(((-0.5985605294885/v1)/v1)+(sin(v2)/(-1.82048828358299/(sin((3.34412369597892+(1.10242289170898/v1)))/v1)))),-0.9187748439856145,0.0001717721325974165,0.9799577143908871,0.0001717721325974165,144.0,0.007756416217262336,(((-0.599/v1)/v1)+(sin(v2)/(-1.82/(sin((3.34+(1.1/v1)))/v1))))
3598.1576499938965,12862.719801219011,23.0,0.0,0.0,-0.9823036135743889,true,0.12537534571053946,0.38281625974869316,5.0,((-0.417210786584527+(sin(v2)+(-0.758180217484992/v1)))*(-0.328201640884863+((1.56264856903858+(-0.895870217411701/v1))/v1))),-0.9574598168850792,8.99624984831103e-5,1.0564713880983454,8.99624984831103e-5,81.0,0.006279249523312238,((-0.417+(sin(v2)+(-0.758/v1)))*(-0.328+((1.56+(-0.896/v1))/v1)))
3600.061371088028,3540.0331355643907,23.0,0.0,0.0,-0.9504537805458066,true,0.07543040865277134,0.4533823091455819,3.0,(((-0.294311666046544/v1)/v1)+(sin(v2)/(exp((v2^-0.0618919613846307))/((-0.380831735525259+sin(v2))/v1)))),-0.951779972654483,0.00010197403535400105,0.6782630732290885,0.00010197403535400105,364.0,0.007783759605641249,(((-0.294/v1)/v1)+(sin(v2)/(exp((v2^-0.0619))/((-0.381+sin(v2))/v1))))
2529.449074983597,5745.537210887346,23.0,0.0,31.0,-0.9901638878596675,true,0.15524175324690634,0.32816605427827117,5.0,((sin((2.00272065761079*(-0.782920357618712+v2)))+((-1.35883000726694/v1)/v1))*(-0.0268422346012789+(0.2036775348477/v1))),-0.9602070539261927,8.415273721630413e-5,0.8423033906042507,8.415273721630413e-5,93.0,0.005789295809195461,((sin((2.0*(-0.783+v2)))+((-1.36/v1)/v1))*(-0.0268+(0.204/v1)))
3610.116672039032,12872.470253219723,23.0,0.0,0.0,-0.9822875475590428,true,0.12536947605252965,0.382922915062485,5.0,(((-0.417066083343792+sin(v2))+(-0.758447448315752/v1))*(-0.328034446104886+((1.56199565213152+(-0.895391791538801/v1))/v1))),-0.9574636867361089,8.995431465685706e-5,1.057306581432228,8.995431465685706e-5,81.0,0.006279594860284789,(((-0.417+sin(v2))+(-0.758/v1))*(-0.328+((1.56+(-0.895/v1))/v1)))
3554.5784740448,14526.689101855767,24.0,0.0,1.0,-0.9291059934059521,true,0.15782612257373507,0.38847872161294644,5.0,(0.0396154305433571+(0.00357627964329872*(cos(v2)*(cos(v2)*((-57.8362144175941+(v1/150.93914138844))/(-0.554539150185546+v1)))))),-0.9245733493533658,0.0001595096552841098,0.7688192618404871,0.0001595096552841098,215.0,0.007798479152979636,(0.0396+(0.00358*(cos(v2)*(cos(v2)*((-57.8+(v1/151.0))/(-0.555+v1))))))
2704.4007029533386,13446.79743677079,24.0,1.0,25.0,-0.9331755660485511,true,0.10899327812904264,0.43729610751918113,5.0,(0.0424670747240894+(0.191612655919654*(cos(v2)*((-1.57481499581121+v2)/(sin((-3.16426914487373+v2))+(0.0884269830582064+v1)))))),-0.940791525684088,0.00012521202051347656,0.842436327987354,0.00012521202051347656,139.0,0.007871227519766943,(0.0425+(0.192*(cos(v2)*((-1.57+v2)/(sin((-3.16+v2))+(0.0884+v1))))))
3448.7215938568115,5596.080399287,24.0,0.0,4.0,-0.9894022632485181,true,0.16172872423455814,0.3743037944746846,6.0,((-0.194140472864357+((-0.635154577614249+sin((-0.00526639764098746+v2)))*(-0.722827265611067+v1)))/((0.928812756252382*v1)^2.92844785692689)),-0.9356164353176109,0.00013615612148235238,0.7155834545371244,0.00013615612148235238,117.0,0.007227845748460849,((-0.194+((-0.635+sin((-0.00527+v2)))*(-0.723+v1)))/((0.929*v1)^2.93))
3550.068274974823,7094.94512469997,24.0,0.0,1.0,-0.9073645381798718,true,0.17968134737114502,0.4988418103003359,4.0,((0.0615785450442427+((-1.0754865099657+sin(v2))*((0.332097295571554+sin(v2))/(v1+v1))))/(sin(v2)^0.389538537363235)),-0.9281661728743513,0.00015191167716343317,0.9137977461463137,0.00015191167716343317,536.0,0.008952638792283597,((0.0616+((-1.08+sin(v2))*((0.332+sin(v2))/(v1+v1))))/(sin(v2)^0.39))
3517.5286169052124,13868.702453104559,24.0,0.0,2.0,-0.9256924921195868,true,0.10575603638299765,0.34890843957622186,5.0,(0.0384722511083863+(0.19288994215038*(cos(v2)*(cos(v2)*(-0.720283237136027/(v1+(-1.45246525132678+(0.810369718652803/v1)))))))),-0.9344574561191162,0.00013860709034877356,0.8025075427197862,0.00013860709034877356,119.0,0.006969776146052642,(0.0385+(0.193*(cos(v2)*(cos(v2)*(-0.72/(v1+(-1.45+(0.81/v1))))))))
3581.529870033264,6387.258851403553,24.0,1.0,0.0,-0.9619779737740783,true,0.1805248072018622,0.38449934812242,5.0,((-1.55280350186703+((-0.276136149856432+sin((0.0025248881079999+v2)))*(v1+sin(v2))))/((1.97633111858755*v1)^2.01590411286995)),-0.9434030129295045,0.00011968933818933665,0.7401654348973312,0.00011968933818933665,225.0,0.00736058699003471,((-1.55+((-0.276+sin((0.00252+v2)))*(v1+sin(v2))))/((1.98*v1)^2.02))
3581.763911008835,31521.502235397544,24.0,2.0,0.0,-0.1210280258301321,true,0.18137433828084465,1.3921062807270785,5.0,((-0.334940811301022+(0.92853041371154*((15.6282339204602+v2)/(v1+((90.9693378438779+v1)/v1)))))/(v1^2.18913517402918)),-0.28665022567793064,0.0015085672719605011,3.027769345561678,0.0015085672719605011,91.0,0.029547242341282177,((-0.335+(0.929*((15.6+v2)/(v1+((91.0+v1)/v1)))))/(v1^2.19))
2955.2113358974457,5717.350448502511,24.0,0.0,18.0,-0.9656025264178216,true,0.09196284909745439,0.33848138743107037,5.0,(0.62775002022445*((0.423479120711812+((0.453993248255462+((0.229379240967209+sin(v2))/v1))*(-1.26834825812758+sin(v2))))/v1)),-0.9588234130770045,8.707881272143268e-5,0.547838849006179,8.707881272143268e-5,126.0,0.006640790864975125,(0.628*((0.423+((0.454+((0.229+sin(v2))/v1))*(-1.27+sin(v2))))/v1))
3452.171642065048,5248.211992911856,24.0,0.0,4.0,-0.9298766366429116,true,0.04492362307223732,0.6161466741973781,5.0,(0.026953477979255+(0.213819105078265*((-2.09574677939247+((exp((sin(v2)^1.36489924377625))/v1)*(-0.359157837099283+v1)))/v1))),-0.9314389941804623,0.00014499042858791337,0.9260041585415553,0.00014499042858791337,397.0,0.009631191424244056,(0.027+(0.214*((-2.1+((exp((sin(v2)^1.36))/v1)*(-0.359+v1)))/v1)))
3096.317220926285,7548.328481181094,24.0,1.0,14.0,-0.9918924718884978,true,0.12727745122709458,0.30219715951030646,4.0,((1.94628990668653*(1.57052568610635+(((-2.09924141066642+sin(v2))/v1)*(v1+(sin(v2)/1.94773539796846)))))/exp(v1)),-0.9632661928799006,7.76833766416419e-5,0.7541235208387701,7.76833766416419e-5,321.0,0.0058511193348806,((1.95*(1.57+(((-2.1+sin(v2))/v1)*(v1+(sin(v2)/1.95)))))/exp(v1))
2378.241082906723,9358.58257613295,24.0,0.0,35.0,-0.9698750384717035,true,0.19379467882287216,0.3292584551731287,4.0,(0.331328683128644*((1.77364332843524+(((1.23299068770786+(v1*exp(sin(v2))))/v1)*(-1.45036957411911+sin(v2))))/v1)),-0.9473757308379396,0.00011128797264171025,0.7727490439734613,0.00011128797264171025,696.0,0.006453389864846401,(0.331*((1.77+(((1.23+(v1*exp(sin(v2))))/v1)*(-1.45+sin(v2))))/v1))
3093.8389699459076,5121.916905997076,24.0,0.0,14.0,-0.9651872846765068,true,0.12126162224874992,0.37477960770202523,5.0,(0.123406699657711*((4.17577795231271+(((-5.25287063000059+exp((sin(v2)^1.49088754012035)))/v1)*(0.72112948239749+v1)))/v1)),-0.9594878761806828,8.567362927886849e-5,0.6158226194927886,8.567362927886849e-5,408.0,0.0066523134312595706,(0.123*((4.18+(((-5.25+exp((sin(v2)^1.49)))/v1)*(0.721+v1)))/v1))
3591.5331308841705,11378.859034827005,24.0,0.0,0.0,-0.9061968006563889,true,0.7138958280768039,0.9859381395207213,5.0,(0.232500906194036*(((0.11450092157199+log(sin(v2)))/v1)*(-0.862112040936984+((4.32596500784092+(-2.07867617694726/v1))/v1)))),-0.5780936392996848,0.0008922328855985545,1.63332971694332,0.0008922328855985545,352.0,0.021924531094652262,(0.233*(((0.115+log(sin(v2)))/v1)*(-0.862+((4.33+(-2.08/v1))/v1))))
3570.8616189956665,9037.366858842292,24.0,0.0,1.0,-0.9615951346557744,true,0.07213034976124587,0.3258105181850515,4.0,((-0.351210134520155/v1)+(exp((((2.49580645846559+sin(v2))/v1)*(-1.12334057424056+sin(v2))))/(v1/0.547346362222096))),-0.9648081174241767,7.442256828779042e-5,0.695333463546307,7.442256828779042e-5,2.161727821137838e17,0.006055710229201988,((-0.351/v1)+(exp((((2.5+sin(v2))/v1)*(-1.12+sin(v2))))/(v1/0.547)))
3390.712849855423,5610.9522249364345,24.0,0.0,6.0,-0.9891204737258197,true,0.13109753449808517,0.22464371867354221,6.0,((0.611812473689552+(sin((2.12446755495018*(-0.826884021452641+v2)))+(-1.83954606202985/v1)))*(-0.0301304324224782+(0.202105110118276/v1))),-0.970319749338464,6.276676096817828e-5,0.49237824426475113,6.276676096817828e-5,81.0,0.0048323146105994615,((0.612+(sin((2.12*(-0.827+v2)))+(-1.84/v1)))*(-0.0301+(0.202/v1)))
3190.561120033264,6641.649235878184,24.0,0.0,12.0,-0.988974167650022,true,0.13277379579843945,0.28873211054384457,6.0,((sin((1.44820922901227*(-0.484758774883584+v2)))+(-1.23583295719286/v1))*(-0.463622031009922+(4.23083062861719/(5.17192666526145+v1)))),-0.9686177418789652,6.636610709886502e-5,0.5765184071781734,6.636610709886502e-5,96.0,0.005120484078725322,((sin((1.45*(-0.485+v2)))+(-1.24/v1))*(-0.464+(4.23/(5.17+v1))))
2498.929300069809,5761.971684790326,24.0,0.0,32.0,-0.9902996387436154,true,0.15511722285532484,0.327543821408099,5.0,((sin((2.00199551552482*(-0.782593301371286+v2)))+((-1.35869695703327/v1)/v1))*(-0.0275933142124021+sin((0.205862020743363/v1)))),-0.9605109982100557,8.350996642469468e-5,0.8385522044492143,8.350996642469468e-5,208.0,0.005753322116748825,((sin((2.0*(-0.783+v2)))+((-1.36/v1)/v1))*(-0.0276+sin((0.206/v1))))
3297.379404067993,4346.489775330733,24.0,0.0,9.0,-0.9904832196388392,true,0.19148309478502845,0.29621917153882804,6.0,((sin((1.65723525388398*(-0.619948076419428+v2)))+(-0.882665455611597/(-0.290300006098979+v1)))*(-0.0387913802792515+(0.265232557148531/v1))),-0.9543194890775335,9.660355441979018e-5,0.5346490687010114,9.660355441979018e-5,81.0,0.005749239676534158,((sin((1.66*(-0.62+v2)))+(-0.883/(-0.29+v1)))*(-0.0388+(0.265/v1)))
3543.8399510383606,9590.03177223673,24.0,0.0,2.0,-0.9860552861773988,true,0.23275641119705992,0.38195050776991973,5.0,(((-0.469498640476023+sin(v2))+(-0.654735954504561/v1))*(-0.0902919925293642+((0.586976518063167+sin((-0.00295734237995111*v2)))/v1))),-0.9331979375932313,0.0001412706762851168,0.8257088438740333,0.0001412706762851168,161.0,0.007053546106776079,(((-0.469+sin(v2))+(-0.655/v1))*(-0.0903+((0.587+sin((-0.00296*v2)))/v1)))
2263.410852909088,5597.499415181726,24.0,0.0,39.0,-0.9891901288407173,true,0.12809302796182145,0.22376115639846011,6.0,((0.618281740205218+(sin((2.1280172738798*(-0.830520418256929+v2)))+(-1.84873319729915/v1)))*(-0.0298060341595317+(0.200206641972585/v1))),-0.9705068120168442,6.237116732734784e-5,0.4902152508342187,6.237116732734784e-5,81.0,0.004861405331176067,((0.618+(sin((2.13*(-0.831+v2)))+(-1.85/v1)))*(-0.0298+(0.2/v1)))
3157.573014974594,5546.83932386426,25.0,1.0,12.0,-0.9870583760578349,true,0.17221105085329597,0.3945181763456108,5.0,((-0.269925713442373+((-0.540608402680484+sin(v2))*(7.67464458221826/(v1+((19.4080923910499/v1)/v1)))))/(v1^2.37477019453538)),-0.9409377714907193,0.00012490274497223847,0.8227427730974295,0.00012490274497223847,157.0,0.007096753467857633,((-0.27+((-0.541+sin(v2))*(7.67/(v1+((19.4/v1)/v1)))))/(v1^2.37))
3546.2149789333344,14438.471354375564,25.0,0.0,1.0,-0.9294786176510069,true,0.17486596471794347,0.3923926810703936,4.0,(-0.959951576074905+exp((-0.130841372623419*(cos(v2)*(cos(v2)*((v2+(1.21270576957435*cos(v2)))/(-0.634579707715224+v1))))))),-0.9277881397897583,0.00015271112837189152,0.8029204646241562,0.00015271112837189152,5.871356456934583e107,0.007859169173289141,(-0.96+exp((-0.131*(cos(v2)*(cos(v2)*((v2+(1.21*cos(v2)))/(-0.635+v1)))))))
3443.0316529273987,12537.600447194964,25.0,0.0,4.0,-0.9323372528404609,true,0.10574595830130312,0.3688924010202134,5.0,(0.0396374688473307+(0.166882846332285*(cos(v2)*((-1.55908827248784+v2)/(v1+(exp((7.24526959717215+sin(v2)))/-4218.76370850449)))))),-0.9429436518440583,0.00012066077902307767,0.7485122951532142,0.00012066077902307767,427.0,0.007460432056037694,(0.0396+(0.167*(cos(v2)*((-1.56+v2)/(v1+(exp((7.25+sin(v2)))/-4220.0))))))
3582.9884769916534,11349.313867073584,25.0,0.0,0.0,-0.9164338214092467,true,0.2515974279586697,0.5186207170935837,5.0,((17.2969995865586+((-1.20010536489084+sin(v2))*((187.508467176473+v2)/(v1+v1))))/((10923.7519009836*v1)^0.551328335753583)),-0.9093653043548459,0.00019167109947475659,1.2476788064774682,0.00019167109947475659,269.0,0.009288868580685262,((17.3+((-1.2+sin(v2))*((188.0+v2)/(v1+v1))))/((10900.0*v1)^0.551))
3381.280077934265,11721.896132768246,25.0,0.0,6.0,-0.9958873835661382,true,0.13201754964163262,0.37053597329223814,5.0,(((0.420124979633175+((-0.554415515619156+((3.51533488831907+(-3.446999205307/v1))*(-0.957833724147062+sin(v2))))/v1))/v1)/v1),-0.9554212631728805,9.42735609142706e-5,1.0282250154631778,9.42735609142706e-5,187.0,0.006400187451824983,(((0.42+((-0.554+((3.52+(-3.45/v1))*(-0.958+sin(v2))))/v1))/v1)/v1)
2820.703122854233,4701.785060096508,25.0,0.0,22.0,-0.9504005103642605,true,0.12393737849899261,0.42171337854560187,4.0,(0.00845617701949116*((-35.0231309897282+(((-1.52466433543564+(v1*exp(sin(v2))))/v1)*(22.0707846034526+(v2/v1))))/v1)),-0.9474260830139768,0.00011118148961252043,0.6091854287859646,0.00011118148961252043,834.0,0.007969593257152812,(0.00846*((-35.0+(((-1.52+(v1*exp(sin(v2))))/v1)*(22.1+(v2/v1))))/v1))
3022.578551054001,3256.1300549211765,25.0,0.0,16.0,-0.9884869999344023,true,0.09903175662599706,0.31062223436693615,4.0,(0.466799246442796*((-0.284316695389228+(((-0.925787746374455+(v1*sin(v2)))/v1)*(0.413647142399266+(sin(v2)/v1))))/v1)),-0.9593727882840404,8.591701315662821e-5,0.6314316052039195,8.591701315662821e-5,426.0,0.006078952138353261,(0.467*((-0.284+(((-0.926+(v1*sin(v2)))/v1)*(0.414+(sin(v2)/v1))))/v1))
3500.7467539310455,8721.178232133248,25.0,0.0,3.0,-0.96325924314517,true,0.07241598345243658,0.40578510395199835,4.0,((-0.269747337612473/v1)+(exp((((3.4056281520518+(v2/v1))/v1)*(-1.09733533740771+sin(v2))))/(v1/0.444940137334214))),-0.9562371379535541,9.254817732763972e-5,0.9716599856456669,9.254817732763972e-5,2.2136092888451462e20,0.007038293869132084,((-0.27/v1)+(exp((((3.41+(v2/v1))/v1)*(-1.1+sin(v2))))/(v1/0.445)))
3074.9015638828278,2248.5483295323916,25.0,2.0,15.0,-0.9913553227455761,true,0.1256141704163488,0.29682795461438694,4.0,(((-0.0406506918465862+(-0.358165924618434/v1))/v1)+(exp(sin(v2))/(exp((v1^0.744602082501772))/(sin(v2)/3.12567767635839)))),-0.9680801791480045,6.750292605044289e-5,0.7149770152507638,6.750292605044289e-5,666.0,0.005349229802872987,(((-0.0407+(-0.358/v1))/v1)+(exp(sin(v2))/(exp((v1^0.745))/(sin(v2)/3.13))))
3571.0621099472046,12367.468573379436,25.0,0.0,1.0,-0.9792719234632405,true,0.16545798672935272,0.32174552261899464,4.0,((-0.584242988931174+(sin(v2)+(-0.456615717691062/v1)))*(0.0291522936043473+((0.18242262352373+((sin(v2)/v1)/v1))/v1))),-0.9309331852541177,0.00014606009569879738,0.7649080873018065,0.00014606009569879738,337.0,0.007135574772283292,((-0.584+(sin(v2)+(-0.457/v1)))*(0.0292+((0.182+((sin(v2)/v1)/v1))/v1)))
3187.8142449855804,6162.10854584198,25.0,1.0,12.0,-0.9908253814051907,true,0.13691973864555443,0.32226002879260035,5.0,((sin((2.15682879064297*(-0.839548925981617+v2)))+((-3.74163774825184/exp(v1))/v1))*(-0.0244118775310365+sin((0.188479974719532/v1)))),-0.9623867171742712,7.954326125050405e-5,0.9151656689116966,7.954326125050405e-5,244.0,0.0056598330286737495,((sin((2.16*(-0.84+v2)))+((-3.74/exp(v1))/v1))*(-0.0244+sin((0.188/v1))))
3473.0739600658417,5615.708999239311,25.0,0.0,4.0,-0.9893391925913307,true,0.13103057644961882,0.22266995942997392,6.0,((sin((2.1221163384749*(-0.826028682621431+v2)))+(0.610379205943307+(-1.83803546975836/v1)))*(-0.0308369715195169+sin((0.204263317509954/v1)))),-0.9705831741298754,6.220967938877519e-5,0.4878617677345835,6.220967938877519e-5,181.0,0.004793166651701186,((sin((2.12*(-0.826+v2)))+(0.61+(-1.84/v1)))*(-0.0308+sin((0.204/v1))))
3573.798413991928,12718.116819547336,25.0,0.0,1.0,-0.9923315671858981,true,0.30381930820032743,0.7867858341135613,4.0,(((sin((0.3220276314452*(v2+(1.6063231795321+v2))))/v1)/v1)*(0.250725981817024+((-1.28114376528754+sin(v2))/v1))),-0.7586362445206618,0.0005104276685299876,1.4469256976433724,0.0005104276685299876,3109.0,0.017009784540660107,(((sin((0.322*(v2+(1.61+v2))))/v1)/v1)*(0.251+((-1.28+sin(v2))/v1)))
3415.6075410842896,9129.782092017087,26.0,0.0,5.0,-0.94038451034239,true,0.11623764657213484,0.34904446862238636,5.0,((0.103006355442945+((-1.09382745824994+sin(v2))*((0.889973510605268+sin(v2))/(v1+v1))))/((1.1128790842883*v1)^0.501465975831271)),-0.9474623077402067,0.0001111048828224249,0.7049808671708029,0.0001111048828224249,429.0,0.006796366298211477,((0.103+((-1.09+sin(v2))*((0.89+sin(v2))/(v1+v1))))/((1.11*v1)^0.501))
3270.4823899269104,13650.649989289774,26.0,1.0,9.0,-0.9220472277253029,true,0.11035090797500052,0.3741151796902512,4.0,(0.0381471646781598+(0.00188991410483864*(cos(v2)*((v2+(cos(v2)*(-382.403929116634/(v1+sin((0.910022404951208/v1))))))/v1)))),-0.9331439268920027,0.00014138489623603313,0.9327002502515157,0.00014138489623603313,383.0,0.006995448896024107,(0.0381+(0.00189*(cos(v2)*((v2+(cos(v2)*(-382.0/(v1+sin((0.91/v1))))))/v1))))
3195.66211104393,13518.481292074513,26.0,1.0,11.0,-0.9124445397201723,true,0.10460810110832217,0.4700833973436578,3.0,(0.037316228119087+(0.00355923582143856*(cos(v2)*(cos(v2)*((-496.36137726429+sin((v2+v2)))/(v1+(v1+exp(v1)))))))),-0.9277648110267953,0.00015276046322776192,1.2879155347996443,0.00015276046322776192,2199.0,0.008113931113358633,(0.0373+(0.00356*(cos(v2)*(cos(v2)*((-496.0+sin((v2+v2)))/(v1+(v1+exp(v1))))))))
3052.29083108902,8356.591789147222,26.0,0.0,15.0,-0.9835955107033633,true,0.20504467622061456,0.39936220172756554,6.0,((-0.013302384845108+(0.22198583698278*((-0.230068199074332+sin(v2))/(v1+(14.7144478894661/v1)))))/((0.158407666198678*v1)^1.86482799235041)),-0.9357124838332602,0.00013595300142478059,0.8137160333397327,0.00013595300142478059,113.0,0.007135095115219608,((-0.0133+(0.222*((-0.23+sin(v2))/(v1+(14.7/v1)))))/((0.158*v1)^1.86))
3554.43404006958,13175.64800326794,26.0,0.0,1.0,-0.9324978445319508,true,0.10802108586914916,0.42354665895823623,5.0,(0.0418106763567746+(0.0928889626601779*(cos(v2)*((v2+(-3.12630751182902+(v2^1.00510819906226)))/(v1+(-0.890107156385544*sin(v2))))))),-0.9426126904359785,0.00012136068468854965,0.8225778032384164,0.00012136068468854965,175.0,0.007682561747284628,(0.0418+(0.0929*(cos(v2)*((v2+(-3.13+(v2^1.01)))/(v1+(-0.89*sin(v2)))))))
3342.9708449840546,14546.97637299096,26.0,0.0,7.0,-0.9293563671667741,true,0.18538146117153637,0.3912473673545159,5.0,(0.0398688292584905+(0.235934099515454*(cos(v2)*(cos(v2)*(-0.881017305635034/(v1+(-1.58787129544586+((0.0269651850128649+v2)/v2)))))))),-0.9246293159163832,0.00015939129914476367,0.7981655013673544,0.00015939129914476367,183.0,0.007734471101230395,(0.0399+(0.236*(cos(v2)*(cos(v2)*(-0.881/(v1+(-1.59+((0.027+v2)/v2))))))))
3443.5040259361267,8356.758376202546,26.0,0.0,4.0,-0.9835949364774749,true,0.2050477062156703,0.3993098095939635,6.0,((-0.0515408447477396+((-0.230106257742328+sin(v2))*(0.86023273095058/(v1+(14.7161882880698/v1)))))/((0.327511311565883*v1)^1.86487591822188)),-0.9357122401257926,0.00013595351680885,0.8137156666546019,0.00013595351680885,129.0,0.007135115152551018,((-0.0515+((-0.23+sin(v2))*(0.86/(v1+(14.7/v1)))))/((0.328*v1)^1.86))
3417.9474329948425,3948.4906401350067,26.0,0.0,5.0,-0.9846230703593974,true,0.09645949015398034,0.2915302317609465,4.0,(0.146884709314103*((-1.40199506159517+(((-2.18779443586987+(v1*exp(sin(v2))))/v1)*(0.770066425595297+(sin(v2)/v1))))/v1)),-0.96398484369073,7.616359892219792e-5,0.6222296472036923,7.616359892219792e-5,1386.0,0.006051956371107992,(0.147*((-1.4+(((-2.19+(v1*exp(sin(v2))))/v1)*(0.77+(sin(v2)/v1))))/v1))
3451.2701189517975,9983.679214558328,26.0,0.0,4.0,-0.9652033948586088,true,0.24115462311746294,0.4447001921360943,6.0,(0.21174076281342*(-0.0797028126099706+((2.51067046471425+((0.192070793539969+((1.2126447935474+v1)/v1))*(-2.11091638154131+sin(v2))))/v1))),-0.9231944435800441,0.00016242571721561774,0.8794385809194647,0.00016242571721561774,87.0,0.008213954950013007,(0.212*(-0.0797+((2.51+((0.192+((1.21+v1)/v1))*(-2.11+sin(v2))))/v1)))
3003.9145579338074,4672.682398205144,26.0,0.0,17.0,-0.9903362099882413,true,0.10543382421385405,0.24726858050459444,4.0,(((exp(sin(v2))/(v1/-0.305520701917647))/v1)+(((sin(v2)^2.04560232096579)/v1)/((1.07205576206052+v1)/1.5875692021691))),-0.9697237862874606,6.402708288374325e-5,0.6153025741223936,6.402708288374325e-5,144.0,0.005126465806057616,(((exp(sin(v2))/(v1/-0.306))/v1)+(((sin(v2)^2.05)/v1)/((1.07+v1)/1.59)))
3246.555806875229,8413.898030501367,26.0,0.0,10.0,-0.9658081661237943,true,0.06619315631630822,0.3332653111044278,4.0,((-0.32969578119459/v1)+(exp((((2.88224929361856+(sin(v2)/v1))/v1)*(-1.11173298280245+sin(v2))))/(v1/0.506251561684179))),-0.9674420661289684,6.885238525121804e-5,0.7535610390648162,6.885238525121804e-5,2.4338891524382005e32,0.006001681749066727,((-0.33/v1)+(exp((((2.88+(sin(v2)/v1))/v1)*(-1.11+sin(v2))))/(v1/0.506)))
3067.803927898407,9249.581809878862,26.0,0.0,15.0,-0.9686576963174048,true,0.06880192620845592,0.33097464690867484,5.0,((-0.280083135331648/v1)+(exp((((2.51799194891895+(2.53981735629776/v1))/v1)*(-1.08750351759515+sin(v2))))/(v1/0.437606018470354))),-0.9690428597308511,6.546708266349503e-5,0.8593354166917714,6.546708266349503e-5,2.11106232532996e14,0.0058784270440160906,((-0.28/v1)+(exp((((2.52+(2.54/v1))/v1)*(-1.09+sin(v2))))/(v1/0.438)))
3396.2330770492554,12391.714197510122,26.0,6.0,6.0,-0.9940503128572594,true,0.24976426319094758,0.4162249672938862,4.0,(((sin((-0.140148242666145+(-1.41516310453114/v1)))+(v2*(0.431231920142336/v2)))/v1)+(sin(v2)/(exp(v1)/1.48761456920953))),-0.9186607343548406,0.00017201344767256955,1.1404981636655782,0.00017201344767256955,68.0,0.008257991518086481,(((sin((-0.14+(-1.42/v1)))+(v2*(0.431/v2)))/v1)+(sin(v2)/(exp(v1)/1.49)))
3578.1708478927612,9904.075158289304,26.0,0.0,1.0,-0.9885919936585339,true,0.23302913401393088,0.3699257215931768,5.0,((sin((0.499875411503554*(v2+v2)))+((-0.6557372701173+(-0.468029787099981*v1))/v1))*(-0.110620421676906+sin((0.641760881200072/v1)))),-0.9357207235807757,0.00013593557629354978,0.830712208532497,0.00013593557629354978,370.0,0.006846124283755368,((sin((0.5*(v2+v2)))+((-0.656+(-0.468*v1))/v1))*(-0.111+sin((0.642/v1))))
2730.2042548656464,5871.01102756204,26.0,0.0,25.0,-0.9947233963418268,true,0.22107730805141906,0.21322380044883882,5.0,(((-0.59201481142922+sin(v2))+(-0.475859517635288/v1))*(-0.358036607712921+((1.59575714264046+((-1.31468039924725+sin(v2))/v1))/v1))),-0.9758585578633647,5.10534814984232e-5,0.5529647817334624,5.10534814984232e-5,209.0,0.0035772275880972914,(((-0.592+sin(v2))+(-0.476/v1))*(-0.358+((1.6+((-1.31+sin(v2))/v1))/v1)))
2462.1689388751984,2408.4584320684385,26.0,0.0,33.0,-0.9918938353197052,true,0.08841489230715377,0.3146256868415185,5.0,((sin((0.963406597985991*(v2+(-1.50566438272481+v2))))+((-1.52587953442945/v1)/v1))*(0.189714823240993+sin((-0.0503184624777441*v1)))),-0.9822415004882727,3.755505661718049e-5,0.4802601380901296,3.755505661718049e-5,640.0,0.004329984104070385,((sin((0.963*(v2+(-1.51+v2))))+((-1.53/v1)/v1))*(0.19+sin((-0.0503*v1))))
3579.8176698684692,6054.463193943912,26.0,0.0,1.0,-0.990203409601293,true,0.1426310709982059,0.31012411751409263,6.0,((0.0939856523405943+(sin((2.13046463178642*(-0.830250443731618+v2)))+((-1.47918264489482/v1)/v1)))*(-0.0244670267299247+(0.189794196347706/v1))),-0.9622030024698295,7.993177471258803e-5,0.8741953230308168,7.993177471258803e-5,97.0,0.005675674572411709,((0.094+(sin((2.13*(-0.83+v2)))+((-1.48/v1)/v1)))*(-0.0245+(0.19/v1)))
3475.7445969581604,3486.386409829324,26.0,1.0,4.0,-0.9939128291814713,true,0.09559277114609724,0.17285878503063376,6.0,((0.675957611545443+(sin((2.12593164405101*(-0.827653260765702+v2)))+(-1.96442923049068/v1)))*(-0.848451670229559+((v1^0.887334081442083)/v1))),-0.9845776837692196,3.261457753412903e-5,0.3382050068510131,3.261457753412903e-5,161.0,0.0033933118001874553,((0.676+(sin((2.13*(-0.828+v2)))+(-1.96/v1)))*(-0.848+((v1^0.887)/v1)))
3576.9843559265137,11334.907443059083,26.0,1.0,1.0,-0.9858867025593537,true,0.18753669790488686,0.3724731300624683,6.0,(((-0.445948243929524+(sin(v2)+(-0.570105975461102/v1)))+(-0.131590751350508/v1))*(-3.2200816038596+(3.65042044214105/(v1^0.086505618897823)))),-0.9487040354986249,0.00010847892018184668,0.9242405245124473,0.00010847892018184668,56.0,0.006388190456984674,(((-0.446+(sin(v2)+(-0.57/v1)))+(-0.132/v1))*(-3.22+(3.65/(v1^0.0865))))
2915.897633075714,5461.778313003255,27.0,1.0,19.0,-0.9855372359390191,true,0.1648857183982283,0.37669604069363005,5.0,((-0.472653846251556+((0.917907782909476+sin((1.08418439406986+v2)))*((v2+v2)/(v1+(10.1149302479245/v1)))))/(v1^1.66313642243229)),-0.946641849583519,0.00011283995917310888,0.783777668458549,0.00011283995917310888,574.0,0.006623192836822456,((-0.473+((0.918+sin((1.08+v2)))*((v2+v2)/(v1+(10.1/v1)))))/(v1^1.66))
3483.5121479034424,12169.110427641985,27.0,2.0,3.0,-0.9763495149446502,true,0.22705160820707015,0.40373942028692716,5.0,((-0.354366570826306+((-0.380562699773542+sin(v2))*((18.4380487247097+v2)/(v1+((41.1347343959387+v1)/v1)))))/(v1^2.10547106125018)),-0.9312310798982166,0.00014543011847478114,0.8159388086595641,0.00014543011847478114,427.0,0.007596298449272725,((-0.354+((-0.381+sin(v2))*((18.4+v2)/(v1+((41.1+v1)/v1)))))/(v1^2.11))
3408.0299940109253,5403.932085475036,27.0,1.0,5.0,-0.989663312684575,true,0.16332569850905532,0.36810935539698214,5.0,((-0.126677610233459+((-0.690188907856234+v1)*((-0.497592807044652+sin(v2))/(v1+(v1/v1)))))/((0.694415014610538*v1)^2.23203760782252)),-0.9389620437756534,0.00012908094517155333,0.716766645718498,0.00012908094517155333,441.0,0.007051353091992843,((-0.127+((-0.69+v1)*((-0.498+sin(v2))/(v1+(v1/v1)))))/((0.694*v1)^2.23))
3552.8214888572693,14959.682011258194,27.0,2.0,1.0,-0.8809225607130298,true,0.353637360663141,0.6301873518920208,5.0,((20.789080104666+((-1.54404450950972+sin(v2))*((81.6439179523494+sin(v1))/(v1+sin(v2)))))/((1524.42013078187*v1)^0.672386431146996)),-0.8544408696186075,0.0003078233822069727,1.5289208854612002,0.0003078233822069727,629.0,0.011286117586083312,((20.8+((-1.54+sin(v2))*((81.6+sin(v1))/(v1+sin(v2)))))/((1520.0*v1)^0.672))
2983.625293970108,9220.447562268095,27.0,1.0,17.0,-0.9341426881883867,true,0.1473431915150401,0.3592951065252408,5.0,((0.151572202241458+((-1.18151136177559+sin(v2))*((0.483955866286065+sin(v2))/(v1+sin(v2)))))/((1.06142243511973*v1)^0.643509355645086)),-0.937804824717842,0.00013152819175372608,0.6788483273169081,0.00013152819175372608,629.0,0.007014939955267879,((0.152+((-1.18+sin(v2))*((0.484+sin(v2))/(v1+sin(v2)))))/((1.06*v1)^0.644))
2084.54634308815,7291.395749350187,27.0,0.0,44.0,-0.9597484636279123,true,0.0643285504341655,0.3650962588558587,6.0,(((-1.45176232352069+exp((0.847441284985218+((-0.0156866629126725*(-1.15574954958599+sin(v2)))*((-200.224027104204+v2)/v1)))))/v1)/4.4183928482326),-0.9641071632193042,7.590492184095239e-5,0.7594892527243985,7.590492184095239e-5,3.5184372088836e13,0.0064012343171694856,(((-1.45+exp((0.847+((-0.0157*(-1.16+sin(v2)))*((-200.0+v2)/v1)))))/v1)/4.42)
3136.3754110336304,4509.248787979751,27.0,2.0,13.0,-0.9907014240416946,true,0.08624915314071571,0.3179439621030355,5.0,((2.00835809737406*(1.62052810877346+(((-1.89345370020245+sin(v2))/v1)*((v1+(sin(v2)/1.26720032333481))^1.12582517488103))))/exp(v1)),-0.9765687639520918,4.9551562383331426e-5,0.6165911177459188,4.9551562383331426e-5,365.0,0.005062225420625387,((2.01*(1.62+(((-1.89+sin(v2))/v1)*((v1+(sin(v2)/1.27))^1.13))))/exp(v1))
3491.347857952118,5828.85870689019,27.0,7.0,3.0,-0.9925696028175713,true,0.055968649280111665,0.2893644313665834,5.0,((-0.703008577951765+(exp((2.33837011631004+((-0.0211540754381719*(-1.46368232941955+sin(v2)))*((-302.040273814564+v2)/v1))))/v1))/exp(v1)),-0.9699585455660653,6.35306221330145e-5,0.5140241905085288,6.35306221330145e-5,1.40737488355337e14,0.0053518471069526246,((-0.703+(exp((2.34+((-0.0212*(-1.46+sin(v2)))*((-302.0+v2)/v1))))/v1))/exp(v1))
3061.35267496109,8384.137613762101,27.0,0.0,15.0,-0.9680191014241977,true,0.08878677403444862,0.31742049072245176,5.0,(0.0181008623894852*((-9.50513418969374+(14.3004361406442*(((0.37341666808531+sin(v2))/v1)*(v1+(-3.24683637476206+exp(sin(v2)))))))/v1)),-0.9578697242192191,8.909564072121109e-5,0.5457521023865709,8.909564072121109e-5,426.0,0.00638909390002369,(0.0181*((-9.51+(14.3*(((0.373+sin(v2))/v1)*(v1+(-3.25+exp(sin(v2)))))))/v1))
3348.300083875656,3361.7920839243793,27.0,0.0,7.0,-0.9641902099959964,true,0.1331941562460547,0.42815932723033173,5.0,(0.0308873612241465*((-1.50551815231301+(((-1.0027411560329+(v1*(sin(v2)^2.33009245923888)))/v1)*(8.13365327954098+(v2/v1))))/v1)),-0.9561477939891092,9.273711883370093e-5,0.7685652967681237,9.273711883370093e-5,306.0,0.007273104099728784,(0.0309*((-1.51+(((-1.0+(v1*(sin(v2)^2.33)))/v1)*(8.13+(v2/v1))))/v1))
3386.8068408966064,5121.249126017914,27.0,0.0,6.0,-0.9651862029635577,true,0.1212550680855336,0.37477702697754295,6.0,(0.0641832069456173*((1.92282175999599/v1)*(4.17617523556371+(((-5.25331514959095+exp((sin(v2)^1.49089361237452)))/v1)*(0.720992520056548+v1))))),-0.9594882544312637,8.567282936770632e-5,0.6158343969859607,8.567282936770632e-5,611.0,0.006652423255044943,(0.0642*((1.92/v1)*(4.18+(((-5.25+exp((sin(v2)^1.49)))/v1)*(0.721+v1)))))
3520.4263310432434,2560.550867390401,27.0,0.0,2.0,-0.9595005607449832,true,0.12915172155987864,0.36852002201454037,5.0,(0.0121254179003249*((13.0000208698778/v1)*(-1.88694280412323+(((0.458820789301731+exp(sin(v2)))/v1)*(v1+(-1.47432070808444+sin(v2))))))),-0.9557874923716464,9.34990721526815e-5,0.49735775238015384,9.34990721526815e-5,743.0,0.0070618317729531045,(0.0121*((13.0/v1)*(-1.89+(((0.459+exp(sin(v2)))/v1)*(v1+(-1.47+sin(v2)))))))
3590.479877948761,9923.58002621877,27.0,0.0,0.0,-0.981804185758247,true,0.28888479097625674,0.3733907291479575,5.0,((-119.563200398714+((1307.28841029106+(((-3.24627993337221+exp(sin(v2)))/v1)*(2203.67532516206+cos((v2+v2)))))/v1))/6333.66952473434),-0.901350259849786,0.0002086210366008054,0.9234038633067505,0.0002086210366008054,1197.0,0.00817952188844707,((-120.0+((1310.0+(((-3.25+exp(sin(v2)))/v1)*(2200.0+cos((v2+v2)))))/v1))/6330.0)
3595.303284883499,5623.6155335110725,27.0,0.0,0.0,-0.9596388190594295,true,0.23737955626501284,0.41104351899142,5.0,(0.030562423339708*(-16.8867325542689+(((13.9288543703895+exp(sin(v2)))/v1)*(v1+(0.439040194892903+((-1.51606906289438+sin(v2))/v1)))))),-0.9276179125016645,0.00015307111911536236,0.6415848091686744,0.00015307111911536236,493.0,0.008044997441473582,(0.0306*(-16.9+(((13.9+exp(sin(v2)))/v1)*(v1+(0.439+((-1.52+sin(v2))/v1))))))
3569.8053250312805,1632.723478431232,27.0,1.0,1.0,-0.993854957012119,true,0.04911379562960744,0.2462224701106823,6.0,((0.160065037120531+(sin((1.87501485946833*(-0.730145495530941+v2)))+((-1.41537048988508*sin(v2))/v1)))*(-0.71692195378179+(v1^-0.243557362284912))),-0.9896382687984131,2.1912628466759167e-5,0.3911640918436416,2.1912628466759167e-5,113.0,0.003388510614195528,((0.16+(sin((1.88*(-0.73+v2)))+((-1.42*sin(v2))/v1)))*(-0.717+(v1^-0.244)))
3565.903778076172,8022.977677470636,27.0,0.0,1.0,-0.9643264648167179,true,0.06663020607031066,0.34780945771724625,5.0,((-0.310582256084604/v1)+(exp((((2.84494448622031+sin((1.02017254118034/v1)))/v1)*(-1.12413579196239+sin(v2))))/(v1/0.489658264962273))),-0.967023717112799,6.973709518842916e-5,0.7998510186536149,6.973709518842916e-5,2.37684487542793e29,0.006081125832334587,((-0.311/v1)+(exp((((2.84+sin((1.02/v1)))/v1)*(-1.12+sin(v2))))/(v1/0.49)))
3537.883059024811,9036.72114181288,27.0,0.0,2.0,-0.9615942005026354,true,0.07212752015800226,0.32582672065003127,5.0,((-0.351217111650205/v1)+(exp((((-1.12317516312165+sin(v2))/v1)*(2.4955624314263+sin(v2))))/((0.000615017830079705+v1)/0.547356272803969))),-0.9648082091426903,7.442237432467049e-5,0.6953583814678508,7.442237432467049e-5,2.8823037615171174e17,0.0060557800629801786,((-0.351/v1)+(exp((((-1.12+sin(v2))/v1)*(2.5+sin(v2))))/((0.000615+v1)/0.547)))
3572.1106910705566,2836.5994695066324,27.0,5.0,1.0,-0.9861469434499726,true,0.05161668895333954,0.2432853563226337,5.0,((-0.383170286842841/v1)+(exp((((1.80915020744758+sin((3.50288959799048/v1)))/v1)*(-0.425372185124439+sin(v2))))/(7.20907540048264+v1))),-0.980105724092169,4.2071722196068394e-5,0.38325294228331325,4.2071722196068394e-5,2.37684487542793e29,0.0047752632891713215,((-0.383/v1)+(exp((((1.81+sin((3.5/v1)))/v1)*(-0.425+sin(v2))))/(7.21+v1)))
2558.9754469394684,6373.221854920409,27.0,6.0,30.0,-0.9940876761382759,true,0.19508391723114693,0.42588956093477087,4.0,(((sin((-0.380573683046195+exp((-1.89846426198951/v1))))+(v2*(-0.277570816967182/v2)))/v1)+(sin(v2)/(exp(v1)/1.26179883778062))),-0.905517142716536,0.00019980905775796335,0.8878678059473404,0.00019980905775796335,1060.0,0.010940917976818015,(((sin((-0.381+exp((-1.9/v1))))+(v2*(-0.278/v2)))/v1)+(sin(v2)/(exp(v1)/1.26)))
3183.4019780158997,3600.0225406797495,27.0,1.0,12.0,-0.9903723727959101,true,0.10940864057135469,0.26003536975462616,5.0,((-0.511703525721186/v1)+(exp((((1.6331209149484+(sin((-1.42349604474273+v1))/v1))/v1)*(0.304732893199164+sin(v2))))/11.403503932635)),-0.9742809579904512,5.438973479546544e-5,0.4861171334201583,5.438973479546544e-5,9.807971461541689e55,0.004907185230488453,((-0.512/v1)+(exp((((1.63+(sin((-1.42+v1))/v1))/v1)*(0.305+sin(v2))))/11.4))
2589.572406053543,2017.2673889105672,27.0,2.0,29.0,-0.9932451796048903,true,0.14840645298129146,0.29561746632544106,4.0,((((0.320959305385248/v1)+(-0.744210917844713/v1))/v1)+(exp(sin(v2))/(exp((v1^0.804138726625706))/(sin(v2)/2.97017739308111)))),-0.9643727681305925,7.53432298199208e-5,0.6017955852291454,7.53432298199208e-5,670.0,0.005029640763151956,((((0.321/v1)+(-0.744/v1))/v1)+(exp(sin(v2))/(exp((v1^0.804))/(sin(v2)/2.97))))
3030.9341979026794,3750.692903960375,27.0,0.0,16.0,-0.9896108524572266,true,0.1289640240565583,0.2340856334389442,6.0,((-0.840277148479889+(sin((0.611638237392412*(1.00251170472987+v2)))+(-0.188221554168517/v1)))*(-0.329365553243874+((1.17236536370222+sin(v2))/v1))),-0.9748733968628929,5.313686569005095e-5,0.5535946940404856,5.313686569005095e-5,241.0,0.004636859555820648,((-0.84+(sin((0.612*(1.0+v2)))+(-0.188/v1)))*(-0.329+((1.17+sin(v2))/v1)))
3185.3094429969788,1574.0341491500606,27.0,0.0,12.0,-0.9926459331853028,true,0.1254824233067825,0.2912037916760321,7.0,((sin((1.70514976232082*(-0.647116735489241+v2)))+(-0.74778079401622/(-0.473458400687238+v1)))*(-0.423535250267566+(4.36275571917068/(6.31525651758397+v1)))),-0.9752003697638162,5.244539478067864e-5,0.43061525062596967,5.244539478067864e-5,101.0,0.004675851435368151,((sin((1.71*(-0.647+v2)))+(-0.748/(-0.473+v1)))*(-0.424+(4.36/(6.32+v1))))
3113.5515320301056,4226.9610505846695,27.0,1.0,14.0,-0.9926427644592609,true,0.07286889843284591,0.31371097992253955,5.0,((sin((1.05210814877666*(v2+(-1.64395090175632+v2))))+((-4.24352008980028/v1)/exp(v1)))*(0.172127353677948+sin((-0.0454682412842476*v1)))),-0.9846794891730286,3.2399283009867155e-5,0.5684778522027473,3.2399283009867155e-5,694.0,0.004217662238734046,((sin((1.05*(v2+(-1.64+v2))))+((-4.24/v1)/exp(v1)))*(0.172+sin((-0.0455*v1))))
3542.4205598831177,9976.021011272607,27.0,0.0,2.0,-0.9861108221802282,true,0.2558437825480573,0.37845348660781797,5.0,(((-0.467713631332611+sin(v2))+(-0.658257612707592/v1))*(-1.09072449188709+((v1+(0.00684570785309593*(v2+(81.7160779154744+v2))))/v1))),-0.9332478999885885,0.0001411650175505414,0.8279584960518952,0.0001411650175505414,145.0,0.007031594024680171,(((-0.468+sin(v2))+(-0.658/v1))*(-1.09+((v1+(0.00685*(v2+(81.7+v2))))/v1)))
2663.8206930160522,4107.271987304174,27.0,0.0,27.0,-0.9901695131063234,true,0.13469687166905733,0.22389216390088526,6.0,(((-0.584494339365786+sin(v2))+(-0.487229265192991/v1))*(-0.128745587163889+((-0.162690140905428+sin((-0.565121305442784*(6.72919020851975+v2))))/v1))),-0.9747148329267027,5.3472191182901994e-5,0.5581388987719959,5.3472191182901994e-5,289.0,0.004604839907182795,(((-0.584+sin(v2))+(-0.487/v1))*(-0.129+((-0.163+sin((-0.565*(6.73+v2))))/v1)))
3507.491117954254,2537.902802777697,27.0,0.0,3.0,-0.993994738316049,true,0.0921986890220195,0.2085539340230302,6.0,((sin((1.53482031558214*(-0.541511878861377+v2)))+(-1.19015322649953/v1))*(-0.14943165015235+(0.827755912568506/(v1+(sin(v2)^-0.206039845757814))))),-0.9828892128271401,3.6185297108965895e-5,0.3719007073749802,3.6185297108965895e-5,172.0,0.0035928439127134427,((sin((1.53*(-0.542+v2)))+(-1.19/v1))*(-0.149+(0.828/(v1+(sin(v2)^-0.206)))))
2626.5795040130615,2023.0827416623392,27.0,0.0,28.0,-0.9908168187115711,true,0.05884418309004505,0.19907219276874616,6.0,((sin((2.29133733169958*(-0.883188740517254+v2)))+((-2.45352014585957+v1)/v1))*(-0.504882942347843+sin((6.8900970756702/(9.17148783449741+v1))))),-0.9853527762250561,3.097543898848406e-5,0.33596888180210555,3.097543898848406e-5,392.0,0.003699090469251481,((sin((2.29*(-0.883+v2)))+((-2.45+v1)/v1))*(-0.505+sin((6.89/(9.17+v1)))))
3610.056750059128,4427.654434780471,27.0,1.0,0.0,-0.9938022338672001,true,0.08125536605647896,0.30555177088678265,6.0,((sin((2.11151788153719*(-0.82437870694763+v2)))+((-4.15187525399881/exp(v1))/v1))*(-0.528099292520292+(7.77583067086578/(10.7865600497771+v1)))),-0.9845043189856829,3.2769726824619856e-5,0.593787738197552,3.2769726824619856e-5,136.0,0.004085949574182574,((sin((2.11*(-0.824+v2)))+((-4.15/exp(v1))/v1))*(-0.528+(7.78/(10.8+v1))))
3610.2827939987183,2382.1759692183246,27.0,0.0,0.0,-0.9609041796295859,true,0.12131169646390016,0.41442198340841996,6.0,(0.109363866714945*((0.96602753033039+(sin((2.27098930791705*(-0.901413867863856+v2)))+((-3.30137371530075+sin((1.0846855732536*v2)))/v1)))/v1)),-0.958741376007458,8.725230186050625e-5,0.6807921393958931,8.725230186050625e-5,74.0,0.007088622990131567,(0.109*((0.966+(sin((2.27*(-0.901+v2)))+((-3.3+sin((1.08*v2)))/v1)))/v1))
3611.7584919929504,5438.67523129672,27.0,0.0,0.0,-0.9904949267983343,true,0.1624563854854873,0.3179081982400988,6.0,((sin((1.92271634460431*(-0.750155445294528+v2)))+((-0.195674368591521+(-1.13335318684731/v1))/v1))*(-0.029956595393261+sin((0.217461833679455/v1)))),-0.9599362136474061,8.472550081028461e-5,0.7615782007857248,8.472550081028461e-5,226.0,0.00570641961916359,((sin((1.92*(-0.75+v2)))+((-0.196+(-1.13/v1))/v1))*(-0.03+sin((0.217/v1))))
3414.878903865814,13936.93114791907,28.0,1.0,5.0,-0.9258881036235903,true,0.10831334082997074,0.35833407413359575,6.0,(0.0384872985353976+(0.0046202993823484*(cos(v2)*(cos(v2)*((-74.9047950182976+(25.9930875315645*cos((3.13507341354924+v1))))/(0.00927950383645996+v1)))))),-0.9338771475072526,0.0001398343068013563,0.8209417694846554,0.0001398343068013563,503.0,0.006991371716645155,(0.0385+(0.00462*(cos(v2)*(cos(v2)*((-74.9+(26.0*cos((3.14+v1))))/(0.00928+v1))))))
3306.9644119739532,5331.076752105855,28.0,1.0,8.0,-0.9813752055050814,true,0.09668927447999645,0.3169669334993953,5.0,((-0.348001015392294+(sin(v2)*((8.8993494183477+v2)/(v1+((33.7185499397786/v1)/(sin(v2)^1.79619706915709))))))/(v1^2.05831556638093)),-0.9649792829620832,7.406059336627477e-5,0.8219900085939398,7.406059336627477e-5,667.0,0.006332069206813374,((-0.348+(sin(v2)*((8.9+v2)/(v1+((33.7/v1)/(sin(v2)^1.8))))))/(v1^2.06))
2740.780473947525,9244.378571490526,28.0,0.0,24.0,-0.9834409679592273,true,0.20359144486777375,0.39474585381372584,6.0,((-6.13728422694307+((-0.230167416965267+sin(v2))*((101.186910581599+v2)/(v1+(14.7703818923919/v1)))))/((4.26204900227056*v1)^1.86440141013868)),-0.9358919761772359,0.0001355734172636355,0.8033420151313497,0.0001355734172636355,329.0,0.007140169661609596,((-6.14+((-0.23+sin(v2))*((101.0+v2)/(v1+(14.8/v1)))))/((4.26*v1)^1.86))
3484.6788868904114,7734.47370267771,28.0,2.0,3.0,-0.9866516793101493,true,0.20204980505280767,0.38417255852437737,6.0,((-0.252805016188524+((-0.601523049028654+sin(v2))*((11.1158992747057+v2)/(v1+(32.1001827742602/(v1^2.18161587779199))))))/(v1^2.71066614928881)),-0.9383089996844706,0.00013046198008397333,0.8068832753798066,0.00013046198008397333,292.0,0.007185371590346972,((-0.253+((-0.602+sin(v2))*((11.1+v2)/(v1+(32.1/(v1^2.18))))))/(v1^2.71))
3581.1031489372253,9043.31364077965,28.0,1.0,0.0,-0.8782017674117415,true,0.22184960156689193,0.5599499919454887,6.0,((1.10539171529377+((-1.02341837976772+sin(v2))*((44.3624642037753+v2)/(v1+(v1^2.32040819527465)))))/((45480.5195489139/v1)^0.349864771219036)),-0.8940031830000388,0.00022415837898048221,1.3937135477664406,0.00022415837898048221,329.0,0.010209179828295781,((1.11+((-1.02+sin(v2))*((44.4+v2)/(v1+(v1^2.32)))))/((45500.0/v1)^0.35))
3589.10808801651,8310.116994393342,28.0,2.0,0.0,-0.9845051376228862,true,0.14252494504279978,0.42964585387161464,5.0,((-0.283741010767768+((-0.45070229754398+sin(v2))*((12.5077204895017+v2)/exp(((v1^0.471633986132979)+(2.81721436206189/v1))))))/(v1*v1)),-0.9378000488584736,0.00013153829157487695,0.9172182195363842,0.00013153829157487695,4836.0,0.007465716287776555,((-0.284+((-0.451+sin(v2))*((12.5+v2)/exp(((v1^0.472)+(2.82/v1))))))/(v1*v1))
3486.923481941223,4400.483359304529,28.0,0.0,3.0,-0.9834231373694814,true,0.08596051323697304,0.30866731901696776,5.0,(0.301200916286283*((-0.286334292468328+(((-0.952070006124474+(v1*(sin(v2)^1.58985222904877)))/v1)*(0.664796195129463+(sin(v2)/v1))))/v1)),-0.9641720894065764,7.576761820010532e-5,0.6923350191502261,7.576761820010532e-5,506.0,0.0061725575034834715,(0.301*((-0.286+(((-0.952+(v1*(sin(v2)^1.59)))/v1)*(0.665+(sin(v2)/v1))))/v1))
3244.128781080246,13286.400232101694,28.0,1.0,10.0,-0.9935082982229066,true,0.17435604734226498,0.4749468089532781,5.0,(4.90672325310622*(((-0.0281574989523753+(log(v1)*(0.026319292650835+((0.108429191840032+((-0.953933558717027+sin(v2))/v1))/v1))))/v1)/v1)),-0.9300333692959222,0.00014796299516576858,1.3133047569122769,0.00014796299516576858,428.0,0.008468579901936328,(4.91*(((-0.0282+(log(v1)*(0.0263+((0.108+((-0.954+sin(v2))/v1))/v1))))/v1)/v1))
3094.0244240760803,3256.1301514254064,28.0,0.0,14.0,-0.9884869999869171,true,0.09903175664323594,0.3106221710078896,5.0,(0.0208661231845164*((22.371153559523/v1)*(-0.284316696498352+(((-0.925787744912536+(v1*sin(v2)))/v1)*(0.413647143701914+(sin(v2)/v1)))))),-0.9593727882474595,8.591701323398805e-5,0.6314316088716665,8.591701323398805e-5,638.0,0.00607895214402626,(0.0209*((22.4/v1)*(-0.284+(((-0.926+(v1*sin(v2)))/v1)*(0.414+(sin(v2)/v1))))))
3593.5592980384827,13461.48139333545,28.0,0.0,0.0,-0.9347862738160511,true,0.20685475554703953,0.5222167830146505,5.0,(0.0427083720478435*((4.25085189549559+(((-1.30401694179503+sin(v2))/v1)*(19.6440704322819+(((-7.09497854609417+sin(v2))/v1)/v1))))/v1)),-0.9113238286165724,0.000187529280539734,1.3873268901822127,0.000187529280539734,534.0,0.009061946599258077,(0.0427*((4.25+(((-1.3+sin(v2))/v1)*(19.6+(((-7.09+sin(v2))/v1)/v1))))/v1))
3593.755959033966,4077.113716946001,28.0,1.0,0.0,-0.9578987079001937,true,0.1708906810994097,0.364892659119864,5.0,(0.0110396144202325*((11.8358958292084/v1)*(3.40585869672533+(((-4.6021851259122+exp(sin(v2)))/v1)*(v1+((-0.0767989033918489+v1)/v1)))))),-0.9500647957984802,0.00010560123166600499,0.5927291429952521,0.00010560123166600499,953.0,0.0070934995642683045,(0.011*((11.8/v1)*(3.41+(((-4.6+exp(sin(v2)))/v1)*(v1+((-0.0768+v1)/v1))))))
3427.681473970413,2774.437077243106,28.0,7.0,5.0,-0.9898969079607578,true,0.12240881170091591,0.2698934634629747,4.0,(((-0.379258204111689/v1)/v1)+(sin(v2)/(exp((1.1113359795284/v1))/((-0.0663266503227824+(sin(v2)/(v1^0.804749171608656)))/v1)))),-0.9695308892330193,6.443501485998057e-5,0.6660012547074818,6.443501485998057e-5,940.0,0.005341112296340699,(((-0.379/v1)/v1)+(sin(v2)/(exp((1.11/v1))/((-0.0663+(sin(v2)/(v1^0.805)))/v1))))
3563.293021917343,4910.007586297919,28.0,1.0,1.0,-0.9946870950502033,true,0.11046538736174519,0.28046782971585527,6.0,((0.120493457464405+(sin((2.13105374645206*(-0.830697570152273+v2)))+((-1.58485847136453/v1)/v1)))*(-0.853310744351217+((v1^0.893892996243926)/v1))),-0.9785000638678673,4.54673165474821e-5,0.6795249922183464,4.54673165474821e-5,193.0,0.0042646052958625665,((0.12+(sin((2.13*(-0.831+v2)))+((-1.58/v1)/v1)))*(-0.853+((v1^0.894)/v1)))
2932.7517988681793,6206.240413773395,28.0,0.0,19.0,-0.9921270906126713,true,0.10157084308561334,0.32362635132629086,4.0,(((exp(sin(v2))/(v1/-0.287268431576359))/v1)+(((sin(v2)^2.15640884699284)/v1)/((v1+(0.725172409442211/v1))/1.18371254157179))),-0.9658354476586466,7.22500060679597e-5,0.9266582617139663,7.22500060679597e-5,166.0,0.005291190886396771,(((exp(sin(v2))/(v1/-0.287))/v1)+(((sin(v2)^2.16)/v1)/((v1+(0.725/v1))/1.18)))
3389.984782934189,3971.679950728331,28.0,0.0,6.0,-0.990674984571511,true,0.11612996850743909,0.2561698366579328,5.0,(((-0.371708221310798/v1)/v1)+((sin(v2)^2.31310844551538)/(0.518723127233141/((-0.15253130255523+(sin((v1/3.07984035278376))/v1))/v1)))),-0.9714613053892617,6.0352637968029534e-5,0.7142608791552172,6.0352637968029534e-5,198.0,0.005154637137976869,(((-0.372/v1)/v1)+((sin(v2)^2.31)/(0.519/((-0.153+(sin((v1/3.08))/v1))/v1))))
3039.341877937317,7636.316259969834,28.0,0.0,16.0,-0.9916773559716346,true,0.10602000106254447,0.2999334344403,5.0,(((-0.0242235015120964+(-0.372368182890535/v1))/v1)+(((exp(sin(v2))^2.54005712606248)/v1)/((v1+(1.97205515637869/v1))/0.0761199602025936))),-0.9686227087698047,6.635560329100866e-5,0.9429423654648661,6.635560329100866e-5,220.0,0.005443259257045901,(((-0.0242+(-0.372/v1))/v1)+(((exp(sin(v2))^2.54)/v1)/((v1+(1.97/v1))/0.0761)))
2518.1602098941803,3923.8051348521435,28.0,2.0,31.0,-0.9917053391396813,true,0.14173557087440833,0.2571051566239091,4.0,(((-0.404291804198783/v1)/v1)+(sin(v2)/(exp((v1^-1.25754368521507))/((0.0161990097359431+(sin(v2)/(v1/0.883604298820009)))/v1)))),-0.9671521013515375,6.946559266923296e-5,0.5446061544014664,6.946559266923296e-5,940.0,0.005073856950436191,(((-0.404/v1)/v1)+(sin(v2)/(exp((v1^-1.26))/((0.0162+(sin(v2)/(v1/0.884)))/v1))))
3255.339362859726,2694.555286849275,28.0,0.0,10.0,-0.9916386398653237,true,0.12859258174887186,0.2716390406231519,4.0,(((-0.387494535779399/v1)/v1)+(sin(v2)/((0.802159652054974*exp((1.36011716569536/v1)))/((-0.0318895669609531+(sin(v2)/v1))/v1)))),-0.9691065867971476,6.533231488194753e-5,0.6437312451713049,6.533231488194753e-5,768.0,0.0051553426625005425,(((-0.387/v1)/v1)+(sin(v2)/((0.802*exp((1.36/v1)))/((-0.0319+(sin(v2)/v1))/v1))))
3459.2886638641357,2224.441875470118,28.0,2.0,4.0,-0.9471079218815561,true,0.180789643050514,0.43659271205831496,5.0,(((-0.308661310994396+(-0.278451256395309/v1))/v1)+(exp(sin(v2))/(exp((v1^-8638.16124695304))/(sin((0.0908443595004274/v1))/0.466012779115381)))),-0.9463757598913418,0.00011340267639189002,0.5798074396344468,0.00011340267639189002,1178.0,0.008041649453989193,(((-0.309+(-0.278/v1))/v1)+(exp(sin(v2))/(exp((v1^-8640.0))/(sin((0.0908/v1))/0.466))))
3397.642889022827,4217.629140734424,28.0,2.0,6.0,-0.9786660412197414,true,0.1343617025998823,0.2903097239412781,4.0,(((-0.395162739366559/v1)/v1)+(sin(v2)/(exp((v1^0.279765536490658))/((-0.0304017899055984+(sin(v2)/(v2^0.00161740616510713)))/v1)))),-0.963736976982328,7.668777880920939e-5,0.4579259006906892,7.668777880920939e-5,940.0,0.005907368210783561,(((-0.395/v1)/v1)+(sin(v2)/(exp((v1^0.28))/((-0.0304+(sin(v2)/(v2^0.00162)))/v1))))
3428.014472961426,3923.8220842378532,28.0,2.0,5.0,-0.9917053609622138,true,0.14173556800031964,0.2571073498845188,4.0,(((-0.404291786339232/v1)/v1)+(sin(v2)/((1.13172809570472*exp((v1^-1.25754507228917)))/((0.0183326159320028+(sin(v2)/v1))/v1)))),-0.9671520991701857,6.946559728227965e-5,0.5446081457755897,6.946559728227965e-5,768.0,0.005073857172862988,(((-0.404/v1)/v1)+(sin(v2)/((1.13*exp((v1^-1.26)))/((0.0183+(sin(v2)/v1))/v1))))
3565.7892620563507,3559.6910479904013,28.0,0.0,1.0,-0.9532804725656813,true,0.075386065554945,0.463244053540779,4.0,(((-0.292340814507882/v1)/v1)+(sin(v2)/(exp((v2^-0.300427376072968))/((-0.385572224160398+(sin(v2)/(v2^0.11535797100907)))/v1)))),-0.9524942937332326,0.00010046341400124701,0.7371469704838567,0.00010046341400124701,940.0,0.007708915190812405,(((-0.292/v1)/v1)+(sin(v2)/(exp((v2^-0.3))/((-0.386+(sin(v2)/(v2^0.115)))/v1))))
3430.1705050468445,5406.4175512213615,28.0,0.0,5.0,-0.9838913136608772,true,0.13144605776892432,0.297875978096083,5.0,(((-0.0359300590264006+(-0.420579927237432/v1))/v1)+(((exp(sin(v2))^2.06831872066302)/v1)/((7.91253189701106+(v1+v1))/0.520029345128498))),-0.9664965234634288,7.085198596719342e-5,0.677700279159686,7.085198596719342e-5,220.0,0.005708510454615619,(((-0.0359+(-0.421/v1))/v1)+(((exp(sin(v2))^2.07)/v1)/((7.91+(v1+v1))/0.52)))
3150.717136859894,2640.463596874546,28.0,0.0,13.0,-0.9928699850200168,true,0.094638064929703,0.30996050090490435,6.0,((sin((0.967227571144694*(v2+(-1.51180132479983+v2))))+((-1.50486618597165/v1)/v1))*(-0.852881130252308+(17.0952407827373/(16.1654176205619+v1)))),-0.9823061722271842,3.741829107486949e-5,0.4994134931066316,3.741829107486949e-5,356.0,0.00422320133048684,((sin((0.967*(v2+(-1.51+v2))))+((-1.5/v1)/v1))*(-0.853+(17.1/(16.2+v1))))
3610.4186239242554,4642.587925809843,28.0,0.0,0.0,-0.9907924473617497,true,0.18571235482311682,0.29673800136983786,6.0,((sin((1.71526574266224*(-0.651766120164151+v2)))+((-0.747793959711483/exp((-0.526135267289717/v1)))/v1))*(-0.0374562814643017+sin((0.255634459813186/v1)))),-0.9559500664473312,9.315526615641508e-5,0.5735508024389374,9.315526615641508e-5,316.0,0.0056985803684830826,((sin((1.72*(-0.652+v2)))+((-0.748/exp((-0.526/v1)))/v1))*(-0.0375+sin((0.256/v1))))
3519.0968310832977,8283.102147162235,29.0,1.0,2.0,-0.9868165295368136,true,0.19748488259415187,0.3797132608711092,5.0,((-0.26388029966618+((-0.570207913720161+sin(v2))*((8.9267339454974+v2)/(v1+(((24.306636786697+v2)/v1)/v1)))))/(v1^2.54188381272539)),-0.9394457227390182,0.00012805807773606394,0.8079223701475093,0.00012805807773606394,787.0,0.007076842824014713,((-0.264+((-0.57+sin(v2))*((8.93+v2)/(v1+(((24.3+v2)/v1)/v1)))))/(v1^2.54))
3478.5845110416412,3958.790077363266,29.0,1.0,3.0,-0.9880134729298733,true,0.11534801551772259,0.267799698149894,6.0,((-0.373434273667063+((5.62352762447814+sin((0.0315860553263318+v2)))*((sin(v2)^2.07346162786318)/(v1+(19.3908174627491/v1)))))/(v1^1.94546061803226)),-0.9707458105771403,6.186574149126195e-5,0.6887800253715716,6.186574149126195e-5,709.0,0.005389490200404239,((-0.373+((5.62+sin((0.0316+v2)))*((sin(v2)^2.07)/(v1+(19.4/v1)))))/(v1^1.95))
2949.3204350471497,13449.37358176632,29.0,0.0,18.0,-0.9327837439557503,true,0.10842190689926418,0.4162649015114791,6.0,(0.0418318983021482+(0.0953932258891401*(cos(v2)*((v2+(-3.119304499392+(v2^0.965407208396632)))/(v1+(-0.893665375698501*sin((-219.941046528194+v2)))))))),-0.9423035390361447,0.00012201446730776078,0.7945179701391832,0.00012201446730776078,271.0,0.0077059637730112025,(0.0418+(0.0954*(cos(v2)*((v2+(-3.12+(v2^0.965)))/(v1+(-0.894*sin((-220.0+v2))))))))
3585.0696818828583,3535.424001800648,29.0,0.0,0.0,-0.9880169620656568,true,0.11826812247952076,0.2657118319228764,6.0,((-0.050022242221173+((-0.0608538508466176+sin(v2))*((-0.0590009934698691+sin(v2))/(v1+(19.4295692430494/v1)))))/((0.355655766192776*v1)^1.94445565485655)),-0.9701848792029226,6.30519796361676e-5,0.6376265530316184,6.30519796361676e-5,529.0,0.0054054655959611415,((-0.05+((-0.0609+sin(v2))*((-0.059+sin(v2))/(v1+(19.4/v1)))))/((0.356*v1)^1.94))
3243.3097190856934,10239.302465983737,29.0,0.0,10.0,-0.995060192518278,true,0.1743152141280857,0.3752691870345488,6.0,(0.984913708654317*((0.121122004366937+((-0.298864179444527+(((-0.741086772694464+sin(v2))/v1)*(1.38176019924601+sin((5.05694359295379/v1)))))/v1))/v1)),-0.9586257709963364,8.74967793139664e-5,1.1277429039991542,8.74967793139664e-5,410.0,0.006194949391806394,(0.985*((0.121+((-0.299+(((-0.741+sin(v2))/v1)*(1.38+sin((5.06/v1)))))/v1))/v1))
3388.512501001358,3152.726848536574,29.0,0.0,6.0,-0.9753960218473368,true,0.13700945451747468,0.31807870211306066,7.0,(-0.0194658949308058+((0.136645817481604+(0.0718228512741046*(7.858362925349+((-1.47235193403483+(-1.03375364405548/v1))*(5.00822691346236+cos((v2+v2)))))))/v1)),-0.9590611980802136,8.657595327363217e-5,0.538174536028136,8.657595327363217e-5,146.0,0.006445736216522308,(-0.0195+((0.137+(0.0718*(7.86+((-1.47+(-1.03/v1))*(5.01+cos((v2+v2)))))))/v1))
3592.9575278759003,13543.263274034962,29.0,0.0,0.0,-0.9538681425534401,true,0.04064853355262338,0.5206214603942128,6.0,(0.138451839328267+(1.17440090672655*((-0.441448214851694+((exp((v1*(1.24764912219709*(-1.35181683279182+sin(v2)))))/v1)*(-0.605064357250289+v1)))/v1))),-0.9514930864696126,0.00010258073227163081,1.0824388967638312,0.00010258073227163081,98317.0,0.007932328641675599,(0.138+(1.17*((-0.441+((exp((v1*(1.25*(-1.35+sin(v2)))))/v1)*(-0.605+v1)))/v1)))
3594.502168893814,5003.046082414028,29.0,0.0,0.0,-0.9674113171863313,true,0.10010808421359016,0.36311293875335005,6.0,(0.842226382278763*(0.0163617535921192+((0.176041635559178+((0.421606155759981+(((-0.0697526372042979+sin(v2))/v1)/v1))*(-1.16820064073965+sin(v2))))/v1))),-0.9485081764145922,0.00010889311615515977,0.6524611096848997,0.00010889311615515977,247.0,0.007408564137845222,(0.842*(0.0164+((0.176+((0.422+(((-0.0698+sin(v2))/v1)/v1))*(-1.17+sin(v2))))/v1)))
3424.561846971512,1486.961609367478,29.0,0.0,5.0,-0.9939146415219672,true,0.034166644085719095,0.1469222068788974,7.0,((0.758723337213462+(sin((2.12178195931932*(-0.826882210725385+v2)))+(-2.13017207751693/v1)))*(-0.116965765979117+((0.558526270441181+(-0.323902623107975/v1))/v1))),-0.9922361347950532,1.6418751885393604e-5,0.3073325298471023,1.6418751885393604e-5,201.0,0.0027333578967576435,((0.759+(sin((2.12*(-0.827+v2)))+(-2.13/v1)))*(-0.117+((0.559+(-0.324/v1))/v1)))
2486.608761072159,3923.8214617881895,29.0,8.0,32.0,-0.9917053611779167,true,0.14173556386880146,0.2571074272878535,4.0,(((-0.404291780729581/v1)/v1)+(sin(v2)/(exp((v1^-1.25754529799065))/((sin(0.0161994788999972)+(sin(v2)/(v1/0.88360442795902)))/v1)))),-0.9671520996415924,6.946559628536516e-5,0.5446082004976364,6.946559628536516e-5,1004.0,0.005073857102525482,(((-0.404/v1)/v1)+(sin(v2)/(exp((v1^-1.26))/((sin(0.0162)+(sin(v2)/(v1/0.884)))/v1))))
3533.1907999515533,4775.122553293438,29.0,2.0,2.0,-0.9913550994647279,true,0.15938373947312223,0.24977800942700717,4.0,(((-0.437007613829004/v1)/v1)+(exp(sin(v2))/((2.72510409656114*exp((v1^-1.1132239314704)))/((0.00728117594931665+(sin(v2)/v1))/v1)))),-0.9649846164493584,7.404931429303716e-5,0.5279639062192117,7.404931429303716e-5,3048.0,0.0050926022343199895,(((-0.437/v1)/v1)+(exp(sin(v2))/((2.73*exp((v1^-1.11)))/((0.00728+(sin(v2)/v1))/v1))))
3178.310124874115,9613.55956704594,29.0,0.0,12.0,-0.9733482823501255,true,0.06622940178941976,0.3106112153009279,6.0,((-0.272303939046246/v1)+(exp((((2.20410037632996+(3.44749840693658/v1))/v1)*(-1.16441738009404+sin(v2))))/((-0.416912964971527+v1)/0.399723987148037))),-0.9712525534356354,6.079409933317481e-5,0.8706102214464421,6.079409933317481e-5,2.8147497671066e14,0.0056244207338312854,((-0.272/v1)+(exp((((2.2+(3.45/v1))/v1)*(-1.16+sin(v2))))/((-0.417+v1)/0.4)))
3503.6529450416565,1632.7235783851088,29.0,1.0,3.0,-0.9938549583819263,true,0.049113795291257756,0.2462224711188182,6.0,((0.160065035819977+(sin((1.87501485950965*(-0.730145495547752+v2)))+((-1.41537048807477*sin(v2))/v1)))*(-0.716921954261556+((v1^0.756442638434216)/v1))),-0.9896382687836376,2.191262849800584e-5,0.3911640953397981,2.191262849800584e-5,225.0,0.0033885106198804234,((0.16+(sin((1.88*(-0.73+v2)))+((-1.42*sin(v2))/v1)))*(-0.717+((v1^0.756)/v1)))
3606.8771278858185,3586.236773696189,29.0,1.0,0.0,-0.9806906092597655,true,0.06350730842042934,0.2898988662880778,5.0,((-0.399359029985035/v1)+(exp((sin(v2)*((2.86339272595676+((-0.651078194723337+(sin((-1.87774153378635+v1))/v1))/v1))/v1)))/14.5671646464091)),-0.9712170205214951,6.086924310314446e-5,0.4395897521065626,6.086924310314446e-5,1.0429624198832569e93,0.005748995096867347,((-0.399/v1)+(exp((sin(v2)*((2.86+((-0.651+(sin((-1.88+v1))/v1))/v1))/v1)))/14.6))
3505.9586038589478,12770.124202922489,29.0,0.0,3.0,-0.9795317584958138,true,0.13718709605189733,0.38915476265234983,6.0,((sin((0.499697300214526*(v2+v2)))+((-0.748791968114245+(-0.423783675795616*v1))/v1))*(-0.610588883564347+sin((3.62051876491299/(1.62615339563109+v1))))),-0.9550471120472079,9.506480269113006e-5,1.0251683409912828,9.506480269113006e-5,698.0,0.006414999134013053,((sin((0.5*(v2+v2)))+((-0.749+(-0.424*v1))/v1))*(-0.611+sin((3.62/(1.63+v1)))))
2804.8098928928375,2733.3139832161587,29.0,0.0,23.0,-0.9694589119273599,true,0.06957391015347505,0.4078299103870621,7.0,(0.134955423273249*(-0.460827660882518+((3.15859275006588+(sin((2.14703982126554*(-0.840568701522105+v2)))+((-6.09538251720802+(2.02822516238809/v1))/v1)))/v1))),-0.9570815121187095,9.076252423473315e-5,0.8929424291894491,9.076252423473315e-5,55.0,0.007350691809410365,(0.135*(-0.461+((3.16+(sin((2.15*(-0.841+v2)))+((-6.1+(2.03/v1))/v1)))/v1)))
3116.3298189640045,13306.775217091843,29.0,0.0,14.0,-0.9836164290174705,true,0.12495127830726618,0.37935522481416656,6.0,(((-0.416172652511077+sin((-0.00285054298391958+v2)))+(-0.758528134389328/v1))*(-0.253217225431922+((1.09817035938871+sin(((-0.54251413334075/v1)/v1)))/v1))),-0.9575846386260757,8.969852981013314e-5,1.0629776792182144,8.969852981013314e-5,3121.0,0.006258415037025207,(((-0.416+sin((-0.00285+v2)))+(-0.759/v1))*(-0.253+((1.1+sin(((-0.543/v1)/v1)))/v1)))
3300.5946300029755,1486.96160941865,29.0,0.0,9.0,-0.9939146416614663,true,0.03416664408533135,0.1469222068798785,7.0,((0.758723337215183+(sin((2.12178195931853*(-0.826882210725036+v2)))+(-2.13017207752103/v1)))*(-0.116965765979619+((0.558526270443322+(-0.323902623110018/v1))/v1))),-0.9922361347950657,1.6418751885367265e-5,0.3073325298489199,1.6418751885367265e-5,201.0,0.002733357896764058,((0.759+(sin((2.12*(-0.827+v2)))+(-2.13/v1)))*(-0.117+((0.559+(-0.324/v1))/v1)))
3509.5393040180206,11184.822758162823,29.0,0.0,3.0,-0.9865223893865784,true,0.15186143735526922,0.28473175420078867,6.0,(((-0.618637416706096+sin(v2))+(-0.422183196950249/v1))*(-0.00205621988917449+((0.128793533713644+(sin((-0.972068944913088*(3.23269645456582+v2)))/v1))/v1))),-0.9503496543791147,0.00010499882265523507,0.9068195346542197,0.00010499882265523507,561.0,0.005665573744967344,(((-0.619+sin(v2))+(-0.422/v1))*(-0.00206+((0.129+(sin((-0.972*(3.23+v2)))/v1))/v1)))
3046.8433690071106,8740.440245160178,29.0,3.0,16.0,-0.9721546858284736,true,0.13264148511208196,0.27690435150135045,6.0,(log((0.971899835129922+((-0.859397864714219+sin((-0.157454093406304*(28.2738373440816+v2))))/v1)))*(v1+(-8.80085470356866+exp((1.06404893430181+sin(v2)))))),-0.9602902887241264,8.397671516292858e-5,0.7145554915466098,8.397671516292858e-5,2.405181685761e12,0.005616090028602812,(log((0.972+((-0.859+sin((-0.157*(28.3+v2))))/v1)))*(v1+(-8.8+exp((1.06+sin(v2))))))
1964.5800268650055,5427.537372388522,29.0,0.0,48.0,-0.9950202881357358,true,0.24058398962495542,0.1950391736002032,6.0,(((-0.586647914331058+sin(v2))+(-0.484127470224736/v1))*(-0.352322930203633+((1.57100697839394+((-1.31345754228722+sin((0.972843175568518*v2)))/v1))/v1))),-0.9775109231685054,4.755911686779411e-5,0.5082319037752114,4.755911686779411e-5,337.0,0.003348902055023935,(((-0.587+sin(v2))+(-0.484/v1))*(-0.352+((1.57+((-1.31+sin((0.973*v2)))/v1))/v1)))
2904.1851329803467,1842.3234674837709,29.0,0.0,20.0,-0.9932638710944927,true,0.0424672983852096,0.2724300893901074,6.0,((sin((1.89040936884289*(-0.7375780684826+v2)))+((-1.5718567005648/v1)/v1))*(-0.143863318588348+sin(((0.693714404706288+(-0.430476038442646/v1))/v1)))),-0.9888955000091203,2.3483410047542218e-5,0.43941760127846674,2.3483410047542218e-5,11800.0,0.003603197905077963,((sin((1.89*(-0.738+v2)))+((-1.57/v1)/v1))*(-0.144+sin(((0.694+(-0.43/v1))/v1))))
3610.6435689926147,15227.451544584346,29.0,0.0,0.0,-0.8907381075729806,true,0.22915333392118042,0.5988847030956691,5.0,((-1.25058308902001/v1)+(exp((sin(v2)*((0.83250921413193+sin((2.38543403931191+(v1/v1))))/v1)))/((1.16546878459511+v1)/1.54259374136486))),-0.8907149932175001,0.0002311121282749948,1.7179271947683399,0.0002311121282749948,4.39347050248359e158,0.010412597743484365,((-1.25/v1)+(exp((sin(v2)*((0.833+sin((2.39+(v1/v1))))/v1)))/((1.17+v1)/1.54)))
3611.2225399017334,19893.86894571617,29.0,1.0,0.0,-0.8755548170950028,true,0.1130855240254623,0.9862885567345512,5.0,((sin((0.875402717436403*(v2+(v2+(-2.31492900189463/v1)))))+((-5.11977057347106/v1)/exp(v1)))*(0.159077754663148+sin((-0.0421171023436782*v1)))),-0.8233729347129735,0.0003735247695110898,2.611083070914484,0.0003735247695110898,2422.0,0.014591099062746974,((sin((0.875*(v2+(v2+(-2.31/v1)))))+((-5.12/v1)/exp(v1)))*(0.159+sin((-0.0421*v1))))
3611.653445959091,2173.9278027209493,29.0,0.0,0.0,-0.9923463603793549,true,0.04036540778459549,0.3053281565349827,7.0,((sin((1.79002907966464*(-0.691721334051279+v2)))+(-0.582603506287124/(-0.676994403030093+v1)))*(-0.164151130481437+((0.786527972180672+(-0.513891565521929/v1))/v1))),-0.984921284015787,3.188794369296476e-5,0.4858627101937022,3.188794369296476e-5,201.0,0.004180905503595979,((sin((1.79*(-0.692+v2)))+(-0.583/(-0.677+v1)))*(-0.164+((0.787+(-0.514/v1))/v1)))
3615.325075864792,5621.880417853791,29.0,0.0,0.0,-0.9894140571057769,true,0.13139302397350977,0.2914989126684558,7.0,((sin((1.45288725746271*(-0.483676592285093+v2)))+(-1.23089320421653/v1))*(-0.376826364205533+(3.04546871697395/(v1+(0.0262009346520803*(153.652787520504+v2)))))),-0.9678309076446218,6.803007674898065e-5,0.5735764293283021,6.803007674898065e-5,153.0,0.0051052181381483425,((sin((1.45*(-0.484+v2)))+(-1.23/v1))*(-0.377+(3.05/(v1+(0.0262*(154.0+v2))))))
3512.8945050239563,12156.686419023981,30.0,1.0,2.0,-0.9779643934515697,true,0.2245386445003088,0.4035758607572526,6.0,((-0.360246146762582+((-0.366430143432374+sin(v2))*((12.5556783565632+v2)/(v1+((29.1522861038435/v1)/(v2^-0.0463102443658521))))))/(v1^2.07796638416197)),-0.9303761151737823,0.00014723816811380736,0.8249482524414246,0.00014723816811380736,562.0,0.0075514441438881,((-0.36+((-0.366+sin(v2))*((12.6+v2)/(v1+((29.2/v1)/(v2^-0.0463))))))/(v1^2.08))
2881.3246219158173,5132.74556869431,30.0,1.0,20.0,-0.9858257919580397,true,0.1644536336996888,0.37643280955131053,6.0,((-0.468523420913214+((0.919058520591801+sin((1.09128012993529+v2)))*((v2+(-0.0232967864331859+v2))/(v1+(10.063600824385/v1)))))/(v1^1.65989718773411)),-0.9465804833428844,0.00011296973436272419,0.7732209683338106,0.00011296973436272419,709.0,0.006616118234171092,((-0.469+((0.919+sin((1.09+v2)))*((v2+(-0.0233+v2))/(v1+(10.1/v1)))))/(v1^1.66))
3580.7585089206696,10535.613779990594,30.0,1.0,0.0,-0.986546778008275,true,0.17134405741355999,0.19157591192324544,5.0,((263.491935516149+(cos(v2)*(cos(v2)*((-1390.49561168619+v2)/(v1+(-0.832974307859089/v1))))))/((v1+(3.91951189558233/v1))^6.15989112862459)),-0.9642734075823519,7.555335404872876e-5,0.6320776609231767,7.555335404872876e-5,1573.0,0.003992052111216514,((263.0+(cos(v2)*(cos(v2)*((-1390.0+v2)/(v1+(-0.833/v1))))))/((v1+(3.92/v1))^6.16))
3587.5555748939514,13507.63445974782,30.0,0.0,0.0,-0.9272871410936795,true,0.25289886583955246,0.37996825029826053,6.0,(0.036094565330656+(0.0784805073984497*(cos(v2)*((v2+(-3.13382096103822+v2))/(v1+(-0.83569451041977*((841.818403649764+v2)/(1199.27184005458+v1)))))))),-0.8958137800039331,0.0002203293914611682,0.7625700948824526,0.0002203293914611682,267.0,0.008722947546418136,(0.0361+(0.0785*(cos(v2)*((v2+(-3.13+v2))/(v1+(-0.836*((842.0+v2)/(1200.0+v1))))))))
3383.397938966751,6721.708892828993,30.0,0.0,6.0,-0.9784060332968939,true,0.06351246353367337,0.3009492909967022,6.0,((0.245367437238202+((-1.1269668487979+(((-1.3367998327438+exp(sin(v2)))/v1)*(2.32317349778418+((-2.88001831082068+sin(v2))/v1))))/v1))/3.3054384751234),-0.9749434570496042,5.298870484589749e-5,0.5191964616528069,5.298870484589749e-5,847.0,0.005506791754138014,((0.245+((-1.13+(((-1.34+exp(sin(v2)))/v1)*(2.32+((-2.88+sin(v2))/v1))))/v1))/3.31)
3274.423919916153,7259.108200568057,30.0,0.0,9.0,-0.9666639742309066,true,0.08336519786704458,0.33220187586145666,5.0,(0.305621923204096*((0.758288800004899+(((-2.86791834225302+exp((sin(v2)^0.290419537124533)))/v1)*(v1+(sin(v2)*(3.28234752997356+sin(v2))))))/v1)),-0.9555943329554212,9.390755896248712e-5,0.5696377539457125,9.390755896248712e-5,3088.0,0.006714503279681321,(0.306*((0.758+(((-2.87+exp((sin(v2)^0.29)))/v1)*(v1+(sin(v2)*(3.28+sin(v2))))))/v1))
3561.6907398700714,5630.960596860149,30.0,0.0,1.0,-0.9596904675436803,true,0.23756349138234367,0.41087602554553504,6.0,(0.00533610187799442*(5.72099072568266*(-16.9149653294214+(((13.9558635514877+exp(sin(v2)))/v1)*(v1+(0.438915376124488+((-1.51577751283309+sin(v2))/v1))))))),-0.9275986831925408,0.0001531117845889499,0.641431397728777,0.0001531117845889499,494.0,0.008042894147234053,(0.00534*(5.72*(-16.9+(((14.0+exp(sin(v2)))/v1)*(v1+(0.439+((-1.52+sin(v2))/v1)))))))
3454.1560859680176,8300.740577478522,30.0,0.0,4.0,-0.9613940088271598,true,0.06870534156895168,0.339576501622479,7.0,(((-1.47132374366749+exp((0.836204321092854+((-0.0082119484036109*(-1.18064154087852+(sin(v2)^1.28926189308698)))*((-303.118312042711+v2)/v1)))))/v1)/4.24954115785472),-0.9652419829767228,7.350504451956029e-5,0.7151741376785691,7.350504451956029e-5,4.5035996273705e15,0.006134519369423253,(((-1.47+exp((0.836+((-0.00821*(-1.18+(sin(v2)^1.29)))*((-303.0+v2)/v1)))))/v1)/4.25)
2142.5134410858154,2560.590929305011,30.0,0.0,42.0,-0.9595006437378236,true,0.12915352493623394,0.36851965541482257,6.0,(0.0121253745363998*((12.9999745637896/v1)*(-1.88696547374626+(((0.458849679974297+exp(sin(v2)))/v1)*(v1+(2.31194583792418+(-3.78626415345224+sin(v2)))))))),-0.9557874057416839,9.349925535471091e-5,0.4973593381773747,9.349925535471091e-5,848.0,0.007061821136026755,(0.0121*((13.0/v1)*(-1.89+(((0.459+exp(sin(v2)))/v1)*(v1+(2.31+(-3.79+sin(v2))))))))
3591.7407240867615,5732.7631541815745,30.0,7.0,0.0,-0.9925467740020032,true,0.055694800226362584,0.2910265353358317,6.0,((-0.703831508106288+(exp((0.911369347925482+((-0.00999563283293575*(-6.5148510451072+(v1+(sin(v2)/0.224701823908929))))*(-142.718425702842/v1))))/v1))/exp(v1)),-0.970086877399212,6.32592304393398e-5,0.5090732500556469,6.32592304393398e-5,4.294967305e9,0.0053420792359745875,((-0.704+(exp((0.911+((-0.01*(-6.51+(v1+(sin(v2)/0.225))))*(-143.0/v1))))/v1))/exp(v1))
3595.911474943161,5704.988171801644,30.0,0.0,0.0,-0.992412505286293,true,0.1767363496522218,0.27674507012143235,6.0,(0.0159764480678053*((-25.0969379910723+(5.56373411606561*(((3.85350521669737+sin((4.67694091085268/v1)))/v1)*(v1+(-2.25398147741538+exp(sin(v2)))))))/v1)),-0.9626212016242788,7.904738169772597e-5,0.5894115939671202,7.904738169772597e-5,730.0,0.004949168277128087,(0.016*((-25.1+(5.56*(((3.85+sin((4.68/v1)))/v1)*(v1+(-2.25+exp(sin(v2)))))))/v1))
3394.000787973404,1632.7235347692695,30.0,1.0,6.0,-0.9938549582593164,true,0.049113795499137525,0.24622247063656083,7.0,((0.160065036065437+(sin((1.87501485913698*(-0.730145495355776+v2)))+((-1.41537048843159*sin(v2))/v1)))*(-1.37292713409505+(0.656005180178863+(v1^-0.243557362057428)))),-0.9896382687914862,2.1912628481407754e-5,0.3911640937393163,2.1912628481407754e-5,141.0,0.003388510617093218,((0.16+(sin((1.88*(-0.73+v2)))+((-1.42*sin(v2))/v1)))*(-1.37+(0.656+(v1^-0.244))))
3503.421128988266,4295.293323700434,30.0,0.0,3.0,-0.9925937305445423,true,0.14714627649844406,0.27194032277117886,4.0,(((-0.411046593116086/v1)/v1)+(sin(v2)/((1.48736026231267*exp(((0.794061695329459/v1)/v1)))/((0.0550770171271497+(sin(v2)/v1))/v1)))),-0.963893627089623,7.635650061508801e-5,0.5631970259758393,7.635650061508801e-5,10848.0,0.005131806063011098,(((-0.411/v1)/v1)+(sin(v2)/((1.49*exp(((0.794/v1)/v1)))/((0.0551+(sin(v2)/v1))/v1))))
3537.374669075012,2838.055661516725,30.0,5.0,2.0,-0.9861484367627139,true,0.051607857068494245,0.2432737148527602,6.0,((-0.383168775201725/v1)+(exp((((1.80913627629515+sin((3.50290019663614/v1)))/v1)*(-0.425370228624046+sin((-5.9785710461725e-5+v2)))))/(7.20909564349862+v1))),-0.9801039894882156,4.2075390476129505e-5,0.38338225521996333,4.2075390476129505e-5,1.7958932119522135e52,0.004775847029442919,((-0.383/v1)+(exp((((1.81+sin((3.5/v1)))/v1)*(-0.425+sin((-5.98e-5+v2)))))/(7.21+v1)))
3181.866231918335,5603.449286109512,30.0,1.0,12.0,-0.9889700097461084,true,0.3882610076934376,0.22556988038267806,7.0,((0.612195563727284+(sin((2.12459411225065*(-0.826917859167534+v2)))+(-1.84014901650748/v1)))*(-0.0300855797975058+((0.20199787679628+(1.3520167970289e-5/sin(v1)))/v1))),-0.9666522007378586,7.052276508615217e-5,0.4931628428911707,7.052276508615217e-5,281.0,0.004862439676719434,((0.612+(sin((2.12*(-0.827+v2)))+(-1.84/v1)))*(-0.0301+((0.202+(1.35e-5/sin(v1)))/v1)))
3395.099776983261,4948.132221652565,30.0,0.0,6.0,-0.9822004001756058,true,0.12024168622752648,0.2993680878968721,6.0,((((1.86795254944912+(0.0273893452597174/v1))/(v1/-0.198806154910067))/v1)+(((sin(v2)^2.27553681259104)/v1)/((4.22086032030491+v1)/1.75690226612061))),-0.9670566301317989,6.966749188150754e-5,0.6221760095156986,6.966749188150754e-5,72.0,0.005744647406273618,((((1.87+(0.0274/v1))/(v1/-0.199))/v1)+(((sin(v2)^2.28)/v1)/((4.22+v1)/1.76)))
3537.3218910694122,2720.1641166596273,30.0,0.0,2.0,-0.9852284808009766,true,0.0845665197194427,0.2458512954630362,7.0,((0.663194709144712+(sin((1.99876061137287*(-0.779949055765998+v2)))+(-2.07182905009801/v1)))*(-0.280558469476882+((1.41919886428357+sin((-1.48057853683806/v1)))/v1))),-0.9821528738796154,3.7742481084192555e-5,0.4337632560139401,3.7742481084192555e-5,401.0,0.004405014480546278,((0.663+(sin((2.0*(-0.78+v2)))+(-2.07/v1)))*(-0.281+((1.42+sin((-1.48/v1)))/v1)))
3607.4052488803864,16490.076019833246,30.0,1.0,0.0,-0.982046854733603,true,0.2678266439857686,0.4647626658599768,6.0,((-0.465779787644737+(sin((-0.225643372396371+v2))+((-0.397514710849041*v2)/v1)))*(-0.148866025745941+(((1.50663907023704+(v2/v1))^-0.401860673027504)/v1))),-0.9072264281873689,0.00019619432034224545,1.049341860154319,0.00019619432034224545,257.0,0.00849162375684738,((-0.466+(sin((-0.226+v2))+((-0.398*v2)/v1)))*(-0.149+(((1.51+(v2/v1))^-0.402)/v1)))
3506.550917863846,3344.496759233573,30.0,0.0,3.0,-0.9940193274325893,true,0.04156095843191593,0.1734478111774657,6.0,(((0.650395542689682+sin((v2+(-1.56379298267303+v2))))+(-2.01348809242608/v1))*(-0.0921648836168035+((0.402659090320484+((-0.190834115156033/v1)/v1))/v1))),-0.9911775028298545,1.8657509915797196e-5,0.38125983948844694,1.8657509915797196e-5,649.0,0.0029076634954484284,(((0.65+sin((v2+(-1.56+v2))))+(-2.01/v1))*(-0.0922+((0.403+((-0.191/v1)/v1))/v1)))
3578.9075009822845,15651.572241053913,30.0,0.0,1.0,-0.9313369588886979,true,0.28327850138310207,0.6931061275404782,6.0,((v2*(sin((0.967288580580999*(v2+(-1.70012586256073+v2))))+((-1.57045023992883/v1)/v1)))*(-0.609456014967822+(16.6071613314449/(23.323805367061+v1)))),-0.7325624109758908,0.0005655677041143103,1.3127459370504748,0.0005655677041143103,716.0,0.013855264192354501,((v2*(sin((0.967*(v2+(-1.7+v2))))+((-1.57/v1)/v1)))*(-0.609+(16.6/(23.3+v1))))
3258.6708629131317,5615.558115009791,30.0,0.0,10.0,-0.9893463389449393,true,0.13103421509557608,0.2226136826993369,7.0,((sin((2.12196078812129*(-0.825964681815236+v2)))+(0.610202574818625+(-1.83782082030824/v1)))*(-0.0307251791806656+sin(((330.692527377527/(1618.78993652057+v1))/v1)))),-0.970582791037637,6.22104895389058e-5,0.4877047670036841,6.22104895389058e-5,10261.0,0.00479265319809589,((sin((2.12*(-0.826+v2)))+(0.61+(-1.84/v1)))*(-0.0307+sin(((331.0/(1620.0+v1))/v1))))
3609.572947025299,12897.108784289154,30.0,0.0,0.0,-0.9834050088950436,true,0.12019950408708582,0.3790553564425718,6.0,(((-0.414612924308067+sin(v2))+(-0.762181561996489/v1))*(-0.126666777080218+(((3.37579761525852+((-4.88280224686313+(1.98077374128132/v1))/v1))/v1)/v1))),-0.9580480636816275,8.871849463387416e-5,1.0669543649851536,8.871849463387416e-5,353.0,0.006238010437537911,(((-0.415+sin(v2))+(-0.762/v1))*(-0.127+(((3.38+((-4.88+(1.98/v1))/v1))/v1)/v1)))
3610.889913082123,3410.1671075531244,30.0,0.0,0.0,-0.9843911276824536,true,0.16600122619554253,0.43670189312217367,6.0,((sin((0.588449153332534*(v2+(-0.477003327722306+v2))))+((-1.2342082592714/v1)/sin((2.07635837555699/v1))))*(0.37574036014487+sin((-0.100871757107288*v1)))),-0.9421450686504906,0.0001223495949631945,0.664515290682693,0.0001223495949631945,802.0,0.007449224128593358,((sin((0.588*(v2+(-0.477+v2))))+((-1.23/v1)/sin((2.08/v1))))*(0.376+sin((-0.101*v1))))
