time_stamp,max_are,compl,dim_penalty,age,minus_spearman,valid,max_ae,q75_are,n_params,eqs_orig,minus_r2,mse,mare,ms_processed_e,recursive_compl,mae,eqs_orig_rounded
1798.923248052597,0.7183124239798316,19.0,1.0,2.0,-0.9764182424916574,true,191.1410936109021,0.138507968847835,4.0,(((-13.7862758566012/log(sqrt_abs((v1-18.4834566519336))))/(v1-16.2454611852101))-(-73.5174990698832*v1)),-0.9719771471779135,5225.006209225611,0.1055430021811417,5225.006209225611,775.0,54.726326347079784,(((-13.8/log(sqrt_abs((v1-18.5))))/(v1-16.2))-(-73.5*v1))
1799.9567499160767,0.71831244518762,19.0,1.0,0.0,-0.9764182424916574,true,191.14111171852596,0.13850797807181744,4.0,(((13.7862827024814/(16.2454612460971-v1))/log(sqrt_abs((18.4834567005309-v1))))-(-73.5174998866368*v1)),-0.9719771468037167,5225.006278996536,0.1055430007707896,5225.006278996536,1028.0,54.7263255138656,(((13.8/(16.2-v1))/log(sqrt_abs((18.5-v1))))-(-73.5*v1))
1796.4316210746765,0.7183124261910128,19.0,1.0,7.0,-0.9764182424916574,true,191.14109515961377,0.13850796971290508,4.0,(((13.7862761142809/log(sqrt_abs((18.483456652952-v1))))/(16.2454611906209-v1))-(-73.5174991612811*v1)),-0.9719771471409319,5225.006216121012,0.10554300234222572,5225.006216121012,775.0,54.72632648874864,(((13.8/log(sqrt_abs((18.5-v1))))/(16.2-v1))-(-73.5*v1))
1800.0662689208984,0.7183124355940699,19.0,1.0,0.0,-0.9764182424916574,true,191.14110374621987,0.138507973961099,4.0,(((-13.7862798926806/(v1-16.2454612185509))/log(sqrt_abs((v1-18.4834566810035))))-(-73.5174995132327*v1)),-0.9719771469710916,5225.0062477886095,0.10554300120663108,5225.0062477886095,1028.0,54.72632572865752,(((-13.8/(v1-16.2))/log(sqrt_abs((v1-18.5))))-(-73.5*v1))
1800.1606938838959,0.7183124287903581,19.0,1.0,0.0,-0.9764182424916574,true,191.14109767963055,0.13850797093042955,4.0,(((13.7862773764175/log(sqrt_abs((v1-18.4834566628991))))/(16.2454612004996-v1))-(-73.5174992556251*v1)),-0.9719771470947782,5225.0062247266005,0.10554300190566092,5225.0062247266005,775.0,54.72632622287425,(((13.8/log(sqrt_abs((v1-18.5))))/(16.2-v1))-(-73.5*v1))
1799.8078598976135,0.7374640604425029,19.0,4.5,1.0,-0.9755283648498332,true,195.89260248421738,0.14789170907582744,3.0,(((v1/(16.6719569430833-v1))/log(pow3(sqrt_abs((18.4616716915297-v1)))))-(-74.5070198282759*v1)),-0.9664572338382366,6254.222672563962,0.10909929460085496,6254.222672563962,8.105446246612134e77,59.88641055416668,(((v1/(16.7-v1))/log(pow3(sqrt_abs((18.5-v1)))))-(-74.5*v1))
1797.7577319145203,0.7183124249660284,19.0,1.0,5.0,-0.9764182424916574,true,191.14109428396682,0.13850796922865602,4.0,(((-55.1451037931651/(v1-16.2454611875859))/log(pow2((18.4834566522932-v1))))-(-73.5174991109658*v1)),-0.9719771471622641,5225.006212143516,0.10554300224667879,5225.006212143516,1028.0,54.72632640342375,(((-55.1/(v1-16.2))/log(pow2((18.5-v1))))-(-73.5*v1))
1799.9535839557648,0.6735710696933287,20.0,0.0,0.0,-0.9639599555061179,true,253.7068912086977,0.13142399105924296,5.0,((70.416017452492*v1)+((-79.529861571216/(v1-16.3733903091626))+(-1.89406231431486/(14.7287766211389-v1)))),-0.9648382161525152,6556.096914792187,0.10992426708615002,6556.096914792187,11.0,60.926408806306185,((70.4*v1)+((-79.5/(v1-16.4))+(-1.89/(14.7-v1))))
1800.091856956482,0.6735721318982407,20.0,0.0,0.0,-0.9639599555061179,true,253.70688386254483,0.13142344981894233,5.0,(((79.5302623926382/(16.3733944902101-v1))+(-1.89406046206405/(14.7287765692139-v1)))-(-70.416056380078*v1)),-0.9648382590428188,6556.08891767267,0.1099241957977488,6556.08891767267,11.0,60.92631019217951,(((79.5/(16.4-v1))+(-1.89/(14.7-v1)))-(-70.4*v1))
1800.1096448898315,0.6739526787163709,20.0,0.0,0.0,-0.9639599555061179,true,253.68131773111986,0.1313166100531449,5.0,((-79.519404484591/(v1-16.3733549523973))-(v1*((0.128633737342159/(14.7287789831961-v1))-70.4064348535271))),-0.9648419957230459,6555.392194269393,0.10990419218789606,6555.392194269393,15.0,60.91467206205388,((-79.5/(v1-16.4))-(v1*((0.129/(14.7-v1))-70.4)))
1799.485200881958,0.7062209747798583,21.0,0.0,1.0,-0.9728587319243605,true,184.82138766600883,0.13115365910099702,5.0,(((26.0760353521506+(60.3748111302098/(16.3244262968191-v1)))/sqrt_abs((17.4284595131936-v1)))-(-71.3858415580649*v1)),-0.9702347338395281,5549.888210708554,0.10773506787776686,5549.888210708554,44.0,58.050239269987756,(((26.1+(60.4/(16.3-v1)))/sqrt_abs((17.4-v1)))-(-71.4*v1))
1798.1627249717712,0.7114544933285379,21.0,0.0,4.0,-0.9733036707452726,true,185.3802113822428,0.12995678615214426,5.0,(((41.6126821376704-(-64.189803789709/(16.3402295455402-v1)))/sqrt_abs((17.4246395423903-v1)))-(-70.6982845052109*v1)),-0.9702451876473748,5547.939044031763,0.10766099115462595,5547.939044031763,44.0,57.53290729992702,(((41.6-(-64.2/(16.3-v1)))/sqrt_abs((17.4-v1)))-(-70.7*v1))
1800.2261700630188,0.6915536770197792,21.0,0.0,0.0,-0.9724137931034482,true,215.61982451545578,0.12510055198099174,5.0,((-73.6951668440104/sqrt_abs((17.4496348802085-v1)))-(-76.8306602749421*(v1+(-0.0249222222811916/(14.7287184749717-v1))))),-0.9672567440556578,6105.149847006659,0.1090341602033981,6105.149847006659,16.0,59.9375255264965,((-73.7/sqrt_abs((17.4-v1)))-(-76.8*(v1+(-0.0249/(14.7-v1)))))
1799.463572025299,0.7225862708509369,22.0,1.0,1.0,-0.9768631813125696,true,194.5859501884197,0.13879588770392237,5.0,((73.0645023214064*v1)+((3.60584455851763+(19.2980240041658/(16.3037288133021-v1)))/log(sqrt_abs((v1-18.4984078476201))))),-0.9725687435036735,5114.700006817294,0.10427151362435323,5114.700006817294,1284.0,52.88716409560013,((73.1*v1)+((3.61+(19.3/(16.3-v1)))/log(sqrt_abs((v1-18.5)))))
1794.770889043808,0.7225862595167759,22.0,1.0,10.0,-0.9768631813125696,true,194.5859424013463,0.13879588394521708,5.0,(((3.60584300926067+(19.2980206622101/(16.3037287620031-v1)))/log(sqrt_abs((18.4984078322301-v1))))-(-73.0645021208568*v1)),-0.9725687436906755,5114.699971949819,0.10427151362673075,5114.699971949819,1284.0,52.88716461721059,(((3.61+(19.3/(16.3-v1)))/log(sqrt_abs((18.5-v1))))-(-73.1*v1))
1799.9716510772705,0.6858904994480568,22.0,4.0,0.0,-0.953726362625139,true,250.52766344783367,0.13009963312599537,4.0,(((-0.792965856827217+(sqrt_abs((v1-11875.2032797181))/(16.3648110506613-v1)))/log(sqrt_abs(v1)))-(-70.090129200848*v1)),-0.9549643894301983,8397.123103684024,0.12152340880320174,8397.123103684024,420.0,72.51372846653113,(((-0.793+(sqrt_abs((v1-11900.0))/(16.4-v1)))/log(sqrt_abs(v1)))-(-70.1*v1))
1800.012932062149,0.7225862613992364,22.0,1.0,0.0,-0.9768631813125696,true,194.58594363717407,0.13879588463183523,5.0,((73.0645021875836*v1)+((3.60584307889294+(19.2980209078141/(16.3037287685984-v1)))/log(sqrt_abs((18.4984078338887-v1))))),-0.9725687436855714,5114.699972901487,0.10427151358940448,5114.699972901487,1284.0,52.88716448548199,((73.1*v1)+((3.61+(19.3/(16.3-v1)))/log(sqrt_abs((18.5-v1)))))
1800.151051044464,0.7225862614010531,22.0,1.0,0.0,-0.9768631813125696,true,194.58594373859523,0.13879588452682703,5.0,(((3.60584338866753+(-19.2980213578545/(v1-16.3037287677165)))/log(sqrt_abs((v1-18.4984078341709))))-(-73.0645021332126*v1)),-0.9725687436428987,5114.699980858055,0.1042715135964876,5114.699980858055,1284.0,52.887164512942,(((3.61+(-19.3/(v1-16.3)))/log(sqrt_abs((v1-18.5))))-(-73.1*v1))
1799.7000830173492,0.713244937818252,22.0,2.0,1.0,-0.9706340378197997,true,216.78405569647794,0.1380329294555807,5.0,(((-1.96229206223355-v1)/(17.4718251155-v1))-(-73.6413910186093*(v1+(0.0262399671164652/(v1-14.7293255704288))))),-0.9665946445876734,6228.601725846655,0.10728033209544503,6228.601725846655,17.0,60.58197783108749,(((-1.96-v1)/(17.5-v1))-(-73.6*(v1+(0.0262/(v1-14.7)))))
1800.2101790904999,0.6706235352421027,22.0,0.0,0.0,-0.9639599555061179,true,253.93127605034192,0.1322485185872459,5.0,((70.4915767370178*v1)+((-1.89323110835193/(14.7287627489475-v1))+((63.2280296482535+v1)/(16.3737095065229-v1)))),-0.964809678066436,6561.417988913709,0.11005801319750082,6561.417988913709,17.0,60.99304099937802,((70.5*v1)+((-1.89/(14.7-v1))+((63.2+v1)/(16.4-v1))))
1800.3568279743195,0.7268022623175519,22.0,0.0,0.0,-0.9733036707452726,true,181.86757375451725,0.11529665576772793,5.0,((-177.297590181153/log((0.393087025591762/pow2((16.9590545382694-v1)))))-(34.8205617189834*((0.235545020728516-v1)-v1))),-0.9692549051053718,5732.582358675843,0.11176216731491648,5732.582358675843,519.0,60.71184492507769,((-177.0/log((0.393/pow2((17.0-v1)))))-(34.8*((0.236-v1)-v1)))
1798.9533469676971,0.7225862605941831,23.0,1.0,2.0,-0.9768631813125696,true,194.58594318765563,0.13879588425564998,5.0,(((10.8175298652075+(57.8940633934864/(16.3037287638229-v1)))/log(sqrt_abs(pow3((18.4984078330197-v1)))))-(-73.0645021172128*v1)),-0.9725687436548407,5114.699978631404,0.10427151359411198,5114.699978631404,5.78960446186581e77,52.88716454864472,(((10.8+(57.9/(16.3-v1)))/log(sqrt_abs(pow3((18.5-v1)))))-(-73.1*v1))
1798.132346868515,0.717557974638401,23.0,2.0,4.0,-0.9764182424916574,true,190.6242303451004,0.1382161796596569,4.0,(((13.7149465012057/log(sqrt_abs((18.4831790590997-v1))))/(16.2437562790528-v1))-(v1*((v1/v1)-74.4860888446385))),-0.9719883167961169,5222.923575996304,0.10549701583027918,5222.923575996304,785.0,54.688744814611404,(((13.7/log(sqrt_abs((18.5-v1))))/(16.2-v1))-(v1*((v1/v1)-74.5)))
1799.702749967575,0.6772794218600987,23.0,1.5,1.0,-0.9724137931034482,true,215.2007670624862,0.1282367745408874,5.0,((76.8395743083245*v1)+((-1.91541764154891/(14.7287525481575-v1))+((v1-89.4295407929134)/sqrt_abs((17.4483447078746-v1))))),-0.9668693750255956,6177.376811198584,0.11127216241292896,6177.376811198584,32.0,60.852319352490895,((76.8*v1)+((-1.92/(14.7-v1))+((v1-89.4)/sqrt_abs((17.4-v1)))))
1796.4898610115051,0.7221396828365744,24.0,3.0,7.0,-0.9759733036707453,true,194.95261700148558,0.13924059668156868,5.0,(((v1+(11.5976346688759/log(sqrt_abs((18.4799328261175-v1)))))/(16.2973403351586-v1))-(-73.159706083452*(0.0312659147695065+v1))),-0.9727230264359229,5085.933154131084,0.10373215960307978,5085.933154131084,782.0,52.18394811418215,(((v1+(11.6/log(sqrt_abs((18.5-v1)))))/(16.3-v1))-(-73.2*(0.0313+v1)))
1798.1317830085754,0.7240394962765756,24.0,0.0,4.0,-0.9737486095661847,true,185.9756358138793,0.11381143221665195,6.0,((2.95474586368892+(((67.3907804956228/(16.3515012652262-v1))--51.2471497029768)/sqrt_abs((17.4205013479077-v1))))-(-70.0674986823187*v1)),-0.97016989315321,5561.97809287626,0.10867508926855568,5561.97809287626,45.0,57.79445365653957,((2.95+(((67.4/(16.4-v1))--51.2)/sqrt_abs((17.4-v1))))-(-70.1*v1))
1800.2117369174957,0.7239208118868724,24.0,0.0,0.0,-0.9737486095661847,true,184.23987882901952,0.1137458826848824,6.0,(((45.2079017983388+(63.8341575019823/(16.3386643029708-v1)))/sqrt_abs((17.4235380326212-v1)))-(70.2034673408789*(-0.0577865418292855-v1))),-0.9702337277145178,5550.075807933556,0.10824041628861261,5550.075807933556,45.0,57.38584747063605,(((45.2+(63.8/(16.3-v1)))/sqrt_abs((17.4-v1)))-(70.2*(-0.0578-v1)))
1790.8417990207672,0.7221409532470371,24.0,1.0,18.0,-0.9759733036707453,true,194.95037331488766,0.13923897834987137,5.0,((2.288932898477+((v1+(46.3896321152002/log(pow2((18.4799316600605-v1)))))/(16.2973272334926-v1)))-(-73.1594528801797*v1)),-0.9727230720685308,5085.924645694732,0.10373223908085219,5085.924645694732,782.0,52.183826684338506,((2.29+((v1+(46.4/log(pow2((18.5-v1)))))/(16.3-v1)))-(-73.2*v1))
1799.7677080631256,0.7279418660705915,24.0,1.0,1.0,-0.9764182424916574,true,190.81123330530613,0.1389970545717028,5.0,(((54.2735956108251/(16.2420306297296-v1))/log(pow2((18.4826725821497-v1))))-(v1*((v1/23.0014275818622)-74.1473984667826))),-0.972062936557109,5209.010334650376,0.10556967504188032,5209.010334650376,1034.0,54.389792215224126,(((54.3/(16.2-v1))/log(pow2((18.5-v1))))-(v1*((v1/23.0)-74.1)))
1798.7315480709076,0.7238888018014088,24.0,1.0,3.0,-0.9755283648498332,true,189.16533848519543,0.1380757003268947,5.0,(2.58005818470058-(-73.3703062341504*(v1+(v1*((0.0104036798304809/log(sqrt_abs((18.4802021205769-v1))))/(16.2286470396363-v1)))))),-0.971661333658261,5283.891277481075,0.10634889935926513,5283.891277481075,1549.0,55.34946567059227,(2.58-(-73.4*(v1+(v1*((0.0104/log(sqrt_abs((18.5-v1))))/(16.2-v1))))))
1800.39106798172,0.6759090427109509,24.0,0.0,0.0,-0.953726362625139,true,264.9280001843224,0.15953864812256002,5.0,((70.7571423725618*v1)+((-3625.92265474261/((v1-20206.0700423775)-v1))+((56.7180716565419+v1)/(16.3634999883195-v1)))),-0.9552449377858403,8344.813408110782,0.11993704591635462,8344.813408110782,19.0,70.82534129813693,((70.8*v1)+((-3630.0/((v1-20200.0)-v1))+((56.7+v1)/(16.4-v1))))
1799.413449048996,0.7225935389903565,25.0,1.0,1.0,-0.9768631813125696,true,194.59113518269783,0.13879810182030988,6.0,(((3.60743890061412+(19.3011889553188/(16.3037690739367-v1)))/log(sqrt_abs((18.498421135258-v1))))-(v1*(-73.2442703894907--0.179746838891462))),-0.9725685398585179,5114.737977512475,0.10427164680145595,5114.737977512475,1286.0,52.886979908234515,(((3.61+(19.3/(16.3-v1)))/log(sqrt_abs((18.5-v1))))-(v1*(-73.2--0.18)))
1799.9793078899384,0.6839875224617973,25.0,0.0,0.0,-0.9639599555061179,true,252.994397651461,0.128309288044399,6.0,((70.3063344475986*v1)+((-79.2137421429562/(v1-16.3717930109354))+(((-200.369432655105/v1)--15.5007756499231)/(v1-14.7288427481261)))),-0.9649186488115433,6541.099828467141,0.11032898878439033,6541.099828467141,20.0,60.863179877926804,((70.3*v1)+((-79.2/(v1-16.4))+(((-200.0/v1)--15.5)/(v1-14.7))))
1800.0626709461212,0.7453175360145587,25.0,1.0,0.0,-0.9724137931034482,true,205.0264758474657,0.14091261599393745,6.0,((6.63706064897469+(((-19.396856057079/log(sqrt_abs((v1-18.4579573969488))))--31.3715768434876)/(v1-14.7285844721495)))-(-73.8582411193702*v1)),-0.9691458087944717,5752.923931515563,0.10618398672636574,5752.923931515563,779.0,57.34820318205629,((6.64+(((-19.4/log(sqrt_abs((v1-18.5))))--31.4)/(v1-14.7)))-(-73.9*v1))
1800.1468489170074,0.676798300366695,25.0,2.5,0.0,-0.9764182424916574,true,190.63674520904055,0.13910894397760434,5.0,(((-14.6116456493606/log(sqrt_abs((18.4858533503627-v1))))/(v1-16.2591096670223))-(v1*(sqrt_abs((18.7462565196015-v1))-75.4439910515729))),-0.9711581561509213,5377.711332736866,0.10704437138645911,5377.711332736866,791.0,56.91773257642738,(((-14.6/log(sqrt_abs((18.5-v1))))/(v1-16.3))-(v1*(sqrt_abs((18.7-v1))-75.4)))
1786.4623959064484,0.7551477653269686,25.0,0.0,26.0,-0.9781979977753059,true,159.37303704720424,0.10817654327737648,6.0,((-44.0193925966513/log((0.790430257415266/sqrt_abs((16.9582452463468-v1)))))-(-69.2781449083475*(v1+(-0.0272815411515536/(14.7284901336395-v1))))),-0.9792618343804744,3866.738508670574,0.10151442198211606,3866.738508670574,520.0,48.70266466783572,((-44.0/log((0.79/sqrt_abs((17.0-v1)))))-(-69.3*(v1+(-0.0273/(14.7-v1)))))
1798.1132938861847,0.7214487675720148,25.0,1.0,4.0,-0.9759733036707453,true,196.495336000959,0.1390649223703081,6.0,(1.82888123567668-(-72.7935999214629*(v1+((0.424899001506449+(0.126205794430357/log(sqrt_abs((18.472488468505-v1)))))/(16.3305885454576-v1))))),-0.9728129132043735,5069.173300083977,0.10358521284691281,5069.173300083977,779.0,52.08752322270102,(1.83-(-72.8*(v1+((0.425+(0.126/log(sqrt_abs((18.5-v1)))))/(16.3-v1)))))
1799.172432899475,0.7236267142300428,25.0,1.0,2.0,-0.9764182424916574,true,190.74690511941435,0.13838659654775112,5.0,(((41.1829668678076/log(sqrt_abs(pow3((18.483262253763-v1)))))/(16.2442917254705-v1))-(36.6835998198825*((-0.0508383388436613-v1)-v1))),-0.9720172972234785,5217.520025049083,0.10576502303247053,5217.520025049083,3.473762677119486e77,54.62575152427617,(((41.2/log(sqrt_abs(pow3((18.5-v1)))))/(16.2-v1))-(36.7*((-0.0508-v1)-v1)))
1800.1840329170227,0.6703389339486081,25.0,0.0,0.0,-0.953726362625139,true,251.69146691464312,0.1610071269215762,6.0,(((34.6539475076774--43.7914720297628)/(((0.215676557728233/((v1-6.4119748993643)-v1))--16.4009629784015)-v1))-(-70.2566340773978*v1)),-0.9548654936438262,8415.56273583502,0.12128686621155103,8415.56273583502,22.0,72.654213817506,(((34.7--43.8)/(((0.216/((v1-6.41)-v1))--16.4)-v1))-(-70.3*v1))
1800.1845080852509,0.7223934558323944,25.0,0.0,0.0,-0.9728587319243605,true,185.07410063136695,0.11204767449862586,5.0,((71.7948277046976*v1)+(6.48411745549415+((v1+((665.219243660326/v1)/sqrt_abs((v1-17.4319119539372))))/(16.3137364468015-v1)))),-0.9702230037378093,5552.075348995447,0.10846053485153753,5552.075348995447,86.0,58.02192149459006,((71.8*v1)+(6.48+((v1+((665.0/v1)/sqrt_abs((v1-17.4))))/(16.3-v1))))
1800.186369895935,0.7182293394210746,25.0,0.0,0.0,-0.9728587319243605,true,185.68375289595497,0.11805230154182741,5.0,((4.86624881730875+((v1+(669.25334363973/(v1*sqrt_abs((17.4320129191851-v1)))))/(16.3154283156552-v1)))-(-71.9410177841832*v1)),-0.9702371602099061,5549.435801370638,0.10816738178878664,5549.435801370638,65.0,57.947510514540376,((4.87+((v1+(669.0/(v1*sqrt_abs((17.4-v1)))))/(16.3-v1)))-(-71.9*v1))
1800.2237520217896,0.7238905123611468,25.0,1.0,0.0,-0.9755283648498332,true,189.1435072925442,0.1380639640371185,5.0,((((2.2896261393369*v1)/log(sqrt_abs(pow3((18.4801986885009-v1)))))/(16.2285364322062-v1))-(-73.368121845741*(0.0353178134849064+v1))),-0.9716621406004935,5283.740818917765,0.1063457822798813,5283.740818917765,1.0421288031358458e78,55.3442586596931,((((2.29*v1)/log(sqrt_abs(pow3((18.5-v1)))))/(16.2-v1))-(-73.4*(0.0353+v1)))
1800.2502529621124,0.7214842255320374,25.0,1.0,0.0,-0.9759733036707453,true,196.44325202219625,0.13901876724329393,6.0,((((9.1438059063737/log(sqrt_abs((18.4722776060081-v1))))--31.0743599321334)/(16.3306478052418-v1))-(-72.7835706958202*(0.0257746097809835+v1))),-0.9728113555002771,5069.463742089556,0.10360727037056952,5069.463742089556,779.0,52.11287907948076,((((9.14/log(sqrt_abs((18.5-v1))))--31.1)/(16.3-v1))-(-72.8*(0.0258+v1)))
1800.268898010254,0.6992153631150142,25.0,0.0,0.0,-0.9737486095661847,true,188.24582540355846,0.12133243056694527,6.0,(((((1093.0877348828/(16.3497424815963-v1))--1008.35447855781)/(17.4236560275039-v1))/v1)-(-72.4576353815261*(-0.218439592955506+v1))),-0.9698276995555506,5625.781863458769,0.1076197861057736,5625.781863458769,37.0,57.3013992309897,(((((1090.0/(16.3-v1))--1010.0)/(17.4-v1))/v1)-(-72.5*(-0.218+v1)))
1799.7831559181213,0.7551472852184449,25.0,0.0,1.0,-0.9781979977753059,true,159.37293572087177,0.10817666307516073,6.0,((-44.0191734781277/log((0.790430514184891/sqrt_abs((16.9582440762903-v1)))))-(69.2781529050388*((0.0272815454582655/(14.7284901456772-v1))-v1))),-0.979261829407769,3866.7394358573024,0.101514421855931,3866.7394358573024,520.0,48.70269117642475,((-44.0/log((0.79/sqrt_abs((17.0-v1)))))-(69.3*((0.0273/(14.7-v1))-v1)))
1800.3777570724487,0.7551371463812151,25.0,0.0,0.0,-0.9781979977753059,true,159.37079593134231,0.10817892932108616,6.0,((-44.0141485222734/log((0.790434893309009/sqrt_abs((16.9582177206853-v1)))))-(-69.2783815295266*(v1+(-0.0272816079715083/(14.7284903887368-v1))))),-0.979261740970659,3866.7559254150096,0.10151436847083282,3866.7559254150096,520.0,48.70324425254221,((-44.0/log((0.79/sqrt_abs((17.0-v1)))))-(-69.3*(v1+(-0.0273/(14.7-v1)))))
1798.8631989955902,0.7050606882234944,26.0,0.0,2.0,-0.9804226918798665,true,148.80221904135098,0.11311583110875989,6.0,(((-56.5614432583738/(v1-16.3119303356425))/sqrt_abs((-17.4406391224718+v1)))-(v1*(-72.8665718292307-(0.12675598434638/(v1-14.7280630047187))))),-0.9802849907639246,3675.965695835403,0.09561939098104032,3675.965695835403,44.0,46.1768744304089,(((-56.6/(v1-16.3))/sqrt_abs((-17.4+v1)))-(v1*(-72.9-(0.127/(v1-14.7)))))
1799.959203004837,0.7209124039048742,26.0,0.0,0.0,-0.9639599555061179,true,250.66414377537058,0.12115298130137928,7.0,((69.2151151864579*v1)+((31.4630920189526+((149.562914870775-(-6.11780001776413/(v1-14.7289569804275)))/(16.3668277279368-v1)))/1.96350268598082)),-0.9649806899402082,6529.531938339767,0.11182096150998215,6529.531938339767,21.0,60.60394683718536,((69.2*v1)+((31.5+((150.0-(-6.12/(v1-14.7)))/(16.4-v1)))/1.96))
1799.9891550540924,0.7001810398906575,26.0,0.0,0.0,-0.9737486095661847,true,186.10614439688402,0.1339157837093315,6.0,(((-56.1357617420954/(v1-16.3094358483611))/sqrt_abs((17.4408330428984-v1)))-(v1*(((65.7844156426527-v1)/6412.51766777839)-72.6559128213637))),-0.9700812440862495,5578.507171062955,0.10715476226756987,5578.507171062955,44.0,58.15876455015904,(((-56.1/(v1-16.3))/sqrt_abs((17.4-v1)))-(v1*(((65.8-v1)/6410.0)-72.7)))
1799.9928789138794,0.7011792318540979,26.0,0.0,0.0,-0.9737486095661847,true,186.94595285983155,0.1343611230213974,6.0,(((56.9741451849972/(16.3143320957189-v1))/sqrt_abs((17.4414999475521-v1)))-(v1*(((105.87478937155-v1)/3409.21848315889)-72.7147541255144))),-0.9700769374093436,5579.310173302497,0.10707073174775132,5579.310173302497,44.0,58.02695866455092,(((57.0/(16.3-v1))/sqrt_abs((17.4-v1)))-(v1*(((106.0-v1)/3410.0)-72.7)))
1790.1053969860077,0.7050850305982032,26.0,0.0,19.0,-0.9804226918798665,true,148.80735647055943,0.11301346830097601,6.0,(((56.6891149398218/(16.3127829924301-v1))/sqrt_abs((17.440721865806-v1)))-(-72.8926509025414*(v1+(-0.0255405773257291/(14.7280158032691-v1))))),-0.9802897233798986,3675.083275048078,0.09558592189475361,3675.083275048078,40.0,46.145978360787225,(((56.7/(16.3-v1))/sqrt_abs((17.4-v1)))-(-72.9*(v1+(-0.0255/(14.7-v1)))))
1795.5478510856628,0.7045746962353046,26.0,3.5,9.0,-0.9759733036707453,true,193.4814180327594,0.1391813108755174,5.0,(((18.1851787490519/log(sqrt_abs((v1-18.5086539181019))))/(16.2916650814895-v1))-(v1*(log(sqrt_abs((19.5459308197091-v1)))-74.210251584466))),-0.9718002945017519,5257.981307690037,0.10514448718378361,5257.981307690037,1287.0,55.04191501138302,(((18.2/log(sqrt_abs((v1-18.5))))/(16.3-v1))-(v1*(log(sqrt_abs((19.5-v1)))-74.2)))
1800.1733450889587,0.7211906636659967,26.0,0.0,0.0,-0.9737486095661847,true,188.9431276328819,0.12509105783302943,6.0,(((55.1872085727464+(7.0578782753038/sqrt_abs((17.4213255754077-v1))))/(16.345851533531-v1))-(35.6533804779398*((-0.207931698583473-v1)-v1))),-0.9700012605520191,5593.420515740719,0.10748981087888146,5593.420515740719,37.0,57.13079597355159,(((55.2+(7.06/sqrt_abs((17.4-v1))))/(16.3-v1))-(35.7*((-0.208-v1)-v1)))
1800.1898679733276,0.7209113582196336,26.0,0.0,0.0,-0.9639599555061179,true,250.66423955346863,0.1211540950903082,7.0,(((54.4584926348386-(-265.326880055093/(16.3668169044301-v1)))/3.39845979885792)-(69.2149871931854*((-0.0274843051588944/(v1-14.7289571028305))-v1))),-0.9649805866633386,6529.551194847608,0.11182109864227902,6529.551194847608,13.0,60.60415953909976,(((54.5-(-265.0/(16.4-v1)))/3.4)-(69.2*((-0.0275/(v1-14.7))-v1)))
1800.2588798999786,0.7238887881850602,26.0,1.0,0.0,-0.9755283648498332,true,189.16534197781107,0.13807570172309344,5.0,(((0.763321208782712/log(sqrt_abs((18.4802021221657-v1))))/((16.2286470432742-v1)/v1))-(36.6851534188175*((-0.0703296044909857-v1)-v1))),-0.9716613334607025,5283.891314316886,0.10634889870079818,5283.891314316886,1806.0,55.34946589673252,(((0.763/log(sqrt_abs((18.5-v1))))/((16.2-v1)/v1))-(36.7*((-0.0703-v1)-v1)))
1799.8000330924988,0.7031285757631563,26.0,0.0,1.0,-0.9737486095661847,true,188.20938907033974,0.1351049730975986,6.0,(((57.3080918739852/sqrt_abs((17.4416441530309-v1)))/(16.3205859427139-v1))-(v1*(((20.4496559159298-v1)/2567.74194640579)-72.7732839285172))),-0.9700932645514302,5576.265893003041,0.10695692119825954,5576.265893003041,39.0,57.84157676545682,(((57.3/sqrt_abs((17.4-v1)))/(16.3-v1))-(v1*(((20.4-v1)/2570.0)-72.8)))
1796.1945719718933,0.718911874029245,26.0,1.0,8.0,-0.9768631813125696,true,195.6345495885164,0.13907654142771153,5.0,((-1.07003277639116+((v1+((822.664793216188/log(pow2((18.4821399818757-v1))))/v1))/(16.3077894549799-v1)))-(-73.2903615591017*v1)),-0.9727813461291183,5075.059144942916,0.10349166229199296,5075.059144942916,1556.0,51.93930664320169,((-1.07+((v1+((823.0/log(pow2((18.5-v1))))/v1))/(16.3-v1)))-(-73.3*v1))
1789.2578620910645,0.7193653670012035,26.0,1.0,21.0,-0.9759733036707453,true,195.08970920278307,0.1395085499726504,5.0,(((4.9724709406592/v1)+((v1+(46.5428825340368/log(pow2((18.4800979741319-v1)))))/(16.2980962801693-v1)))-(-73.2996954823358*v1)),-0.972716828370696,5087.088815530073,0.1036949117620008,5087.088815530073,784.0,52.2177513540657,(((4.97/v1)+((v1+(46.5/log(pow2((18.5-v1)))))/(16.3-v1)))-(-73.3*v1))
1800.3004410266876,0.723626721267128,26.0,2.0,0.0,-0.9764182424916574,true,190.74692303432857,0.13838660753110527,5.0,(((13.7276544489274/log(sqrt_abs((18.4832622330158-v1))))/(16.2442918393719-v1))-(v1*(((-1.86492558242214-v1)/v1)-72.3672015236062))),-0.9720172966795234,5217.5201264723155,0.10576502813872019,5217.5201264723155,789.0,54.625757712645616,(((13.7/log(sqrt_abs((18.5-v1))))/(16.2-v1))-(v1*(((-1.86-v1)/v1)-72.4)))
1800.3692140579224,0.6940664902090056,26.0,3.5,0.0,-0.9759733036707453,true,205.21358172114674,0.14834583254448164,5.0,(((v1/(16.2750719804518-v1))/log(sqrt_abs((18.4910449863378-v1))))-(v1*(((16.3340429219598-v1)/5.34938552919311)-74.7333975552618))),-0.9687949558557911,5818.3422811307555,0.11006509088493374,5818.3422811307555,1804.0,60.5720824348191,(((v1/(16.3-v1))/log(sqrt_abs((18.5-v1))))-(v1*(((16.3-v1)/5.35)-74.7)))
1798.3408761024475,0.7237289964580754,27.0,1.0,3.0,-0.9768631813125696,true,194.4960048786827,0.13866808897014654,6.0,(((3.60350183092458+(19.2833479203644/(16.3034236462432-v1)))/log(sqrt_abs((18.4983511012108-v1))))-(v1*((-0.404704081743013/v1)-73.031822188973))),-0.9725724142452253,5114.015578021895,0.10433342489652767,5114.015578021895,1290.0,52.88536253767687,(((3.6+(19.3/(16.3-v1)))/log(sqrt_abs((18.5-v1))))-(v1*((-0.405/v1)-73.0)))
1793.0678448677063,0.7305795759769423,27.0,1.0,13.0,-0.9826473859844271,true,154.18794992750773,0.0998656722659646,6.0,(((-14.4675893290828/log(sqrt_abs((v1-18.4855904998999))))/(v1-16.2632641880136))-(v1*((-0.123760582662624/(v1-14.7273531148419))-74.0472655223208))),-0.9820308991961412,3350.4320159853173,0.09451442706800074,3350.4320159853173,783.0,43.34329119586619,(((-14.5/log(sqrt_abs((v1-18.5))))/(v1-16.3))-(v1*((-0.124/(v1-14.7))-74.0)))
1799.4750230312347,0.6932300766547514,27.0,0.0,1.0,-0.9737486095661847,true,185.54855099648353,0.13227373090436012,6.0,(((-62.3957693110341/(v1-16.1850653932013))/sqrt_abs((17.4413675000473-v1)))-(v1*((0.0035210109727592/pow2((16.0769932118195-v1)))-72.313248634103))),-0.9699129695872613,5609.882823914954,0.10772915574299877,5609.882823914954,54.0,58.822647413534085,(((-62.4/(v1-16.2))/sqrt_abs((17.4-v1)))-(v1*((0.00352/pow2((16.1-v1)))-72.3)))
1799.917475938797,0.6947248398341488,27.0,1.0,0.0,-0.9639599555061179,true,252.24734561382797,0.12523087786092343,5.0,(((-319.604682703745/(v1-16.370447731683))/sqrt_abs(v1))-(v1*((((29.5866966622647-v1)-v1)/(14.7288839308085-v1))-72.1510281176143))),-0.9649480228067039,6535.622894763135,0.11096230262504643,6535.622894763135,52.0,60.84315159027127,(((-320.0/(v1-16.4))/sqrt_abs(v1))-(v1*((((29.6-v1)-v1)/(14.7-v1))-72.2)))
1799.9923839569092,0.7173850258193138,27.0,1.0,0.0,-0.9759733036707453,true,198.2873911213769,0.13979416312637757,6.0,(((-58.5902950078938/(v1-16.3506091188372))+(((-69.8765531170117/log(sqrt_abs((18.4474141179324-v1))))--50.7548511891239)/v1))-(-72.7454558759274*v1)),-0.9728910424180893,5054.60570308095,0.10278078973566089,5054.60570308095,524.0,51.31927263848477,(((-58.6/(v1-16.4))+(((-69.9/log(sqrt_abs((18.4-v1))))--50.8)/v1))-(-72.7*v1))
1800.0100100040436,0.7295222308811432,27.0,1.0,0.0,-0.9724137931034482,true,205.43856215127244,0.14746749496692182,6.0,((74.1709932628725*v1)+((8.23565611986364/v1)+((-29.5615289091463-(-18.1982216072765/log(sqrt_abs((18.4558677275201-v1)))))/(14.7286481672306-v1)))),-0.9689698750103214,5785.72769779994,0.10607934687445866,5785.72769779994,781.0,57.97259981579157,((74.2*v1)+((8.24/v1)+((-29.6-(-18.2/log(sqrt_abs((18.5-v1)))))/(14.7-v1))))
1799.0231499671936,0.7525068447721804,27.0,1.0,2.0,-0.9826473859844271,true,158.81567390750834,0.10546434282802492,6.0,(((((-1.93616791384914/(v1-14.7264743091592))-14.2626057172698)/(v1-16.374748378263))/log(sqrt_abs((v1-18.4910813479028))))-(-74.9826615108904*v1)),-0.98106402529525,3530.710668118561,0.09653235352623449,3530.710668118561,4100.0,45.52887902997393,(((((-1.94/(v1-14.7))-14.3)/(v1-16.4))/log(sqrt_abs((v1-18.5))))-(-75.0*v1))
1799.629441022873,0.7279432286888079,27.0,1.0,1.0,-0.9764182424916574,true,190.8111469242608,0.13899711140771573,6.0,(((-54.2734472708524/log(pow2((18.482672483801-v1))))/(v1-16.2420295398629))-(v1*(((7.91084246993212-v1)/-22.9980269974704)-73.8035098574019))),-0.9720629477653805,5209.008244810045,0.10556966725226197,5209.008244810045,783.0,54.38973570345107,(((-54.3/log(pow2((18.5-v1))))/(v1-16.2))-(v1*(((7.91-v1)/-23.0)-73.8)))
1797.4537560939789,0.7284034990113809,27.0,1.0,5.0,-0.9759733036707453,true,193.47916119438105,0.14207883804175958,6.0,(((-41.4912487402233/log(pow2((18.4858435806127-v1))))/(v1-16.5608800363296))-(v1*((-0.0370901085727066/(16.0940136354187-v1))-73.9979053410918))),-0.9729153551679894,5050.072464798681,0.10291279547260886,5050.072464798681,783.0,51.59436246207899,(((-41.5/log(pow2((18.5-v1))))/(v1-16.6))-(v1*((-0.0371/(16.1-v1))-74.0)))
1792.7001950740814,0.7305786489529289,27.0,1.0,14.0,-0.9826473859844271,true,154.1877542801931,0.09986615353513642,6.0,(((57.8699320621915/log(pow2((v1-18.485589866518))))/(16.2632614274187-v1))-(v1*((0.123760823389802/(14.7273531621483-v1))-74.0472271911201))),-0.982030918758001,3350.428368575135,0.09451435195297657,3350.428368575135,783.0,43.34320142514936,(((57.9/log(pow2((v1-18.5))))/(16.3-v1))-(v1*((0.124/(14.7-v1))-74.0)))
1798.0767378807068,0.7305776758904602,27.0,1.0,4.0,-0.9826473859844271,true,154.18754891651727,0.09986665981542428,6.0,(((-14.4674941418867/log(sqrt_abs((18.4855902022061-v1))))/(v1-16.2632579445294))-(v1*((0.123761060478131/(14.7273532074121-v1))-74.0471852634942))),-0.9820309394746398,3350.424505850396,0.09451419278899481,3350.424505850396,783.0,43.343042875790076,(((-14.5/log(sqrt_abs((18.5-v1))))/(v1-16.3))-(v1*((0.124/(14.7-v1))-74.0)))
1799.0208220481873,0.7224514585105396,27.0,1.0,2.0,-0.9764182424916574,true,190.80529088564822,0.13836843344125388,5.0,(((-13.7424043817626/(v1-16.2445574925114))/log(sqrt_abs((v1-18.4833125981626))))-(v1*(((-1.72434524974652-v1)/pow2(v1))-73.4211521385801))),-0.9720121078851421,5218.487604088996,0.10575588805820878,5218.487604088996,1054.0,54.658798594794554,(((-13.7/(v1-16.2))/log(sqrt_abs((v1-18.5))))-(v1*(((-1.72-v1)/pow2(v1))-73.4)))
1800.1005280017853,0.7181985109549724,27.0,1.0,0.0,-0.9764182424916574,true,191.09591843848057,0.13848308208812168,6.0,(((13.787597322422/log(sqrt_abs((v1-18.483463976131))))/(16.2454858098528-v1))-(v1*(((28.3506689743017-v1)/5559.80467664808)-73.5168092916563))),-0.9719776358087264,5224.915101476947,0.10554799610366777,5224.915101476947,783.0,54.73605175844075,(((13.8/log(sqrt_abs((v1-18.5))))/(16.2-v1))-(v1*(((28.4-v1)/5560.0)-73.5)))
1800.1089100837708,0.6792229058486351,27.0,1.0,0.0,-0.9639599555061179,true,253.67532065331943,0.13018949044832986,6.0,((70.3699695523686*v1)+((-79.271111319944/(v1-16.3723834819285))+(((27.6448236718208/log(sqrt_abs(v1)))-22.4568826606128)/(14.7288250605486-v1)))),-0.9649235353215224,6540.188713344628,0.1097121296128878,6540.188713344628,62.0,60.74688506766655,((70.4*v1)+((-79.3/(v1-16.4))+(((27.6/log(sqrt_abs(v1)))-22.5)/(14.7-v1))))
1800.1182100772858,0.7276669914812728,27.0,1.0,0.0,-0.9706340378197997,true,217.84261945637695,0.12929402497259296,6.0,((73.4345677532106*v1)+((5.11417423821519+(((-7.13449577265414/(14.7293786571363-v1))-30.3056804529551)/(17.471853447813-v1)))/log(sqrt_abs(v1)))),-0.966707215454963,6207.612303952308,0.10788966453890891,6207.612303952308,276.0,60.36833533343239,((73.4*v1)+((5.11+(((-7.13/(14.7-v1))-30.3)/(17.5-v1)))/log(sqrt_abs(v1))))
1800.1555740833282,0.7232415628414326,27.0,1.0,0.0,-0.9768631813125696,true,194.519720679687,0.1387146217943518,6.0,(((3.52650574843347+(((-24.1207968415302/v1)-17.8101399239465)/(v1-16.3035599519401)))/log(sqrt_abs((18.498336520535-v1))))-(-73.0582243072591*v1)),-0.9725732969110682,5113.851000398807,0.10432702088360914,5113.851000398807,3588.0,52.887759321180965,(((3.53+(((-24.1/v1)-17.8)/(v1-16.3)))/log(sqrt_abs((18.5-v1))))-(-73.1*v1))
1799.7307949066162,0.7214840920694134,27.0,1.0,1.0,-0.9759733036707453,true,196.44361827201465,0.1390190774931381,6.0,(((31.0734166661542+(9.14410341828555/log(sqrt_abs((18.4722791237995-v1)))))/(16.3306476053334-v1))-(36.3918178537006*((-0.0515413310094304-v1)-v1))),-0.9728113660393362,5069.461777027359,0.10360713020914278,5069.461777027359,781.0,52.11270891219441,(((31.1+(9.14/log(sqrt_abs((18.5-v1)))))/(16.3-v1))-(36.4*((-0.0515-v1)-v1)))
1798.642606973648,0.6753075380235644,27.0,0.0,3.0,-0.9781979977753059,true,168.77928604814792,0.12852667900919684,6.0,(((48.9798330501029/sqrt_abs((17.4365511645815-v1)))/(16.2663514550577-v1))-(v1*((-2.98531867393418e-6/pow2((14.7426259120189-v1)))-71.6145774942728))),-0.9732018253940156,4996.658605786989,0.1056170300434503,4996.658605786989,49.0,56.300661862178416,(((49.0/sqrt_abs((17.4-v1)))/(16.3-v1))-(v1*((-2.99e-6/pow2((14.7-v1)))-71.6)))
1797.6559779644012,0.6963529121739317,27.0,0.0,5.0,-0.9790878754171302,true,146.96445327064143,0.11692696180088905,6.0,(((-28.115877528708/v1)/(14.7289603194243-v1))-(-72.818496061422*(v1+(0.628839602871429/((16.2363569325504-v1)*(17.5276537432468-v1)))))),-0.9789684438258163,3921.442698838151,0.0988857185289081,3921.442698838151,24.0,49.88236788820457,(((-28.1/v1)/(14.7-v1))-(-72.8*(v1+(0.629/((16.2-v1)*(17.5-v1))))))
1796.055517911911,0.6993930627970331,27.0,1.0,8.0,-0.9750834260289211,true,197.74813745986285,0.13957307506752525,6.0,(((0.000222867043826804/log(sqrt_abs((18.5459278232418-v1))))/(17.421789934299-v1))-(v1*((-3.84991241728539/(16.3690336106011-v1))-72.5594577071096))),-0.9709046498855254,5424.978890368507,0.1038002502398658,5424.978890368507,783.0,53.895304290322784,(((0.000223/log(sqrt_abs((18.5-v1))))/(17.4-v1))-(v1*((-3.85/(16.4-v1))-72.6)))
1800.2657399177551,0.7238887881698737,27.0,1.0,0.0,-0.9755283648498332,true,189.1653416201093,0.13807570154326232,5.0,((((2.28996361479434*v1)/log(sqrt_abs(pow3((18.4802021220492-v1)))))/(16.2286470417895-v1))-(36.6851534029778*((-0.0703296087168208-v1)-v1))),-0.9716613334753588,5283.89131158414,0.10634889863432467,5283.89131158414,1.0421288031358458e78,55.349465805905055,((((2.29*v1)/log(sqrt_abs(pow3((18.5-v1)))))/(16.2-v1))-(36.7*((-0.0703-v1)-v1)))
1782.5519139766693,0.7279445191907706,27.0,4.0,34.0,-0.9808676307007786,true,163.21794868936377,0.11373925392894718,5.0,(((v1/(16.6573164221217-v1))/(17.4784299324746-v1))-(v1*(((14.7395458639173-v1)/pow2((v1-14.7588971105396)))-74.2151024296433))),-0.9756898701072152,4532.749768316567,0.09733300337030516,4532.749768316567,75.0,49.060121340439565,(((v1/(16.7-v1))/(17.5-v1))-(v1*(((14.7-v1)/pow2((v1-14.8)))-74.2)))
1797.7618958950043,0.7189352163948233,27.0,1.0,5.0,-0.9759733036707453,true,191.59263344567262,0.13876356263958128,6.0,(((55.4074567125613/(16.2469492946306-v1))/log(pow2((18.4837099941956-v1))))-(v1*((v1/(-3549.88732322806-3493.71467188276))-73.5426388686221))),-0.9719655846901805,5227.162095015773,0.10558374466369772,5227.162095015773,1038.0,54.760900249148904,(((55.4/(16.2-v1))/log(pow2((18.5-v1))))-(v1*((v1/(-3550.0-3490.0))-73.5)))
1797.7060050964355,0.7182101797177225,27.0,1.0,5.0,-0.9764182424916574,true,191.1000367721265,0.1384857115924731,6.0,(((-13.785370883537/(v1-16.2454359729767))/log(sqrt_abs((18.483454752353-v1))))-(v1*(((-3.08022218325294-v1)/6013.5411287577)-73.5117949254849))),-0.9719776401132196,5224.91429888187,0.10554484736061238,5224.91429888187,1036.0,54.73183139740436,(((-13.8/(v1-16.2))/log(sqrt_abs((18.5-v1))))-(v1*(((-3.08-v1)/6010.0)-73.5)))
1787.6799619197845,0.6700141127703265,27.0,2.0,24.0,-0.9768631813125696,true,141.40568100663015,0.1255905749107611,6.0,(((v1+(0.141009195877732/(-17.4214706119516+v1)))/(16.1576646852472-v1))-(-71.5866652184818*(v1+(0.0269256778183423/(v1-14.7303342794183))))),-0.9752966086473299,4606.075406601673,0.10323581669457853,4606.075406601673,26.0,54.89793929687098,(((v1+(0.141/(-17.4+v1)))/(16.2-v1))-(-71.6*(v1+(0.0269/(v1-14.7)))))
1799.830148935318,0.7540114035424824,27.0,0.0,1.0,-0.9781979977753059,true,159.13320924515872,0.1081968857573476,6.0,((-44.187668831243/log((0.790245949049997/sqrt_abs((16.9589916716593-v1)))))-(-69.2855471593486*(v1+((-0.402143548130625/(14.7284809040593-v1))/v1)))),-0.9792863382009677,3862.169644285511,0.10138751922510202,3862.169644285511,525.0,48.66868884596341,((-44.2/log((0.79/sqrt_abs((17.0-v1)))))-(-69.3*(v1+((-0.402/(14.7-v1))/v1))))
1800.2943530082703,0.7457032187999809,27.0,1.0,0.0,-0.9692992213570634,true,192.76614631436155,0.14900322595751422,6.0,(((-1.60266391984153/log(sqrt_abs((18.454196533498-v1))))/(4.18907610530889/v1))-(-75.2145799101749*(v1+(0.024805915323589/(v1-14.7278166199248))))),-0.9647900050654812,6565.086121947702,0.10739762988022189,6565.086121947702,779.0,59.8408768219518,(((-1.6/log(sqrt_abs((18.5-v1))))/(4.19/v1))-(-75.2*(v1+(0.0248/(v1-14.7)))))
1800.3065938949585,0.722139678274914,27.0,3.0,0.0,-0.9759733036707453,true,194.95262344242906,0.13924060134183985,5.0,(((v1+(34.7929062369634/log(sqrt_abs(pow3((18.4799328300364-v1))))))/(16.2973403704748-v1))-(-36.5798534093664*(v1+(v1--0.0625317024292873)))),-0.9727230263004478,5085.933179391106,0.10373215927099902,5085.933179391106,3.473762677119486e77,52.18394839693121,(((v1+(34.8/log(sqrt_abs(pow3((18.5-v1))))))/(16.3-v1))-(-36.6*(v1+(v1--0.0625))))
1798.912533044815,0.7313854779909006,28.0,1.0,2.0,-0.9826473859844271,true,154.35803458831762,0.10203334312071505,6.0,(((-14.4637128104338/log(sqrt_abs((v1-18.4855728876844))))/(v1-16.2618964976461))-(v1*((-1.79654981958584e-5/pow3((v1-14.729197470946)))-74.0692447380803))),-0.9814723151061082,3454.58291587145,0.0949820642483614,3454.58291587145,793.0,43.7695863531718,(((-14.5/log(sqrt_abs((v1-18.5))))/(v1-16.3))-(v1*((-1.8e-5/pow3((v1-14.7)))-74.1)))
1799.536917924881,0.6961459133373343,28.0,1.0,1.0,-0.9737486095661847,true,171.7276215906129,0.13185701040722372,6.0,(((-54.7758142852848/sqrt_abs((17.4396918904587-v1)))/(v1-16.3033899514631))-(v1*(((14.783717125029-v1)/(v1-15.0566068913735))-71.5069547291906))),-0.970454646622321,5508.88433209291,0.10689029856159483,5508.88433209291,51.0,58.055491134523244,(((-54.8/sqrt_abs((17.4-v1)))/(v1-16.3))-(v1*(((14.8-v1)/(v1-15.1))-71.5)))
1798.5626859664917,0.7188335467245788,28.0,1.0,3.0,-0.9759733036707453,true,198.30570314447186,0.13963815813951214,7.0,(((-58.9110479430239/(v1-16.352066732373))+(((-27.1386055339288/log(sqrt_abs((18.444834300488-v1))))--21.9038851086857)/7.55961940832026))-(-72.6536446872095*v1)),-0.9728729325007761,5057.982391065251,0.10281657158158496,5057.982391065251,266.0,51.347346729028466,(((-58.9/(v1-16.4))+(((-27.1/log(sqrt_abs((18.4-v1))))--21.9)/7.56))-(-72.7*v1))
1785.3566219806671,0.7073050496000665,28.0,0.0,28.0,-0.9795328142380423,true,149.2758888384944,0.1133938338827447,7.0,((72.1761448437516*v1)+((59.7787078189048+(((-8.13781715899763/(14.7276342454066-v1))--62.5016767733883)/(16.3636241031345-v1)))/(17.4277596910109-v1))),-0.9803763426197477,3658.932668651103,0.0946551453166939,3658.932668651103,55.0,44.89434239415217,((72.2*v1)+((59.8+(((-8.14/(14.7-v1))--62.5)/(16.4-v1)))/(17.4-v1)))
1796.5232589244843,0.7045942749949908,28.0,1.0,7.0,-0.9804226918798665,true,148.7037830846301,0.11335827581936087,6.0,(((56.4309446801814/sqrt_abs((17.4405553648128-v1)))/(16.3109985983732-v1))-(v1*(((14.8551383610894-v1)/(14.7281085508297-v1))-73.8472265951281))),-0.9802751716754362,3677.7965157967556,0.09564872438432198,3677.7965157967556,51.0,46.22776653536891,(((56.4/sqrt_abs((17.4-v1)))/(16.3-v1))-(v1*(((14.9-v1)/(14.7-v1))-73.8)))
1800.028687953949,0.7218338580390269,28.0,1.0,0.0,-0.9737486095661847,true,188.96091911741905,0.12200627343434713,7.0,(((-63.2634450067202/(v1-16.3512575711128))+(((17.5323527248489/log(sqrt_abs((v1-18.4209517461685))))--1119.23260040216)/142.252174715016))-(-71.1151068788338*v1)),-0.9695275628916336,5681.743900676723,0.1077690109561511,5681.743900676723,266.0,57.42202108391111,(((-63.3/(v1-16.4))+(((17.5/log(sqrt_abs((v1-18.4))))--1120.0)/142.0))-(-71.1*v1))
1800.0878069400787,0.7044730208934405,28.0,1.0,0.0,-0.9750834260289211,true,189.0894248918703,0.13568362798725625,6.0,(((-54.5177492700718/sqrt_abs((v1-17.441992377597)))/(v1-16.3053558498256))-(v1*(((17.4738383285888-v1)/(v1-17.308189872968))-71.8252292118376))),-0.9703515667633708,5528.1041062707955,0.1061727390998616,5528.1041062707955,51.0,56.79175049231939,(((-54.5/sqrt_abs((v1-17.4)))/(v1-16.3))-(v1*(((17.5-v1)/(v1-17.3))-71.8)))
1790.2622079849243,0.7091010820894283,28.0,0.0,19.0,-0.978642936596218,true,149.65493935762177,0.11227354456225863,7.0,(((1.83752762716101/(v1-14.7276038924933))+((54.9838312070176+(8.25264082437483/(17.4467675010862-v1)))/(16.3552210344009-v1)))-(-72.3612447172641*v1)),-0.9804591053293993,3643.501132305841,0.09521215536787983,3643.501132305841,23.0,45.46244949378467,(((1.84/(v1-14.7))+((55.0+(8.25/(17.4-v1)))/(16.4-v1)))-(-72.4*v1))
1798.6430768966675,0.7065380332131714,28.0,0.0,3.0,-0.978642936596218,true,149.11401094299205,0.11355603072954255,7.0,((((65.0488252591425/(16.3465764157565-v1))--53.0529831912464)/(17.4424127426672-v1))-(-72.2870474912758*(v1+(0.0255855434598738/(v1-14.7277820192857))))),-0.9804565374059966,3643.979934939152,0.09495632196863021,3643.979934939152,23.0,45.249313539728384,((((65.0/(16.3-v1))--53.1)/(17.4-v1))-(-72.3*(v1+(0.0256/(v1-14.7)))))
1800.2195398807526,0.7116987198683008,28.0,0.0,0.0,-0.9808676307007786,true,150.20316771897856,0.10946570360597711,6.0,(pow3((((37.1497102848344/v1)/(16.3342215636863-v1))/(17.693141562112-v1)))-(73.4633147377857*((-0.0261206103218678/(v1-14.7290521557702))-v1))),-0.9794346386500632,3834.518256602947,0.097541435018301,3834.518256602947,2.147483655e9,48.44131248924102,(pow3((((37.1/v1)/(16.3-v1))/(17.7-v1)))-(73.5*((-0.0261/(v1-14.7))-v1)))
1798.800894021988,0.6904155643804584,28.0,0.0,3.0,-0.9804226918798665,true,145.71138308583906,0.11922789953121567,6.0,(((45.5150422797951/(17.5269907669615-v1))/(16.2410782040781-v1))-(v1*(((14.7388112532652-v1)/pow2((14.7600849572015-v1)))-72.5472272918426))),-0.9790923061390097,3898.3479283080496,0.09742288990476586,3898.3479283080496,66.0,48.4445064491407,(((45.5/(17.5-v1))/(16.2-v1))-(v1*(((14.7-v1)/pow2((14.8-v1)))-72.5)))
1770.9815530776978,0.7023464977370892,28.0,0.0,56.0,-0.9804226918798665,true,148.22939236979786,0.1141346058994936,6.0,(((1.86051395607902/(v1-14.7279462305879))+((v1+(41.9675593512055/sqrt_abs((17.4335149750845-v1))))/(16.3266567735619-v1)))-(-72.7619073034009*v1)),-0.9804009159753261,3654.35083908887,0.09505388476551932,3654.35083908887,41.0,45.689501559845475,(((1.86/(v1-14.7))+((v1+(42.0/sqrt_abs((17.4-v1))))/(16.3-v1)))-(-72.8*v1))
1800.3576679229736,0.9340463905033018,28.0,2.0,0.0,-0.953726362625139,true,236.0023947155073,0.1584760184605255,6.0,(((16.3035622570139/(16.3198277365476-v1))/sqrt_abs(((-1.78133905225212/(2.43850857582839-v1))/(14.3448316890799-v1))))-(v1*(v1-86.8280560952339))),-0.9478933037691344,9715.563689287275,0.13184824847632887,9715.563689287275,32776.0,73.27858640158283,(((16.3/(16.3-v1))/sqrt_abs(((-1.78/(2.44-v1))/(14.3-v1))))-(v1*(v1-86.8)))
1800.3764939308167,0.7587439932207044,28.0,0.0,0.0,-0.9648498331479421,true,224.26781069281878,0.13284351516779008,7.0,((((4.97495160808616/sqrt_abs((0.105467398582472/(v1-16.7853562445422))))-65.3242623690754)/sqrt_abs((17.4379789467791-v1)))-(-74.8704103627703*(0.0849373370921057+v1))),-0.9578666166016062,7855.987799314242,0.11807519650244273,7855.987799314242,149.0,69.79549894117955,((((4.97/sqrt_abs((0.105/(v1-16.8))))-65.3)/sqrt_abs((17.4-v1)))-(-74.9*(0.0849+v1)))
1486.4577009677887,0.7003021162598333,29.0,0.0,608.0,-0.9808676307007786,true,147.79792809237628,0.11593933120497171,6.0,(((57.3430421389357/sqrt_abs((v1-17.4413991696777)))/(16.3269020644412-v1))-(v1*(((14.7396748420975-v1)/pow2((14.7586650817924-v1)))-72.747420369369))),-0.9807061712076328,3597.4344182545046,0.09436564794573722,3597.4344182545046,81.0,45.138379912277564,(((57.3/sqrt_abs((v1-17.4)))/(16.3-v1))-(v1*(((14.7-v1)/pow2((14.8-v1)))-72.7)))
1703.9215939044952,0.6998564133222123,29.0,0.0,184.0,-0.9817575083426029,true,147.70386301789543,0.11617054942455411,6.0,(((-57.0656872946704/(v1-16.3255064326284))/sqrt_abs((-17.4411667918418+v1)))-(v1*(((14.7396577765167-v1)/pow2((14.7587857945218-v1)))-72.7296579814042))),-0.9806897987597872,3600.4871460476525,0.09439421156424203,3600.4871460476525,86.0,45.197423667727385,(((-57.1/(v1-16.3))/sqrt_abs((-17.4+v1)))-(v1*(((14.7-v1)/pow2((14.8-v1)))-72.7)))
1528.660397052765,0.7003976511996469,29.0,0.0,525.0,-0.9808676307007786,true,147.81809062771217,0.1158896671556396,6.0,(((-57.3562397900424/(v1-16.3270277360338))/sqrt_abs((17.4414046349552-v1)))-(v1*(((14.7396917291264-v1)/pow2((14.7586583656171-v1)))-72.7514554573698))),-0.9807082296123258,3597.0506180265115,0.09438478035138628,3597.0506180265115,86.0,45.15742021447287,(((-57.4/(v1-16.3))/sqrt_abs((17.4-v1)))-(v1*(((14.7-v1)/pow2((14.8-v1)))-72.8)))
1798.939791917801,0.7193359319589557,29.0,0.0,2.0,-0.9773081201334817,true,167.80525671824512,0.11899046427655038,7.0,((-36.9538605327469/log((0.80200951492913/sqrt_abs((16.9266856020965-v1)))))-(-68.618625758373*(v1+((0.00573949118316697/pow2((14.7452655113254-v1)))/217.927730710125)))),-0.9722592027694446,5172.415481705709,0.11054910134295794,5172.415481705709,526.0,59.25289539004528,((-37.0/log((0.802/sqrt_abs((16.9-v1)))))-(-68.6*(v1+((0.00574/pow2((14.7-v1)))/218.0))))
1725.2142128944397,0.6946687879591831,29.0,0.0,143.0,-0.9817575083426029,true,146.60902085967084,0.11827976597792161,6.0,(((7.44199740025029/(17.4396177671579-v1))/pow3((16.3872094073621-v1)))-(v1*(((14.7386111804272-v1)/pow2((14.7603625469395-v1)))-72.7943990678262))),-0.9794178812196278,3837.642766396122,0.09634344301108781,3837.642766396122,86.0,47.450743892095666,(((7.44/(17.4-v1))/pow3((16.4-v1)))-(v1*(((14.7-v1)/pow2((14.8-v1)))-72.8)))
1790.5190689563751,0.6978469686124404,29.0,0.0,18.0,-0.9817575083426029,true,147.2797721036674,0.11721413543633599,6.0,(((56.3228309359871/sqrt_abs((17.4406261248791-v1)))/(16.3211616479306-v1))-(v1*(((14.7394052005363-v1)/pow2((v1-14.7591018060679)))-72.647080292083))),-0.9806197389233399,3613.550165818663,0.09426402253139417,3613.550165818663,81.0,45.081145813410096,(((56.3/sqrt_abs((17.4-v1)))/(16.3-v1))-(v1*(((14.7-v1)/pow2((v1-14.8)))-72.6)))
1498.6612088680267,0.7196481043336855,29.0,0.0,584.0,-0.9790878754171302,true,151.8808758485334,0.11233126231279382,7.0,(((-1.85892751335551/(14.7279729066149-v1))+((44.8093676057746+(65.0970739527131/(16.353645758303-v1)))/sqrt_abs((17.419519837833-v1))))-(-70.8997620729894*v1)),-0.980517921395923,3632.534571736882,0.09590423572435683,3632.534571736882,48.0,45.09094229059327,(((-1.86/(14.7-v1))+((44.8+(65.1/(16.4-v1)))/sqrt_abs((17.4-v1))))-(-70.9*v1))
1796.921247959137,0.7236632685490201,29.0,1.0,6.0,-0.9764182424916574,true,190.75198187469869,0.13839520179024276,5.0,(((-13.7267732060364/log(sqrt_abs((v1-18.4832589252022))))/(v1-16.2442817235446))-(v1*((((0.465826352763284-v1)-v1)/pow2(v1))-73.3605707114439))),-0.9720167542625586,5217.621262927875,0.1057557589985492,5217.621262927875,817.0,54.62214633833012,(((-13.7/log(sqrt_abs((v1-18.5))))/(v1-16.2))-(v1*((((0.466-v1)-v1)/pow2(v1))-73.4)))
1640.200730085373,0.6978870295681272,29.0,0.0,307.0,-0.9817575083426029,true,147.28822692068198,0.11719331172590497,6.0,(((56.3282713775801/(16.3212134584555-v1))/sqrt_abs((17.4406281122765-v1)))-(v1*(((14.739411238922-v1)/pow2((v1-14.7590866180607)))-72.6487729910366))),-0.9806214815989805,3613.225234909546,0.09426728226412974,3613.225234909546,86.0,45.083587609920684,(((56.3/(16.3-v1))/sqrt_abs((17.4-v1)))-(v1*(((14.7-v1)/pow2((v1-14.8)))-72.6)))
1798.4427030086517,0.7305771540129138,29.0,1.0,3.0,-0.9826473859844271,true,154.18743877488228,0.09986693084052223,6.0,(((14.4674460226716/(16.2632561967866-v1))/log(sqrt_abs((v1-18.4855899330246))))-(v1*(-73.047163517636-((14.6035920625587-v1)/(14.7273532311144-v1))))),-0.9820309503395567,3350.4224800303255,0.09451413993406392,3350.4224800303255,1048.0,43.342981971410794,(((14.5/(16.3-v1))/log(sqrt_abs((v1-18.5))))-(v1*(-73.0-((14.6-v1)/(14.7-v1)))))
1798.8679440021515,0.6948726995287834,29.0,3.5,2.0,-0.9759733036707453,true,197.23696242011283,0.14092224646017487,6.0,((73.3562518910906*v1)+((-56.8290723671877/(v1-16.3396793100437))+((-5.26375206063535-log(pow2((19.9229028829015-v1))))/log(sqrt_abs((18.4663328551914-v1)))))),-0.9727485666251697,5081.171053418247,0.10265519858424978,5081.171053418247,65800.0,51.49975395176186,((73.4*v1)+((-56.8/(v1-16.3))+((-5.26-log(pow2((19.9-v1))))/log(sqrt_abs((18.5-v1))))))
1268.0379550457,0.700305513941469,29.0,0.0,1043.0,-0.9808676307007786,true,147.79864516904135,0.11593753973671114,6.0,(((57.3316079694019/sqrt_abs((v1-17.441388338977)))/(16.3268690710366-v1))-(v1*(((14.7396765045032-v1)/pow2((v1-14.7586642331474)))-72.7476227642937))),-0.9807062987171954,3597.410643435416,0.09436830682177329,3597.410643435416,81.0,45.141194313492264,(((57.3/sqrt_abs((v1-17.4)))/(16.3-v1))-(v1*(((14.7-v1)/pow2((v1-14.8)))-72.7)))
1799.3960399627686,0.7102339365641368,29.0,1.0,1.0,-0.9773081201334817,true,185.81535190117665,0.135449854217579,6.0,(((-13.3957408840729/log(sqrt_abs((v1-18.4822479655707))))/(v1-16.2362802820362))-(v1*((6.59404742921242e-5/((18.3648777139646-v1)-v1))-73.1761989365405))),-0.9731627109534422,5003.951696043123,0.10212107953697551,5003.951696043123,787.0,52.455986622654336,(((-13.4/log(sqrt_abs((v1-18.5))))/(v1-16.2))-(v1*((6.59e-5/((18.4-v1)-v1))-73.2)))
1624.3201310634613,0.7167501532946334,29.0,0.0,338.0,-0.978642936596218,true,151.2692667310677,0.11241553308334137,7.0,(((35.2776726154036+(((-4.94988370957104/(14.727972155617-v1))--60.7515522380035)/(16.346740622492-v1)))/sqrt_abs((17.426255955158-v1)))-(-71.3097258658266*v1)),-0.9805357300960159,3629.214047265136,0.09566234618902508,3629.214047265136,140.0,45.113130726480186,(((35.3+(((-4.95/(14.7-v1))--60.8)/(16.3-v1)))/sqrt_abs((17.4-v1)))-(-71.3*v1))
1721.0879199504852,0.6985245862624521,29.0,0.0,151.0,-0.9817575083426029,true,147.42278250215858,0.11686196418129938,6.0,(((-56.4485052171603/(v1-16.3224345319802))/sqrt_abs((-17.4406955955481+v1)))-(v1*(((14.739452578038-v1)/pow2((v1-14.7590001445135)))-72.6755487656251))),-0.9806494691399691,3608.0068127747772,0.09422406709780957,3608.0068127747772,86.0,45.030460641176994,(((-56.4/(v1-16.3))/sqrt_abs((-17.4+v1)))-(v1*(((14.7-v1)/pow2((v1-14.8)))-72.7)))
1798.954472064972,0.7309207402759146,29.0,3.0,2.0,-0.9826473859844271,true,154.2599522467303,0.0993983981022598,6.0,(((v1+(12.4723901843669/log(sqrt_abs((18.4836063412692-v1)))))/(16.3245683942868-v1))-(v1*((0.121163851575037/(14.7268964860438-v1))-74.0022831837555))),-0.9829132877089556,3185.9061025219116,0.09258015761477151,3185.9061025219116,789.0,41.040406103594734,(((v1+(12.5/log(sqrt_abs((18.5-v1)))))/(16.3-v1))-(v1*((0.121/(14.7-v1))-74.0)))
1731.4472670555115,0.6974445335619897,29.0,0.0,131.0,-0.9817575083426029,true,147.19483866527364,0.11742294738040626,6.0,(((56.0872159428538/(16.3199676467308-v1))/sqrt_abs((-17.4404346762807+v1)))-(v1*(((14.7393699188996-v1)/pow2((v1-14.7591826175156)))-72.6309710490738))),-0.9806031899256102,3616.6358122531205,0.09428682296996445,3616.6358122531205,86.0,45.10819470008389,(((56.1/(16.3-v1))/sqrt_abs((-17.4+v1)))-(v1*(((14.7-v1)/pow2((v1-14.8)))-72.6)))
1038.1824789047241,0.699916130789774,29.0,0.0,1508.0,-0.9817575083426029,true,147.7164663183448,0.11613953914066137,6.0,(((57.0897693100358/sqrt_abs((17.4411846666107-v1)))/(16.3256384726715-v1))-(v1*(((14.7396682823982-v1)/pow2((14.7587815342372-v1)))-72.7321020220508))),-0.9806907911372993,3600.302112114973,0.09440559318283573,3600.302112114973,81.0,45.20876806927697,(((57.1/sqrt_abs((17.4-v1)))/(16.3-v1))-(v1*(((14.7-v1)/pow2((14.8-v1)))-72.7)))
1396.4292368888855,0.6975232346808513,29.0,0.0,786.0,-0.9817575083426029,true,147.21144844273428,0.11738204256853732,6.0,(((56.0999084528079/(16.3200785323083-v1))/sqrt_abs((v1-17.4404404246484)))-(v1*(((14.7393811602194-v1)/pow2((v1-14.7591540541466)))-72.6342865115102))),-0.9806067340462016,3615.974992592327,0.09427862159246278,3615.974992592327,86.0,45.09961884906021,(((56.1/(16.3-v1))/sqrt_abs((v1-17.4)))-(v1*(((14.7-v1)/pow2((v1-14.8)))-72.6)))
1724.782357931137,0.697907392798717,29.0,0.0,144.0,-0.9817575083426029,true,147.29252455626036,0.11718274412184518,6.0,(((-56.3393937712526/(v1-16.3212715176895))/sqrt_abs((17.4406370674241-v1)))-(v1*(((14.739412985782-v1)/pow2((v1-14.7590827235048)))-72.6495920844821))),-0.9806223047736023,3613.071749733099,0.09426675021927068,3613.071749733099,86.0,45.08278811571151,(((-56.3/(v1-16.3))/sqrt_abs((17.4-v1)))-(v1*(((14.7-v1)/pow2((v1-14.8)))-72.6)))
1758.551502943039,0.6972378758268742,29.0,0.0,79.0,-0.9817575083426029,true,147.15122379625475,0.11753011621185451,6.0,(((-55.9372705100925/sqrt_abs((v1-17.4403091818665)))/(v1-16.3192464996787))-(v1*(((14.7393553232755-v1)/pow2((v1-14.7592142531476)))-72.6228419162225))),-0.980594612282732,3618.235158243464,0.09431576119140532,3618.235158243464,81.0,45.13788959911952,(((-55.9/sqrt_abs((v1-17.4)))/(v1-16.3))-(v1*(((14.7-v1)/pow2((v1-14.8)))-72.6)))
1226.8985290527344,0.7002800897887517,29.0,0.0,1126.0,-0.9808676307007786,true,147.7932794318718,0.1159507339511255,6.0,(((57.3176466667673/(16.3267996707419-v1))/sqrt_abs((17.4413771936796-v1)))-(v1*(((14.7396736664125-v1)/pow2((14.7586671875474-v1)))-72.7466005181044))),-0.9807056581779156,3597.5300753053866,0.09436642577812443,3597.5300753053866,86.0,45.139941964150914,(((57.3/(16.3-v1))/sqrt_abs((17.4-v1)))-(v1*(((14.7-v1)/pow2((14.8-v1)))-72.7)))
1635.6794159412384,0.6974560291783876,29.0,0.0,316.0,-0.9817575083426029,true,147.1972648014316,0.11741697430848343,6.0,(((-56.0899180022377/(v1-16.3199866102495))/sqrt_abs((v1-17.4404363114976)))-(v1*(((14.7393714955305-v1)/pow2((v1-14.7591786322218)))-72.6314511275149))),-0.980603703449342,3616.540063090661,0.09428436258682867,3616.540063090661,86.0,45.10580144316594,(((-56.1/(v1-16.3))/sqrt_abs((v1-17.4)))-(v1*(((14.7-v1)/pow2((v1-14.8)))-72.6)))
1725.2760100364685,0.7160295832016295,29.0,0.0,143.0,-0.978642936596218,true,151.11719127060772,0.11253620023324322,7.0,((71.3752934905466*v1)+((33.625597570269+(((-4.94883462904848/(14.7279913079938-v1))--60.4471465644514)/(16.3449849872721-v1)))/sqrt_abs((17.4267344862942-v1)))),-0.980529827161781,3630.314679960372,0.09563205235412714,3630.314679960372,140.0,45.141240400104685,((71.4*v1)+((33.6+(((-4.95/(14.7-v1))--60.4)/(16.3-v1)))/sqrt_abs((17.4-v1))))
1051.0436480045319,0.6983870998103654,29.0,0.0,1482.0,-0.9817575083426029,true,147.39376615009084,0.11693354005567524,6.0,(((56.482263469817/(16.3221893030985-v1))/sqrt_abs((v1-17.4407288319461)))-(v1*(((14.7394815838621-v1)/pow2((14.7590013982806-v1)))-72.6694757358953))),-0.9806416783245577,3609.459450704174,0.09430257039351066,3609.459450704174,86.0,45.12166939993516,(((56.5/(16.3-v1))/sqrt_abs((v1-17.4)))-(v1*(((14.7-v1)/pow2((14.8-v1)))-72.7)))
1685.353816986084,0.6972597323211522,29.0,0.0,220.0,-0.9817575083426029,true,147.15583658335711,0.11751877681525466,6.0,(((-55.9504134900951/sqrt_abs((17.440320060321-v1)))/(v1-16.3193164980242))-(v1*(((14.7393664983952-v1)/pow2((v1-14.7592128971714)))-72.6237152230951))),-0.980595488035731,3618.0718695559426,0.09432430978271217,3618.0718695559426,81.0,45.14977077125302,(((-56.0/sqrt_abs((17.4-v1)))/(v1-16.3))-(v1*(((14.7-v1)/pow2((v1-14.8)))-72.6)))
1695.1373839378357,0.6982953061722355,29.0,0.0,201.0,-0.9817575083426029,true,147.37439321202217,0.11698132602381585,6.0,(((56.5020282445937/(16.3221554773031-v1))/sqrt_abs((-17.4407424197141+v1)))-(v1*(((14.7394901864032-v1)/pow2((14.7590248937331-v1)))-72.6654375799056))),-0.9806364495316116,3610.4343862606743,0.09432972284771392,3610.4343862606743,86.0,45.15644131152842,(((56.5/(16.3-v1))/sqrt_abs((-17.4+v1)))-(v1*(((14.7-v1)/pow2((14.8-v1)))-72.7)))
1560.3572759628296,0.6982954377495753,29.0,0.0,463.0,-0.9817575083426029,true,147.3744209812631,0.11698126255863513,6.0,(((-56.5043480318298/(v1-16.3221637129669))/sqrt_abs((v1-17.4407443461036)))-(v1*(((14.739489886452-v1)/pow2((14.7590247574265-v1)))-72.6654317648348))),-0.9806364503223597,3610.4342388215905,0.09432906739001976,3610.4342388215905,86.0,45.155700193107506,(((-56.5/(v1-16.3))/sqrt_abs((v1-17.4)))-(v1*(((14.7-v1)/pow2((14.8-v1)))-72.7)))
1691.6186180114746,0.697554687760901,29.0,0.0,208.0,-0.9817575083426029,true,147.21808657784132,0.11736556284816504,6.0,(((-56.0425602336312/sqrt_abs((17.4403821434275-v1)))/(v1-16.3198696490945))-(v1*(((14.7393923902078-v1)/pow2((14.7591244947091-v1)))-72.6359195476041))),-0.9806085787856947,3615.631031348714,0.09429206736088357,3615.631031348714,81.0,45.11196267615622,(((-56.0/sqrt_abs((17.4-v1)))/(v1-16.3))-(v1*(((14.7-v1)/pow2((14.8-v1)))-72.6)))
1799.9214460849762,0.726592416910442,29.0,0.0,0.0,-0.9768631813125696,true,153.34646475229394,0.10552753960212563,7.0,(((-60.7200960536992/sqrt_abs((v1-17.4429312420161)))/(v1-16.3388774202986))-(v1*(((0.0732942176639338/-92.0793528846015)/(14.718161084897-v1))-73.7569553109332))),-0.9771775439269774,4255.365270923994,0.09927088848524733,4255.365270923994,45.0,49.914603902519474,(((-60.7/sqrt_abs((v1-17.4)))/(v1-16.3))-(v1*(((0.0733/-92.1)/(14.7-v1))-73.8)))
1799.9765300750732,0.7197189047046629,29.0,4.0,0.0,-0.9759733036707453,true,194.95575116579607,0.12956560567006611,5.0,(((v1+(11.62591012315/log(sqrt_abs((18.480057168811-v1)))))/(16.2978047893351-v1))-(v1*((-4.40298006533428/(pow2(v1)-v1))-73.2921158737001))),-0.9727378751834344,5083.164528165717,0.10358510551369683,5083.164528165717,795.0,52.19839883035424,(((v1+(11.6/log(sqrt_abs((18.5-v1)))))/(16.3-v1))-(v1*((-4.4/(pow2(v1)-v1))-73.3)))
1799.9913458824158,0.6972223524904501,29.0,0.0,0.0,-0.9817575083426029,true,147.1479476145793,0.11753818536259483,6.0,(((-55.9351721223595/sqrt_abs((v1-17.4403086095053)))/(v1-16.3192282351691))-(v1*(((14.7393536019244-v1)/pow2((14.7592207086016-v1)))-72.6221860052194))),-0.9805938938561947,3618.369112596441,0.09432031424734831,3618.369112596441,81.0,45.14255363237841,(((-55.9/sqrt_abs((v1-17.4)))/(v1-16.3))-(v1*(((14.7-v1)/pow2((14.8-v1)))-72.6)))
1792.69202709198,0.7221396783375865,29.0,3.0,14.0,-0.9759733036707453,true,194.95262391624806,0.13924060163923138,6.0,(((v1+(11.597635540267/log(sqrt_abs((18.4799328307733-v1)))))/(16.2973403731135-v1))-(-74.3556438923066*(v1+((1.91264276890754-v1)/62.1735440446729)))),-0.9727230262915383,5085.933181052339,0.10373215928157037,5085.933181052339,785.0,52.18394843954762,(((v1+(11.6/log(sqrt_abs((18.5-v1)))))/(16.3-v1))-(-74.4*(v1+((1.91-v1)/62.2))))
1372.9945559501648,0.7192245789720484,29.0,0.0,833.0,-0.9790878754171302,true,151.7914913250668,0.11235920944937342,7.0,(((-1.85910024243179/(14.7279740403778-v1))+((43.5578114872463+(-65.0438682479786/(v1-16.3526413404919)))/sqrt_abs((17.4244062342529-v1))))-(-70.9543404911761*v1)),-0.9805217632084624,3631.818245868821,0.09586590506580504,3631.818245868821,48.0,45.08916394519319,(((-1.86/(14.7-v1))+((43.6+(-65.0/(v1-16.4)))/sqrt_abs((17.4-v1))))-(-71.0*v1))
1733.173033952713,0.6972149539295457,29.0,0.0,128.0,-0.9817575083426029,true,147.14638615710666,0.11754202724547955,6.0,(((-55.9323151465737/(v1-16.3192104386267))/sqrt_abs((v1-17.4403063671256)))-(v1*(((14.7393521416538-v1)/pow2((v1-14.7592223797816)))-72.621882524433))),-0.9805935646445892,3618.4304958072735,0.09432077125540214,3618.4304958072735,86.0,45.14276927749812,(((-55.9/(v1-16.3))/sqrt_abs((v1-17.4)))-(v1*(((14.7-v1)/pow2((v1-14.8)))-72.6)))
1797.9724469184875,0.6875761338227796,29.0,0.0,4.0,-0.9773081201334817,true,171.78678539930024,0.12787266506278624,7.0,((69.9551774047911*v1)+((37.2088720629083+(((-0.10718432737509/(14.7423676460702-v1))-58.4168430264924)/(v1-16.3054929310622)))/sqrt_abs((17.4240195900643-v1)))),-0.9731688692242311,5002.803454523452,0.10478780169706495,5002.803454523452,140.0,55.07280988345042,((70.0*v1)+((37.2+(((-0.107/(14.7-v1))-58.4)/(v1-16.3)))/sqrt_abs((17.4-v1))))
1051.0436480045319,0.6983870998103654,29.0,0.0,1482.0,-0.9817575083426029,true,147.39376615009084,0.11693354005567524,6.0,(((56.482263469817/(16.3221893030985-v1))/sqrt_abs((v1-17.4407288319461)))-(v1*(((14.7394815838621-v1)/pow2((14.7590013982806-v1)))-72.6694757358953))),-0.9806416783245577,3609.459450704174,0.09430257039351066,3609.459450704174,86.0,45.12166939993516,(((56.5/(16.3-v1))/sqrt_abs((v1-17.4)))-(v1*(((14.7-v1)/pow2((14.8-v1)))-72.7)))
1637.3296489715576,0.6972142773296436,29.0,0.0,313.0,-0.9817575083426029,true,147.14624336150266,0.11754237837719927,6.0,(((-55.931956978931/sqrt_abs((17.4403060655341-v1)))/(v1-16.3192083484162))-(v1*(((14.7393520781203-v1)/pow2((v1-14.7592225323042)))-72.6218552475255))),-0.9805935352223517,3618.435981736008,0.09432088851298731,3618.435981736008,81.0,45.14288932780765,(((-55.9/sqrt_abs((17.4-v1)))/(v1-16.3))-(v1*(((14.7-v1)/pow2((v1-14.8)))-72.6)))
1003.0454878807068,0.6993243184103286,29.0,0.0,1580.0,-0.9817575083426029,true,147.5915650200757,0.11644690874928328,6.0,(((56.8754578120709/sqrt_abs((17.4410296354576-v1)))/(16.3244013972218-v1))-(v1*(((14.7395792248671-v1)/pow2((14.7588337130327-v1)))-72.7077605797389))),-0.9806757311520838,3603.110124445528,0.09432055475885141,3603.110124445528,81.0,45.130249173445016,(((56.9/sqrt_abs((17.4-v1)))/(16.3-v1))-(v1*(((14.7-v1)/pow2((14.8-v1)))-72.7)))
1654.8074569702148,0.698295347531527,29.0,0.0,279.0,-0.9817575083426029,true,147.3744019408514,0.11698130494944659,6.0,(((-56.5022240988873/sqrt_abs((17.4407425816135-v1)))/(v1-16.3221562112166))-(v1*(((14.7394901820864-v1)/pow2((14.7590248009163-v1)))-72.6654383894012))),-0.9806364503407288,3610.4342353965744,0.09432969590747822,3610.4342353965744,81.0,45.15640196912018,(((-56.5/sqrt_abs((17.4-v1)))/(v1-16.3))-(v1*(((14.7-v1)/pow2((14.8-v1)))-72.7)))
1505.8519110679626,0.715995725939093,29.0,0.0,570.0,-0.978642936596218,true,151.11004573564847,0.11251592725175386,7.0,((71.388171932864*v1)+((33.379153856242+(((-4.94784655118838/(14.7279877084438-v1))--60.4145718118557)/(16.3448617905413-v1)))/sqrt_abs((17.4268141264371-v1)))),-0.9805306494389464,3630.1613621193346,0.09562633635807272,3630.1613621193346,140.0,45.14065824220186,((71.4*v1)+((33.4+(((-4.95/(14.7-v1))--60.4)/(16.3-v1)))/sqrt_abs((17.4-v1))))
1787.9712080955505,0.6983668821605467,29.0,0.0,23.0,-0.9817575083426029,true,147.38949923916093,0.11694350099911055,6.0,(((56.2165709256928/(16.3215150598219-v1))/sqrt_abs((17.4404871572482-v1)))-(v1*(((14.739448325599-v1)/pow2((14.7590049590879-v1)))-72.6699270657351))),-0.9806444339972783,3608.9456412370705,0.09424120760577502,3608.9456412370705,86.0,45.048067575760484,(((56.2/(16.3-v1))/sqrt_abs((17.4-v1)))-(v1*(((14.7-v1)/pow2((14.8-v1)))-72.7)))
1732.1497979164124,0.6972852381278594,29.0,0.0,130.0,-0.9817575083426029,true,147.16121955350403,0.11750553799928484,6.0,(((-55.9598266329622/sqrt_abs((v1-17.4403267117913)))/(v1-16.3193717039986))-(v1*(((14.7394074047418-v1)/pow2((v1-14.7591909220301)))-72.6247641819097))),-0.9805956089712171,3618.0493205075095,0.09436439261079667,3618.0493205075095,81.0,45.20057360967853,(((-56.0/sqrt_abs((v1-17.4)))/(v1-16.3))-(v1*(((14.7-v1)/pow2((v1-14.8)))-72.6)))
1056.131402015686,0.716760189969828,29.0,0.0,1472.0,-0.978642936596218,true,151.27138495942123,0.11248558983364305,7.0,(((35.767891050641+(((4.95217360703878/(14.7279838705737-v1))-60.7765964550217)/(v1-16.3468280660931)))/sqrt_abs((17.4260892334474-v1)))-(-71.281843888549*v1)),-0.9805328139953127,3629.7577693614653,0.0956682779635001,3629.7577693614653,140.0,45.11076130415701,(((35.8+(((4.95/(14.7-v1))-60.8)/(v1-16.3)))/sqrt_abs((17.4-v1)))-(-71.3*v1))
1771.2458970546722,0.697213698041245,29.0,0.0,55.0,-0.9817575083426029,true,147.14612110337563,0.11754267846533775,6.0,(((55.9313835856762/(16.3192057410817-v1))/sqrt_abs((v1-17.4403055681713)))-(v1*(((14.7393520544058-v1)/pow2((v1-14.759222573883)))-72.6218332170541))),-0.9805935119519528,3618.440320622556,0.0943209521754817,3618.440320622556,86.0,45.14295790259025,(((55.9/(16.3-v1))/sqrt_abs((v1-17.4)))-(v1*(((14.7-v1)/pow2((v1-14.8)))-72.6)))
1797.9827950000763,0.6983053871851943,29.0,0.0,4.0,-0.9817575083426029,true,147.37652079780807,0.11697544510341705,6.0,(((-56.1976837346975/(v1-16.3213856492768))/sqrt_abs((v1-17.4404740940928)))-(v1*(((14.7394426142936-v1)/pow2((14.7590177474348-v1)))-72.6673806989081))),-0.9806418728454444,3609.4231812762546,0.09424215591108721,3609.4231812762546,86.0,45.04992260230025,(((-56.2/(v1-16.3))/sqrt_abs((v1-17.4)))-(v1*(((14.7-v1)/pow2((14.8-v1)))-72.7)))
1468.2010049819946,0.7003553427268369,29.0,0.0,644.0,-0.9808676307007786,true,147.80916147488384,0.11591165621740573,6.0,(((-57.348115024247/sqrt_abs((v1-17.4414001012714)))/(v1-16.3269637007244))-(v1*(((14.739684556803-v1)/pow2((14.7586621719122-v1)))-72.7496797142068))),-0.9807073290812889,3597.2185267076597,0.0943769373593532,3597.2185267076597,81.0,45.14981092359551,(((-57.3/sqrt_abs((v1-17.4)))/(v1-16.3))-(v1*(((14.7-v1)/pow2((14.8-v1)))-72.7)))
1308.5186219215393,0.7003678527059597,29.0,0.0,962.0,-0.9808676307007786,true,147.81180169108754,0.11590494009189929,6.0,(((57.258746591225/sqrt_abs((v1-17.4413076209534)))/(16.3265925459892-v1))-(v1*(((14.7397752520635-v1)/pow2((14.7587595767025-v1)))-72.7506548202441))),-0.9806887326375447,3600.685930067687,0.09454169282909296,3600.685930067687,81.0,45.354164060017176,(((57.3/sqrt_abs((v1-17.4)))/(16.3-v1))-(v1*(((14.7-v1)/pow2((14.8-v1)))-72.8)))
1798.5596799850464,0.7305927508530291,29.0,1.0,3.0,-0.9826473859844271,true,154.19073046942427,0.09947882087715113,6.0,(((-1.784157074506/(14.7268939273868-v1))+((v1+(49.9059931865298/log(pow2((18.4836239136261-v1)))))/(16.3246914579012-v1)))-(-74.0127826445208*v1)),-0.9829110027872527,3186.332138020878,0.09256730412409785,3186.332138020878,785.0,41.04881296806385,(((-1.78/(14.7-v1))+((v1+(49.9/log(pow2((18.5-v1)))))/(16.3-v1)))-(-74.0*v1))
1532.396684885025,0.6972243308870031,29.0,0.0,518.0,-0.9817575083426029,true,147.14836515281698,0.11753716904485119,6.0,(((55.9412287876542/sqrt_abs((v1-17.4403141672709)))/(16.3192519197923-v1))-(v1*(((14.7393526521399-v1)/pow2((v1-14.7592213723435)))-72.622240973797))),-0.9805939428331799,3618.359980583596,0.094319639602172,3618.359980583596,81.0,45.14157017974181,(((55.9/sqrt_abs((v1-17.4)))/(16.3-v1))-(v1*(((14.7-v1)/pow2((v1-14.8)))-72.6)))
1688.1519839763641,0.6989273071684616,29.0,0.0,215.0,-0.9817575083426029,true,147.5077762700278,0.1166526736157438,6.0,(((56.5337180259488/sqrt_abs((17.4407357070036-v1)))/(16.3227001489503-v1))-(v1*(((14.7397753668606-v1)/pow2((v1-14.7589606027755)))-72.6924055174482))),-0.980615146169616,3614.406508564233,0.09473561387557747,3614.406508564233,81.0,45.62840764535864,(((56.5/sqrt_abs((17.4-v1)))/(16.3-v1))-(v1*(((14.7-v1)/pow2((v1-14.8)))-72.7)))
1799.5512208938599,0.7212396846618206,29.0,1.0,1.0,-0.9764182424916574,true,190.85861659358898,0.1383416858359327,5.0,(((13.7580181556607/log(sqrt_abs((v1-18.483366177936))))/(16.2448335298696-v1))-(v1*((((v1-3.91449017745768)-v1)/pow2(v1))-73.481736474453))),-0.9720071326343952,5219.415265387799,0.1057560195476335,5219.415265387799,817.0,54.695454813159834,(((13.8/log(sqrt_abs((v1-18.5))))/(16.2-v1))-(v1*((((v1-3.91)-v1)/pow2(v1))-73.5)))
1455.5796859264374,0.7163206193032057,29.0,0.0,669.0,-0.978642936596218,true,151.17861409343564,0.11251926366344848,7.0,((71.336940048257*v1)+((34.5002436256466+(((-4.95021745975002/(v1-14.7279889591948))-60.5592156537522)/(v1-16.3456846764986)))/sqrt_abs((17.4264564101856-v1)))),-0.980531499918062,3630.0027858784274,0.09564210597316863,3630.0027858784274,140.0,45.123791564214294,((71.3*v1)+((34.5+(((-4.95/(v1-14.7))-60.6)/(v1-16.3)))/sqrt_abs((17.4-v1))))
1712.8937180042267,0.6974308036424304,29.0,0.0,167.0,-0.9817575083426029,true,147.19194098209286,0.11743008085481013,6.0,(((56.0837248347537/(16.319943775672-v1))/sqrt_abs((-17.4404324691054+v1)))-(v1*(((14.7393681152093-v1)/pow2((v1-14.7591871456714)))-72.6303989640346))),-0.9806025769800433,3616.750099132244,0.09428968407997979,3616.750099132244,86.0,45.11098902188615,(((56.1/(16.3-v1))/sqrt_abs((-17.4+v1)))-(v1*(((14.7-v1)/pow2((v1-14.8)))-72.6)))
1755.5680379867554,0.6972385347889726,29.0,0.0,85.0,-0.9817575083426029,true,147.15136286942126,0.11752981129916554,6.0,(((55.9553516419709/(16.3193160604132-v1))/sqrt_abs((17.4403263901143-v1)))-(v1*(((14.7393534694935-v1)/pow2((v1-14.7592197389007)))-72.6227808530962))),-0.9805945090277148,3618.2544106768078,0.09431787298343798,3618.2544106768078,86.0,45.139723909308394,(((56.0/(16.3-v1))/sqrt_abs((17.4-v1)))-(v1*(((14.7-v1)/pow2((v1-14.8)))-72.6)))
1243.3846690654755,0.7272736819324083,29.0,1.0,1093.0,-0.9826473859844271,true,153.49024492429484,0.10120202753814411,6.0,(((-1.8083805862861/(14.7271135724854-v1))+((v1+(12.2394470681811/log(sqrt_abs((18.4823675226242-v1)))))/(16.3165166233256-v1)))-(-73.8739635117034*v1)),-0.9829599303425965,3177.2093416340676,0.09239524987363153,3177.2093416340676,785.0,40.88899724225805,(((-1.81/(14.7-v1))+((v1+(12.2/log(sqrt_abs((18.5-v1)))))/(16.3-v1)))-(-73.9*v1))
1782.7537729740143,0.6983706410029554,29.0,0.0,33.0,-0.9817575083426029,true,147.39029253837728,0.11694163779351958,6.0,(((-56.260426056842/(v1-16.3216632615077))/sqrt_abs((17.4405287566868-v1)))-(v1*(((14.7394459595121-v1)/pow2((14.7590114474174-v1)))-72.6698713566094))),-0.9806442857753576,3608.9732779827345,0.0942372114862389,3608.9732779827345,86.0,45.044429191188584,(((-56.3/(v1-16.3))/sqrt_abs((17.4-v1)))-(v1*(((14.7-v1)/pow2((14.8-v1)))-72.7)))
1709.8096199035645,0.698285123917492,29.0,0.0,173.0,-0.9817575083426029,true,147.37224425927812,0.116986613589531,6.0,(((56.4980807678775/(16.3221335968716-v1))/sqrt_abs((-17.4407396726796+v1)))-(v1*(((14.7394878932731-v1)/pow2((14.759026805784-v1)))-72.6650200560598))),-0.9806361324502318,3610.4935077279993,0.09432749321633581,3610.4935077279993,86.0,45.15391369802986,(((56.5/(16.3-v1))/sqrt_abs((-17.4+v1)))-(v1*(((14.7-v1)/pow2((14.8-v1)))-72.7)))
1587.5154008865356,0.7181054615477895,29.0,0.0,410.0,-0.9790878754171302,true,151.55530292472193,0.11271041940158168,7.0,(((41.7893510986325+(60.7495030323335/(((0.143185044276061/(14.6443122776154-v1))--16.4357405242521)-v1)))/sqrt_abs((17.4193548767214-v1)))-(-70.9930906418489*v1)),-0.9805248402119433,3631.244522615335,0.0958349251094261,3631.244522615335,76.0,45.10866308680674,(((41.8+(60.7/(((0.143/(14.6-v1))--16.4)-v1)))/sqrt_abs((17.4-v1)))-(-71.0*v1))
1782.293932914734,0.6983044236206112,29.0,0.0,34.0,-0.9817575083426029,true,147.3763174386497,0.11697594718100186,6.0,(((-56.1981360933544/(v1-16.3213864654835))/sqrt_abs((17.4404746072183-v1)))-(v1*(((14.7394424045578-v1)/pow2((v1-14.7590182698934)))-72.6673371007774))),-0.9806418296042086,3609.4312438288694,0.09424197215461674,3609.4312438288694,86.0,45.04976244519558,(((-56.2/(v1-16.3))/sqrt_abs((17.4-v1)))-(v1*(((14.7-v1)/pow2((v1-14.8)))-72.7)))
1797.9792048931122,0.7201382898712213,29.0,0.0,4.0,-0.9790878754171302,true,151.98432892278024,0.1128430428313333,7.0,((70.6241165647907*v1)+((49.5145959154434+(((-4.98831599489442/(14.7280447392217-v1))--63.255112387871)/(16.3567482089586-v1)))/sqrt_abs((v1-17.4230168883736)))),-0.9804596717085063,3643.395527984611,0.09610263342487436,3643.395527984611,140.0,45.19576363450518,((70.6*v1)+((49.5+(((-4.99/(14.7-v1))--63.3)/(16.4-v1)))/sqrt_abs((v1-17.4))))
1800.0281028747559,0.9499926889956631,29.0,3.0,0.0,-0.9817575083426029,true,200.49482627062199,0.09538443876505948,6.0,(((((-1.82322595148386/(v1-14.7281004661142))-8.01987569094564)/(v1-16.1863926732224))/log(sqrt_abs((v1-18.4636057252582))))-(v1*(v1-88.4568798834164))),-0.9755379455621919,4561.076887476074,0.10986685040651165,4561.076887476074,4104.0,47.79047393935446,(((((-1.82/(v1-14.7))-8.02)/(v1-16.2))/log(sqrt_abs((v1-18.5))))-(v1*(v1-88.5)))
1800.0509679317474,0.7044691959049576,29.0,0.0,0.0,-0.9790878754171302,true,148.67738529155568,0.11278603462225165,7.0,(((63.7290319181108/(16.3620352682071-v1))+((-14.2308968819804+(-3.00341951219408/(14.7274769081713-v1)))/sqrt_abs((17.4235848781265-v1))))-(-72.8170075646872*v1)),-0.9803919219698204,3656.027818049985,0.0946150066355024,3656.027818049985,48.0,45.23884477529948,(((63.7/(16.4-v1))+((-14.2+(-3.0/(14.7-v1)))/sqrt_abs((17.4-v1))))-(-72.8*v1))
1800.0668029785156,0.7019907080464128,29.0,1.0,0.0,-0.9737486095661847,true,187.19653692332008,0.13455965804820683,5.0,(((55.9778352484849/sqrt_abs((17.4404059617078-v1)))/(16.3081181606816-v1))-(v1*(((v1-v1)/((v1-14.7264628571567)-v1))-72.7248063189552))),-0.970125671188175,5570.223507551157,0.10702141782756906,5570.223507551157,73.0,57.927631828913626,(((56.0/sqrt_abs((17.4-v1)))/(16.3-v1))-(v1*(((v1-v1)/((v1-14.7)-v1))-72.7)))
1538.697494983673,0.7244486464741673,29.0,1.0,506.0,-0.9830923248053393,true,152.89402455337054,0.10259221465508617,6.0,(((0.79252494972297/log(sqrt_abs((18.4816294794865-v1))))/((16.2400015135272-v1)/v1))-(73.9555975380685*((0.0253236832145418/(14.7278035356862-v1))-v1))),-0.9816447543698205,3422.430721042064,0.09486405690402774,3422.430721042064,1807.0,44.01897603560859,(((0.793/log(sqrt_abs((18.5-v1))))/((16.2-v1)/v1))-(74.0*((0.0253/(14.7-v1))-v1)))
1108.2476348876953,0.7234264930704644,29.0,0.0,1367.0,-0.9790878754171302,true,152.67830029415123,0.11142638813688621,7.0,(((1.85114364368765/(v1-14.7278562460044))+(((68.1243144930554/(16.3655208609776-v1))--51.6776953899)/sqrt_abs((17.4203195176117-v1))))-(-70.6520665587594*v1)),-0.9804849005320544,3638.691483020787,0.09650061488167329,3638.691483020787,48.0,45.47168191727951,(((1.85/(v1-14.7))+(((68.1/(16.4-v1))--51.7)/sqrt_abs((17.4-v1))))-(-70.7*v1))
1518.7575180530548,0.7259268804219075,29.0,1.0,545.0,-0.9826473859844271,true,153.20600406855274,0.1019007838214927,6.0,(((1.81485754790374/(v1-14.7271869860054))+((v1+(12.0795104346808/log(sqrt_abs((18.4815349831985-v1)))))/(16.3136619048688-v1)))-(-73.8184469138946*v1)),-0.9829722490372572,3174.9124571412544,0.09231358780019394,3174.9124571412544,785.0,40.808892946610975,(((1.81/(v1-14.7))+((v1+(12.1/log(sqrt_abs((18.5-v1)))))/(16.3-v1)))-(-73.8*v1))
1200.0942130088806,0.7069133110249591,29.0,0.0,1181.0,-0.978642936596218,true,149.19321287849024,0.11295669711464738,7.0,((((24.7814546992754/sqrt_abs((17.4268657770981-v1)))--33.9189792213608)/(((0.10766640590385/(14.6640382539723-v1))--16.4118737394589)-v1))-(-72.495168294573*v1)),-0.98050334631456,3635.252171229861,0.09507516613529243,3635.252171229861,74.0,45.41590131067732,((((24.8/sqrt_abs((17.4-v1)))--33.9)/(((0.108/(14.7-v1))--16.4)-v1))-(-72.5*v1))
1649.7578930854797,0.6986532847221968,29.0,0.0,289.0,-0.9817575083426029,true,147.44994415890258,0.11679554520732405,6.0,(((56.6961278689595/sqrt_abs((17.4408929895894-v1)))/(16.3231404898331-v1))-(v1*(((14.7395266054222-v1)/pow2((14.7589656126781-v1)))-72.6798433040571))),-0.9806493413381003,3608.030642095879,0.09433093313552238,3608.030642095879,81.0,45.156500931055966,(((56.7/sqrt_abs((17.4-v1)))/(16.3-v1))-(v1*(((14.7-v1)/pow2((14.8-v1)))-72.7)))
1595.8110210895538,0.7181936762451758,29.0,0.0,394.0,-0.978642936596218,true,151.57392053160655,0.11274899576441472,7.0,(((42.6081919328566-(-64.6854223449696/(16.3502171034027-v1)))/sqrt_abs((v1-17.4190549010074)))-(-70.9659536460118*(v1+(-0.0262741663391553/(14.7280398437211-v1))))),-0.9805023545151023,3635.4370973813343,0.09590729482194009,3635.4370973813343,48.0,45.19925894171607,(((42.6-(-64.7/(16.4-v1)))/sqrt_abs((v1-17.4)))-(-71.0*(v1+(-0.0263/(14.7-v1)))))
1794.9403529167175,0.7180332950401975,29.0,0.0,10.0,-0.9790878754171302,true,151.54007226919182,0.11284222455562443,7.0,(((42.6742952886036-(-64.5358474018469/(16.3496826470214-v1)))/sqrt_abs((17.4191262200993-v1)))-(70.9560402249841*((-0.0262923930191299/(v1-14.7280538803057))-v1))),-0.9804997443478758,3635.92377659461,0.0958822112887575,3635.92377659461,48.0,45.176881038022394,(((42.7-(-64.5/(16.3-v1)))/sqrt_abs((17.4-v1)))-(71.0*((-0.0263/(v1-14.7))-v1)))
1533.5276069641113,0.7188328318130486,29.0,0.0,516.0,-0.978642936596218,true,151.70881355344235,0.11236615558224375,7.0,(((42.2812858768629-(-64.4822356926647/(16.3510570316759-v1)))/sqrt_abs((17.419012529965-v1)))-(-71.0130532502443*(v1+(-0.0261533493391211/(14.7279671014372-v1))))),-0.9805262292452931,3630.9855301450275,0.09582202056340398,3630.9855301450275,48.0,45.08204537832201,(((42.3-(-64.5/(16.4-v1)))/sqrt_abs((17.4-v1)))-(-71.0*(v1+(-0.0262/(14.7-v1)))))
1421.902958869934,0.7209362319044756,29.0,0.0,736.0,-0.9790878754171302,true,152.15273363913704,0.11236523138253572,7.0,((((66.0936506663028/(16.3574319733013-v1))--49.3844495680606)/sqrt_abs((v1-17.4232498147533)))-(70.6875431755966*((0.0262764890924944/(14.7279706292498-v1))-v1))),-0.9804919549302933,3637.3761538915737,0.09604262601128724,3637.3761538915737,48.0,45.10732509271555,((((66.1/(16.4-v1))--49.4)/sqrt_abs((v1-17.4)))-(70.7*((0.0263/(14.7-v1))-v1)))
481.3781418800354,0.7179155875532103,29.0,0.0,2660.0,-0.9790878754171302,true,151.51523024416613,0.11281949722667642,7.0,(((41.8595721870359+(60.5237232705016/(((0.14383037188197/(14.6439334527208-v1))--16.4354012703863)-v1)))/sqrt_abs((17.4194465270282-v1)))-(-70.9820375494738*v1)),-0.9805208339309458,3631.991514480177,0.09580464243493315,3631.991514480177,76.0,45.081262027150515,(((41.9+(60.5/(((0.144/(14.6-v1))--16.4)-v1)))/sqrt_abs((17.4-v1)))-(-71.0*v1))
1574.9077398777008,0.6976848735877854,29.0,0.0,435.0,-0.9817575083426029,true,147.2455621416498,0.11729821576813715,6.0,(((56.2148352325644/sqrt_abs((17.4405334660036-v1)))/(16.3206390116176-v1))-(v1*(((14.7393958474893-v1)/pow2((v1-14.7591274764549)))-72.6406566395384))),-0.980613232302531,3614.7633590057794,0.09427456737320053,3614.7633590057794,81.0,45.09441011803079,(((56.2/sqrt_abs((17.4-v1)))/(16.3-v1))-(v1*(((14.7-v1)/pow2((v1-14.8)))-72.6)))
1691.8244369029999,0.7166622987066033,29.0,0.0,208.0,-0.978642936596218,true,151.25072512483408,0.1127410934519027,7.0,((71.205831844382*v1)+((-1.86503998132569/(14.7280381816049-v1))+(((63.6454046371126/(16.3455788442068-v1))--37.379822126069)/sqrt_abs((17.4178375296117-v1))))),-0.980511321486384,3633.7651590914434,0.09583760843356377,3633.7651590914434,48.0,45.27172543301527,((71.2*v1)+((-1.87/(14.7-v1))+(((63.6/(16.3-v1))--37.4)/sqrt_abs((17.4-v1)))))
1734.9397258758545,0.7254426093608032,29.0,1.0,125.0,-0.9830923248053393,true,153.103799237517,0.10207470784226934,6.0,((((0.795866281485479*v1)/log(sqrt_abs((18.4818161209878-v1))))/(16.24139660009-v1))-(-73.9974805544726*(v1+(-0.0249609145143609/(14.7276407830139-v1))))),-0.9816222865754172,3426.619957805726,0.09482143096668198,3426.619957805726,2315.0,43.945278890369174,((((0.796*v1)/log(sqrt_abs((18.5-v1))))/(16.2-v1))-(-74.0*(v1+(-0.025/(14.7-v1)))))
1563.6888320446014,0.718883390069097,29.0,0.0,457.0,-0.9790878754171302,true,151.7194838132037,0.11278512426475523,7.0,(((45.1736477578026+(65.3636409323796/(16.352460427496-v1)))/sqrt_abs((17.4239993861928-v1)))-(-70.84529184036*(v1+(-0.0263242375770637/(14.7280448504517-v1))))),-0.9804891306742826,3637.9027510687342,0.09608302566486507,3637.9027510687342,48.0,45.293607302477604,(((45.2+(65.4/(16.4-v1)))/sqrt_abs((17.4-v1)))-(-70.8*(v1+(-0.0263/(14.7-v1)))))
1636.887619972229,0.6982809920537172,29.0,0.0,314.0,-0.9817575083426029,true,147.37137223434647,0.11698875864010619,6.0,(((56.4962131800356/sqrt_abs((v1-17.4407383348575)))/(16.3221237627292-v1))-(v1*(((14.7394869900339-v1)/pow2((14.7590277023421-v1)))-72.6648519389293))),-0.9806360033399312,3610.517581013015,0.0943266542669333,3610.517581013015,81.0,45.15297546324246,(((56.5/sqrt_abs((v1-17.4)))/(16.3-v1))-(v1*(((14.7-v1)/pow2((14.8-v1)))-72.7)))
1763.5675039291382,0.7194138944515827,29.0,0.0,70.0,-0.9790878754171302,true,151.83144613168716,0.11258427075833288,7.0,(((1.86208856405627/(v1-14.7280120513882))+((45.6617220898996+(65.4161525802372/(16.3535184915839-v1)))/sqrt_abs((17.4239419131655-v1))))-(-70.8396948053808*v1)),-0.9805008246393432,3635.722350649113,0.09594651865489119,3635.722350649113,48.0,45.1338414783647,(((1.86/(v1-14.7))+((45.7+(65.4/(16.4-v1)))/sqrt_abs((17.4-v1))))-(-70.8*v1))
1697.4257290363312,0.7186563374598219,29.0,0.0,197.0,-0.9790878754171302,true,151.6715646302687,0.11279025708703083,7.0,(((44.441152040285-(-65.0103844234898/(16.3515262118046-v1)))/sqrt_abs((v1-17.4194758236266)))-(70.8788846270442*((-0.0263129397166122/(v1-14.7280463303881))-v1))),-0.9804942410591491,3636.949893312672,0.09594976618715799,3636.949893312672,48.0,45.19318319695143,(((44.4-(-65.0/(16.4-v1)))/sqrt_abs((v1-17.4)))-(70.9*((-0.0263/(v1-14.7))-v1)))
1646.2028810977936,0.7177438094814468,29.0,0.0,296.0,-0.978642936596218,true,151.47897668658166,0.11278341614036858,7.0,(((41.3091042948475-(-64.667716945858/(16.3493775144247-v1)))/sqrt_abs((17.4248653050578-v1)))-(-71.0220421997258*(v1+(0.0262596757465571/(v1-14.7280433464113))))),-0.9805035397161733,3635.2161104962665,0.09596775703019499,3635.2161104962665,48.0,45.28738788498417,(((41.3-(-64.7/(16.3-v1)))/sqrt_abs((17.4-v1)))-(-71.0*(v1+(0.0263/(v1-14.7)))))
606.6176378726959,0.725392741099095,29.0,1.0,2400.0,-0.9830923248053393,true,153.09327460023988,0.10210044674364456,6.0,((((0.796483004778214*v1)/log(sqrt_abs((18.481860605133-v1))))/(16.2414786360143-v1))-(-73.9953209261339*(v1+(0.0249752299627737/(v1-14.7276480326487))))),-0.9816228535049313,3426.514250858252,0.09483411333390267,3426.514250858252,2315.0,43.96162201028658,((((0.796*v1)/log(sqrt_abs((18.5-v1))))/(16.2-v1))-(-74.0*(v1+(0.025/(v1-14.7)))))
1641.0103540420532,0.71850127097086,29.0,0.0,306.0,-0.9790878754171302,true,151.63883803234333,0.11280312886965134,7.0,((((65.0956758716055/(16.3513418961645-v1))--43.999384028399)/sqrt_abs((17.4242912000162-v1)))-(-70.8977469325001*(v1+(-0.0263068784245173/(14.728046990905-v1))))),-0.9804958557708436,3636.648821944803,0.09595366237994864,3636.648821944803,48.0,45.206187035581856,((((65.1/(16.4-v1))--44.0)/sqrt_abs((17.4-v1)))-(-70.9*(v1+(-0.0263/(14.7-v1)))))
1305.5526490211487,0.7179416887969787,29.0,0.0,968.0,-0.9790878754171302,true,151.5207388805961,0.11281685914130216,7.0,(((42.2005059873192-(-64.3740439313/(16.3492945049758-v1)))/sqrt_abs((17.4190412475179-v1)))-(70.9801288719703*((0.0262744576139164/(14.7280485069536-v1))-v1))),-0.9805037214781073,3635.1822200412334,0.09584976459609806,3635.1822200412334,48.0,45.15339368794833,(((42.2-(-64.4/(16.3-v1)))/sqrt_abs((17.4-v1)))-(71.0*((0.0263/(14.7-v1))-v1)))
1460.868213891983,0.7168166587047965,29.0,0.0,659.0,-0.978642936596218,true,151.28330261872364,0.11272044709458508,7.0,(((37.7640396891086+(64.058868203227/(16.3466336753298-v1)))/sqrt_abs((17.4258572326411-v1)))-(-71.1890828720751*(v1+(0.0261783224335443/(v1-14.72802724161))))),-0.9805152350079346,3633.0354627064416,0.09577066294980092,3633.0354627064416,48.0,45.195658778173375,(((37.8+(64.1/(16.3-v1)))/sqrt_abs((17.4-v1)))-(-71.2*(v1+(0.0262/(v1-14.7)))))
1545.2879610061646,0.7282641900236515,29.0,1.0,493.0,-0.9826473859844271,true,153.69929047798578,0.10068782782064764,6.0,((73.9153191478197*v1)+((-1.80370059724046/(14.7270615583183-v1))+((v1+(12.3196809983356/log(sqrt_abs((18.4828115118522-v1)))))/(16.3191828875358-v1)))),-0.982948510084223,3179.3387080226908,0.09245857745073326,3179.3387080226908,785.0,40.95306841942102,((73.9*v1)+((-1.8/(14.7-v1))+((v1+(12.3/log(sqrt_abs((18.5-v1)))))/(16.3-v1))))
1488.2241570949554,0.7176837982017858,29.0,0.0,605.0,-0.978642936596218,true,151.46631137743847,0.11285488789577747,7.0,((71.0056170747401*v1)+((-1.86567976577905/(14.7280550210412-v1))+(((-64.2367600941688/(v1-16.3482990321899))--41.5762708804877)/sqrt_abs((17.4189147365388-v1))))),-0.9805035613263016,3635.2120811757995,0.09582636590534532,3635.2120811757995,48.0,45.15350289820118,((71.0*v1)+((-1.87/(14.7-v1))+(((-64.2/(v1-16.3))--41.6)/sqrt_abs((17.4-v1)))))
669.8344690799713,0.7173937385765808,29.0,0.0,2269.0,-0.978642936596218,true,151.40509463878644,0.11280845177717545,7.0,((((64.4602247351569/(16.3483445424928-v1))--40.2885081969274)/sqrt_abs((17.4251692051846-v1)))-(-71.0667357389346*(v1+(0.026245693278386/(v1-14.728045580872))))),-0.9805068408708197,3634.6005930957153,0.09583677838963794,3634.6005930957153,48.0,45.197682240333485,((((64.5/(16.3-v1))--40.3)/sqrt_abs((17.4-v1)))-(-71.1*(v1+(0.0262/(v1-14.7)))))
1774.551726102829,0.6937993879479012,29.0,0.0,49.0,-0.9817575083426029,true,146.42553502210515,0.11796310718028533,6.0,(((-7.42377068933578/(v1-17.4395785632844))/pow3((16.3867499004385-v1)))-(v1*(((14.7384445262053-v1)/pow2((14.7606254745956-v1)))-72.7570990664627))),-0.9793812186678061,3844.478689281295,0.0963217830372866,3844.478689281295,86.0,47.410483913776986,(((-7.42/(v1-17.4))/pow3((16.4-v1)))-(v1*(((14.7-v1)/pow2((14.8-v1)))-72.8)))
1022.8237059116364,0.7181164248686684,29.0,0.0,1540.0,-0.978642936596218,true,151.5576167205442,0.1124360006598576,7.0,(((-1.85960455847836/(14.7279812163601-v1))+(((64.411121817107/(16.349507703573-v1))--40.3106829924125)/sqrt_abs((17.4251594664001-v1))))-(-71.0966242506178*v1)),-0.98052802955977,3630.6498521760227,0.09578053318879955,3630.6498521760227,48.0,45.1020939064582,(((-1.86/(14.7-v1))+(((64.4/(16.3-v1))--40.3)/sqrt_abs((17.4-v1))))-(-71.1*v1))
935.4449739456177,0.724616504906571,29.0,1.0,1719.0,-0.9830923248053393,true,152.92945087573352,0.10250490105799298,6.0,((v1*((0.792964359111947/(16.2401837702375-v1))/log(sqrt_abs((18.48165140762-v1)))))-(-73.9626331846355*(v1+(-0.0252325823881401/(14.7277645668067-v1))))),-0.98164109448628,3423.1131253049566,0.09484765526078483,3423.1131253049566,2058.0,43.994960738511594,((v1*((0.793/(16.2-v1))/log(sqrt_abs((18.5-v1)))))-(-74.0*(v1+(-0.0252/(14.7-v1)))))
1527.38103890419,0.7182519956880747,29.0,0.0,528.0,-0.9790878754171302,true,151.58622878061485,0.1128381825120891,7.0,(((43.3871860560528-(-64.6927845827811/(16.3503253405754-v1)))/sqrt_abs((v1-17.4192786535497)))-(70.9236827833369*((0.0263036188872657/(14.7280534232654-v1))-v1))),-0.9804973426152565,3636.37159209464,0.09590064308640704,3636.37159209464,48.0,45.175500990715605,(((43.4-(-64.7/(16.4-v1)))/sqrt_abs((v1-17.4)))-(70.9*((0.0263/(14.7-v1))-v1)))
1375.1301469802856,0.724773875275715,29.0,1.0,829.0,-0.9830923248053393,true,152.9626637048291,0.10242312432994946,6.0,((v1*((0.79362275545409/(16.2402548353304-v1))/log(sqrt_abs((18.4816843039739-v1)))))-(-73.9690540675626*(v1+(0.0250440763054441/(v1-14.7276916042915))))),-0.9816358676154606,3424.0877024709303,0.09481170537578115,3424.0877024709303,2058.0,43.94521719386788,((v1*((0.794/(16.2-v1))/log(sqrt_abs((18.5-v1)))))-(-74.0*(v1+(0.025/(v1-14.7)))))
1798.191682100296,0.6981304890992965,29.0,1.0,4.0,-0.9781979977753059,true,147.3396087649542,0.11630437370064575,6.0,(((-2.5654980326835/log(sqrt_abs(v1)))/(14.7289052687296-v1))-(-72.8418258750928*(v1+(0.640872742034768/((16.2394761889464-v1)*(17.5300987414293-v1)))))),-0.9789992687646321,3915.6952291663824,0.09876949342161233,3915.6952291663824,66.0,49.79142745239389,(((-2.57/log(sqrt_abs(v1)))/(14.7-v1))-(-72.8*(v1+(0.641/((16.2-v1)*(17.5-v1))))))
1719.3047440052032,0.7250273511926433,29.0,1.0,155.0,-0.9826473859844271,true,153.01615949539362,0.10236750573457638,6.0,(((-1.81850661031553/(14.7272326715165-v1))+((v1+(11.9758780624503/log(sqrt_abs((18.4809713157046-v1)))))/(16.3115085510931-v1)))-(-73.7813048526189*v1)),-0.9829769239956629,3174.04078690649,0.0922560630193387,3174.04078690649,785.0,40.74985954087166,(((-1.82/(14.7-v1))+((v1+(12.0/log(sqrt_abs((18.5-v1)))))/(16.3-v1)))-(-73.8*v1))
1672.6248750686646,0.7258352482649328,29.0,1.0,245.0,-0.9826473859844271,true,153.1866652108897,0.10194832011345877,6.0,(((-1.81541984060327/(14.7271925683781-v1))+((v1+(12.068479542083/log(sqrt_abs((v1-18.4814765795328)))))/(16.3134567630049-v1)))-(-73.8146740915933*v1)),-0.9829728902096311,3174.792907227617,0.09230820823470882,3174.792907227617,785.0,40.80359640618393,(((-1.82/(14.7-v1))+((v1+(12.1/log(sqrt_abs((v1-18.5)))))/(16.3-v1)))-(-73.8*v1))
1800.2158949375153,0.7169723344970951,29.0,1.0,0.0,-0.9759733036707453,true,181.2545315393379,0.13739844402494653,6.0,(((7.93051649813376/sqrt_abs((v1-17.4214115948618)))/pow3((16.410636696395-v1)))-(v1*(((19.0997368439354-v1)/(19.481014414219-v1))-74.6233090158661))),-0.971893249296724,5240.649404190035,0.10514856718559669,5240.649404190035,96.0,54.74207541964975,(((7.93/sqrt_abs((v1-17.4)))/pow3((16.4-v1)))-(v1*(((19.1-v1)/(19.5-v1))-74.6)))
1800.2543060779572,0.7127569771986555,29.0,0.0,0.0,-0.9639599555061179,true,251.39933168347602,0.12213465662146572,7.0,((69.7901794924809*v1)+((-1.9031448361123/(14.7289676650146-v1))+(((-349.190926581222/(v1-16.3673067362363))--22.8474340655515)/sqrt_abs((3.58496371339069+v1))))),-0.9649623242310027,6532.956320048692,0.11172332091050946,6532.956320048692,48.0,60.70854002485661,((69.8*v1)+((-1.9/(14.7-v1))+(((-349.0/(v1-16.4))--22.8)/sqrt_abs((3.58+v1)))))
1226.8985290527344,0.7002800897887517,29.0,0.0,1126.0,-0.9808676307007786,true,147.7932794318718,0.1159507339511255,6.0,(((57.3176466667673/(16.3267996707419-v1))/sqrt_abs((17.4413771936796-v1)))-(v1*(((14.7396736664125-v1)/pow2((14.7586671875474-v1)))-72.7466005181044))),-0.9807056581779156,3597.5300753053866,0.09436642577812443,3597.5300753053866,86.0,45.139941964150914,(((57.3/(16.3-v1))/sqrt_abs((17.4-v1)))-(v1*(((14.7-v1)/pow2((14.8-v1)))-72.7)))
1778.7762529850006,0.7266645967564581,29.0,1.0,41.0,-0.9830923248053393,true,153.3616982228826,0.10143758799000835,6.0,(((0.801524135357627/log(sqrt_abs((18.4821627988128-v1))))/((16.2437932462176-v1)/v1))-(-74.0493166756185*(v1+(0.024806428382723/(v1-14.727545880285))))),-0.9815934804974916,3431.991000396559,0.0948605234773701,3431.991000396559,1807.0,43.971528567822425,(((0.802/log(sqrt_abs((18.5-v1))))/((16.2-v1)/v1))-(-74.0*(v1+(0.0248/(v1-14.7)))))
1712.6398839950562,0.7285938513148337,29.0,1.0,168.0,-0.9826473859844271,true,153.7688651011059,0.10051678754151117,6.0,(((1.79842068474092/(v1-14.7270251960162))+((v1+(12.3514746757155/log(sqrt_abs((18.4829654928208-v1)))))/(16.3197467369596-v1)))-(-73.9289293211414*v1)),-0.9829429606265935,3180.3734331720602,0.0924648917772167,3180.3734331720602,785.0,40.95464004180486,(((1.8/(v1-14.7))+((v1+(12.4/log(sqrt_abs((18.5-v1)))))/(16.3-v1)))-(-73.9*v1))
1775.2313559055328,0.6970946175790833,29.0,0.0,48.0,-0.9817575083426029,true,147.12098931357357,0.11759599278824805,6.0,(((52.1672889129264/sqrt_abs((-17.4063029530206+v1)))/(16.307645356181-v1))-(v1*(((14.739410185628-v1)/pow2((v1-14.7590351148211)))-72.635072280776))),-0.9804837235652886,3638.9109345769302,0.0948255435396475,3638.9109345769302,81.0,45.64940896012921,(((52.2/sqrt_abs((-17.4+v1)))/(16.3-v1))-(v1*(((14.7-v1)/pow2((v1-14.8)))-72.6)))
1073.1409850120544,0.7164247418889409,29.0,0.0,1438.0,-0.978642936596218,true,151.20058904122172,0.11279237481967835,7.0,(((36.9079882551995-(-63.7970629931899/(16.34560935327-v1)))/sqrt_abs((17.4260767880131-v1)))-(-71.2228129583629*(v1+(-0.0261871836248567/(14.7280437432571-v1))))),-0.9805139550416131,3633.2741190638085,0.09577031781898401,3633.2741190638085,48.0,45.21818704184764,(((36.9-(-63.8/(16.3-v1)))/sqrt_abs((17.4-v1)))-(-71.2*(v1+(-0.0262/(14.7-v1)))))
911.3323678970337,0.7249580878125701,29.0,1.0,1769.0,-0.9830923248053393,true,153.00154154147086,0.10232697910768963,6.0,((1.85264492145225/(v1-14.7276874710059))-(-73.9768893065139*(v1+(v1*((0.0107421906211706/log(sqrt_abs((18.4817417735946-v1))))/(16.2405187524572-v1)))))),-0.9816319998217214,3424.8088726683945,0.0948221499285705,3424.8088726683945,1552.0,43.953556179419046,((1.85/(v1-14.7))-(-74.0*(v1+(v1*((0.0107/log(sqrt_abs((18.5-v1))))/(16.2-v1))))))
1193.2767360210419,0.7188080950484673,29.0,0.0,1195.0,-0.9790878754171302,true,151.70359288872075,0.11279596844011322,7.0,(((44.9900812201105+(65.2916777563144/(16.3522095519763-v1)))/sqrt_abs((17.4240672025228-v1)))-(70.8529772190459*((-0.0263224759191966/(v1-14.7280464132654))-v1))),-0.9804919587182958,3637.3754475988703,0.09595478827359182,3637.3754475988703,48.0,45.182208895238404,(((45.0+(65.3/(16.4-v1)))/sqrt_abs((17.4-v1)))-(70.9*((-0.0263/(v1-14.7))-v1)))
1345.1179430484772,0.7181599695856571,29.0,0.0,889.0,-0.978642936596218,true,151.56680678123493,0.11242330195316295,7.0,(((40.0956759081679+(((-4.9605367155478/(14.7279758777034-v1))--61.6008782231106)/(16.350722668818-v1)))/sqrt_abs((17.4249673603983-v1)))-(-71.0890013170906*v1)),-0.9805279337213585,3630.667721744785,0.09578277527880483,3630.667721744785,140.0,45.099151228336,(((40.1+(((-4.96/(14.7-v1))--61.6)/(16.4-v1)))/sqrt_abs((17.4-v1)))-(-71.1*v1))
1637.5326220989227,0.7257385229941309,29.0,1.0,313.0,-0.9826473859844271,true,153.16625145761552,0.10199846814914454,6.0,((73.8107402970754*v1)+((-1.81521297965579/(14.7271946592694-v1))+((v1+(12.0520176837252/log(sqrt_abs((18.4813839891017-v1)))))/(16.3132181441153-v1)))),-0.9829732115962502,3174.7329830260805,0.09229982192768058,3174.7329830260805,785.0,40.79401878141824,((73.8*v1)+((-1.82/(14.7-v1))+((v1+(12.1/log(sqrt_abs((18.5-v1)))))/(16.3-v1))))
1722.0395729541779,0.6983827652286463,29.0,0.0,150.0,-0.9817575083426029,true,147.3928513417783,0.11693539778517245,6.0,(((56.2919116535941/(16.3217750889012-v1))/sqrt_abs((-17.4405577245859+v1)))-(v1*(((14.7394457458714-v1)/pow2((v1-14.7590125714633)))-72.6702358892128))),-0.9806445692688972,3608.9204191423296,0.09423527125998321,3608.9204191423296,86.0,45.04259829406849,(((56.3/(16.3-v1))/sqrt_abs((-17.4+v1)))-(v1*(((14.7-v1)/pow2((v1-14.8)))-72.7)))
1080.1538479328156,0.7162684223915152,29.0,0.0,1424.0,-0.978642936596218,true,151.16759799735146,0.11280845720880253,7.0,(((36.4832797402271+(63.7741663822831/(16.3452593799953-v1)))/sqrt_abs((17.4261901768558-v1)))-(-71.2406363295469*(v1+(-0.0261826526406591/(14.7280443260407-v1))))),-0.9805127319340046,3633.5021738193104,0.09573418385137679,3633.5021738193104,48.0,45.20165434305549,(((36.5+(63.8/(16.3-v1)))/sqrt_abs((17.4-v1)))-(-71.2*(v1+(-0.0262/(14.7-v1)))))
1229.3034739494324,0.6994616076727321,29.0,0.0,1122.0,-0.9817575083426029,true,147.6205397554955,0.11637553890409993,6.0,(((56.8987595643919/(16.324549758054-v1))/sqrt_abs((v1-17.4410354600314)))-(v1*(((14.7396354189176-v1)/pow2((14.7588666350889-v1)))-72.7135359583538))),-0.980674770368658,3603.2892674970076,0.09440481175721589,3603.2892674970076,86.0,45.22974359789047,(((56.9/(16.3-v1))/sqrt_abs((v1-17.4)))-(v1*(((14.7-v1)/pow2((14.8-v1)))-72.7)))
1768.3262169361115,0.7291114094409444,29.0,1.0,61.0,-0.9826473859844271,true,153.87809512759085,0.10024753766539321,6.0,(((1.83259531069535/(v1-14.7271807624169))+((v1+(49.6161203426875/log(pow2((18.4833042220443-v1)))))/(16.3221928560361-v1)))-(-73.951175796791*v1)),-0.982941978378969,3180.5565783346606,0.09262222473987798,3180.5565783346606,785.0,41.14710348117055,(((1.83/(v1-14.7))+((v1+(49.6/log(pow2((18.5-v1)))))/(16.3-v1)))-(-74.0*v1))
1460.868213891983,0.7168166587047965,29.0,0.0,659.0,-0.978642936596218,true,151.28330261872364,0.11272044709458508,7.0,(((37.7640396891086+(64.058868203227/(16.3466336753298-v1)))/sqrt_abs((17.4258572326411-v1)))-(-71.1890828720751*(v1+(0.0261783224335443/(v1-14.72802724161))))),-0.9805152350079346,3633.0354627064416,0.09577066294980092,3633.0354627064416,48.0,45.195658778173375,(((37.8+(64.1/(16.3-v1)))/sqrt_abs((17.4-v1)))-(-71.2*(v1+(0.0262/(v1-14.7)))))
1772.5148520469666,0.7163788412964721,29.0,0.0,53.0,-0.978642936596218,true,151.19090177581498,0.11279968487486752,7.0,(((36.8056196783027-(-63.2880703713864/(16.3444751831989-v1)))/sqrt_abs((17.4176918960695-v1)))-(-71.2284429869928*(v1+(0.0261871501273281/(v1-14.7280471394447))))),-0.9805131002138353,3633.433506135311,0.09575411394350798,3633.433506135311,48.0,45.20571503997654,(((36.8-(-63.3/(16.3-v1)))/sqrt_abs((17.4-v1)))-(-71.2*(v1+(0.0262/(v1-14.7)))))
1772.0096628665924,0.6968691689571614,29.0,0.0,54.0,-0.9817575083426029,true,147.0734086502603,0.11771428178280556,6.0,(((52.6843221877351/sqrt_abs((-17.4058426836323+v1)))/(16.3095052979005-v1))-(v1*(((14.7393098936746-v1)/pow2((14.7592928671754-v1)))-72.6228222760495))),-0.9804734667539727,3640.8233702290963,0.0946766212463353,3640.8233702290963,81.0,45.513147211902755,(((52.7/sqrt_abs((-17.4+v1)))/(16.3-v1))-(v1*(((14.7-v1)/pow2((14.8-v1)))-72.6)))
1438.7408020496368,0.7002852578937317,29.0,0.0,703.0,-0.9808676307007786,true,147.79437015427644,0.11594807793633319,6.0,(((57.3323429976105/sqrt_abs((v1-17.4413904544337)))/(16.3268543567931-v1))-(v1*(((14.7396728223686-v1)/pow2((v1-14.7586634045407)))-72.7467498078152))),-0.9807058188409141,3597.5001188562555,0.09436395749488576,3597.5001188562555,81.0,45.1365574331423,(((57.3/sqrt_abs((v1-17.4)))/(16.3-v1))-(v1*(((14.7-v1)/pow2((v1-14.8)))-72.7)))
1604.671303987503,0.6989327741557385,29.0,0.0,377.0,-0.9817575083426029,true,147.5089300711854,0.11664974308314165,6.0,(((56.4882085890129/(16.3230866425075-v1))/sqrt_abs((17.4407012022984-v1)))-(v1*(((14.7394795401403-v1)/pow2((v1-14.7589442246532)))-72.6928758095568))),-0.9806672494631875,3604.6915793184194,0.09419703296751539,3604.6915793184194,86.0,44.99715815561795,(((56.5/(16.3-v1))/sqrt_abs((17.4-v1)))-(v1*(((14.7-v1)/pow2((v1-14.8)))-72.7)))
1710.1325509548187,0.7452477286912316,29.0,4.5,173.0,-0.9839822024471635,true,157.2836460988872,0.10045658627286785,5.0,(((v1/(16.2916399538199-v1))/log(sqrt_abs((18.4908199077991-v1))))-(v1*(((14.7402971405455-v1)/pow2((14.7574882827556-v1)))-74.8967073471077))),-0.9805957184702304,3618.0289038487335,0.09702015358837805,3618.0289038487335,1846.0,46.500404375304456,(((v1/(16.3-v1))/log(sqrt_abs((18.5-v1))))-(v1*(((14.7-v1)/pow2((14.8-v1)))-74.9)))
1443.3280539512634,0.7182981648760797,29.0,0.0,694.0,-0.9790878754171302,true,151.59597273278976,0.1127974971750435,7.0,((((65.015640694347/(16.3508351397634-v1))--43.2753177602086)/sqrt_abs((17.4244490078127-v1)))-(-70.9310571320256*(v1+(-0.026294026866962/(14.7280453447427-v1))))),-0.980498189138368,3636.213753471216,0.095920936218377,3636.213753471216,48.0,45.197345677188686,((((65.0/(16.4-v1))--43.3)/sqrt_abs((17.4-v1)))-(-70.9*(v1+(-0.0263/(14.7-v1)))))
1585.6559948921204,0.7073190143290453,29.0,0.0,414.0,-0.9804226918798665,true,149.27883607792367,0.11229385300113251,6.0,(((59.295455250579/(16.3406054897729-v1))/sqrt_abs((v1-17.4428205995678)))-(v1*(((14.7403908128641-v1)/pow2((v1-14.7577049102382)))-73.0389824370494))),-0.9807534726732707,3588.6148147247363,0.09511975460911275,3588.6148147247363,86.0,45.7830637235099,(((59.3/(16.3-v1))/sqrt_abs((v1-17.4)))-(v1*(((14.7-v1)/pow2((v1-14.8)))-73.0)))
1765.1788330078125,0.6986001499099463,29.0,0.0,67.0,-0.9817575083426029,true,147.43873012002157,0.11682285792819122,6.0,(((56.5414373539902/sqrt_abs((17.4407780392152-v1)))/(16.3228165219359-v1))-(v1*(((14.7394555084226-v1)/pow2((v1-14.7589954308299)))-72.6783325365315))),-0.9806519134069217,3607.551066527756,0.09421688411087213,3607.551066527756,81.0,45.02290295168359,(((56.5/sqrt_abs((17.4-v1)))/(16.3-v1))-(v1*(((14.7-v1)/pow2((v1-14.8)))-72.7)))
1587.805907011032,0.6988517948825851,29.0,0.0,410.0,-0.9817575083426029,true,147.49183949197308,0.1166916484976984,6.0,(((56.386837913925/sqrt_abs((v1-17.4406107263739)))/(16.3226788364385-v1))-(v1*(((14.739475943932-v1)/pow2((14.7589504567626-v1)))-72.6899014714943))),-0.9806646350065169,3605.1790583208212,0.09420337065836186,3605.1790583208212,81.0,45.00387809608964,(((56.4/sqrt_abs((v1-17.4)))/(16.3-v1))-(v1*(((14.7-v1)/pow2((14.8-v1)))-72.7)))
1408.856910943985,0.7015998520485122,29.0,0.0,762.0,-0.9808676307007786,true,148.07181368592902,0.11526470017866464,6.0,(((57.525327618464/sqrt_abs((17.4414840987176-v1)))/(16.3284994873162-v1))-(v1*(((14.7399481402321-v1)/pow2((14.7585895803114-v1)))-72.8022149822454))),-0.9806979901555527,3598.959817834198,0.09474011324001724,3598.959817834198,81.0,45.5388411624126,(((57.5/sqrt_abs((17.4-v1)))/(16.3-v1))-(v1*(((14.7-v1)/pow2((14.8-v1)))-72.8)))
1527.0539810657501,0.7195380644632826,29.0,0.0,529.0,-0.9790878754171302,true,151.85765206486136,0.11275424618266132,7.0,(((46.9074571815416+(((4.98129555970009/(v1-14.7280305747241))--62.803749989813)/(16.3550423828777-v1)))/sqrt_abs((17.4234797537089-v1)))-(-70.7505031331755*v1)),-0.9804812802205203,3639.366508877901,0.09599662411875598,3639.366508877901,140.0,45.156716866659956,(((46.9+(((4.98/(v1-14.7))--62.8)/(16.4-v1)))/sqrt_abs((17.4-v1)))-(-70.8*v1))
1513.2955090999603,0.7285707495127641,29.0,1.0,556.0,-0.9826473859844271,true,153.76398949327634,0.10052878004411271,6.0,(((-1.79859764336279/(14.7270267576681-v1))+((v1+(12.3496775368409/log(sqrt_abs((18.4829559235627-v1)))))/(16.3196896067492-v1)))-(-73.9279652736396*v1)),-0.9829432908968567,3180.3118525689947,0.09246370682360446,3180.3118525689947,785.0,40.953538260657794,(((-1.8/(14.7-v1))+((v1+(12.3/log(sqrt_abs((18.5-v1)))))/(16.3-v1)))-(-73.9*v1))
1451.2630178928375,0.7441652095162358,29.0,4.0,678.0,-0.9839822024471635,true,157.05518171548775,0.10008434151693635,5.0,(((v1/(16.2899220971106-v1))/log(sqrt_abs((18.4907983681889-v1))))-(v1*(((14.740241773962-v1)/pow2((v1-14.7576756752405)))-74.8502578507188))),-0.9806107992185319,3615.2170201331273,0.09711383215332005,3615.2170201331273,1846.0,46.6167901675251,(((v1/(16.3-v1))/log(sqrt_abs((18.5-v1))))-(v1*(((14.7-v1)/pow2((v1-14.8)))-74.9)))
1605.7207839488983,0.6982959995794459,29.0,0.0,375.0,-0.9817575083426029,true,147.37453955478858,0.11698096638313712,6.0,(((56.5024978194132/(16.3221576789804-v1))/sqrt_abs((-17.4407427745999+v1)))-(v1*(((14.7394903214475-v1)/pow2((14.759024710957-v1)))-72.6654650223148))),-0.9806364705477926,3610.430467684755,0.09432982624754628,3610.430467684755,86.0,45.1565537461722,(((56.5/(16.3-v1))/sqrt_abs((-17.4+v1)))-(v1*(((14.7-v1)/pow2((14.8-v1)))-72.7)))
1589.795513868332,0.7299859286760604,29.0,1.0,406.0,-0.9826473859844271,true,154.06266137125348,0.09979394298031143,6.0,((73.9872989959844*v1)+((1.78846418631676/(v1-14.7269338942001))+((v1+(12.4405111791777/log(sqrt_abs((18.4834344847497-v1)))))/(16.3231842643217-v1)))),-0.982921514711433,3184.372135252377,0.09253245601563344,3184.372135252377,785.0,41.01557887107778,((74.0*v1)+((1.79/(v1-14.7))+((v1+(12.4/log(sqrt_abs((18.5-v1)))))/(16.3-v1))))
763.4456079006195,0.7246654874578913,29.0,1.0,2075.0,-0.9830923248053393,true,152.9397885848875,0.10247926756728086,6.0,(((0.793349424930032/log(sqrt_abs((18.4816778444244-v1))))/((16.2403512574639-v1)/v1))-(73.9647498931832*((0.0252585341942464/(14.7277729877211-v1))-v1))),-0.9816403163096914,3423.2582203647985,0.09485950080752045,3423.2582203647985,1807.0,44.00899880390475,(((0.793/log(sqrt_abs((18.5-v1))))/((16.2-v1)/v1))-(74.0*((0.0253/(14.7-v1))-v1)))
1800.291748046875,0.7170318975062508,29.0,1.0,0.0,-0.9764182424916574,true,191.1663141020049,0.13857443473491768,6.0,(((-55.2504607435728/(v1-16.2458219336137))/log(pow2((18.4835532899672-v1))))-(v1*((((1118.71392604914-v1)-v1)/353.294047770362)-76.6008854767655))),-0.9719639099111724,5227.4743662456785,0.10554744070449164,5227.4743662456785,1040.0,54.78309434230549,(((-55.3/(v1-16.2))/log(pow2((18.5-v1))))-(v1*((((1120.0-v1)-v1)/353.0)-76.6)))
1800.2971470355988,0.6872607648106777,29.0,0.0,0.0,-0.9692992213570634,true,254.72719951254453,0.1300743949505791,6.0,(((58.7198299940053/sqrt_abs((v1/29.0275936400469)))/(16.3770639855191-v1))-(v1*(((14.7389584689455-v1)/pow2((v1-14.7597858807191)))-69.9465017443426))),-0.9645137523031456,6616.594881875996,0.11000294548419108,6616.594881875996,81.0,60.13998233235602,(((58.7/sqrt_abs((v1/29.0)))/(16.4-v1))-(v1*(((14.7-v1)/pow2((v1-14.8)))-69.9)))
1800.305892944336,0.7224850644811923,29.0,1.0,0.0,-0.9764182424916574,true,192.7510916590395,0.14029489111713594,6.0,((-0.00189048204807787/(16.7870551952718-v1))-(-73.8381299762071*(v1+(v1*((0.00960694950935331/log(sqrt_abs((18.4759709112758-v1))))/(16.2191528861874-v1)))))),-0.973003738043856,5033.593019321688,0.10216450264255683,5033.593019321688,1552.0,51.06550617187652,((-0.00189/(16.8-v1))-(-73.8*(v1+(v1*((0.00961/log(sqrt_abs((18.5-v1))))/(16.2-v1))))))
1800.323791027069,0.6924839796137644,29.0,0.0,0.0,-0.9746384872080089,true,148.22985348779252,0.13101801137762653,6.0,((72.4627083565951*v1)+((1.85732928808251/(v1-14.7280904068545))+((v1+(v1+(0.265625639975382/(-17.4205091833264+v1))))/(16.3146761591108-v1)))),-0.973222142217341,4992.870428733731,0.10742338711296191,4992.870428733731,32.0,58.77615093045158,((72.5*v1)+((1.86/(v1-14.7))+((v1+(v1+(0.266/(-17.4+v1))))/(16.3-v1))))
1800.327842950821,0.7221081324527638,29.0,5.0,0.0,-0.9759733036707453,true,194.95507992305556,0.1392442232386384,5.0,((log(sqrt_abs((-94.5296877699925-v1)))+((v1+(34.7937766419403/log(sqrt_abs(pow3((18.4799340271421-v1))))))/(16.2973468274369-v1)))-(-73.1558242772632*v1)),-0.9727228632572155,5085.963579647186,0.10373031919986597,5085.963579647186,3.473762677119486e77,52.184018425218625,((log(sqrt_abs((-94.5-v1)))+((v1+(34.8/log(sqrt_abs(pow3((18.5-v1))))))/(16.3-v1)))-(-73.2*v1))
1342.3107969760895,0.7250776670517651,30.0,1.0,894.0,-0.9817575083426029,true,153.02677859757213,0.10368572226012246,7.0,(((60.5269115454263/(16.3643722577691-v1))+(((-14.7268422481207/log(sqrt_abs((v1-18.4558087660064))))--24.1856452962991)/(v1-14.7270578700132)))-(-73.1894757517302*v1)),-0.983259288459307,3121.392468579605,0.09135611302677021,3121.392468579605,782.0,39.537296331731525,(((60.5/(16.4-v1))+(((-14.7/log(sqrt_abs((v1-18.5))))--24.2)/(v1-14.7)))-(-73.2*v1))
1320.7840480804443,0.7362286875989525,30.0,1.0,937.0,-0.9826473859844271,true,155.38018821139988,0.09851762793118002,7.0,((73.6721930924432*v1)+((3.50930800726608+(((-1.90814062585111/(14.7270055060024-v1))--18.9914108747747)/(16.3275042049646-v1)))/log(sqrt_abs((v1-18.500875762247))))),-0.9829475348638914,3179.520542910103,0.09267435050796351,3179.520542910103,4356.0,40.676098693631936,((73.7*v1)+((3.51+(((-1.91/(14.7-v1))--19.0)/(16.3-v1)))/log(sqrt_abs((v1-18.5)))))
1607.3978600502014,0.7362349616446539,30.0,1.0,371.0,-0.9826473859844271,true,155.38151234127739,0.09851433609966595,7.0,((73.672472447292*v1)+((3.50924386342283+((18.9914263353458+(-1.9081787984928/(14.7270053734689-v1)))/(16.3275206729435-v1)))/log(sqrt_abs((18.5008766769056-v1))))),-0.9829475219812187,3179.522944951238,0.09267450891928537,3179.522944951238,4356.0,40.676126182164516,((73.7*v1)+((3.51+((19.0+(-1.91/(14.7-v1)))/(16.3-v1)))/log(sqrt_abs((18.5-v1)))))
1297.7809479236603,0.7337100541624904,30.0,1.0,983.0,-0.9826473859844271,true,154.84863362247276,0.09991477633777116,7.0,(((3.59272496846769+(19.7292740803796/(16.3190865101384-v1)))/log(sqrt_abs((18.4998816249156-v1))))-(v1*(-73.5511622225249-(0.127144994142509/(v1-14.7275045300742))))),-0.9829648285278433,3176.2960495973716,0.09293361843273547,3176.2960495973716,1292.0,41.054828882838656,(((3.59+(19.7/(16.3-v1)))/log(sqrt_abs((18.5-v1))))-(v1*(-73.6-(0.127/(v1-14.7)))))
1440.9298129081726,0.7308408392205686,30.0,1.0,698.0,-0.9817575083426029,true,154.24308922410287,0.10059489360899962,7.0,((73.4874388365087*v1)+((59.9973138135629/(16.3683105914811-v1))+(((17.4480111428469/log(sqrt_abs((v1-18.4613062959453))))-28.24922825258)/(14.7267057621825-v1)))),-0.9832303446211801,3126.789197274285,0.0913022519246087,3126.789197274285,782.0,39.3513018999618,((73.5*v1)+((60.0/(16.4-v1))+(((17.4/log(sqrt_abs((v1-18.5))))-28.2)/(14.7-v1))))
1421.2201480865479,0.7362355854661234,30.0,1.0,737.0,-0.9826473859844271,true,155.38164399805603,0.09851405344457338,7.0,((73.6724831106923*v1)+((14.0373307449896+((75.9663848537692-(7.63270544808452/(14.7270053287366-v1)))/(16.3275230715468-v1)))/log(pow2((18.5008773505562-v1))))),-0.9829475118504984,3179.524833876542,0.09267452390973935,3179.524833876542,4356.0,40.67612147248124,((73.7*v1)+((14.0+((76.0-(7.63/(14.7-v1)))/(16.3-v1)))/log(pow2((18.5-v1)))))
1507.8040199279785,0.724729088736076,30.0,1.0,566.0,-0.9839822024471635,true,152.9532115589461,0.1032568109797717,6.0,(((14.5017808923755/(16.2761330878474-v1))/log(sqrt_abs((v1-18.485878090446))))-(v1*(((14.7398156676569-v1)/pow2((14.7583967175843-v1)))-73.8848979573443))),-0.9827966636957071,3207.651254496163,0.09322672512190425,3207.651254496163,1078.0,42.430217053558785,(((14.5/(16.3-v1))/log(sqrt_abs((v1-18.5))))-(v1*(((14.7-v1)/pow2((14.8-v1)))-73.9)))
1260.6728880405426,0.7286604256715549,30.0,3.0,1058.0,-0.9826473859844271,true,153.78291553985085,0.10056888156516047,6.0,(((v1+(36.9967761047401/log(sqrt_abs(pow3((18.4828732476714-v1))))))/(16.3190745091338-v1))-(v1*((0.122520308890142/(14.7270640588908-v1))-73.9072533638213))),-0.9829497336699042,3179.1105641280456,0.09247758023139377,3179.1105641280456,3.473762677119486e77,40.950714845250765,(((v1+(37.0/log(sqrt_abs(pow3((18.5-v1))))))/(16.3-v1))-(v1*((0.123/(14.7-v1))-73.9)))
1742.5156230926514,0.7235233085959679,30.0,1.0,110.0,-0.9839822024471635,true,152.69873309557275,0.10388325884875185,6.0,(((-14.4275574723751/(v1-16.2726972989662))/log(sqrt_abs((18.485562626293-v1))))-(v1*(((14.7397851082865-v1)/pow2((14.7584522250195-v1)))-73.834131576982))),-0.9827962281003665,3207.732473505996,0.09312090387549148,3207.732473505996,1078.0,42.3212501753369,(((-14.4/(v1-16.3))/log(sqrt_abs((18.5-v1))))-(v1*(((14.7-v1)/pow2((14.8-v1)))-73.8)))
1749.7848689556122,0.7362266286382361,30.0,1.0,96.0,-0.9826473859844271,true,155.37975367019138,0.09851841668351945,7.0,((73.6722128497463*v1)+((3.50870707185916+(((-1.9081498432957/(14.7270056727625-v1))--18.9903317818986)/(16.3274940285479-v1)))/log(sqrt_abs((18.5008718568702-v1))))),-0.9829475919734495,3179.5098945368895,0.09267424286566905,3179.5098945368895,4356.0,40.67605810124418,((73.7*v1)+((3.51+(((-1.91/(14.7-v1))--19.0)/(16.3-v1)))/log(sqrt_abs((18.5-v1)))))
1308.8090229034424,0.736132005183095,30.0,1.0,961.0,-0.9826473859844271,true,155.35978350261072,0.09856962978773201,7.0,((73.6674322403853*v1)+((3.51304047423945+(((1.90877741102735/(v1-14.7270126220302))--18.9935942422028)/(16.3273648630483-v1)))/log(sqrt_abs((18.5008777726057-v1))))),-0.9829478126979303,3179.4687393129584,0.09267776450361603,3179.4687393129584,4356.0,40.68327176132467,((73.7*v1)+((3.51+(((1.91/(v1-14.7))--19.0)/(16.3-v1)))/log(sqrt_abs((18.5-v1)))))
1465.0682308673859,0.7245383311310166,30.0,1.0,650.0,-0.9839822024471635,true,152.91295239345018,0.10335591981993443,6.0,(((14.4903866024594/log(sqrt_abs((v1-18.4858298047254))))/(16.2755931332253-v1))-(v1*(((14.7398106266309-v1)/pow2((14.7584061975989-v1)))-73.8768618194325))),-0.9827968016146151,3207.625538800626,0.09321064168992363,3207.625538800626,825.0,42.41369901239646,(((14.5/log(sqrt_abs((v1-18.5))))/(16.3-v1))-(v1*(((14.7-v1)/pow2((14.8-v1)))-73.9)))
1787.7752859592438,0.7102890815004221,30.0,0.0,23.0,-0.9795328142380423,true,149.9056652192793,0.11263852888304135,6.0,(((1.8620452622448/(v1-14.7279733568615))+((v1+(693.53482338552/(v1*sqrt_abs((17.4325326926079-v1)))))/(16.328009196819-v1)))-(-72.604069765909*v1)),-0.9804659552072233,3642.2239370684274,0.09566445539022572,3642.2239370684274,68.0,45.66615028998817,(((1.86/(v1-14.7))+((v1+(694.0/(v1*sqrt_abs((17.4-v1)))))/(16.3-v1)))-(-72.6*v1))
1795.8090438842773,0.7045942781554567,30.0,1.0,8.0,-0.9804226918798665,true,148.70378375164265,0.11335827418256836,6.0,(((-56.4309482500048/(v1-16.3109986134918))/sqrt_abs((-17.4405553677902+v1)))-(v1*((((29.583246910451-v1)-v1)/(14.7281085505932-v1))-74.8472267130058))),-0.9802751717057511,3677.7965101443788,0.09564872412159806,3677.7965101443788,68.0,46.22776611598458,(((-56.4/(v1-16.3))/sqrt_abs((-17.4+v1)))-(v1*((((29.6-v1)-v1)/(14.7-v1))-74.8)))
1510.3668010234833,0.7316368282243194,30.0,0.0,561.0,-0.9808676307007786,true,154.4110817559076,0.10879457858191374,7.0,((-22.6695091150135/log((0.800327967303992/sqrt_abs((16.8617518734827-v1)))))-(-71.1357312712389*(v1+((0.0547151592495954/(v1-16.7698580789052))/(14.7287423272677-v1))))),-0.9803318704856426,3667.2247286462684,0.09711859571294904,3667.2247286462684,529.0,45.82254987748474,((-22.7/log((0.8/sqrt_abs((16.9-v1)))))-(-71.1*(v1+((0.0547/(v1-16.8))/(14.7-v1)))))
1777.9161789417267,0.7355138939942366,30.0,1.0,42.0,-0.9826473859844271,true,155.22933187191754,0.09889178301260873,7.0,(((3.51490991785748+(((1.91171268833987/(v1-14.7270539476314))--18.9716472393072)/(16.3261483276492-v1)))/log(sqrt_abs((18.5007439812417-v1))))-(-73.6409004420193*v1)),-0.9829505770392474,3178.953313541085,0.09269619042704876,3178.953313541085,4356.0,40.723868516552216,(((3.51+(((1.91/(v1-14.7))--19.0)/(16.3-v1)))/log(sqrt_abs((18.5-v1))))-(-73.6*v1))
1624.7436060905457,0.7245223064863622,30.0,1.0,337.0,-0.9839822024471635,true,152.9095704112694,0.10336424489518356,6.0,(((57.9573957265015/log(pow2((18.4858258288446-v1))))/(16.2755554855964-v1))-(v1*(((14.7398099504717-v1)/pow2((v1-14.7584077398949)))-73.8761879646722))),-0.982796808131926,3207.624323614218,0.09320978499129876,3207.624323614218,825.0,42.41283268115499,(((58.0/log(pow2((18.5-v1))))/(16.3-v1))-(v1*(((14.7-v1)/pow2((v1-14.8)))-73.9)))
1402.8012828826904,0.7111228646404288,30.0,0.0,774.0,-0.9804226918798665,true,150.08163415855583,0.11221548738412668,6.0,(((1.85357927560951/(v1-14.7278866432481))+((v1+(696.250280532732/(v1*sqrt_abs((v1-17.4326068390492)))))/(16.3294147736825-v1)))-(-72.6369808184978*v1)),-0.9804838950992365,3638.878951182912,0.09562884086865898,3638.878951182912,68.0,45.59180559546122,(((1.85/(v1-14.7))+((v1+(696.0/(v1*sqrt_abs((v1-17.4)))))/(16.3-v1)))-(-72.6*v1))
1249.1289579868317,0.7264862953416006,30.0,1.0,1081.0,-0.9817575083426029,true,153.32406792150263,0.10293960124191287,7.0,((73.2570038239328*v1)+((-60.5872776680642/(v1-16.3666239670714))+(((15.242412104053/log(sqrt_abs((18.4568671335345-v1))))-24.9653711890055)/(14.7270336200371-v1)))),-0.9832645438752288,3120.4125690312694,0.09134981182383785,3120.4125690312694,782.0,39.4958388102613,((73.3*v1)+((-60.6/(v1-16.4))+(((15.2/log(sqrt_abs((18.5-v1))))-25.0)/(14.7-v1))))
1747.704381942749,0.7234994887909314,30.0,1.0,100.0,-0.9839822024471635,true,152.69370595407165,0.10389561355304061,6.0,(((-57.6918409460425/(v1-16.2728967227317))/log(pow2((18.4855456568619-v1))))-(v1*(((14.739780365214-v1)/pow2((14.7584654124867-v1)))-73.8331760147522))),-0.9827961263538915,3207.7514446638306,0.09313232036035071,3207.7514446638306,1078.0,42.334124928967164,(((-57.7/(v1-16.3))/log(pow2((18.5-v1))))-(v1*(((14.7-v1)/pow2((14.8-v1)))-73.8)))
1782.6731939315796,0.729121365307576,30.0,1.0,33.0,-0.9817575083426029,true,153.88019630139334,0.10152725511185848,7.0,(((-60.331810475048/(v1-16.3679108898375))+(((-16.4562554352291/log(sqrt_abs((v1-18.4593460181039))))--26.7594441218886)/(v1-14.7267713168994)))-(-73.3925891506047*v1)),-0.9832522728732485,3122.700560976546,0.0912984785771542,3122.700560976546,782.0,39.377616533196026,(((-60.3/(v1-16.4))+(((-16.5/log(sqrt_abs((v1-18.5))))--26.8)/(v1-14.7)))-(-73.4*v1))
1155.5678300857544,0.7243494147429949,30.0,1.0,1271.0,-0.9839822024471635,true,152.87308181461853,0.10345407020488524,6.0,(((14.4788723597629/log(sqrt_abs((18.4857816283091-v1))))/(16.275069616201-v1))-(v1*(((14.7398053027187-v1)/pow2((v1-14.7584165352749)))-73.8689065897801))),-0.9827968605676898,3207.6145466941834,0.09319529126875584,3207.6145466941834,825.0,42.39794307897377,(((14.5/log(sqrt_abs((18.5-v1))))/(16.3-v1))-(v1*(((14.7-v1)/pow2((v1-14.8)))-73.9)))
1782.6258299350739,0.7360632879418171,30.0,1.0,33.0,-0.9826473859844271,true,155.34528081063067,0.09860620655938698,7.0,(((3.51487290492884+(((-1.90922027894832/(14.7270177004823-v1))--18.9938840473518)/(16.3272519222053-v1)))/log(sqrt_abs((18.5008742197525-v1))))-(-73.6641930975727*v1)),-0.9829480566676898,3179.4232498863116,0.09268065002641504,3179.4232498863116,4356.0,40.68868193523511,(((3.51+(((-1.91/(14.7-v1))--19.0)/(16.3-v1)))/log(sqrt_abs((18.5-v1))))-(-73.7*v1))
1514.9809188842773,0.7274323302566926,30.0,1.0,552.0,-0.9826473859844271,true,153.5237274643017,0.10111951855481272,6.0,(((-1.81636850614724/(14.7271477293549-v1))+((v1+(36.7595472363999/log(pow3(sqrt_abs((18.4824559124402-v1))))))/(16.3172143100259-v1)))-(-73.8807623200306*v1)),-0.9829602597036465,3177.1479305585276,0.09243390644666019,3177.1479305585276,3.473762677119486e77,40.936203203798655,(((-1.82/(14.7-v1))+((v1+(36.8/log(pow3(sqrt_abs((18.5-v1))))))/(16.3-v1)))-(-73.9*v1))
1394.4553139209747,0.7362282817479733,30.0,1.0,790.0,-0.9826473859844271,true,155.38010255703378,0.09851729172288082,7.0,((73.6723847501914*v1)+((3.50814066157649+(((1.90816360784763/(v1-14.72700567609))--18.9893946445723)/(16.3274930564033-v1)))/log(sqrt_abs((v1-18.5008687780616))))),-0.9829476315954566,3179.502506808219,0.09267418999927621,3179.502506808219,4356.0,40.67597745406199,((73.7*v1)+((3.51+(((1.91/(v1-14.7))--19.0)/(16.3-v1)))/log(sqrt_abs((v1-18.5)))))
1528.144604921341,0.7245496380332228,30.0,1.0,526.0,-0.9839822024471635,true,152.9153387017026,0.10335004583909264,6.0,(((14.4911469617439/(16.2756107031108-v1))/log(sqrt_abs((18.4858323021568-v1))))-(v1*(((14.7398114861734-v1)/pow2((14.7584039634935-v1)))-73.8773367691059))),-0.9827968012654806,3207.6256038985575,0.09321050545636805,3207.6256038985575,1078.0,42.413551965188965,(((14.5/(16.3-v1))/log(sqrt_abs((18.5-v1))))-(v1*(((14.7-v1)/pow2((14.8-v1)))-73.9)))
916.3264300823212,0.7244078904154148,30.0,1.0,1758.0,-0.9839822024471635,true,152.88542303568127,0.10342369572136403,6.0,(((14.4832948430212/log(sqrt_abs((18.4857952934108-v1))))/(16.275141646696-v1))-(v1*(((14.7398099762461-v1)/pow2((14.7584043910298-v1)))-73.8713558335355))),-0.9827968630160611,3207.6140901826666,0.09319597700550016,3207.6140901826666,825.0,42.398261930522104,(((14.5/log(sqrt_abs((18.5-v1))))/(16.3-v1))-(v1*(((14.7-v1)/pow2((14.8-v1)))-73.9)))
1133.653923034668,0.7243812037437984,30.0,1.0,1315.0,-0.9839822024471635,true,152.87979084540083,0.10343755494486576,6.0,(((14.4808769806902/(16.2751532938083-v1))/log(sqrt_abs((18.485789760675-v1))))-(v1*(((14.7398063365545-v1)/pow2((v1-14.7584143896847)))-73.8702442281894))),-0.9827968559693032,3207.615404087187,0.0931976121060451,3207.615404087187,1078.0,42.40031647441364,(((14.5/(16.3-v1))/log(sqrt_abs((18.5-v1))))-(v1*(((14.7-v1)/pow2((v1-14.8)))-73.9)))
1742.5163469314575,0.7235735679769197,30.0,1.0,110.0,-0.9839822024471635,true,152.7093402781007,0.10385715201039805,6.0,(((14.4312200556437/(16.2728360565131-v1))/log(sqrt_abs((v1-18.4855775285773))))-(v1*(((14.739786047361-v1)/pow2((v1-14.758450992095)))-73.8362397072816))),-0.982796292586199,3207.7204497881457,0.09312600913495302,3207.7204497881457,1078.0,42.32640993557912,(((14.4/(16.3-v1))/log(sqrt_abs((v1-18.5))))-(v1*(((14.7-v1)/pow2((v1-14.8)))-73.8)))
1726.3318779468536,0.7362351083016215,30.0,1.0,141.0,-0.9826473859844271,true,155.38154329305584,0.0985142624144241,7.0,((73.6724777012494*v1)+((3.50924930538786+((18.9914407724741-(-1.90817758006307/(v1-14.7270053608005)))/(16.3275210527727-v1)))/log(sqrt_abs((v1-18.5008767402629))))),-0.9829475206287188,3179.523197131848,0.09267450686522195,3179.523197131848,4356.0,40.67611890171567,((73.7*v1)+((3.51+((19.0-(-1.91/(v1-14.7)))/(16.3-v1)))/log(sqrt_abs((v1-18.5)))))
1796.3409039974213,0.7071176365869358,30.0,2.0,7.0,-0.9790878754171302,true,149.2363355451441,0.11342075578164193,7.0,((72.2110144398938*v1)+((57.2220815649604+(((-8.14446353474655/(14.7276828655245-v1))--61.7586926735132)/(16.3587235505645-v1)))/log(exp((17.4320061435073-v1))))),-0.9804133495536433,3652.0325339425917,0.0947469365618662,3652.0325339425917,4356.0,44.977183766147164,((72.2*v1)+((57.2+(((-8.14/(14.7-v1))--61.8)/(16.4-v1)))/log(exp((17.4-v1)))))
1547.6952419281006,0.723436639728826,30.0,1.0,488.0,-0.9839822024471635,true,152.68044173432125,0.1039282827387045,6.0,(((-14.4217092393379/log(sqrt_abs((18.4855401482243-v1))))/(v1-16.2724960732348))-(v1*(((14.7397813598145-v1)/pow2((v1-14.758460779595)))-73.8304903587301))),-0.9827960774812554,3207.760557220226,0.0931162903231642,3207.760557220226,825.0,42.31655070072677,(((-14.4/log(sqrt_abs((18.5-v1))))/(v1-16.3))-(v1*(((14.7-v1)/pow2((v1-14.8)))-73.8)))
1461.9911019802094,0.7362298813057347,30.0,1.0,656.0,-0.9826473859844271,true,155.38044014179545,0.09851669689919716,7.0,((73.6723632336393*v1)+((3.50864615954024+((18.9902513485794+(-1.90820347234034/(14.727005752827-v1)))/(16.3275025913158-v1)))/log(sqrt_abs((v1-18.5008719622661))))),-0.9829475959595059,3179.509151316007,0.0926744304445794,3179.509151316007,4356.0,40.67621219454388,((73.7*v1)+((3.51+((19.0+(-1.91/(14.7-v1)))/(16.3-v1)))/log(sqrt_abs((v1-18.5)))))
1720.0876250267029,0.7304515957070602,30.0,1.0,153.0,-0.9817575083426029,true,154.1609398438794,0.10080594986366631,7.0,((73.4659762574388*v1)+((-60.0717071865715/(v1-16.3682136819145))+(((-17.222286929555/log(sqrt_abs((v1-18.4608599914286))))--27.910372949731)/(v1-14.7267198535859)))),-0.9832370444414044,3125.539981054417,0.09130070886742186,3125.539981054417,782.0,39.357138490619526,((73.5*v1)+((-60.1/(v1-16.4))+(((-17.2/log(sqrt_abs((v1-18.5))))--27.9)/(v1-14.7))))
1409.0044839382172,0.7360322356753884,30.0,1.0,761.0,-0.9826473859844271,true,155.3387272667613,0.0986225496278981,7.0,((73.6627994118966*v1)+((14.0612218420449+(((-7.63738937353038/(14.727019660033-v1))--75.9735193309168)/(16.3271957330947-v1)))/log(pow2((v1-18.5008702592355))))),-0.9829481767971877,3179.4008511185502,0.09268167532432454,3179.4008511185502,4356.0,40.69079087239259,((73.7*v1)+((14.1+(((-7.64/(14.7-v1))--76.0)/(16.3-v1)))/log(pow2((v1-18.5)))))
1797.3088119029999,0.7235315353871098,30.0,1.0,5.0,-0.9839822024471635,true,152.70046935005118,0.10387898812503635,6.0,(((57.7137841048036/(16.2727346259126-v1))/log(pow2((18.4855666685552-v1))))-(v1*(((14.7397843280116-v1)/pow2((v1-14.75845489373)))-73.8344728758885))),-0.9827962244365366,3207.7331566460903,0.09312360435811068,3207.7331566460903,1078.0,42.32394712319826,(((57.7/(16.3-v1))/log(pow2((18.5-v1))))-(v1*(((14.7-v1)/pow2((v1-14.8)))-73.8)))
1708.1027030944824,0.7245235380662078,30.0,1.0,176.0,-0.9839822024471635,true,152.90983033472995,0.10336360506155198,6.0,(((57.9577117465037/(16.2755583620254-v1))/log(pow2((18.4858261313524-v1))))-(v1*(((14.7398100033631-v1)/pow2((14.7584076185656-v1)))-73.8762397640073))),-0.9827968076905074,3207.62440591901,0.09320984870627604,3207.62440591901,1078.0,42.412897124622944,(((58.0/(16.3-v1))/log(pow2((18.5-v1))))-(v1*(((14.7-v1)/pow2((14.8-v1)))-73.9)))
1248.69922208786,0.3438339503929822,30.0,0.0,1082.0,-0.982202447163515,true,121.49074009310971,0.10230292653417145,7.0,((-192.392105328717/log(pow2((0.614170298998609/(16.9767228468755-v1)))))-(-69.4872023797878*(v1+((0.264367435472431/(4.90863026783537-v1))/(14.7279440090839-v1))))),-0.9842876756920779,2929.6443367662423,0.07493677432063722,2929.6443367662423,65553.0,41.73067105366511,((-192.0/log(pow2((0.614/(17.0-v1)))))-(-69.5*(v1+((0.264/(4.91-v1))/(14.7-v1)))))
1279.906413078308,0.7304023465417635,30.0,1.0,1019.0,-0.9817575083426029,true,154.15054586616301,0.10083265795943225,7.0,((73.4632585326268*v1)+((60.0811274499668/(16.3682015995034-v1))+(((17.1935951247635/log(sqrt_abs((18.4608030851812-v1))))-27.8672990382995)/(14.7267216380373-v1)))),-0.9832378210573777,3125.3951769793935,0.0913004531984307,3125.3951769793935,782.0,39.35780500622525,((73.5*v1)+((60.1/(16.4-v1))+(((17.2/log(sqrt_abs((18.5-v1))))-27.9)/(14.7-v1))))
1745.6430449485779,0.730959315095457,30.0,1.0,104.0,-0.9817575083426029,true,154.26809341648053,0.10051857312650991,7.0,(((59.8044116262057/(16.3673676402023-v1))+(((17.768110408539/log(sqrt_abs((v1-18.4619695323698))))-28.7343752336706)/(14.7267245090158-v1)))-(-73.5008257804695*v1)),-0.9832264669913652,3127.5122014590775,0.09130281939842165,3127.5122014590775,782.0,39.34864580461322,(((59.8/(16.4-v1))+(((17.8/log(sqrt_abs((v1-18.5))))-28.7)/(14.7-v1)))-(-73.5*v1))
1798.436961889267,0.7304634592790051,30.0,1.0,3.0,-0.9817575083426029,true,154.1634436366176,0.10079985377097161,7.0,((73.4664141170793*v1)+((-60.0803975455257/(v1-16.3682631125857))+(((-17.2282875552379/log(sqrt_abs((18.4608844612188-v1))))--27.9187629223616)/(v1-14.7267188440831)))),-0.9832367428000357,3125.596223651633,0.09130552800750671,3125.596223651633,782.0,39.36099526914581,((73.5*v1)+((-60.1/(v1-16.4))+(((-17.2/log(sqrt_abs((18.5-v1))))--27.9)/(v1-14.7))))
1575.66849899292,0.7278188439364088,30.0,1.0,433.0,-0.9817575083426029,true,153.60530071635256,0.1022248051599499,7.0,(((60.4543144078143/(16.3668838159195-v1))+(((-15.8795572250724/log(sqrt_abs((18.4581979583508-v1))))--25.8958680448713)/(v1-14.7268351922538)))-(-73.3257123105172*v1)),-0.9832601224913015,3121.2369589897176,0.09129117742894675,3121.2369589897176,782.0,39.39412302373795,(((60.5/(16.4-v1))+(((-15.9/log(sqrt_abs((18.5-v1))))--25.9)/(v1-14.7)))-(-73.3*v1))
1583.8091139793396,0.7362316109225455,30.0,1.0,417.0,-0.9826473859844271,true,155.38080517536466,0.09851604796443841,7.0,((73.6723405920108*v1)+((3.50917933648369+((18.9912715802193+(1.90814308747827/(v1-14.7270053810499)))/(16.3275107783876-v1)))/log(sqrt_abs((18.5008757075227-v1))))),-0.9829475325612601,3179.520972247644,0.09267435221241217,3179.520972247644,4356.0,40.67602313090132,((73.7*v1)+((3.51+((19.0+(1.91/(v1-14.7)))/(16.3-v1)))/log(sqrt_abs((18.5-v1)))))
1793.594307899475,0.7317999001770831,30.0,1.0,12.0,-0.9817575083426029,true,154.4454978974397,0.10006775694775334,7.0,((73.5443934008708*v1)+((-59.7090617625385/(v1-16.3680088809393))+((-29.3027349536298-(-72.5882793521858/log(pow2((18.4626892858624-v1)))))/(14.7266925580263-v1)))),-0.9832079455530311,3130.96561967148,0.09130128887992847,3130.96561967148,782.0,39.33115630544627,((73.5*v1)+((-59.7/(v1-16.4))+((-29.3-(-72.6/log(pow2((18.5-v1)))))/(14.7-v1))))
1697.6642370224,0.726996200826688,30.0,1.0,196.0,-0.9817575083426029,true,153.4316828672083,0.10267286807606862,7.0,((73.2794565691233*v1)+((60.6028242907651/(16.3670186084758-v1))+(((-15.3221962190823/log(sqrt_abs((v1-18.4570068616889))))--25.0659337756193)/(v1-14.7269125961541)))),-0.9832585592893003,3121.528426108155,0.09129376823984361,3121.528426108155,782.0,39.416354042001124,((73.3*v1)+((60.6/(16.4-v1))+(((-15.3/log(sqrt_abs((v1-18.5))))--25.1)/(v1-14.7))))
1678.1912229061127,0.728236510796352,30.0,1.0,234.0,-0.9817575083426029,true,153.6934488100098,0.10200922683721259,7.0,((73.3424683290692*v1)+((60.5541463822544/(16.3679031031367-v1))+(((-15.9195348314711/log(sqrt_abs((18.4582833180218-v1))))--25.9514186713247)/(v1-14.7267977674492)))),-0.9832551944483242,3122.1558181551018,0.09129220740806052,3122.1558181551018,782.0,39.38451494227391,((73.3*v1)+((60.6/(16.4-v1))+(((-15.9/log(sqrt_abs((18.5-v1))))--26.0)/(v1-14.7))))
1593.534539937973,0.7236130169987851,30.0,1.0,398.0,-0.9839822024471635,true,152.71766594721063,0.10383661738802663,6.0,(((-14.4281226903078/log(sqrt_abs((18.4855601683309-v1))))/(v1-16.2732937574292))-(v1*(((14.739783283173-v1)/pow2((14.7584603073565-v1)))-73.8379820808678))),-0.9827962144927768,3207.7350107116627,0.0931460135522645,3207.7350107116627,825.0,42.34847607571391,(((-14.4/log(sqrt_abs((18.5-v1))))/(v1-16.3))-(v1*(((14.7-v1)/pow2((14.8-v1)))-73.8)))
1483.3300449848175,0.7362377107320863,30.0,1.0,614.0,-0.9826473859844271,true,155.38209253290788,0.09851307295840378,7.0,((73.6725260883305*v1)+((14.038391574426+(((-7.63266515731729/(14.7270051700829-v1))--75.9684540205235)/(16.3275307794549-v1)))/log(pow2((18.5008794143825-v1))))),-0.9829474797689847,3179.5308156411415,0.09267456068390598,3179.5308156411415,4356.0,40.6760893936211,((73.7*v1)+((14.0+(((-7.63/(14.7-v1))--76.0)/(16.3-v1)))/log(pow2((18.5-v1)))))
1767.9738988876343,0.7362305808421469,30.0,1.0,61.0,-0.9826473859844271,true,155.3805877781226,0.09851636347816534,7.0,(((3.5087106388042+((18.9903835657056+(-1.90819940537093/(14.7270056985245-v1)))/(16.3275048764562-v1)))/log(sqrt_abs((18.5008725021481-v1))))-(-73.6723814447769*v1)),-0.9829475869825752,3179.5108251112715,0.09267443509974903,3179.5108251112715,4356.0,40.676193642862,(((3.51+((19.0+(-1.91/(14.7-v1)))/(16.3-v1)))/log(sqrt_abs((18.5-v1))))-(-73.7*v1))
1638.19003200531,0.7233324726457752,30.0,1.0,311.0,-0.9839822024471635,true,152.65845739542968,0.10398239310362942,6.0,(((-14.4141579228034/(v1-16.2722856973924))/log(sqrt_abs((v1-18.485509582312))))-(v1*(((14.7397765609029-v1)/pow2((14.7584719158146-v1)))-73.826121673203))),-0.98279585702197,3207.801662997076,0.09311235971497676,3207.801662997076,1078.0,42.312674477105794,(((-14.4/(v1-16.3))/log(sqrt_abs((v1-18.5))))-(v1*(((14.7-v1)/pow2((14.8-v1)))-73.8)))
1763.2528250217438,0.7244467669346608,30.0,1.0,70.0,-0.9839822024471635,true,152.89362787879483,0.10340349238127622,6.0,(((57.9397449091765/log(pow2((18.4858061658434-v1))))/(16.2753231811982-v1))-(v1*(((14.7398086424567-v1)/pow2((14.7584094356188-v1)))-73.8730040359653))),-0.9827968443058488,3207.617578798747,0.09320204536318309,3207.617578798747,825.0,42.40486056326779,(((57.9/log(pow2((18.5-v1))))/(16.3-v1))-(v1*(((14.7-v1)/pow2((14.8-v1)))-73.9)))
1750.8867099285126,0.7318522664543861,30.0,1.0,94.0,-0.9817575083426029,true,154.4565497379348,0.10003870373952532,7.0,((73.5476392948857*v1)+((59.6887658970898/(16.3679165344351-v1))+(((72.763757293928/log(pow2((18.462776715063-v1))))-29.3676168386343)/(14.7266849472622-v1)))),-0.98320601174617,3131.3261879876836,0.09129879218085842,3131.3261879876836,782.0,39.32701612819893,((73.5*v1)+((59.7/(16.4-v1))+(((72.8/log(pow2((18.5-v1))))-29.4)/(14.7-v1))))
1514.9553360939026,0.7287933682013163,30.0,1.0,552.0,-0.9817575083426029,true,153.81097290252032,0.1016952047370175,7.0,(((-60.2280357320342/(v1-16.3672732484975))+(((-16.4419328036574/log(sqrt_abs((18.4592970517916-v1))))--26.7503458939309)/(v1-14.726849551996)))-(-73.3803391333236*v1)),-0.9832590548618853,3121.4360240301044,0.09131848607197084,3121.4360240301044,782.0,39.411929578641185,(((-60.2/(v1-16.4))+(((-16.4/log(sqrt_abs((18.5-v1))))--26.8)/(v1-14.7)))-(-73.4*v1))
1403.9843120574951,0.7242209787682299,30.0,1.0,771.0,-0.9839822024471635,true,152.84597555501708,0.10352080416809444,6.0,(((14.4718807959393/log(sqrt_abs((v1-18.4857470343268))))/(16.2746139359016-v1))-(v1*(((14.7398050066795-v1)/pow2((v1-14.7584137129238)))-73.8634851829827))),-0.9827968669515057,3207.6133563985936,0.09317901271363954,3207.6133563985936,825.0,42.38093550555077,(((14.5/log(sqrt_abs((v1-18.5))))/(16.3-v1))-(v1*(((14.7-v1)/pow2((v1-14.8)))-73.9)))
1663.623626947403,0.736230143778862,30.0,1.0,262.0,-0.9826473859844271,true,155.38049553643654,0.09851655812354365,7.0,((73.6723752591138*v1)+((3.5086411732466+((18.9902527147671-(1.90820076290158/(14.7270057285863-v1)))/(16.3275031049059-v1)))/log(sqrt_abs((v1-18.500871985498))))),-0.982947594542288,3179.509415563634,0.09267442175927851,3179.509415563634,4356.0,40.67619373706891,((73.7*v1)+((3.51+((19.0-(1.91/(14.7-v1)))/(16.3-v1)))/log(sqrt_abs((v1-18.5)))))
1674.9853820800781,0.7234737721439214,30.0,1.0,240.0,-0.9839822024471635,true,152.68827848632978,0.10390899302386017,6.0,(((57.6969812608539/log(pow2((v1-18.4855502818089))))/(16.2725911576502-v1))-(v1*(((14.739782499933-v1)/pow2((14.7584585371136-v1)))-73.8320501073587))),-0.9827961405441034,3207.748798825251,0.0931191748654325,3207.748798825251,825.0,42.31947963610774,(((57.7/log(pow2((v1-18.5))))/(16.3-v1))-(v1*(((14.7-v1)/pow2((14.8-v1)))-73.8)))
1467.6185829639435,0.7314256628378466,30.0,1.0,645.0,-0.9817575083426029,true,154.366515552435,0.10026223436480101,7.0,(((59.6582453482015/(16.3671609993871-v1))+(((18.1032436704837/log(sqrt_abs((18.4626225208208-v1))))-29.2389541972329)/(14.7267142876123-v1)))-(-73.5285381805253*v1)),-0.9832146988188653,3129.7064382405215,0.09130546971672457,3129.7064382405215,782.0,39.34355502439342,(((59.7/(16.4-v1))+(((18.1/log(sqrt_abs((18.5-v1))))-29.2)/(14.7-v1)))-(-73.5*v1))
1710.2057039737701,0.6899768306986378,30.0,0.0,172.0,-0.9817575083426029,true,145.61878886449963,0.11719147348808592,6.0,(((7.7310354960719/sqrt_abs((v1-17.4214138607768)))/pow3((16.4053726007267-v1)))-(v1*(((14.7385707023347-v1)/pow2((v1-14.7602796822474)))-72.592924914121))),-0.9787402630364344,3963.988190152527,0.0974849390157146,3963.988190152527,126.0,48.67182419321468,(((7.73/sqrt_abs((v1-17.4)))/pow3((16.4-v1)))-(v1*(((14.7-v1)/pow2((v1-14.8)))-72.6)))
1635.6883189678192,0.7282719539022737,30.0,1.0,316.0,-0.9817575083426029,true,153.70092903532796,0.10199017760698888,7.0,((73.3443698368957*v1)+((-60.5374073242806/(v1-16.3678893010441))+(((15.9250182954023/log(sqrt_abs((v1-18.4582806799312))))-25.9597418297353)/(14.7267967391542-v1)))),-0.9832549799278048,3122.1958166182526,0.09129132392791804,3122.1958166182526,782.0,39.383734609386515,((73.3*v1)+((-60.5/(v1-16.4))+(((15.9/log(sqrt_abs((v1-18.5))))-26.0)/(14.7-v1))))
1620.6085200309753,0.7318692483421034,30.0,1.0,345.0,-0.9817575083426029,true,154.46013374512464,0.10003660341391941,7.0,((73.5441571801122*v1)+((59.8982216442843/(16.3688433541258-v1))+((-29.31445682558-(-18.1580565075468/log(sqrt_abs((v1-18.4628031399258)))))/(14.7266670941767-v1)))),-0.9832057932559038,3131.3669266306824,0.09130184185934964,3131.3669266306824,782.0,39.32441160505021,((73.5*v1)+((59.9/(16.4-v1))+((-29.3-(-18.2/log(sqrt_abs((v1-18.5)))))/(14.7-v1))))
1793.6346728801727,0.7369044001482392,30.0,1.0,12.0,-0.9826473859844271,true,155.52279654065066,0.09833882765297057,7.0,(((3.77757879673729+(20.1514150142333/(16.3267072708889-v1)))/log(sqrt_abs((18.5015381131095-v1))))-(v1*(-73.6532919062305-(-0.121842071960326/(14.7270088568482-v1))))),-0.9829376670307519,3181.360451564413,0.09274531941041066,3181.360451564413,1292.0,40.718837696946544,(((3.78+(20.2/(16.3-v1)))/log(sqrt_abs((18.5-v1))))-(v1*(-73.7-(-0.122/(14.7-v1)))))
1760.13627409935,0.735968517164953,30.0,1.0,76.0,-0.9826473859844271,true,155.32527955097575,0.09865647245388387,7.0,(((3.51701926798465+(((1.90972842584086/(v1-14.7270242110169))--18.9936774508165)/(16.327090961437-v1)))/log(sqrt_abs((v1-18.5008670207543))))-(-73.6597931731719*v1)),-0.9829483799848538,3179.362965724643,0.09268433406786496,3179.362965724643,4356.0,40.69576583088466,(((3.52+(((1.91/(v1-14.7))--19.0)/(16.3-v1)))/log(sqrt_abs((v1-18.5))))-(-73.7*v1))
1655.289438009262,0.7243755446590778,30.0,1.0,278.0,-0.9839822024471635,true,152.87859650230635,0.10344049457802088,6.0,(((-14.4804660740173/(v1-16.2751423790801))/log(sqrt_abs((18.4857883185373-v1))))-(v1*(((14.7398060276432-v1)/pow2((v1-14.7584151406833)))-73.8700069042828))),-0.9827968569241645,3207.615226048356,0.09319744127625572,3207.615226048356,1078.0,42.40015171942241,(((-14.5/(v1-16.3))/log(sqrt_abs((18.5-v1))))-(v1*(((14.7-v1)/pow2((v1-14.8)))-73.9)))
1530.7727189064026,0.34382374730427956,30.0,0.0,521.0,-0.982202447163515,true,121.48874549261996,0.10230511814632448,7.0,((-48.0955223692356/log((0.783694958590928/sqrt_abs((16.9767091171415-v1)))))-(-69.4872302170594*(v1+((0.264370494685823/(4.90862999732382-v1))/(14.7279442317701-v1))))),-0.9842876146295828,2929.6557221850485,0.07493682420456554,2929.6557221850485,529.0,41.73088285688453,((-48.1/log((0.784/sqrt_abs((17.0-v1)))))-(-69.5*(v1+((0.264/(4.91-v1))/(14.7-v1)))))
1678.6236019134521,0.7233720438221515,30.0,1.0,233.0,-0.9839822024471635,true,152.66680884510376,0.10396184569185465,6.0,(((-14.4179975072554/log(sqrt_abs((v1-18.4855256009935))))/(v1-16.2723481634563))-(v1*(((14.7397782202064-v1)/pow2((14.7584682437487-v1)))-73.8277676300473))),-0.9827959316917187,3207.787740435269,0.09311374548727887,3207.787740435269,825.0,42.313915813573786,(((-14.4/log(sqrt_abs((v1-18.5))))/(v1-16.3))-(v1*(((14.7-v1)/pow2((14.8-v1)))-73.8)))
1601.2119688987732,0.731918084017725,30.0,1.0,383.0,-0.9817575083426029,true,154.47044045633723,0.10001060395009838,7.0,((73.5467222019235*v1)+((59.8528506343288/(16.3687595266616-v1))+((-29.2821468308125-(-18.1365106176796/log(sqrt_abs((18.4627274723004-v1)))))/(14.7266653323082-v1)))),-0.983205467658159,3131.427636018451,0.09130422324222522,3131.427636018451,782.0,39.32780335850468,((73.5*v1)+((59.9/(16.4-v1))+((-29.3-(-18.1/log(sqrt_abs((18.5-v1)))))/(14.7-v1))))
1699.8202540874481,0.7233627912786227,30.0,1.0,192.0,-0.9839822024471635,true,152.664856106805,0.10396664219753998,6.0,(((-14.4163051424537/log(sqrt_abs((v1-18.485517955412))))/(v1-16.2722885990152))-(v1*(((14.739779739843-v1)/pow2((v1-14.7584633710881)))-73.8273930155967))),-0.9827959564235893,3207.783129049769,0.09310905528337066,3207.783129049769,825.0,42.309150343127165,(((-14.4/log(sqrt_abs((v1-18.5))))/(v1-16.3))-(v1*(((14.7-v1)/pow2((v1-14.8)))-73.8)))
1710.7703249454498,0.7362213877222219,30.0,1.0,171.0,-0.9826473859844271,true,155.37864758110467,0.0985206064807333,7.0,((73.6721947605394*v1)+((3.50756717569049+((18.98815955726-(1.90823921128437/(14.7270063643807-v1)))/(16.3274712040871-v1)))/log(sqrt_abs((18.5008635807371-v1))))),-0.9829477242195792,3179.4852365602846,0.09267426129861785,3179.4852365602846,4356.0,40.67631136957902,((73.7*v1)+((3.51+((19.0-(1.91/(14.7-v1)))/(16.3-v1)))/log(sqrt_abs((18.5-v1)))))
1370.371094942093,0.7319044406810165,30.0,1.0,838.0,-0.9817575083426029,true,154.46756104636407,0.10001797292065345,7.0,((73.5459771105092*v1)+((-59.8577219430104/(v1-16.3687620660058))+(((72.526743253538/log(pow2((18.4627204865711-v1))))-29.2748954254793)/(14.7266657967423-v1)))),-0.9832057686597966,3131.3715127024034,0.09130422007489501,3131.3715127024034,782.0,39.32794073987724,((73.5*v1)+((-59.9/(v1-16.4))+(((72.5/log(pow2((18.5-v1))))-29.3)/(14.7-v1))))
1799.9092450141907,0.7311393032661001,30.0,2.0,0.0,-0.9684093437152391,true,193.99851847617856,0.14943032739451373,6.0,(((0.849446578537879/(17.2071642123909-v1))/log(pow2((18.4268113790411-v1))))-(v1*(pow2(((v1-14.7428361213298)/(v1-14.7115936740549)))-75.261181731799))),-0.9640876856065095,6696.037226650875,0.10939046488011496,6696.037226650875,3076.0,62.3762646656676,(((0.849/(17.2-v1))/log(pow2((18.4-v1))))-(v1*(pow2(((v1-14.7)/(v1-14.7)))-75.3)))
1799.9166450500488,0.7236270219265615,30.0,0.0,0.0,-0.9728587319243605,true,184.39263797993317,0.11235488596050293,6.0,(((-2194.83151839476/(-305.746277497417-v1))+((v1+(652.271273760723/(v1*sqrt_abs((17.4314616768092-v1)))))/(16.3104576134169-v1)))-(-71.7427381478688*v1)),-0.9702166027559829,5553.268845246538,0.10860530774367162,5553.268845246538,68.0,58.107226483712594,(((-2190.0/(-306.0-v1))+((v1+(652.0/(v1*sqrt_abs((17.4-v1)))))/(16.3-v1)))-(-71.7*v1))
1339.3814980983734,0.7276697133485298,30.0,1.0,900.0,-0.9826473859844271,true,153.57382688328542,0.1009963512809622,6.0,((73.890647614541*v1)+((-1.8068780638981/(14.7270949462049-v1))+((v1+(36.7843901525141/log(pow3(sqrt_abs((18.4825028128472-v1))))))/(16.3177609084329-v1)))),-0.9829559949654187,3177.943113114084,0.09242240024904799,3177.943113114084,3.473762677119486e77,40.9174266306736,((73.9*v1)+((-1.81/(14.7-v1))+((v1+(36.8/log(pow3(sqrt_abs((18.5-v1))))))/(16.3-v1))))
1256.960011959076,0.7110497798142048,30.0,0.0,1066.0,-0.9804226918798665,true,150.06620969297146,0.11225020973126197,6.0,(((1.85418072871771/(v1-14.7278932811169))+((v1+(695.407235551852/(v1*sqrt_abs((v1-17.4325756784148)))))/(16.3292077275777-v1)))-(-72.6347057964533*v1)),-0.9804831513713161,3639.0176231099495,0.09562999524679353,3639.0176231099495,68.0,45.59647776793596,(((1.85/(v1-14.7))+((v1+(695.0/(v1*sqrt_abs((v1-17.4)))))/(16.3-v1)))-(-72.6*v1))
1793.2151849269867,0.7235929050872318,30.0,1.0,13.0,-0.9839822024471635,true,152.71342135221582,0.10384709984490584,6.0,(((14.4317995196588/(16.2728673160909-v1))/log(sqrt_abs((v1-18.4855795519418))))-(v1*(((14.7397877505483-v1)/pow2((v1-14.7584464679056)))-73.8370618864705))),-0.9827963500432397,3207.709736624995,0.09312511386908978,3207.709736624995,1078.0,42.32553707849805,(((14.4/(16.3-v1))/log(sqrt_abs((v1-18.5))))-(v1*(((14.7-v1)/pow2((v1-14.8)))-73.8)))
1797.9753620624542,0.7361091387809043,30.0,1.0,4.0,-0.9826473859844271,true,155.35495757564544,0.09858230502937612,7.0,(((3.51472696458594+(18.9957735623941/(((0.170897948736159/(14.6265286284747-v1))--16.4277753005363)-v1)))/log(sqrt_abs((18.5008821423248-v1))))-(-73.6661572453091*v1)),-0.9829477737270235,3179.4760056406135,0.0926794248374218,3179.4760056406135,2308.0,40.68506555103196,(((3.51+(19.0/(((0.171/(14.6-v1))--16.4)-v1)))/log(sqrt_abs((18.5-v1))))-(-73.7*v1))
916.3264300823212,0.7244078904154148,30.0,1.0,1758.0,-0.9839822024471635,true,152.88542303568127,0.10342369572136403,6.0,(((14.4832948430212/log(sqrt_abs((18.4857952934108-v1))))/(16.275141646696-v1))-(v1*(((14.7398099762461-v1)/pow2((14.7584043910298-v1)))-73.8713558335355))),-0.9827968630160611,3207.6140901826666,0.09319597700550016,3207.6140901826666,825.0,42.398261930522104,(((14.5/log(sqrt_abs((18.5-v1))))/(16.3-v1))-(v1*(((14.7-v1)/pow2((14.8-v1)))-73.9)))
1730.5805170536041,0.7362413058736544,30.0,1.0,133.0,-0.9826473859844271,true,155.38285128325666,0.09851133689088606,7.0,(((3.50988167711093+(18.9926479247196/(((0.17090191605523/(14.6265342269675-v1))--16.428015353707)-v1)))/log(sqrt_abs((v1-18.5008821120842))))-(-73.6726292090423*v1)),-0.9829474524972837,3179.5359005912082,0.09267486850246351,3179.5359005912082,2308.0,40.67632139472783,(((3.51+(19.0/(((0.171/(14.6-v1))--16.4)-v1)))/log(sqrt_abs((v1-18.5))))-(-73.7*v1))
1786.8505449295044,0.7249306226429678,30.0,1.0,25.0,-0.9839822024471635,true,152.9957450501171,0.10315210265093272,6.0,(((58.0550170038924/log(pow2((v1-18.4859285792981))))/(16.2766993534382-v1))-(v1*(((14.7398211644575-v1)/pow2((v1-14.7583861639549)))-73.8933889127376))),-0.9827964352462695,3207.6938500783267,0.09324330609499026,3207.6938500783267,825.0,42.44722410936871,(((58.1/log(pow2((v1-18.5))))/(16.3-v1))-(v1*(((14.7-v1)/pow2((v1-14.8)))-73.9)))
1762.3676390647888,0.7233254288126519,30.0,1.0,72.0,-0.9839822024471635,true,152.65697080283306,0.10398605416772727,6.0,(((-57.6561290622387/log(pow2((v1-18.4855091189775))))/(v1-16.2722029800801))-(v1*(((14.7397782371058-v1)/pow2((14.7584667499301-v1)))-73.8258199314387))),-0.9827958736336563,3207.798565662056,0.09310709589903504,3207.798565662056,825.0,42.30719362496496,(((-57.7/log(pow2((v1-18.5))))/(v1-16.3))-(v1*(((14.7-v1)/pow2((14.8-v1)))-73.8)))
1528.144604921341,0.7245496380332228,30.0,1.0,526.0,-0.9839822024471635,true,152.9153387017026,0.10335004583909264,6.0,(((14.4911469617439/(16.2756107031108-v1))/log(sqrt_abs((18.4858323021568-v1))))-(v1*(((14.7398114861734-v1)/pow2((14.7584039634935-v1)))-73.8773367691059))),-0.9827968012654806,3207.6256038985575,0.09321050545636805,3207.6256038985575,1078.0,42.413551965188965,(((14.5/(16.3-v1))/log(sqrt_abs((18.5-v1))))-(v1*(((14.7-v1)/pow2((14.8-v1)))-73.9)))
1758.166244983673,0.728329601862793,30.0,1.0,80.0,-0.9817575083426029,true,153.71309556877927,0.1019585992718306,7.0,(((-60.5352278495656/(v1-16.3679185028208))+(((-15.9775323654874/log(sqrt_abs((18.4584022467317-v1))))--26.0386349265263)/(v1-14.7267944297547)))-(-73.3476846859721*v1)),-0.9832551272905774,3122.1683400651973,0.09129343236216182,3122.1683400651973,782.0,39.384232097352196,(((-60.5/(v1-16.4))+(((-16.0/log(sqrt_abs((18.5-v1))))--26.0)/(v1-14.7)))-(-73.3*v1))
1715.552994966507,0.7365720803573446,30.0,1.0,162.0,-0.9826473859844271,true,155.45266084433055,0.09836854149434975,7.0,(((3.57220733861907+(((-1.9518284527373/(v1-14.7271841604098))-19.069259048623)/(v1-16.3311162016089)))/log(sqrt_abs((v1-18.5014744912997))))-(-73.6762144016564*v1)),-0.9829474552936854,3179.535379187583,0.09283872457845722,3179.535379187583,4356.0,40.87336436633081,(((3.57+(((-1.95/(v1-14.7))-19.1)/(v1-16.3)))/log(sqrt_abs((v1-18.5))))-(-73.7*v1))
1604.4467420578003,0.7110716763932656,30.0,0.0,377.0,-0.9804226918798665,true,150.07083093991955,0.11224077715510902,6.0,((72.6351379262806*v1)+((-1.85414527422509/(14.7278922720632-v1))+((v1+(695.909158414398/(v1*sqrt_abs((17.4325951445405-v1)))))/(16.3293049180381-v1)))),-0.980483085778573,3639.029853217011,0.095629672821757,3639.029853217011,68.0,45.59501641893596,((72.6*v1)+((-1.85/(14.7-v1))+((v1+(696.0/(v1*sqrt_abs((17.4-v1)))))/(16.3-v1))))
1659.496640920639,0.7315217706818947,30.0,1.0,270.0,-0.9817575083426029,true,154.38679899852767,0.10022580637301903,7.0,(((59.8672672976677/(16.3684854922806-v1))+(((-17.8386462694975/log(sqrt_abs((v1-18.4620727143621))))--28.8355921777604)/(v1-14.7266811691724)))-(-73.5249181356354*v1)),-0.9832162450396217,3129.418137363233,0.09130289802427276,3129.418137363233,782.0,39.338669265863096,(((59.9/(16.4-v1))+(((-17.8/log(sqrt_abs((v1-18.5))))--28.8)/(v1-14.7)))-(-73.5*v1))
1737.8398010730743,0.7360823333939853,30.0,1.0,119.0,-0.9826473859844271,true,155.34930033064168,0.09859602972263525,7.0,(((14.0571249950573+(((-7.63625027047597/(14.7270161287274-v1))--75.9746939304109)/(16.3272819304828-v1)))/log(pow2((18.5008746964391-v1))))-(-73.6651055938749*v1)),-0.9829479883693221,3179.4359844711084,0.09267971502774588,3179.4359844711084,4356.0,40.68702508174392,(((14.1+(((-7.64/(14.7-v1))--76.0)/(16.3-v1)))/log(pow2((18.5-v1))))-(-73.7*v1))
1403.9843120574951,0.7242209787682299,30.0,1.0,771.0,-0.9839822024471635,true,152.84597555501708,0.10352080416809444,6.0,(((14.4718807959393/log(sqrt_abs((v1-18.4857470343268))))/(16.2746139359016-v1))-(v1*(((14.7398050066795-v1)/pow2((v1-14.7584137129238)))-73.8634851829827))),-0.9827968669515057,3207.6133563985936,0.09317901271363954,3207.6133563985936,825.0,42.38093550555077,(((14.5/log(sqrt_abs((v1-18.5))))/(16.3-v1))-(v1*(((14.7-v1)/pow2((v1-14.8)))-73.9)))
1798.5449409484863,0.7045942748961562,30.0,1.0,3.0,-0.9804226918798665,true,148.70378306377117,0.11335827586891739,6.0,(((56.4309437518797/sqrt_abs((17.4405553638436-v1)))/(16.3109985962623-v1))-(v1*((((29.5832469120866-v1)-v1)/(14.7281085508562-v1))-74.8472265955176))),-0.980275171687272,3677.796513589922,0.09564872430119485,3677.796513589922,63.0,46.22776645334342,(((56.4/sqrt_abs((17.4-v1)))/(16.3-v1))-(v1*((((29.6-v1)-v1)/(14.7-v1))-74.8)))
1590.622051000595,0.7352877605599849,30.0,1.0,404.0,-0.9826473859844271,true,155.18160667977716,0.09900761159757708,7.0,((73.632535884375*v1)+((3.51134969086391+(((1.95442126864601/(14.7272525886346-v1))-18.9214455517403)/(v1-16.3276512524802)))/log(sqrt_abs((18.5008196154825-v1))))),-0.9829580888613831,3177.5526953545123,0.09284117292390084,3177.5526953545123,4356.0,40.91735094469053,((73.6*v1)+((3.51+(((1.95/(14.7-v1))-18.9)/(v1-16.3)))/log(sqrt_abs((18.5-v1)))))
1794.8985970020294,0.736240208049863,30.0,1.0,10.0,-0.9826473859844271,true,155.38261958885218,0.09851183934138691,7.0,(((3.50973580338884+(((-1.90813762645558/(14.7270049164985-v1))--18.9924372769936)/(16.327536518139-v1)))/log(sqrt_abs((18.5008805382823-v1))))-(-73.672607413383*v1)),-0.9829474515827352,3179.536071113493,0.09267450537116845,3179.536071113493,4356.0,40.67593815452248,(((3.51+(((-1.91/(14.7-v1))--19.0)/(16.3-v1)))/log(sqrt_abs((18.5-v1))))-(-73.7*v1))
1773.3166558742523,0.7362433790340712,30.0,1.0,51.0,-0.9826473859844271,true,155.383288821295,0.09851043537162138,7.0,(((14.0410285333777+(((-7.6325493924755/(14.7270047389439-v1))--75.9736585240759)/(16.3275507276331-v1)))/log(pow2((v1-18.5008846221884))))-(-73.6726492582336*v1)),-0.9829473973250685,3179.5461877367848,0.09267464065805364,3179.5461877367848,4356.0,40.67598327079026,(((14.0+(((-7.63/(14.7-v1))--76.0)/(16.3-v1)))/log(pow2((v1-18.5))))-(-73.7*v1))
1771.2284989356995,0.7362150160405893,30.0,1.0,55.0,-0.9826473859844271,true,155.37730284528007,0.09852526838306057,7.0,(((3.51044888454478+(((1.90855486684742/(v1-14.7270079829093))--18.9924826838377)/(16.327506877797-v1)))/log(sqrt_abs((v1-18.500880792113))))-(-73.6714149806141*v1)),-0.9829476064347187,3179.507198158271,0.09267596608316712,3179.507198158271,4356.0,40.678574694751894,(((3.51+(((1.91/(v1-14.7))--19.0)/(16.3-v1)))/log(sqrt_abs((v1-18.5))))-(-73.7*v1))
1360.9142899513245,0.7431222700236599,30.0,0.0,857.0,-0.9808676307007786,true,156.83507057695275,0.11370519200522844,7.0,((-40.6433027647021/log((0.870423260546486/sqrt_abs((17.0997633819726-v1)))))-(68.831344794043*(((-0.0744341259678155/(-17.4125769060088+v1))/(14.7287880214458-v1))-v1))),-0.9802485427505351,3682.761616917501,0.0984522918055186,3682.761616917501,529.0,45.786289629327804,((-40.6/log((0.87/sqrt_abs((17.1-v1)))))-(68.8*(((-0.0744/(-17.4+v1))/(14.7-v1))-v1)))
1750.5082590579987,0.7313440675812432,30.0,1.0,95.0,-0.9817575083426029,true,154.34929497064874,0.10032149849573477,7.0,((73.5152114328976*v1)+((-59.9742978373198/(v1-16.3686394285969))+(((-17.826468678835/log(sqrt_abs((18.4621393653445-v1))))--28.8166610267891)/(v1-14.7266858712032)))),-0.9832190995820487,3128.885893126695,0.0913067745985101,3128.885893126695,782.0,39.34102683792654,((73.5*v1)+((-60.0/(v1-16.4))+(((-17.8/log(sqrt_abs((18.5-v1))))--28.8)/(v1-14.7))))
1742.103460073471,0.7275503205652064,30.0,1.0,111.0,-0.9817575083426029,true,153.54862917847393,0.10236172549513844,7.0,((73.3160685419565*v1)+((60.3983061426077/(16.3668132007563-v1))+(((15.9061639215198/log(sqrt_abs((18.4582592400294-v1))))-25.959244167738)/(14.7269702683186-v1)))),-0.9832682969980675,3119.712779817774,0.0913535896897413,3119.712779817774,782.0,39.477643187041416,((73.3*v1)+((60.4/(16.4-v1))+(((15.9/log(sqrt_abs((18.5-v1))))-26.0)/(14.7-v1))))
1734.7731719017029,0.7318505883511099,30.0,1.0,125.0,-0.9817575083426029,true,154.45619557623579,0.10004755342088778,7.0,((73.5430372217102*v1)+((59.8021456640366/(16.3685612962789-v1))+(((18.0258527337871/log(sqrt_abs((v1-18.4624347740939))))-29.1166874595705)/(14.7266694476637-v1)))),-0.9832083653605953,3130.8873443744,0.09130145713885053,3130.8873443744,782.0,39.33079945074851,((73.5*v1)+((59.8/(16.4-v1))+(((18.0/log(sqrt_abs((v1-18.5))))-29.1)/(14.7-v1))))
1245.9298179149628,0.2090295828014543,30.0,0.0,1088.0,-0.9813125695216908,true,120.87481509952079,0.10696123086957005,7.0,(((18.6863058721672/(4.90737241542521-v1))/(14.7285131668632-v1))-(-73.2141574002444*(v1+(0.658929691671737/((16.2490924121349-v1)*(17.5327174795764-v1)))))),-0.9832664649141679,3120.0543813603463,0.0745373984702486,3120.0543813603463,27.0,44.23897266892491,(((18.7/(4.91-v1))/(14.7-v1))-(-73.2*(v1+(0.659/((16.2-v1)*(17.5-v1))))))
1260.6728880405426,0.7286604256715549,30.0,3.0,1058.0,-0.9826473859844271,true,153.78291553985085,0.10056888156516047,6.0,(((v1+(36.9967761047401/log(sqrt_abs(pow3((18.4828732476714-v1))))))/(16.3190745091338-v1))-(v1*((0.122520308890142/(14.7270640588908-v1))-73.9072533638213))),-0.9829497336699042,3179.1105641280456,0.09247758023139377,3179.1105641280456,3.473762677119486e77,40.950714845250765,(((v1+(37.0/log(sqrt_abs(pow3((18.5-v1))))))/(16.3-v1))-(v1*((0.123/(14.7-v1))-73.9)))
1681.8750948905945,0.7243499442439959,30.0,1.0,227.0,-0.9839822024471635,true,152.87319356517455,0.10345379529913344,6.0,(((-14.4789295725405/log(sqrt_abs((v1-18.4857817775991))))/(v1-16.2750696184561))-(v1*(((14.7398053544677-v1)/pow2((14.7584163992127-v1)))-73.8689285215538))),-0.9827968602633671,3207.6146034367307,0.09319526116595547,3207.6146034367307,825.0,42.397906899103724,(((-14.5/log(sqrt_abs((v1-18.5))))/(v1-16.3))-(v1*(((14.7-v1)/pow2((14.8-v1)))-73.9)))
1638.19003200531,0.7233324726457752,30.0,1.0,311.0,-0.9839822024471635,true,152.65845739542968,0.10398239310362942,6.0,(((-14.4141579228034/(v1-16.2722856973924))/log(sqrt_abs((v1-18.485509582312))))-(v1*(((14.7397765609029-v1)/pow2((14.7584719158146-v1)))-73.826121673203))),-0.98279585702197,3207.801662997076,0.09311235971497676,3207.801662997076,1078.0,42.312674477105794,(((-14.4/(v1-16.3))/log(sqrt_abs((v1-18.5))))-(v1*(((14.7-v1)/pow2((14.8-v1)))-73.8)))
1780.206465959549,0.7316081927763256,30.0,1.0,38.0,-0.9817575083426029,true,154.40503827869222,0.10017589766925614,7.0,(((59.807865919113/(16.3682645418873-v1))+(((17.9523302320461/log(sqrt_abs((18.4623060656146-v1))))-29.0073876213303)/(14.7266839754721-v1)))-(-73.531413266172*v1)),-0.9832135581753946,3129.919117129963,0.0913028312080762,3129.919117129963,782.0,39.33635479079314,(((59.8/(16.4-v1))+(((18.0/log(sqrt_abs((18.5-v1))))-29.0)/(14.7-v1)))-(-73.5*v1))
1621.2893929481506,0.7360854031059556,30.0,1.0,344.0,-0.9826473859844271,true,155.34994818969923,0.09859414783481216,7.0,(((3.51366994976357+(((-1.90903885872256/(14.7270159131684-v1))--18.992789411655)/(16.3272810989683-v1)))/log(sqrt_abs((v1-18.5008717725504))))-(-73.6653444842906*v1)),-0.9829480180107786,3179.430457667853,0.09267940917475001,3179.430457667853,4356.0,40.68659614114644,(((3.51+(((-1.91/(14.7-v1))--19.0)/(16.3-v1)))/log(sqrt_abs((v1-18.5))))-(-73.7*v1))
1794.8192999362946,0.7243157819175555,30.0,1.0,10.0,-0.9839822024471635,true,152.8659836468415,0.10347154995355731,6.0,(((14.4776824869506/log(sqrt_abs((18.4857711792771-v1))))/(16.274872839561-v1))-(v1*(((14.7398079024972-v1)/pow2((v1-14.7584078674431)))-73.8674769426133))),-0.9827968783909387,3207.6112234570087,0.09318794022799429,3207.6112234570087,825.0,42.38993142909649,(((14.5/log(sqrt_abs((18.5-v1))))/(16.3-v1))-(v1*(((14.7-v1)/pow2((v1-14.8)))-73.9)))
1681.3478648662567,0.7311462424406192,30.0,1.0,228.0,-0.9817575083426029,true,154.30754421018415,0.10041311144693116,7.0,(((59.7053946326592/(16.3670523425523-v1))+(((17.9568056493413/log(sqrt_abs((v1-18.4623419067992))))-29.0193114432886)/(14.7267253152783-v1)))-(-73.5134797289203*v1)),-0.9832213604473878,3128.464343061455,0.09130658405926893,3128.464343061455,782.0,39.35009360325701,(((59.7/(16.4-v1))+(((18.0/log(sqrt_abs((v1-18.5))))-29.0)/(14.7-v1)))-(-73.5*v1))
1799.0137419700623,0.7233536937441719,30.0,1.0,2.0,-0.9839822024471635,true,152.6629360829876,0.10397136631764882,6.0,(((57.6610364303463/log(pow2((18.4855135146876-v1))))/(16.2723503607828-v1))-(v1*(((14.7397772642215-v1)/pow2((v1-14.758470443517)))-73.8270180207589))),-0.9827958973946289,3207.794135305496,0.0931142500209706,3207.794135305496,825.0,42.31466054521756,(((57.7/log(pow2((18.5-v1))))/(16.3-v1))-(v1*(((14.7-v1)/pow2((v1-14.8)))-73.8)))
1790.616693019867,0.7245251320388706,30.0,1.0,18.0,-0.9839822024471635,true,152.91016674076317,0.10336277706734927,6.0,(((14.4895475964273/(16.2755591173642-v1))/log(sqrt_abs((v1-18.4858264469886))))-(v1*(((14.739810180692-v1)/pow2((14.7584071375766-v1)))-73.876306521736))),-0.9827968082251799,3207.6243062265494,0.0932097161117618,3207.6243062265494,1078.0,42.412756616133116,(((14.5/(16.3-v1))/log(sqrt_abs((v1-18.5))))-(v1*(((14.7-v1)/pow2((14.8-v1)))-73.9)))
1749.896068096161,0.731006468757009,30.0,1.0,96.0,-0.9817575083426029,true,154.27804514062578,0.1005051025612746,7.0,(((59.9656800036675/(16.3683525486271-v1))+(((-70.1740514577978/log(pow2((18.4614943720866-v1))))--28.392587004249)/(v1-14.7266997730068)))-(-73.496562721313*v1)),-0.9832271926498846,3127.376898665556,0.0913026503582309,3127.376898665556,782.0,39.34851252398951,(((60.0/(16.4-v1))+(((-70.2/log(pow2((18.5-v1))))--28.4)/(v1-14.7)))-(-73.5*v1))
1557.9701099395752,0.7245442961510692,30.0,1.0,468.0,-0.9839822024471635,true,152.91421130383233,0.10335282674442198,6.0,(((14.4915778805209/log(sqrt_abs((v1-18.4858301186503))))/(16.2755230008332-v1))-(v1*(((14.7398137474519-v1)/pow2((14.7583971435241-v1)))-73.8771003276654))),-0.9827968138317247,3207.6232608571922,0.0932084438603606,3207.6232608571922,825.0,42.41092866146744,(((14.5/log(sqrt_abs((v1-18.5))))/(16.3-v1))-(v1*(((14.7-v1)/pow2((14.8-v1)))-73.9)))
1438.534511089325,0.7351924404822833,30.0,1.0,703.0,-0.9826473859844271,true,155.16148949083427,0.09913922228162726,7.0,((73.6069458531677*v1)+((1.83944535629454/(v1-14.7272759108916))+((3.77303751559101+(-20.0976114222925/(v1-16.3248004075214)))/log(sqrt_abs((18.5013216301522-v1)))))),-0.9829495114642984,3179.1519955154017,0.09286529736223526,3179.1519955154017,1288.0,40.933055706817186,((73.6*v1)+((1.84/(v1-14.7))+((3.77+(-20.1/(v1-16.3)))/log(sqrt_abs((18.5-v1))))))
1745.780338048935,0.7360299041342178,30.0,1.0,104.0,-0.9826473859844271,true,155.33823519777238,0.09862363495486517,7.0,(((3.51503514314459+(((1.90937082425146/(14.7270198888884-v1))-18.9928350847636)/(v1-16.3271887256576)))/log(sqrt_abs((18.5008682510233-v1))))-(-73.6627487932217*v1)),-0.9829482128896095,3179.3941214993533,0.09268170261232603,3179.3941214993533,4356.0,40.69090660562775,(((3.52+(((1.91/(14.7-v1))-19.0)/(v1-16.3)))/log(sqrt_abs((18.5-v1))))-(-73.7*v1))
1599.763678073883,0.7362356257826617,30.0,1.0,386.0,-0.9826473859844271,true,155.38165250681342,0.09851403470849826,7.0,((73.6724839777442*v1)+((3.50933742674748+(((-1.90817616197077/(14.7270053257022-v1))--18.9916055421636)/(16.3275232145725-v1)))/log(sqrt_abs((v1-18.5008773879358))))),-0.9829475112621838,3179.524943570854,0.09267452451421726,3179.524943570854,4356.0,40.6761207640418,((73.7*v1)+((3.51+(((-1.91/(14.7-v1))--19.0)/(16.3-v1)))/log(sqrt_abs((v1-18.5)))))
1682.9230799674988,0.7249259256848036,30.0,1.0,225.0,-0.9839822024471635,true,152.99475376268717,0.10315454293675132,6.0,(((14.5134730416999/(16.2766833411106-v1))/log(sqrt_abs((18.4859272750244-v1))))-(v1*(((14.7398211629744-v1)/pow2((v1-14.7583860306072)))-73.8931910106238))),-0.9827964438866806,3207.692239028861,0.09324267335028848,3207.692239028861,1078.0,42.446577720831684,(((14.5/(16.3-v1))/log(sqrt_abs((18.5-v1))))-(v1*(((14.7-v1)/pow2((v1-14.8)))-73.9)))
1709.2556200027466,0.7315096087747456,30.0,1.0,174.0,-0.9817575083426029,true,154.38423224249973,0.1002112465103372,7.0,((73.5363464267712*v1)+((-59.5372803327367/(v1-16.3665791390135))+(((18.2402321514382/log(sqrt_abs((18.4628793632205-v1))))-29.4459630064179)/(14.7267168713036-v1)))),-0.9832108199436579,3130.4296746351984,0.0913083468518745,3130.4296746351984,782.0,39.346366016160246,((73.5*v1)+((-59.5/(v1-16.4))+(((18.2/log(sqrt_abs((18.5-v1))))-29.4)/(14.7-v1))))
1710.314451932907,0.7282584573310289,30.0,1.0,172.0,-0.9817575083426029,true,153.6980806000312,0.10199735377549345,7.0,((73.3436746536934*v1)+((60.5470775918948/(16.3679013627628-v1))+(((-15.928647740413/log(sqrt_abs((v1-18.4582982879273))))--25.9651426147855)/(v1-14.7267970426511)))),-0.9832551305876281,3122.167725312999,0.09129215451105074,3122.167725312999,782.0,39.384288640395376,((73.3*v1)+((60.5/(16.4-v1))+(((-15.9/log(sqrt_abs((v1-18.5))))--26.0)/(v1-14.7))))
1666.8569231033325,0.7233315708648024,30.0,1.0,256.0,-0.9839822024471635,true,152.65826707562874,0.10398286168599703,6.0,(((-57.6564459813418/log(pow2((18.4855094183482-v1))))/(v1-16.2722829972201))-(v1*(((14.7397765291407-v1)/pow2((v1-14.7584719840602)))-73.8260835789969))),-0.9827958552564554,3207.8019921864393,0.09311228349021738,3207.8019921864393,825.0,42.31259433151893,(((-57.7/log(pow2((18.5-v1))))/(v1-16.3))-(v1*(((14.7-v1)/pow2((v1-14.8)))-73.8)))
1713.9850239753723,0.7276677455151825,30.0,1.0,165.0,-0.9817575083426029,true,153.57341157439973,0.10229769599644387,7.0,((73.322761245724*v1)+((60.3691309747016/(16.3668232764933-v1))+(((-63.918815014347/log(pow2((v1-18.458406324145))))--26.0704910447634)/(v1-14.7269693786751)))),-0.9832684402516987,3119.6860694354573,0.09135714716192561,3119.6860694354573,782.0,39.48010433605373,((73.3*v1)+((60.4/(16.4-v1))+(((-63.9/log(pow2((v1-18.5))))--26.1)/(v1-14.7))))
1553.9182059764862,0.7362312760368745,30.0,1.0,476.0,-0.9826473859844271,true,155.3807344981424,0.09851604245343125,7.0,((73.6723955991158*v1)+((3.5087967528719+(((1.90819493992437/(v1-14.7270056416062))--18.990552750863)/(16.3275073120889-v1)))/log(sqrt_abs((v1-18.5008731674963))))),-0.9829475762696548,3179.5128225908247,0.09267444305181499,3179.5128225908247,4356.0,40.67617781695204,((73.7*v1)+((3.51+(((1.91/(v1-14.7))--19.0)/(16.3-v1)))/log(sqrt_abs((v1-18.5)))))
1037.8200969696045,0.7354273025077022,30.0,1.0,1509.0,-0.9826473859844271,true,155.21105684175117,0.09894374585017543,7.0,((73.634584647614*v1)+((3.52973720041315+(((-1.91279375492227/(14.7270618361307-v1))--18.9932397142478)/(16.326175719418-v1)))/log(sqrt_abs((18.5008278075093-v1))))),-0.9829498238214487,3179.0937549051387,0.09270529817010394,3179.0937549051387,4356.0,40.736256178072225,((73.6*v1)+((3.53+(((-1.91/(14.7-v1))--19.0)/(16.3-v1)))/log(sqrt_abs((18.5-v1)))))
1680.9206578731537,0.730289339769972,30.0,1.0,229.0,-0.9817575083426029,true,154.1266959214843,0.10088335667793871,7.0,(((-59.9574545419118/(v1-16.367342747256))+(((17.3518886312772/log(sqrt_abs((v1-18.4611521455365))))-28.108676179517)/(14.7267457518777-v1)))-(-73.4630134351911*v1)),-0.9832394747841617,3125.0868310458113,0.09130274205324991,3125.0868310458113,782.0,39.361030365565355,(((-60.0/(v1-16.4))+(((17.4/log(sqrt_abs((v1-18.5))))-28.1)/(14.7-v1)))-(-73.5*v1))
1582.4301180839539,0.7362433347298121,30.0,1.0,420.0,-0.9826473859844271,true,155.38327947093384,0.0985104565196255,7.0,(((3.51025312032575+(((-1.90813729545334/(v1-14.7270047410367))-18.9934065709846)/(v1-16.3275505395893)))/log(sqrt_abs((18.5008845818663-v1))))-(-73.6726480880045*v1)),-0.9829473978211553,3179.54609523883,0.09267463916688591,3179.54609523883,4356.0,40.675982905531654,(((3.51+(((-1.91/(v1-14.7))-19.0)/(v1-16.3)))/log(sqrt_abs((18.5-v1))))-(-73.7*v1))
1620.765235900879,0.7233316616526194,30.0,1.0,345.0,-0.9839822024471635,true,152.65828623628946,0.10398281451128935,6.0,(((-14.4141161977446/log(sqrt_abs((v1-18.4855094351779))))/(v1-16.2722832746387))-(v1*(((14.7397765321255-v1)/pow2((v1-14.7584719778132)))-73.8260874138698))),-0.9827958554320453,3207.8019594468,0.09311229161136439,3207.8019594468,825.0,42.312602865092906,(((-14.4/log(sqrt_abs((v1-18.5))))/(v1-16.3))-(v1*(((14.7-v1)/pow2((v1-14.8)))-73.8)))
1551.4489109516144,0.7260799802278649,30.0,1.0,481.0,-0.9817575083426029,true,153.2383156003709,0.1031656840334064,7.0,((73.2310140342093*v1)+((60.7906510389112/(16.3668138027146-v1))+(((-14.936036546885/log(sqrt_abs((18.4562869405186-v1))))--24.4906079573466)/(v1-14.7269764531008)))),-0.9832561450942567,3121.9785652918154,0.0913162521375847,3121.9785652918154,782.0,39.458801529051804,((73.2*v1)+((60.8/(16.4-v1))+(((-14.9/log(sqrt_abs((18.5-v1))))--24.5)/(v1-14.7))))
1795.9685409069061,0.7308520468824705,30.0,1.0,8.0,-0.9817575083426029,true,154.2454545878072,0.10058881739904124,7.0,((73.4880563867412*v1)+((-59.995172862271/(v1-16.3683134165779))+(((-17.4544837050758/log(sqrt_abs((v1-18.4613190568887))))--28.2589444257769)/(v1-14.7267053567798)))),-0.9832301369891334,3126.8279113459803,0.09130228375589095,3126.8279113459803,782.0,39.35111890018032,((73.5*v1)+((-60.0/(v1-16.4))+(((-17.5/log(sqrt_abs((v1-18.5))))--28.3)/(v1-14.7))))
1692.7731819152832,0.7304265477326084,30.0,1.0,206.0,-0.9817575083426029,true,154.15565349868504,0.10081953339960428,7.0,(((60.0764980341729/(16.3682075315519-v1))+(((-17.2076981403382/log(sqrt_abs((18.4608310615017-v1))))--27.888471417935)/(v1-14.7267207611116)))-(-73.4645940938209*v1)),-0.9832374414279604,3125.4659608526317,0.09130058052653317,3125.4659608526317,782.0,39.357479500050594,(((60.1/(16.4-v1))+(((-17.2/log(sqrt_abs((18.5-v1))))--27.9)/(v1-14.7)))-(-73.5*v1))
1674.9853820800781,0.7234737721439214,30.0,1.0,240.0,-0.9839822024471635,true,152.68827848632978,0.10390899302386017,6.0,(((57.6969812608539/log(pow2((v1-18.4855502818089))))/(16.2725911576502-v1))-(v1*(((14.739782499933-v1)/pow2((14.7584585371136-v1)))-73.8320501073587))),-0.9827961405441034,3207.748798825251,0.0931191748654325,3207.748798825251,825.0,42.31947963610774,(((57.7/log(pow2((v1-18.5))))/(16.3-v1))-(v1*(((14.7-v1)/pow2((14.8-v1)))-73.8)))
495.6276478767395,0.7449184930975495,30.0,0.0,2631.0,-0.9808676307007786,true,157.21416131871783,0.10440299442234226,7.0,(((((946.554181177591/(16.3544365364503-v1))--747.292805233378)/(17.4440918991355-v1))/v1)-(-72.1492424893661*(v1+(-0.0258449987615044/(14.7280026365116-v1))))),-0.9801848027183284,3694.646276419178,0.0986241188606011,3694.646276419178,40.0,46.3104089124965,(((((947.0/(16.4-v1))--747.0)/(17.4-v1))/v1)-(-72.1*(v1+(-0.0258/(14.7-v1)))))
1767.5874819755554,0.7354902590959119,30.0,1.0,62.0,-0.9826473859844271,true,155.22434375475788,0.09889600221312905,7.0,((73.6429592254272*v1)+((3.49768217321538+(((1.91156521822447/(v1-14.7270553277394))--18.9426586600192)/(16.3259061763527-v1)))/log(sqrt_abs((18.5006414972949-v1))))),-0.982951988233349,3178.6901890837094,0.09269079461116911,3178.6901890837094,4356.0,40.71868883134208,((73.6*v1)+((3.5+(((1.91/(v1-14.7))--18.9)/(16.3-v1)))/log(sqrt_abs((18.5-v1)))))
1716.5490260124207,0.7280862411678172,30.0,1.0,160.0,-0.9817575083426029,true,153.66173458376804,0.10209138510706123,7.0,(((-60.5669371501438/(v1-16.3678425073682))+(((-15.7945852825568/log(sqrt_abs((v1-18.4579996586814))))--25.7636785360686)/(v1-14.7268037358577)))-(-73.333884332218*v1)),-0.9832547542114491,3122.2379026031235,0.09128713297320247,3122.2379026031235,782.0,39.3831423538749,(((-60.6/(v1-16.4))+(((-15.8/log(sqrt_abs((v1-18.5))))--25.8)/(v1-14.7)))-(-73.3*v1))
1777.0540120601654,0.723332382467723,30.0,1.0,44.0,-0.9839822024471635,true,152.6584383634591,0.10398243996459534,6.0,(((-14.4141535060909/log(sqrt_abs((18.4855095684076-v1))))/(v1-16.2722854690556))-(v1*(((14.7397765561264-v1)/pow2((v1-14.758471927331)))-73.8261178613078))),-0.9827958568285184,3207.8016990671285,0.09311235545056268,3207.8016990671285,825.0,42.312669952793684,(((-14.4/log(sqrt_abs((18.5-v1))))/(v1-16.3))-(v1*(((14.7-v1)/pow2((v1-14.8)))-73.8)))
1707.7258100509644,0.7319985649567136,30.0,1.0,177.0,-0.9817575083426029,true,154.48742586271723,0.09996659281052098,7.0,((73.5512349405709*v1)+((59.8725382482514/(16.3688759755593-v1))+((29.4201805843884-(18.228511615762/log(sqrt_abs((18.4629373393689-v1)))))/(v1-14.726662291884)))),-0.9832024069454663,3131.99832177002,0.09130109301132429,3131.99832177002,782.0,39.321149880031285,((73.6*v1)+((59.9/(16.4-v1))+((29.4-(18.2/log(sqrt_abs((18.5-v1)))))/(v1-14.7))))
1214.220323085785,0.7275247048989341,30.0,3.0,1152.0,-0.9826473859844271,true,153.54322302259655,0.10107163625401487,6.0,(((v1+(36.7588683466058/log(sqrt_abs(pow3((18.4824382858541-v1))))))/(16.3171720345588-v1))-(-73.8845489457671*(v1+(-0.0244676043210491/(14.7271023230997-v1))))),-0.9829573945226804,3177.682158405844,0.0924105851194838,3177.682158405844,3.473762677119486e77,40.90402540766317,(((v1+(36.8/log(sqrt_abs(pow3((18.5-v1))))))/(16.3-v1))-(-73.9*(v1+(-0.0245/(14.7-v1)))))
1748.8219709396362,0.736091468191327,30.0,1.0,98.0,-0.9826473859844271,true,155.35122821874782,0.09859084131267762,7.0,(((3.51334118322014+(((1.90901469457968/(14.7270155440468-v1))-18.9924806228967)/(v1-16.3272897688976)))/log(sqrt_abs((v1-18.5008711641785))))-(-73.6656602432595*v1)),-0.9829480131653345,3179.4313611260027,0.09267914233718853,3179.4313611260027,4356.0,40.68611682845968,(((3.51+(((1.91/(14.7-v1))-19.0)/(v1-16.3)))/log(sqrt_abs((v1-18.5))))-(-73.7*v1))
1761.8286740779877,0.7234833675339936,30.0,1.0,73.0,-0.9839822024471635,true,152.69030358198344,0.10390400673551811,6.0,(((-14.424737937597/log(sqrt_abs((18.4855518514369-v1))))/(v1-16.2726044218944))-(v1*(((14.7397832923433-v1)/pow2((14.7584564554891-v1)))-73.832455229725))),-0.9827961640268797,3207.7444203398322,0.09311884920050931,3207.7444203398322,825.0,42.31913617129062,(((-14.4/log(sqrt_abs((18.5-v1))))/(v1-16.3))-(v1*(((14.7-v1)/pow2((14.8-v1)))-73.8)))
1715.0198888778687,0.7233007813288216,30.0,1.0,163.0,-0.9839822024471635,true,152.65176898070766,0.10399886092357663,6.0,(((-57.6505549405188/log(pow2((18.4855040409878-v1))))/(v1-16.2721554762925))-(v1*(((14.7397766457961-v1)/pow2((14.7584706725408-v1)))-73.8247808565504))),-0.9827958110994163,3207.8102254953455,0.09310682622180998,3207.8102254953455,825.0,42.306903103332566,(((-57.7/log(pow2((18.5-v1))))/(v1-16.3))-(v1*(((14.7-v1)/pow2((14.8-v1)))-73.8)))
1718.6710600852966,0.7287314070004134,30.0,1.0,156.0,-0.9817575083426029,true,153.79789606481992,0.10174060340453009,7.0,((73.3700044052257*v1)+((60.4311935085713/(16.3679376968706-v1))+(((-64.7563977370717/log(pow2((18.4587993468152-v1))))--26.3569811115563)/(v1-14.7267807137368)))),-0.9832537870960658,3122.4182262808954,0.09129434834985069,3122.4182262808954,782.0,39.380270683011084,((73.4*v1)+((60.4/(16.4-v1))+(((-64.8/log(pow2((18.5-v1))))--26.4)/(v1-14.7))))
1797.4512798786163,0.7362433489117026,30.0,1.0,5.0,-0.9826473859844271,true,155.38328246400496,0.09851044974360226,7.0,(((3.51025439107991+(((1.9081373126423/(v1-14.7270047403688))--18.9934091243548)/(16.3275505997694-v1)))/log(sqrt_abs((18.5008845946731-v1))))-(-73.6726484651133*v1)),-0.9829473976635338,3179.5461246281707,0.0926746396440885,3179.5461246281707,4356.0,40.675983024719706,(((3.51+(((1.91/(v1-14.7))--19.0)/(16.3-v1)))/log(sqrt_abs((18.5-v1))))-(-73.7*v1))
1800.1154770851135,0.7308489036075028,30.0,1.0,0.0,-0.9817575083426029,true,154.2447912033666,0.1005907675325486,7.0,(((-60.0041324888266/(v1-16.3683483783673))+(((17.4523318518633/log(sqrt_abs((18.4613248793205-v1))))-28.2552933969438)/(14.7267049879367-v1)))-(-73.4877243611974*v1)),-0.9832301353264147,3126.8282213685147,0.09130559723088028,3126.8282213685147,782.0,39.35391658467104,(((-60.0/(v1-16.4))+(((17.5/log(sqrt_abs((18.5-v1))))-28.3)/(14.7-v1)))-(-73.5*v1))
1800.148272037506,0.3386600448975028,30.0,0.0,0.0,-0.9635150166852058,true,304.0872388447217,0.12163367749663237,7.0,((71.5066650294689*v1)+((27.441543373816/((9.64700455268862-v1)-v1))+((-38.0550493688812-(-71.5763360493548/(16.4905266054693-v1)))/(v1-14.7297214974048)))),-0.962065382018223,7073.1062164793575,0.08989825495597312,7073.1062164793575,25.0,61.160189980212856,((71.5*v1)+((27.4/((9.65-v1)-v1))+((-38.1-(-71.6/(16.5-v1)))/(v1-14.7))))
1800.1490359306335,0.7232727187276881,30.0,1.0,0.0,-0.9839822024471635,true,152.64584640214034,0.104013441772061,6.0,(((-57.6441157929537/log(pow2((v1-18.4854981317828))))/(v1-16.2721003439132))-(v1*(((14.7397747045844-v1)/pow2((v1-14.7584757271387)))-73.8235980950115))),-0.9827957370434044,3207.824033622753,0.09310681945943342,3207.824033622753,825.0,42.30684920431055,(((-57.6/log(pow2((v1-18.5))))/(v1-16.3))-(v1*(((14.7-v1)/pow2((v1-14.8)))-73.8)))
1520.4790470600128,0.7279269447626361,30.0,1.0,542.0,-0.9826473859844271,true,153.62811526705931,0.10086308503414215,6.0,(((1.80313266363871/(v1-14.727068289711))+((v1+(36.9261942593916/log(pow3(sqrt_abs((18.4827415156243-v1))))))/(16.3181142501391-v1)))-(-73.9009665796756*v1)),-0.9829518114128428,3178.723158183887,0.09243172457180363,3178.723158183887,3.473762677119486e77,40.924678969911156,(((1.8/(v1-14.7))+((v1+(36.9/log(pow3(sqrt_abs((18.5-v1))))))/(16.3-v1)))-(-73.9*v1))
1721.3890900611877,0.7473651978335388,30.0,0.0,151.0,-0.9808676307007786,true,157.73053544102427,0.10687093275782672,7.0,((-34.5493797552866/log((0.680583391604644/sqrt_abs((17.0459416147237-v1)))))-(-70.6568938958215*(v1+((-0.0373232956279506/(16.1022866858536-v1))/(14.7288598279693-v1))))),-0.9801523751084997,3700.692572411265,0.09816517580132689,3700.692572411265,529.0,46.019899645840574,((-34.5/log((0.681/sqrt_abs((17.0-v1)))))-(-70.7*(v1+((-0.0373/(16.1-v1))/(14.7-v1)))))
1329.034166097641,0.7285392563037608,30.0,1.0,921.0,-0.9826473859844271,true,153.75734288900142,0.10054508957305908,6.0,(((-1.80275115308513/(14.7270486640716-v1))+((v1+(37.048588350226/log(pow3(sqrt_abs((18.4829693219402-v1))))))/(16.3198411266474-v1)))-(-73.9267058653691*v1)),-0.982944789848606,3180.032365243176,0.09247759354794591,3180.032365243176,3.473762677119486e77,40.97246072566722,(((-1.8/(14.7-v1))+((v1+(37.0/log(pow3(sqrt_abs((18.5-v1))))))/(16.3-v1)))-(-73.9*v1))
1798.6474030017853,0.7087822565069507,30.0,0.0,3.0,-0.9808676307007786,true,149.5876515979264,0.1102720928253299,6.0,((73.5414508743718*v1)+(pow3((((37.1669437508212/v1)/(16.3344238764432-v1))/(17.6932272182764-v1)))+((v1-16.6474995960725)/(14.7290408925789-v1)))),-0.9794090878119979,3839.2823428431843,0.09740188193813713,3839.2823428431843,2.147483661e9,48.47039783239052,((73.5*v1)+(pow3((((37.2/v1)/(16.3-v1))/(17.7-v1)))+((v1-16.6)/(14.7-v1))))
1017.8241050243378,0.7286964793288737,30.0,3.0,1550.0,-0.9826473859844271,true,153.79052462131463,0.10046342314430048,6.0,(((v1+(37.0959942688134/log(sqrt_abs(pow3((18.4830603146534-v1))))))/(16.3203831876875-v1))-(-73.9333175068464*(v1+(0.0244298398886786/(v1-14.7270605439576))))),-0.9829435573832175,3180.262164805293,0.09250174630781056,3180.262164805293,3.473762677119486e77,41.00082222501019,(((v1+(37.1/log(sqrt_abs(pow3((18.5-v1))))))/(16.3-v1))-(-73.9*(v1+(0.0244/(v1-14.7)))))
1422.4401500225067,0.7110727492711884,30.0,0.0,735.0,-0.9804226918798665,true,150.07105736952812,0.11224010157554347,6.0,(((1.85403566321914/(v1-14.7278915461948))+((v1+((695.878471901181/v1)/sqrt_abs((17.4325938154896-v1))))/(16.329299493532-v1)))-(-72.6352126709958*v1)),-0.9804831259758116,3639.022358233466,0.09563005058324488,3639.022358233466,89.0,45.595431363630304,(((1.85/(v1-14.7))+((v1+((696.0/v1)/sqrt_abs((17.4-v1))))/(16.3-v1)))-(-72.6*v1))
1798.1425070762634,0.7107681665185985,30.0,0.0,4.0,-0.9795328142380423,true,150.00677554212788,0.11239473630234677,6.0,(((1.85877399579855/(v1-14.7279340754749))+((v1+(694.920977870952/(v1*sqrt_abs((17.432569196618-v1)))))/(16.3288472919525-v1)))-(-72.6231932815245*v1)),-0.9804771045872775,3640.1450773469696,0.0956304680344166,3640.1450773469696,68.0,45.60865244878468,(((1.86/(v1-14.7))+((v1+(695.0/(v1*sqrt_abs((17.4-v1)))))/(16.3-v1)))-(-72.6*v1))
1557.9701099395752,0.7245442961510692,30.0,1.0,468.0,-0.9839822024471635,true,152.91421130383233,0.10335282674442198,6.0,(((14.4915778805209/log(sqrt_abs((v1-18.4858301186503))))/(16.2755230008332-v1))-(v1*(((14.7398137474519-v1)/pow2((14.7583971435241-v1)))-73.8771003276654))),-0.9827968138317247,3207.6232608571922,0.0932084438603606,3207.6232608571922,825.0,42.41092866146744,(((14.5/log(sqrt_abs((v1-18.5))))/(16.3-v1))-(v1*(((14.7-v1)/pow2((14.8-v1)))-73.9)))
1306.588604927063,0.7058133420732711,30.0,0.0,966.0,-0.9804226918798665,true,148.96106574048972,0.1131406331108042,6.0,((72.7319692806491*v1)+((-1.85081291650975/(14.7278495715673-v1))+((v1+(171.718566258912/sqrt_abs((v1*(v1-17.4331476862495)))))/(16.3294103019878-v1)))),-0.9804462588844509,3645.896418576223,0.09516939349592514,3645.896418576223,401.0,45.574180794307345,((72.7*v1)+((-1.85/(14.7-v1))+((v1+(172.0/sqrt_abs((v1*(v1-17.4)))))/(16.3-v1))))
1798.6147079467773,0.710209585973528,30.0,0.0,3.0,-0.9795328142380423,true,149.88888778294896,0.1126770200308718,6.0,((72.6014074039582*v1)+((1.86270653716823/(v1-14.7279802984409))+((v1+((692.80304562424/v1)/sqrt_abs((v1-17.4325064297331))))/(16.3278024200934-v1)))),-0.9804647534338583,3642.448013943626,0.0956678551967596,3642.448013943626,89.0,45.67333274969188,((72.6*v1)+((1.86/(v1-14.7))+((v1+((693.0/v1)/sqrt_abs((v1-17.4))))/(16.3-v1))))
1347.6120240688324,0.723577090617899,30.0,1.0,884.0,-0.9839822024471635,true,152.7100837272865,0.10385531638780893,6.0,(((14.4306291471832/(16.2729379860813-v1))/log(sqrt_abs((18.4855799889864-v1))))-(v1*(((14.7397833778573-v1)/pow2((14.7584590074629-v1)))-73.8364005257546))),-0.9827963078573385,3207.717602405008,0.09313206112588694,3207.717602405008,1078.0,42.33289015499759,(((14.4/(16.3-v1))/log(sqrt_abs((18.5-v1))))-(v1*(((14.7-v1)/pow2((14.8-v1)))-73.8)))
1512.0952780246735,0.7109678770636335,30.0,0.0,558.0,-0.9804226918798665,true,150.04892421494927,0.11229514900231502,6.0,(((-1.85735437362401/(14.7279171482888-v1))+((v1+(696.020770741697/(v1*sqrt_abs((17.4326052382047-v1)))))/(16.3292565672114-v1)))-(-72.6306344947677*v1)),-0.9804808988334937,3639.4376204665296,0.09562223539592828,3639.4376204665296,68.0,45.590472896910754,(((-1.86/(14.7-v1))+((v1+(696.0/(v1*sqrt_abs((17.4-v1)))))/(16.3-v1)))-(-72.6*v1))
543.7039179801941,0.7126044827168823,30.0,0.0,2531.0,-0.9808676307007786,true,150.39432789007495,0.10908702528785921,6.0,(pow3((((37.1908010892237/v1)/(16.3346283180743-v1))/(17.6934633491349-v1)))-(-73.4756683122639*(v1+((0.00177043042028406*v1)/(v1-14.7290063133299))))),-0.9794485904826207,3831.916865081325,0.09753338088277896,3831.916865081325,2.147483661e9,48.391929783045136,(pow3((((37.2/v1)/(16.3-v1))/(17.7-v1)))-(-73.5*(v1+((0.00177*v1)/(v1-14.7)))))
1355.0892510414124,0.731575804683471,30.0,1.0,869.0,-0.9817575083426029,true,154.39820281024564,0.10004502429346797,7.0,(((30.8048881224498+(10.1973572875085/log(sqrt_abs((18.4775523256094-v1)))))/(16.3562645725069-v1))-(73.6264238068398*((-0.0240668510748136/(v1-14.726767058036))-v1))),-0.9831836840372689,3135.4893050830938,0.09130040590220051,3135.4893050830938,782.0,39.19441377021405,(((30.8+(10.2/log(sqrt_abs((18.5-v1)))))/(16.4-v1))-(73.6*((-0.0241/(v1-14.7))-v1)))
1733.3061029911041,0.7233191444558782,30.0,1.0,128.0,-0.9839822024471635,true,152.655644496816,0.10398931797217757,6.0,(((-14.4135074233994/log(sqrt_abs((18.485506861619-v1))))/(v1-16.2721819109144))-(v1*(((14.7397784081053-v1)/pow2((v1-14.7584659632973)))-73.8255572083998))),-0.9827958661020757,3207.799969964298,0.09310586993322105,3207.799969964298,825.0,42.305969141419915,(((-14.4/log(sqrt_abs((18.5-v1))))/(v1-16.3))-(v1*(((14.7-v1)/pow2((v1-14.8)))-73.8)))
1019.8749959468842,0.7302620632914792,30.0,1.0,1546.0,-0.9817575083426029,true,154.1209392531646,0.10072368589108008,7.0,((-1.82454177654379/(14.72706861557-v1))-(-73.5736739135043*(v1+((0.417110640175532+(0.138029457061909/log(sqrt_abs((18.4773101548472-v1)))))/(16.354117557778-v1))))),-0.983204296496106,3131.6460052557986,0.09144455181812175,3131.6460052557986,782.0,39.41250998311759,((-1.82/(14.7-v1))-(-73.6*(v1+((0.417+(0.138/log(sqrt_abs((18.5-v1)))))/(16.4-v1)))))
1790.7507309913635,0.7270089110095369,30.0,1.0,18.0,-0.9830923248053393,true,153.4343653361701,0.10125800275679336,6.0,((((2.4094169712981*v1)/log(pow3(sqrt_abs((18.4822639030324-v1)))))/(16.2445565582757-v1))-(74.0639849836418*((0.0248043983840917/(14.7275355957218-v1))-v1))),-0.9815853905260258,3433.4994175234706,0.09488186719809263,3433.4994175234706,1.0421288031358458e78,43.991957110190285,((((2.41*v1)/log(pow3(sqrt_abs((18.5-v1)))))/(16.2-v1))-(74.1*((0.0248/(14.7-v1))-v1)))
1362.5686960220337,0.731583430464751,30.0,1.0,854.0,-0.9817575083426029,true,154.3998122223081,0.10004086547443398,7.0,((-1.77192467962222/(14.7267667707019-v1))-(-73.6268618864706*(v1+((0.41828355963389-(-0.138530418115533/log(sqrt_abs((18.4775618694752-v1)))))/(16.3562604747245-v1))))),-0.9831836462597267,3135.496348901715,0.09129986605117857,3135.496348901715,782.0,39.193407245591224,((-1.77/(14.7-v1))-(-73.6*(v1+((0.418-(-0.139/log(sqrt_abs((18.5-v1)))))/(16.4-v1)))))
1652.9173080921173,0.7109990727810732,30.0,0.0,283.0,-0.9804226918798665,true,150.05550803398378,0.11227543602557888,6.0,(((1.85464568737598/(v1-14.727898284656))+((v1+((695.113390282076/v1)/sqrt_abs((v1-17.432565845957))))/(16.3291011366865-v1)))-(-72.6328333585845*v1)),-0.9804822531275481,3639.185105317965,0.09563147665950936,3639.185105317965,89.0,45.60041985460971,(((1.85/(v1-14.7))+((v1+((695.0/v1)/sqrt_abs((v1-17.4))))/(16.3-v1)))-(-72.6*v1))
1025.2061309814453,0.7146622538976554,30.0,0.0,1535.0,-0.9808676307007786,true,150.82861804848656,0.10863482807767927,6.0,((73.3871960743227*v1)+(pow3((((37.1557535150845/v1)/(16.3341349204378-v1))/(17.6932732274194-v1)))+((12.8097832050756-v1)/(14.7290610323583-v1)))),-0.9794587530772587,3830.021996617255,0.09767705333038129,3830.021996617255,2.147483661e9,48.40580931373283,((73.4*v1)+(pow3((((37.2/v1)/(16.3-v1))/(17.7-v1)))+((12.8-v1)/(14.7-v1))))
1122.1833128929138,0.7431243636067841,30.0,0.0,1339.0,-0.9808676307007786,true,156.8355124251792,0.11370417661349212,7.0,((-40.6433406856665/log((0.870426870078523/sqrt_abs((17.099773587559-v1)))))-(-68.8314128845765*(v1+((0.0744323497715071/(-17.412577430633+v1))/(14.7287876539795-v1))))),-0.980248613162092,3682.748488317616,0.09845184834176575,3682.748488317616,529.0,45.7856752903798,((-40.6/log((0.87/sqrt_abs((17.1-v1)))))-(-68.8*(v1+((0.0744/(-17.4+v1))/(14.7-v1)))))
1792.8188710212708,0.7116229613334313,30.0,0.0,14.0,-0.9808676307007786,true,150.187178970367,0.10950552897800334,6.0,((pow3((((94.3504406485318/v1)/(16.3363837522874-v1))/(17.6881217758179-v1)))/v1)-(-73.4599999219544*(v1+(0.0261222463715903/(v1-14.7290543383384))))),-0.9794600374613132,3829.782516550692,0.09745158496725133,3829.782516550692,4.294967304e9,48.34389603402446,((pow3((((94.4/v1)/(16.3-v1))/(17.7-v1)))/v1)-(-73.5*(v1+(0.0261/(v1-14.7)))))
1726.0337550640106,0.7365367695982314,30.0,1.0,142.0,-0.9826473859844271,true,155.44520855064886,0.09844325014873401,7.0,((((20.1524938537168/(16.3267488750413-v1))--3.77709158093791)/log(sqrt_abs((18.5015419900072-v1))))-(73.6623591477561*((0.0243662140019555/(14.7270110721268-v1))-v1))),-0.9829373652166395,3181.4167263705754,0.09272676847058903,3181.4167263705754,1288.0,40.720433766720255,((((20.2/(16.3-v1))--3.78)/log(sqrt_abs((18.5-v1))))-(73.7*((0.0244/(14.7-v1))-v1)))
1752.1308059692383,0.7315154905957193,30.0,1.0,92.0,-0.9817575083426029,true,154.3854735938153,0.1000778942883345,7.0,(((-1.77228913269554/(14.7267699304812-v1))+(((10.1792828587702/log(sqrt_abs((18.4774677273757-v1))))--30.8675149965229)/(16.3562791533148-v1)))-(-73.6229774700661*v1)),-0.9831840004627495,3135.430305911543,0.09130408598185856,3135.430305911543,782.0,39.20189253888752,(((-1.77/(14.7-v1))+(((10.2/log(sqrt_abs((18.5-v1))))--30.9)/(16.4-v1)))-(-73.6*v1))
1336.5543899536133,0.7248290568585887,30.0,1.0,906.0,-0.9830923248053393,true,152.97430971221397,0.10239464201234588,6.0,(((1.84916730720947/(v1-14.727674152425))+(((2.37928588425175*v1)/log(sqrt_abs(pow3((18.4816435357097-v1)))))/(16.2401533644007-v1)))-(-73.9713875691532*v1)),-0.9816346360718868,3424.3173301559073,0.09479428515397596,3424.3173301559073,1.0421288031358458e78,43.9220473695356,(((1.85/(v1-14.7))+(((2.38*v1)/log(sqrt_abs(pow3((18.5-v1)))))/(16.2-v1)))-(-74.0*v1))
1771.8696119785309,0.7314976667971583,30.0,1.0,54.0,-0.9817575083426029,true,154.38171190234405,0.10008587502495306,7.0,(((30.8164631099666+(10.1906323114371/log(sqrt_abs((18.4775187720381-v1)))))/(16.3561546531328-v1))-(73.6229855928892*((0.0240904645134733/(14.7267776534448-v1))-v1))),-0.983184759632143,3135.2887548417666,0.09129878455413885,3135.2887548417666,782.0,39.194944906650875,(((30.8+(10.2/log(sqrt_abs((18.5-v1)))))/(16.4-v1))-(73.6*((0.0241/(14.7-v1))-v1)))
1256.960011959076,0.7110497798142048,30.0,0.0,1066.0,-0.9804226918798665,true,150.06620969297146,0.11225020973126197,6.0,(((1.85418072871771/(v1-14.7278932811169))+((v1+(695.407235551852/(v1*sqrt_abs((v1-17.4325756784148)))))/(16.3292077275777-v1)))-(-72.6347057964533*v1)),-0.9804831513713161,3639.0176231099495,0.09562999524679353,3639.0176231099495,68.0,45.59647776793596,(((1.85/(v1-14.7))+((v1+(695.0/(v1*sqrt_abs((v1-17.4)))))/(16.3-v1)))-(-72.6*v1))
1649.2721590995789,0.727647779333592,30.0,3.0,290.0,-0.9826473859844271,true,153.5691977355401,0.1010079976670196,6.0,(((v1+(36.8839679335185/log(sqrt_abs(pow3((18.4826797283563-v1))))))/(16.3176396419508-v1))-(-73.8893146838692*(v1+(-0.0244955785511305/(14.7271091562663-v1))))),-0.9829564509476931,3177.858092854736,0.09243441641806241,3177.858092854736,3.473762677119486e77,40.9342675771285,(((v1+(36.9/log(sqrt_abs(pow3((18.5-v1))))))/(16.3-v1))-(-73.9*(v1+(-0.0245/(14.7-v1)))))
1346.3892650604248,0.7283574109418882,30.0,1.0,886.0,-0.9826473859844271,true,153.71896464182217,0.10063950939813575,6.0,((73.9190880494805*v1)+((-1.80410414271598/(14.7270606718499-v1))+((v1+(37.0124439613218/log(sqrt_abs(pow3((18.4829061014129-v1))))))/(16.3193968026816-v1)))),-0.9829472964678344,3179.5649930910395,0.09246861012606414,3179.5649930910395,3.473762677119486e77,40.964380364389434,((73.9*v1)+((-1.8/(14.7-v1))+((v1+(37.0/log(sqrt_abs(pow3((18.5-v1))))))/(16.3-v1))))
1311.569107055664,0.711216029414808,30.0,0.0,956.0,-0.9804226918798665,true,150.10129647329788,0.11216868781112489,6.0,(((-1.85259196998119/(14.7278765175723-v1))+((v1+(696.673910851532/(v1*sqrt_abs((v1-17.4326201447217)))))/(16.3295905968402-v1)))-(-72.6405358172483*v1)),-0.980485626678879,3638.556089180215,0.0956265651095593,3638.556089180215,68.0,45.58512295266067,(((-1.85/(14.7-v1))+((v1+(697.0/(v1*sqrt_abs((v1-17.4)))))/(16.3-v1)))-(-72.6*v1))
1453.2415928840637,0.7245645130043045,30.0,1.0,674.0,-0.9839822024471635,true,152.91847804664425,0.10334231655077934,6.0,(((14.4918971931102/log(sqrt_abs((18.4858365374845-v1))))/(16.2756732767712-v1))-(v1*(((14.739811118128-v1)/pow2((14.7584054907856-v1)))-73.8779656186997))),-0.9827967860076063,3207.628448808342,0.09321324797582352,3207.628448808342,825.0,42.416387566379704,(((14.5/log(sqrt_abs((18.5-v1))))/(16.3-v1))-(v1*(((14.7-v1)/pow2((14.8-v1)))-73.9)))
1245.9298179149628,0.2090295828014543,30.0,0.0,1088.0,-0.9813125695216908,true,120.87481509952079,0.10696123086957005,7.0,(((18.6863058721672/(4.90737241542521-v1))/(14.7285131668632-v1))-(-73.2141574002444*(v1+(0.658929691671737/((16.2490924121349-v1)*(17.5327174795764-v1)))))),-0.9832664649141679,3120.0543813603463,0.0745373984702486,3120.0543813603463,27.0,44.23897266892491,(((18.7/(4.91-v1))/(14.7-v1))-(-73.2*(v1+(0.659/((16.2-v1)*(17.5-v1))))))
1785.4464869499207,0.6882465443299929,30.0,0.0,28.0,-0.9817575083426029,true,145.25361398589436,0.11807513342857115,6.0,(((7.70881848509315/sqrt_abs((v1-17.4214153819181)))/pow3((16.4044602190844-v1)))-(v1*(((14.738275923897-v1)/pow2((14.7608641546618-v1)))-72.5186896967914))),-0.9786658564589195,3977.8616823337447,0.09742432052841758,3977.8616823337447,126.0,48.60450074443681,(((7.71/sqrt_abs((v1-17.4)))/pow3((16.4-v1)))-(v1*(((14.7-v1)/pow2((14.8-v1)))-72.5)))
1500.4386339187622,0.7364313577861367,30.0,1.0,581.0,-0.9826473859844271,true,155.4229615131741,0.09849576904932009,7.0,((((20.141026419291/(16.3264871640915-v1))--3.77229828568237)/log(sqrt_abs((18.5014929521958-v1))))-(-73.6587628014531*(v1+(0.024386596300351/(v1-14.7270213578824))))),-0.9829384606247481,3181.2124818489715,0.09272868013506984,3181.2124818489715,1288.0,40.726075067497845,((((20.1/(16.3-v1))--3.77)/log(sqrt_abs((18.5-v1))))-(-73.7*(v1+(0.0244/(v1-14.7)))))
1794.4487090110779,0.7120770283530349,30.0,0.0,11.0,-0.9808676307007786,true,150.2830092743948,0.10936151652928616,6.0,(pow3((((37.1474359629116/v1)/(16.3341947046225-v1))/(17.6931303810339-v1)))-(-73.4530657819782*(v1+((-0.00177400358871742*v1)/(14.729054209244-v1))))),-0.9794378137938555,3833.9262345795187,0.09756114841176407,3833.9262345795187,2.147483661e9,48.43922080845537,(pow3((((37.1/v1)/(16.3-v1))/(17.7-v1)))-(-73.5*(v1+((-0.00177*v1)/(14.7-v1)))))
1405.2231380939484,0.7315908797671323,30.0,1.0,769.0,-0.9817575083426029,true,154.40138438870903,0.10003650283050602,7.0,((1.77194008508233/(v1-14.7267668083929))-(-73.6274680049228*(v1+((0.41801093405066-(-0.138592976519977/log(sqrt_abs((18.4775808568537-v1)))))/(16.3562254345575-v1))))),-0.983183678926765,3135.490257963054,0.09129865028262846,3135.490257963054,782.0,39.191427351358854,((1.77/(v1-14.7))-(-73.6*(v1+((0.418-(-0.139/log(sqrt_abs((18.5-v1)))))/(16.4-v1)))))
1688.1837229728699,0.710351849189817,30.0,0.0,215.0,-0.9795328142380423,true,149.91891226541597,0.11260760870551409,6.0,((72.6063113250327*v1)+((1.86166342695141/(v1-14.7279686117506))+((v1+((693.97806664288/v1)/sqrt_abs((17.432548127878-v1))))/(16.32815692694-v1)))),-0.9804671039651804,3642.0097451909255,0.09566072284099696,3642.0097451909255,89.0,45.65929050453747,((72.6*v1)+((1.86/(v1-14.7))+((v1+((694.0/v1)/sqrt_abs((17.4-v1))))/(16.3-v1))))
1796.001538991928,0.7263983335969465,30.0,1.0,8.0,-0.9830923248053393,true,153.30550369999108,0.10157609861138035,6.0,((((2.40354873855958*v1)/log(sqrt_abs(pow3((18.4821840808285-v1)))))/(16.243072538868-v1))-(-74.0379947336106*(v1+(0.0248622748389421/(v1-14.727572408507))))),-0.9816000883129637,3430.75893893979,0.09484107933838079,3430.75893893979,1.0421288031358458e78,43.95523021735675,((((2.4*v1)/log(sqrt_abs(pow3((18.5-v1)))))/(16.2-v1))-(-74.0*(v1+(0.0249/(v1-14.7)))))
1076.0826830863953,0.7310460031576002,30.0,1.0,1432.0,-0.9817575083426029,true,154.28638882881418,0.10031916855180237,7.0,(((30.7702914416891+(10.1782115369443/log(sqrt_abs((18.4774441073531-v1)))))/(16.3553533216921-v1))-(-73.6048100309997*(v1+(-0.0242650842359408/(14.7268541922149-v1))))),-0.9831918424401728,3133.968128559748,0.0913340196073306,3133.968128559748,782.0,39.251345366687055,(((30.8+(10.2/log(sqrt_abs((18.5-v1)))))/(16.4-v1))-(-73.6*(v1+(-0.0243/(14.7-v1)))))
1623.4788150787354,0.7276755995618064,30.0,1.0,340.0,-0.9826473859844271,true,153.5750691615913,0.1009933283234672,6.0,(((1.80689670237667/(v1-14.7270948414269))+((v1+(36.79651536468/log(sqrt_abs(pow3((18.4825258582181-v1))))))/(16.3177790635635-v1)))-(-73.8908457213826*v1)),-0.9829559221028458,3177.956698718613,0.0924235910563144,3177.956698718613,3.473762677119486e77,40.919039044468505,(((1.81/(v1-14.7))+((v1+(36.8/log(sqrt_abs(pow3((18.5-v1))))))/(16.3-v1)))-(-73.9*v1))
1730.6721200942993,0.7244734706142194,30.0,1.0,133.0,-0.9839822024471635,true,152.89926365858125,0.10338961891990388,6.0,(((14.4866163346182/log(sqrt_abs((18.4858127369661-v1))))/(16.2753880090944-v1))-(v1*(((14.739809658982-v1)/pow2((v1-14.758407204315)))-73.8741276577048))),-0.9827968377333959,3207.618804266669,0.09320365796229714,3207.618804266669,825.0,42.40648977789199,(((14.5/log(sqrt_abs((18.5-v1))))/(16.3-v1))-(v1*(((14.7-v1)/pow2((v1-14.8)))-73.9)))
1693.8958179950714,0.7102273388590583,30.0,0.0,204.0,-0.9795328142380423,true,149.8926345083095,0.11266816524570544,6.0,((72.6020671671389*v1)+((-1.86244084724717/(14.7279780034135-v1))+((v1+(692.89945782608/(v1*sqrt_abs((17.4325095575336-v1)))))/(16.3278361708036-v1)))),-0.9804650839503103,3642.3863874373924,0.09566731498590127,3642.3863874373924,68.0,45.672072928079686,((72.6*v1)+((-1.86/(14.7-v1))+((v1+(693.0/(v1*sqrt_abs((17.4-v1)))))/(16.3-v1))))
495.6276478767395,0.7449184930975495,30.0,0.0,2631.0,-0.9808676307007786,true,157.21416131871783,0.10440299442234226,7.0,(((((946.554181177591/(16.3544365364503-v1))--747.292805233378)/(17.4440918991355-v1))/v1)-(-72.1492424893661*(v1+(-0.0258449987615044/(14.7280026365116-v1))))),-0.9801848027183284,3694.646276419178,0.0986241188606011,3694.646276419178,40.0,46.3104089124965,(((((947.0/(16.4-v1))--747.0)/(17.4-v1))/v1)-(-72.1*(v1+(-0.0258/(14.7-v1)))))
1789.6057538986206,0.6900172757931732,30.0,0.0,20.0,-0.9817575083426029,true,145.627324753561,0.11718227881011409,6.0,(((7.72982103819389/sqrt_abs((17.4214140736849-v1)))/pow3((16.4053810391867-v1)))-(v1*(((14.7385783069522-v1)/pow2((v1-14.7602653522971)))-72.5946602333201))),-0.9787417178696248,3963.7169289607564,0.09748913569401174,3963.7169289607564,126.0,48.675714430990766,(((7.73/sqrt_abs((17.4-v1)))/pow3((16.4-v1)))-(v1*(((14.7-v1)/pow2((v1-14.8)))-72.6)))
1395.6984140872955,0.7280446758997271,30.0,1.0,788.0,-0.9817575083426029,true,153.65296228341126,0.10190618396884593,7.0,((((9.74710648708398/log(sqrt_abs((18.4753682945555-v1))))--31.931739636365)/(16.3521265222212-v1))-(-73.462060669504*(v1+(0.0249457903196366/(v1-14.7271593454793))))),-0.9832066406093632,3131.2089331845837,0.09165469379822039,3131.2089331845837,782.0,39.779205739690155,((((9.75/log(sqrt_abs((18.5-v1))))--31.9)/(16.4-v1))-(-73.5*(v1+(0.0249/(v1-14.7)))))
1302.100970029831,0.7250098318597757,30.0,1.0,975.0,-0.9830923248053393,true,153.01246206104454,0.10229999111855984,6.0,((((2.38354230528993*v1)/log(sqrt_abs(pow3((18.4817432730766-v1)))))/(16.2408411234902-v1))-(73.9792510168018*((0.0251274864861719/(14.7277148699403-v1))-v1))),-0.9816326760302979,3424.6827900731128,0.09484414609050673,3424.6827900731128,1.0421288031358458e78,43.982661410355654,((((2.38*v1)/log(sqrt_abs(pow3((18.5-v1)))))/(16.2-v1))-(74.0*((0.0251/(14.7-v1))-v1)))
1442.6836659908295,0.7410894146281719,30.0,0.0,695.0,-0.9808676307007786,true,156.4060388653692,0.10648374088477468,7.0,((((964.546793919318/(16.333003983151-v1))--750.51799914579)/(v1*(17.4435970119764-v1)))-(-71.9687003364078*(v1+(-0.0260218977724978/(14.7281602067228-v1))))),-0.9801813962114685,3695.2814372861803,0.09853910604403356,3695.2814372861803,43.0,46.27439031227967,((((965.0/(16.3-v1))--751.0)/(v1*(17.4-v1)))-(-72.0*(v1+(-0.026/(14.7-v1)))))
1688.669459104538,0.7364788135407078,30.0,1.0,214.0,-0.9826473859844271,true,155.43297699369148,0.09847187775403689,7.0,((((20.1453255487161/(16.3265950830879-v1))--3.77392463973814)/log(sqrt_abs((18.5015114808669-v1))))-(-73.6604746994236*(v1+(-0.0243764366820188/(14.7270163511324-v1))))),-0.9829379904409424,3181.300150057486,0.0927269154528139,3181.300150057486,1288.0,40.72244564483299,((((20.1/(16.3-v1))--3.77)/log(sqrt_abs((18.5-v1))))-(-73.7*(v1+(-0.0244/(14.7-v1)))))
1797.645565032959,0.6894167030844631,30.0,0.0,5.0,-0.9808676307007786,true,145.5005745982277,0.11746338784166623,6.0,(((7.73231554195305/sqrt_abs((17.4214132896788-v1)))/pow3((16.4050651527002-v1)))-(v1*(((14.7385910273454-v1)/pow2((14.7605140024542-v1)))-72.5688934619893))),-0.9787090393332728,3969.8100115041966,0.09761910404810024,3969.8100115041966,126.0,48.84324512747956,(((7.73/sqrt_abs((17.4-v1)))/pow3((16.4-v1)))-(v1*(((14.7-v1)/pow2((14.8-v1)))-72.6)))
1677.34046792984,0.7312484263306909,30.0,1.0,236.0,-0.9817575083426029,true,154.32910999855798,0.10022107788858069,7.0,(((-1.77396410182511/(14.7267845527254-v1))+((31.0486127871592+(10.1231346199393/log(sqrt_abs((18.4772073218705-v1)))))/(16.3561256257357-v1)))-(-73.6090931206616*v1)),-0.9831857013111966,3135.1131738995414,0.09131606823948354,3135.1131738995414,782.0,39.227154571677254,(((-1.77/(14.7-v1))+((31.0+(10.1/log(sqrt_abs((18.5-v1)))))/(16.4-v1)))-(-73.6*v1))
1510.5343799591064,0.7281674824370534,30.0,1.0,561.0,-0.9826473859844271,true,153.6788804569418,0.10073817989140145,6.0,(((-1.80137532571819/(14.7270524868254-v1))+((v1+(36.9710493759078/log(sqrt_abs(pow3((18.4828193534555-v1))))))/(16.3186976726415-v1)))-(-73.9110570956275*v1)),-0.9829487139332024,3179.3006993235094,0.09244340135626347,3179.3006993235094,3.473762677119486e77,40.93506835494365,(((-1.8/(14.7-v1))+((v1+(37.0/log(sqrt_abs(pow3((18.5-v1))))))/(16.3-v1)))-(-73.9*v1))
1311.639643907547,0.7312819657084285,30.0,1.0,956.0,-0.9817575083426029,true,154.33618844430882,0.10020058082218775,7.0,(((1.7741267875114/(v1-14.7267858070483))+((30.9230623979947+(10.1566728042323/log(sqrt_abs((18.4773637045242-v1)))))/(16.355935986985-v1)))-(-73.6122984293417*v1)),-0.9831861217622576,3135.0347786191633,0.09130819747906678,3135.0347786191633,782.0,39.21381846602001,(((1.77/(v1-14.7))+((30.9+(10.2/log(sqrt_abs((18.5-v1)))))/(16.4-v1)))-(-73.6*v1))
1402.7028799057007,0.7109318904907569,30.0,0.0,774.0,-0.9804226918798665,true,150.04132929157717,0.11231155758075603,6.0,(((-1.85761238629776/(14.7279200792201-v1))+((v1+((695.429097806922/v1)/sqrt_abs((17.4325827004186-v1))))/(16.3291296084618-v1)))-(-72.6296922724646*v1)),-0.9804807492844773,3639.4655046560697,0.09562253990180795,3639.4655046560697,89.0,45.592521878922575,(((-1.86/(14.7-v1))+((v1+((695.0/v1)/sqrt_abs((17.4-v1))))/(16.3-v1)))-(-72.6*v1))
1185.3703100681305,0.7416948905271918,30.0,0.0,1211.0,-0.9808676307007786,true,156.5338238331813,0.10616377725932957,7.0,(((((964.012697242138/(16.3350927598446-v1))--750.369572480666)/(17.4437884280824-v1))/v1)-(-71.9953821512038*(v1+(0.0259939435936945/(v1-14.7281305455851))))),-0.980194548912103,3692.829048055159,0.0985309200795683,3692.829048055159,40.0,46.24893589860077,(((((964.0/(16.3-v1))--750.0)/(17.4-v1))/v1)-(-72.0*(v1+(0.026/(v1-14.7)))))
1329.0334939956665,0.7056742502543513,30.0,0.0,921.0,-0.9804226918798665,true,148.93171057766264,0.11321192020199836,6.0,(((1.85237196848097/(v1-14.7278652706932))+((v1+(171.521048050519/sqrt_abs((v1*(v1-17.4331200092272)))))/(16.329115921708-v1)))-(-72.7264708627827*v1)),-0.9804437895194008,3646.3568444936514,0.09517315820693335,3646.3568444936514,401.0,45.58428067134677,(((1.85/(v1-14.7))+((v1+(172.0/sqrt_abs((v1*(v1-17.4)))))/(16.3-v1)))-(-72.7*v1))
867.5736029148102,0.7116139410206457,30.0,0.0,1859.0,-0.9808676307007786,true,150.18527524409015,0.10951022122419825,6.0,((pow3((((94.338720568143/v1)/(16.3363602530733-v1))/(17.6880791039399-v1)))/v1)-(-73.4596133300211*(v1+(-0.026122583619119/(14.7290547889891-v1))))),-0.9794598452531844,3829.8183547529165,0.0974523409947231,3829.8183547529165,4.294967304e9,48.34512835946814,((pow3((((94.3/v1)/(16.3-v1))/(17.7-v1)))/v1)-(-73.5*(v1+(-0.0261/(14.7-v1)))))
1797.123766899109,0.7316217715526944,30.0,1.0,6.0,-0.9817575083426029,true,154.40790406328253,0.10002076274107596,7.0,(((30.7890056398931+(10.2040564597902/log(sqrt_abs((v1-18.4775871486438)))))/(16.3563380624143-v1))-(-73.6285855068537*(v1+(-0.0240625133488162/(14.7267645392165-v1))))),-0.9831832802459894,3135.5645940608297,0.09129892575299228,3135.5645940608297,782.0,39.190952064103875,(((30.8+(10.2/log(sqrt_abs((v1-18.5)))))/(16.4-v1))-(-73.6*(v1+(-0.0241/(14.7-v1)))))
1307.5974390506744,0.7058126613636412,30.0,0.0,964.0,-0.9804226918798665,true,148.96092207753256,0.11314096832203885,6.0,((72.7319482023724*v1)+((-1.85081628693058/(14.727849622343-v1))+((v1+(171.714960458572/sqrt_abs((v1*(17.4331470994504-v1)))))/(16.3294072876887-v1)))),-0.9804462577790709,3645.8966246800555,0.09516941515650285,3645.8966246800555,401.0,45.574233109255246,((72.7*v1)+((-1.85/(14.7-v1))+((v1+(172.0/sqrt_abs((v1*(17.4-v1)))))/(16.3-v1))))
1758.3819360733032,0.7305688166078294,30.0,1.0,80.0,-0.9817575083426029,true,154.18567917546292,0.10058930368524543,7.0,((((9.94216271304841/log(sqrt_abs((18.4763772993811-v1))))--31.6655621128668)/(16.3560842963854-v1))-(-73.5714970190684*(v1+(-0.0241507471166628/(14.7268131034402-v1))))),-0.9831871735982793,3134.8386583390684,0.0913584895112965,3134.8386583390684,782.0,39.30878312099541,((((9.94/log(sqrt_abs((18.5-v1))))--31.7)/(16.4-v1))-(-73.6*(v1+(-0.0242/(14.7-v1)))))
1366.5837259292603,0.731472501121454,30.0,1.0,846.0,-0.9817575083426029,true,154.37640071644043,0.10009940681890979,7.0,(((30.8351656725646+(10.184849725626/log(sqrt_abs((18.4774915648952-v1)))))/(16.3561425853481-v1))-(-73.6216547008668*(v1+(0.0240928513942483/(v1-14.7267789286199))))),-0.9831849244957449,3135.2580151683765,0.09130002616324986,3135.2580151683765,782.0,39.19752761423202,(((30.8+(10.2/log(sqrt_abs((18.5-v1)))))/(16.4-v1))-(-73.6*(v1+(0.0241/(v1-14.7)))))
1800.2055580615997,0.7400408430313595,30.0,0.0,0.0,-0.9773081201334817,true,156.18473907793876,0.10326188298611068,7.0,((71.930735078527*v1)+((-0.868001715028649/sqrt_abs((14.7182362768114-v1)))+(((67.4746007410591/(16.3727729588493-v1))--42.200994956139)/sqrt_abs((17.4179079583641-v1))))),-0.9774107956775167,4211.8742726085275,0.09952593682171444,4211.8742726085275,53.0,48.74958775570692,((71.9*v1)+((-0.868/sqrt_abs((14.7-v1)))+(((67.5/(16.4-v1))--42.2)/sqrt_abs((17.4-v1)))))
1459.809849023819,0.3445443156999876,30.0,0.0,661.0,-0.982202447163515,true,121.59481284480398,0.10218246474661138,7.0,((-48.2821871781357/log((0.783434977736989/sqrt_abs((16.977698663423-v1)))))-(-69.4814585516303*(v1+((0.264300424990448/(4.9086405905995-v1))/(14.7279336876828-v1))))),-0.9842906250712564,2929.0944097256515,0.07493271107761748,2929.0944097256515,529.0,41.717323794812884,((-48.3/log((0.783/sqrt_abs((17.0-v1)))))-(-69.5*(v1+((0.264/(4.91-v1))/(14.7-v1)))))
1261.8633680343628,0.7104014041966016,30.0,0.0,1056.0,-0.9795328142380423,true,149.92937079061434,0.11257993639342637,6.0,(((-1.86136006263136/(14.7279646483821-v1))+((v1+(693.492890237148/(v1*sqrt_abs((17.432526648333-v1)))))/(16.3281613595549-v1)))-(-72.6089270943371*v1)),-0.9804691187946312,3641.6340697928117,0.09565454697607782,3641.6340697928117,68.0,45.65060407071385,(((-1.86/(14.7-v1))+((v1+(693.0/(v1*sqrt_abs((17.4-v1)))))/(16.3-v1)))-(-72.6*v1))
1799.7653288841248,0.7207539268707331,30.0,1.0,1.0,-0.9759733036707453,true,193.27281337661543,0.139529463905386,7.0,(((-30.6897121127941+(8.1969050563871/log(sqrt_abs((18.4888759716881-v1)))))/(16.785667816322-v1))-(-73.5770617103684*(v1+(0.494762036579468/(16.2514914956421-v1))))),-0.9731287434313931,5010.285116653278,0.1022340097692214,5010.285116653278,782.0,50.868311242806534,(((-30.7+(8.2/log(sqrt_abs((18.5-v1)))))/(16.8-v1))-(-73.6*(v1+(0.495/(16.3-v1)))))
1791.9649820327759,0.34380117243840186,30.0,0.0,16.0,-0.982202447163515,true,121.48427054418823,0.10231002344239959,7.0,((-48.0899997438985/log((0.7837056609816/sqrt_abs((16.9766788977255-v1)))))-(69.4872851575219*(((0.264377507366534/(4.90862938621205-v1))/(v1-14.7279447344449))-v1))),-0.9842874773708458,2929.6813147882654,0.07493694548159364,2929.6813147882654,529.0,41.731362478737374,((-48.1/log((0.784/sqrt_abs((17.0-v1)))))-(69.5*(((0.264/(4.91-v1))/(v1-14.7))-v1)))
1545.4285979270935,0.7318617684291762,30.0,1.0,493.0,-0.9817575083426029,true,154.4585551184044,0.1000349983395144,7.0,((73.5473445353847*v1)+((-59.7065334752074/(v1-16.36803392862))+(((72.6625568213224/log(pow2((18.4627237134811-v1))))-29.3290225137231)/(14.7266816248804-v1)))),-0.9832062304195369,3131.285415204575,0.09129969529643,3131.285415204575,782.0,39.327964276318156,((73.5*v1)+((-59.7/(v1-16.4))+(((72.7/log(pow2((18.5-v1))))-29.3)/(14.7-v1))))
1785.0594999790192,0.7233336285090984,30.0,1.0,29.0,-0.9839822024471635,true,152.65870133900827,0.10398179251607508,6.0,(((-57.6568774218976/(v1-16.2722893576789))/log(pow2((18.485509809866-v1))))-(v1*(((14.7397765936645-v1)/pow2((v1-14.7584718516904)))-73.8261704772753))),-0.9827958592011838,3207.8012566713714,0.09311247378710348,3207.8012566713714,1078.0,42.31279425816482,(((-57.7/(v1-16.3))/log(pow2((18.5-v1))))-(v1*(((14.7-v1)/pow2((v1-14.8)))-73.8)))
1648.2834899425507,0.7233733750952666,30.0,1.0,292.0,-0.9839822024471635,true,152.66708980871013,0.10396114188388947,6.0,(((-57.6654278418913/(v1-16.2724584383357))/log(pow2((18.4855203939757-v1))))-(v1*(((14.7397771796924-v1)/pow2((14.758471180856-v1)))-73.8278490864006))),-0.9827959376271656,3207.786633740441,0.09311811246696935,3207.786633740441,1078.0,42.31900054946336,(((-57.7/(v1-16.3))/log(pow2((18.5-v1))))-(v1*(((14.7-v1)/pow2((14.8-v1)))-73.8)))
1769.4056539535522,0.7110214297521606,30.0,0.0,59.0,-0.9804226918798665,true,150.0602264461211,0.11226835031914738,6.0,(((1.85698067908575/(v1-14.7279126060607))+((v1+(696.291588423122/(v1*sqrt_abs((-17.4326139018517+v1)))))/(16.3293622202476-v1)))-(-72.6326543718379*v1)),-0.980481935207889,3639.244383086848,0.09561997716041176,3639.244383086848,68.0,45.585546161979245,(((1.86/(v1-14.7))+((v1+(696.0/(v1*sqrt_abs((-17.4+v1)))))/(16.3-v1)))-(-72.6*v1))
1444.315710067749,0.7241468114641066,30.0,1.0,692.0,-0.9839822024471635,true,152.83032263376052,0.10355933563468456,6.0,(((14.4671329147749/log(sqrt_abs((18.485728173026-v1))))/(16.2744275022714-v1))-(v1*(((14.7398022772733-v1)/pow2((14.7584196413268-v1)))-73.8603654334568))),-0.9827968462049251,3207.617224706129,0.09317339342932383,3207.617224706129,825.0,42.37528844248331,(((14.5/log(sqrt_abs((18.5-v1))))/(16.3-v1))-(v1*(((14.7-v1)/pow2((14.8-v1)))-73.9)))
1582.6181359291077,0.72909259798096,30.0,1.0,420.0,-0.9817575083426029,true,153.87412499135175,0.1015262841681879,7.0,(((60.0445733188678/(16.366969459396-v1))+(((16.7188031265645/log(sqrt_abs((18.4598096192559-v1))))-27.1774784439467)/(14.7268956323647-v1)))-(-73.4008541398092*v1)),-0.9832594103171158,3121.3697475593062,0.09135238016346335,3121.3697475593062,782.0,39.45312783342196,(((60.0/(16.4-v1))+(((16.7/log(sqrt_abs((18.5-v1))))-27.2)/(14.7-v1)))-(-73.4*v1))
1423.5348329544067,0.34381285299189757,30.0,0.0,733.0,-0.982202447163515,true,121.48666609145619,0.10230741180813586,7.0,((-48.0928346371014/log((0.783699953448087/sqrt_abs((16.976694428382-v1)))))-(69.487265410683*(((-0.264373526008517/(4.90862972276272-v1))/(14.7279444612345-v1))-v1))),-0.9842875509711756,2929.667591625161,0.07493687987078614,2929.667591625161,529.0,41.73110653617655,((-48.1/log((0.784/sqrt_abs((17.0-v1)))))-(69.5*(((-0.264/(4.91-v1))/(14.7-v1))-v1)))
1669.1725680828094,0.7244046243481213,30.0,1.0,252.0,-0.9839822024471635,true,152.88473373606647,0.10342538625737302,6.0,(((57.9288621140024/(16.275227028-v1))/log(pow2((18.4857958470506-v1))))-(v1*(((14.7398067025714-v1)/pow2((14.7584139803168-v1)))-73.8712318193838))),-0.9827968499514711,3207.616526143191,0.09320009445480228,3207.616526143191,1078.0,42.40288134950655,(((57.9/(16.3-v1))/log(pow2((18.5-v1))))-(v1*(((14.7-v1)/pow2((14.8-v1)))-73.9)))
1208.5686960220337,0.7282010002771373,30.0,1.0,1164.0,-0.9817575083426029,true,153.68595435719644,0.10184381338023163,7.0,(((32.6804236078118+(9.5573965312599/log(sqrt_abs((18.4744436455317-v1)))))/(16.353283462513-v1))-(-73.4574257192009*(v1+(0.0244962478839986/(v1-14.726986369155))))),-0.9831924518012884,3133.8545100201522,0.09161549453081719,3133.8545100201522,782.0,39.73942803470683,(((32.7+(9.56/log(sqrt_abs((18.5-v1)))))/(16.4-v1))-(-73.5*(v1+(0.0245/(v1-14.7)))))
1594.942584991455,0.7233334087301331,30.0,1.0,396.0,-0.9839822024471635,true,152.65865495491923,0.10398190671743804,6.0,(((57.656832215534/log(pow2((18.485509769941-v1))))/(16.2722886966017-v1))-(v1*(((14.7397765860323-v1)/pow2((14.7584718679998-v1)))-73.8261611928555))),-0.9827958587732668,3207.8013364587227,0.09311245496556862,3207.8013364587227,825.0,42.31277447470506,(((57.7/log(pow2((18.5-v1))))/(16.3-v1))-(v1*(((14.7-v1)/pow2((14.8-v1)))-73.8)))
1700.6266798973083,0.7110534856142243,30.0,0.0,191.0,-0.9804226918798665,true,150.0669917976547,0.11225219930463444,6.0,(((1.85674434323921/(v1-14.7279097936264))+((v1+(696.425524016876/(v1*sqrt_abs((17.4326179341277-v1)))))/(16.3294212986535-v1)))-(-72.6338916927025*v1)),-0.9804825873827149,3639.1227817089816,0.09561861463086932,3639.1227817089816,68.0,45.58259491769443,(((1.86/(v1-14.7))+((v1+(696.0/(v1*sqrt_abs((17.4-v1)))))/(16.3-v1)))-(-72.6*v1))
1710.1333439350128,0.7377591481912791,30.0,4.0,173.0,-0.9835372636262514,true,156.01621565925666,0.10857229773022478,5.0,(((v1/(16.6785526409557-v1))/log(sqrt_abs(pow3((18.4611552073113-v1)))))-(v1*(((14.7398561938422-v1)/pow2((v1-14.7582966025598)))-74.6211437673719))),-0.9783931308744329,4028.712781663439,0.09615766479482472,4028.712781663439,8.105446246612134e77,46.96915403666026,(((v1/(16.7-v1))/log(sqrt_abs(pow3((18.5-v1)))))-(v1*(((14.7-v1)/pow2((v1-14.8)))-74.6)))
1769.4064280986786,0.7287787550107334,30.0,1.0,59.0,-0.9826473859844271,true,153.80788880604135,0.10042080349019332,6.0,(((1.7969595096782/(v1-14.7270124684229))+((v1+(148.392152390669/log(pow2(pow3((18.4830428587951-v1))))))/(16.3202030082506-v1)))-(-73.9366423833464*v1)),-0.9829402584118063,3180.8772751303122,0.0924742640875917,3180.8772751303122,3.473762677119486e77,40.96332256980291,(((1.8/(v1-14.7))+((v1+(148.0/log(pow2(pow3((18.5-v1))))))/(16.3-v1)))-(-73.9*v1))
1520.4790470600128,0.7279269447626361,30.0,1.0,542.0,-0.9826473859844271,true,153.62811526705931,0.10086308503414215,6.0,(((1.80313266363871/(v1-14.727068289711))+((v1+(36.9261942593916/log(pow3(sqrt_abs((18.4827415156243-v1))))))/(16.3181142501391-v1)))-(-73.9009665796756*v1)),-0.9829518114128428,3178.723158183887,0.09243172457180363,3178.723158183887,3.473762677119486e77,40.924678969911156,(((1.8/(v1-14.7))+((v1+(36.9/log(pow3(sqrt_abs((18.5-v1))))))/(16.3-v1)))-(-73.9*v1))
1609.7862539291382,0.7304402314174225,30.0,1.0,367.0,-0.9817575083426029,true,154.15854142407787,0.1006475319113706,7.0,(((-1.77999370445425/(14.7268367425623-v1))+((31.3175270919282+(10.0230408537415/log(sqrt_abs((18.4767327162247-v1)))))/(16.355065032476-v1)))-(-73.5710695838536*v1)),-0.9831914199723436,3134.0468998770098,0.09135293250956104,3134.0468998770098,782.0,39.2996840477193,(((-1.78/(14.7-v1))+((31.3+(10.0/log(sqrt_abs((18.5-v1)))))/(16.4-v1)))-(-73.6*v1))
1799.3433630466461,0.7233952299276754,30.0,1.0,2.0,-0.9839822024471635,true,152.671702245077,0.10394978898053375,6.0,(((-14.4183279838394/(v1-16.2723628010407))/log(sqrt_abs((18.4855257848363-v1))))-(v1*(((14.7397811824141-v1)/pow2((v1-14.7584600560788)))-73.8287581192001))),-0.9827960252431084,3207.7702972936,0.09311061789794157,3207.7702972936,1078.0,42.31073835193573,(((-14.4/(v1-16.3))/log(sqrt_abs((18.5-v1))))-(v1*(((14.7-v1)/pow2((v1-14.8)))-73.8)))
1460.9067780971527,0.7319143084714519,30.0,1.0,659.0,-0.9817575083426029,true,154.4696436317902,0.1000126491185016,7.0,((73.546515023128*v1)+((59.8535825227903/(16.3687585424788-v1))+(((72.537596399005/log(pow2((18.4627234196567-v1))))-29.278977226841)/(14.7266654677745-v1)))),-0.9832055655022739,3131.4093924759104,0.09130424755745378,3131.4093924759104,782.0,39.32790238919197,((73.5*v1)+((59.9/(16.4-v1))+(((72.5/log(pow2((18.5-v1))))-29.3)/(14.7-v1))))
1096.8707699775696,0.7318077134163838,30.0,1.0,1390.0,-0.9817575083426029,true,154.44714687229433,0.10007037809796959,7.0,((73.5406669695221*v1)+((59.8757585459567/(16.3687349646022-v1))+((-29.1922276111944-(-18.0766137232551/log(sqrt_abs((18.4626139414114-v1)))))/(14.7266692760815-v1)))),-0.9832082562095156,3130.907696159174,0.09130484960683337,3130.907696159174,782.0,39.33052211041887,((73.5*v1)+((59.9/(16.4-v1))+((-29.2-(-18.1/log(sqrt_abs((18.5-v1)))))/(14.7-v1))))
1671.2721660137177,0.727646154581798,30.0,1.0,248.0,-0.9817575083426029,true,153.56885483360784,0.10230899459817044,7.0,((73.3218047785615*v1)+((-60.3666048654554/(v1-16.3667817439813))+(((15.9748983457454/log(sqrt_abs((18.4583971026663-v1))))-26.0633676841783)/(14.7269705391074-v1)))),-0.9832686021055752,3119.655890940969,0.0913572945841485,3119.655890940969,782.0,39.48073335413196,((73.3*v1)+((-60.4/(v1-16.4))+(((16.0/log(sqrt_abs((18.5-v1))))-26.1)/(14.7-v1))))
1787.1395409107208,0.7023465070601178,30.0,0.0,25.0,-0.9804226918798665,true,148.22939433741195,0.11413460110049892,6.0,((72.7619075863775*v1)+((1.86051386731411/(v1-14.7279462294044))+((v1+(59.3511243338592/sqrt_abs(((34.867029983177-v1)-v1))))/(16.3266568231429-v1)))),-0.9804009158491556,3654.350862614001,0.09505388566869268,3654.350862614001,113.0,45.68950228741961,((72.8*v1)+((1.86/(v1-14.7))+((v1+(59.4/sqrt_abs(((34.9-v1)-v1))))/(16.3-v1))))
1668.597661972046,0.7431222940379313,30.0,0.0,253.0,-0.9808676307007786,true,156.83507564513613,0.11370518157706634,7.0,((-162.573232345232/log((0.574013073389906/pow2((17.0997632846402-v1)))))-(-68.8313454441596*(v1+((0.0744341115548606/(-17.4125769059467+v1))/(14.7287880196211-v1))))),-0.9802485430654111,3682.7615582072394,0.09845228917919284,3682.7615582072394,529.0,45.78628547489091,((-163.0/log((0.574/pow2((17.1-v1)))))-(-68.8*(v1+((0.0744/(-17.4+v1))/(14.7-v1)))))
1795.6335198879242,0.7322118047868504,30.0,1.0,9.0,-0.9817575083426029,true,154.53242987505595,0.09985187237040398,7.0,((59.7343227913308/(16.3686645632202-v1))-(-73.562858564926*(v1+((-0.399981183069555-(-0.991285990640233/log(pow2((18.4628340274857-v1)))))/(14.7266568071711-v1))))),-0.9831989030349547,3132.6516440529404,0.09130082625304634,3132.6516440529404,782.0,39.32264294616008,((59.7/(16.4-v1))-(-73.6*(v1+((-0.4-(-0.991/log(pow2((18.5-v1)))))/(14.7-v1)))))
1799.873342037201,0.6961415241858184,30.0,6.0,1.0,-0.9737486095661847,true,184.09665081048297,0.13257423312722402,6.0,(((57.8885365457514/(16.3080998777435-v1))/sqrt_abs((-17.4334970757586+v1)))-(v1*(((16.7902608856376-v1)/pow2(pow3((18.0899255679816-v1))))-72.4641884132252))),-0.9703110205330969,5535.664161140523,0.10713124098188115,5535.664161140523,1574.0,58.104749599094276,(((57.9/(16.3-v1))/sqrt_abs((-17.4+v1)))-(v1*(((16.8-v1)/pow2(pow3((18.1-v1))))-72.5)))
1797.2152919769287,0.7106898022089101,30.0,0.0,6.0,-0.9795328142380423,true,149.99023684784234,0.11243450011173838,6.0,((72.6200951390737*v1)+((-1.85932883097778/(14.7279407036689-v1))+((v1+(694.66530762462/(v1*sqrt_abs((17.4325621674815-v1)))))/(16.3287090822027-v1)))),-0.9804753567202447,3640.470976218067,0.09563499645045971,3640.470976218067,68.0,45.61705280504671,((72.6*v1)+((-1.86/(14.7-v1))+((v1+(695.0/(v1*sqrt_abs((17.4-v1)))))/(16.3-v1))))
1493.9837141036987,0.72485577957799,30.0,1.0,594.0,-0.9830923248053393,true,152.97994951033652,0.10238071344758197,6.0,(((-1.84890596457405/(14.7276718941231-v1))+(((2.37962247674755*v1)/(16.2402020387115-v1))/log(pow3(sqrt_abs((18.4816503443079-v1))))))-(-73.9725210757022*v1)),-0.9816340849919676,3424.420081864237,0.09479480996347057,3424.420081864237,1.157920892373162e78,43.92220720209928,(((-1.85/(14.7-v1))+(((2.38*v1)/(16.2-v1))/log(pow3(sqrt_abs((18.5-v1))))))-(-74.0*v1))
1412.50643491745,0.7245688342973544,30.0,1.0,755.0,-0.9839822024471635,true,152.91939005039896,0.10334007147510613,6.0,(((14.4921652528168/(16.2756842283994-v1))/log(sqrt_abs((18.4858376072853-v1))))-(v1*(((14.7398112774111-v1)/pow2((v1-14.7584051423951)))-73.8781475079724))),-0.9827967839198983,3207.628838072317,0.09321352388955866,3207.628838072317,1078.0,42.41666939058383,(((14.5/(16.3-v1))/log(sqrt_abs((18.5-v1))))-(v1*(((14.7-v1)/pow2((v1-14.8)))-73.9)))
1731.8884179592133,0.7318746403859417,30.0,1.0,131.0,-0.9817575083426029,true,154.46127172955877,0.10003411294060065,7.0,(((59.8636204083246/(16.3687545845821-v1))+(((72.4608648583339/log(pow2((18.4626890099694-v1))))-29.2501727166944)/(14.7266668674545-v1)))-(-73.544342709261*v1)),-0.9832065328308263,3131.2290290516353,0.0913044031206843,3131.2290290516353,782.0,39.32870474732671,(((59.9/(16.4-v1))+(((72.5/log(pow2((18.5-v1))))-29.3)/(14.7-v1)))-(-73.5*v1))
1144.4695420265198,0.7244376319935784,30.0,1.0,1294.0,-0.9830923248053393,true,152.89169996035238,0.10259871868698613,6.0,((((2.37405852841292*v1)/(16.2393814038854-v1))/log(pow3(sqrt_abs((18.4815351871528-v1)))))-(73.9547627134636*((0.0250374507707485/(14.727698856956-v1))-v1))),-0.981642271304346,3422.8937014746616,0.09477861540670415,3422.8937014746616,1.157920892373162e78,43.90994105683412,((((2.37*v1)/(16.2-v1))/log(pow3(sqrt_abs((18.5-v1)))))-(74.0*((0.025/(14.7-v1))-v1)))
1555.2774829864502,0.7288197318776304,30.0,1.0,474.0,-0.9826473859844271,true,153.81653692502667,0.10039953609096183,6.0,(((1.7965945628697/(v1-14.7270094465679))+((v1+(37.1086378149167/log(sqrt_abs(pow3((18.4830617547583-v1))))))/(16.3203042642834-v1)))-(-73.9383465929019*v1)),-0.9829396329232936,3180.9939007067264,0.09247630348704476,3180.9939007067264,3.473762677119486e77,40.9652149244979,(((1.8/(v1-14.7))+((v1+(37.1/log(sqrt_abs(pow3((18.5-v1))))))/(16.3-v1)))-(-73.9*v1))
1778.2688670158386,0.7374102229540053,30.0,4.0,42.0,-0.9835372636262514,true,156.2483868436791,0.10874287167873736,5.0,(((v1/(16.678370492044-v1))/log(sqrt_abs(pow3((18.4611769994314-v1)))))-(v1*(((14.7398155120732-v1)/pow2((14.7584063853944-v1)))-74.6061735571018))),-0.9783918537224024,4028.950913281637,0.09612698670130357,4028.950913281637,8.105446246612134e77,46.939962997393316,(((v1/(16.7-v1))/log(sqrt_abs(pow3((18.5-v1)))))-(v1*(((14.7-v1)/pow2((14.8-v1)))-74.6)))
1509.6539549827576,0.736561067654814,30.0,1.0,563.0,-0.9826473859844271,true,155.4503366265695,0.09843065537834425,7.0,(((3.77714374974953+(20.1534830398196/(16.3267810954452-v1)))/log(sqrt_abs((18.5015454707257-v1))))-(-73.6633695501187*(v1+(0.024358608592395/(v1-14.7270074650152))))),-0.9829371283652063,3181.4608885483963,0.09272736716809699,3181.4608885483963,1288.0,40.72046909567472,(((3.78+(20.2/(16.3-v1)))/log(sqrt_abs((18.5-v1))))-(-73.7*(v1+(0.0244/(v1-14.7)))))
1682.1837570667267,0.7364788287995999,30.0,1.0,227.0,-0.9826473859844271,true,155.4329802140625,0.09847199041681298,7.0,(((3.77418315916933+(20.1457511383073/(16.326598875545-v1)))/log(sqrt_abs((18.5015130995713-v1))))-(-73.6604299100665*(v1+(-0.0243767939631437/(14.7270164789021-v1))))),-0.982937978127282,3181.3024460033153,0.09272707975148614,3181.3024460033153,1288.0,40.7226362362658,(((3.77+(20.1/(16.3-v1)))/log(sqrt_abs((18.5-v1))))-(-73.7*(v1+(-0.0244/(14.7-v1)))))
1122.1833128929138,0.7431243636067841,30.0,0.0,1339.0,-0.9808676307007786,true,156.8355124251792,0.11370417661349212,7.0,((-40.6433406856665/log((0.870426870078523/sqrt_abs((17.099773587559-v1)))))-(-68.8314128845765*(v1+((0.0744323497715071/(-17.412577430633+v1))/(14.7287876539795-v1))))),-0.980248613162092,3682.748488317616,0.09845184834176575,3682.748488317616,529.0,45.7856752903798,((-40.6/log((0.87/sqrt_abs((17.1-v1)))))-(-68.8*(v1+((0.0744/(-17.4+v1))/(14.7-v1)))))
1549.5530230998993,0.34395747629259943,30.0,0.0,485.0,-0.982202447163515,true,121.50681920610214,0.10228393119347748,7.0,((-192.522346620949/log((0.37713174883458/pow2((16.9768854988881-v1)))))-(69.4859684024485*(((-0.264364069217991/(4.90863158274654-v1))/(14.7279424655362-v1))-v1))),-0.9842881313852303,2929.559370415168,0.0749355684959368,2929.559370415168,529.0,41.72793592991571,((-193.0/log((0.377/pow2((17.0-v1)))))-(69.5*(((-0.264/(4.91-v1))/(14.7-v1))-v1)))
1660.8698070049286,0.7244497767017231,30.0,1.0,268.0,-0.9839822024471635,true,152.89426308655092,0.10340193075695846,6.0,(((14.4853988682249/(16.2753071520215-v1))/log(sqrt_abs((18.4858067396083-v1))))-(v1*(((14.7398095039204-v1)/pow2((14.758406980452-v1)))-73.8731265709878))),-0.9827968453219482,3207.617389341749,0.09320076787082401,3207.617389341749,1078.0,42.403497606491655,(((14.5/(16.3-v1))/log(sqrt_abs((18.5-v1))))-(v1*(((14.7-v1)/pow2((14.8-v1)))-73.9)))
1799.2974870204926,0.7305939232660412,30.0,3.0,2.0,-0.9826473859844271,true,154.190977905795,0.09947821188985372,6.0,(((v1+(37.4296247428552/log(sqrt_abs(pow3((18.4836242113957-v1))))))/(16.324696206659-v1))-(-74.0128323601114*(v1+(-0.0241059900610894/(14.7268938751274-v1))))),-0.9829109842158162,3186.3356007615157,0.09256740608542882,3186.3356007615157,3.473762677119486e77,41.04892346209568,(((v1+(37.4/log(sqrt_abs(pow3((18.5-v1))))))/(16.3-v1))-(-74.0*(v1+(-0.0241/(14.7-v1)))))
1317.2185468673706,0.7285225426756888,30.0,1.0,945.0,-0.9826473859844271,true,153.75381549769045,0.10055380528369781,6.0,(((-1.80326851236689/(14.7270516536505-v1))+((v1+(37.0600692358905/log(sqrt_abs(pow3((18.4829896903988-v1))))))/(16.3197936354527-v1)))-(-73.9259463324467*v1)),-0.9829450079304515,3179.991702752319,0.09247891913355641,3179.991702752319,3.473762677119486e77,40.974551497309534,(((-1.8/(14.7-v1))+((v1+(37.1/log(sqrt_abs(pow3((18.5-v1))))))/(16.3-v1)))-(-73.9*v1))
1648.8766889572144,0.7110393961992758,30.0,0.0,291.0,-0.9804226918798665,true,150.06401824339994,0.11225948776881843,6.0,(((-1.85685088688338/(14.7279110654065-v1))+((v1+(696.415247281626/(v1*sqrt_abs((v1-17.4326181469302)))))/(16.3294020002178-v1)))-(-72.6332986990525*v1)),-0.9804822359167849,3639.188314354019,0.09561934015327518,3639.188314354019,68.0,45.584021745599415,(((-1.86/(14.7-v1))+((v1+(696.0/(v1*sqrt_abs((v1-17.4)))))/(16.3-v1)))-(-72.6*v1))
1343.688803911209,0.7321039979125563,30.0,1.0,892.0,-0.9817575083426029,true,154.5096773625548,0.09991252665859872,7.0,((59.8652345406699/(16.3690375747171-v1))-(-73.555393545504*(v1+((-0.399301013170888-(-0.247378725619176/log(sqrt_abs((18.4628454984768-v1)))))/(14.7266554153522-v1))))),-0.9832012758852947,3132.2092138036437,0.0913034093313209,3132.2092138036437,782.0,39.32255358773802,((59.9/(16.4-v1))-(-73.6*(v1+((-0.399-(-0.247/log(sqrt_abs((18.5-v1)))))/(14.7-v1)))))
1674.3142330646515,0.7233846064449916,30.0,1.0,242.0,-0.9839822024471635,true,152.66946017170133,0.1039553049109369,6.0,(((-14.4168339411906/(v1-16.2724924398383))/log(sqrt_abs((18.4855215636904-v1))))-(v1*(((14.7397775480463-v1)/pow2((14.7584704322235-v1)))-73.8283249256227))),-0.9827959549327722,3207.7834070203608,0.0931191817965943,3207.7834070203608,1078.0,42.32009792607861,(((-14.4/(v1-16.3))/log(sqrt_abs((18.5-v1))))-(v1*(((14.7-v1)/pow2((14.8-v1)))-73.8)))
1734.4767169952393,0.7284663741855261,30.0,1.0,126.0,-0.9826473859844271,true,153.74196120469693,0.10058293944528002,6.0,(((1.80328010562464/(v1-14.7270534158899))+((v1+(98.7632700283178/log(pow2(pow2((18.4829481006807-v1))))))/(16.3196657133754-v1)))-(-73.9236428260441*v1)),-0.9829457898773678,3179.8459046953085,0.09247416760206045,3179.8459046953085,3.473762677119486e77,40.96948456054315,(((1.8/(v1-14.7))+((v1+(98.8/log(pow2(pow2((18.5-v1))))))/(16.3-v1)))-(-73.9*v1))
1753.806403875351,0.724346632236485,30.0,1.0,89.0,-0.9839822024471635,true,152.87249456993155,0.10345551861720545,6.0,(((57.9163287655622/log(pow2((18.4857804631057-v1))))/(16.2750244945355-v1))-(v1*(((14.7398064631201-v1)/pow2((v1-14.7584130189835)))-73.8687836410021))),-0.9827968652899979,3207.6136661953515,0.09319262642694452,3207.6136661953515,825.0,42.395136562474015,(((57.9/log(pow2((18.5-v1))))/(16.3-v1))-(v1*(((14.7-v1)/pow2((v1-14.8)))-73.9)))
1798.7939610481262,0.7235111559119393,30.0,2.0,3.0,-0.9755283648498332,true,189.25338808157903,0.13810898979676686,6.0,(((0.764075407441792/log(sqrt_abs((18.4802471655747-v1))))/((16.2288947751259-v1)/v1))-(-73.372545272735*(v1+(0.134375167413201/log((57.4329851360836-v1)))))),-0.971656005172727,5284.884801237478,0.10633653573171781,5284.884801237478,1812.0,55.3630983047847,(((0.764/log(sqrt_abs((18.5-v1))))/((16.2-v1)/v1))-(-73.4*(v1+(0.134/log((57.4-v1))))))
1324.204001903534,0.7431222158283101,30.0,0.0,931.0,-0.9808676307007786,true,156.83505913908866,0.11370520838658492,7.0,((-40.6432775403625/log((0.870423544041669/sqrt_abs((17.0997638377224-v1)))))-(68.8313448447173*(((-0.0744341133460134/(-17.4125769215884+v1))/(14.7287880216997-v1))-v1))),-0.9802485427445514,3682.761618033178,0.09845228447490792,3682.761618033178,529.0,45.78628436331373,((-40.6/log((0.87/sqrt_abs((17.1-v1)))))-(68.8*(((-0.0744/(-17.4+v1))/(14.7-v1))-v1)))
1799.8591339588165,0.6580795115799563,30.0,2.5,1.0,-0.9781979977753059,true,192.1793291481465,0.13842683824476815,6.0,(((79.0048968910798/log(pow2((18.4757339472939-v1))))/(16.3244431037766-v1))-(v1*(((15.8669166923851-v1)/sqrt_abs((17.430328882662-v1)))-73.9484707617943))),-0.9684603369986473,5880.733702068558,0.10895464669886563,5880.733702068558,825.0,59.81626139479403,(((79.0/log(pow2((18.5-v1))))/(16.3-v1))-(v1*(((15.9-v1)/sqrt_abs((17.4-v1)))-73.9)))
1799.3178288936615,0.731632725275988,30.0,0.0,2.0,-0.9808676307007786,true,154.41021583354583,0.108794977558343,7.0,((-22.6667717372056/log((0.800329763682636/sqrt_abs((16.8617391602923-v1)))))-(-71.1359296717765*(v1+((0.0547151757017735/(v1-16.7698592318242))/(14.7287424261059-v1))))),-0.9803318724377046,3667.2243646742013,0.09711824360222769,3667.2243646742013,529.0,45.82247044987623,((-22.7/log((0.8/sqrt_abs((16.9-v1)))))-(-71.1*(v1+((0.0547/(v1-16.8))/(14.7-v1)))))
1656.1081230640411,0.730409412714167,30.0,1.0,277.0,-0.9817575083426029,true,154.15203717343817,0.10082882588165268,7.0,((73.4636484941452*v1)+((60.0797758143488/(16.3682033313962-v1))+(((17.1977135261723/log(sqrt_abs((18.4608112558873-v1))))-27.8734818656467)/(14.7267213819843-v1)))),-0.9832377106148658,3125.4157695583926,0.09130049071601709,3125.4157695583926,782.0,39.35771037484885,((73.5*v1)+((60.1/(16.4-v1))+(((17.2/log(sqrt_abs((18.5-v1))))-27.9)/(14.7-v1))))
1595.4005200862885,0.34380171595454473,30.0,0.0,395.0,-0.982202447163515,true,121.48435641361698,0.10230992513762793,7.0,((-192.360555636756/log((0.377234535938321/pow2((16.9766796697914-v1)))))-(-69.4872815414582*(v1+((0.264377460694691/(4.9086293936826-v1))/(14.7279447267705-v1))))),-0.984287480064409,2929.680812559441,0.07493694341140376,2929.680812559441,529.0,41.731354486667236,((-192.0/log((0.377/pow2((17.0-v1)))))-(-69.5*(v1+((0.264/(4.91-v1))/(14.7-v1)))))
1749.0951919555664,0.728579859529124,30.0,1.0,98.0,-0.9826473859844271,true,153.76591215138578,0.10052405630702743,6.0,(((-1.79850585964099/(14.7270260366135-v1))+((v1+(98.8073251851575/log(pow2(pow2((18.4829626226358-v1))))))/(16.3197118478221-v1)))-(-73.9283377496193*v1)),-0.9829431458752339,3180.3388926025314,0.09246423338106848,3180.3388926025314,3.473762677119486e77,40.954068280630366,(((-1.8/(14.7-v1))+((v1+(98.8/log(pow2(pow2((18.5-v1))))))/(16.3-v1)))-(-73.9*v1))
1607.7205939292908,0.7275662454000154,30.0,1.0,371.0,-0.9826473859844271,true,153.5519900959056,0.1010500799553669,6.0,(((-1.80751395637979/(14.7271011529796-v1))+((v1+(36.7640323257858/log(pow3(sqrt_abs((18.4824685778761-v1))))))/(16.3175218430082-v1)))-(-73.8863098008544*v1)),-0.9829572165275747,3177.7153465162205,0.09241710156712249,3177.7153465162205,3.473762677119486e77,40.91269754538279,(((-1.81/(14.7-v1))+((v1+(36.8/log(pow3(sqrt_abs((18.5-v1))))))/(16.3-v1)))-(-73.9*v1))
1657.6753520965576,0.7244039350894691,30.0,1.0,274.0,-0.9839822024471635,true,152.88458826884832,0.10342575012739694,6.0,(((57.931884791837/(16.2751419719533-v1))/log(pow2((18.4857945207888-v1))))-(v1*(((14.7398094660069-v1)/pow2((v1-14.7584057867178)))-73.871190579799))),-0.9827968617007452,3207.6143354301216,0.09319529182010869,3207.6143354301216,1078.0,42.39771392859932,(((57.9/(16.3-v1))/log(pow2((18.5-v1))))-(v1*(((14.7-v1)/pow2((v1-14.8)))-73.9)))
1793.9994840621948,0.7365711809384343,30.0,1.0,12.0,-0.9826473859844271,true,155.4524710230401,0.09842586519213296,7.0,(((15.1125436633484+(80.621791332094/(16.3268149878794-v1)))/log(pow2((18.5015536002927-v1))))-(-73.6636209616806*(v1+(-0.0243572308970938/(14.7270066739575-v1))))),-0.9829369934501999,3181.4860441508945,0.09272772146426579,3181.4860441508945,1288.0,40.72057151119508,(((15.1+(80.6/(16.3-v1)))/log(pow2((18.5-v1))))-(-73.7*(v1+(-0.0244/(14.7-v1)))))
1402.8012828826904,0.7111228646404288,30.0,0.0,774.0,-0.9804226918798665,true,150.08163415855583,0.11221548738412668,6.0,(((1.85357927560951/(v1-14.7278866432481))+((v1+(696.250280532732/(v1*sqrt_abs((v1-17.4326068390492)))))/(16.3294147736825-v1)))-(-72.6369808184978*v1)),-0.9804838950992365,3638.878951182912,0.09562884086865898,3638.878951182912,68.0,45.59180559546122,(((1.85/(v1-14.7))+((v1+(696.0/(v1*sqrt_abs((v1-17.4)))))/(16.3-v1)))-(-72.6*v1))
1630.3863558769226,0.7270133472846088,30.0,1.0,327.0,-0.9826473859844271,true,153.43530160674365,0.101337429686703,6.0,((73.8626444813851*v1)+((-1.81215332129037/(14.7271386106033-v1))+((v1+(36.7637696651192/log(sqrt_abs(pow3((18.4824266135874-v1))))))/(16.3154837407434-v1)))),-0.9829623540614071,3176.757426694686,0.09238674195302382,3176.757426694686,3.473762677119486e77,40.882294631727255,((73.9*v1)+((-1.81/(14.7-v1))+((v1+(36.8/log(sqrt_abs(pow3((18.5-v1))))))/(16.3-v1))))
1690.3290898799896,0.7278457865825555,30.0,3.0,211.0,-0.9826473859844271,true,153.61098692975295,0.10090495529961654,6.0,(((v1+(36.812573479777/log(sqrt_abs(pow3((18.4825210364217-v1))))))/(16.3177683119528-v1))-(-73.8979582476194*(v1+(0.0243765953129901/(v1-14.727060791651))))),-0.9829524549282019,3178.6031714085093,0.09241097177269048,3178.6031714085093,3.473762677119486e77,40.89811853841846,(((v1+(36.8/log(sqrt_abs(pow3((18.5-v1))))))/(16.3-v1))-(-73.9*(v1+(0.0244/(v1-14.7)))))
1662.8772320747375,0.7373832632266806,30.0,5.5,264.0,-0.9835372636262514,true,156.26631509611434,0.1087560454529902,5.0,(((v1/(16.6783557469249-v1))/log(pow3(sqrt_abs((18.4611787254571-v1)))))-(v1*(((14.7398126295744-v1)/pow2((14.7584142567901-v1)))-74.6050168970779))),-0.9783917228273522,4028.9753193424476,0.09612843919597819,4028.9753193424476,8.105446246612134e77,46.94120994867126,(((v1/(16.7-v1))/log(pow3(sqrt_abs((18.5-v1)))))-(v1*(((14.7-v1)/pow2((14.8-v1)))-74.6)))
1800.3010940551758,0.73530063862365,30.0,1.0,0.0,-0.9817575083426029,true,155.1843245797854,0.09906000169057257,7.0,((60.0427837103065/(16.3702243879827-v1))-(v1*((((-3.81837758640328/log(pow2((18.4594733881668-v1))))--1.56907288159969)/(14.7266585358024-v1))-73.4554732576987))),-0.9831902435598217,3134.266248091522,0.09148477321680396,3134.266248091522,1557.0,39.37059136740172,((60.0/(16.4-v1))-(v1*((((-3.82/log(pow2((18.5-v1))))--1.57)/(14.7-v1))-73.5)))
1800.317526102066,0.7080360986623574,30.0,1.0,0.0,-0.9795328142380423,true,149.43017587294966,0.11313714754930315,7.0,(((66.1160371728384+(0.00160944832167895/log(pow2((16.4217999527761-v1)))))/(16.3720360003066-v1))-(-72.1309722878135*(v1+(0.0253707157415276/(v1-14.7275120115182))))),-0.980282468466237,3676.43599131755,0.09521444071655673,3676.43599131755,782.0,45.49676980743437,(((66.1+(0.00161/log(pow2((16.4-v1)))))/(16.4-v1))-(-72.1*(v1+(0.0254/(v1-14.7)))))
1800.3285501003265,0.7239237062698659,30.0,1.0,0.0,-0.9839822024471635,true,152.78323654807005,0.10367524205123982,6.0,(((14.452695594834/log(sqrt_abs((18.4856705764892-v1))))/(16.273861030795-v1))-(v1*(((14.739794414121-v1)/pow2((v1-14.7584364238665)))-73.8509828719052))),-0.9827967204229151,3207.640677414085,0.09315819867832448,3207.640677414085,825.0,42.35977331711571,(((14.5/log(sqrt_abs((18.5-v1))))/(16.3-v1))-(v1*(((14.7-v1)/pow2((v1-14.8)))-73.9)))
1800.3824150562286,0.6658056723628044,30.0,0.0,0.0,-0.9692992213570634,true,255.7494767209082,0.13587326225061389,6.0,(((205.917227854418/(v1-(v1-2.62277500633339)))/(16.3793745881397-v1))-(v1*(((14.7389005498173-v1)/pow2((14.7599514594356-v1)))-70.1638869083726))),-0.9643448463500705,6648.088272616619,0.10923245496699593,6648.088272616619,72.0,60.281203374047,(((206.0/(v1-(v1-2.62)))/(16.4-v1))-(v1*(((14.7-v1)/pow2((14.8-v1)))-70.2)))
1800.3861100673676,0.7537480519997538,30.0,2.5,0.0,-0.9701890989988876,true,172.50601203413112,0.13832991359907693,6.0,(((14.5113537943294/log(sqrt_abs((18.4854455999326-v1))))/(16.2559969328359-v1))-(v1*((sqrt_abs((14.7420940256221-v1))/(v1-14.7060399541466))-74.707475305108))),-0.9753237852783543,4601.008182834373,0.10052895777131456,4601.008182834373,825.0,49.26740101928038,(((14.5/log(sqrt_abs((18.5-v1))))/(16.3-v1))-(v1*((sqrt_abs((14.7-v1))/(v1-14.7))-74.7)))
