time,generation,mean age hall_of_fame,mean compl,mean recursive_compl,mean n_params,min mae,min mse,min max_ae,min minus_r2,min mare,min q75_are,min max_are,min ms_processed_e,min minus_spearman,max penalty
10.807759046554565,1.0,0.0,7.833333333333333,7.158499588333334e8,1.0,2566.974302392588,1.712394012611217e7,12930.419081171109,-0.9125665717816628,0.6673194989109908,0.7778364867468816,0.9975588726607166,1.712394012611217e7,-0.8954393770856507,12.0
15.882883071899414,5.0,1.5,6.75,212.125,1.125,464.76769120837,444151.7566563338,1735.0630295915253,-0.9977321977040527,0.5282263543312447,0.21526375414537524,0.9985878613879731,444151.7566563338,-0.9977753058954394,7.0
20.946624040603638,22.0,8.4,5.0,7.4,0.8,3.931669804539221e-12,6.181521794666866e-23,3.092281986027956e-11,-1.0,1.0431412603456857e-15,1.7239246927602462e-15,2.964663553448764e-15,6.181521794666866e-23,-1.0,6.0
26.100545167922974,46.0,14.2,12.1,33.8,1.9,3.5633718198369024e-12,3.790436680634431e-23,1.6370904631912708e-11,-1.0,1.060760297444541e-15,1.6571407959012805e-15,2.8848394892546667e-15,3.790436680634431e-23,-1.0,6.0
31.860881090164185,65.0,18.272727272727273,13.090909090909092,29.272727272727273,2.090909090909091,3.3587355119379935e-12,3.1527403733703266e-23,2.000888343900442e-11,-1.0,1.0378885095050514e-15,1.416220769618605e-15,2.964663553448764e-15,3.1527403733703266e-23,-1.0,6.0
36.9483962059021,86.0,22.2,10.9,35.0,1.6,3.7836400679225335e-12,3.014662031197949e-23,1.6370904631912708e-11,-1.0,1.0453997632575236e-15,1.5987000450320415e-15,2.964663553448764e-15,3.014662031197949e-23,-1.0,11.0
42.07381510734558,108.0,33.0,9.333333333333334,34.888888888888886,1.3333333333333333,3.558161173107995e-12,2.9086520838913816e-23,1.6370904631912708e-11,-1.0,1.0453997632575236e-15,1.5987000450320415e-15,2.964663553448764e-15,2.9086520838913816e-23,-1.0,11.0
47.309303998947144,130.0,38.90909090909091,11.181818181818182,30.818181818181817,1.7272727272727273,3.4456585732793125e-12,2.782435685378631e-23,1.6370904631912708e-11,-1.0,1.049799545569478e-15,1.6571407959012805e-15,2.964663553448764e-15,2.782435685378631e-23,-1.0,11.0
52.348565101623535,151.0,55.5,11.416666666666666,30.333333333333332,1.8333333333333333,3.4456585732793125e-12,2.782435685378631e-23,1.6370904631912708e-11,-1.0,1.049799545569478e-15,1.6571407959012805e-15,2.964663553448764e-15,2.782435685378631e-23,-1.0,11.0
57.54467511177063,172.0,60.53846153846154,11.846153846153847,30.307692307692307,1.8461538461538463,3.4456585732793125e-12,2.782435685378631e-23,1.6370904631912708e-11,-1.0,1.049799545569478e-15,1.6571407959012805e-15,2.964663553448764e-15,2.782435685378631e-23,-1.0,11.0
62.55804109573364,192.0,75.0,11.846153846153847,30.307692307692307,1.8461538461538463,3.4456585732793125e-12,2.782435685378631e-23,1.6370904631912708e-11,-1.0,1.049799545569478e-15,1.6571407959012805e-15,2.964663553448764e-15,2.782435685378631e-23,-1.0,11.0
67.64444208145142,212.0,78.85714285714286,12.428571428571429,49.42857142857143,1.9285714285714286,3.1671258208613533e-12,2.61611216797667e-23,1.6370904631912708e-11,-1.0,1.049799545569478e-15,1.6571407959012805e-15,2.964663553448764e-15,2.61611216797667e-23,-1.0,11.0
72.89352416992188,232.0,72.66666666666667,13.533333333333333,62.8,2.1333333333333333,2.8630135299560304e-12,2.5542474659424126e-23,1.6370904631912708e-11,-1.0,1.049799545569478e-15,1.6571407959012805e-15,2.964663553448764e-15,2.5542474659424126e-23,-1.0,11.0
78.04285407066345,251.0,86.5625,14.4375,88.0,2.3125,2.8630135299560304e-12,2.0216380335443138e-23,1.2732925824820995e-11,-1.0,1.049799545569478e-15,1.6571407959012805e-15,2.964663553448764e-15,2.0216380335443138e-23,-1.0,11.0
83.14826798439026,270.0,83.5625,15.0,116.375,2.375,2.8630135299560304e-12,1.8252021597408375e-23,1.2732925824820995e-11,-1.0,1.031911116454635e-15,1.5993438994277894e-15,2.964663553448764e-15,1.8252021597408375e-23,-1.0,11.0
88.28697299957275,289.0,93.05882352941177,15.294117647058824,124.0,2.411764705882353,2.8630135299560304e-12,1.8252021597408375e-23,1.2732925824820995e-11,-1.0,1.031911116454635e-15,1.5993438994277894e-15,2.964663553448764e-15,1.8252021597408375e-23,-1.0,11.0
93.32755208015442,308.0,95.47058823529412,15.294117647058824,126.0,2.5294117647058822,2.8968827336939284e-12,1.7491505831870857e-23,1.2732925824820995e-11,-1.0,1.04734156902032e-15,1.6326906869138886e-15,2.964663553448764e-15,1.7491505831870857e-23,-1.0,11.0
98.39476704597473,327.0,113.76470588235294,15.294117647058824,126.0,2.5294117647058822,2.8644346154275505e-12,1.7180133386975076e-23,1.2732925824820995e-11,-1.0,1.0431386226473293e-15,1.6323997353555914e-15,2.964663553448764e-15,1.7180133386975076e-23,-1.0,11.0
103.47301912307739,346.0,131.64705882352942,15.294117647058824,126.0,2.5294117647058822,2.8492763703980017e-12,1.6949212132637357e-23,1.2732925824820995e-11,-1.0,1.0002140358204177e-15,1.5131161622208489e-15,2.964663553448764e-15,1.6949212132637357e-23,-1.0,11.0
108.544193983078,365.0,145.64705882352942,15.294117647058824,125.29411764705883,2.5294117647058822,2.8492763703980017e-12,1.6949212132637357e-23,1.2732925824820995e-11,-1.0,1.0002140358204177e-15,1.5131161622208489e-15,2.964663553448764e-15,1.6949212132637357e-23,-1.0,11.0
113.74187111854553,384.0,149.16666666666666,15.944444444444445,138.61111111111111,2.611111111111111,2.8189598803389042e-12,1.6763096494812924e-23,1.2732925824820995e-11,-1.0,8.864656142799468e-16,1.4491502457763654e-15,2.0734799092965983e-15,1.6763096494812924e-23,-1.0,11.0
118.84643411636353,403.0,150.1578947368421,15.894736842105264,130.57894736842104,2.5789473684210527,2.8189598803389042e-12,1.6763096494812924e-23,1.2732925824820995e-11,-1.0,8.864656142799468e-16,1.4491502457763654e-15,2.0734799092965983e-15,1.6763096494812924e-23,-1.0,11.0
123.98477101325989,422.0,161.11111111111111,15.833333333333334,135.44444444444446,2.5,2.8189598803389042e-12,1.6763096494812924e-23,1.2732925824820995e-11,-1.0,8.864656142799468e-16,1.4491502457763654e-15,2.0734799092965983e-15,1.6763096494812924e-23,-1.0,11.0
129.1592161655426,441.0,161.94736842105263,16.263157894736842,134.21052631578948,2.6315789473684212,2.8189598803389042e-12,1.6763096494812924e-23,1.2732925824820995e-11,-1.0,8.864656142799468e-16,1.4491502457763654e-15,2.0734799092965983e-15,1.6763096494812924e-23,-1.0,11.0
134.35191917419434,460.0,180.94736842105263,16.263157894736842,134.21052631578948,2.6315789473684212,2.8189598803389042e-12,1.6763096494812924e-23,1.2732925824820995e-11,-1.0,8.864656142799468e-16,1.4491502457763654e-15,2.0734799092965983e-15,1.6763096494812924e-23,-1.0,11.0
139.52124619483948,479.0,187.42105263157896,16.263157894736842,129.42105263157896,2.6315789473684212,2.8189598803389042e-12,1.6763096494812924e-23,1.2732925824820995e-11,-1.0,8.864656142799468e-16,1.4491502457763654e-15,2.0734799092965983e-15,1.6763096494812924e-23,-1.0,11.0
144.61970806121826,498.0,179.5,16.333333333333332,129.77777777777777,2.6666666666666665,2.8189598803389042e-12,1.6763096494812924e-23,1.2732925824820995e-11,-1.0,8.864656142799468e-16,1.4491502457763654e-15,2.0734799092965983e-15,1.6763096494812924e-23,-1.0,11.0
149.8134961128235,517.0,196.05882352941177,15.882352941176471,121.70588235294117,2.588235294117647,2.8189598803389042e-12,1.6763096494812924e-23,1.2732925824820995e-11,-1.0,8.864656142799468e-16,1.4491502457763654e-15,2.0734799092965983e-15,1.6763096494812924e-23,-1.0,11.0
155.06757998466492,536.0,181.55555555555554,15.944444444444445,116.5,2.6666666666666665,2.8189598803389042e-12,1.6763096494812924e-23,1.2732925824820995e-11,-1.0,8.864656142799468e-16,1.4491502457763654e-15,2.0734799092965983e-15,1.6763096494812924e-23,-1.0,11.0
160.32470703125,555.0,188.61111111111111,15.944444444444445,142.22222222222223,2.6666666666666665,2.8189598803389042e-12,1.6763096494812924e-23,1.2732925824820995e-11,-1.0,1.0027315166047115e-15,1.4610251967563847e-15,2.911166135934451e-15,1.6763096494812924e-23,-1.0,11.0
165.54604816436768,574.0,212.64705882352942,15.235294117647058,128.52941176470588,2.5294117647058822,2.8189598803389042e-12,1.6763096494812924e-23,1.2732925824820995e-11,-1.0,1.0027315166047115e-15,1.5131161622208489e-15,2.964663553448764e-15,1.6763096494812924e-23,-1.0,11.0
170.79336500167847,593.0,217.94444444444446,16.055555555555557,168.22222222222223,2.6666666666666665,2.709062603874675e-12,1.517723616418392e-23,1.2732925824820995e-11,-1.0,9.892441533114485e-16,1.5131161622208489e-15,2.964663553448764e-15,1.517723616418392e-23,-1.0,11.0
175.98773908615112,612.0,217.55555555555554,15.88888888888889,140.55555555555554,2.7222222222222223,2.5309532247774768e-12,1.5003345135672606e-23,1.2732925824820995e-11,-1.0,9.415869732089408e-16,1.333495602675917e-15,2.911166135934451e-15,1.5003345135672606e-23,-1.0,11.0
181.20516204833984,631.0,207.83333333333334,15.88888888888889,137.77777777777777,2.7222222222222223,2.5309532247774768e-12,1.5003345135672606e-23,1.2732925824820995e-11,-1.0,9.415869732089408e-16,1.333495602675917e-15,2.911166135934451e-15,1.5003345135672606e-23,-1.0,11.0
186.4434130191803,650.0,214.33333333333334,15.88888888888889,137.77777777777777,2.7222222222222223,2.5309532247774768e-12,1.5003345135672606e-23,1.2732925824820995e-11,-1.0,9.415869732089408e-16,1.333495602675917e-15,2.911166135934451e-15,1.5003345135672606e-23,-1.0,11.0
191.5975480079651,669.0,232.27777777777777,15.88888888888889,138.55555555555554,2.7222222222222223,2.5309532247774768e-12,1.5003345135672606e-23,1.2732925824820995e-11,-1.0,9.415869732089408e-16,1.333495602675917e-15,2.911166135934451e-15,1.5003345135672606e-23,-1.0,11.0
196.78321599960327,688.0,251.27777777777777,15.88888888888889,138.55555555555554,2.7222222222222223,2.5309532247774768e-12,1.5003345135672606e-23,1.2732925824820995e-11,-1.0,9.415869732089408e-16,1.333495602675917e-15,2.911166135934451e-15,1.5003345135672606e-23,-1.0,11.0
201.94603610038757,707.0,270.27777777777777,15.88888888888889,138.55555555555554,2.7222222222222223,2.5309532247774768e-12,1.5003345135672606e-23,1.2732925824820995e-11,-1.0,9.415869732089408e-16,1.333495602675917e-15,2.911166135934451e-15,1.5003345135672606e-23,-1.0,11.0
207.18891716003418,726.0,276.3333333333333,15.88888888888889,139.77777777777777,2.7222222222222223,2.5309532247774768e-12,1.5003345135672606e-23,1.2732925824820995e-11,-1.0,9.415869732089408e-16,1.333495602675917e-15,2.911166135934451e-15,1.5003345135672606e-23,-1.0,11.0
212.34121918678284,745.0,295.3333333333333,15.88888888888889,139.77777777777777,2.7222222222222223,2.5309532247774768e-12,1.5003345135672606e-23,1.2732925824820995e-11,-1.0,9.415869732089408e-16,1.333495602675917e-15,2.911166135934451e-15,1.5003345135672606e-23,-1.0,11.0
217.47024011611938,764.0,314.3333333333333,15.88888888888889,139.77777777777777,2.7222222222222223,2.5309532247774768e-12,1.5003345135672606e-23,1.2732925824820995e-11,-1.0,9.415869732089408e-16,1.333495602675917e-15,2.911166135934451e-15,1.5003345135672606e-23,-1.0,11.0
222.69083404541016,783.0,333.3333333333333,15.88888888888889,139.77777777777777,2.7222222222222223,2.5309532247774768e-12,1.5003345135672606e-23,1.2732925824820995e-11,-1.0,9.415869732089408e-16,1.333495602675917e-15,2.911166135934451e-15,1.5003345135672606e-23,-1.0,11.0
227.90270709991455,802.0,331.05555555555554,15.88888888888889,139.77777777777777,2.7222222222222223,2.5309532247774768e-12,1.5003345135672606e-23,1.2732925824820995e-11,-1.0,9.415869732089408e-16,1.333495602675917e-15,2.911166135934451e-15,1.5003345135672606e-23,-1.0,11.0
233.03972005844116,821.0,346.2352941176471,15.058823529411764,113.88235294117646,2.588235294117647,2.700536091045554e-12,1.4751555880855442e-23,1.1823431123048067e-11,-1.0,9.705541046127228e-16,1.5109532966478157e-15,2.8365395463051615e-15,1.4751555880855442e-23,-1.0,11.0
238.11110711097717,840.0,365.2352941176471,15.058823529411764,113.88235294117646,2.588235294117647,2.700536091045554e-12,1.4751555880855442e-23,1.1823431123048067e-11,-1.0,9.705541046127228e-16,1.5109532966478157e-15,2.8365395463051615e-15,1.4751555880855442e-23,-1.0,11.0
243.21945214271545,859.0,384.2352941176471,15.058823529411764,113.88235294117646,2.588235294117647,2.700536091045554e-12,1.4751555880855442e-23,1.1823431123048067e-11,-1.0,9.705541046127228e-16,1.5109532966478157e-15,2.8365395463051615e-15,1.4751555880855442e-23,-1.0,11.0
248.37695503234863,878.0,381.1111111111111,15.88888888888889,125.27777777777777,2.7222222222222223,2.5257425780485693e-12,1.1179539849110236e-23,7.275957614183426e-12,-1.0,9.705541046127228e-16,1.5109532966478157e-15,2.8365395463051615e-15,1.1179539849110236e-23,-1.0,11.0
253.57478213310242,897.0,399.05555555555554,15.88888888888889,125.27777777777777,2.7222222222222223,2.225893543557807e-12,8.7749066906375e-24,7.275957614183426e-12,-1.0,9.705541046127228e-16,1.5109532966478157e-15,2.8365395463051615e-15,8.7749066906375e-24,-1.0,11.0
258.8097310066223,916.0,412.44444444444446,15.88888888888889,126.77777777777777,2.7222222222222223,2.225893543557807e-12,8.7749066906375e-24,7.275957614183426e-12,-1.0,9.705541046127228e-16,1.5109532966478157e-15,2.8365395463051615e-15,8.7749066906375e-24,-1.0,11.0
264.06315517425537,935.0,387.55555555555554,15.88888888888889,130.66666666666666,2.7222222222222223,2.225893543557807e-12,8.7749066906375e-24,7.275957614183426e-12,-1.0,9.705541046127228e-16,1.5109532966478157e-15,2.8365395463051615e-15,8.7749066906375e-24,-1.0,11.0
269.25628209114075,954.0,406.55555555555554,15.88888888888889,130.66666666666666,2.7222222222222223,2.225893543557807e-12,8.7749066906375e-24,7.275957614183426e-12,-1.0,9.705541046127228e-16,1.5109532966478157e-15,2.8365395463051615e-15,8.7749066906375e-24,-1.0,11.0
274.3977391719818,973.0,425.55555555555554,15.88888888888889,130.66666666666666,2.7222222222222223,2.225893543557807e-12,8.7749066906375e-24,7.275957614183426e-12,-1.0,9.705541046127228e-16,1.5109532966478157e-15,2.8365395463051615e-15,8.7749066906375e-24,-1.0,11.0
279.65454506874084,992.0,402.6111111111111,15.88888888888889,131.22222222222223,2.7222222222222223,2.225893543557807e-12,8.7749066906375e-24,7.275957614183426e-12,-1.0,9.667143270029144e-16,1.5109532966478157e-15,2.8365395463051615e-15,8.7749066906375e-24,-1.0,11.0
284.88604402542114,1011.0,395.22222222222223,15.88888888888889,131.22222222222223,2.7222222222222223,2.225893543557807e-12,8.7749066906375e-24,7.275957614183426e-12,-1.0,9.667143270029144e-16,1.5109532966478157e-15,2.8365395463051615e-15,8.7749066906375e-24,-1.0,11.0
290.04813599586487,1030.0,379.1111111111111,15.88888888888889,134.33333333333334,2.7222222222222223,2.225893543557807e-12,8.7749066906375e-24,7.275957614183426e-12,-1.0,9.667143270029144e-16,1.5109532966478157e-15,2.8365395463051615e-15,8.7749066906375e-24,-1.0,11.0
295.2157771587372,1049.0,398.1111111111111,15.88888888888889,134.33333333333334,2.7222222222222223,2.225893543557807e-12,8.7749066906375e-24,7.275957614183426e-12,-1.0,9.667143270029144e-16,1.5109532966478157e-15,2.8365395463051615e-15,8.7749066906375e-24,-1.0,11.0
300.35417318344116,1068.0,417.1111111111111,15.88888888888889,134.33333333333334,2.7222222222222223,2.225893543557807e-12,8.7749066906375e-24,7.275957614183426e-12,-1.0,9.667143270029144e-16,1.5109532966478157e-15,2.8365395463051615e-15,8.7749066906375e-24,-1.0,11.0
305.47227716445923,1087.0,436.1111111111111,15.88888888888889,134.33333333333334,2.7222222222222223,2.225893543557807e-12,8.7749066906375e-24,7.275957614183426e-12,-1.0,9.667143270029144e-16,1.5109532966478157e-15,2.8365395463051615e-15,8.7749066906375e-24,-1.0,11.0
310.58872509002686,1106.0,449.55555555555554,15.88888888888889,134.33333333333334,2.7222222222222223,2.225893543557807e-12,8.7749066906375e-24,7.275957614183426e-12,-1.0,9.667143270029144e-16,1.5109532966478157e-15,2.8365395463051615e-15,8.7749066906375e-24,-1.0,11.0
315.71148204803467,1125.0,456.1111111111111,15.88888888888889,134.33333333333334,2.7222222222222223,2.155786660296144e-12,7.884287356626955e-24,6.366462912410498e-12,-1.0,9.667143270029144e-16,1.5109532966478157e-15,2.8365395463051615e-15,7.884287356626955e-24,-1.0,11.0
320.8525960445404,1144.0,473.6666666666667,15.88888888888889,134.33333333333334,2.7222222222222223,2.118601590458032e-12,7.881158839458302e-24,7.275957614183426e-12,-1.0,9.667143270029144e-16,1.397963517783734e-15,2.8365395463051615e-15,7.881158839458302e-24,-1.0,11.0
326.0661520957947,1163.0,465.3888888888889,15.88888888888889,132.72222222222223,2.7222222222222223,2.118601590458032e-12,7.881158839458302e-24,7.275957614183426e-12,-1.0,9.667143270029144e-16,1.397963517783734e-15,2.8365395463051615e-15,7.881158839458302e-24,-1.0,11.0
331.2244870662689,1182.0,484.3888888888889,15.88888888888889,132.72222222222223,2.7222222222222223,2.118601590458032e-12,7.881158839458302e-24,7.275957614183426e-12,-1.0,9.667143270029144e-16,1.397963517783734e-15,2.8365395463051615e-15,7.881158839458302e-24,-1.0,11.0
336.3534951210022,1201.0,489.6470588235294,15.470588235294118,130.41176470588235,2.6470588235294117,2.170708057747106e-12,7.68473037042919e-24,5.6843418860808015e-12,-1.0,9.667143270029144e-16,1.397963517783734e-15,2.8365395463051615e-15,7.68473037042919e-24,-1.0,11.0
341.50980401039124,1220.0,508.6470588235294,15.470588235294118,130.41176470588235,2.6470588235294117,2.170708057747106e-12,7.68473037042919e-24,5.6843418860808015e-12,-1.0,9.667143270029144e-16,1.397963517783734e-15,2.8365395463051615e-15,7.68473037042919e-24,-1.0,11.0
346.6834239959717,1239.0,527.6470588235294,15.470588235294118,130.41176470588235,2.6470588235294117,2.170708057747106e-12,7.68473037042919e-24,5.6843418860808015e-12,-1.0,9.667143270029144e-16,1.397963517783734e-15,2.8365395463051615e-15,7.68473037042919e-24,-1.0,11.0
351.82598209381104,1258.0,516.3888888888889,16.166666666666668,144.0,2.7777777777777777,2.170708057747106e-12,7.68473037042919e-24,5.6843418860808015e-12,-1.0,9.667143270029144e-16,1.397963517783734e-15,2.8365395463051615e-15,7.68473037042919e-24,-1.0,11.0
356.9662811756134,1277.0,534.7777777777778,16.166666666666668,144.0,2.7777777777777777,2.170708057747106e-12,7.68473037042919e-24,5.6843418860808015e-12,-1.0,9.667143270029144e-16,1.397963517783734e-15,2.7494346839380924e-15,7.68473037042919e-24,-1.0,11.0
362.0262801647186,1296.0,524.5263157894736,16.526315789473685,148.68421052631578,2.8421052631578947,2.170708057747106e-12,7.68473037042919e-24,5.6843418860808015e-12,-1.0,9.667143270029144e-16,1.397963517783734e-15,2.7494346839380924e-15,7.68473037042919e-24,-1.0,11.0
367.1957790851593,1315.0,504.6842105263158,16.526315789473685,144.3684210526316,2.8421052631578947,2.170708057747106e-12,7.68473037042919e-24,5.6843418860808015e-12,-1.0,9.667143270029144e-16,1.397963517783734e-15,2.7494346839380924e-15,7.68473037042919e-24,-1.0,11.0
372.26670503616333,1334.0,521.578947368421,16.526315789473685,144.21052631578948,2.8421052631578947,2.170708057747106e-12,7.68473037042919e-24,5.6843418860808015e-12,-1.0,9.667143270029144e-16,1.397963517783734e-15,2.8365395463051615e-15,7.68473037042919e-24,-1.0,11.0
377.38796520233154,1353.0,523.8947368421053,16.526315789473685,144.21052631578948,2.8421052631578947,2.170708057747106e-12,7.68473037042919e-24,5.6843418860808015e-12,-1.0,9.667143270029144e-16,1.397963517783734e-15,2.8365395463051615e-15,7.68473037042919e-24,-1.0,11.0
382.4109191894531,1372.0,589.9411764705883,15.647058823529411,139.11764705882354,2.7058823529411766,2.170708057747106e-12,7.68473037042919e-24,5.6843418860808015e-12,-1.0,9.667143270029144e-16,1.397963517783734e-15,2.8365395463051615e-15,7.68473037042919e-24,-1.0,11.0
387.44634914398193,1391.0,608.9411764705883,15.647058823529411,139.11764705882354,2.7058823529411766,2.170708057747106e-12,7.68473037042919e-24,5.6843418860808015e-12,-1.0,9.667143270029144e-16,1.397963517783734e-15,2.8365395463051615e-15,7.68473037042919e-24,-1.0,11.0
392.51066517829895,1410.0,624.0588235294117,15.647058823529411,139.11764705882354,2.7058823529411766,2.170708057747106e-12,7.68473037042919e-24,5.6843418860808015e-12,-1.0,9.667143270029144e-16,1.397963517783734e-15,2.8365395463051615e-15,7.68473037042919e-24,-1.0,11.0
397.58102011680603,1429.0,608.2222222222222,15.61111111111111,416.0,2.6666666666666665,2.170708057747106e-12,7.68473037042919e-24,5.6843418860808015e-12,-1.0,9.667143270029144e-16,1.397963517783734e-15,2.8365395463051615e-15,7.68473037042919e-24,-1.0,11.0
402.64037919044495,1448.0,627.2222222222222,15.61111111111111,416.0,2.6666666666666665,2.170708057747106e-12,7.68473037042919e-24,5.6843418860808015e-12,-1.0,9.667143270029144e-16,1.397963517783734e-15,2.8365395463051615e-15,7.68473037042919e-24,-1.0,11.0
407.73411321640015,1467.0,646.2222222222222,15.61111111111111,416.0,2.6666666666666665,2.170708057747106e-12,7.68473037042919e-24,5.6843418860808015e-12,-1.0,9.667143270029144e-16,1.397963517783734e-15,2.8365395463051615e-15,7.68473037042919e-24,-1.0,11.0
412.87805819511414,1486.0,665.2222222222222,15.61111111111111,416.0,2.6666666666666665,2.170708057747106e-12,7.68473037042919e-24,5.6843418860808015e-12,-1.0,9.667143270029144e-16,1.397963517783734e-15,2.8365395463051615e-15,7.68473037042919e-24,-1.0,11.0
417.98073720932007,1505.0,684.2222222222222,15.61111111111111,416.0,2.6666666666666665,2.170708057747106e-12,7.68473037042919e-24,5.6843418860808015e-12,-1.0,9.667143270029144e-16,1.397963517783734e-15,2.8365395463051615e-15,7.68473037042919e-24,-1.0,11.0
423.1122250556946,1524.0,685.2777777777778,15.61111111111111,416.0,2.6666666666666665,2.170708057747106e-12,7.68473037042919e-24,5.6843418860808015e-12,-1.0,9.667143270029144e-16,1.397963517783734e-15,2.8365395463051615e-15,7.68473037042919e-24,-1.0,11.0
428.17742919921875,1543.0,704.2777777777778,15.61111111111111,416.0,2.6666666666666665,2.170708057747106e-12,7.68473037042919e-24,5.6843418860808015e-12,-1.0,9.667143270029144e-16,1.397963517783734e-15,2.8365395463051615e-15,7.68473037042919e-24,-1.0,11.0
433.35319805145264,1562.0,723.2777777777778,15.61111111111111,416.0,2.6666666666666665,2.170708057747106e-12,7.68473037042919e-24,5.6843418860808015e-12,-1.0,9.667143270029144e-16,1.397963517783734e-15,2.8365395463051615e-15,7.68473037042919e-24,-1.0,11.0
438.4034321308136,1581.0,742.2777777777778,15.61111111111111,416.0,2.6666666666666665,2.170708057747106e-12,7.68473037042919e-24,5.6843418860808015e-12,-1.0,9.667143270029144e-16,1.397963517783734e-15,2.8365395463051615e-15,7.68473037042919e-24,-1.0,11.0
443.4457139968872,1600.0,761.2777777777778,15.61111111111111,416.0,2.6666666666666665,2.170708057747106e-12,7.68473037042919e-24,5.6843418860808015e-12,-1.0,9.667143270029144e-16,1.397963517783734e-15,2.8365395463051615e-15,7.68473037042919e-24,-1.0,11.0
448.71301317214966,1620.0,766.0,15.61111111111111,416.0,2.6666666666666665,2.170708057747106e-12,7.68473037042919e-24,5.6843418860808015e-12,-1.0,9.667143270029144e-16,1.397963517783734e-15,2.7494346839380924e-15,7.68473037042919e-24,-1.0,11.0
453.9324371814728,1640.0,786.0,15.61111111111111,416.0,2.6666666666666665,2.170708057747106e-12,7.68473037042919e-24,5.6843418860808015e-12,-1.0,9.667143270029144e-16,1.397963517783734e-15,2.7494346839380924e-15,7.68473037042919e-24,-1.0,11.0
459.13628602027893,1660.0,806.0,15.61111111111111,416.0,2.6666666666666665,2.170708057747106e-12,7.68473037042919e-24,5.6843418860808015e-12,-1.0,9.667143270029144e-16,1.397963517783734e-15,2.7494346839380924e-15,7.68473037042919e-24,-1.0,11.0
464.3786811828613,1680.0,826.0,15.61111111111111,416.0,2.6666666666666665,2.170708057747106e-12,7.68473037042919e-24,5.6843418860808015e-12,-1.0,9.667143270029144e-16,1.397963517783734e-15,2.7494346839380924e-15,7.68473037042919e-24,-1.0,11.0
469.59034299850464,1700.0,846.0,15.61111111111111,416.0,2.6666666666666665,2.170708057747106e-12,7.68473037042919e-24,5.6843418860808015e-12,-1.0,9.667143270029144e-16,1.397963517783734e-15,2.7494346839380924e-15,7.68473037042919e-24,-1.0,11.0
474.81314516067505,1720.0,824.8888888888889,15.61111111111111,408.05555555555554,2.7777777777777777,2.170708057747106e-12,7.68473037042919e-24,5.6843418860808015e-12,-1.0,9.667143270029144e-16,1.397963517783734e-15,2.7494346839380924e-15,7.68473037042919e-24,-1.0,11.0
479.8236482143402,1739.0,797.5555555555555,15.61111111111111,406.94444444444446,2.7777777777777777,2.170708057747106e-12,7.68473037042919e-24,5.6843418860808015e-12,-1.0,9.667143270029144e-16,1.397963517783734e-15,2.7494346839380924e-15,7.68473037042919e-24,-1.0,11.0
485.08320903778076,1759.0,816.7058823529412,15.470588235294118,425.7647058823529,2.764705882352941,2.170708057747106e-12,7.68473037042919e-24,5.6843418860808015e-12,-1.0,9.667143270029144e-16,1.397963517783734e-15,2.7494346839380924e-15,7.68473037042919e-24,-1.0,11.0
490.2536702156067,1779.0,836.7058823529412,15.470588235294118,425.7647058823529,2.764705882352941,2.170708057747106e-12,7.68473037042919e-24,5.6843418860808015e-12,-1.0,9.667143270029144e-16,1.397963517783734e-15,2.7494346839380924e-15,7.68473037042919e-24,-1.0,11.0
495.4366400241852,1799.0,808.3529411764706,15.470588235294118,419.88235294117646,2.764705882352941,2.170708057747106e-12,7.68473037042919e-24,5.6843418860808015e-12,-1.0,9.704511472449633e-16,1.397963517783734e-15,2.7494346839380924e-15,7.68473037042919e-24,-1.0,11.0
500.6503801345825,1819.0,828.3529411764706,15.470588235294118,419.88235294117646,2.764705882352941,2.170708057747106e-12,7.68473037042919e-24,5.6843418860808015e-12,-1.0,9.704511472449633e-16,1.397963517783734e-15,2.7494346839380924e-15,7.68473037042919e-24,-1.0,11.0
505.9075469970703,1839.0,848.3529411764706,15.470588235294118,419.88235294117646,2.764705882352941,2.170708057747106e-12,7.68473037042919e-24,5.6843418860808015e-12,-1.0,9.704511472449633e-16,1.397963517783734e-15,2.7494346839380924e-15,7.68473037042919e-24,-1.0,11.0
511.0697021484375,1858.0,867.3529411764706,15.470588235294118,419.88235294117646,2.764705882352941,2.170708057747106e-12,7.68473037042919e-24,5.6843418860808015e-12,-1.0,9.704511472449633e-16,1.397963517783734e-15,2.7494346839380924e-15,7.68473037042919e-24,-1.0,11.0
516.1302649974823,1877.0,886.3529411764706,15.470588235294118,419.88235294117646,2.764705882352941,2.170708057747106e-12,7.68473037042919e-24,5.6843418860808015e-12,-1.0,9.704511472449633e-16,1.397963517783734e-15,2.7494346839380924e-15,7.68473037042919e-24,-1.0,11.0
521.3646950721741,1897.0,865.8235294117648,15.470588235294118,424.4117647058824,2.764705882352941,2.048257859617782e-12,7.472305905871276e-24,5.9117155615240335e-12,-1.0,9.704511472449633e-16,1.440234226189744e-15,2.7494346839380924e-15,7.472305905871276e-24,-1.0,11.0
526.4553661346436,1916.0,868.7647058823529,15.470588235294118,396.2352941176471,2.764705882352941,2.048257859617782e-12,7.472305905871276e-24,5.9117155615240335e-12,-1.0,8.824651749774327e-16,1.222157869291328e-15,2.4259717799453757e-15,7.472305905871276e-24,-1.0,11.0
531.5481719970703,1935.0,887.7647058823529,15.470588235294118,396.2352941176471,2.764705882352941,2.048257859617782e-12,7.472305905871276e-24,5.9117155615240335e-12,-1.0,8.824651749774327e-16,1.222157869291328e-15,2.4259717799453757e-15,7.472305905871276e-24,-1.0,11.0
536.6188290119171,1954.0,906.7647058823529,15.470588235294118,396.2352941176471,2.764705882352941,2.048257859617782e-12,7.472305905871276e-24,5.9117155615240335e-12,-1.0,8.824651749774327e-16,1.222157869291328e-15,2.4259717799453757e-15,7.472305905871276e-24,-1.0,11.0
541.644492149353,1973.0,925.7647058823529,15.470588235294118,396.2352941176471,2.764705882352941,2.048257859617782e-12,7.472305905871276e-24,5.9117155615240335e-12,-1.0,8.824651749774327e-16,1.222157869291328e-15,2.4259717799453757e-15,7.472305905871276e-24,-1.0,11.0
546.8817400932312,1993.0,945.7647058823529,15.470588235294118,396.2352941176471,2.764705882352941,2.048257859617782e-12,7.472305905871276e-24,5.9117155615240335e-12,-1.0,8.824651749774327e-16,1.222157869291328e-15,2.4259717799453757e-15,7.472305905871276e-24,-1.0,11.0
552.1201140880585,2013.0,965.7647058823529,15.470588235294118,396.2352941176471,2.764705882352941,2.048257859617782e-12,7.472305905871276e-24,5.9117155615240335e-12,-1.0,8.824651749774327e-16,1.222157869291328e-15,2.4259717799453757e-15,7.472305905871276e-24,-1.0,11.0
557.1568992137909,2032.0,984.7647058823529,15.470588235294118,396.2352941176471,2.764705882352941,2.048257859617782e-12,7.472305905871276e-24,5.9117155615240335e-12,-1.0,8.824651749774327e-16,1.222157869291328e-15,2.4259717799453757e-15,7.472305905871276e-24,-1.0,11.0
562.302225112915,2051.0,977.8235294117648,15.470588235294118,396.2352941176471,2.764705882352941,2.048257859617782e-12,7.472305905871276e-24,5.9117155615240335e-12,-1.0,8.824651749774327e-16,1.222157869291328e-15,2.4259717799453757e-15,7.472305905871276e-24,-1.0,11.0
567.3757860660553,2070.0,996.8235294117648,15.470588235294118,396.2352941176471,2.764705882352941,2.048257859617782e-12,7.472305905871276e-24,5.9117155615240335e-12,-1.0,8.824651749774327e-16,1.222157869291328e-15,2.4259717799453757e-15,7.472305905871276e-24,-1.0,11.0
572.5033040046692,2089.0,959.5,15.88888888888889,376.1666666666667,2.9444444444444446,2.048257859617782e-12,7.472305905871276e-24,5.9117155615240335e-12,-1.0,8.824651749774327e-16,1.222157869291328e-15,2.4259717799453757e-15,7.472305905871276e-24,-1.0,11.0
577.6693441867828,2108.0,978.5,15.88888888888889,376.1666666666667,2.9444444444444446,2.048257859617782e-12,7.472305905871276e-24,5.9117155615240335e-12,-1.0,8.824651749774327e-16,1.222157869291328e-15,2.4259717799453757e-15,7.472305905871276e-24,-1.0,11.0
582.7642011642456,2127.0,997.5,15.88888888888889,376.1666666666667,2.9444444444444446,2.048257859617782e-12,7.472305905871276e-24,5.9117155615240335e-12,-1.0,8.824651749774327e-16,1.222157869291328e-15,2.4259717799453757e-15,7.472305905871276e-24,-1.0,11.0
587.8517091274261,2146.0,1016.5,15.88888888888889,376.1666666666667,2.9444444444444446,2.048257859617782e-12,7.472305905871276e-24,5.9117155615240335e-12,-1.0,8.824651749774327e-16,1.222157869291328e-15,2.4259717799453757e-15,7.472305905871276e-24,-1.0,11.0
592.9907441139221,2165.0,1035.5,15.88888888888889,376.1666666666667,2.9444444444444446,2.048257859617782e-12,7.472305905871276e-24,5.9117155615240335e-12,-1.0,8.824651749774327e-16,1.222157869291328e-15,2.4259717799453757e-15,7.472305905871276e-24,-1.0,11.0
598.002170085907,2184.0,1054.5,15.88888888888889,376.1666666666667,2.9444444444444446,2.048257859617782e-12,7.472305905871276e-24,5.9117155615240335e-12,-1.0,8.824651749774327e-16,1.222157869291328e-15,2.4259717799453757e-15,7.472305905871276e-24,-1.0,11.0
603.1881420612335,2203.0,973.4736842105264,16.05263157894737,359.3157894736842,3.0,2.048257859617782e-12,7.472305905871276e-24,5.9117155615240335e-12,-1.0,8.824651749774327e-16,1.222157869291328e-15,2.4259717799453757e-15,7.472305905871276e-24,-1.0,11.0
608.2558631896973,2222.0,992.4736842105264,16.05263157894737,359.3157894736842,3.0,2.048257859617782e-12,7.472305905871276e-24,5.9117155615240335e-12,-1.0,8.824651749774327e-16,1.222157869291328e-15,2.4259717799453757e-15,7.472305905871276e-24,-1.0,11.0
613.4055080413818,2241.0,925.5263157894736,16.05263157894737,359.3157894736842,3.0,2.048257859617782e-12,7.472305905871276e-24,5.9117155615240335e-12,-1.0,8.824651749774327e-16,1.222157869291328e-15,2.4259717799453757e-15,7.472305905871276e-24,-1.0,11.0
618.6341650485992,2260.0,944.5263157894736,16.05263157894737,359.3157894736842,3.0,2.048257859617782e-12,7.472305905871276e-24,5.9117155615240335e-12,-1.0,8.824651749774327e-16,1.222157869291328e-15,2.4259717799453757e-15,7.472305905871276e-24,-1.0,11.0
623.827427148819,2279.0,917.1578947368421,16.05263157894737,359.3157894736842,3.0,2.048257859617782e-12,7.472305905871276e-24,5.9117155615240335e-12,-1.0,8.824651749774327e-16,1.222157869291328e-15,2.4259717799453757e-15,7.472305905871276e-24,-1.0,11.0
628.9239130020142,2298.0,935.5263157894736,16.05263157894737,350.8421052631579,3.0,1.997809325378815e-12,7.472305905871276e-24,5.9117155615240335e-12,-1.0,8.824651749774327e-16,1.222157869291328e-15,2.4259717799453757e-15,7.472305905871276e-24,-1.0,11.0
634.0985550880432,2317.0,954.5263157894736,16.05263157894737,350.8421052631579,3.0,1.997809325378815e-12,7.472305905871276e-24,5.9117155615240335e-12,-1.0,8.824651749774327e-16,1.222157869291328e-15,2.4259717799453757e-15,7.472305905871276e-24,-1.0,11.0
639.2753012180328,2336.0,958.578947368421,16.05263157894737,348.94736842105266,3.0,1.997809325378815e-12,7.472305905871276e-24,5.9117155615240335e-12,-1.0,8.824651749774327e-16,1.222157869291328e-15,2.4259717799453757e-15,7.472305905871276e-24,-1.0,11.0
644.4410572052002,2355.0,970.421052631579,16.05263157894737,348.94736842105266,3.0,1.997809325378815e-12,7.472305905871276e-24,5.9117155615240335e-12,-1.0,8.824651749774327e-16,1.222157869291328e-15,2.388394967540628e-15,7.472305905871276e-24,-1.0,11.0
649.6293931007385,2374.0,989.421052631579,16.05263157894737,348.94736842105266,3.0,1.997809325378815e-12,7.472305905871276e-24,5.9117155615240335e-12,-1.0,8.824651749774327e-16,1.222157869291328e-15,2.388394967540628e-15,7.472305905871276e-24,-1.0,11.0
654.7626311779022,2393.0,958.25,16.45,335.2,3.1,1.997809325378815e-12,7.472305905871276e-24,5.9117155615240335e-12,-1.0,8.824651749774327e-16,1.222157869291328e-15,2.388394967540628e-15,7.472305905871276e-24,-1.0,11.0
659.8919231891632,2412.0,971.3,16.45,335.2,3.1,2.048257859617782e-12,7.472305905871276e-24,5.9117155615240335e-12,-1.0,8.824651749774327e-16,1.222157869291328e-15,2.388394967540628e-15,7.472305905871276e-24,-1.0,11.0
664.9785261154175,2431.0,990.3,16.45,335.2,3.1,2.048257859617782e-12,7.472305905871276e-24,5.9117155615240335e-12,-1.0,8.824651749774327e-16,1.222157869291328e-15,2.388394967540628e-15,7.472305905871276e-24,-1.0,11.0
670.2336931228638,2451.0,1009.05,16.45,335.2,3.1,1.9523345902901685e-12,7.472305905871276e-24,5.9117155615240335e-12,-1.0,8.824651749774327e-16,1.222157869291328e-15,2.388394967540628e-15,7.472305905871276e-24,-1.0,11.0
675.4387490749359,2471.0,1029.05,16.45,335.2,3.1,1.9523345902901685e-12,7.472305905871276e-24,5.9117155615240335e-12,-1.0,8.824651749774327e-16,1.222157869291328e-15,2.388394967540628e-15,7.472305905871276e-24,-1.0,11.0
680.4655191898346,2490.0,1048.05,16.45,335.2,3.1,1.9523345902901685e-12,7.472305905871276e-24,5.9117155615240335e-12,-1.0,8.824651749774327e-16,1.222157869291328e-15,2.388394967540628e-15,7.472305905871276e-24,-1.0,11.0
685.6203320026398,2509.0,1028.35,16.45,335.2,3.1,1.9523345902901685e-12,7.472305905871276e-24,5.9117155615240335e-12,-1.0,8.824651749774327e-16,1.222157869291328e-15,2.388394967540628e-15,7.472305905871276e-24,-1.0,11.0
690.7201189994812,2528.0,1061.7894736842106,15.894736842105264,334.57894736842104,3.0526315789473686,1.9523345902901685e-12,7.472305905871276e-24,5.9117155615240335e-12,-1.0,8.9845552532485e-16,1.3757635450305343e-15,2.388394967540628e-15,7.472305905871276e-24,-1.0,11.0
695.7897810935974,2547.0,1080.7894736842106,15.894736842105264,334.57894736842104,3.0526315789473686,1.9523345902901685e-12,7.472305905871276e-24,5.9117155615240335e-12,-1.0,8.9845552532485e-16,1.3757635450305343e-15,2.388394967540628e-15,7.472305905871276e-24,-1.0,11.0
700.8214910030365,2566.0,1099.7894736842106,15.894736842105264,334.57894736842104,3.0526315789473686,1.9523345902901685e-12,7.472305905871276e-24,5.9117155615240335e-12,-1.0,8.9845552532485e-16,1.3757635450305343e-15,2.388394967540628e-15,7.472305905871276e-24,-1.0,11.0
705.938422203064,2585.0,1118.7894736842106,15.894736842105264,334.57894736842104,3.0526315789473686,1.9523345902901685e-12,7.472305905871276e-24,5.9117155615240335e-12,-1.0,8.9845552532485e-16,1.3757635450305343e-15,2.388394967540628e-15,7.472305905871276e-24,-1.0,11.0
711.0244030952454,2604.0,1137.7894736842106,15.894736842105264,334.57894736842104,3.0526315789473686,1.9523345902901685e-12,7.472305905871276e-24,5.9117155615240335e-12,-1.0,8.9845552532485e-16,1.3757635450305343e-15,2.388394967540628e-15,7.472305905871276e-24,-1.0,11.0
716.1003930568695,2623.0,1151.578947368421,15.894736842105264,334.57894736842104,3.0526315789473686,1.9523345902901685e-12,7.472305905871276e-24,5.9117155615240335e-12,-1.0,8.9845552532485e-16,1.3757635450305343e-15,2.388394967540628e-15,7.472305905871276e-24,-1.0,11.0
721.1674630641937,2642.0,1170.578947368421,15.894736842105264,334.57894736842104,3.0526315789473686,1.9523345902901685e-12,7.472305905871276e-24,5.9117155615240335e-12,-1.0,8.9845552532485e-16,1.3757635450305343e-15,2.388394967540628e-15,7.472305905871276e-24,-1.0,11.0
726.2392120361328,2661.0,1189.578947368421,15.894736842105264,334.57894736842104,3.0526315789473686,1.9523345902901685e-12,7.472305905871276e-24,5.9117155615240335e-12,-1.0,8.9845552532485e-16,1.3757635450305343e-15,2.388394967540628e-15,7.472305905871276e-24,-1.0,11.0
731.3764131069183,2680.0,1208.578947368421,15.894736842105264,334.57894736842104,3.0526315789473686,1.9523345902901685e-12,7.472305905871276e-24,5.9117155615240335e-12,-1.0,8.9845552532485e-16,1.3757635450305343e-15,2.388394967540628e-15,7.472305905871276e-24,-1.0,11.0
736.5461959838867,2699.0,1227.578947368421,15.894736842105264,334.57894736842104,3.0526315789473686,1.9523345902901685e-12,7.472305905871276e-24,5.9117155615240335e-12,-1.0,8.9845552532485e-16,1.3757635450305343e-15,2.388394967540628e-15,7.472305905871276e-24,-1.0,11.0
741.6562950611115,2718.0,1179.0526315789473,15.894736842105264,334.57894736842104,3.0526315789473686,1.9523345902901685e-12,7.472305905871276e-24,5.9117155615240335e-12,-1.0,8.9845552532485e-16,1.3757635450305343e-15,2.388394967540628e-15,7.472305905871276e-24,-1.0,11.0
746.7737910747528,2737.0,1198.0526315789473,15.894736842105264,334.57894736842104,3.0526315789473686,1.9523345902901685e-12,7.472305905871276e-24,5.9117155615240335e-12,-1.0,8.9845552532485e-16,1.3757635450305343e-15,2.388394967540628e-15,7.472305905871276e-24,-1.0,11.0
752.1100461483002,2752.0,1212.0,15.894736842105264,334.05263157894734,3.0526315789473686,1.9523345902901685e-12,7.472305905871276e-24,5.9117155615240335e-12,-1.0,8.9845552532485e-16,1.3757635450305343e-15,2.388394967540628e-15,7.472305905871276e-24,-1.0,11.0
757.180999994278,2771.0,1231.0,15.894736842105264,334.05263157894734,3.0526315789473686,1.9523345902901685e-12,7.472305905871276e-24,5.9117155615240335e-12,-1.0,8.9845552532485e-16,1.3757635450305343e-15,2.388394967540628e-15,7.472305905871276e-24,-1.0,11.0
762.2775630950928,2790.0,1219.5,15.944444444444445,67.83333333333333,3.111111111111111,1.9523345902901685e-12,7.472305905871276e-24,5.9117155615240335e-12,-1.0,8.9845552532485e-16,1.3757635450305343e-15,2.388394967540628e-15,7.472305905871276e-24,-1.0,11.0
767.461982011795,2809.0,1238.5,15.944444444444445,67.83333333333333,3.111111111111111,1.9523345902901685e-12,7.472305905871276e-24,5.9117155615240335e-12,-1.0,8.9845552532485e-16,1.3757635450305343e-15,2.388394967540628e-15,7.472305905871276e-24,-1.0,11.0
772.662691116333,2828.0,1205.9444444444443,15.944444444444445,67.83333333333333,3.111111111111111,1.9523345902901685e-12,7.153415932093102e-24,5.6843418860808015e-12,-1.0,8.9845552532485e-16,1.3757635450305343e-15,2.388394967540628e-15,7.153415932093102e-24,-1.0,11.0
777.883712053299,2847.0,1224.9444444444443,15.944444444444445,67.83333333333333,3.111111111111111,1.9523345902901685e-12,7.153415932093102e-24,5.6843418860808015e-12,-1.0,8.9845552532485e-16,1.3757635450305343e-15,2.388394967540628e-15,7.153415932093102e-24,-1.0,11.0
782.8943660259247,2865.0,1242.9444444444443,15.944444444444445,67.83333333333333,3.111111111111111,1.9523345902901685e-12,7.153415932093102e-24,5.6843418860808015e-12,-1.0,8.9845552532485e-16,1.3757635450305343e-15,2.388394967540628e-15,7.153415932093102e-24,-1.0,11.0
787.8992500305176,2883.0,1260.9444444444443,15.944444444444445,67.83333333333333,3.111111111111111,1.9523345902901685e-12,7.153415932093102e-24,5.6843418860808015e-12,-1.0,8.9845552532485e-16,1.3757635450305343e-15,2.388394967540628e-15,7.153415932093102e-24,-1.0,11.0
793.0112121105194,2902.0,1279.9444444444443,15.944444444444445,67.83333333333333,3.111111111111111,1.9523345902901685e-12,7.153415932093102e-24,5.6843418860808015e-12,-1.0,8.9845552532485e-16,1.3757635450305343e-15,2.388394967540628e-15,7.153415932093102e-24,-1.0,11.0
798.136078119278,2921.0,1243.5555555555557,15.944444444444445,67.55555555555556,3.111111111111111,1.9523345902901685e-12,7.153415932093102e-24,5.6843418860808015e-12,-1.0,8.9845552532485e-16,1.3757635450305343e-15,2.388394967540628e-15,7.153415932093102e-24,-1.0,11.0
803.3149421215057,2940.0,1262.5555555555557,15.944444444444445,67.55555555555556,3.111111111111111,1.9523345902901685e-12,7.153415932093102e-24,5.6843418860808015e-12,-1.0,8.9845552532485e-16,1.3757635450305343e-15,2.388394967540628e-15,7.153415932093102e-24,-1.0,11.0
808.3184521198273,2958.0,1280.5555555555557,15.944444444444445,67.55555555555556,3.111111111111111,1.9523345902901685e-12,7.153415932093102e-24,5.6843418860808015e-12,-1.0,8.9845552532485e-16,1.3757635450305343e-15,2.388394967540628e-15,7.153415932093102e-24,-1.0,11.0
813.5706260204315,2977.0,1299.5555555555557,15.944444444444445,67.55555555555556,3.111111111111111,1.9523345902901685e-12,7.153415932093102e-24,5.6843418860808015e-12,-1.0,8.9845552532485e-16,1.3757635450305343e-15,2.388394967540628e-15,7.153415932093102e-24,-1.0,11.0
818.7973041534424,2998.0,1320.5555555555557,15.944444444444445,67.55555555555556,3.111111111111111,1.9523345902901685e-12,7.153415932093102e-24,5.6843418860808015e-12,-1.0,8.9845552532485e-16,1.3757635450305343e-15,2.388394967540628e-15,7.153415932093102e-24,-1.0,11.0
824.0157880783081,3018.0,1340.5555555555557,15.944444444444445,67.55555555555556,3.111111111111111,1.9523345902901685e-12,7.153415932093102e-24,5.6843418860808015e-12,-1.0,8.9845552532485e-16,1.3757635450305343e-15,2.388394967540628e-15,7.153415932093102e-24,-1.0,11.0
829.209967136383,3037.0,1359.5555555555557,15.944444444444445,67.55555555555556,3.111111111111111,1.9523345902901685e-12,7.153415932093102e-24,5.6843418860808015e-12,-1.0,8.9845552532485e-16,1.3757635450305343e-15,2.388394967540628e-15,7.153415932093102e-24,-1.0,11.0
834.4453229904175,3056.0,1378.5555555555557,15.944444444444445,67.55555555555556,3.111111111111111,1.9523345902901685e-12,7.153415932093102e-24,5.6843418860808015e-12,-1.0,8.9845552532485e-16,1.3757635450305343e-15,2.388394967540628e-15,7.153415932093102e-24,-1.0,11.0
839.4459199905396,3074.0,1396.5555555555557,15.944444444444445,67.55555555555556,3.111111111111111,1.9523345902901685e-12,7.153415932093102e-24,5.6843418860808015e-12,-1.0,8.9845552532485e-16,1.3757635450305343e-15,2.388394967540628e-15,7.153415932093102e-24,-1.0,11.0
844.4649701118469,3092.0,1414.5555555555557,15.944444444444445,67.55555555555556,3.111111111111111,1.9523345902901685e-12,7.153415932093102e-24,5.6843418860808015e-12,-1.0,8.9845552532485e-16,1.3757635450305343e-15,2.388394967540628e-15,7.153415932093102e-24,-1.0,11.0
849.7403571605682,3111.0,1433.5555555555557,15.944444444444445,67.55555555555556,3.111111111111111,1.9523345902901685e-12,7.153415932093102e-24,5.6843418860808015e-12,-1.0,8.9845552532485e-16,1.3757635450305343e-15,2.388394967540628e-15,7.153415932093102e-24,-1.0,11.0
854.8063411712646,3129.0,1451.5555555555557,15.944444444444445,67.55555555555556,3.111111111111111,1.9523345902901685e-12,7.153415932093102e-24,5.6843418860808015e-12,-1.0,8.9845552532485e-16,1.3757635450305343e-15,2.388394967540628e-15,7.153415932093102e-24,-1.0,11.0
859.8236310482025,3147.0,1355.4736842105262,16.526315789473685,10416.736842105263,3.210526315789474,2.0605739337042905e-12,7.153415932093102e-24,5.6843418860808015e-12,-1.0,9.52517745809238e-16,1.364187760077574e-15,2.2642403279490175e-15,7.153415932093102e-24,-1.0,11.0
864.8339850902557,3165.0,1373.4736842105262,16.526315789473685,10416.736842105263,3.210526315789474,2.0605739337042905e-12,7.153415932093102e-24,5.6843418860808015e-12,-1.0,9.52517745809238e-16,1.364187760077574e-15,2.2642403279490175e-15,7.153415932093102e-24,-1.0,11.0
869.8457190990448,3183.0,1391.4736842105262,16.526315789473685,10416.736842105263,3.210526315789474,2.0605739337042905e-12,7.153415932093102e-24,5.6843418860808015e-12,-1.0,9.52517745809238e-16,1.364187760077574e-15,2.2642403279490175e-15,7.153415932093102e-24,-1.0,11.0
875.0547411441803,3202.0,1410.4736842105262,16.526315789473685,10416.736842105263,3.210526315789474,2.0605739337042905e-12,7.153415932093102e-24,5.6843418860808015e-12,-1.0,9.52517745809238e-16,1.364187760077574e-15,2.2642403279490175e-15,7.153415932093102e-24,-1.0,11.0
880.2976760864258,3221.0,1429.4736842105262,16.526315789473685,10416.736842105263,3.210526315789474,2.0605739337042905e-12,7.153415932093102e-24,5.6843418860808015e-12,-1.0,9.52517745809238e-16,1.364187760077574e-15,2.2642403279490175e-15,7.153415932093102e-24,-1.0,11.0
885.5042300224304,3240.0,1448.4736842105262,16.526315789473685,10416.736842105263,3.210526315789474,2.0605739337042905e-12,7.153415932093102e-24,5.6843418860808015e-12,-1.0,9.52517745809238e-16,1.364187760077574e-15,2.2642403279490175e-15,7.153415932093102e-24,-1.0,11.0
890.735563993454,3259.0,1467.4736842105262,16.526315789473685,10416.736842105263,3.210526315789474,2.0605739337042905e-12,7.153415932093102e-24,5.6843418860808015e-12,-1.0,9.52517745809238e-16,1.364187760077574e-15,2.2642403279490175e-15,7.153415932093102e-24,-1.0,11.0
895.9805181026459,3278.0,1486.4736842105262,16.526315789473685,10416.736842105263,3.210526315789474,2.0605739337042905e-12,7.153415932093102e-24,5.6843418860808015e-12,-1.0,9.52517745809238e-16,1.364187760077574e-15,2.2642403279490175e-15,7.153415932093102e-24,-1.0,11.0
901.1675372123718,3297.0,1505.4736842105262,16.526315789473685,10416.736842105263,3.210526315789474,2.0605739337042905e-12,7.153415932093102e-24,5.6843418860808015e-12,-1.0,9.52517745809238e-16,1.364187760077574e-15,2.2642403279490175e-15,7.153415932093102e-24,-1.0,11.0
906.3903651237488,3316.0,1561.1666666666667,15.944444444444445,71.55555555555556,3.111111111111111,2.0605739337042905e-12,7.153415932093102e-24,5.6843418860808015e-12,-1.0,9.52517745809238e-16,1.364187760077574e-15,2.281047884702679e-15,7.153415932093102e-24,-1.0,11.0
911.6110961437225,3335.0,1580.1666666666667,15.944444444444445,71.55555555555556,3.111111111111111,2.0605739337042905e-12,7.153415932093102e-24,5.6843418860808015e-12,-1.0,9.52517745809238e-16,1.364187760077574e-15,2.281047884702679e-15,7.153415932093102e-24,-1.0,11.0
916.8337891101837,3354.0,1599.1666666666667,15.944444444444445,71.55555555555556,3.111111111111111,2.0605739337042905e-12,7.153415932093102e-24,5.6843418860808015e-12,-1.0,9.52517745809238e-16,1.364187760077574e-15,2.281047884702679e-15,7.153415932093102e-24,-1.0,11.0
921.994903087616,3373.0,1618.1666666666667,15.944444444444445,71.55555555555556,3.111111111111111,2.0605739337042905e-12,7.153415932093102e-24,5.6843418860808015e-12,-1.0,9.52517745809238e-16,1.364187760077574e-15,2.281047884702679e-15,7.153415932093102e-24,-1.0,11.0
927.1545240879059,3392.0,1637.1666666666667,15.944444444444445,71.55555555555556,3.111111111111111,2.0605739337042905e-12,7.153415932093102e-24,5.6843418860808015e-12,-1.0,9.52517745809238e-16,1.364187760077574e-15,2.281047884702679e-15,7.153415932093102e-24,-1.0,11.0
932.426675081253,3411.0,1656.1666666666667,15.944444444444445,71.55555555555556,3.111111111111111,2.0605739337042905e-12,7.153415932093102e-24,5.6843418860808015e-12,-1.0,9.52517745809238e-16,1.364187760077574e-15,2.281047884702679e-15,7.153415932093102e-24,-1.0,11.0
937.5617990493774,3430.0,1489.611111111111,15.944444444444445,71.55555555555556,3.111111111111111,2.0605739337042905e-12,7.153415932093102e-24,5.6843418860808015e-12,-1.0,9.52517745809238e-16,1.364187760077574e-15,2.281047884702679e-15,7.153415932093102e-24,-1.0,11.0
942.6656420230865,3449.0,1467.7777777777778,15.944444444444445,71.55555555555556,3.111111111111111,2.0605739337042905e-12,7.153415932093102e-24,5.6843418860808015e-12,-1.0,9.52517745809238e-16,1.364187760077574e-15,2.281047884702679e-15,7.153415932093102e-24,-1.0,11.0
947.7750110626221,3468.0,1486.4444444444443,15.944444444444445,71.55555555555556,3.111111111111111,2.0605739337042905e-12,7.153415932093102e-24,5.6843418860808015e-12,-1.0,9.52517745809238e-16,1.364187760077574e-15,2.281047884702679e-15,7.153415932093102e-24,-1.0,11.0
952.9810011386871,3487.0,1505.4444444444443,15.944444444444445,71.55555555555556,3.111111111111111,2.0605739337042905e-12,7.153415932093102e-24,5.6843418860808015e-12,-1.0,9.52517745809238e-16,1.364187760077574e-15,2.281047884702679e-15,7.153415932093102e-24,-1.0,11.0
958.1113150119781,3506.0,1522.2222222222222,15.944444444444445,73.55555555555556,3.111111111111111,2.0605739337042905e-12,7.153415932093102e-24,5.6843418860808015e-12,-1.0,9.52517745809238e-16,1.364187760077574e-15,2.281047884702679e-15,7.153415932093102e-24,-1.0,11.0
963.3747169971466,3526.0,1494.8235294117646,15.647058823529411,70.76470588235294,3.0588235294117645,2.0605739337042905e-12,7.153415932093102e-24,5.6843418860808015e-12,-1.0,9.52517745809238e-16,1.364187760077574e-15,2.281047884702679e-15,7.153415932093102e-24,-1.0,11.0
968.4658892154694,3545.0,1408.2222222222222,16.0,70.66666666666667,3.1666666666666665,2.0605739337042905e-12,7.153415932093102e-24,5.6843418860808015e-12,-1.0,9.515374141044389e-16,1.3608308193963e-15,2.281047884702679e-15,7.153415932093102e-24,-1.0,11.0
973.5966410636902,3564.0,1427.2222222222222,16.0,70.66666666666667,3.1666666666666665,2.0605739337042905e-12,7.153415932093102e-24,5.6843418860808015e-12,-1.0,9.515374141044389e-16,1.3608308193963e-15,2.281047884702679e-15,7.153415932093102e-24,-1.0,11.0
978.7046141624451,3583.0,1446.2222222222222,16.0,70.66666666666667,3.1666666666666665,2.0605739337042905e-12,7.153415932093102e-24,5.6843418860808015e-12,-1.0,9.515374141044389e-16,1.3608308193963e-15,2.281047884702679e-15,7.153415932093102e-24,-1.0,11.0
983.9134800434113,3602.0,1465.2222222222222,16.0,70.66666666666667,3.1666666666666665,2.0605739337042905e-12,7.153415932093102e-24,5.6843418860808015e-12,-1.0,9.515374141044389e-16,1.3608308193963e-15,2.281047884702679e-15,7.153415932093102e-24,-1.0,11.0
988.9569220542908,3621.0,1406.7894736842106,16.473684210526315,80.73684210526316,3.210526315789474,2.0605739337042905e-12,7.153415932093102e-24,5.6843418860808015e-12,-1.0,8.7191724795419335e-16,1.3608308193963e-15,2.2642403279490175e-15,7.153415932093102e-24,-1.0,11.0
994.0768690109253,3640.0,1425.7894736842106,16.473684210526315,80.73684210526316,3.210526315789474,2.0605739337042905e-12,7.153415932093102e-24,5.6843418860808015e-12,-1.0,8.7191724795419335e-16,1.3608308193963e-15,2.2642403279490175e-15,7.153415932093102e-24,-1.0,11.0
999.332545042038,3660.0,1286.4736842105262,16.473684210526315,80.89473684210526,3.210526315789474,2.0605739337042905e-12,7.153415932093102e-24,5.6843418860808015e-12,-1.0,8.7191724795419335e-16,1.3608308193963e-15,2.2642403279490175e-15,7.153415932093102e-24,-1.0,11.0
1004.4485352039337,3679.0,1305.4736842105262,16.473684210526315,80.89473684210526,3.210526315789474,2.0605739337042905e-12,7.153415932093102e-24,5.6843418860808015e-12,-1.0,8.7191724795419335e-16,1.3608308193963e-15,2.2642403279490175e-15,7.153415932093102e-24,-1.0,11.0
1009.5057260990143,3698.0,1324.4736842105262,16.473684210526315,80.89473684210526,3.210526315789474,2.0605739337042905e-12,7.153415932093102e-24,5.6843418860808015e-12,-1.0,8.7191724795419335e-16,1.3608308193963e-15,2.2642403279490175e-15,7.153415932093102e-24,-1.0,11.0
1014.6890020370483,3717.0,1343.4736842105262,16.473684210526315,80.89473684210526,3.210526315789474,2.0605739337042905e-12,7.153415932093102e-24,5.6843418860808015e-12,-1.0,8.7191724795419335e-16,1.3608308193963e-15,2.2642403279490175e-15,7.153415932093102e-24,-1.0,11.0
1019.8065609931946,3736.0,1362.4736842105262,16.473684210526315,80.89473684210526,3.210526315789474,2.0605739337042905e-12,7.153415932093102e-24,5.6843418860808015e-12,-1.0,8.7191724795419335e-16,1.3608308193963e-15,2.2642403279490175e-15,7.153415932093102e-24,-1.0,11.0
1025.0161061286926,3755.0,1286.6315789473683,16.473684210526315,80.89473684210526,3.210526315789474,2.0605739337042905e-12,7.153415932093102e-24,5.6843418860808015e-12,-1.0,8.712888356419092e-16,1.2817436781004515e-15,2.281047884702679e-15,7.153415932093102e-24,-1.0,11.0
1030.0445430278778,3774.0,1305.3157894736842,16.473684210526315,80.89473684210526,3.210526315789474,2.0605739337042905e-12,7.153415932093102e-24,5.6843418860808015e-12,-1.0,8.712888356419092e-16,1.2817436781004515e-15,2.281047884702679e-15,7.153415932093102e-24,-1.0,11.0
1035.2060661315918,3793.0,1324.3157894736842,16.473684210526315,80.89473684210526,3.210526315789474,2.0605739337042905e-12,7.153415932093102e-24,5.6843418860808015e-12,-1.0,8.712888356419092e-16,1.2817436781004515e-15,2.281047884702679e-15,7.153415932093102e-24,-1.0,11.0
1040.246229171753,3812.0,1343.3157894736842,16.473684210526315,80.89473684210526,3.210526315789474,2.0605739337042905e-12,7.153415932093102e-24,5.6843418860808015e-12,-1.0,8.712888356419092e-16,1.2817436781004515e-15,2.281047884702679e-15,7.153415932093102e-24,-1.0,11.0
1045.418846130371,3832.0,1360.2105263157894,16.473684210526315,80.89473684210526,3.210526315789474,2.0605739337042905e-12,7.153415932093102e-24,5.6843418860808015e-12,-1.0,8.712888356419092e-16,1.2817436781004515e-15,2.281047884702679e-15,7.153415932093102e-24,-1.0,11.0
1050.5167610645294,3851.0,1379.2105263157894,16.473684210526315,80.89473684210526,3.210526315789474,2.0605739337042905e-12,7.153415932093102e-24,5.6843418860808015e-12,-1.0,8.712888356419092e-16,1.2817436781004515e-15,2.281047884702679e-15,7.153415932093102e-24,-1.0,11.0
1055.5529479980469,3870.0,1398.2105263157894,16.473684210526315,80.89473684210526,3.210526315789474,2.0605739337042905e-12,7.153415932093102e-24,5.6843418860808015e-12,-1.0,8.712888356419092e-16,1.2817436781004515e-15,2.281047884702679e-15,7.153415932093102e-24,-1.0,11.0
1060.6010401248932,3889.0,1417.2105263157894,16.473684210526315,80.89473684210526,3.210526315789474,2.0605739337042905e-12,7.153415932093102e-24,5.6843418860808015e-12,-1.0,8.712888356419092e-16,1.2817436781004515e-15,2.281047884702679e-15,7.153415932093102e-24,-1.0,11.0
1065.670953989029,3908.0,1436.2105263157894,16.473684210526315,80.89473684210526,3.210526315789474,2.0605739337042905e-12,7.153415932093102e-24,5.6843418860808015e-12,-1.0,8.712888356419092e-16,1.2817436781004515e-15,2.281047884702679e-15,7.153415932093102e-24,-1.0,11.0
1070.8068339824677,3927.0,1455.2105263157894,16.473684210526315,80.89473684210526,3.210526315789474,2.0605739337042905e-12,7.153415932093102e-24,5.6843418860808015e-12,-1.0,8.712888356419092e-16,1.2817436781004515e-15,2.281047884702679e-15,7.153415932093102e-24,-1.0,11.0
1075.898647069931,3946.0,1474.2105263157894,16.473684210526315,80.89473684210526,3.210526315789474,2.0605739337042905e-12,7.153415932093102e-24,5.6843418860808015e-12,-1.0,8.712888356419092e-16,1.2817436781004515e-15,2.281047884702679e-15,7.153415932093102e-24,-1.0,11.0
1081.036493062973,3965.0,1493.2105263157894,16.473684210526315,80.89473684210526,3.210526315789474,2.0605739337042905e-12,7.153415932093102e-24,5.6843418860808015e-12,-1.0,8.712888356419092e-16,1.2817436781004515e-15,2.281047884702679e-15,7.153415932093102e-24,-1.0,11.0
1086.053461074829,3984.0,1512.2105263157894,16.473684210526315,80.89473684210526,3.210526315789474,2.0605739337042905e-12,7.153415932093102e-24,5.6843418860808015e-12,-1.0,8.712888356419092e-16,1.2817436781004515e-15,2.281047884702679e-15,7.153415932093102e-24,-1.0,11.0
1091.1026890277863,4003.0,1531.2105263157894,16.473684210526315,80.89473684210526,3.210526315789474,2.0605739337042905e-12,7.153415932093102e-24,5.6843418860808015e-12,-1.0,8.712888356419092e-16,1.2817436781004515e-15,2.281047884702679e-15,7.153415932093102e-24,-1.0,11.0
1096.135793209076,4022.0,1550.2105263157894,16.473684210526315,80.89473684210526,3.210526315789474,2.0605739337042905e-12,7.153415932093102e-24,5.6843418860808015e-12,-1.0,8.712888356419092e-16,1.2817436781004515e-15,2.281047884702679e-15,7.153415932093102e-24,-1.0,11.0
1101.1533541679382,4041.0,1569.2105263157894,16.473684210526315,80.89473684210526,3.210526315789474,2.0605739337042905e-12,7.153415932093102e-24,5.6843418860808015e-12,-1.0,8.712888356419092e-16,1.2817436781004515e-15,2.281047884702679e-15,7.153415932093102e-24,-1.0,11.0
1106.2240362167358,4060.0,1588.2105263157894,16.473684210526315,80.89473684210526,3.210526315789474,2.0605739337042905e-12,7.153415932093102e-24,5.6843418860808015e-12,-1.0,8.712888356419092e-16,1.2817436781004515e-15,2.281047884702679e-15,7.153415932093102e-24,-1.0,11.0
1111.2280631065369,4079.0,1590.4736842105262,16.473684210526315,80.89473684210526,3.210526315789474,2.0605739337042905e-12,7.153415932093102e-24,5.6843418860808015e-12,-1.0,8.771899075847754e-16,1.3608308193963e-15,1.997196569484e-15,7.153415932093102e-24,-1.0,11.0
1116.3359661102295,4098.0,1609.4736842105262,16.473684210526315,80.89473684210526,3.210526315789474,2.0605739337042905e-12,7.153415932093102e-24,5.6843418860808015e-12,-1.0,8.771899075847754e-16,1.3608308193963e-15,1.997196569484e-15,7.153415932093102e-24,-1.0,11.0
1121.5137000083923,4117.0,1560.7894736842106,16.473684210526315,80.89473684210526,3.210526315789474,2.0473104693034353e-12,7.130151477365049e-24,5.9117155615240335e-12,-1.0,8.771899075847754e-16,1.3608308193963e-15,1.997196569484e-15,7.130151477365049e-24,-1.0,11.0
1126.5689940452576,4136.0,1579.7894736842106,16.473684210526315,80.89473684210526,3.210526315789474,2.0473104693034353e-12,7.130151477365049e-24,5.9117155615240335e-12,-1.0,8.771899075847754e-16,1.3608308193963e-15,1.997196569484e-15,7.130151477365049e-24,-1.0,11.0
1131.5872640609741,4155.0,1496.2105263157894,16.473684210526315,79.26315789473684,3.210526315789474,2.0473104693034353e-12,7.130151477365049e-24,5.9117155615240335e-12,-1.0,8.771899075847754e-16,1.3608308193963e-15,1.997196569484e-15,7.130151477365049e-24,-1.0,11.0
1136.684581041336,4174.0,1515.2105263157894,16.473684210526315,79.26315789473684,3.210526315789474,2.0473104693034353e-12,7.130151477365049e-24,5.9117155615240335e-12,-1.0,8.771899075847754e-16,1.3608308193963e-15,1.997196569484e-15,7.130151477365049e-24,-1.0,11.0
1141.7753021717072,4193.0,1534.2105263157894,16.473684210526315,79.26315789473684,3.210526315789474,2.0473104693034353e-12,7.130151477365049e-24,5.9117155615240335e-12,-1.0,8.771899075847754e-16,1.3608308193963e-15,1.997196569484e-15,7.130151477365049e-24,-1.0,11.0
1146.788749217987,4212.0,1553.2105263157894,16.473684210526315,79.26315789473684,3.210526315789474,2.0473104693034353e-12,7.130151477365049e-24,5.9117155615240335e-12,-1.0,8.771899075847754e-16,1.3608308193963e-15,1.997196569484e-15,7.130151477365049e-24,-1.0,11.0
1151.8871140480042,4231.0,1496.2777777777778,16.5,82.27777777777777,3.2222222222222223,2.0473104693034353e-12,7.130151477365049e-24,5.9117155615240335e-12,-1.0,8.771899075847754e-16,1.3608308193963e-15,1.997196569484e-15,7.130151477365049e-24,-1.0,11.0
1156.935046195984,4250.0,1515.2777777777778,16.5,82.27777777777777,3.2222222222222223,2.0473104693034353e-12,7.130151477365049e-24,5.9117155615240335e-12,-1.0,8.771899075847754e-16,1.3608308193963e-15,1.997196569484e-15,7.130151477365049e-24,-1.0,11.0
1162.1794509887695,4270.0,1535.2777777777778,16.5,82.27777777777777,3.2222222222222223,2.0473104693034353e-12,7.130151477365049e-24,5.9117155615240335e-12,-1.0,8.771899075847754e-16,1.3608308193963e-15,1.997196569484e-15,7.130151477365049e-24,-1.0,11.0
1167.2510421276093,4289.0,1499.888888888889,16.5,84.27777777777777,3.2222222222222223,2.0473104693034353e-12,7.130151477365049e-24,5.9117155615240335e-12,-1.0,8.771899075847754e-16,1.3608308193963e-15,1.997196569484e-15,7.130151477365049e-24,-1.0,11.0
1172.3873040676117,4308.0,1518.888888888889,16.5,84.27777777777777,3.2222222222222223,2.0473104693034353e-12,7.130151477365049e-24,5.9117155615240335e-12,-1.0,8.771899075847754e-16,1.3608308193963e-15,1.997196569484e-15,7.130151477365049e-24,-1.0,11.0
1177.4056000709534,4327.0,1537.888888888889,16.5,84.27777777777777,3.2222222222222223,2.0473104693034353e-12,7.130151477365049e-24,5.9117155615240335e-12,-1.0,8.771899075847754e-16,1.3608308193963e-15,1.997196569484e-15,7.130151477365049e-24,-1.0,11.0
1182.565455198288,4347.0,1557.888888888889,16.5,84.27777777777777,3.2222222222222223,2.0473104693034353e-12,7.130151477365049e-24,5.9117155615240335e-12,-1.0,8.771899075847754e-16,1.3608308193963e-15,1.997196569484e-15,7.130151477365049e-24,-1.0,11.0
1187.5884881019592,4366.0,1576.888888888889,16.5,84.27777777777777,3.2222222222222223,2.0473104693034353e-12,7.130151477365049e-24,5.9117155615240335e-12,-1.0,8.771899075847754e-16,1.3608308193963e-15,1.997196569484e-15,7.130151477365049e-24,-1.0,11.0
1192.6637651920319,4385.0,1595.888888888889,16.5,84.27777777777777,3.2222222222222223,2.0473104693034353e-12,7.130151477365049e-24,5.9117155615240335e-12,-1.0,8.771899075847754e-16,1.3608308193963e-15,1.997196569484e-15,7.130151477365049e-24,-1.0,11.0
1197.7129781246185,4404.0,1614.888888888889,16.5,84.27777777777777,3.2222222222222223,2.0473104693034353e-12,7.130151477365049e-24,5.9117155615240335e-12,-1.0,8.771899075847754e-16,1.3608308193963e-15,1.997196569484e-15,7.130151477365049e-24,-1.0,11.0
1202.7737920284271,4423.0,1633.888888888889,16.5,84.27777777777777,3.2222222222222223,2.0473104693034353e-12,7.130151477365049e-24,5.9117155615240335e-12,-1.0,8.771899075847754e-16,1.3608308193963e-15,1.997196569484e-15,7.130151477365049e-24,-1.0,11.0
1207.8402562141418,4442.0,1652.888888888889,16.5,84.27777777777777,3.2222222222222223,2.0473104693034353e-12,7.130151477365049e-24,5.9117155615240335e-12,-1.0,8.771899075847754e-16,1.3608308193963e-15,1.997196569484e-15,7.130151477365049e-24,-1.0,11.0
1213.044049024582,4462.0,1672.888888888889,16.5,84.27777777777777,3.2222222222222223,2.0473104693034353e-12,7.130151477365049e-24,5.9117155615240335e-12,-1.0,8.771899075847754e-16,1.3608308193963e-15,1.997196569484e-15,7.130151477365049e-24,-1.0,11.0
1218.05260014534,4481.0,1691.888888888889,16.5,84.27777777777777,3.2222222222222223,2.0473104693034353e-12,7.130151477365049e-24,5.9117155615240335e-12,-1.0,8.771899075847754e-16,1.3608308193963e-15,1.997196569484e-15,7.130151477365049e-24,-1.0,11.0
1223.0903480052948,4500.0,1710.888888888889,16.5,84.27777777777777,3.2222222222222223,2.0473104693034353e-12,7.130151477365049e-24,5.9117155615240335e-12,-1.0,8.771899075847754e-16,1.3608308193963e-15,1.997196569484e-15,7.130151477365049e-24,-1.0,11.0
1228.1056621074677,4519.0,1729.888888888889,16.5,84.27777777777777,3.2222222222222223,2.0473104693034353e-12,7.130151477365049e-24,5.9117155615240335e-12,-1.0,8.771899075847754e-16,1.3608308193963e-15,1.997196569484e-15,7.130151477365049e-24,-1.0,11.0
1233.1868300437927,4538.0,1748.888888888889,16.5,84.27777777777777,3.2222222222222223,2.0473104693034353e-12,7.130151477365049e-24,5.9117155615240335e-12,-1.0,8.771899075847754e-16,1.3608308193963e-15,1.997196569484e-15,7.130151477365049e-24,-1.0,11.0
1238.2502381801605,4557.0,1767.888888888889,16.5,84.27777777777777,3.2222222222222223,2.0473104693034353e-12,7.130151477365049e-24,5.9117155615240335e-12,-1.0,8.771899075847754e-16,1.3608308193963e-15,1.997196569484e-15,7.130151477365049e-24,-1.0,11.0
1243.349748134613,4576.0,1786.888888888889,16.5,84.27777777777777,3.2222222222222223,2.0473104693034353e-12,7.130151477365049e-24,5.9117155615240335e-12,-1.0,8.771899075847754e-16,1.3608308193963e-15,1.997196569484e-15,7.130151477365049e-24,-1.0,11.0
1248.3908259868622,4595.0,1711.421052631579,16.473684210526315,81.6842105263158,3.210526315789474,2.0473104693034353e-12,7.130151477365049e-24,5.9117155615240335e-12,-1.0,8.771899075847754e-16,1.3608308193963e-15,1.997196569484e-15,7.130151477365049e-24,-1.0,11.0
1253.613114118576,4615.0,1731.421052631579,16.473684210526315,81.6842105263158,3.210526315789474,2.0473104693034353e-12,7.130151477365049e-24,5.9117155615240335e-12,-1.0,8.771899075847754e-16,1.3608308193963e-15,1.997196569484e-15,7.130151477365049e-24,-1.0,11.0
1258.6245861053467,4634.0,1750.421052631579,16.473684210526315,81.6842105263158,3.210526315789474,2.0473104693034353e-12,7.130151477365049e-24,5.9117155615240335e-12,-1.0,8.771899075847754e-16,1.3608308193963e-15,1.997196569484e-15,7.130151477365049e-24,-1.0,11.0
1263.8580420017242,4654.0,1770.421052631579,16.473684210526315,81.6842105263158,3.210526315789474,2.0473104693034353e-12,7.130151477365049e-24,5.9117155615240335e-12,-1.0,8.771899075847754e-16,1.3608308193963e-15,1.997196569484e-15,7.130151477365049e-24,-1.0,11.0
1269.0758349895477,4674.0,1766.6842105263158,16.473684210526315,81.63157894736842,3.210526315789474,2.0473104693034353e-12,7.130151477365049e-24,5.9117155615240335e-12,-1.0,8.771899075847754e-16,1.3608308193963e-15,1.997196569484e-15,7.130151477365049e-24,-1.0,11.0
1274.2701370716095,4694.0,1786.6842105263158,16.473684210526315,81.63157894736842,3.210526315789474,2.0473104693034353e-12,7.130151477365049e-24,5.9117155615240335e-12,-1.0,8.771899075847754e-16,1.3608308193963e-15,1.997196569484e-15,7.130151477365049e-24,-1.0,11.0
1279.2845451831818,4713.0,1805.6842105263158,16.473684210526315,81.63157894736842,3.210526315789474,2.0473104693034353e-12,7.130151477365049e-24,5.9117155615240335e-12,-1.0,8.771899075847754e-16,1.3608308193963e-15,1.997196569484e-15,7.130151477365049e-24,-1.0,11.0
1284.3341491222382,4732.0,1824.6842105263158,16.473684210526315,81.63157894736842,3.210526315789474,2.0473104693034353e-12,7.130151477365049e-24,5.9117155615240335e-12,-1.0,8.771899075847754e-16,1.3608308193963e-15,1.997196569484e-15,7.130151477365049e-24,-1.0,11.0
1289.5781831741333,4752.0,1844.6842105263158,16.473684210526315,81.63157894736842,3.210526315789474,2.0473104693034353e-12,7.130151477365049e-24,5.9117155615240335e-12,-1.0,8.771899075847754e-16,1.3608308193963e-15,1.997196569484e-15,7.130151477365049e-24,-1.0,11.0
1294.6024780273438,4771.0,1863.6842105263158,16.473684210526315,81.63157894736842,3.210526315789474,2.0473104693034353e-12,7.130151477365049e-24,5.9117155615240335e-12,-1.0,8.771899075847754e-16,1.3608308193963e-15,1.997196569484e-15,7.130151477365049e-24,-1.0,11.0
1299.6264560222626,4790.0,1882.6842105263158,16.473684210526315,81.63157894736842,3.210526315789474,2.0473104693034353e-12,7.130151477365049e-24,5.9117155615240335e-12,-1.0,8.771899075847754e-16,1.3608308193963e-15,1.997196569484e-15,7.130151477365049e-24,-1.0,11.0
1304.8465631008148,4810.0,1902.6842105263158,16.473684210526315,81.63157894736842,3.210526315789474,2.0473104693034353e-12,7.130151477365049e-24,5.9117155615240335e-12,-1.0,8.771899075847754e-16,1.3608308193963e-15,1.997196569484e-15,7.130151477365049e-24,-1.0,11.0
1310.08043217659,4830.0,1885.6666666666667,16.166666666666668,82.33333333333333,3.111111111111111,2.0473104693034353e-12,7.130151477365049e-24,5.9117155615240335e-12,-1.0,8.771899075847754e-16,1.3608308193963e-15,1.997196569484e-15,7.130151477365049e-24,-1.0,11.0
1315.1919541358948,4849.0,1848.2777777777778,16.055555555555557,85.16666666666667,3.0,2.0473104693034353e-12,7.130151477365049e-24,5.9117155615240335e-12,-1.0,8.771899075847754e-16,1.3608308193963e-15,1.997196569484e-15,7.130151477365049e-24,-1.0,11.0
1320.2005400657654,4868.0,1867.2777777777778,16.055555555555557,85.16666666666667,3.0,2.0473104693034353e-12,7.130151477365049e-24,5.9117155615240335e-12,-1.0,8.771899075847754e-16,1.3608308193963e-15,1.997196569484e-15,7.130151477365049e-24,-1.0,11.0
1325.217689037323,4887.0,1886.2777777777778,16.055555555555557,85.16666666666667,3.0,2.0473104693034353e-12,7.130151477365049e-24,5.9117155615240335e-12,-1.0,8.771899075847754e-16,1.3608308193963e-15,1.997196569484e-15,7.130151477365049e-24,-1.0,11.0
1330.437586069107,4907.0,1906.2777777777778,16.055555555555557,85.16666666666667,3.0,2.0473104693034353e-12,7.130151477365049e-24,5.9117155615240335e-12,-1.0,8.771899075847754e-16,1.3608308193963e-15,1.997196569484e-15,7.130151477365049e-24,-1.0,11.0
1335.4894762039185,4926.0,1925.2777777777778,16.055555555555557,85.16666666666667,3.0,2.0473104693034353e-12,7.130151477365049e-24,5.9117155615240335e-12,-1.0,8.771899075847754e-16,1.3608308193963e-15,1.997196569484e-15,7.130151477365049e-24,-1.0,11.0
1340.7517631053925,4946.0,1945.2777777777778,16.055555555555557,85.16666666666667,3.0,2.0473104693034353e-12,7.130151477365049e-24,5.9117155615240335e-12,-1.0,8.771899075847754e-16,1.3608308193963e-15,1.997196569484e-15,7.130151477365049e-24,-1.0,11.0
1346.004646062851,4966.0,1965.2777777777778,16.055555555555557,85.16666666666667,3.0,2.0473104693034353e-12,7.130151477365049e-24,5.9117155615240335e-12,-1.0,8.771899075847754e-16,1.3608308193963e-15,1.997196569484e-15,7.130151477365049e-24,-1.0,11.0
1351.1917691230774,4986.0,1985.2777777777778,16.055555555555557,85.16666666666667,3.0,2.0473104693034353e-12,7.130151477365049e-24,5.9117155615240335e-12,-1.0,8.771899075847754e-16,1.3608308193963e-15,1.997196569484e-15,7.130151477365049e-24,-1.0,11.0
1356.2064101696014,5005.0,2004.2777777777778,16.055555555555557,85.16666666666667,3.0,2.0473104693034353e-12,7.130151477365049e-24,5.9117155615240335e-12,-1.0,8.771899075847754e-16,1.3608308193963e-15,1.997196569484e-15,7.130151477365049e-24,-1.0,11.0
1361.4309720993042,5025.0,2024.2777777777778,16.055555555555557,85.16666666666667,3.0,2.0473104693034353e-12,7.130151477365049e-24,5.9117155615240335e-12,-1.0,8.771899075847754e-16,1.3608308193963e-15,1.997196569484e-15,7.130151477365049e-24,-1.0,11.0
1366.699392080307,5045.0,2044.2777777777778,16.055555555555557,85.16666666666667,3.0,2.0473104693034353e-12,7.130151477365049e-24,5.9117155615240335e-12,-1.0,8.771899075847754e-16,1.3608308193963e-15,1.997196569484e-15,7.130151477365049e-24,-1.0,11.0
1371.7089262008667,5064.0,2063.277777777778,16.055555555555557,85.16666666666667,3.0,2.0473104693034353e-12,7.130151477365049e-24,5.9117155615240335e-12,-1.0,8.771899075847754e-16,1.3608308193963e-15,1.997196569484e-15,7.130151477365049e-24,-1.0,11.0
1376.713751077652,5083.0,2082.277777777778,16.055555555555557,85.16666666666667,3.0,2.0473104693034353e-12,7.130151477365049e-24,5.9117155615240335e-12,-1.0,8.771899075847754e-16,1.3608308193963e-15,1.997196569484e-15,7.130151477365049e-24,-1.0,11.0
1381.9259951114655,5103.0,2102.277777777778,16.055555555555557,85.16666666666667,3.0,2.0473104693034353e-12,7.130151477365049e-24,5.9117155615240335e-12,-1.0,8.771899075847754e-16,1.3608308193963e-15,1.997196569484e-15,7.130151477365049e-24,-1.0,11.0
1387.1074850559235,5123.0,2122.277777777778,16.055555555555557,85.16666666666667,3.0,2.0473104693034353e-12,7.130151477365049e-24,5.9117155615240335e-12,-1.0,8.771899075847754e-16,1.3608308193963e-15,1.997196569484e-15,7.130151477365049e-24,-1.0,11.0
1392.3114080429077,5143.0,2116.9444444444443,16.055555555555557,85.16666666666667,3.0,2.0473104693034353e-12,7.130151477365049e-24,5.9117155615240335e-12,-1.0,8.771899075847754e-16,1.3608308193963e-15,1.997196569484e-15,7.130151477365049e-24,-1.0,11.0
1397.566810131073,5163.0,2045.1666666666667,16.055555555555557,85.16666666666667,3.0,2.0473104693034353e-12,7.130151477365049e-24,5.9117155615240335e-12,-1.0,8.771899075847754e-16,1.3608308193963e-15,1.997196569484e-15,7.130151477365049e-24,-1.0,11.0
1402.824035167694,5183.0,2045.7777777777778,16.055555555555557,85.16666666666667,3.0,2.0473104693034353e-12,7.130151477365049e-24,5.9117155615240335e-12,-1.0,8.771899075847754e-16,1.3608308193963e-15,1.997196569484e-15,7.130151477365049e-24,-1.0,11.0
1407.825851202011,5202.0,2064.777777777778,16.055555555555557,85.16666666666667,3.0,2.0473104693034353e-12,7.130151477365049e-24,5.9117155615240335e-12,-1.0,8.771899075847754e-16,1.3608308193963e-15,1.997196569484e-15,7.130151477365049e-24,-1.0,11.0
1412.858341217041,5221.0,1933.2222222222222,16.055555555555557,83.55555555555556,3.0,2.0473104693034353e-12,7.130151477365049e-24,5.9117155615240335e-12,-1.0,9.515374141044389e-16,1.3608308193963e-15,2.7494346839380924e-15,7.130151477365049e-24,-1.0,11.0
1417.8889260292053,5240.0,1952.2222222222222,16.055555555555557,83.55555555555556,3.0,2.0473104693034353e-12,7.130151477365049e-24,5.9117155615240335e-12,-1.0,9.515374141044389e-16,1.3608308193963e-15,2.7494346839380924e-15,7.130151477365049e-24,-1.0,11.0
1423.1149771213531,5260.0,1972.2222222222222,16.055555555555557,83.55555555555556,3.0,2.0473104693034353e-12,7.130151477365049e-24,5.9117155615240335e-12,-1.0,9.515374141044389e-16,1.3608308193963e-15,2.7494346839380924e-15,7.130151477365049e-24,-1.0,11.0
1428.149432182312,5279.0,1986.0555555555557,16.055555555555557,83.55555555555556,3.0,2.0473104693034353e-12,7.130151477365049e-24,5.9117155615240335e-12,-1.0,9.515374141044389e-16,1.3608308193963e-15,2.7494346839380924e-15,7.130151477365049e-24,-1.0,11.0
1433.1995232105255,5298.0,2005.0555555555557,16.055555555555557,83.55555555555556,3.0,2.0473104693034353e-12,7.130151477365049e-24,5.9117155615240335e-12,-1.0,9.515374141044389e-16,1.3608308193963e-15,2.7494346839380924e-15,7.130151477365049e-24,-1.0,11.0
1438.3755540847778,5318.0,2025.0555555555557,16.055555555555557,83.55555555555556,3.0,2.0473104693034353e-12,7.130151477365049e-24,5.9117155615240335e-12,-1.0,9.515374141044389e-16,1.3608308193963e-15,2.7494346839380924e-15,7.130151477365049e-24,-1.0,11.0
1443.605434179306,5338.0,2045.0555555555557,16.055555555555557,83.55555555555556,3.0,2.0473104693034353e-12,7.130151477365049e-24,5.9117155615240335e-12,-1.0,9.515374141044389e-16,1.3608308193963e-15,2.7494346839380924e-15,7.130151477365049e-24,-1.0,11.0
1448.806470155716,5358.0,2065.0555555555557,16.055555555555557,83.55555555555556,3.0,2.0473104693034353e-12,7.130151477365049e-24,5.9117155615240335e-12,-1.0,9.515374141044389e-16,1.3608308193963e-15,2.7494346839380924e-15,7.130151477365049e-24,-1.0,11.0
1453.9539721012115,5378.0,2085.0555555555557,16.055555555555557,83.55555555555556,3.0,2.0473104693034353e-12,7.130151477365049e-24,5.9117155615240335e-12,-1.0,9.515374141044389e-16,1.3608308193963e-15,2.7494346839380924e-15,7.130151477365049e-24,-1.0,11.0
1459.138221025467,5398.0,2105.0555555555557,16.055555555555557,83.55555555555556,3.0,2.0473104693034353e-12,7.130151477365049e-24,5.9117155615240335e-12,-1.0,9.515374141044389e-16,1.3608308193963e-15,2.7494346839380924e-15,7.130151477365049e-24,-1.0,11.0
1464.3768091201782,5418.0,2125.0555555555557,16.055555555555557,83.55555555555556,3.0,2.0473104693034353e-12,7.130151477365049e-24,5.9117155615240335e-12,-1.0,9.515374141044389e-16,1.3608308193963e-15,2.7494346839380924e-15,7.130151477365049e-24,-1.0,11.0
1469.5954492092133,5438.0,2145.0555555555557,16.055555555555557,83.55555555555556,3.0,2.0473104693034353e-12,7.130151477365049e-24,5.9117155615240335e-12,-1.0,9.515374141044389e-16,1.3608308193963e-15,2.7494346839380924e-15,7.130151477365049e-24,-1.0,11.0
1474.8047020435333,5458.0,2165.0555555555557,16.055555555555557,83.55555555555556,3.0,2.0473104693034353e-12,7.130151477365049e-24,5.9117155615240335e-12,-1.0,9.515374141044389e-16,1.3608308193963e-15,2.7494346839380924e-15,7.130151477365049e-24,-1.0,11.0
1479.8494341373444,5477.0,2184.0555555555557,16.055555555555557,83.55555555555556,3.0,2.0473104693034353e-12,7.130151477365049e-24,5.9117155615240335e-12,-1.0,9.515374141044389e-16,1.3608308193963e-15,2.7494346839380924e-15,7.130151477365049e-24,-1.0,11.0
1485.011440038681,5497.0,2204.0555555555557,16.055555555555557,83.55555555555556,3.0,2.0473104693034353e-12,7.130151477365049e-24,5.9117155615240335e-12,-1.0,9.515374141044389e-16,1.3608308193963e-15,2.7494346839380924e-15,7.130151477365049e-24,-1.0,11.0
1490.1787691116333,5517.0,2114.3888888888887,16.055555555555557,83.55555555555556,3.0,2.0473104693034353e-12,7.130151477365049e-24,5.9117155615240335e-12,-1.0,9.452341208477395e-16,1.364187760077574e-15,2.7494346839380924e-15,7.130151477365049e-24,-1.0,11.0
1495.3404650688171,5537.0,2134.3888888888887,16.055555555555557,83.55555555555556,3.0,2.0473104693034353e-12,7.130151477365049e-24,5.9117155615240335e-12,-1.0,9.452341208477395e-16,1.364187760077574e-15,2.7494346839380924e-15,7.130151477365049e-24,-1.0,11.0
1500.563984155655,5557.0,2154.3888888888887,16.055555555555557,83.55555555555556,3.0,2.0473104693034353e-12,7.130151477365049e-24,5.9117155615240335e-12,-1.0,9.452341208477395e-16,1.364187760077574e-15,2.7494346839380924e-15,7.130151477365049e-24,-1.0,11.0
1505.7119221687317,5577.0,2174.3888888888887,16.055555555555557,83.55555555555556,3.0,2.0473104693034353e-12,7.130151477365049e-24,5.9117155615240335e-12,-1.0,9.452341208477395e-16,1.364187760077574e-15,2.7494346839380924e-15,7.130151477365049e-24,-1.0,11.0
1510.8902041912079,5597.0,2151.3333333333335,16.055555555555557,83.55555555555556,3.0,2.0473104693034353e-12,7.130151477365049e-24,5.9117155615240335e-12,-1.0,9.452341208477395e-16,1.364187760077574e-15,2.7494346839380924e-15,7.130151477365049e-24,-1.0,11.0
1516.0385119915009,5617.0,2171.3333333333335,16.055555555555557,83.55555555555556,3.0,2.0473104693034353e-12,7.130151477365049e-24,5.9117155615240335e-12,-1.0,9.452341208477395e-16,1.364187760077574e-15,2.7494346839380924e-15,7.130151477365049e-24,-1.0,11.0
1521.1880400180817,5637.0,2641.6428571428573,13.285714285714286,53.642857142857146,2.5,2.0473104693034353e-12,7.130151477365049e-24,5.9117155615240335e-12,-1.0,8.519182802412949e-16,1.2803834879875266e-15,2.4410180293693333e-15,7.130151477365049e-24,-1.0,11.0
1526.311853170395,5657.0,2661.6428571428573,13.285714285714286,53.642857142857146,2.5,2.0473104693034353e-12,7.130151477365049e-24,5.9117155615240335e-12,-1.0,8.519182802412949e-16,1.2803834879875266e-15,2.4410180293693333e-15,7.130151477365049e-24,-1.0,11.0
1531.417062997818,5677.0,2681.6428571428573,13.285714285714286,53.642857142857146,2.5,2.0473104693034353e-12,7.130151477365049e-24,5.9117155615240335e-12,-1.0,8.519182802412949e-16,1.2803834879875266e-15,2.4410180293693333e-15,7.130151477365049e-24,-1.0,11.0
1536.6013360023499,5697.0,2591.285714285714,13.285714285714286,55.857142857142854,2.5,2.0473104693034353e-12,7.130151477365049e-24,5.9117155615240335e-12,-1.0,8.519182802412949e-16,1.2803834879875266e-15,2.4410180293693333e-15,7.130151477365049e-24,-1.0,11.0
1541.7467150688171,5717.0,2611.285714285714,13.285714285714286,55.857142857142854,2.5,2.0473104693034353e-12,7.130151477365049e-24,5.9117155615240335e-12,-1.0,8.519182802412949e-16,1.2803834879875266e-15,2.4410180293693333e-15,7.130151477365049e-24,-1.0,11.0
1546.9094061851501,5737.0,2631.285714285714,13.285714285714286,55.857142857142854,2.5,2.0473104693034353e-12,7.130151477365049e-24,5.9117155615240335e-12,-1.0,8.519182802412949e-16,1.2803834879875266e-15,2.4410180293693333e-15,7.130151477365049e-24,-1.0,11.0
1552.1164140701294,5757.0,2651.285714285714,13.285714285714286,55.857142857142854,2.5,2.0473104693034353e-12,7.130151477365049e-24,5.9117155615240335e-12,-1.0,8.519182802412949e-16,1.2803834879875266e-15,2.4410180293693333e-15,7.130151477365049e-24,-1.0,11.0
1557.3094341754913,5777.0,2671.285714285714,13.285714285714286,55.857142857142854,2.5,2.0473104693034353e-12,7.130151477365049e-24,5.9117155615240335e-12,-1.0,8.519182802412949e-16,1.2803834879875266e-15,2.4410180293693333e-15,7.130151477365049e-24,-1.0,11.0
1562.4944071769714,5797.0,2691.285714285714,13.285714285714286,55.857142857142854,2.5,2.0473104693034353e-12,7.130151477365049e-24,5.9117155615240335e-12,-1.0,8.519182802412949e-16,1.2803834879875266e-15,2.4410180293693333e-15,7.130151477365049e-24,-1.0,11.0
1567.6338851451874,5817.0,2711.285714285714,13.285714285714286,55.857142857142854,2.5,2.0473104693034353e-12,7.130151477365049e-24,5.9117155615240335e-12,-1.0,8.519182802412949e-16,1.2803834879875266e-15,2.4410180293693333e-15,7.130151477365049e-24,-1.0,11.0
1572.7923390865326,5837.0,2330.714285714286,13.285714285714286,55.857142857142854,2.5,2.0473104693034353e-12,7.130151477365049e-24,5.9117155615240335e-12,-1.0,8.519182802412949e-16,1.2803834879875266e-15,2.4410180293693333e-15,7.130151477365049e-24,-1.0,11.0
1577.9131770133972,5857.0,2350.714285714286,13.285714285714286,55.857142857142854,2.5,2.0473104693034353e-12,7.130151477365049e-24,5.9117155615240335e-12,-1.0,8.519182802412949e-16,1.2803834879875266e-15,2.4410180293693333e-15,7.130151477365049e-24,-1.0,11.0
1583.0668890476227,5877.0,2370.714285714286,13.285714285714286,55.857142857142854,2.5,2.0473104693034353e-12,7.130151477365049e-24,5.9117155615240335e-12,-1.0,8.519182802412949e-16,1.2803834879875266e-15,2.4410180293693333e-15,7.130151477365049e-24,-1.0,11.0
1588.1641809940338,5897.0,2390.714285714286,13.285714285714286,55.857142857142854,2.5,2.0473104693034353e-12,7.130151477365049e-24,5.9117155615240335e-12,-1.0,8.519182802412949e-16,1.2803834879875266e-15,2.4410180293693333e-15,7.130151477365049e-24,-1.0,11.0
1593.3646471500397,5917.0,2410.714285714286,13.285714285714286,55.857142857142854,2.5,2.0473104693034353e-12,7.130151477365049e-24,5.9117155615240335e-12,-1.0,8.519182802412949e-16,1.2803834879875266e-15,2.4410180293693333e-15,7.130151477365049e-24,-1.0,11.0
1598.491336107254,5937.0,2430.714285714286,13.285714285714286,55.857142857142854,2.5,2.0473104693034353e-12,7.130151477365049e-24,5.9117155615240335e-12,-1.0,8.519182802412949e-16,1.2803834879875266e-15,2.4410180293693333e-15,7.130151477365049e-24,-1.0,11.0
1603.6100192070007,5957.0,2450.714285714286,13.285714285714286,55.857142857142854,2.5,2.0473104693034353e-12,7.130151477365049e-24,5.9117155615240335e-12,-1.0,8.519182802412949e-16,1.2803834879875266e-15,2.4410180293693333e-15,7.130151477365049e-24,-1.0,11.0
1608.6979122161865,5977.0,2444.5,13.285714285714286,55.857142857142854,2.5,2.0473104693034353e-12,7.130151477365049e-24,5.9117155615240335e-12,-1.0,8.519182802412949e-16,1.2803834879875266e-15,2.4410180293693333e-15,7.130151477365049e-24,-1.0,11.0
1613.8163480758667,5997.0,2464.5,13.285714285714286,55.857142857142854,2.5,2.0473104693034353e-12,7.130151477365049e-24,5.9117155615240335e-12,-1.0,8.519182802412949e-16,1.2803834879875266e-15,2.4410180293693333e-15,7.130151477365049e-24,-1.0,11.0
1618.937795162201,6017.0,2484.5,13.285714285714286,55.857142857142854,2.5,2.0473104693034353e-12,7.130151477365049e-24,5.9117155615240335e-12,-1.0,8.519182802412949e-16,1.2803834879875266e-15,2.4410180293693333e-15,7.130151477365049e-24,-1.0,11.0
1623.9857261180878,6037.0,2367.285714285714,13.285714285714286,63.214285714285715,2.5,2.024573101759112e-12,7.11291854793686e-24,7.275957614183426e-12,-1.0,8.439881957931373e-16,1.2803834879875266e-15,2.4410180293693333e-15,7.11291854793686e-24,-1.0,11.0
1629.041174173355,6057.0,2387.285714285714,13.285714285714286,63.214285714285715,2.5,2.024573101759112e-12,7.11291854793686e-24,7.275957614183426e-12,-1.0,8.439881957931373e-16,1.2803834879875266e-15,2.4410180293693333e-15,7.11291854793686e-24,-1.0,11.0
1634.1783480644226,6077.0,2407.285714285714,13.285714285714286,63.214285714285715,2.5,2.024573101759112e-12,7.11291854793686e-24,7.275957614183426e-12,-1.0,8.439881957931373e-16,1.2803834879875266e-15,2.4410180293693333e-15,7.11291854793686e-24,-1.0,11.0
1639.3742270469666,6097.0,2427.285714285714,13.285714285714286,63.214285714285715,2.5,2.024573101759112e-12,7.11291854793686e-24,7.275957614183426e-12,-1.0,8.439881957931373e-16,1.2803834879875266e-15,2.4410180293693333e-15,7.11291854793686e-24,-1.0,11.0
1644.5703830718994,6117.0,2447.285714285714,13.285714285714286,63.214285714285715,2.5,2.024573101759112e-12,7.11291854793686e-24,7.275957614183426e-12,-1.0,8.439881957931373e-16,1.2803834879875266e-15,2.4410180293693333e-15,7.11291854793686e-24,-1.0,11.0
1649.6520581245422,6137.0,2467.285714285714,13.285714285714286,63.214285714285715,2.5,2.024573101759112e-12,7.11291854793686e-24,7.275957614183426e-12,-1.0,8.439881957931373e-16,1.2803834879875266e-15,2.4410180293693333e-15,7.11291854793686e-24,-1.0,11.0
1654.7346131801605,6157.0,2487.285714285714,13.285714285714286,63.214285714285715,2.5,2.024573101759112e-12,7.11291854793686e-24,7.275957614183426e-12,-1.0,8.439881957931373e-16,1.2803834879875266e-15,2.4410180293693333e-15,7.11291854793686e-24,-1.0,11.0
1659.8939790725708,6177.0,2507.285714285714,13.285714285714286,63.214285714285715,2.5,2.024573101759112e-12,7.11291854793686e-24,7.275957614183426e-12,-1.0,8.439881957931373e-16,1.2803834879875266e-15,2.4410180293693333e-15,7.11291854793686e-24,-1.0,11.0
1664.8984220027924,6197.0,2527.285714285714,13.285714285714286,63.214285714285715,2.5,2.024573101759112e-12,7.11291854793686e-24,7.275957614183426e-12,-1.0,8.439881957931373e-16,1.2803834879875266e-15,2.4410180293693333e-15,7.11291854793686e-24,-1.0,11.0
1669.9836640357971,6217.0,2547.285714285714,13.285714285714286,63.214285714285715,2.5,2.024573101759112e-12,7.11291854793686e-24,7.275957614183426e-12,-1.0,8.439881957931373e-16,1.2803834879875266e-15,2.4410180293693333e-15,7.11291854793686e-24,-1.0,11.0
1675.0908510684967,6237.0,2567.285714285714,13.285714285714286,63.214285714285715,2.5,2.024573101759112e-12,7.11291854793686e-24,7.275957614183426e-12,-1.0,8.439881957931373e-16,1.2803834879875266e-15,2.4410180293693333e-15,7.11291854793686e-24,-1.0,11.0
1680.2287290096283,6257.0,2587.285714285714,13.285714285714286,63.214285714285715,2.5,2.024573101759112e-12,7.11291854793686e-24,7.275957614183426e-12,-1.0,8.439881957931373e-16,1.2803834879875266e-15,2.4410180293693333e-15,7.11291854793686e-24,-1.0,11.0
1685.3257222175598,6277.0,2367.0,13.285714285714286,63.214285714285715,2.5,2.024573101759112e-12,7.11291854793686e-24,7.275957614183426e-12,-1.0,8.439881957931373e-16,1.2803834879875266e-15,2.4410180293693333e-15,7.11291854793686e-24,-1.0,11.0
1690.4229061603546,6297.0,2387.0,13.285714285714286,63.214285714285715,2.5,2.024573101759112e-12,7.11291854793686e-24,7.275957614183426e-12,-1.0,8.439881957931373e-16,1.2803834879875266e-15,2.4410180293693333e-15,7.11291854793686e-24,-1.0,11.0
1695.5593659877777,6317.0,2407.0,13.285714285714286,63.214285714285715,2.5,2.024573101759112e-12,7.11291854793686e-24,7.275957614183426e-12,-1.0,8.439881957931373e-16,1.2803834879875266e-15,2.4410180293693333e-15,7.11291854793686e-24,-1.0,11.0
1700.6374452114105,6337.0,2427.0,13.285714285714286,63.214285714285715,2.5,2.024573101759112e-12,7.11291854793686e-24,7.275957614183426e-12,-1.0,8.439881957931373e-16,1.2803834879875266e-15,2.4410180293693333e-15,7.11291854793686e-24,-1.0,11.0
1705.8116960525513,6357.0,2447.0,13.285714285714286,63.214285714285715,2.5,2.024573101759112e-12,7.11291854793686e-24,7.275957614183426e-12,-1.0,8.439881957931373e-16,1.2803834879875266e-15,2.4410180293693333e-15,7.11291854793686e-24,-1.0,11.0
1710.9794290065765,6377.0,2484.769230769231,12.692307692307692,68.15384615384616,2.230769230769231,2.024573101759112e-12,7.11291854793686e-24,7.275957614183426e-12,-1.0,8.439881957931373e-16,1.2803834879875266e-15,2.219107299426667e-15,7.11291854793686e-24,-1.0,11.0
1716.0954971313477,6397.0,2504.769230769231,12.692307692307692,68.15384615384616,2.230769230769231,2.024573101759112e-12,7.11291854793686e-24,7.275957614183426e-12,-1.0,8.439881957931373e-16,1.2803834879875266e-15,2.219107299426667e-15,7.11291854793686e-24,-1.0,11.0
1721.1397531032562,6417.0,2524.769230769231,12.692307692307692,68.15384615384616,2.230769230769231,2.024573101759112e-12,7.11291854793686e-24,7.275957614183426e-12,-1.0,8.439881957931373e-16,1.2803834879875266e-15,2.219107299426667e-15,7.11291854793686e-24,-1.0,11.0
1726.243131160736,6437.0,2544.769230769231,12.692307692307692,68.15384615384616,2.230769230769231,2.024573101759112e-12,7.11291854793686e-24,7.275957614183426e-12,-1.0,8.439881957931373e-16,1.2803834879875266e-15,2.219107299426667e-15,7.11291854793686e-24,-1.0,11.0
1731.3277101516724,6457.0,2564.769230769231,12.692307692307692,68.15384615384616,2.230769230769231,2.024573101759112e-12,7.11291854793686e-24,7.275957614183426e-12,-1.0,8.439881957931373e-16,1.2803834879875266e-15,2.219107299426667e-15,7.11291854793686e-24,-1.0,11.0
1736.3427650928497,6477.0,2584.769230769231,12.692307692307692,68.15384615384616,2.230769230769231,2.024573101759112e-12,7.11291854793686e-24,7.275957614183426e-12,-1.0,8.439881957931373e-16,1.2803834879875266e-15,2.219107299426667e-15,7.11291854793686e-24,-1.0,11.0
1741.4260120391846,6497.0,2604.769230769231,12.692307692307692,68.15384615384616,2.230769230769231,2.024573101759112e-12,7.11291854793686e-24,7.275957614183426e-12,-1.0,8.439881957931373e-16,1.2803834879875266e-15,2.219107299426667e-15,7.11291854793686e-24,-1.0,11.0
1746.5316832065582,6517.0,2624.769230769231,12.692307692307692,68.15384615384616,2.230769230769231,2.024573101759112e-12,7.11291854793686e-24,7.275957614183426e-12,-1.0,8.439881957931373e-16,1.2803834879875266e-15,2.219107299426667e-15,7.11291854793686e-24,-1.0,11.0
1751.6681020259857,6537.0,2644.769230769231,12.692307692307692,68.15384615384616,2.230769230769231,2.024573101759112e-12,7.11291854793686e-24,7.275957614183426e-12,-1.0,8.439881957931373e-16,1.2803834879875266e-15,2.219107299426667e-15,7.11291854793686e-24,-1.0,11.0
1756.8288760185242,6557.0,2664.769230769231,12.692307692307692,68.15384615384616,2.230769230769231,2.024573101759112e-12,7.11291854793686e-24,7.275957614183426e-12,-1.0,8.439881957931373e-16,1.2803834879875266e-15,2.219107299426667e-15,7.11291854793686e-24,-1.0,11.0
1762.0669190883636,6577.0,2684.769230769231,12.692307692307692,68.15384615384616,2.230769230769231,2.024573101759112e-12,7.11291854793686e-24,7.275957614183426e-12,-1.0,8.439881957931373e-16,1.2803834879875266e-15,2.219107299426667e-15,7.11291854793686e-24,-1.0,11.0
1767.137403011322,6597.0,2704.769230769231,12.692307692307692,68.15384615384616,2.230769230769231,2.024573101759112e-12,7.11291854793686e-24,7.275957614183426e-12,-1.0,8.439881957931373e-16,1.2803834879875266e-15,2.219107299426667e-15,7.11291854793686e-24,-1.0,11.0
1772.2131671905518,6617.0,2724.769230769231,12.692307692307692,68.15384615384616,2.230769230769231,2.024573101759112e-12,7.11291854793686e-24,7.275957614183426e-12,-1.0,8.439881957931373e-16,1.2803834879875266e-15,2.219107299426667e-15,7.11291854793686e-24,-1.0,11.0
1777.3393211364746,6637.0,2744.769230769231,12.692307692307692,68.15384615384616,2.230769230769231,2.024573101759112e-12,7.11291854793686e-24,7.275957614183426e-12,-1.0,8.439881957931373e-16,1.2803834879875266e-15,2.219107299426667e-15,7.11291854793686e-24,-1.0,11.0
1782.420517206192,6657.0,2764.769230769231,12.692307692307692,68.15384615384616,2.230769230769231,2.024573101759112e-12,7.11291854793686e-24,7.275957614183426e-12,-1.0,8.439881957931373e-16,1.2803834879875266e-15,2.219107299426667e-15,7.11291854793686e-24,-1.0,11.0
1787.5326941013336,6677.0,2784.769230769231,12.692307692307692,68.15384615384616,2.230769230769231,2.024573101759112e-12,7.11291854793686e-24,7.275957614183426e-12,-1.0,8.439881957931373e-16,1.2803834879875266e-15,2.219107299426667e-15,7.11291854793686e-24,-1.0,11.0
1792.6019570827484,6697.0,2605.5,11.857142857142858,63.42857142857143,2.0714285714285716,2.024573101759112e-12,7.11291854793686e-24,7.275957614183426e-12,-1.0,8.439881957931373e-16,1.2803834879875266e-15,2.219107299426667e-15,7.11291854793686e-24,-1.0,11.0
1797.6798901557922,6717.0,2625.5,11.857142857142858,63.42857142857143,2.0714285714285716,2.024573101759112e-12,7.11291854793686e-24,7.275957614183426e-12,-1.0,8.439881957931373e-16,1.2803834879875266e-15,2.219107299426667e-15,7.11291854793686e-24,-1.0,11.0
