max_are,compl,dim_penalty,age,minus_spearman,valid,max_ae,q75_are,n_params,eqs_orig,minus_r2,mse,mare,ms_processed_e,recursive_compl,mae,eqs_orig_rounded
0.6561754343525373,11.0,0,1.0,-1.0,true,0.573990890786702,0.17940314409820646,3.0,((1002.11231388857+v1)/((-2073.14450458592+v1)/(0.715369591854635-v1))),-0.9652184689793726,0.05196774387979568,0.1608589990872376,0.05196774387979568,31.0,0.14249054775462253,((1000.0+v1)/((-2070.0+v1)/(0.715-v1)))
0.6557616284815381,17.0,0,0.0,-1.0,true,0.5735588717533497,0.18071559529296596,5.0,((1002.1117392267+v1)/(((-2073.10145997026+v1)+(-4367.41140415165/(-7506.7899984837-v1)))/(0.716077194696094-v1))),-0.9652663331600989,0.05189622910134828,0.16118851903053016,0.05189622910134828,67.0,0.14249427675968762,((1000.0+v1)/(((-2070.0+v1)+(-4370.0/(-7510.0-v1)))/(0.716-v1)))
0.22339410707032303,18.0,0,0.0,-1.0,true,0.08400699775497505,0.02413692096589177,5.0,((v1+(exp(v1)-(-1002.64254301829+(1166.0396648433/(1.82619226496698-v1)))))/(-2153.82047687872/(1.91853137349651-v1))),-0.9991445776104455,0.0012781027845797015,0.03803672675948567,0.0012781027845797015,45.0,0.021252694831174222,((v1+(exp(v1)-(-1000.0+(1170.0/(1.83-v1)))))/(-2150.0/(1.92-v1)))
0.04349274196661434,20.0,0,8.0,-1.0,true,0.05508190621298015,0.01947725733103074,5.0,((v1+(exp(v1)-(-1003.30285444216+(1129.41445487162/(1.78894346057366-v1)))))/((-2167.19664446973+v1)/(1.87762188522168-v1))),-0.9997043085888636,0.00044179813454087375,0.014544647038446011,0.00044179813454087375,111.0,0.01291962106461873,((v1+(exp(v1)-(-1000.0+(1130.0/(1.79-v1)))))/((-2170.0+v1)/(1.88-v1)))
0.04438258832908919,20.0,0,0.0,-1.0,true,0.05519089577329073,0.019526541095796424,5.0,((exp(v1)+(v1-(-1003.3027027799+(1129.39169277824/(1.78895563767191-v1)))))/((-2167.05101842941+v1)/(1.87774781433062-v1))),-0.9997024276664355,0.00044460845634490006,0.014684288958687923,0.00044460845634490006,111.0,0.01297113812394764,((exp(v1)+(v1-(-1000.0+(1130.0/(1.79-v1)))))/((-2170.0+v1)/(1.88-v1)))
0.04440850391246576,20.0,0,20.0,-1.0,true,0.055190010283478586,0.019526206832367374,5.0,(((v1+exp(v1))-(-1003.30271162379+(1129.40073552734/(1.78896433369332-v1))))/((-2167.05069980663+v1)/(1.87775620661401-v1))),-0.9997024086208285,0.0004446369127468436,0.014687350341848447,0.0004446369127468436,111.0,0.012972222540056925,(((v1+exp(v1))-(-1000.0+(1130.0/(1.79-v1))))/((-2170.0+v1)/(1.88-v1)))
0.5400446927799922,20.0,0,0.0,-1.0,true,0.20308294560193385,0.08379401885926162,5.0,(((v1+exp(v1))--1002.26088007341)/((v1+(-2289.39368929448+(-895.687182170471/(-6444.24426628802-v1))))/(0.690633111606532-v1))),-0.9949479249922478,0.007548400900140806,0.10595088021169295,0.007548400900140806,155.0,0.05189705116005558,(((v1+exp(v1))--1000.0)/((v1+(-2290.0+(-896.0/(-6440.0-v1))))/(0.691-v1)))
0.04430860652953202,20.0,0,2.0,-1.0,true,0.05519274861721435,0.019527202734762973,5.0,((v1+(exp(v1)-(-1003.30267974845+(1129.36749001826/(1.78893219599094-v1)))))/((-2167.05258110533+v1)/(1.8777246387641-v1))),-0.9997024879442236,0.0004445183941607859,0.014675383546626362,0.0004445183941607859,111.0,0.012967973802374005,((v1+(exp(v1)-(-1000.0+(1130.0/(1.79-v1)))))/((-2170.0+v1)/(1.88-v1)))
0.3282693229738557,20.0,0,0.0,-1.0,true,0.12344515546871987,0.021018540863779953,5.0,(((v1--1003.35325886331)+(exp(v1)-(1187.05515966557/(1.84605088616065-v1))))/((-2158.59387209014+v1)/(1.93755186177028-v1))),-0.9984597820351427,0.002301268816179896,0.050183789073375,0.002301268816179896,111.0,0.025854460017002503,(((v1--1000.0)+(exp(v1)-(1190.0/(1.85-v1))))/((-2160.0+v1)/(1.94-v1)))
0.027840885006545836,22.0,0,11.0,-1.0,true,0.05566487360136563,0.01969984696744401,5.0,((v1+(exp(v1)-(-1002.29726161839+((1121.93953658829+v1)/(1.78347877294244-v1)))))/((-2167.36257638826+v1)/(1.87237402413379-v1))),-0.9997121259456093,0.0004301180738518573,0.012707464472086717,0.0004301180738518573,171.0,0.012270516993518346,((v1+(exp(v1)-(-1000.0+((1120.0+v1)/(1.78-v1)))))/((-2170.0+v1)/(1.87-v1)))
0.540028629195877,22.0,0,0.0,-1.0,true,0.20307690491674124,0.08381148702046652,5.0,((v1+(1002.26094989487+exp(v1)))/((v1+(-2289.32877113814+(-69.658439221616/(-1874.44995646908+(v1*v1)))))/(0.690625800254592-v1))),-0.9949491673308922,0.00754654469845591,0.10594773721759894,0.00754654469845591,218.0,0.05189079570359571,((v1+(1000.0+exp(v1)))/((v1+(-2290.0+(-69.7/(-1870.0+(v1*v1)))))/(0.691-v1)))
0.5400491220980306,22.0,0,0.0,-1.0,true,0.2030846112399195,0.08379925298966458,5.0,((v1+(exp(v1)-(-1114.60963360628+(657.054340755469/((5.84834682663516+v1)-v1)))))/((-2289.2609518152+v1)/(0.69062582091123-v1))),-0.9949479617162561,0.007548346030105022,0.10595077926674355,0.007548346030105022,131.0,0.05189706377331919,((v1+(exp(v1)-(-1110.0+(657.0/((5.85+v1)-v1)))))/((-2290.0+v1)/(0.691-v1)))
0.0627814092836157,22.0,0,0.0,-1.0,true,0.05796424302458458,0.02225437962074306,5.0,((v1+(exp(v1)-(-1004.29783283822+((1129.48968841877-v1)/(1.78816693291191-v1)))))/((-2163.5389301628+v1)/(1.87976882820495-v1))),-0.9996535943104613,0.0005175712978757445,0.01769526303985028,0.0005175712978757445,171.0,0.014087231533392044,((v1+(exp(v1)-(-1000.0+((1130.0-v1)/(1.79-v1)))))/((-2160.0+v1)/(1.88-v1)))
0.5401117417542937,22.0,0,0.0,-1.0,true,0.20310815926180825,0.08359600078626225,6.0,((v1+(exp(v1)--1002.26093741788))/((v1+(-2289.31049049726+(-1969.11823676051/(-2090.33194327568-(-11284.0357342512*v1)))))/(0.690489214911462-v1))),-0.9949481438120781,0.007548073957290517,0.10590350841542585,0.007548073957290517,176.0,0.05188632333008546,((v1+(exp(v1)--1000.0))/((v1+(-2290.0+(-1970.0/(-2090.0-(-11300.0*v1)))))/(0.69-v1)))
0.5400490460835221,22.0,0,0.0,-1.0,true,0.2030845826547848,0.08379911225118432,6.0,((v1+(1002.26090311428+exp(v1)))/((v1+(-2289.41875403201+(1853.63557019845/(11732.5289842881-(v1/531.996941714)))))/(0.690625993564187-v1))),-0.9949479590627887,0.007548349994700955,0.10595078480702669,0.007548349994700955,176.0,0.051897071775826746,((v1+(1000.0+exp(v1)))/((v1+(-2290.0+(1850.0/(11700.0-(v1/532.0)))))/(0.691-v1)))
0.04420319452928718,22.0,0,6.0,-1.0,true,0.055328056324142505,0.019557489635270632,6.0,(((v1-0.236308193402604)+(exp(v1)-(-1003.53802778537+(1129.00506974028/(1.78864848955518-v1)))))/((-2166.91917067482+v1)/(1.87754745648934-v1))),-0.9997014013946328,0.0004461418284717278,0.014659210215732806,0.0004461418284717278,121.0,0.012957275109473289,(((v1-0.236)+(exp(v1)-(-1000.0+(1130.0/(1.79-v1)))))/((-2170.0+v1)/(1.88-v1)))
0.0443901415138674,22.0,0,1.0,-1.0,true,0.055191140741558176,0.019527102532380602,5.0,((v1+(exp(v1)-(-1002.30270361113+((1127.60370074241+v1)/(1.78895628438519-v1)))))/((-2167.05046770802+v1)/(1.87774921449803-v1))),-0.9997024176473693,0.00044462342602130396,0.014685477945915808,0.00044462342602130396,171.0,0.012971519922462125,((v1+(exp(v1)-(-1000.0+((1130.0+v1)/(1.79-v1)))))/((-2170.0+v1)/(1.88-v1)))
0.026887527192295316,22.0,0,0.0,-1.0,true,0.05571430747932071,0.015606388945929634,5.0,((exp(v1)+(v1-(-1003.29161569585+(2234.75167105494/((3.55355171163416-v1)-v1)))))/((-2168.56808495087+v1)/(1.86525212322188-v1))),-0.9997202042691458,0.0004180480977410056,0.009850001138203324,0.0004180480977410056,131.0,0.011231481120006912,((exp(v1)+(v1-(-1000.0+(2230.0/((3.55-v1)-v1)))))/((-2170.0+v1)/(1.87-v1)))
0.07035317930334319,24.0,0,0.0,-1.0,true,0.059946303141252155,0.022231002173846787,6.0,((v1+(exp(v1)-(-1003.70927927202+(1128.29347637602/(1.78870870782327-v1)))))/((-2165.89937644579+((v1+v1)/1.25257146431359))/(1.88099251114021-v1))),-0.9996235202713247,0.0005625054890230879,0.01849958236747252,0.0005625054890230879,210.0,0.014493351422068156,((v1+(exp(v1)-(-1000.0+(1130.0/(1.79-v1)))))/((-2170.0+((v1+v1)/1.25))/(1.88-v1)))
0.5400483114815491,24.0,0,0.0,-1.0,true,0.2030843064088842,0.08379978778553293,6.0,((v1+(exp(v1)--1002.26087684361))/((-2289.22813573203+(v1+(((-3662.63908194403-v1)/-584.14264384218)/(-183.368202928203-v1))))/(0.690625887716235-v1))),-0.9949479854951063,0.007548310501674716,0.10595072968677377,0.007548310501674716,344.0,0.05189693345960074,((v1+(exp(v1)--1000.0))/((-2290.0+(v1+(((-3660.0-v1)/-584.0)/(-183.0-v1))))/(0.691-v1)))
0.039201327068168854,24.0,0,1.0,-1.0,true,0.059904660384751285,0.020166093637936682,7.0,(((1.36582632602853+v1)+(exp(v1)-(-1002.79091702583+(1123.55528833288/(1.78332042200547-v1)))))/((-2172.37741040696+(2.24863925605573*v1))/(1.87364325765781-v1))),-0.9996654972426511,0.0004997869015795652,0.013790392535700297,0.0004997869015795652,157.0,0.012893098881109566,(((1.37+v1)+(exp(v1)-(-1000.0+(1120.0/(1.78-v1)))))/((-2170.0+(2.25*v1))/(1.87-v1)))
0.026140005239549676,24.0,0,5.0,-1.0,true,0.05634967924980172,0.016885579873153585,7.0,((v1+(exp(v1)-(-1003.28931732362+(1115.43892550907/(1.77547808139744-v1)))))/((-2168.19963363552+(v1+(-8.92355067568998/-24.2425178047391)))/(1.86450494775538-v1))),-0.9997145083255476,0.0004265585148897926,0.009985716982973606,0.0004265585148897926,177.0,0.011309947928810134,((v1+(exp(v1)-(-1000.0+(1120.0/(1.78-v1)))))/((-2170.0+(v1+(-8.92/-24.2)))/(1.86-v1)))
0.06275253575136139,24.0,0,15.0,-1.0,true,0.05771299105902017,0.02182066343248029,6.0,((v1+(exp(v1)-(-1004.29912831244+((1130.31804220708-v1)/(1.78884534826179-v1)))))/((-2189.12428213306+(25.3052120338996+v1))/(1.8801472388302-v1))),-0.9996560395281939,0.0005139178517757029,0.01764041688791167,0.0005139178517757029,222.0,0.014074330139085496,((v1+(exp(v1)-(-1000.0+((1130.0-v1)/(1.79-v1)))))/((-2190.0+(25.3+v1))/(1.88-v1)))
0.5401670993727203,24.0,0,0.0,-1.0,true,0.20312897640594818,0.08365147268328274,7.0,(((v1--506.317842902916)+(exp(v1)--495.943226373955))/((-2289.50132336444+(v1+(1363.22978047569/(1940.26132363433+(1024.57188343877*v1)))))/(0.690583748180217-v1))),-0.9949482557469551,0.007547906713271857,0.10592844804430872,0.007547906713271857,201.0,0.051892081854712765,(((v1--506.0)+(exp(v1)--496.0))/((-2290.0+(v1+(1360.0/(1940.0+(1020.0*v1)))))/(0.691-v1)))
0.02256459069650074,24.0,0,2.0,-1.0,true,0.06317240573447469,0.018068476392133416,5.0,((v1+(exp(v1)-(-1004.65995501718+(1109.63570593/(1.76977487592894-v1)))))/((v1+(-2176.74024852782+(v1+v1)))/(1.86075278938069-v1))),-0.9996512988982558,0.0005210009167020541,0.009499243206086652,0.0005210009167020541,243.0,0.011544445057685274,((v1+(exp(v1)-(-1000.0+(1110.0/(1.77-v1)))))/((v1+(-2180.0+(v1+v1)))/(1.86-v1)))
0.020655684477146,24.0,0,14.0,-1.0,true,0.01847339544412563,0.0014677870635734413,7.0,((v1+(exp(v1)-(-1002.64386341204+(1140.88323969135/(1.80163838354936-v1)))))/((-2192.18621288024+(13.5976370044668/(5.37660282866158-v1)))/(1.88085319723623-v1))),-0.999966401522046,5.02001218988989e-5,0.0033155271012575817,5.02001218988989e-5,177.0,0.0032804363140314305,((v1+(exp(v1)-(-1000.0+(1140.0/(1.8-v1)))))/((-2190.0+(13.6/(5.38-v1)))/(1.88-v1)))
0.039268901272760524,24.0,0,0.0,-1.0,true,0.0626926128651677,0.020880241854922953,6.0,((v1+(exp(v1)-(-1004.52189689927+(1119.83600594083/(1.77983524612416-v1)))))/((-2173.85049566172+(v1+(1.784657296431*v1)))/(1.8715859743153-v1))),-0.9996380765285193,0.0005407567096124179,0.01395890468904599,0.0005407567096124179,210.0,0.013072663736669828,((v1+(exp(v1)-(-1000.0+(1120.0/(1.78-v1)))))/((-2170.0+(v1+(1.78*v1)))/(1.87-v1)))
0.2264916647278717,24.0,0,1.0,-1.0,true,0.08517182937294465,0.024111239280143866,6.0,((v1+(exp(v1)-(-1002.64316221329+(1166.6910995292/(1.82682511442433-v1)))))/((-2173.79515610604+(v1+(20.017653455365-v1)))/(1.91915404986389-v1))),-0.9991285281774417,0.00130208254623155,0.038414247403413516,0.00130208254623155,210.0,0.021389744401668815,((v1+(exp(v1)-(-1000.0+(1170.0/(1.83-v1)))))/((-2170.0+(v1+(20.0-v1)))/(1.92-v1)))
0.017197016918379382,25.0,0,10.0,-1.0,true,0.0429166154644971,0.008523106307470562,7.0,((v1+(exp(v1)-(-1002.63947343096+(1148.40512409368/(1.80535202811791-v1)))))/((-2172.99916257413+(26.2928943776982/(16.4206254190771-exp(v1))))/(1.88274068270909-v1))),-0.9998171458926023,0.00027320578312032255,0.007403842655082704,0.00027320578312032255,243.0,0.009928440913929405,((v1+(exp(v1)-(-1000.0+(1150.0/(1.81-v1)))))/((-2170.0+(26.3/(16.4-exp(v1))))/(1.88-v1)))
0.01482650024417288,25.0,0,3.0,-1.0,true,0.03244749783149459,0.004130463931561548,5.0,(((v1+sqrt_abs((v1-v1)))+(exp(v1)-(-1003.32487520961+(1133.33931841857/(1.79368374832556-v1)))))/((-2195.04994644072+v1)/(1.8734002846272-v1))),-0.9998761723339757,0.00018501325974890743,0.0036989453346118013,0.00018501325974890743,271.0,0.00755320852381916,(((v1+sqrt_abs((v1-v1)))+(exp(v1)-(-1000.0+(1130.0/(1.79-v1)))))/((-2200.0+v1)/(1.87-v1)))
0.06917304048424551,26.0,0,1.0,-1.0,true,0.055555763403003944,0.019706947939519454,8.0,((v1+(0.30651730379151+(exp(v1)-(-1003.00012870841+(1134.96486723455/(1.79463350156959-v1))))))/((v1+(-2165.64542011115+(-1.09845943236261/-24.9713117873393)))/(1.88418537799113-v1))),-0.9996661244874626,0.0004988497232335602,0.01787931463393674,0.0004988497232335602,193.0,0.01411665950340131,((v1+(0.307+(exp(v1)-(-1000.0+(1130.0/(1.79-v1))))))/((v1+(-2170.0+(-1.1/-25.0)))/(1.88-v1)))
5.033754872808385e-5,26.0,0,84.0,-1.0,true,1.8929354934416054e-5,3.5098866310126195e-6,7.0,((v1+(exp(v1)-(-1003.32492067997+(1133.38274435169/(1.79372627790072-v1)))))/(((-2195.05322181414+v1)+(9.68801984405209/(5.29830819466912-v1)))/(1.87344185535589-v1))),-0.999999999961375,5.771037112461246e-11,7.8931126385356e-6,5.771037112461246e-11,243.0,4.16496550884049e-6,((v1+(exp(v1)-(-1000.0+(1130.0/(1.79-v1)))))/(((-2200.0+v1)+(9.69/(5.3-v1)))/(1.87-v1)))
1.2508077542511643e-5,26.0,0,176.0,-1.0,true,6.384969715167443e-6,2.1527390211389284e-6,7.0,((exp(v1)+(v1-(-1003.32489668297+(1133.35801497114/(1.79370233464736-v1)))))/((v1+(-2195.05426571058+(9.6899092938544/(5.29836504184116-v1))))/(1.87341913410588-v1))),-0.9999999999944019,8.364192884217214e-12,2.5341457895566124e-6,8.364192884217214e-12,243.0,1.8350011507309305e-6,((exp(v1)+(v1-(-1000.0+(1130.0/(1.79-v1)))))/((v1+(-2200.0+(9.69/(5.3-v1))))/(1.87-v1)))
5.3480188597084885e-5,26.0,0,212.0,-1.0,true,2.0111139646117326e-5,3.4727492031728156e-6,7.0,(((v1+exp(v1))-(-1003.32492176916+(1133.3838684546/(1.79372737424983-v1))))/((v1+(-2195.05317852091+(9.68805786412916/(5.29830915908599-v1))))/(1.87344293020155-v1))),-0.9999999999578788,6.293401368039481e-11,8.295154390325293e-6,6.293401368039481e-11,243.0,4.291981716961213e-6,(((v1+exp(v1))-(-1000.0+(1130.0/(1.79-v1))))/((v1+(-2200.0+(9.69/(5.3-v1))))/(1.87-v1)))
2.9040777459863246e-5,26.0,0,25.0,-1.0,true,1.0920738057362822e-5,2.263619597977041e-6,7.0,((v1+(exp(v1)-(-1003.32489110806+(1133.35221172683/(1.79369666610958-v1)))))/((-2195.05454754198+(v1+(9.68970043901933/(5.29835942689414-v1))))/(1.87341353755326-v1))),-0.999999999984951,2.2484877564512243e-11,4.5638000213266195e-6,2.2484877564512243e-11,243.0,2.718799487360507e-6,((v1+(exp(v1)-(-1000.0+(1130.0/(1.79-v1)))))/((-2200.0+(v1+(9.69/(5.3-v1))))/(1.87-v1)))
3.882407166083032e-5,26.0,0,93.0,-1.0,true,1.4599730241871e-5,2.4273668394312375e-6,7.0,((exp(v1)+(v1-(-1003.32489033165+(1133.35051875694/(1.79369490907832-v1)))))/((-2195.05574714602+(v1+(9.68965340073325/(5.298352172452-v1))))/(1.87341115938769-v1))),-0.9999999999778392,3.311089716907272e-11,5.940360546830819e-6,3.311089716907272e-11,243.0,3.1030569767678817e-6,((exp(v1)+(v1-(-1000.0+(1130.0/(1.79-v1)))))/((-2200.0+(v1+(9.69/(5.3-v1))))/(1.87-v1)))
1.60834335949465e-5,26.0,0,148.0,-1.0,true,6.048149557846827e-6,2.061049797451264e-6,7.0,((v1+(exp(v1)-(-1003.32489557353+(1133.35678123394/(1.79370113151159-v1)))))/((v1+(-2195.05443479306+(9.69003682622566/(5.29836820477294-v1))))/(1.87341793414742-v1))),-0.9999999999935836,9.586937271301276e-12,2.9617090492082342e-6,9.586937271301276e-12,243.0,1.952700297732507e-6,((v1+(exp(v1)-(-1000.0+(1130.0/(1.79-v1)))))/((v1+(-2200.0+(9.69/(5.3-v1))))/(1.87-v1)))
4.336210826791947e-5,26.0,0,50.0,-1.0,true,1.6306251671927008e-5,2.8107735121387274e-6,7.0,((exp(v1)+(v1-(-1003.32488700342+(1133.34827556531/(1.79369272261614-v1)))))/(((-2195.05420652993+v1)+(9.68731158192852/(5.29829366763488-v1)))/(1.87340929155405-v1))),-0.9999999999567522,6.461745374294632e-11,6.612635603911119e-6,6.461745374294632e-11,243.0,4.335039944406566e-6,((exp(v1)+(v1-(-1000.0+(1130.0/(1.79-v1)))))/(((-2200.0+v1)+(9.69/(5.3-v1)))/(1.87-v1)))
0.16610258393445987,26.0,0,13.0,-1.0,true,0.062462611832841075,0.024667773947826533,7.0,(((0.60254869503634+v1)+(exp(v1)-(-1002.02763939484+(1153.04710840539/(1.81358257817046-v1)))))/((-2175.78083036099+(v1+(21.1184173211604-v1)))/(1.90612173958722-v1))),-0.9993996130989563,0.0008970494336123846,0.031070087179612692,0.0008970494336123846,229.0,0.01873166910459277,(((0.603+v1)+(exp(v1)-(-1000.0+(1150.0/(1.81-v1)))))/((-2180.0+(v1+(21.1-v1)))/(1.91-v1)))
1.4003660026305382e-5,26.0,0,40.0,-1.0,true,6.071729427681305e-6,2.304278410737468e-6,7.0,(((v1+exp(v1))-(-1003.32489850817+(1133.35915574237/(1.79370334895931-v1))))/((-2195.05516320322+(v1+(9.68973864774933/(5.29835485052664-v1))))/(1.87341952356985-v1))),-0.9999999999942969,8.521123358204802e-12,2.903540938278135e-6,8.521123358204802e-12,243.0,1.8736482760781104e-6,(((v1+exp(v1))-(-1000.0+(1130.0/(1.79-v1))))/((-2200.0+(v1+(9.69/(5.3-v1))))/(1.87-v1)))
0.025721007432220545,26.0,0,1.0,-1.0,true,0.05598172901031484,0.018427560373432558,7.0,((v1+(exp(v1)-(-1003.29437157879+(1121.04266531852/(1.78091458306399-v1)))))/((-2167.06001003805+(v1+(-4.24687046355021/(5.18133718300503+v1))))/(1.86985063672551-v1))),-0.9997135365615077,0.0004280104459364539,0.011775629017645164,0.0004280104459364539,243.0,0.011949480216018885,((v1+(exp(v1)-(-1000.0+(1120.0/(1.78-v1)))))/((-2170.0+(v1+(-4.25/(5.18+v1))))/(1.87-v1)))
0.020297570433952982,26.0,0,1.0,-1.0,true,0.050686220040667695,0.014985230826195853,7.0,((v1+(exp(v1)-(-1003.30315684882+(1124.1783133233/(1.78249488525273-v1)))))/((v1+(-2173.53508112573+(-6.29468427339613/(3.59383543644981+v1))))/(1.86588874605354-v1))),-0.9997594645880451,0.0003593885121123719,0.009529245213197592,0.0003593885121123719,243.0,0.011153404123184964,((v1+(exp(v1)-(-1000.0+(1120.0/(1.78-v1)))))/((v1+(-2170.0+(-6.29/(3.59+v1))))/(1.87-v1)))
2.797413697479621e-5,26.0,0,84.0,-1.0,true,1.051962960374464e-5,2.27954905949008e-6,7.0,((v1+(exp(v1)-(-1003.324894247+(1133.35426040625/(1.79369858815254-v1)))))/((v1+(-2195.05604276354+(9.69070008819032/(5.29837934616829-v1))))/(1.8734147916936-v1))),-0.9999999999896885,1.540657721272381e-11,4.530692309210661e-6,1.540657721272381e-11,243.0,2.1443449813238202e-6,((v1+(exp(v1)-(-1000.0+(1130.0/(1.79-v1)))))/((v1+(-2200.0+(9.69/(5.3-v1))))/(1.87-v1)))
3.2941207120445945e-5,26.0,0,17.0,-1.0,true,2.007940616577386e-5,3.4301735259932226e-6,7.0,((v1+(exp(v1)-(-1003.32489128575+(1133.35288727091/(1.79369714187818-v1)))))/((-2195.05370089469+(v1+(9.68586941002207/(5.29825335368168-v1))))/(1.87341334128984-v1))),-0.9999999999532879,6.979340038367656e-11,5.557764734757171e-6,6.979340038367656e-11,243.0,4.37610586520587e-6,((v1+(exp(v1)-(-1000.0+(1130.0/(1.79-v1)))))/((-2200.0+(v1+(9.69/(5.3-v1))))/(1.87-v1)))
0.04263210019176193,26.0,0,6.0,-1.0,true,0.05531965716292886,0.01928359085230062,7.0,(((v1+exp(v1))-(-1003.30133983854+(1129.49762922975/(1.7890646575634-v1))))/((-2164.839999158+(v1+(-30.1879976927546/(7.24337155374903+v1))))/(1.87752706482885-v1))),-0.9997035698312419,0.000442901926287643,0.014187301156302628,0.000442901926287643,243.0,0.01282558623511127,(((v1+exp(v1))-(-1000.0+(1130.0/(1.79-v1))))/((-2160.0+(v1+(-30.2/(7.24+v1))))/(1.88-v1)))
2.463677221934448e-5,26.0,0,145.0,-1.0,true,9.264618908988442e-6,1.7606879312527418e-6,7.0,((v1+(exp(v1)-(-1003.32489402011+(1133.35448946007/(1.79369886635938-v1)))))/(((-2195.05544366751+v1)+(9.6907490434331/(5.2983839851017-v1)))/(1.87341541512036-v1))),-0.9999999999915927,1.2561481953002753e-11,4.021225294347596e-6,1.2561481953002753e-11,243.0,2.022936406970155e-6,((v1+(exp(v1)-(-1000.0+(1130.0/(1.79-v1)))))/(((-2200.0+v1)+(9.69/(5.3-v1)))/(1.87-v1)))
0.41100253473131976,26.0,0,1.0,-1.0,true,0.14434791311598894,0.22795517415422317,7.0,(((7.01490851780856+v1)+(exp(v1)-(-1008.4399992168+(14834.5332439523/(2.97671899141413-v1)))))/((v1+(33440.4592440151/(2.97701778989296-v1)))/(0.742333818065568-v1))),-0.9958853826914782,0.00614772760652263,0.13116188092802886,0.00614772760652263,229.0,0.056341168845158406,(((7.01+v1)+(exp(v1)-(-1010.0+(14800.0/(2.98-v1)))))/((v1+(33400.0/(2.98-v1)))/(0.742-v1)))
5.451988129659237e-5,26.0,0,291.0,-1.0,true,2.0502114427944917e-5,4.515971520903611e-6,7.0,(((v1+exp(v1))-(-1003.32492144448+(1133.38429374672/(1.79372775112709-v1))))/((v1+(-2195.05208805961+(9.68606758314361/(5.29825759176884-v1))))/(1.87344332792258-v1))),-0.9999999999411884,8.787163823373156e-11,8.592383567142127e-6,8.787163823373156e-11,243.0,5.165630198051413e-6,(((v1+exp(v1))-(-1000.0+(1130.0/(1.79-v1))))/((v1+(-2200.0+(9.69/(5.3-v1))))/(1.87-v1)))
0.05713969170028545,26.0,0,30.0,-1.0,true,0.021487289952884903,0.000662438654171665,8.0,((v1+(exp(v1)-(-1002.6537959106+(1152.34115044146/(1.81277296753753-v1)))))/((-2190.03405783299+(32.00328939698/(15.8866200294127-(2.9925392515623*v1))))/(1.89181329513162-v1))),-0.9999555887554078,6.635568120857169e-5,0.007473355588510974,6.635568120857169e-5,210.0,0.003725922418935986,((v1+(exp(v1)-(-1000.0+(1150.0/(1.81-v1)))))/((-2190.0+(32.0/(15.9-(2.99*v1))))/(1.89-v1)))
0.047311477725369804,26.0,0,3.0,-1.0,true,0.05600252690564078,0.01984856175677859,7.0,((v1+(exp(v1)-(-1004.30210185833+((1131.01127511681-v1)/(1.78890861319106-v1)))))/((-2170.1007818873+(v1+(32.8814449615045/8.53398176721267)))/(1.87812952298598-v1))),-0.999691908863279,0.00046032479925222893,0.015236669077107152,0.00046032479925222893,273.0,0.013218735619649428,((v1+(exp(v1)-(-1000.0+((1130.0-v1)/(1.79-v1)))))/((-2170.0+(v1+(32.9/8.53)))/(1.88-v1)))
2.5609542870972105e-5,26.0,0,73.0,-1.0,true,9.63042776142009e-6,3.2809592313006315e-6,7.0,((v1+(exp(v1)-(-1003.32491321412+(1133.37432980136/(1.79371806511026-v1)))))/((-2195.05450870262+(v1+(9.6890095538897/(5.29833256531608-v1))))/(1.87343361902286-v1))),-0.9999999999878585,1.8140923751343865e-11,4.673203837065467e-6,1.8140923751343865e-11,243.0,2.6053981865420406e-6,((v1+(exp(v1)-(-1000.0+(1130.0/(1.79-v1)))))/((-2200.0+(v1+(9.69/(5.3-v1))))/(1.87-v1)))
0.03936789926066614,26.0,0,0.0,-1.0,true,0.06121287822175825,0.020188730539564055,7.0,(((0.620375358041646+v1)+(exp(v1)-(-1003.89173261736+(1123.30838962033/(1.78290227677767-v1)))))/((v1+(-2175.09269431301+(1.76399822650887*v1)))/(1.87334696225667-v1))),-0.9996531915016846,0.0005181731420937458,0.013582654033339673,0.0005181731420937458,229.0,0.012912824008669662,(((0.62+v1)+(exp(v1)-(-1000.0+(1120.0/(1.78-v1)))))/((v1+(-2180.0+(1.76*v1)))/(1.87-v1)))
0.1667983827580583,26.0,0,0.0,-1.0,true,0.06272426587098251,0.024660943176739954,7.0,(((v1-0.569256595513355)+(exp(v1)-(-1003.19960528741+(1153.2160181605/(1.81374643516636-v1)))))/((-2180.13609702762+(v1+(25.4847526877689-v1)))/(1.90628321808245-v1))),-0.9993969898801529,0.0009009688344815636,0.031154553502269835,0.0009009688344815636,229.0,0.018762144242440566,(((v1-0.569)+(exp(v1)-(-1000.0+(1150.0/(1.81-v1)))))/((-2180.0+(v1+(25.5-v1)))/(1.91-v1)))
9.176855018228423e-5,26.0,0,0.0,-1.0,true,3.45094169682536e-5,2.6544779612931087e-6,7.0,((v1+(exp(v1)-(-1003.3248732573+(1133.33247488173/(1.79367727173025-v1)))))/((v1+(-2195.05700076434+(9.68900890011389/(5.29833255605906-v1))))/(1.87339353433393-v1))),-0.9999999998913072,1.623999883970999e-10,1.2505249682222227e-5,1.623999883970999e-10,243.0,5.886435060293432e-6,((v1+(exp(v1)-(-1000.0+(1130.0/(1.79-v1)))))/((v1+(-2200.0+(9.69/(5.3-v1))))/(1.87-v1)))
9.110575884289033e-5,26.0,0,143.0,-1.0,true,3.426017534191583e-5,2.68855852624547e-6,7.0,((exp(v1)+(v1-(-1003.32486830743+(1133.33024104333/(1.79367516148538-v1)))))/((-2195.0532087703+(v1+(9.68466238887483/(5.2982283620141-v1))))/(1.87339246249355-v1))),-0.9999999998401781,2.3879302255592334e-10,1.2691136280325825e-5,2.3879302255592334e-10,243.0,7.868983674590851e-6,((exp(v1)+(v1-(-1000.0+(1130.0/(1.79-v1)))))/((-2200.0+(v1+(9.68/(5.3-v1))))/(1.87-v1)))
0.00014163058141074194,26.0,0,82.0,-1.0,true,5.3259954305162616e-5,2.1806354522581614e-6,7.0,((exp(v1)+(v1-(-1003.32485471814+(1133.31429910898/(1.79365951975023-v1)))))/(((-2195.05636149314+v1)+(9.68633990022529/(5.29826503806898-v1)))/(1.8733763029143-v1))),-0.9999999997239931,4.1238707525596304e-10,1.8717421778247443e-5,4.1238707525596304e-10,243.0,9.43915764710021e-6,((exp(v1)+(v1-(-1000.0+(1130.0/(1.79-v1)))))/(((-2200.0+v1)+(9.69/(5.3-v1)))/(1.87-v1)))
0.04008057299279352,26.0,0,1.0,-1.0,true,0.061660526561127416,0.02098786136742283,6.0,((v1+(exp(v1)-(-1004.16043211085+(1119.65175572966/(1.77992335147031-v1)))))/(((-2170.76175225413+v1)+((2.26145720186678*v1)-v1))/(1.87183291586373-v1))),-0.9996469815856719,0.0005274514951563125,0.014373735876282129,0.0005274514951563125,276.0,0.013131662317578598,((v1+(exp(v1)-(-1000.0+(1120.0/(1.78-v1)))))/(((-2170.0+v1)+((2.26*v1)-v1))/(1.87-v1)))
0.04640497446841695,26.0,0,1.0,-1.0,true,0.05553261436130308,0.01967547545898345,7.0,((v1+(exp(v1)-(-1002.30230431766+((1127.50075178637+v1)/(1.7889362388547-v1)))))/(((-2169.36085838873+v1)+(38.6304653332444/14.2493683996986))/(1.87801044465338-v1))),-0.9996972136262273,0.00045239885251691694,0.01502289999300466,0.00045239885251691694,273.0,0.013103882564603039,((v1+(exp(v1)-(-1000.0+((1130.0+v1)/(1.79-v1)))))/(((-2170.0+v1)+(38.6/14.2))/(1.88-v1)))
6.432299656435098e-5,26.0,0,37.0,-1.0,true,2.418856029301475e-5,2.7417420741030156e-6,7.0,((v1+(exp(v1)-(-1003.32488407967+(1133.34213822638/(1.79368676745813-v1)))))/((v1+(-2195.05874816313+(9.69334311443804/(5.29844478485159-v1))))/(1.87340280933751-v1))),-0.9999999999479872,7.771342790116439e-11,9.277483705912268e-6,7.771342790116439e-11,243.0,4.198603127007067e-6,((v1+(exp(v1)-(-1000.0+(1130.0/(1.79-v1)))))/((v1+(-2200.0+(9.69/(5.3-v1))))/(1.87-v1)))
0.04301232533226335,26.0,0,3.0,-1.0,true,0.05524439189245456,0.019407901535665538,7.0,((v1+(exp(v1)-(-1003.30158178237+(1129.46482241161/(1.78900608803202-v1)))))/(((-2165.27532452028+v1)+(-37.4866442472929/(14.1960331131193+v1)))/(1.8775733063436-v1))),-0.9997035672437009,0.0004429057923814999,0.014382357020250395,0.0004429057923814999,243.0,0.012882354930752151,((v1+(exp(v1)-(-1000.0+(1130.0/(1.79-v1)))))/(((-2170.0+v1)+(-37.5/(14.2+v1)))/(1.88-v1)))
4.438458501317862e-5,26.0,0,236.0,-1.0,true,2.1623207787424548e-5,3.2556133236365105e-6,7.0,((v1+(exp(v1)-(-1003.32488703059+(1133.34864672253/(1.79369300856072-v1)))))/(((-2195.05366750485+v1)+(9.68555847125291/(5.29824605503014-v1)))/(1.87340934815827-v1))),-0.9999999999374595,9.344304706363483e-11,6.950523289840336e-6,9.344304706363483e-11,243.0,5.071994062619267e-6,((v1+(exp(v1)-(-1000.0+(1130.0/(1.79-v1)))))/(((-2200.0+v1)+(9.69/(5.3-v1)))/(1.87-v1)))
7.09603278211548e-5,26.0,0,38.0,-1.0,true,2.6684518128705648e-5,2.203254865881829e-6,7.0,((v1+(exp(v1)-(-1003.32488075548+(1133.33918730377/(1.79368391748772-v1)))))/((-2195.05823121198+(v1+(9.69273665694878/(5.29843098633542-v1))))/(1.87340023411991-v1))),-0.9999999999393812,9.057180123595162e-11,9.856362591083831e-6,9.057180123595162e-11,243.0,4.138065036057154e-6,((v1+(exp(v1)-(-1000.0+(1130.0/(1.79-v1)))))/((-2200.0+(v1+(9.69/(5.3-v1))))/(1.87-v1)))
0.033850714714368596,26.0,0,7.0,-1.0,true,0.014321763775280605,0.0011386978038190145,7.0,((v1+(exp(v1)-(-1002.64758591874+(1145.18445406154/(1.80581746247099-v1)))))/((-2191.36936861049+(24.9292065414766/((10.7012994467533-v1)-v1)))/(1.88496789841846-v1))),-0.9999692834629473,4.5894159445808585e-5,0.004800312606719423,4.5894159445808585e-5,243.0,0.0033817646908291567,((v1+(exp(v1)-(-1000.0+(1150.0/(1.81-v1)))))/((-2190.0+(24.9/((10.7-v1)-v1)))/(1.88-v1)))
0.040929014428965904,27.0,0,2.0,-1.0,true,0.05453975736650385,0.019633931185030616,6.0,((v1+(exp(v1)-(-1003.30387766901+(1129.97712608514/(1.78916211156355-v1)))))/((v1+(-2167.85196073422+(3.24038349345237/(exp(v1)-v1))))/(1.87744909322716-v1))),-0.9997110076287155,0.00043178897229166494,0.014451969938520718,0.00043178897229166494,342.0,0.012837046197055696,((v1+(exp(v1)-(-1000.0+(1130.0/(1.79-v1)))))/((v1+(-2170.0+(3.24/(exp(v1)-v1))))/(1.88-v1)))
0.7721037941664172,27.0,0,0.0,-1.0,true,0.2690279534809591,0.71818669460246,7.0,(((384.703660168978+v1)+(exp(v1)-(-1386.12875086878+768.945977488144)))/((-2470.08917633728+(v1+(-273.189928655246-v1)))/((6.12170928517329/(31.8654750552316-exp(v1)))-v1))),-0.985346851620574,0.021893546364104767,0.3024617329855056,0.021893546364104767,442.0,0.11934299003297692,(((385.0+v1)+(exp(v1)-(-1390.0+769.0)))/((-2470.0+(v1+(-273.0-v1)))/((6.12/(31.9-exp(v1)))-v1)))
0.02756465528160627,28.0,0,1.0,-1.0,true,0.010365644665951801,0.0006832590829926762,8.0,((v1+(exp(v1)-(-1003.31591968912+(1123.00395721228/(1.78365432633941-v1)))))/((v1+(-2196.98738834058+(-36.9102323758137/(-16.2040498073292+(3.0222439482787*v1)))))/(1.86350102008726-v1))),-0.9999848223120279,2.267727089852316e-5,0.0037870820143176736,2.267727089852316e-5,276.0,0.002370917185200095,((v1+(exp(v1)-(-1000.0+(1120.0/(1.78-v1)))))/((v1+(-2200.0+(-36.9/(-16.2+(3.02*v1)))))/(1.86-v1)))
0.00010308555435860535,28.0,0,274.0,-1.0,true,3.876515834344563e-5,1.3749517025391652e-6,7.0,((v1+(exp(v1)-(-1003.3248645346+(2266.64929449592/((3.58733996595294-v1)-v1)))))/(((-2195.05583334042+v1)+(9.6901940550754/(5.29837472258913-v1)))/(1.87338767281952-v1))),-0.9999999998680424,1.9716028886587734e-10,1.3641401772776177e-5,1.9716028886587734e-10,287.0,6.224765144099975e-6,((v1+(exp(v1)-(-1000.0+(2270.0/((3.59-v1)-v1)))))/(((-2200.0+v1)+(9.69/(5.3-v1)))/(1.87-v1)))
0.03438951700267692,28.0,0,3.0,-1.0,true,0.06128581326336047,0.021723691635901696,7.0,((v1+(exp(v1)-(-1003.97804740329+(1117.2939091794/(1.7778071041999-v1)))))/((-2170.09826515769+(v1+(v1+(12.6203609183427/(10.7215040402739+v1)))))/(1.86987679420941-v1))),-0.9996551289992456,0.0005152782903129437,0.013913381854837998,0.0005152782903129437,309.0,0.012923098705467557,((v1+(exp(v1)-(-1000.0+(1120.0/(1.78-v1)))))/((-2170.0+(v1+(v1+(12.6/(10.7+v1)))))/(1.87-v1)))
0.00010018195656082009,28.0,0,62.0,-1.0,true,3.767326502146506e-5,2.992070527017121e-6,7.0,((exp(v1)+(v1-(-1003.32486775984+(1133.3291310393/(1.7936739240507-v1)))))/(((-2195.05385681052+v1)+(19.3667112076593/((10.5963757578828-v1)-v1)))/(1.87339050935565-v1))),-0.9999999998016325,2.9638469843125333e-10,1.3932874618005856e-5,2.9638469843125333e-10,309.0,8.67185193614145e-6,((exp(v1)+(v1-(-1000.0+(1130.0/(1.79-v1)))))/(((-2200.0+v1)+(19.4/((10.6-v1)-v1)))/(1.87-v1)))
8.666319929696396e-5,28.0,0,1.0,-1.0,true,3.258955790846896e-5,1.6442694057775821e-6,7.0,((exp(v1)+(v1-(-1003.32487459562+(1133.3330283483/(1.79367793959072-v1)))))/((-2196.05821573952+(v1+((14.9911485498636-v1)/(5.29843262640715-v1))))/(1.87339456848143-v1))),-0.9999999999105214,1.336916865580911e-10,1.1630908661622811e-5,1.336916865580911e-10,441.0,4.727023829642629e-6,((exp(v1)+(v1-(-1000.0+(1130.0/(1.79-v1)))))/((-2200.0+(v1+((15.0-v1)/(5.3-v1))))/(1.87-v1)))
4.332936541422191e-5,28.0,0,190.0,-1.0,true,1.6293938774003536e-5,2.8002933810112775e-6,7.0,((exp(v1)+(v1-(-1003.32488698549+(1133.34826965166/(1.79369271686109-v1)))))/(((-2195.05418852881+v1)+(19.3746170142799/(10.5965875055452-(v1+v1))))/(1.87340929314131-v1))),-0.9999999999567191,6.466686223855467e-11,6.606568114304462e-6,6.466686223855467e-11,309.0,4.337103510984597e-6,((exp(v1)+(v1-(-1000.0+(1130.0/(1.79-v1)))))/(((-2200.0+v1)+(19.4/(10.6-(v1+v1))))/(1.87-v1)))
2.3805988318266124e-5,28.0,0,400.0,-1.0,true,5.045328184039022e-5,4.744609459755933e-6,8.0,((v1+(exp(v1)-(-1003.32489212222+(1133.3568891538/(1.79370084861943-v1)))))/((-2195.04908821779+(v1+(33.7231790952004/(18.4627668069792-(v1/0.286957247093678)))))/(1.87341692034582-v1))),-0.999999999780315,3.282356210357076e-10,5.2232210218513115e-6,3.282356210357076e-10,276.0,7.539794470053096e-6,((v1+(exp(v1)-(-1000.0+(1130.0/(1.79-v1)))))/((-2200.0+(v1+(33.7/(18.5-(v1/0.287)))))/(1.87-v1)))
6.032462326437024e-5,28.0,0,8.0,-1.0,true,2.2684978389087007e-5,3.025808646765742e-6,8.0,((v1+(exp(v1)-(-1003.32488227172+(1133.34311402518/(1.79368762999315-v1)))))/((-2195.05473932404+(v1+(33.3743791326225/(18.2545825333487-(3.44538240002188*v1)))))/(1.87340397839022-v1))),-0.9999999999299034,1.0473270042940469e-10,8.81206514344582e-6,1.0473270042940469e-10,276.0,5.357767698735416e-6,((v1+(exp(v1)-(-1000.0+(1130.0/(1.79-v1)))))/((-2200.0+(v1+(33.4/(18.3-(3.45*v1)))))/(1.87-v1)))
9.929509511942912e-5,28.0,0,22.0,-1.0,true,3.733976219055801e-5,2.3888098483764033e-6,7.0,(((v1+exp(v1))-(-1003.32486628838+(1133.32770509269/(1.79367268049055-v1))))/(((-2195.05392665101+v1)+(19.370456844571/((10.5964830732152-v1)-v1)))/(1.87338986882073-v1))),-0.9999999998304917,2.5326560794395034e-10,1.3626149136989369e-5,2.5326560794395034e-10,309.0,7.98684464705865e-6,(((v1+exp(v1))-(-1000.0+(1130.0/(1.79-v1))))/(((-2200.0+v1)+(19.4/((10.6-v1)-v1)))/(1.87-v1)))
4.310884177491999e-5,28.0,0,50.0,-1.0,true,4.323322911625738e-5,6.2741972398947995e-6,8.0,((v1+(exp(v1)-(-1003.32491855651+(1133.38300646106/(1.79372619856532-v1)))))/(((-2195.04957248642+v1)+(33.7270084497906/(18.4628013661882-(v1/0.286957862417705))))/(1.87344097687672-v1))),-0.9999999998214975,2.6670404231355994e-10,8.044641312185256e-6,2.6670404231355994e-10,276.0,7.751545432619494e-6,((v1+(exp(v1)-(-1000.0+(1130.0/(1.79-v1)))))/(((-2200.0+v1)+(33.7/(18.5-(v1/0.287))))/(1.87-v1)))
6.973133519819571e-5,28.0,0,139.0,-1.0,true,3.452386313629319e-5,3.4911524802647902e-6,8.0,((exp(v1)+(v1-(-1003.32487764833+(1133.33999889538/(1.79368449757857-v1)))))/((-2195.05250905336+(v1+(33.639852182256/(18.4081749262332-(v1/0.287815299759888)))))/(1.87340092469544-v1))),-0.9999999998427287,2.3498199722287775e-10,1.0344516704314814e-5,2.3498199722287775e-10,276.0,7.732052137002926e-6,((exp(v1)+(v1-(-1000.0+(1130.0/(1.79-v1)))))/((-2200.0+(v1+(33.6/(18.4-(v1/0.288)))))/(1.87-v1)))
2.7944087406626376e-5,28.0,0,489.0,-1.0,true,2.914440510881633e-5,3.549350550962338e-6,8.0,((exp(v1)+(v1-(-1003.32489123782+(1133.35411171266/(1.79369832723012-v1)))))/((-2195.05190193921+(v1+(33.3631570920605/(18.2544463488808-(3.44541163192178*v1)))))/(1.87341476665317-v1))),-0.999999999919596,1.2013319175010138e-10,5.093323738366147e-6,1.2013319175010138e-10,276.0,5.2118793456013e-6,((exp(v1)+(v1-(-1000.0+(1130.0/(1.79-v1)))))/((-2200.0+(v1+(33.4/(18.3-(3.45*v1)))))/(1.87-v1)))
7.475612581527599e-5,28.0,0,344.0,-1.0,true,2.8111921911877502e-5,1.3250880009971093e-6,7.0,(((v1+exp(v1))-(-1003.32487603976+(1133.33552970888/(1.79368048535249-v1))))/((-2196.05683630454+(v1+((14.990832797032-v1)/(5.29842993912484-v1))))/(1.87339770516755-v1))),-0.999999999933603,9.920497845465987e-11,9.902012936506898e-6,9.920497845465987e-11,441.0,3.9534643351442356e-6,(((v1+exp(v1))-(-1000.0+(1130.0/(1.79-v1))))/((-2200.0+(v1+((15.0-v1)/(5.3-v1))))/(1.87-v1)))
0.007845707936764321,28.0,0,10.0,-1.0,true,0.0029503659593960174,0.0001674064646401008,7.0,((v1+(exp(v1)-(-1003.322425092+(1130.51785942897/(1.79094519975565-v1)))))/((-2193.62623667137+(v1+((v1/0.514098596761133)/(5.31495623779358-v1))))/(1.87069811343132-v1))),-0.9999989074371793,1.632418791467346e-6,0.001064171999735405,1.632418791467346e-6,441.0,0.0006305039122390665,((v1+(exp(v1)-(-1000.0+(1130.0/(1.79-v1)))))/((-2190.0+(v1+((v1/0.514)/(5.31-v1))))/(1.87-v1)))
7.077280867375751e-5,28.0,0,30.0,-1.0,true,2.661400185233198e-5,2.721883086142472e-6,7.0,((v1+(exp(v1)-(-1003.32487653551+(1133.33838651961/(1.7936830452894-v1)))))/((-2196.05330897155+(v1+((14.9829770996274-v1)/(5.29822789645873-v1))))/(1.87339988536026-v1))),-0.9999999998852463,1.714556566740026e-10,1.0128275893520415e-5,1.714556566740026e-10,441.0,6.738935477684088e-6,((v1+(exp(v1)-(-1000.0+(1130.0/(1.79-v1)))))/((-2200.0+(v1+((15.0-v1)/(5.3-v1))))/(1.87-v1)))
0.00010572721493360044,28.0,0,132.0,-1.0,true,3.975855059046296e-5,1.268531731135997e-6,7.0,((v1+(exp(v1)-(-1004.32486475908+((1135.11819411302-v1)/(1.79366972336064-v1)))))/((v1+(-2195.05637294453+(9.69029122863565/(5.29837499475652-v1))))/(1.8733871627859-v1))),-0.9999999998624667,2.0549114530541707e-10,1.386923225672545e-5,2.0549114530541707e-10,375.0,6.224967895023664e-6,((v1+(exp(v1)-(-1000.0+((1140.0-v1)/(1.79-v1)))))/((v1+(-2200.0+(9.69/(5.3-v1))))/(1.87-v1)))
0.007750508716593473,28.0,0,12.0,-1.0,true,0.002914566444448874,0.0001635759978362801,8.0,((v1+(exp(v1)-(-1003.32245317857+(1130.55267202396/(1.79097883986715-v1)))))/((-2.03759721955238+((-2193.52385774273+v1)+(10.3200279551577/(5.31459430086778-v1))))/(1.8707314832931-v1))),-0.9999989449616493,1.5763527706701283e-6,0.0010503814617633949,1.5763527706701283e-6,276.0,0.0006192301211269229,((v1+(exp(v1)-(-1000.0+(1130.0/(1.79-v1)))))/((-2.04+((-2190.0+v1)+(10.3/(5.31-v1))))/(1.87-v1)))
0.062135590256484186,28.0,0,4.0,-1.0,true,0.02336598963882852,0.0011128427068782278,7.0,((v1+(exp(v1)-(-1003.34225600258+(1153.45049641168/(1.81320639227724-v1)))))/((1.53155938860917+((-2191.74698630651+v1)+(v1/(5.17320106201512-v1))))/(1.8926611472389-v1))),-0.9999401904495988,8.936258139323217e-5,0.008310260803527505,8.936258139323217e-5,375.0,0.0045571458242400775,((v1+(exp(v1)-(-1000.0+(1150.0/(1.81-v1)))))/((1.53+((-2190.0+v1)+(v1/(5.17-v1))))/(1.89-v1)))
4.373231711311642e-5,28.0,0,1097.0,-1.0,true,4.736332696397838e-5,4.1984887804094744e-6,8.0,((exp(v1)+(v1-(-1003.32488504447+(1133.34927475236/(1.7936934736999-v1)))))/(((-2195.04984061427+v1)+(33.7269719109347/(18.4628176903985-(v1/0.286958111610457))))/(1.87340983344789-v1))),-0.9999999997896822,3.1423969551403276e-10,7.495858920822477e-6,3.1423969551403276e-10,276.0,8.069682878118073e-6,((exp(v1)+(v1-(-1000.0+(1130.0/(1.79-v1)))))/(((-2200.0+v1)+(33.7/(18.5-(v1/0.287))))/(1.87-v1)))
2.3179702310950647e-5,28.0,0,177.0,-1.0,true,8.716690093280022e-6,3.1600976084325774e-6,8.0,((exp(v1)+(v1-(-1003.32491211178+(1133.37300221485/(1.79371682046515-v1)))))/((-2195.05486815022+(v1+(-33.6510871816243/(-18.3999538006287+(3.47276439959213*v1)))))/(1.87343253666426-v1))),-0.9999999999920769,1.1838072309191883e-11,4.234377257998735e-6,1.1838072309191883e-11,276.0,2.1041005913019495e-6,((exp(v1)+(v1-(-1000.0+(1130.0/(1.79-v1)))))/((-2200.0+(v1+(-33.7/(-18.4+(3.47*v1)))))/(1.87-v1)))
0.019072735286583348,28.0,0,5.0,-1.0,true,0.00717227169245277,0.00044602537819030927,7.0,((exp(v1)+(v1-(-1003.31877477845+(1126.30472684208/(1.78685676346319-v1)))))/((-2194.23267340588+(v1+((v1/0.469671125779851)/(5.34088433862799-v1))))/(1.86666278467642-v1))),-0.9999930811888772,1.0337526665174247e-5,0.0026066883925319312,1.0337526665174247e-5,441.0,0.0015965340045125155,((exp(v1)+(v1-(-1000.0+(1130.0/(1.79-v1)))))/((-2190.0+(v1+((v1/0.47)/(5.34-v1))))/(1.87-v1)))
2.6313265457401453e-5,28.0,0,58.0,-1.0,true,4.650216495427628e-5,5.18188667700387e-6,8.0,((v1+(exp(v1)-(-1003.32489370617+(1133.35745700524/(1.79370133294467-v1)))))/((v1+(-2195.05046695623+(33.7262541599374/(18.4627963103547-(v1/0.286957784921114)))))/(1.87341684262779-v1))),-0.9999999998108602,2.82597387331803e-10,5.615425678004232e-6,2.82597387331803e-10,276.0,7.202810159884915e-6,((v1+(exp(v1)-(-1000.0+(1130.0/(1.79-v1)))))/((v1+(-2200.0+(33.7/(18.5-(v1/0.287)))))/(1.87-v1)))
6.157014459496401e-5,28.0,0,33.0,-1.0,true,2.4572834789182707e-5,3.296442705440805e-6,7.0,(((v1+exp(v1))-(-1003.32488146081+(1133.3429044643/(1.79368737801202-v1))))/((-2194.05384752789+(v1+((4.38657780930406+v1)/(5.29822506662119-v1))))/(1.87340369128036-v1))),-0.9999999999045598,1.425990179948159e-10,9.137839055249412e-6,1.425990179948159e-10,441.0,6.1950466002554105e-6,(((v1+exp(v1))-(-1000.0+(1130.0/(1.79-v1))))/((-2190.0+(v1+((4.39+v1)/(5.3-v1))))/(1.87-v1)))
8.866384759246814e-5,28.0,0,138.0,-1.0,true,3.334189850989766e-5,2.843941572647166e-6,8.0,((v1+(0.315630362420136+(exp(v1)-(-1003.00924177811+(1133.33303443615/(1.79367777717897-v1))))))/((-2195.05459960134+(v1+(9.68534216939665/(5.29823974636989-v1))))/(1.87339432132579-v1))),-0.9999999998604489,2.0850608562782752e-10,1.2357273056473813e-5,2.0850608562782752e-10,265.0,7.2960285910916856e-6,((v1+(0.316+(exp(v1)-(-1000.0+(1130.0/(1.79-v1))))))/((-2200.0+(v1+(9.69/(5.3-v1))))/(1.87-v1)))
7.131958214231664e-5,28.0,0,109.0,-1.0,true,2.6819615143336417e-5,3.0092735719946705e-6,8.0,((v1+(exp(v1)-(-1003.32487928043+(1133.33961923077/(1.79368420334581-v1)))))/(((-2195.05542492066+v1)+(33.3757460327799/(18.2545954526637-(3.44537881586108*v1))))/(1.87340044854204-v1))),-0.9999999999166862,1.2448077683689696e-10,1.0157650502938236e-5,1.2448077683689696e-10,276.0,5.698851696218921e-6,((v1+(exp(v1)-(-1000.0+(1130.0/(1.79-v1)))))/(((-2200.0+v1)+(33.4/(18.3-(3.45*v1))))/(1.87-v1)))
4.655295399890436e-5,28.0,0,44.0,-1.0,true,2.2154733045010033e-5,3.031731807675722e-6,7.0,((exp(v1)+(v1-(-1003.32488551999+(1133.34733865475/(1.79369176381163-v1)))))/((-2194.05338769508+(v1+((4.38726460620623+v1)/(5.29824658775184-v1))))/(1.87340832070032-v1))),-0.9999999999331793,9.983797960075262e-11,7.16173799667356e-6,9.983797960075262e-11,441.0,5.228790405736872e-6,((exp(v1)+(v1-(-1000.0+(1130.0/(1.79-v1)))))/((-2190.0+(v1+((4.39+v1)/(5.3-v1))))/(1.87-v1)))
9.441577202852146e-5,28.0,0,267.0,-1.0,true,3.550490052245392e-5,1.538664971885536e-6,7.0,((v1+(exp(v1)-(-1003.32486842705+(2266.65665566082/((3.58734707891704-v1)-v1)))))/((-2195.05614825631+(v1+(9.69048285558282/(5.2983801079535-v1))))/(1.8733909468837-v1))),-0.9999999998903852,1.637775194147866e-10,1.2501627829269656e-5,1.637775194147866e-10,287.0,5.606893147675623e-6,((v1+(exp(v1)-(-1000.0+(2270.0/((3.59-v1)-v1)))))/((-2200.0+(v1+(9.69/(5.3-v1))))/(1.87-v1)))
5.194445575432699e-5,28.0,0,40.0,-1.0,true,2.721773470071298e-5,3.4978561493055435e-6,7.0,((v1+(exp(v1)-(-1003.32488443129+(1133.34634295309/(1.79369071555037-v1)))))/((-2194.05319060648+(v1+((4.38577292880966+v1)/(5.2982037023989-v1))))/(1.87340698788974-v1))),-0.9999999999060272,1.4040658978702156e-10,8.036756334837825e-6,1.4040658978702156e-10,441.0,6.072347668327482e-6,((v1+(exp(v1)-(-1000.0+(1130.0/(1.79-v1)))))/((-2190.0+(v1+((4.39+v1)/(5.3-v1))))/(1.87-v1)))
0.004338609746369727,28.0,0,22.0,-1.0,true,0.0016315272770747735,8.648508542917561e-5,8.0,((v1+(0.314962214135576+(exp(v1)-(-1003.00857362983+(1131.80020000374/(1.79218968052691-v1))))))/(((-2195.33008776259+v1)+(10.0271483169583/(5.30706299374941-v1)))/(1.87192626633386-v1))),-0.9999996815663189,4.757777905264732e-7,0.000585438376860519,4.757777905264732e-7,265.0,0.00033813057006507746,((v1+(0.315+(exp(v1)-(-1000.0+(1130.0/(1.79-v1))))))/(((-2200.0+v1)+(10.0/(5.31-v1)))/(1.87-v1)))
0.03166965777972782,28.0,0,10.0,-1.0,true,0.011909324309816838,0.0008085127126534083,8.0,((v1+((0.34896571458753+exp(v1))-(-1002.96554201261+(1121.37154040936/(1.78207066050421-v1)))))/((-2197.29712058823+(v1+(12.6366156312558/(5.37185899147277-v1))))/(1.86193727996615-v1))),-0.9999794805006135,3.0658572448345843e-5,0.004362858445562801,3.0658572448345843e-5,265.0,0.002760507796067159,((v1+((0.349+exp(v1))-(-1000.0+(1120.0/(1.78-v1)))))/((-2200.0+(v1+(12.6/(5.37-v1))))/(1.86-v1)))
3.1960307580055506e-5,28.0,0,3.0,-1.0,true,2.2543099803318256e-5,3.224675335983859e-6,7.0,((v1+(exp(v1)-(-1003.3248903881+(1133.35253540248/(1.79369682724526-v1)))))/((-2195.05294722272+(v1+(19.3705641803837/(10.5964814492926-(v1+v1)))))/(1.8734133031645-v1))),-0.999999999945261,8.178659434076595e-11,5.4101453691572456e-6,8.178659434076595e-11,309.0,4.617735922262528e-6,((v1+(exp(v1)-(-1000.0+(1130.0/(1.79-v1)))))/((-2200.0+(v1+(19.4/(10.6-(v1+v1)))))/(1.87-v1)))
6.437103956783922e-5,28.0,0,217.0,-1.0,true,2.4206626787870444e-5,2.7597497383935262e-6,8.0,(((0.949895243304295+v1)+(exp(v1)-(-1002.37498594311+(1133.34150259142/(1.7936860923932-v1)))))/((-2195.055507819+(v1+(9.68811808912471/(5.29831204646481-v1))))/(1.87340249606777-v1))),-0.9999999999364285,9.498328848638028e-11,9.171230640892404e-6,9.498328848638028e-11,265.0,4.972869195523505e-6,(((0.95+v1)+(exp(v1)-(-1000.0+(1130.0/(1.79-v1)))))/((-2200.0+(v1+(9.69/(5.3-v1))))/(1.87-v1)))
0.006201048863177437,28.0,0,3.0,-1.0,true,0.002331894537233481,0.00012783323888705488,7.0,((v1+(exp(v1)-(-1002.32294652712+((1129.3295730428+v1)/(1.79153055935774-v1)))))/((-2195.45608479029+(v1+(10.1868184792547/(5.31116426823472-v1))))/(1.87127588159119-v1))),-0.9999993335011953,9.958284802540843e-7,0.0008390114488474313,9.958284802540843e-7,375.0,0.0004909864000154605,((v1+(exp(v1)-(-1000.0+((1130.0+v1)/(1.79-v1)))))/((-2200.0+(v1+(10.2/(5.31-v1))))/(1.87-v1)))
0.09142570013002811,28.0,0,2.0,-1.0,true,0.03438048875278771,0.00013296917567282108,9.0,((v1+(exp(v1)-(-1002.66218573186+(1161.97542264043/(1.82214030965986-v1)))))/((-2188.2805668603+(29.7625928149846/(18.3780110919835-((v1--0.00633054268923256)/0.286263203488952))))/(1.90102641219857-v1))),-0.9999008854721035,0.00014808889227540362,0.01149427027403749,0.00014808889227540362,243.0,0.0045030890091381885,((v1+(exp(v1)-(-1000.0+(1160.0/(1.82-v1)))))/((-2190.0+(29.8/(18.4-((v1--0.00633)/0.286))))/(1.9-v1)))
1.792021331093655e-5,28.0,0,162.0,-1.0,true,1.6462261033467485e-5,3.013944113628928e-6,8.0,((v1+(exp(v1)-(-1003.32489501898+(1133.35698394849/(1.79370122947902-v1)))))/((v1+(-2195.05328399646+(33.3752556367234/(18.2545989616538-(3.44537840846409*v1)))))/(1.87341778842085-v1))),-0.9999999999733129,3.987366883490742e-11,3.518951745991558e-6,3.987366883490742e-11,276.0,3.265845184084737e-6,((v1+(exp(v1)-(-1000.0+(1130.0/(1.79-v1)))))/((v1+(-2200.0+(33.4/(18.3-(3.45*v1)))))/(1.87-v1)))
9.333444737815298e-5,28.0,0,3.0,-1.0,true,3.5098270111888485e-5,3.0613789169483476e-6,7.0,(((v1+exp(v1))-(-1003.32486972715+(2266.66276207049/((3.58735227113438-v1)-v1))))/((v1+(-2195.05345900857+(9.68308049901363/(5.2981812631411-v1))))/(1.87339275281998-v1))),-0.999999999812732,2.7980055570782346e-10,1.3107913606777284e-5,2.7980055570782346e-10,287.0,8.464256593124914e-6,(((v1+exp(v1))-(-1000.0+(2270.0/((3.59-v1)-v1))))/((v1+(-2200.0+(9.68/(5.3-v1))))/(1.87-v1)))
8.873082343435801e-5,28.0,0,95.0,-1.0,true,3.336708466844529e-5,3.457975823441852e-6,8.0,((exp(v1)+(v1-(-1003.32486747483+(1133.33021339169/(1.79367518399077-v1)))))/((-0.289574897129439+((-2194.76262685776+v1)+(9.68369926078556/(5.29820577200061-v1))))/(1.87339281468236-v1))),-0.9999999998269709,2.5852614074423146e-10,1.269933566758121e-5,2.5852614074423146e-10,276.0,8.275108746985671e-6,((exp(v1)+(v1-(-1000.0+(1130.0/(1.79-v1)))))/((-0.29+((-2190.0+v1)+(9.68/(5.3-v1))))/(1.87-v1)))
2.7652991450973155e-5,28.0,0,296.0,-1.0,true,1.0398863341587461e-5,3.110797037718073e-6,7.0,((exp(v1)+(v1-(-1003.32491246952+(1133.3741650778/(1.79371795123445-v1)))))/((-2195.05372973338+(v1+(19.3771791874095/(10.5966494437378-(v1+v1)))))/(1.87343384118135-v1))),-0.9999999999840321,2.3858012968638952e-11,4.873302096323183e-6,2.3858012968638952e-11,309.0,2.9249627673359757e-6,((exp(v1)+(v1-(-1000.0+(1130.0/(1.79-v1)))))/((-2200.0+(v1+(19.4/(10.6-(v1+v1)))))/(1.87-v1)))
0.02985327335637212,28.0,0,0.0,-1.0,true,0.09407417427914044,0.010664633966078379,7.0,((exp(v1)+(v1-(-1003.31772646685+(2266.92570155587/((3.58203194674688-v1)-v1)))))/((-2182.24755889777+(v1+(36.1481452368903/(6.9592967797404-v1))))/(1.87390324433957-v1))),-0.9992426102592867,0.0011316303482796046,0.009690034073105716,0.0011316303482796046,287.0,0.015290168662308548,((exp(v1)+(v1-(-1000.0+(2270.0/((3.58-v1)-v1)))))/((-2180.0+(v1+(36.1/(6.96-v1))))/(1.87-v1)))
0.011936347207188473,28.0,0,0.0,-1.0,true,0.004488644334388059,0.0002435675722539243,7.0,((v1+(1003.3285322614+(exp(v1)-(1137.55202707713/(1.79777307060223-v1)))))/((-2193.27026455019+(v1+((3.44127502260995+v1)/(5.27275021235237-v1))))/(1.8774345842381-v1))),-0.9999975393793017,3.6764599626180225e-6,0.0016135155763719446,3.6764599626180225e-6,441.0,0.0009418338853086489,((v1+(1000.0+(exp(v1)-(1140.0/(1.8-v1)))))/((-2190.0+(v1+((3.44+v1)/(5.27-v1))))/(1.88-v1)))
0.03589049042565018,28.0,0,0.0,-1.0,true,0.01349656169606761,0.001056914102847149,9.0,(((0.723784100570578+v1)+(-0.224591513800033+(exp(v1)-(-1002.14887480038+(1145.83607775693/(1.80644652936593-v1))))))/((-2191.12534737941+(12.0599425770344/(5.34126161575008-v1)))/(1.88559088713519-v1))),-0.9999710032830119,4.332454373267071e-5,0.005008990368381211,4.332454373267071e-5,209.0,0.003296484912124656,(((0.724+v1)+(-0.225+(exp(v1)-(-1000.0+(1150.0/(1.81-v1))))))/((-2190.0+(12.1/(5.34-v1)))/(1.89-v1)))
0.372169747444811,28.0,0,0.0,-1.0,true,0.16540102133269707,0.014890251728980319,8.0,((v1+(-0.613785674997264+(exp(v1)-(-1002.07981399606+(-72.953432646629/(1.47140490638652-v1))))))/(((v1+(1454.92691150638-v1))+(-687.658569335094/0.186170811944291))/(0.676494282774311-v1))),-0.9960709705550397,0.005870437266570714,0.05385219388351235,0.005870437266570714,265.0,0.03908888827018098,((v1+(-0.614+(exp(v1)-(-1000.0+(-73.0/(1.47-v1))))))/(((v1+(1450.0-v1))+(-688.0/0.186))/(0.676-v1)))
7.070913975004997e-5,28.0,0,67.0,-1.0,true,2.6590059255093834e-5,2.126738648003012e-6,8.0,((v1+((0.354151073379764+exp(v1))-(-1002.97072737141+(1133.33831420378/(1.79368307061362-v1)))))/((-2195.05617056666+(v1+(9.69002874911007/(5.29836451758129-v1))))/(1.87339981983781-v1))),-0.9999999999364997,9.487705622324531e-11,9.690854882507676e-6,9.487705622324531e-11,265.0,4.540000581490511e-6,((v1+((0.354+exp(v1))-(-1000.0+(1130.0/(1.79-v1)))))/((-2200.0+(v1+(9.69/(5.3-v1))))/(1.87-v1)))
1.694940869252991e-5,28.0,0,318.0,-1.0,true,2.802313495608999e-5,3.5704065986340755e-6,7.0,((v1+(exp(v1)-(-1003.32489479136+(1133.35783494273/(1.79370197222727-v1)))))/((v1+(-2195.05169359318+(19.3672343240087/((10.5963954177678-v1)-v1))))/(1.87341841416012-v1))),-0.9999999999307723,1.0343447022546141e-10,3.7189497137485204e-6,1.0343447022546141e-10,309.0,4.584865166079588e-6,((v1+(exp(v1)-(-1000.0+(1130.0/(1.79-v1)))))/((v1+(-2200.0+(19.4/((10.6-v1)-v1))))/(1.87-v1)))
1.8616972857549e-5,28.0,0,496.0,-1.0,true,1.420748101610414e-5,3.4059868518440047e-6,8.0,(((v1+exp(v1))-(-1003.32489661751+(1133.35789909157/(1.79370206249784-v1))))/((-2195.05420897558+(v1+(-33.6423018403706/(-18.3998231331305+(3.47278290132978*v1)))))/(1.87341817223759-v1))),-0.9999999999787986,3.167737572520282e-11,3.6891404127041483e-6,3.167737572520282e-11,276.0,3.0396323371616185e-6,(((v1+exp(v1))-(-1000.0+(1130.0/(1.79-v1))))/((-2200.0+(v1+(-33.6/(-18.4+(3.47*v1)))))/(1.87-v1)))
0.09229103811732622,28.0,0,4.0,-1.0,true,0.06309136339526189,0.02168770132848636,8.0,((v1+(exp(v1)-(-1003.23170321994+(1061.8504372276/(1.72487437856241-v1)))))/((-1080.95665842452+(-1081.88637998418+(v1+(41.5022142370006/(-2.7689134674391-v1)))))/(1.81709234802233-v1))),-0.9995495101357145,0.0006730854335811805,0.021173943836671927,0.0006730854335811805,276.0,0.015894160461064358,((v1+(exp(v1)-(-1000.0+(1060.0/(1.72-v1)))))/((-1080.0+(-1080.0+(v1+(41.5/(-2.77-v1)))))/(1.82-v1)))
4.2799828433145666e-5,28.0,0,143.0,-1.0,true,1.6094807236632924e-5,2.022143766090289e-6,8.0,(((0.949899188666786+v1)+(exp(v1)-(-1002.37498988847+(1133.34892263276/(1.79369338462308-v1)))))/((v1+(-2195.05625551309+(9.69057902688044/(5.29837647891835-v1))))/(1.87340970134084-v1))),-0.9999999999767953,3.467052074298248e-11,6.3318240713348294e-6,3.467052074298248e-11,265.0,2.9175031384075234e-6,(((0.95+v1)+(exp(v1)-(-1000.0+(1130.0/(1.79-v1)))))/((v1+(-2200.0+(9.69/(5.3-v1))))/(1.87-v1)))
3.212620605295397e-5,28.0,0,139.0,-1.0,true,1.2081008559983175e-5,2.212152852493972e-6,7.0,((v1+(exp(v1)-(-1003.32489283487+(1133.35296230565/(1.79369730142334-v1)))))/((-2196.0558616685+(v1+((14.9883851877457-v1)/(5.29836126876598-v1))))/(1.87341347657767-v1))),-0.9999999999850617,2.2319534231788492e-11,5.1076080486026195e-6,2.2319534231788492e-11,441.0,2.6165787877369118e-6,((v1+(exp(v1)-(-1000.0+(1130.0/(1.79-v1)))))/((-2200.0+(v1+((15.0-v1)/(5.3-v1))))/(1.87-v1)))
3.9185382989344066e-6,28.0,0,280.0,-1.0,true,5.362966762678667e-6,2.6453800077794072e-6,7.0,((v1+(exp(v1)-(-1003.3249026732+(2266.7265256993/((3.58741465982366-v1)-v1)))))/((-2195.05523678622+(v1+(9.68977834467773/(5.2983542463361-v1))))/(1.8734232611766-v1))),-0.999999999997096,4.338871799656703e-12,1.7155282896333479e-6,4.338871799656703e-12,287.0,1.3348857618479537e-6,((v1+(exp(v1)-(-1000.0+(2270.0/((3.59-v1)-v1)))))/((-2200.0+(v1+(9.69/(5.3-v1))))/(1.87-v1)))
1.4043202276001583e-5,28.0,0,4.0,-1.0,true,1.850778273082554e-5,3.837843377570879e-6,7.0,(((v1+exp(v1))-(-1003.32489864489+(2266.72044938298/((3.58740851284131-v1)-v1))))/((-2195.05374031733+(v1+(9.68606284556717/(5.29825639023758-v1))))/(1.8734201124063-v1))),-0.9999999999688232,4.658183958373111e-11,3.3136105935795943e-6,4.658183958373111e-11,287.0,3.3457317704897738e-6,(((v1+exp(v1))-(-1000.0+(2270.0/((3.59-v1)-v1))))/((-2200.0+(v1+(9.69/(5.3-v1))))/(1.87-v1)))
7.300548309914316e-5,28.0,0,90.0,-1.0,true,2.7453595509929762e-5,1.883040249524261e-6,7.0,((v1+(exp(v1)-(-1004.32487619193+((1135.1303087853-v1)/(1.79368148068487-v1)))))/((v1+(-2195.05544858344+(9.68943866613506/(5.29835156879581-v1))))/(1.87339857830321-v1))),-0.9999999999289574,1.0614618786235885e-10,9.935584968271734e-6,1.0614618786235885e-10,375.0,4.943607164516889e-6,((v1+(exp(v1)-(-1000.0+((1140.0-v1)/(1.79-v1)))))/((v1+(-2200.0+(9.69/(5.3-v1))))/(1.87-v1)))
4.6165361727488216e-5,28.0,0,244.0,-1.0,true,1.7360410665523407e-5,4.284540054029368e-6,8.0,(((v1+exp(v1))-(-1003.32491945375+(1133.38164620105/(1.79372516982023-v1))))/((v1+(-2195.05300521741+(-33.6410640698097/(-18.3998039263705+(3.47278699818651*v1)))))/(1.87344064658619-v1))),-0.9999999999597416,6.015082150994371e-11,7.47582988690616e-6,6.015082150994371e-11,276.0,4.354370419554221e-6,(((v1+exp(v1))-(-1000.0+(1130.0/(1.79-v1))))/((v1+(-2200.0+(-33.6/(-18.4+(3.47*v1)))))/(1.87-v1)))
4.55125096374322e-5,28.0,0,4.0,-1.0,true,1.7114906678050712e-5,2.6986981808643157e-6,8.0,(((v1-0.221987355049588)+(exp(v1)-(-1003.54687483164+(1133.34782975297/(1.79369230181379-v1)))))/((-2195.05551092229+(v1+(9.68926499895612/(5.29834305145313-v1))))/(1.87340871558918-v1))),-0.9999999999689038,4.646149241610379e-11,6.7508432467223905e-6,4.646149241610379e-11,265.0,3.6053574101503616e-6,(((v1-0.222)+(exp(v1)-(-1000.0+(1130.0/(1.79-v1)))))/((-2200.0+(v1+(9.69/(5.3-v1))))/(1.87-v1)))
3.109883858802235e-5,28.0,0,611.0,-1.0,true,1.1694668662964869e-5,2.9382967493327936e-6,8.0,((v1+(exp(v1)-(-1003.32489223654+(1133.35296023321/(1.79369730701327-v1)))))/((-2195.05503147192+(v1+(29.6116031385745/(16.1929838546277-(3.05624121744613*v1)))))/(1.87341363898425-v1))),-0.9999999999806353,2.8933198496814578e-11,5.037063121081967e-6,2.8933198496814578e-11,276.0,3.0550070550076913e-6,((v1+(exp(v1)-(-1000.0+(1130.0/(1.79-v1)))))/((-2200.0+(v1+(29.6/(16.2-(3.06*v1)))))/(1.87-v1)))
1.9045077803907656e-5,28.0,0,29.0,-1.0,true,1.5450929168547844e-5,3.1328644222798224e-6,8.0,(((v1+exp(v1))-(-1003.32489532497+(1133.35700332374/(1.79370122625662-v1))))/((-2195.05366909603+(v1+(29.6065215043596/(16.1929221254837-(3.05625430699482*v1)))))/(1.87341762770498-v1))),-0.9999999999755236,3.6570667459561295e-11,3.6799043654644355e-6,3.6570667459561295e-11,276.0,3.1998957037635e-6,(((v1+exp(v1))-(-1000.0+(1130.0/(1.79-v1))))/((-2200.0+(v1+(29.6/(16.2-(3.06*v1)))))/(1.87-v1)))
0.007573222757318339,28.0,0,5.0,-1.0,true,0.02386487635784329,0.001499135888600172,7.0,((v1+(exp(v1)-(-1002.63953070995+(2271.74351956345/((3.59354036439282-v1)-v1)))))/((-2193.14460795887+(29.944390483052/((10.8145141658348-v1)-v1)))/(1.87605855093735-v1))),-0.9999519289714924,7.182383363280517e-5,0.001695654874593687,7.182383363280517e-5,287.0,0.0032648334638237554,((v1+(exp(v1)-(-1000.0+(2270.0/((3.59-v1)-v1)))))/((-2190.0+(29.9/((10.8-v1)-v1)))/(1.88-v1)))
3.85372900603301e-5,28.0,0,263.0,-1.0,true,1.4491886478285032e-5,1.9333605068444187e-6,8.0,((v1+(exp(v1)-(-1003.32488966112+(1133.34991958495/(1.7936943898418-v1)))))/(((-2192.34283004845+v1)+(-2.71290780251516+(9.6902812498776/(5.29837019155967-v1))))/(1.87341088076895-v1))),-0.9999999999799928,2.9893184670177663e-11,5.790979600848847e-6,2.9893184670177663e-11,276.0,2.863097399365133e-6,((v1+(exp(v1)-(-1000.0+(1130.0/(1.79-v1)))))/(((-2190.0+v1)+(-2.71+(9.69/(5.3-v1))))/(1.87-v1)))
2.411942442455466e-5,28.0,0,9.0,-1.0,true,1.2906887039587644e-5,3.402714346916146e-6,8.0,((v1+(exp(v1)-(-1003.32489526292+(1133.35620112038/(1.79370039780784-v1)))))/((-2195.05467824931+(v1+(-33.6435999668065/(-18.3998601607431+(3.47278418568019*v1)))))/(1.87341643204933-v1))),-0.99999999997897,3.142123537360759e-11,4.355515004628871e-6,3.142123537360759e-11,276.0,3.1371324061488237e-6,((v1+(exp(v1)-(-1000.0+(1130.0/(1.79-v1)))))/((-2200.0+(v1+(-33.6/(-18.4+(3.47*v1)))))/(1.87-v1)))
4.128034437390259e-5,28.0,0,59.0,-1.0,true,1.552340767901894e-5,3.085839745660793e-6,8.0,(((0.949899162599607+v1)+(exp(v1)-(-1002.3749898624+(1133.34980222455/(1.7936941750595-v1)))))/((-2195.05489310301+(v1+(9.68782228270404/(5.29830415600469-v1))))/(1.87341042031864-v1))),-0.9999999999645092,5.302753265442855e-11,6.402096860804417e-6,5.302753265442855e-11,265.0,3.972757937311527e-6,(((0.95+v1)+(exp(v1)-(-1000.0+(1130.0/(1.79-v1)))))/((-2200.0+(v1+(9.69/(5.3-v1))))/(1.87-v1)))
2.4656309529287424e-5,28.0,0,134.0,-1.0,true,9.271965883239641e-6,2.2006900690300763e-6,7.0,((v1+(exp(v1)-(-1003.32489505806+(2266.71028823859/((3.58739901679687-v1)-v1)))))/((v1+(-2195.05595039808+(9.69090995415554/(5.29838530570154-v1))))/(1.87341578050115-v1))),-0.999999999992054,1.187231260187566e-11,4.092940790832458e-6,1.187231260187566e-11,287.0,1.9078824465522393e-6,((v1+(exp(v1)-(-1000.0+(2270.0/((3.59-v1)-v1)))))/((v1+(-2200.0+(9.69/(5.3-v1))))/(1.87-v1)))
5.023540749299931e-5,28.0,0,145.0,-1.0,true,1.8890944885829875e-5,2.2874846833447163e-6,8.0,((v1+(exp(v1)-(-1003.32488392245+(1133.34492303379/(1.79368954406879-v1)))))/((v1+(-2195.05466648877+(-33.6467193623928/(-18.3999072426435+(3.47277334577913*v1)))))/(1.87340645451947-v1))),-0.9999999999589637,6.131311962467662e-11,7.249130693257993e-6,6.131311962467662e-11,276.0,4.129265553921152e-6,((v1+(exp(v1)-(-1000.0+(1130.0/(1.79-v1)))))/((v1+(-2200.0+(-33.6/(-18.4+(3.47*v1)))))/(1.87-v1)))
7.231693943437506e-5,28.0,0,157.0,-1.0,true,2.719466976269791e-5,2.2914661917632803e-6,7.0,((v1+(exp(v1)-(-1002.32487699225+((1131.5439754796+v1)/(1.79368240119545-v1)))))/((-2195.05503649483+(v1+(9.68800142697343/(5.29831247403113-v1))))/(1.87339924024982-v1))),-0.9999999999207722,1.1837581734542573e-10,1.0039013771626526e-5,1.1837581734542573e-10,375.0,5.4691024056474635e-6,((v1+(exp(v1)-(-1000.0+((1130.0+v1)/(1.79-v1)))))/((-2200.0+(v1+(9.69/(5.3-v1))))/(1.87-v1)))
4.287217500855435e-5,28.0,0,39.0,-1.0,true,1.6122013050956507e-5,2.2032938294993595e-6,7.0,((v1+(exp(v1)-(-1004.32488653488+((1135.14114014112-v1)/(1.79369200903555-v1)))))/((-2195.0547843602+(v1+(9.68941682854133/(5.29835148299239-v1))))/(1.87340890634445-v1))),-0.9999999999714264,4.269235164038358e-11,6.281731036723626e-6,4.269235164038358e-11,375.0,3.496432845806474e-6,((v1+(exp(v1)-(-1000.0+((1140.0-v1)/(1.79-v1)))))/((-2200.0+(v1+(9.69/(5.3-v1))))/(1.87-v1)))
6.964113081194954e-5,28.0,0,129.0,-1.0,true,2.6188436196894482e-5,1.9756624727375165e-6,8.0,((v1+(exp(v1)-(-1003.32487761389+(1133.3380159774/(1.79368281874197-v1)))))/(((-2195.05547899571+v1)+(29.6132295310554/(16.1929996602075-(3.05623361097383*v1))))/(1.87339982694612-v1))),-0.999999999935013,9.70982729699018e-11,9.543034410626162e-6,9.70982729699018e-11,276.0,4.7647253026486536e-6,((v1+(exp(v1)-(-1000.0+(1130.0/(1.79-v1)))))/(((-2200.0+v1)+(29.6/(16.2-(3.06*v1))))/(1.87-v1)))
3.2746748526715086e-5,28.0,0,106.0,-1.0,true,1.2314362567766857e-5,2.820900866875508e-6,7.0,((v1+(exp(v1)-(-1003.32489219553+(1133.35267996881/(1.79369701179036-v1)))))/((-2195.05533956433+(v1+(19.3782754024598/(10.5966775421568-(v1+v1)))))/(1.87341323713857-v1))),-0.9999999999808351,2.8634547548101962e-11,5.2452777955767376e-6,2.8634547548101962e-11,309.0,3.0220209410701526e-6,((v1+(exp(v1)-(-1000.0+(1130.0/(1.79-v1)))))/((-2200.0+(v1+(19.4/(10.6-(v1+v1)))))/(1.87-v1)))
1.8763749225452837e-5,28.0,0,34.0,-1.0,true,7.056077976852482e-6,2.328857145280162e-6,7.0,(((v1+exp(v1))-(-1003.32489718326+(1133.3572886663/(1.79370156067434-v1))))/((-2195.05594389353+(v1+(19.3823250358889/((10.5967847105284-v1)-v1))))/(1.87341779636032-v1))),-0.9999999999953652,6.925064520656735e-12,3.348803331569387e-6,6.925064520656735e-12,309.0,1.5232622030889043e-6,(((v1+exp(v1))-(-1000.0+(1130.0/(1.79-v1))))/((-2200.0+(v1+(19.4/((10.6-v1)-v1))))/(1.87-v1)))
2.9567497526881703e-5,28.0,0,129.0,-1.0,true,1.2970310244497796e-5,3.0899210497645157e-6,8.0,((v1+(exp(v1)-(-1003.3248925471+(1133.35361912784/(1.79369792228983-v1)))))/((v1+(-2195.05451113654+(29.6086818059234/(16.1929467737444-(3.05624896009894*v1)))))/(1.87341422794702-v1))),-0.9999999999753785,3.678752037936175e-11,4.938685498047457e-6,3.678752037936175e-11,276.0,3.3841110687292397e-6,((v1+(exp(v1)-(-1000.0+(1130.0/(1.79-v1)))))/((v1+(-2200.0+(29.6/(16.2-(3.06*v1)))))/(1.87-v1)))
4.820113296418446e-5,28.0,0,363.0,-1.0,true,1.8125959192982766e-5,3.2731643032801935e-6,7.0,(((v1+exp(v1))-(-1003.32492014539+(1133.38197207462/(1.79372553428358-v1))))/((v1+(-2195.053561006+(19.3771459980499/((10.5966452351808-v1)-v1))))/(1.87344111624527-v1))),-0.9999999999666839,4.977817500047767e-11,7.572737653997556e-6,4.977817500047767e-11,309.0,3.839117547407844e-6,(((v1+exp(v1))-(-1000.0+(1130.0/(1.79-v1))))/((v1+(-2200.0+(19.4/((10.6-v1)-v1))))/(1.87-v1)))
2.0605331576996298e-5,28.0,0,67.0,-1.0,true,2.37775203921764e-5,3.5272543783538683e-6,7.0,(((v1+exp(v1))-(-1003.32489451354+(1133.35689235547/(1.79370104805901-v1))))/((-2196.05261329961+(v1+((14.9830168812662-v1)/(5.29822689624387-v1))))/(1.87341734959636-v1))),-0.9999999999475322,7.839321594764568e-11,4.104083145785308e-6,7.839321594764568e-11,441.0,4.252385322148916e-6,(((v1+exp(v1))-(-1000.0+(1130.0/(1.79-v1))))/((-2200.0+(v1+((15.0-v1)/(5.3-v1))))/(1.87-v1)))
4.2189287777679574e-5,28.0,0,29.0,-1.0,true,1.586521439667088e-5,1.8660159679505611e-6,7.0,((v1+(exp(v1)-(-1002.32488884199+((1131.55486409369+v1)/(1.79369307980697-v1)))))/((v1+(-2195.05647968922+(9.69161134716226/(5.29840512505285-v1))))/(1.87340958988966-v1))),-0.9999999999786259,3.1935530504894806e-11,6.115379874019211e-6,3.1935530504894806e-11,375.0,2.4938091716560085e-6,((v1+(exp(v1)-(-1000.0+((1130.0+v1)/(1.79-v1)))))/((v1+(-2200.0+(9.69/(5.3-v1))))/(1.87-v1)))
0.03670510941380005,28.0,0,41.0,-1.0,true,0.013802897867626174,0.001061333322041221,9.0,(((0.611625408965352+v1)+(exp(v1)-(-1002.03671610877+(1146.09140987773/(1.80669730358121-v1)))))/((-2191.15439521967+(36.9360398927423/(16.2477287667229-(3.04078630355556*v1))))/(1.88583552699832-v1))),-0.999969540516559,4.551009077888204e-5,0.00511637797179824,4.551009077888204e-5,229.0,0.0033746348072609157,(((0.612+v1)+(exp(v1)-(-1000.0+(1150.0/(1.81-v1)))))/((-2190.0+(36.9/(16.2-(3.04*v1))))/(1.89-v1)))
5.270579173403612e-5,28.0,0,295.0,-1.0,true,1.981992894056761e-5,3.083389492605779e-6,8.0,((v1+(0.315636476039637+(exp(v1)-(-1003.00924789173+(1133.34562315708/(1.79369007816338-v1))))))/((-2195.05417102162+(v1+(9.68618635221146/(5.29826229792853-v1))))/(1.87340647244001-v1))),-0.999999999934687,9.75853976170817e-11,7.90545073154606e-6,9.75853976170817e-11,265.0,5.214837071755574e-6,((v1+(0.316+(exp(v1)-(-1000.0+(1130.0/(1.79-v1))))))/((-2200.0+(v1+(9.69/(5.3-v1))))/(1.87-v1)))
0.02718692892965295,28.0,0,1.0,-1.0,true,0.05349482389378224,0.018018031472960397,8.0,((v1+(exp(v1)-(-1003.3060475716+(1131.57491100652/(1.7904083962111-v1)))))/(((-2178.09281280257+v1)+(11.5368129018525+(-31.7768073789177/(3.7793531045612+v1))))/(1.8761847390962-v1))),-0.9997322640445035,0.0004000293590986323,0.011354337276243995,0.0004000293590986323,276.0,0.011872566537337238,((v1+(exp(v1)-(-1000.0+(1130.0/(1.79-v1)))))/(((-2180.0+v1)+(11.5+(-31.8/(3.78+v1))))/(1.88-v1)))
0.07096614936694659,28.0,0,3.0,-1.0,true,0.05694222247862113,0.025698728259414563,9.0,((v1+(exp(v1)-(-1002.60529911912+(1126.84944728474/(1.78819182774988-v1)))))/((-2156.41592018024+(7.82598546205473/(-1003.26005113342-(1133.33443897028/(9.62065152784818-v1)))))/(1.88102410965358-v1))),-0.9996481032071132,0.0005257756593295541,0.01955742043888398,0.0005257756593295541,243.0,0.014603492027642231,((v1+(exp(v1)-(-1000.0+(1130.0/(1.79-v1)))))/((-2160.0+(7.83/(-1000.0-(1130.0/(9.62-v1)))))/(1.88-v1)))
2.5471384459915994e-5,28.0,0,18.0,-1.0,true,9.578473511240304e-6,2.4360973064077778e-6,7.0,((v1+(exp(v1)-(-1003.32489535525+(1133.35504440327/(1.79369937465975-v1)))))/((-2195.05652212732+(v1+(19.3836043073444/((10.5968167755497-v1)-v1))))/(1.8734155800426-v1))),-0.999999999991921,1.2070902277146692e-11,4.197327455878357e-6,1.2070902277146692e-11,309.0,1.7954222857989588e-6,((v1+(exp(v1)-(-1000.0+(1130.0/(1.79-v1)))))/((-2200.0+(v1+(19.4/((10.6-v1)-v1))))/(1.87-v1)))
8.338118795855643e-5,28.0,0,35.0,-1.0,true,5.072586711341032e-5,4.639647422738196e-6,8.0,((v1+(exp(v1)-(-1003.32487041979+(1133.33448254506/(1.79367908163144-v1)))))/((v1+(-2195.05002520863+(-40.9095193634699/(-22.3958330986636+(4.2271887869178*v1)))))/(1.8733959432536-v1))),-0.9999999997024684,4.4454760886837017e-10,1.2641916822073972e-5,4.4454760886837017e-10,276.0,1.0338296670655417e-5,((v1+(exp(v1)-(-1000.0+(1130.0/(1.79-v1)))))/((v1+(-2200.0+(-40.9/(-22.4+(4.23*v1)))))/(1.87-v1)))
8.596196073031322e-5,28.0,0,222.0,-1.0,true,3.5431884899406185e-5,3.0682932736326497e-6,8.0,((v1+(exp(v1)-(-1003.3248708645+(1133.33332347476/(1.79367804263606-v1)))))/((v1+(-2195.05236500313+(39.417865316902/(21.5699513942371-(4.07121725117546*v1)))))/(1.87339490442205-v1))),-0.9999999998075214,2.8758587088393316e-10,1.2295749729357257e-5,2.8758587088393316e-10,276.0,8.587967380679906e-6,((v1+(exp(v1)-(-1000.0+(1130.0/(1.79-v1)))))/((v1+(-2200.0+(39.4/(21.6-(4.07*v1)))))/(1.87-v1)))
5.614487251842222e-5,28.0,0,242.0,-1.0,true,3.576117871650908e-5,3.246696101843705e-6,8.0,((v1+(exp(v1)-(-1003.32487958573+(1133.34300754196/(1.79368753585398-v1)))))/((-2195.05109463406+(v1+(35.9051421263589/(19.6481204235785-(v1/0.269652053554323)))))/(1.87340458124153-v1))),-0.9999999998556499,2.156761192461959e-10,8.656133468742138e-6,2.156761192461959e-10,276.0,7.297059724357263e-6,((v1+(exp(v1)-(-1000.0+(1130.0/(1.79-v1)))))/((-2200.0+(v1+(35.9/(19.6-(v1/0.27)))))/(1.87-v1)))
1.1361370076036813e-5,28.0,0,79.0,-1.0,true,1.2425652328840187e-5,3.8119624442831134e-6,7.0,((v1+(exp(v1)-(-1002.32490718676+((1131.57507462822+v1)/(1.7937126709939-v1)))))/(((-2195.05381055462+v1)+(9.68764077168554/(5.29829854658277-v1)))/(1.87342851644721-v1))),-0.9999999999852595,2.2024165399286814e-11,2.899119845429701e-6,2.2024165399286814e-11,375.0,2.5501480092754436e-6,((v1+(exp(v1)-(-1000.0+((1130.0+v1)/(1.79-v1)))))/(((-2200.0+v1)+(9.69/(5.3-v1)))/(1.87-v1)))
4.3565439648755004e-5,28.0,0,153.0,-1.0,true,2.7734130301215743e-5,5.002665360266307e-6,8.0,((v1+(exp(v1)-(-1003.32491752005+(1133.38109198706/(1.79372453837093-v1)))))/((-2195.05099170217+(v1+(29.5936217934552/(16.1926413831499-(3.05626830763808*v1)))))/(1.87343998774135-v1))),-0.9999999999129614,1.3004603733578904e-10,7.507499768566254e-6,1.3004603733578904e-10,276.0,5.932804878931025e-6,((v1+(exp(v1)-(-1000.0+(1130.0/(1.79-v1)))))/((-2200.0+(v1+(29.6/(16.2-(3.06*v1)))))/(1.87-v1)))
0.0001328875234216303,28.0,0,75.0,-1.0,true,4.9972141289433836e-5,2.5558467694807766e-6,7.0,((v1+(exp(v1)-(-1003.32485314934+(2266.62725471825/((3.58731841617219-v1)-v1)))))/((v1+(-2195.05524280558+(9.6884565980408/(5.298331782828-v1))))/(1.87337728329987-v1))),-0.9999999997700126,3.436284208319897e-10,1.7689475383850597e-5,3.436284208319897e-10,287.0,8.515759218181984e-6,((v1+(exp(v1)-(-1000.0+(2270.0/((3.59-v1)-v1)))))/((v1+(-2200.0+(9.69/(5.3-v1))))/(1.87-v1)))
6.052636674498101e-5,28.0,0,3.0,-1.0,true,6.094252690358459e-5,5.2793829249017895e-6,8.0,((v1+((0.354150880019566+exp(v1))-(-1002.97072717805+(1133.34338657884/(1.79368766320299-v1)))))/(((-2195.0482052065+v1)+(9.67452156769352/(5.29795922667277-v1)))/(1.87340417619814-v1))),-0.9999999996459373,5.290117415861481e-10,1.0132203244384073e-5,5.290117415861481e-10,265.0,1.0506421457258386e-5,((v1+((0.354+exp(v1))-(-1000.0+(1130.0/(1.79-v1)))))/(((-2200.0+v1)+(9.67/(5.3-v1)))/(1.87-v1)))
0.020717861107226624,28.0,0,4.0,-1.0,true,0.05383642575031278,0.01631429027958936,7.0,((v1+(exp(v1)-(-1004.31333984852+((1134.12544033948-v1)/(1.79069251793947-v1)))))/((v1+(-2176.90947903827+(-42.5519940110283/(-12.635418253651+v1))))/(1.87493286701059-v1))),-0.9997339153085878,0.00039756217417352344,0.009927216486235709,0.00039756217417352344,375.0,0.01148205464110991,((v1+(exp(v1)-(-1000.0+((1130.0-v1)/(1.79-v1)))))/((v1+(-2180.0+(-42.6/(-12.6+v1))))/(1.87-v1)))
0.03805011690903829,28.0,0,6.0,-1.0,true,0.06292844869438863,0.0221446740644543,8.0,((v1+(exp(v1)-(-1003.30116132395+(1131.13477141202/(1.79009555149098-v1)))))/(((v1+(-2178.29613273181+(0.720832358623569/(3.96525933042848-v1))))--16.2915717750013)/(1.87796188700706-v1))),-0.9996404915978666,0.0005371483087856286,0.014330029132839681,0.0005371483087856286,276.0,0.012712271054250657,((v1+(exp(v1)-(-1000.0+(1130.0/(1.79-v1)))))/(((v1+(-2180.0+(0.721/(3.97-v1))))--16.3)/(1.88-v1)))
6.579446058739769e-5,28.0,0,115.0,-1.0,true,5.070822048303114e-5,5.281219604966785e-6,8.0,((v1+(exp(v1)-(-1003.3248738443+(1133.33891982428/(1.79368351669012-v1)))))/(((-2195.04870186097+v1)+(-40.9101251108936/(-22.3958537463068+(4.22718473292452*v1))))/(1.87340096465761-v1))),-0.9999999997336123,3.980148385392309e-10,1.069297635042749e-5,3.980148385392309e-10,276.0,9.6303711107186e-6,((v1+(exp(v1)-(-1000.0+(1130.0/(1.79-v1)))))/(((-2200.0+v1)+(-40.9/(-22.4+(4.23*v1))))/(1.87-v1)))
8.323123888868465e-5,28.0,0,328.0,-1.0,true,3.525676038274028e-5,3.4182084404703445e-6,8.0,((v1+(exp(v1)-(-1003.32487047624+(1133.33332670639/(1.79367810475866-v1)))))/((v1+(-2195.05185826791+(35.9064808410125/(19.6481371171642-(v1/0.2696523186291)))))/(1.87339531467914-v1))),-0.9999999998140012,2.779042378945249e-10,1.204383240586348e-5,2.779042378945249e-10,276.0,8.491029004666084e-6,((v1+(exp(v1)-(-1000.0+(1130.0/(1.79-v1)))))/((v1+(-2200.0+(35.9/(19.6-(v1/0.27)))))/(1.87-v1)))
8.290942676293336e-5,28.0,0,70.0,-1.0,true,3.1177957732553274e-5,2.686898926865423e-6,7.0,((v1+(exp(v1)-(-1003.32487610273+(1133.33551444009/(1.79368023563707-v1)))))/((v1+(-2196.05676037391+((14.987379934229-v1)/(5.29833399542355-v1))))/(1.87339649269646-v1))),-0.9999999999101391,1.3426283724642311e-10,1.141234728202004e-5,1.3426283724642311e-10,441.0,5.449212429235045e-6,((v1+(exp(v1)-(-1000.0+(1130.0/(1.79-v1)))))/((v1+(-2200.0+((15.0-v1)/(5.3-v1))))/(1.87-v1)))
7.483708827631776e-5,28.0,0,246.0,-1.0,true,2.8142367716255112e-5,3.0456036417368552e-6,8.0,(((0.992495793654653+v1)+(exp(v1)-(-1002.33238023678+(1133.33774320566/(1.79368235452236-v1)))))/((-2195.05344511478+(v1+(9.6840284290114/(5.29820669554232-v1))))/(1.87339893287139-v1))),-0.9999999998682595,1.9683592813338317e-10,1.075950177015628e-5,1.9683592813338317e-10,265.0,7.188207100921468e-6,(((0.992+v1)+(exp(v1)-(-1000.0+(1130.0/(1.79-v1)))))/((-2200.0+(v1+(9.68/(5.3-v1))))/(1.87-v1)))
1.7999764394420175e-5,28.0,0,31.0,-1.0,true,4.7586226260332154e-5,6.322219754077582e-6,8.0,((v1+(exp(v1)-(-1003.32491045153+(1133.37465874065/(1.79371800354945-v1)))))/((-2195.04982358686+(v1+(-40.8800388108978/(-22.3809530103353+(4.22440322125686*v1)))))/(1.87343273359692-v1))),-0.9999999998066184,2.8893513595414883e-10,4.966683870419073e-6,2.8893513595414883e-10,276.0,7.043820463500938e-6,((v1+(exp(v1)-(-1000.0+(1130.0/(1.79-v1)))))/((-2200.0+(v1+(-40.9/(-22.4+(4.22*v1)))))/(1.87-v1)))
8.64446127792007e-5,28.0,0,91.0,-1.0,true,3.250735879700706e-5,2.1656468582347124e-6,7.0,((v1+(exp(v1)-(-1003.32487590141+(1133.33382742384/(1.7936786860155-v1)))))/(((-2195.05890848651+v1)+(19.386468744709/(10.5968871542641-(v1+v1))))/(1.87339502675461-v1))),-0.9999999999096895,1.349346695742972e-10,1.1819895367289593e-5,1.349346695742972e-10,309.0,5.022112183596106e-6,((v1+(exp(v1)-(-1000.0+(1130.0/(1.79-v1)))))/(((-2200.0+v1)+(19.4/(10.6-(v1+v1))))/(1.87-v1)))
0.022337629571179782,28.0,0,4.0,-1.0,true,0.008400029982200241,0.000531882823976832,8.0,(((0.894054631485971+v1)+(exp(v1)-(-1002.42362992504+(1125.04742005313/(1.78563670103929-v1)))))/(((-2196.59586257402+v1)+(11.6779217603818/(5.34857594857822-v1)))/(1.8654584784426-v1))),-0.999990370762578,1.4387225904574726e-5,0.00305799274660386,1.4387225904574726e-5,265.0,0.0018854501019823916,(((0.894+v1)+(exp(v1)-(-1000.0+(1130.0/(1.79-v1)))))/(((-2200.0+v1)+(11.7/(5.35-v1)))/(1.87-v1)))
0.00011643194698942936,28.0,0,148.0,-1.0,true,4.378404801103075e-5,3.6640760604226933e-6,7.0,((v1+(exp(v1)-(-1002.32485863519+((1131.52713328137+v1)/(1.79366595398404-v1)))))/((-2195.05282372893+(v1+(9.68345850766158/(5.29819901006289-v1))))/(1.87338359755912-v1))),-0.9999999997517529,3.7091073170958635e-10,1.624444699626148e-5,3.7091073170958635e-10,375.0,9.728612693004485e-6,((v1+(exp(v1)-(-1000.0+((1130.0+v1)/(1.79-v1)))))/((-2200.0+(v1+(9.68/(5.3-v1))))/(1.87-v1)))
0.0001599189630003365,28.0,0,52.0,-1.0,true,6.013727104053901e-5,2.342746278639819e-6,7.0,((v1+(exp(v1)-(-1003.32484734547+(2266.61420348655/((3.58730510647221-v1)-v1)))))/(((-2195.05607693844+v1)+(9.68580242455622/(5.29825334195943-v1)))/(1.87336970639013-v1))),-0.9999999996479658,5.259808487217206e-10,2.108486361793326e-5,5.259808487217206e-10,287.0,1.0638150831906307e-5,((v1+(exp(v1)-(-1000.0+(2270.0/((3.59-v1)-v1)))))/(((-2200.0+v1)+(9.69/(5.3-v1)))/(1.87-v1)))
6.731818767530831e-5,28.0,0,84.0,-1.0,true,7.146588165340972e-5,6.66339997849942e-6,7.0,((v1+(exp(v1)-(-1003.32487472268+(1133.34102388832/(1.79368530426165-v1)))))/((-2195.04676304082+(v1+(19.343203222985/((10.5957674576787-v1)-v1))))/(1.87340190742369-v1))),-0.9999999995190718,7.185638422910763e-10,1.1604527249252387e-5,7.185638422910763e-10,309.0,1.2231112027846769e-5,((v1+(exp(v1)-(-1000.0+(1130.0/(1.79-v1)))))/((-2200.0+(v1+(19.3/((10.6-v1)-v1))))/(1.87-v1)))
7.403034890258413e-5,28.0,0,54.0,-1.0,true,6.782057069676384e-5,6.274224694264945e-6,7.0,((v1+(exp(v1)-(-1003.32487284697+(1133.33862628926/(1.79368298675473-v1)))))/(((-2194.04750695982+v1)+((4.37477302692895+v1)/(5.29791162031805-v1)))/(1.87339960539967-v1))),-0.9999999995503306,6.718596157888571e-10,1.2264981349359844e-5,6.718596157888571e-10,441.0,1.2077215740067399e-5,((v1+(exp(v1)-(-1000.0+(1130.0/(1.79-v1)))))/(((-2190.0+v1)+((4.37+v1)/(5.3-v1)))/(1.87-v1)))
3.429292907875543e-5,28.0,0,77.0,-1.0,true,1.2895801298928866e-5,3.162617931703244e-6,8.0,((v1+(exp(v1)-(-1003.32491557612+(1133.37694634478/(1.79372065090001-v1)))))/((-2173.1552790257+(v1+(-21.8989134122772+(9.68924569534273/(5.29834013534347-v1)))))/(1.87343632646966-v1))),-0.9999999999825697,2.604292000753915e-11,5.721718500406531e-6,2.604292000753915e-11,276.0,2.9283312859978983e-6,((v1+(exp(v1)-(-1000.0+(1130.0/(1.79-v1)))))/((-2170.0+(v1+(-21.9+(9.69/(5.3-v1)))))/(1.87-v1)))
8.458414359882882e-5,28.0,0,61.0,-1.0,true,5.589059617561176e-5,4.915205238193595e-6,8.0,((v1+(exp(v1)-(-1003.32487046271+(1133.33478559494/(1.79367930709165-v1)))))/((-1622.31796301061+(v1+((9.67614913168509/(5.29800136479214-v1))-572.731638376773)))/(1.87339593565918-v1))),-0.9999999996540143,5.169437016383695e-10,1.2960190591868652e-5,5.169437016383695e-10,276.0,1.1015282491755318e-5,((v1+(exp(v1)-(-1000.0+(1130.0/(1.79-v1)))))/((-1620.0+(v1+((9.68/(5.3-v1))-573.0)))/(1.87-v1)))
0.007450770625104803,28.0,0,6.0,-1.0,true,0.0028018504130862265,0.00015635550336379162,8.0,(((0.952129424024521+v1)+(exp(v1)-(-1002.37041990602+(1130.66304885682/(1.79108602158639-v1)))))/((v1+(-2195.54151853488+(-10.2967910663247/(-5.31395659952005+v1))))/(1.87083717423806-v1))),-0.9999990249588191,1.456827485040819e-6,0.001009392629344191,1.456827485040819e-6,265.0,0.0005945069493993316,(((0.952+v1)+(exp(v1)-(-1000.0+(1130.0/(1.79-v1)))))/((v1+(-2200.0+(-10.3/(-5.31+v1))))/(1.87-v1)))
0.05655421500340587,28.0,0,1.0,-1.0,true,0.021267122374584058,0.0006732880635233448,8.0,((v1+(exp(v1)-(-1002.65364470771+(1152.16766348082/(1.81260429953993-v1)))))/((-2190.37462047815+((40.0317897416563-v1)/(17.1733904760434-(3.2343152206071*v1))))/(1.89164737808355-v1))),-0.9999561899045818,6.54574928485397e-5,0.007405546998141062,6.54574928485397e-5,474.0,0.0037150584952232273,((v1+(exp(v1)-(-1000.0+(1150.0/(1.81-v1)))))/((-2190.0+((40.0-v1)/(17.2-(3.23*v1))))/(1.89-v1)))
4.9296154423229206e-5,28.0,0,185.0,-1.0,true,1.8537740266610925e-5,3.1281776362472635e-6,8.0,(((v1-0.22198805197939)+(exp(v1)-(-1003.54687408796+(1133.34702547031/(1.79369144596476-v1)))))/((-2195.05456077926+(v1+(9.68682970138036/(5.29827826436183-v1))))/(1.87340773291845-v1))),-0.9999999999464523,8.000661419750508e-11,7.46130819277189e-6,8.000661419750508e-11,265.0,4.7702810294196485e-6,(((v1-0.222)+(exp(v1)-(-1000.0+(1130.0/(1.79-v1)))))/((-2200.0+(v1+(9.69/(5.3-v1))))/(1.87-v1)))
3.705276460244649e-5,28.0,0,77.0,-1.0,true,1.3933633046969707e-5,3.1026301601319244e-6,7.0,((v1+(exp(v1)-(-1003.32491630035+(1133.3779073265/(1.7937215802758-v1)))))/((-2195.05385838178+(v1+(19.3775557836876/(10.5966564618124-(v1+v1)))))/(1.87343725959905-v1))),-0.9999999999784142,3.225175043587032e-11,6.111265595813149e-6,3.225175043587032e-11,309.0,3.251442279091077e-6,((v1+(exp(v1)-(-1000.0+(1130.0/(1.79-v1)))))/((-2200.0+(v1+(19.4/(10.6-(v1+v1)))))/(1.87-v1)))
7.379831844516163e-5,28.0,0,70.0,-1.0,true,2.77517399775995e-5,2.810434798665914e-6,8.0,((v1+(exp(v1)-(-1003.32487839284+(1133.33848463684/(1.79368312736219-v1)))))/(((-2195.05578650486+v1)+(36.0001801925987/(19.6884797072329-(v1/0.269106865807222))))/(1.87339946212823-v1))),-0.9999999999190837,1.2089859247901598e-10,1.037003931949102e-5,1.2089859247901598e-10,276.0,5.5015071060288134e-6,((v1+(exp(v1)-(-1000.0+(1130.0/(1.79-v1)))))/(((-2200.0+v1)+(36.0/(19.7-(v1/0.269))))/(1.87-v1)))
7.154252916489464e-5,28.0,0,11.0,-1.0,true,6.12378944055969e-5,5.4893661995371606e-6,8.0,((v1+(exp(v1)-(-1003.32487406524+(1133.33927651408/(1.79368366713482-v1)))))/(((-2195.04835262789+v1)+(35.3794061893433/(19.3743925849683-(3.65695272148831*v1))))/(1.87340031563438-v1))),-0.9999999996257011,5.592470533892056e-10,1.1596975972158605e-5,5.592470533892056e-10,276.0,1.1087268036214654e-5,((v1+(exp(v1)-(-1000.0+(1130.0/(1.79-v1)))))/(((-2200.0+v1)+(35.4/(19.4-(3.66*v1))))/(1.87-v1)))
3.958023104570115e-6,28.0,0,271.0,-1.0,true,6.190767364966376e-6,2.0545691131957966e-6,7.0,((v1+(exp(v1)-(-1003.32490373874+(1133.36443808738/(1.79370846018151-v1)))))/((-2196.05508394097+(v1+((14.9878497041345-v1)/(5.29834680034872-v1))))/(1.87342433900357-v1))),-0.99999999999646,5.289133708891005e-12,1.3869983019654563e-6,5.289133708891005e-12,441.0,1.299105046540655e-6,((v1+(exp(v1)-(-1000.0+(1130.0/(1.79-v1)))))/((-2200.0+(v1+((15.0-v1)/(5.3-v1))))/(1.87-v1)))
7.213128886033123e-5,28.0,0,24.0,-1.0,true,5.5355173281146364e-5,5.227365655984084e-6,7.0,((v1+(exp(v1)-(-1003.32487320937+(1133.33812539335/(1.79368263647157-v1)))))/((v1+(-2195.04884953233+(19.352737340205/((10.5960211131045-v1)-v1))))/(1.87339959896191-v1))),-0.9999999996820754,4.750170900861938e-10,1.1495343392193157e-5,4.750170900861938e-10,309.0,1.0409216616963368e-5,((v1+(exp(v1)-(-1000.0+(1130.0/(1.79-v1)))))/((v1+(-2200.0+(19.4/((10.6-v1)-v1))))/(1.87-v1)))
8.372998394009016e-5,28.0,0,136.0,-1.0,true,5.731425762833808e-5,4.860447540512539e-6,7.0,((v1+(exp(v1)-(-1003.32487135505+(1133.33565166907/(1.79368010701429-v1)))))/((v1+(-2195.04961132011+(19.3513111446655/(10.5959739839904-(v1+v1)))))/(1.8733965314557-v1))),-0.9999999996422325,5.345471540771805e-10,1.2867572350584167e-5,5.345471540771805e-10,309.0,1.1157212666066535e-5,((v1+(exp(v1)-(-1000.0+(1130.0/(1.79-v1)))))/((v1+(-2200.0+(19.4/(10.6-(v1+v1)))))/(1.87-v1)))
6.998769943072245e-5,28.0,0,175.0,-1.0,true,2.631876277336964e-5,3.0300488932643116e-6,8.0,((v1+(0.0179085424174669+(exp(v1)-(-1003.30697180548+(1133.3384912577/(1.79368333248562-v1))))))/((-2195.05869077452+(v1+(9.69466966223196/(5.29848435240385-v1))))/(1.87339999305913-v1))),-0.9999999999343413,9.810192850283227e-11,9.975228550020266e-6,9.810192850283227e-11,265.0,4.921942275977476e-6,((v1+(0.0179+(exp(v1)-(-1000.0+(1130.0/(1.79-v1))))))/((-2200.0+(v1+(9.69/(5.3-v1))))/(1.87-v1)))
0.00011381998626972548,28.0,0,46.0,-1.0,true,4.280182434723834e-5,2.6531513712044947e-6,7.0,((v1+(exp(v1)-(-1003.32486367331+(1133.32423345069/(1.79366917884471-v1)))))/(((-2195.05500403898+v1)+(19.369887420975/((10.5964580239639-v1)-v1)))/(1.87338582158084-v1))),-0.9999999997917367,3.1117010529689676e-10,1.545720187024234e-5,3.1117010529689676e-10,309.0,8.673212803782249e-6,((v1+(exp(v1)-(-1000.0+(1130.0/(1.79-v1)))))/(((-2200.0+v1)+(19.4/((10.6-v1)-v1)))/(1.87-v1)))
6.660877972898447e-5,28.0,0,14.0,-1.0,true,4.112694091551461e-5,4.671364133420124e-6,8.0,((v1+(0.0179049664750358+(exp(v1)-(-1003.30696822954+(1133.33753899612/(1.79368229891651-v1))))))/((-2195.04975067718+(v1+(9.68072745499782/(5.29813091389328-v1))))/(1.87340008598336-v1))),-0.9999999998059023,2.9000511811135754e-10,1.0476837861938573e-5,2.9000511811135754e-10,265.0,8.541112195451644e-6,((v1+(0.0179+(exp(v1)-(-1000.0+(1130.0/(1.79-v1))))))/((-2200.0+(v1+(9.68/(5.3-v1))))/(1.87-v1)))
9.761382707177774e-5,28.0,0,252.0,-1.0,true,3.670752402207267e-5,3.2803469343691996e-6,8.0,((v1+(exp(v1)-(-1003.32486420741+(1133.32652318978/(1.79367164285297-v1)))))/((-2195.01390892344+((v1-0.0389361643455054)+(9.68503826717426/(5.29824201102589-v1))))/(1.87338949169693-v1))),-0.9999999998276186,2.5755829644307897e-10,1.3704219850843578e-5,2.5755829644307897e-10,276.0,8.200908150617081e-6,((v1+(exp(v1)-(-1000.0+(1130.0/(1.79-v1)))))/((-2200.0+((v1-0.0389)+(9.69/(5.3-v1))))/(1.87-v1)))
2.0984726997651686e-5,28.0,0,228.0,-1.0,true,7.89127312667004e-6,2.9237759623179445e-6,8.0,((v1+(exp(v1)-(-1003.32489788034+(1133.35718275783/(1.79370144080119-v1)))))/((-2.0346280077868+((-2193.02243771629+v1)+(9.69238643101446/(5.29842146711478-v1))))/(1.87341739825951-v1))),-0.999999999993448,9.789510775558882e-12,3.866605195750364e-6,9.789510775558882e-12,276.0,1.9308907331233582e-6,((v1+(exp(v1)-(-1000.0+(1130.0/(1.79-v1)))))/((-2.03+((-2190.0+v1)+(9.69/(5.3-v1))))/(1.87-v1)))
0.13747937355981124,28.0,0,1.0,-1.0,true,0.059900838493956776,0.012168213876345075,7.0,((v1+(exp(v1)-(-1003.99124660947+(1126.72117359269/(1.78538148320926-v1)))))/(((v1+(-2174.5362175382+v1))+(24.1881029523008/(2.45476426164834-v1)))/(1.85539638363688-v1))),-0.9994627535444047,0.000802710098878177,0.02310931384465404,0.000802710098878177,309.0,0.01677129941049424,((v1+(exp(v1)-(-1000.0+(1130.0/(1.79-v1)))))/(((v1+(-2170.0+v1))+(24.2/(2.45-v1)))/(1.86-v1)))
0.00012466363295728452,28.0,0,93.0,-1.0,true,4.687956039356456e-5,2.2814906249195453e-6,7.0,((v1+(exp(v1)-(-1003.32486014161+(2266.63503129662/((3.5873260938375-v1)-v1)))))/((v1+(-2195.05973604361+(9.69595174334484/(5.29852223157943-v1))))/(1.87338054219423-v1))),-0.9999999998047525,2.917229598287397e-10,1.6536783898104962e-5,2.917229598287397e-10,287.0,7.659935072412e-6,((v1+(exp(v1)-(-1000.0+(2270.0/((3.59-v1)-v1)))))/((v1+(-2200.0+(9.7/(5.3-v1))))/(1.87-v1)))
0.00010267732639090986,28.0,0,91.0,-1.0,true,3.861164486712587e-5,5.518711281226686e-6,7.0,((v1+(exp(v1)-(-1003.3248574806+(2266.64251452526/((3.58733386427488-v1)-v1)))))/(((-2195.05067340473+v1)+(9.68424758713962/(5.29823117590755-v1)))/(1.87338602538168-v1))),-0.9999999997923599,3.1023897384286303e-10,1.5042818119068809e-5,3.1023897384286303e-10,287.0,9.211207708879898e-6,((v1+(exp(v1)-(-1000.0+(2270.0/((3.59-v1)-v1)))))/(((-2200.0+v1)+(9.68/(5.3-v1)))/(1.87-v1)))
7.1117925432919e-5,28.0,0,34.0,-1.0,true,2.6743782459315302e-5,3.09514043990633e-6,8.0,((v1+(exp((-1.10224599303599e-5+v1))-(-1003.32488050455+(1133.33920527801/(1.7936839190087-v1)))))/((-2195.05781948999+(v1+(9.69302210862309/(5.29842238727335-v1))))/(1.87340024430805-v1))),-0.99999999992951,1.0532039506399715e-10,1.0108956237886586e-5,1.0532039506399715e-10,331.0,5.11546183605896e-6,((v1+(exp((-1.1e-5+v1))-(-1000.0+(1130.0/(1.79-v1)))))/((-2200.0+(v1+(9.69/(5.3-v1))))/(1.87-v1)))
7.21924047485718e-5,28.0,0,83.0,-1.0,true,3.836993406070022e-5,3.667208376014423e-6,7.0,((exp(v1)+(v1-(-1003.32487390465+(1133.33730011584/(1.79368195905052-v1)))))/(((-2195.05109458346+v1)+(19.3625886483911/(10.5962815207247-(v1+v1))))/(1.87339911228513-v1))),-0.9999999998151232,2.762278315292424e-10,1.078890788603059e-5,2.762278315292424e-10,309.0,8.362409215787597e-6,((exp(v1)+(v1-(-1000.0+(1130.0/(1.79-v1)))))/(((-2200.0+v1)+(19.4/(10.6-(v1+v1))))/(1.87-v1)))
1.1363125506836413e-5,28.0,0,71.0,-1.0,true,9.714347908307275e-6,3.254668625956287e-6,7.0,((v1+(exp(v1)-(-1002.32490707098+((1131.57477949062+v1)/(1.79371241058985-v1)))))/(((-2195.05408143328+v1)+(9.68845595896795/(5.29832074870579-v1)))/(1.87342835138991-v1))),-0.9999999999902522,1.4564337919225544e-11,2.8012599072893855e-6,1.4564337919225544e-11,375.0,2.230015000933422e-6,((v1+(exp(v1)-(-1000.0+((1130.0+v1)/(1.79-v1)))))/(((-2200.0+v1)+(9.69/(5.3-v1)))/(1.87-v1)))
0.043700585900457334,28.0,0,3.0,-1.0,true,0.055105535955435325,0.01948797236559737,6.0,(((v1+exp(v1))-(-1003.30282498424+(1129.41350738122/(1.78895006174367-v1))))/((-2167.16439249542+(v1+((v1-v1)/(5.29771026880157-v1))))/(1.87765343074289-v1))),-0.9997038874349373,0.0004424273885943202,0.014576811303495358,0.0004424273885943202,540.0,0.012931466751497315,(((v1+exp(v1))-(-1000.0+(1130.0/(1.79-v1))))/((-2170.0+(v1+((v1-v1)/(5.3-v1))))/(1.88-v1)))
6.65317700224695e-5,28.0,0,335.0,-1.0,true,5.4488759131388065e-5,5.059314763773072e-6,8.0,((v1+(exp(v1)-(-1003.3248752697+(1133.34018252386/(1.79368463674281-v1)))))/((-2195.04885632986+(v1+(36.00515331722/(19.7131852461463-(v1/0.268754920023108)))))/(1.87340154095722-v1))),-0.9999999996992247,4.4939412949464303e-10,1.073196373778247e-5,4.4939412949464303e-10,276.0,1.0038644965491145e-5,((v1+(exp(v1)-(-1000.0+(1130.0/(1.79-v1)))))/((-2200.0+(v1+(36.0/(19.7-(v1/0.269)))))/(1.87-v1)))
6.890142686026076e-5,28.0,0,183.0,-1.0,true,5.129450370544575e-5,4.4906216726616315e-6,8.0,((v1+(exp(v1)-(-1003.32487554772+(1133.339869667/(1.7936843153076-v1)))))/((-2195.04967106716+(v1+(-39.8274348928228/(-21.8041238077509+(4.11551125377759*v1)))))/(1.87340101145987-v1))),-0.9999999997237043,4.128185911155061e-10,1.0788650347256753e-5,4.128185911155061e-10,276.0,9.719995201523668e-6,((v1+(exp(v1)-(-1000.0+(1130.0/(1.79-v1)))))/((-2200.0+(v1+(-39.8/(-21.8+(4.12*v1)))))/(1.87-v1)))
6.852505561034441e-5,28.0,0,46.0,-1.0,true,2.5768737896947336e-5,2.2823766055853088e-6,7.0,((v1+(exp(v1)-(-1003.32487615838+(1133.3380374892/(1.79368279505459-v1)))))/((-2196.05334212309+(v1+((14.9843498282205-v1)/(5.29826627561846-v1))))/(1.87340002682618-v1))),-0.9999999999053015,1.4149078591054403e-10,9.72581244068843e-6,1.4149078591054403e-10,441.0,6.175607296945995e-6,((v1+(exp(v1)-(-1000.0+(1130.0/(1.79-v1)))))/((-2200.0+(v1+((15.0-v1)/(5.3-v1))))/(1.87-v1)))
8.979247170565907e-5,28.0,0,70.0,-1.0,true,3.376631580803702e-5,2.673326835766795e-6,8.0,(((v1-0.224731507839671)+(exp(v1)-(-1003.54960449946+(1133.33287305047/(1.79367764658743-v1)))))/(((-2195.05606401866+v1)+(9.68770546370979/(5.29829997403113-v1)))/(1.87339404924767-v1))),-0.99999999988548,1.7110635459971168e-10,1.2332780455400737e-5,1.7110635459971168e-10,265.0,6.3518967481426825e-6,(((v1-0.225)+(exp(v1)-(-1000.0+(1130.0/(1.79-v1)))))/(((-2200.0+v1)+(9.69/(5.3-v1)))/(1.87-v1)))
7.179261770755006e-5,28.0,0,18.0,-1.0,true,2.6997499413372594e-5,2.939593706995267e-6,8.0,((exp(v1)+(v1-(-1003.32487774484+(1133.33885926404/(1.79368347486725-v1)))))/((-2195.05432774307+(v1+(36.0381945052442/(19.713572666112-(v1/0.268761478599014)))))/(1.8733999797516-v1))),-0.9999999998985015,1.5165078740516848e-10,1.0265568721035842e-5,1.5165078740516848e-10,276.0,6.347666385568551e-6,((exp(v1)+(v1-(-1000.0+(1130.0/(1.79-v1)))))/((-2200.0+(v1+(36.0/(19.7-(v1/0.269)))))/(1.87-v1)))
7.239772187083126e-5,28.0,0,118.0,-1.0,true,2.722504786911717e-5,2.6910534981661083e-6,7.0,((exp(v1)+(v1-(-1003.32487656662+(1133.33799470129/(1.79368266755366-v1)))))/((-2195.05391080193+(v1+(19.3711545344031/((10.5964972517719-v1)-v1))))/(1.87339942565644-v1))),-0.9999999998946565,1.5739568484130515e-10,1.027972045609717e-5,1.5739568484130515e-10,309.0,6.460660134637725e-6,((exp(v1)+(v1-(-1000.0+(1130.0/(1.79-v1)))))/((-2200.0+(v1+(19.4/((10.6-v1)-v1))))/(1.87-v1)))
5.781460363525846e-5,28.0,0,25.0,-1.0,true,2.174108950986353e-5,1.6554956594026237e-6,7.0,(((v1+exp(v1))-(-1003.32488352285+(1133.34293945364/(1.79368760962746-v1))))/((-2196.05688080046+(v1+((14.9901935379039-v1)/(5.29840973990311-v1))))/(1.87340422753023-v1))),-0.9999999999601845,5.948912518240423e-11,7.992038051153905e-6,5.948912518240423e-11,441.0,3.182252912011657e-6,(((v1+exp(v1))-(-1000.0+(1130.0/(1.79-v1))))/((-2200.0+(v1+((15.0-v1)/(5.3-v1))))/(1.87-v1)))
7.738338830235804e-5,28.0,0,14.0,-1.0,true,2.9099899780893335e-5,3.4895291557423225e-6,8.0,((v1+(exp(v1)-(-1003.32487934085+(1133.33684316584/(1.79368167015917-v1)))))/((-2193.89301390385+(v1+(-1.16655012699329+(9.69497886141805/(5.29848921709931-v1)))))/(1.87339799479142-v1))),-0.9999999999190515,1.209466456177532e-10,1.1063161782890682e-5,1.209466456177532e-10,276.0,5.451526067894175e-6,((v1+(exp(v1)-(-1000.0+(1130.0/(1.79-v1)))))/((-2190.0+(v1+(-1.17+(9.69/(5.3-v1)))))/(1.87-v1)))
0.00896474457450157,28.0,0,9.0,-1.0,true,0.003371177902678546,0.0001918564427456604,8.0,((exp(v1)+(v1-(-1003.32763702804+(1136.52548319825/(1.79677631061664-v1)))))/((-2194.45428058407+(v1+(-36.483374294078/(-21.559025521206+(4.0842487294109*v1)))))/(1.8764515593073-v1))),-0.9999985756526116,2.1281443946073615e-6,0.0012163615433964613,2.1281443946073615e-6,276.0,0.0007199369686481834,((exp(v1)+(v1-(-1000.0+(1140.0/(1.8-v1)))))/((-2190.0+(v1+(-36.5/(-21.6+(4.08*v1)))))/(1.88-v1)))
4.712516262361093e-5,28.0,0,82.0,-1.0,true,2.750960020714288e-5,2.5086226559806402e-6,8.0,((v1+(exp((-2.53149380160861e-5+v1))-(-1003.32488307113+(1133.34783526796/(1.7936920822011-v1)))))/(((-2195.04905747171+v1)+(9.67931570210047/(5.29804640421596-v1)))/(1.87340860838517-v1))),-0.9999999999104112,1.3385623638132568e-10,7.081661519864113e-6,1.3385623638132568e-10,331.0,5.689565818645104e-6,((v1+(exp((-2.53e-5+v1))-(-1000.0+(1130.0/(1.79-v1)))))/(((-2200.0+v1)+(9.68/(5.3-v1)))/(1.87-v1)))
6.290774980394675e-5,28.0,0,219.0,-1.0,true,2.3656359005419514e-5,2.6543373823955437e-6,7.0,((v1+(exp(v1)-(-1003.32487986558+(1133.34119117792/(1.79368581449917-v1)))))/((-2195.05410455546+(v1+(19.3729112919944/(10.5965434219059-(v1+v1)))))/(1.87340256198621-v1))),-0.9999999999214763,1.173237887358095e-10,9.042684980318318e-6,1.173237887358095e-10,309.0,5.6433084794707544e-6,((v1+(exp(v1)-(-1000.0+(1130.0/(1.79-v1)))))/((-2200.0+(v1+(19.4/(10.6-(v1+v1)))))/(1.87-v1)))
0.03505524775018737,28.0,0,4.0,-1.0,true,0.050547638716252674,0.01801900334939633,7.0,((v1+(exp(v1)-(-1003.31198246903+(1133.21268449368/(1.78858000497872-v1)))))/((-2173.40047637254+(v1+(-7.53619584022952/((0.483719815331804-v1)-v1))))/(1.87506012806197-v1))),-0.9997560933309002,0.00036442557122728296,0.011744356482692935,0.00036442557122728296,309.0,0.011541574223060687,((v1+(exp(v1)-(-1000.0+(1130.0/(1.79-v1)))))/((-2170.0+(v1+(-7.54/((0.484-v1)-v1))))/(1.88-v1)))
6.1188661207644e-5,28.0,0,78.0,-1.0,true,3.540505988164355e-5,3.175989520321514e-6,8.0,(((1.83888797414003e-5+v1)+(exp(v1)-(-1003.32486015691+(1133.34165194412/(1.79368618737829-v1)))))/(((-2195.05148306233+v1)+(9.68196927428446/(5.298156630073-v1)))/(1.87340309505171-v1))),-0.9999999998507818,2.2294977144515825e-10,9.251968943780266e-6,2.2294977144515825e-10,265.0,7.4680183877913475e-6,(((1.84e-5+v1)+(exp(v1)-(-1000.0+(1130.0/(1.79-v1)))))/(((-2200.0+v1)+(9.68/(5.3-v1)))/(1.87-v1)))
7.04045012019767e-5,28.0,0,124.0,-1.0,true,2.6475500414846476e-5,3.180380920617777e-6,7.0,((exp(v1)+(v1-(-1003.3248788629+(1133.33989167196/(1.79368444110088-v1)))))/((-2195.05441780507+(v1+(19.3707366058351/(10.5964786809725-(v1+v1)))))/(1.8734007433313-v1))),-0.999999999897967,1.5244955536140925e-10,1.0178584715418004e-5,1.5244955536140925e-10,309.0,6.381436769207355e-6,((exp(v1)+(v1-(-1000.0+(1130.0/(1.79-v1)))))/((-2200.0+(v1+(19.4/(10.6-(v1+v1)))))/(1.87-v1)))
3.465815545984882e-5,28.0,0,75.0,-1.0,true,1.3033144097174265e-5,7.670345236823103e-7,8.0,((v1+(exp((-3.25748825151819e-5+v1))-(-1003.32488702459+(1133.35091140964/(1.7936952503926-v1)))))/((v1+(-2195.05046098136+(9.68439501946806/(5.29817117994964-v1))))/(1.87341211854512-v1))),-0.9999999999834638,2.470713440480085e-11,4.708240181390336e-6,2.470713440480085e-11,331.0,2.4238287660155455e-6,((v1+(exp((-3.26e-5+v1))-(-1000.0+(1130.0/(1.79-v1)))))/((v1+(-2200.0+(9.68/(5.3-v1))))/(1.87-v1)))
5.4595606292923576e-5,28.0,0,7.0,-1.0,true,2.0530590692069417e-5,1.7060910580376267e-6,8.0,(((v1-0.224725637670735)+(exp(v1)-(-1003.54961024372+(1133.34438154346/(1.7936889776838-v1)))))/((-2195.05633726951+(v1+(9.69061661311935/(5.29837857720543-v1))))/(1.87340549240205-v1))),-0.9999999999629512,5.5355341230633983e-11,7.724182163852515e-6,5.5355341230633983e-11,265.0,3.4938930392781897e-6,(((v1-0.225)+(exp(v1)-(-1000.0+(1130.0/(1.79-v1)))))/((-2200.0+(v1+(9.69/(5.3-v1))))/(1.87-v1)))
2.2159858090423165e-5,28.0,0,251.0,-1.0,true,5.35643917527473e-5,4.488471661079777e-6,8.0,((v1+((exp(v1)-0.132861391201458)-(-1003.4577520795+(1133.3562560877/(1.79370028848984-v1)))))/(((-2195.04797638056+v1)+(9.6764160152132/(5.29801088649267-v1)))/(1.87341683158966-v1))),-0.9999999997541318,3.673563255673136e-10,5.027363904451724e-6,3.673563255673136e-10,265.0,7.847068156617565e-6,((v1+((exp(v1)-0.133)-(-1000.0+(1130.0/(1.79-v1)))))/(((-2200.0+v1)+(9.68/(5.3-v1)))/(1.87-v1)))
0.036786636269138015,28.0,0,1.0,-1.0,true,0.01383355591157892,0.0009766913703128973,7.0,((exp(v1)+(v1-(-1003.31271794689+(2238.60262507827/((3.56012477786765-v1)-v1)))))/(((-2197.69116916408+v1)+(13.1793673224532/(5.38495520475171-v1)))/(1.8599542081036-v1))),-0.9999714483828677,4.265951161280573e-5,0.005086026304902565,4.265951161280573e-5,287.0,0.003262330073899967,((exp(v1)+(v1-(-1000.0+(2240.0/((3.56-v1)-v1)))))/(((-2200.0+v1)+(13.2/(5.38-v1)))/(1.86-v1)))
6.88482452333297e-5,28.0,0,47.0,-1.0,true,2.5890272839335093e-5,2.5314614012636186e-6,8.0,((exp(v1)+(v1-(-1003.32487757396+(1133.33892361594/(1.79368360593022-v1)))))/((-2195.05405131566+(v1+(33.3730243928401/(18.2545711446165-(3.44538448302861*v1)))))/(1.87340045231509-v1))),-0.9999999999094855,1.3523939761253246e-10,9.757610398928495e-6,1.3523939761253246e-10,276.0,6.006377697299892e-6,((exp(v1)+(v1-(-1000.0+(1130.0/(1.79-v1)))))/((-2200.0+(v1+(33.4/(18.3-(3.45*v1)))))/(1.87-v1)))
3.4930334174168886e-5,28.0,0,69.0,-1.0,true,3.558184863194924e-5,3.4966265155495595e-6,8.0,((exp(v1)+(v1-(-1003.3248853456+(1133.34953966041/(1.79369397791179-v1)))))/(((-2195.0501178964+v1)+(35.9785091342426/(19.688226229885-(v1/0.269102941590029))))/(1.87341127721427-v1))),-0.9999999998795278,1.7999979514792524e-10,6.070696665254279e-6,1.7999979514792524e-10,276.0,6.341691879761802e-6,((exp(v1)+(v1-(-1000.0+(1130.0/(1.79-v1)))))/(((-2200.0+v1)+(36.0/(19.7-(v1/0.269))))/(1.87-v1)))
7.013184325839482e-5,28.0,0,82.0,-1.0,true,3.9916904302828016e-5,4.078443051746081e-6,8.0,(((5.50242364897664e-5+v1)+(exp(v1)-(-1003.32481863778+(1133.33742588692/(1.79368211614165-v1)))))/((-2195.05054094263+(v1+(9.68092765000845/(5.29813281239642-v1))))/(1.8733994923679-v1))),-0.9999999998084471,2.8620282228036557e-10,1.0691798348452518e-5,2.8620282228036557e-10,265.0,8.489631136410908e-6,(((5.5e-5+v1)+(exp(v1)-(-1000.0+(1130.0/(1.79-v1)))))/((-2200.0+(v1+(9.68/(5.3-v1))))/(1.87-v1)))
3.1659446083412196e-5,28.0,0,137.0,-1.0,true,1.893111897599553e-5,3.864791175041028e-6,8.0,((v1+(exp(v1)-(-1003.32489341144+(1133.3544960162/(1.79369864346239-v1)))))/(((-2195.05439008798+v1)+(36.039379022257/(19.7135796836939-(v1/0.268761588894852))))/(1.87341439573636-v1))),-0.9999999999580077,6.274144265272789e-11,5.515702410693882e-6,6.274144265272789e-11,276.0,4.194071237997171e-6,((v1+(exp(v1)-(-1000.0+(1130.0/(1.79-v1)))))/(((-2200.0+v1)+(36.0/(19.7-(v1/0.269))))/(1.87-v1)))
3.110159886157081e-5,28.0,0,18.0,-1.0,true,1.9156983445345332e-5,3.621909407481599e-6,8.0,((v1+(exp(v1)-(-1003.32489267301+(1133.35402908932/(1.79369822978426-v1)))))/(((-2195.05403225855+v1)+(33.3721563922866/(18.254550971906-(3.44538864582578*v1))))/(1.8734142291144-v1))),-0.9999999999577032,6.319653419038885e-11,5.3746327145683625e-6,6.319653419038885e-11,276.0,4.189130709292277e-6,((v1+(exp(v1)-(-1000.0+(1130.0/(1.79-v1)))))/(((-2200.0+v1)+(33.4/(18.3-(3.45*v1))))/(1.87-v1)))
7.924852415856412e-5,28.0,0,51.0,-1.0,true,3.8975198622726026e-5,3.5308323980453397e-6,8.0,((v1+(exp(v1)-(-1003.32487226581+(1133.33537697067/(1.79368005508197-v1)))))/(((-2193.97943083068+v1)+(-1.07207347909762+(9.68107229336034/(5.29813250225839-v1))))/(1.87339702400814-v1))),-0.9999999997985842,3.0093909122109185e-10,1.161619584930026e-5,3.0093909122109185e-10,276.0,8.725606104341421e-6,((v1+(exp(v1)-(-1000.0+(1130.0/(1.79-v1)))))/(((-2190.0+v1)+(-1.07+(9.68/(5.3-v1))))/(1.87-v1)))
4.0521095613473025e-5,28.0,0,93.0,-1.0,true,1.9899539476231354e-5,3.0985981395977575e-6,7.0,((v1+(exp(v1)-(-1003.32488791306+(1133.34957505526/(1.79369395539154-v1)))))/(((-2195.05363988048+v1)+(19.3721546108292/(10.5965213752341-(v1+v1))))/(1.87341042526779-v1))),-0.9999999999473067,7.873007625009573e-11,6.398054474093274e-6,7.873007625009573e-11,309.0,4.692362989080351e-6,((v1+(exp(v1)-(-1000.0+(1130.0/(1.79-v1)))))/(((-2200.0+v1)+(19.4/(10.6-(v1+v1))))/(1.87-v1)))
2.433429411332466e-5,28.0,0,188.0,-1.0,true,2.2055400910492295e-5,3.661953214761442e-6,8.0,((v1+(exp(v1)-(-1003.3248941771+(1133.35610052312/(1.79370025649132-v1)))))/((v1+(-2195.05324757774+(35.9904345059816/(19.6883392415594-(v1/0.269105270636073)))))/(1.87341636314079-v1))),-0.9999999999521538,7.148790983489556e-11,4.5824572902897425e-6,7.148790983489556e-11,276.0,4.221281414952538e-6,((v1+(exp(v1)-(-1000.0+(1130.0/(1.79-v1)))))/((v1+(-2200.0+(36.0/(19.7-(v1/0.269)))))/(1.87-v1)))
6.775211318001962e-5,28.0,0,61.0,-1.0,true,2.5478074128504336e-5,2.6709480268750592e-6,8.0,((v1+(exp(v1)-(-1003.32487839787+(1133.33963769412/(1.79368428337377-v1)))))/((-2195.05420232677+(v1+(39.4346440722342/(21.5702207693746-(4.07118439826334*v1)))))/(1.87340100049305-v1))),-0.999999999911795,1.31788705932638e-10,9.65968858812101e-6,1.31788705932638e-10,276.0,5.940095322277267e-6,((v1+(exp(v1)-(-1000.0+(1130.0/(1.79-v1)))))/((-2200.0+(v1+(39.4/(21.6-(4.07*v1)))))/(1.87-v1)))
6.616877991120129e-5,28.0,0,366.0,-1.0,true,4.923189326611066e-5,4.704294514228427e-6,8.0,((v1+(exp(v1)-(-1003.32487978331+(1133.34310537175/(1.79368734135284-v1)))))/(((-2195.05099860909+v1)+(-39.8282564061606/(-21.8041181396203+(4.11551201499091*v1))))/(1.87340315729615-v1))),-0.9999999997454154,3.8037968375997326e-10,1.0477248072181312e-5,3.8037968375997326e-10,276.0,9.336478685575966e-6,((v1+(exp(v1)-(-1000.0+(1130.0/(1.79-v1)))))/(((-2200.0+v1)+(-39.8/(-21.8+(4.12*v1))))/(1.87-v1)))
3.104243749740578,28.0,0,0.0,-0.9761904761904762,true,1.1673459122771792,0.027247075949832455,7.0,((exp(v1)+(v1-(-998.395803871932+(1401.13557045795/(2.06005238514137-v1)))))/((-2191.22383957961+(v1+(((23.729745507702-v1)-v1)/0.267048208483659)))/(2.14624588657659-v1))),-0.8859131794764331,0.17045927810115113,0.39890673935433285,0.17045927810115113,309.0,0.15425398717410352,((exp(v1)+(v1-(-998.0+(1400.0/(2.06-v1)))))/((-2190.0+(v1+(((23.7-v1)-v1)/0.267)))/(2.15-v1)))
0.017286450020445553,29.0,0,2.0,-1.0,true,0.05447337357207882,0.012503494689978384,7.0,((v1+(exp(v1)-(-1003.30910699261+(1133.0133856733/(1.79241565358602-v1)))))/(((-2171.5714601302+v1)+(31.8129822382807/(21.5232135668623-(v1+exp(v1)))))/(1.872563767093-v1))),-0.9997319373745821,0.000400517442811906,0.008108780532999795,0.000400517442811906,375.0,0.010623819380223623,((v1+(exp(v1)-(-1000.0+(1130.0/(1.79-v1)))))/(((-2170.0+v1)+(31.8/(21.5-(v1+exp(v1)))))/(1.87-v1)))
0.01719850540595807,29.0,0,6.0,-1.0,true,0.054196240914247795,0.014270204731545636,8.0,(((v1-0.230352969778777)+(exp(v1)-(-1003.53850918072+(1133.12767396261/(1.79248531631923-v1)))))/((-2172.13127063035+(v1+(31.236282049149/(18.634973031235-exp(v1)))))/(1.87193062047595-v1))),-0.9997324923816766,0.00039968819620611845,0.008578754641849679,0.00039968819620611845,337.0,0.010821027440873886,(((v1-0.23)+(exp(v1)-(-1000.0+(1130.0/(1.79-v1)))))/((-2170.0+(v1+(31.2/(18.6-exp(v1)))))/(1.87-v1)))
0.2055326929292893,29.0,0,3.0,-1.0,true,0.07729024144781715,0.02390751609062074,7.0,((v1+(exp(v1)-(-1001.63949207172+((1160.84151468365+v1)/(1.82289121936959-v1)))))/((-2154.26273718097+(17.8608108496823/(-95.1687208639577+(v1+exp(v1)))))/(1.91504690273693-v1))),-0.9992344005626649,0.0011438966114042672,0.03571990939003962,0.0011438966114042672,477.0,0.020358098582026328,((v1+(exp(v1)-(-1000.0+((1160.0+v1)/(1.82-v1)))))/((-2150.0+(17.9/(-95.2+(v1+exp(v1)))))/(1.92-v1)))
0.025752886859181603,29.0,0,3.0,-1.0,true,0.05195046406870896,0.01767305868300685,7.0,((v1+(exp(v1)-(-1003.30895339225+(2265.53673587926/((3.58066184446692-v1)-v1)))))/((-2171.42224273383+(v1+(34.4502800482134/(36.2934954026347-exp(v1)))))/(1.87560366184416-v1))),-0.9997471569242256,0.0003777776255978034,0.01125168995851782,0.0003777776255978034,365.0,0.011652352970896368,((v1+(exp(v1)-(-1000.0+(2270.0/((3.58-v1)-v1)))))/((-2170.0+(v1+(34.5/(36.3-exp(v1)))))/(1.88-v1)))
0.041992414435841764,29.0,0,5.0,-1.0,true,0.055324549201048345,0.019900178147781937,8.0,((v1+(exp(v1)-(-1003.303867596+(1130.30658261442/(1.7894021636103-v1)))))/((13.5009886237012+((-2180.65288133098+v1)+(34.9483870072063/(35.5889590074016-exp(v1)))))/(1.877807770855-v1))),-0.9997037587725501,0.0004426196255024948,0.014660741679921211,0.0004426196255024948,342.0,0.012990984095041094,((v1+(exp(v1)-(-1000.0+(1130.0/(1.79-v1)))))/((13.5+((-2180.0+v1)+(34.9/(35.6-exp(v1)))))/(1.88-v1)))
0.027963273182758083,29.0,0,4.0,-1.0,true,0.03519595299317313,0.002794610874752141,7.0,((exp(v1)+(v1-(-1003.31813606735+(1122.39070614479/(1.78309616088529-v1)))))/((-2201.55461352312+(v1+(20.7011521674691/sqrt_abs(((10.2902951333053-v1)-v1)))))/(1.86309427174298-v1))),-0.9998871130870571,0.0001686664734716659,0.004892463688833379,0.0001686664734716659,1200.0,0.005714603758544566,((exp(v1)+(v1-(-1000.0+(1120.0/(1.78-v1)))))/((-2200.0+(v1+(20.7/sqrt_abs(((10.3-v1)-v1)))))/(1.86-v1)))
0.0640767045937366,29.0,0,1.0,-1.0,true,0.05819574235651226,0.022582601156272704,6.0,(((v1+exp(v1))-(-1003.29738509956+(1127.50132856455/(1.78804035956018-v1))))/((-2163.25711878689+(v1+(pow3((v1-v1))/(5.29701259764339-v1))))/(1.87987246390412-v1))),-0.9996494212188762,0.0005238063930057865,0.017917165893039558,0.0005238063930057865,1728.0,0.014169928641212321,(((v1+exp(v1))-(-1000.0+(1130.0/(1.79-v1))))/((-2160.0+(v1+(pow3((v1-v1))/(5.3-v1))))/(1.88-v1)))
0.12895183870780053,29.0,0,2.0,-1.0,true,0.04849213332836927,0.002987464775866573,7.0,((v1+(exp(v1)-(-1003.35763484606+(1171.33781936556/(1.83057898586762-v1)))))/((-2187.68724311101+(v1+((9.72052582702313-v1)/pow3((5.55702462499322-v1)))))/(1.90968549517076-v1))),-0.9996895992472304,0.0004637756403091187,0.017605324043856837,0.0004637756403091187,936.0,0.010684309592065677,((v1+(exp(v1)-(-1000.0+(1170.0/(1.83-v1)))))/((-2190.0+(v1+((9.72-v1)/pow3((5.56-v1)))))/(1.91-v1)))
0.025845241189302818,30.0,0,3.0,-1.0,true,0.05608171835361553,0.016673302091552867,7.0,((v1+((0.337022905545298+exp(v1))-(-1002.95359920357+(1117.16134879265/(1.77713457079001-v1)))))/((-2167.89635568667+(v1+((v1-v1)/(5.29699352159005-v1))))/(1.86599064162901-v1))),-0.9997164172986743,0.0004237062820062424,0.010337169592872925,0.0004237062820062424,589.0,0.011423888107152367,((v1+((0.337+exp(v1))-(-1000.0+(1120.0/(1.78-v1)))))/((-2170.0+(v1+((v1-v1)/(5.3-v1))))/(1.87-v1)))
7.433382768412387e-5,30.0,0,215.0,-1.0,true,3.200135445169394e-5,2.9226945564582577e-6,9.0,((v1+(exp(v1)-(-1003.32487480887+(1133.33723160314/(1.79368188440063-v1)))))/((-0.289722891169341+((-2194.7627748518+v1)+(33.3619058879726/(18.2544327451915-(3.44541454664311*v1)))))/(1.87339874252935-v1))),-0.9999999998489066,2.2575142437639206e-10,1.0757141483676887e-5,2.2575142437639206e-10,309.0,7.65003385281085e-6,((v1+(exp(v1)-(-1000.0+(1130.0/(1.79-v1)))))/((-0.29+((-2190.0+v1)+(33.4/(18.3-(3.45*v1)))))/(1.87-v1)))
0.02146136949772096,30.0,0,3.0,-1.0,true,0.04936222282581504,0.010248192787887621,8.0,((exp(v1)+(v1-(-1003.31239433186+(1133.54816672201/(1.7914205663442-v1)))))/((-2173.41721326701+(v1+(32.4436194805945/(21.7693279796967-(v1*(14.1460380435497-v1))))))/(1.8736746130142-v1))),-0.9997717274119452,0.000341066394799472,0.008853514530198198,0.000341066394799472,408.0,0.010733202998815201,((exp(v1)+(v1-(-1000.0+(1130.0/(1.79-v1)))))/((-2170.0+(v1+(32.4/(21.8-(v1*(14.1-v1))))))/(1.87-v1)))
9.847993483397288e-5,30.0,0,63.0,-1.0,true,3.703322246501051e-5,1.77377642358905e-6,7.0,((v1+(exp(v1)-(-1003.32486695234+(1133.32754346595/(1.79367258607003-v1)))))/((-2197.05512911115+(v1+(((20.2846060970332-v1)-v1)/(5.29831456781428-v1))))/(1.87338988276621-v1))),-0.9999999998646583,2.022166648231116e-10,1.3215560982654694e-5,2.022166648231116e-10,639.0,6.8233831477665374e-6,((v1+(exp(v1)-(-1000.0+(1130.0/(1.79-v1)))))/((-2200.0+(v1+(((20.3-v1)-v1)/(5.3-v1))))/(1.87-v1)))
6.438663154012575e-5,30.0,0,237.0,-1.0,true,2.4401434370879826e-5,2.6499920392978325e-6,7.0,((v1+(exp(v1)-(-1003.32487842945+(1133.3403714563/(1.79368500539602-v1)))))/((v1+(-2195.05321453357+(29.0553564195288/(((15.89471532281-v1)-v1)-v1))))/(1.87340190796802-v1))),-0.9999999999010464,1.4784851450738816e-10,9.295515426052985e-6,1.4784851450738816e-10,375.0,6.2935174062334065e-6,((v1+(exp(v1)-(-1000.0+(1130.0/(1.79-v1)))))/((v1+(-2200.0+(29.1/(((15.9-v1)-v1)-v1))))/(1.87-v1)))
6.270026019496935e-5,30.0,0,171.0,-1.0,true,2.357833286881217e-5,1.9551386240045503e-6,7.0,((v1+(exp(v1)-(-1002.3248827784+((1131.54832427315+v1)/(1.79368664494278-v1)))))/((-2196.05708597079+(v1+((14.9895218210608-v1)/(5.29839016188312-v1))))/(1.87340299938907-v1))),-0.9999999999527771,7.05565999561326e-11,8.720772780242112e-6,7.05565999561326e-11,681.0,3.6413387261430286e-6,((v1+(exp(v1)-(-1000.0+((1130.0+v1)/(1.79-v1)))))/((-2200.0+(v1+((15.0-v1)/(5.3-v1))))/(1.87-v1)))
3.194797293563165e-5,30.0,0,225.0,-1.0,true,3.387555546296994e-5,2.1088858979583936e-5,7.0,((v1+(exp(v1)-(-1001.32493700829+((v1+(1129.80044794494+v1))/(1.79372935961784-v1)))))/(((-7500.77799743816/(1.87343240435342-v1))+(-2198.49376545682+v1))/(5.29786608909565-v1))),-0.9999999998849507,1.7189733516687822e-10,1.1237919101003754e-5,1.7189733516687822e-10,507.0,7.861763295553131e-6,((v1+(exp(v1)-(-1000.0+((v1+(1130.0+v1))/(1.79-v1)))))/(((-7500.0/(1.87-v1))+(-2200.0+v1))/(5.3-v1)))
0.02945672461698148,30.0,0,2.0,-1.0,true,0.012301720381037384,0.0010239371075174747,7.0,((v1+(exp(v1)-(-1004.00255592001+(1121.75961149013/(1.78183757300904-v1)))))/((v1+(-2198.89358369773+(v1+(14.6392322932519/(10.4952288847421-(v1+v1))))))/(1.86209701878016-v1))),-0.9999770737271241,3.425457827683546e-5,0.004187324613362906,3.425457827683546e-5,375.0,0.002930615995111324,((v1+(exp(v1)-(-1000.0+(1120.0/(1.78-v1)))))/((v1+(-2200.0+(v1+(14.6/(10.5-(v1+v1))))))/(1.86-v1)))
9.285743804156478e-5,30.0,0,230.0,-1.0,true,3.491889151147065e-5,1.7398128769909574e-6,7.0,((exp(v1)+(v1-(-1003.32486979295+(2266.65885195256/((3.58734915552019-v1)-v1)))))/((-2195.05650371382+(v1+(19.3812631568927/(10.5967643399676-(v1+v1)))))/(1.87339176767899-v1))),-0.9999999998947974,1.571852573113062e-10,1.22634212585087e-5,1.571852573113062e-10,365.0,5.406917841326714e-6,((exp(v1)+(v1-(-1000.0+(2270.0/((3.59-v1)-v1)))))/((-2200.0+(v1+(19.4/(10.6-(v1+v1)))))/(1.87-v1)))
8.900276466814666e-5,30.0,0,203.0,-1.0,true,3.596172079145532e-5,3.3028445090494197e-6,7.0,((v1+(exp(v1)-(-1003.32486938805+(2266.66384519293/((3.58735349524246-v1)-v1)))))/((-2195.05223541508+(v1+(19.3639922039238/(10.5963123262849-(v1+v1)))))/(1.87339372239537-v1))),-0.9999999997980602,3.017220577993189e-10,1.272802646242455e-5,3.017220577993189e-10,365.0,8.807836160487637e-6,((v1+(exp(v1)-(-1000.0+(2270.0/((3.59-v1)-v1)))))/((-2200.0+(v1+(19.4/(10.6-(v1+v1)))))/(1.87-v1)))
9.477982728306465e-5,30.0,0,45.0,-1.0,true,3.564180292042751e-5,1.107905586184424e-6,7.0,((v1+(exp(v1)-(-1001.32486797678+((1129.74046634944+(v1+v1))/(1.79367298348675-v1)))))/(((-2195.05633820663+v1)+(9.6912752763418/(5.29840241934037-v1)))/(1.87339056586443-v1))),-0.9999999998919176,1.6148804561571293e-10,1.2421794699584718e-5,1.6148804561571293e-10,507.0,5.328011166524926e-6,((v1+(exp(v1)-(-1000.0+((1130.0+(v1+v1))/(1.79-v1)))))/(((-2200.0+v1)+(9.69/(5.3-v1)))/(1.87-v1)))
8.952001469277796e-5,30.0,0,102.0,-1.0,true,3.366385878278422e-5,4.360879680688198e-6,8.0,((exp(v1)+(v1-(-1003.32486461582+(2266.65557411685/((3.58734628508989-v1)-v1)))))/(((-2195.0514991683+v1)+(33.6478179043296/(18.4083017525625-(v1/0.287817432585846))))/(1.8733914803123-v1))),-0.9999999998326669,2.5001564252832143e-10,1.2991364003084129e-5,2.5001564252832143e-10,326.0,8.238568535469393e-6,((exp(v1)+(v1-(-1000.0+(2270.0/((3.59-v1)-v1)))))/(((-2200.0+v1)+(33.6/(18.4-(v1/0.288))))/(1.87-v1)))
0.010390210575929492,30.0,0,1.0,-1.0,true,0.003907222119565845,0.00022443471217700316,8.0,((v1+(exp(v1)-(-1003.32160609872+(1129.57752244177/(1.79003245700057-v1)))))/(((-2194.32331830734+v1)+(-1.41785973858274+(21.1059428557744/((10.6408976979727-v1)-v1))))/(1.86979757699286-v1))),-0.9999980684498321,2.8859656683173616e-6,0.0014106108059733773,2.8859656683173616e-6,342.0,0.0008383483148771617,((v1+(exp(v1)-(-1000.0+(1130.0/(1.79-v1)))))/(((-2190.0+v1)+(-1.42+(21.1/((10.6-v1)-v1))))/(1.87-v1)))
6.179403831807344e-5,30.0,0,504.0,-1.0,true,3.8957159079089365e-5,3.904402917201348e-6,8.0,((v1+(exp(v1)-(-1003.32487652618+(1133.34040483165/(1.7936850338639-v1)))))/(((-2196.3332339667+v1)+(((12.8453544563835-v1)/(5.29813758942279-v1))/0.779580797892412))/(1.87340234646562-v1))),-0.9999999998277874,2.5730604653224256e-10,9.578564911278e-6,2.5730604653224256e-10,474.0,7.982716016159686e-6,((v1+(exp(v1)-(-1000.0+(1130.0/(1.79-v1)))))/(((-2200.0+v1)+(((12.8-v1)/(5.3-v1))/0.78))/(1.87-v1)))
0.04369260489215549,30.0,0,11.0,-1.0,true,0.05510625742484576,0.019488720806330514,6.0,((v1+(exp(v1)-(-1002.30282068718+((1127.62022060966+v1)/(1.78894558334108-v1)))))/((-2167.16408660819+(v1+((v1-v1)/(5.29769114361203-v1))))/(1.87764984838081-v1))),-0.9997038891953689,0.000442424758300067,0.014576155808253142,0.000442424758300067,834.0,0.012931193341315806,((v1+(exp(v1)-(-1000.0+((1130.0+v1)/(1.79-v1)))))/((-2170.0+(v1+((v1-v1)/(5.3-v1))))/(1.88-v1)))
6.186925522305985e-5,30.0,0,183.0,-1.0,true,2.3265834774188754e-5,1.9417108978074515e-6,7.0,((v1+(exp(v1)-(-1001.324882101+((v1+(1129.75447473802+v1))/(1.79368649732845-v1)))))/((-2195.05636484072+(v1+(9.69033779699322/(5.29837127312163-v1))))/(1.87340304144635-v1))),-0.9999999999519887,7.173456071515074e-11,8.633814301012469e-6,7.173456071515074e-11,507.0,3.96049076363883e-6,((v1+(exp(v1)-(-1000.0+((v1+(1130.0+v1))/(1.79-v1)))))/((-2200.0+(v1+(9.69/(5.3-v1))))/(1.87-v1)))
1.6186305518419537e-5,30.0,0,181.0,-1.0,true,6.086834380636397e-6,1.6935668279244475e-6,7.0,((v1+(exp(v1)-(-1002.3248961787+((1131.56326638137+v1)/(1.79370131376391-v1)))))/((v1+(-2195.05502718769+(19.381773638071/((10.5967790086027-v1)-v1))))/(1.87341801270269-v1))),-0.9999999999958534,6.195500142854018e-12,2.9291491442817287e-6,6.195500142854018e-12,477.0,1.5908216817323018e-6,((v1+(exp(v1)-(-1000.0+((1130.0+v1)/(1.79-v1)))))/((v1+(-2200.0+(19.4/((10.6-v1)-v1))))/(1.87-v1)))
8.733704389773834e-5,30.0,0,51.0,-1.0,true,3.725623142125656e-5,3.3145098868543342e-6,9.0,((v1+(0.315629313118803+(exp(v1)-(-1003.00924072881+(1133.3327042149/(1.79367743484592-v1))))))/((-2195.0520495656+(v1+(33.6382769111088/(18.4081602068752-(v1/0.287815069640968)))))/(1.87339436744189-v1))),-0.9999999997936098,3.083715295399557e-10,1.2532768278743497e-5,3.083715295399557e-10,301.0,8.877697491346814e-6,((v1+(0.316+(exp(v1)-(-1000.0+(1130.0/(1.79-v1))))))/((-2200.0+(v1+(33.6/(18.4-(v1/0.288)))))/(1.87-v1)))
7.953329417137348e-5,30.0,0,256.0,-1.0,true,2.9908368454845125e-5,2.2909597717512234e-6,8.0,(((v1+exp(v1))-(-1003.32487577709+(1133.33563930785/(1.79368041996999-v1))))/((-2196.8876264964+(v1+(((10.5887045244487-v1)/(5.29834109896106-v1))/0.546007421135376)))/(1.87339706463508-v1))),-0.9999999999165394,1.2470003821141256e-10,1.087730145243625e-5,1.2470003821141256e-10,474.0,5.295071401067997e-6,(((v1+exp(v1))-(-1000.0+(1130.0/(1.79-v1))))/((-2200.0+(v1+(((10.6-v1)/(5.3-v1))/0.546)))/(1.87-v1)))
4.8031181920480926e-5,30.0,0,79.0,-1.0,true,1.8062049373990252e-5,2.3265410038108107e-6,8.0,((v1+(exp(v1)-(-1003.32488749587+(1133.34740230686/(1.79369186764457-v1)))))/((-2196.73715848526+(v1+(((11.0625803500081-v1)/0.594874682759856)/(5.29835568997611-v1))))/(1.87340810455877-v1))),-0.9999999999688531,4.653719164085161e-11,7.063451704276896e-6,4.653719164085161e-11,540.0,3.471852144866505e-6,((v1+(exp(v1)-(-1000.0+(1130.0/(1.79-v1)))))/((-2200.0+(v1+(((11.1-v1)/0.595)/(5.3-v1))))/(1.87-v1)))
5.9638416640787836e-5,30.0,0,13.0,-1.0,true,2.242693148246655e-5,2.8793173605271408e-6,7.0,((v1+(exp(v1)-(-1002.32488187706+((1131.54928046068+v1)/(1.79368750156325-v1)))))/((-2194.05439209348+(v1+((4.38825961168914+v1)/(5.29827200888541-v1))))/(1.87340400222705-v1))),-0.9999999999283788,1.0701054702422702e-10,8.697173396711374e-6,1.0701054702422702e-10,681.0,5.420315140589743e-6,((v1+(exp(v1)-(-1000.0+((1130.0+v1)/(1.79-v1)))))/((-2190.0+(v1+((4.39+v1)/(5.3-v1))))/(1.87-v1)))
9.557688900108711e-5,30.0,0,228.0,-1.0,true,3.594153670855027e-5,2.1337763999526243e-6,8.0,((v1+(exp(v1)-(-1003.32487009209+(1133.32986040208/(1.79367478582764-v1)))))/((-2194.12934404098+(v1+(((5.1544081918544+v1)/1.07884773576047)/(5.29833136650019-v1))))/(1.8733915568514-v1))),-0.9999999998799601,1.7935383440488796e-10,1.2848619242749114e-5,1.7935383440488796e-10,540.0,6.23255029649078e-6,((v1+(exp(v1)-(-1000.0+(1130.0/(1.79-v1)))))/((-2190.0+(v1+(((5.15+v1)/1.08)/(5.3-v1))))/(1.87-v1)))
9.82035018974806e-5,30.0,0,117.0,-1.0,true,3.6929270300023465e-5,3.8773331466259115e-6,8.0,((v1+(exp(v1)-(-1003.32486134802+(2266.64753151934/((3.5873386681123-v1)-v1)))))/((-2195.05261831563+(v1+(33.3755037554887/(18.2546230332941-(3.44537309610617*v1)))))/(1.87338800603505-v1))),-0.9999999998492061,2.2530406515683267e-10,1.3815003990235292e-5,2.2530406515683267e-10,326.0,7.642536003101691e-6,((v1+(exp(v1)-(-1000.0+(2270.0/((3.59-v1)-v1)))))/((-2200.0+(v1+(33.4/(18.3-(3.45*v1)))))/(1.87-v1)))
8.579295097904335e-5,30.0,0,186.0,-1.0,true,3.22623024161528e-5,1.8796433198599903e-6,9.0,((v1+((0.354149590633278+exp(v1))-(-1002.97072588866+(1133.33410376896/(1.79367892198358-v1)))))/((-2195.05790935575+(v1+(-33.6558253194067/(-18.4000125601752+(3.47275147426348*v1)))))/(1.87339528563166-v1))),-0.999999999912424,1.308488688313388e-10,1.1534354585501692e-5,1.308488688313388e-10,301.0,4.629249395139007e-6,((v1+((0.354+exp(v1))-(-1000.0+(1130.0/(1.79-v1)))))/((-2200.0+(v1+(-33.7/(-18.4+(3.47*v1)))))/(1.87-v1)))
5.9277605540320125e-5,30.0,0,432.0,-1.0,true,5.353210294645194e-5,4.829031913742954e-6,9.0,((v1+(exp(v1)-(-1003.32487802559+(1133.34291389447/(1.79368729530651-v1)))))/((-2195.04889549325+(v1+(33.7549921422207/(18.4588582164693-((v1-0.00630795844776503)/0.286676002346545)))))/(1.87340409507203-v1))),-0.9999999997186695,4.2034130209719885e-10,9.734404543886876e-6,4.2034130209719885e-10,309.0,9.571588150576738e-6,((v1+(exp(v1)-(-1000.0+(1130.0/(1.79-v1)))))/((-2200.0+(v1+(33.8/(18.5-((v1-0.00631)/0.287)))))/(1.87-v1)))
7.563513871642298e-5,30.0,0,405.0,-1.0,true,3.5910542194539374e-5,3.452721514203433e-6,8.0,((v1+(exp(v1)-(-1003.32487548615+(1133.33787657251/(1.79368242387857-v1)))))/((-2195.05243786639+(v1+(38.1823276230012/(v1+(20.8945765306302-(4.9437527573616*v1))))))/(1.87339890133237-v1))),-0.9999999998244119,2.623495801485163e-10,1.108542682006007e-5,2.623495801485163e-10,342.0,8.160473968680387e-6,((v1+(exp(v1)-(-1000.0+(1130.0/(1.79-v1)))))/((-2200.0+(v1+(38.2/(v1+(20.9-(4.94*v1))))))/(1.87-v1)))
6.13937400968204e-5,30.0,0,89.0,-1.0,true,3.200861833851931e-5,3.2129809813264824e-6,8.0,((v1+(exp(v1)-(-1003.32487711066+(1133.34032551494/(1.79368500559148-v1)))))/(((-2195.0514706758+v1)+(38.187633262303/(v1+(20.8946620110092-(4.94373631924791*v1)))))/(1.87340235070257-v1))),-0.9999999998695981,1.948359525557819e-10,9.213519690781097e-6,1.948359525557819e-10,342.0,7.1151014514395095e-6,((v1+(exp(v1)-(-1000.0+(1130.0/(1.79-v1)))))/(((-2200.0+v1)+(38.2/(v1+(20.9-(4.94*v1)))))/(1.87-v1)))
7.086100583218198e-5,30.0,0,137.0,-1.0,true,2.8321670255682108e-5,4.520032194681728e-6,8.0,((v1+(exp(v1)-(-1003.32486969954+(2266.66692590844/((3.58735751250188-v1)-v1)))))/(((-2195.0507318519+v1)+(33.3808662516533/(18.2617235580915-(3.44675216386164*v1))))/(1.87339733549459-v1))),-0.999999999873222,1.8942153833049241e-10,1.0707949170622638e-5,1.8942153833049241e-10,326.0,7.293693760190151e-6,((v1+(exp(v1)-(-1000.0+(2270.0/((3.59-v1)-v1)))))/(((-2200.0+v1)+(33.4/(18.3-(3.45*v1))))/(1.87-v1)))
4.68040875094239e-5,30.0,0,122.0,-1.0,true,3.151736074524791e-5,3.251705148803516e-6,8.0,((v1+(exp(v1)-(-1003.32488418507+(1133.34706758269/(1.79369146955119-v1)))))/((-2193.22427133305+(v1+(0.925213932448246*((v1/0.50624815153539)/(5.29817951979905-v1)))))/(1.87340815676986-v1))),-0.9999999998909045,1.6300161242666742e-10,7.382973424096685e-6,1.6300161242666742e-10,474.0,6.338490985597495e-6,((v1+(exp(v1)-(-1000.0+(1130.0/(1.79-v1)))))/((-2190.0+(v1+(0.925*((v1/0.506)/(5.3-v1)))))/(1.87-v1)))
3.7232493975351616e-5,30.0,0,83.0,-1.0,true,3.1877200574292885e-5,3.342193792876443e-6,8.0,((exp(v1)+(v1-(-1003.32488723727+(1133.35038098825/(1.79369470276246-v1)))))/(((-2193.22395067064+v1)+(0.92515910130314*((v1/0.506226380057945)/(5.29817559738109-v1))))/(1.8734113736075-v1))),-0.9999999998985009,1.516518154427116e-10,6.225121210847977e-6,1.516518154427116e-10,474.0,5.949202394450043e-6,((exp(v1)+(v1-(-1000.0+(1130.0/(1.79-v1)))))/(((-2190.0+v1)+(0.925*((v1/0.506)/(5.3-v1))))/(1.87-v1)))
5.008821770409904e-5,30.0,0,234.0,-1.0,true,1.8835594400412603e-5,2.9270047436192506e-6,8.0,(((0.325724127079461+v1)+(exp(v1)-(-1002.99916191193+(1133.34660029757/(1.79369106059912-v1)))))/((-2195.05518609113+(v1+(19.3761767387957/(10.59662269939-(v1+v1)))))/(1.87340737710986-v1))),-0.9999999999564181,6.511649653739012e-11,7.441942925676485e-6,6.511649653739012e-11,337.0,4.2938566791606014e-6,(((0.326+v1)+(exp(v1)-(-1000.0+(1130.0/(1.79-v1)))))/((-2200.0+(v1+(19.4/(10.6-(v1+v1)))))/(1.87-v1)))
1.2589600763475948e-5,30.0,0,391.0,-1.0,true,1.1786069766817064e-5,3.8508502350688365e-6,8.0,((v1+(exp(v1)-(-1003.32490111502+(1133.36168271057/(1.79370566634544-v1)))))/((-2194.26633291059+(v1+(((6.98224557342255+v1)/(5.29829778840636-v1))/1.26763091858967)))/(1.87342110783798-v1))),-0.9999999999862569,2.0533933189776782e-11,3.105663638280786e-6,2.0533933189776782e-11,474.0,2.498386383151252e-6,((v1+(exp(v1)-(-1000.0+(1130.0/(1.79-v1)))))/((-2190.0+(v1+(((6.98+v1)/(5.3-v1))/1.27)))/(1.87-v1)))
6.715174205838754e-5,30.0,0,636.0,-1.0,true,2.5252305525524932e-5,2.6718468128886714e-6,9.0,(((0.325720242490506+v1)+(exp(v1)-(-1002.99915802734+(1133.33971081543/(1.79368435640234-v1)))))/((-2195.05389022643+(v1+(33.3847433406774/(18.2617491819073-(3.44674693809755*v1)))))/(1.87340113255916-v1))),-0.9999999999074634,1.3826079320122444e-10,9.60475905133161e-6,1.3826079320122444e-10,301.0,6.0897099035846225e-6,(((0.326+v1)+(exp(v1)-(-1000.0+(1130.0/(1.79-v1)))))/((-2200.0+(v1+(33.4/(18.3-(3.45*v1)))))/(1.87-v1)))
0.036766412922538044,30.0,0,8.0,-1.0,true,0.053495797899811404,0.008330114645124167,7.0,((exp(v1)+(v1-(-1003.30699567276+(1129.71424564984/(1.77645834117912-v1)))))/((-2172.28554029196+(v1+((-2.04289492502461*v1)/((2.0131042454461-v1)-v1))))/(1.87053593864253-v1))),-0.9997276441688221,0.00040693200280422776,0.009074225035494954,0.00040693200280422776,639.0,0.01148512398978949,((exp(v1)+(v1-(-1000.0+(1130.0/(1.78-v1)))))/((-2170.0+(v1+((-2.04*v1)/((2.01-v1)-v1))))/(1.87-v1)))
7.120174995993677e-5,30.0,0,97.0,-1.0,true,3.39170234862074e-5,3.4522775284540933e-6,8.0,((exp(v1)+(v1-(-1003.32487397294+(2266.67412983147/((3.58736369991386-v1)-v1)))))/((-2195.05152420753+(v1+(33.3606440965182/(18.2544222236546-(3.4454163014395*v1)))))/(1.87339915550829-v1))),-0.9999999998437074,2.335197761932784e-10,1.0506110459298191e-5,2.335197761932784e-10,326.0,7.79225859984592e-6,((exp(v1)+(v1-(-1000.0+(2270.0/((3.59-v1)-v1)))))/((-2200.0+(v1+(33.4/(18.3-(3.45*v1)))))/(1.87-v1)))
8.600279030640992e-5,30.0,0,21.0,-1.0,true,3.23412121606137e-5,2.4582673574306086e-6,9.0,((v1+(0.315631180682735+(exp(v1)-(-1003.00924259637+(1133.33368805592/(1.7936784868829-v1))))))/((-2195.05604910357+(v1+(33.3799136851189/(18.2546535175003-(3.44536759118926*v1)))))/(1.87339505240957-v1))),-0.9999999998982665,1.5200202933641929e-10,1.1767166064340894e-5,1.5200202933641929e-10,301.0,5.930069437162094e-6,((v1+(0.316+(exp(v1)-(-1000.0+(1130.0/(1.79-v1))))))/((-2200.0+(v1+(33.4/(18.3-(3.45*v1)))))/(1.87-v1)))
6.479342487674178e-5,30.0,0,332.0,-1.0,true,2.4365464109776802e-5,2.2457172933770185e-6,8.0,((exp(v1)+(v1-(-1003.32488010659+(1133.34037310075/(1.79368506903195-v1)))))/((-2196.88712556127+(v1+(((10.5887594688752-v1)/(5.29834723756622-v1))/0.54600290839882)))/(1.87340181832392-v1))),-0.9999999999428637,8.536846886639141e-11,9.022965615795042e-6,8.536846886639141e-11,474.0,4.542345975990653e-6,((exp(v1)+(v1-(-1000.0+(1130.0/(1.79-v1)))))/((-2200.0+(v1+(((10.6-v1)/(5.3-v1))/0.546)))/(1.87-v1)))
6.814392075098109e-5,30.0,0,381.0,-1.0,true,4.5949186896265815e-5,5.343171107670878e-6,7.0,(((v1+exp(v1))-(-1003.324922189+(1133.38863284165/(1.79373186676188-v1))))/((v1+(-2195.04692687459+(9.67778682281906/(((5.29804555462202+v1)-v1)-v1))))/(1.87344775751687-v1))),-0.9999999997682728,3.4622797228622884e-10,1.0945188262513283e-5,3.4622797228622884e-10,375.0,9.267478232891091e-6,(((v1+exp(v1))-(-1000.0+(1130.0/(1.79-v1))))/((v1+(-2200.0+(9.68/(((5.3+v1)-v1)-v1))))/(1.87-v1)))
8.29634934579212e-5,30.0,0,259.0,-1.0,true,3.119828942699243e-5,2.4529032182680384e-6,7.0,((v1+(exp(v1)-(-1003.32486981709+(2266.66289911639/((3.5873533032607-v1)-v1)))))/((-2194.05369455587+(v1+((4.38903776676364+v1)/(5.29830117368298-v1))))/(1.87339439442506-v1))),-0.9999999998907835,1.63182527467184e-10,1.1530113404036334e-5,1.63182527467184e-10,521.0,6.485700404616768e-6,((v1+(exp(v1)-(-1000.0+(2270.0/((3.59-v1)-v1)))))/((-2190.0+(v1+((4.39+v1)/(5.3-v1))))/(1.87-v1)))
0.025270420439914155,30.0,0,15.0,-1.0,true,0.029231448179737995,0.006711893439850415,8.0,((v1+(0.316023165364381+(exp(v1)-(-1003.00963456998+(1139.35594060009/(1.79887581632571-v1))))))/((v1+(-2187.44503829056+(0.465689930115134/(-24.9819898393503+(v1*v1)))))/(1.88003670198322-v1))),-0.9999207693415103,0.00011838002661168839,0.005417938562943837,0.00011838002661168839,373.0,0.005199986756590048,((v1+(0.316+(exp(v1)-(-1000.0+(1140.0/(1.8-v1))))))/((v1+(-2190.0+(0.466/(-25.0+(v1*v1)))))/(1.88-v1)))
8.538794471198637e-5,30.0,0,51.0,-1.0,true,3.2110000455221055e-5,2.2773325751764894e-6,8.0,((v1+(exp(v1)-(-1003.32487350107+(1133.33348472218/(1.79367832182403-v1)))))/(((-2194.48167700562+v1)+(-1.57431965404434+((14.987017833626-v1)/(5.29832832970434-v1))))/(1.87339503406711-v1))),-0.9999999999016111,1.470047015161502e-10,1.1624509268664863e-5,1.470047015161502e-10,474.0,5.782606246545335e-6,((v1+(exp(v1)-(-1000.0+(1130.0/(1.79-v1)))))/(((-2190.0+v1)+(-1.57+((15.0-v1)/(5.3-v1))))/(1.87-v1)))
5.386004409649631e-5,30.0,0,6.0,-1.0,true,2.025398370097964e-5,2.8630694227326115e-6,7.0,((v1+(exp(v1)-(-1001.32488469915+((v1+(1129.75784181449+v1))/(1.79368971434471-v1)))))/(((-2195.05522279338+v1)+(9.68805515636042/(5.29831066060905-v1)))/(1.87340606940074-v1))),-0.9999999999512355,7.285999928570697e-11,7.897294951155186e-6,7.285999928570697e-11,507.0,4.493633707372546e-6,((v1+(exp(v1)-(-1000.0+((v1+(1130.0+v1))/(1.79-v1)))))/(((-2200.0+v1)+(9.69/(5.3-v1)))/(1.87-v1)))
5.5619553914116036e-5,30.0,0,70.0,-1.0,true,2.5196909454017202e-5,3.3595309723095896e-6,7.0,((exp(v1)+(v1-(-1003.32488328262+(1133.34493803911/(1.79368936322362-v1)))))/((-2193.22566505971+(v1+(((v1+v1)/1.09415464226908)/(5.29821974201881-v1))))/(1.87340567807455-v1))),-0.9999999999102064,1.3416226684863138e-10,8.424044531266254e-6,1.3416226684863138e-10,639.0,5.998655225564892e-6,((exp(v1)+(v1-(-1000.0+(1130.0/(1.79-v1)))))/((-2190.0+(v1+(((v1+v1)/1.09)/(5.3-v1))))/(1.87-v1)))
6.171772342826898e-5,30.0,0,62.0,-1.0,true,2.320885148437979e-5,3.159243539160286e-6,7.0,((exp(v1)+(v1-(-1004.32488152101+((1135.13641238523-v1)/(1.7936872229427-v1)))))/((-2195.05420066033+(v1+(19.3711575413824/(10.5964912999233-(v1+v1)))))/(1.8734035674739-v1))),-0.9999999999147112,1.2743163254457834e-10,9.080154180752571e-6,1.2743163254457834e-10,477.0,5.88785424101429e-6,((exp(v1)+(v1-(-1000.0+((1140.0-v1)/(1.79-v1)))))/((-2200.0+(v1+(19.4/(10.6-(v1+v1)))))/(1.87-v1)))
5.864339905307406e-5,30.0,0,153.0,-1.0,true,3.4851416361281196e-5,3.613194758443887e-6,8.0,((v1+(0.315634919084129+(exp(v1)-(-1003.00924633477+(1133.3438864021/(1.79368828859564-v1))))))/((-2196.0521399153+(v1+((14.9800412965058-v1)/(5.29815011957388-v1))))/(1.8734046776837-v1))),-0.9999999998576592,2.1267411434395058e-10,9.006111744258647e-6,2.1267411434395058e-10,481.0,7.2701374625172566e-6,((v1+(0.316+(exp(v1)-(-1000.0+(1130.0/(1.79-v1))))))/((-2200.0+(v1+((15.0-v1)/(5.3-v1))))/(1.87-v1)))
0.0001299776175928524,30.0,0,152.0,-1.0,true,4.887787584245684e-5,1.1623903449844685e-6,7.0,(((v1+exp(v1))-(-1003.32485589558+(2266.63033396681/((3.58732142162276-v1)-v1))))/(((-2195.0569801487+v1)+(19.3824591324314/((10.596803902527-v1)-v1)))/(1.87337852014801-v1))),-0.9999999997973243,3.028215740771486e-10,1.683437624450066e-5,3.028215740771486e-10,365.0,7.1067745578481945e-6,(((v1+exp(v1))-(-1000.0+(2270.0/((3.59-v1)-v1))))/(((-2200.0+v1)+(19.4/((10.6-v1)-v1)))/(1.87-v1)))
8.459049426708345e-5,30.0,0,594.0,-1.0,true,3.1810120486974736e-5,3.3217901032145063e-6,8.0,((v1+(exp(v1)-(-1003.32487473386+(1133.33546692661/(1.79368008063476-v1)))))/((-0.790849110799776+((-2195.26390107143+v1)+((14.982999312694-v1)/(5.29822185456015-v1))))/(1.87339624223299-v1))),-0.9999999998633793,2.0412764981633287e-10,1.201450248920092e-5,2.0412764981633287e-10,474.0,7.278208865486857e-6,((v1+(exp(v1)-(-1000.0+(1130.0/(1.79-v1)))))/((-0.791+((-2200.0+v1)+((15.0-v1)/(5.3-v1))))/(1.87-v1)))
0.00011285495418837331,30.0,0,182.0,-1.0,true,4.2438925571819386e-5,2.5477743581066503e-6,7.0,((v1+(exp(v1)-(-1003.32486439221+(1133.32455093258/(1.79366951144687-v1)))))/((-2193.22743602487+(v1+(((v1+v1)/1.09399719831569)/(5.29825749135534-v1))))/(1.87338612990017-v1))),-0.999999999809986,2.8390343822423466e-10,1.5250465519836717e-5,2.8390343822423466e-10,639.0,8.162414048381444e-6,((v1+(exp(v1)-(-1000.0+(1130.0/(1.79-v1)))))/((-2190.0+(v1+(((v1+v1)/1.09)/(5.3-v1))))/(1.87-v1)))
7.876155034901976e-5,30.0,0,211.0,-1.0,true,3.000661807073257e-5,3.087830203708815e-6,8.0,((exp(v1)+(v1-(-1003.32487454401+(1133.33638136183/(1.79368101911607-v1)))))/((-2195.05325753412+(v1+(32.1445862749743/(17.5875072639347-((v1/0.231506672766753)-v1)))))/(1.87339761760881-v1))),-0.9999999998512424,2.222615332007407e-10,1.1285226235648157e-5,2.222615332007407e-10,342.0,7.604359567644353e-6,((exp(v1)+(v1-(-1000.0+(1130.0/(1.79-v1)))))/((-2200.0+(v1+(32.1/(17.6-((v1/0.232)-v1)))))/(1.87-v1)))
7.377024189633664e-5,30.0,0,29.0,-1.0,true,3.474198551201013e-5,5.054232262136415e-6,7.0,((v1+(exp(v1)-(-1003.32486865988+(2266.66579570999/((3.58735625561663-v1)-v1)))))/((-2196.05001074887+(v1+((14.9810695210934-v1)/(5.29819195999258-v1))))/(1.87339660001502-v1))),-0.9999999998344204,2.4739554075373646e-10,1.1332905512740375e-5,2.4739554075373646e-10,521.0,8.198694227253e-6,((v1+(exp(v1)-(-1000.0+(2270.0/((3.59-v1)-v1)))))/((-2200.0+(v1+((15.0-v1)/(5.3-v1))))/(1.87-v1)))
9.200204242095444e-5,30.0,0,75.0,-1.0,true,3.801895512189901e-5,4.8089322501998825e-6,8.0,((exp(v1)+(v1-(-1003.32486452925+(2266.6562191432/((3.58734661614611-v1)-v1)))))/((-2195.05077506859+(v1+(33.6390471307291/(18.4081829839319-(v1/0.287815459433983)))))/(1.87339128235342-v1))),-0.9999999997788247,3.304622267769808e-10,1.3556128973279544e-5,3.304622267769808e-10,326.0,9.348091459717572e-6,((exp(v1)+(v1-(-1000.0+(2270.0/((3.59-v1)-v1)))))/((-2200.0+(v1+(33.6/(18.4-(v1/0.288)))))/(1.87-v1)))
2.6782348494405004e-5,30.0,0,77.0,-1.0,true,2.9285734832740218e-5,3.823112817565816e-6,7.0,((v1+(exp(v1)-(-1003.32489250053+(1133.35517140233/(1.79369931893436-v1)))))/((-2193.22451191446+(v1+((v1+(v1/1.20824558897386))/(5.29818413025289-v1))))/(1.87341551029329-v1))),-0.9999999999196634,1.2003240140519565e-10,5.031815336415279e-6,1.2003240140519565e-10,639.0,5.179830934887858e-6,((v1+(exp(v1)-(-1000.0+(1130.0/(1.79-v1)))))/((-2190.0+(v1+((v1+(v1/1.21))/(5.3-v1))))/(1.87-v1)))
5.495181360462894e-5,30.0,0,6.0,-1.0,true,2.167293041521745e-5,3.151918136409304e-6,8.0,((v1+(exp(v1)-(-1003.3248835359+(1133.34492583496/(1.79368938146678-v1)))))/((-2196.33777572097+(v1+(((12.8426517116875-v1)/(5.2982474727834-v1))/0.778928224825738)))/(1.87340576442882-v1))),-0.999999999924877,1.1224264188570789e-10,8.233325200969642e-6,1.1224264188570789e-10,474.0,5.554252441017371e-6,((v1+(exp(v1)-(-1000.0+(1130.0/(1.79-v1)))))/((-2200.0+(v1+(((12.8-v1)/(5.3-v1))/0.779)))/(1.87-v1)))
0.020996823545192674,30.0,0,17.0,-1.0,true,0.007895822014084508,0.0004958691616671835,9.0,((exp(v1)+(v1-(-1003.31813273284+(1125.56507110173/(1.78613899442426-v1)))))/((-2196.49827649902+(v1+((-873.907925223105+(1309.09770752556/1.47844642418583))/(5.34536564336045-v1))))/(1.86595446070445-v1))),-0.9999915562218553,1.2616008758747499e-5,0.002872184552097592,1.2616008758747499e-5,441.0,0.0017649534635733773,((exp(v1)+(v1-(-1000.0+(1130.0/(1.79-v1)))))/((-2200.0+(v1+((-874.0+(1310.0/1.48))/(5.35-v1))))/(1.87-v1)))
9.812704119422451e-5,30.0,0,15.0,-1.0,true,3.6900517374482966e-5,3.207416573909291e-6,9.0,(((0.949384858834301+v1)+(0.00100758696738488+(exp(v1)-(-1002.37447555864+(1133.32991455521/(1.79367467206278-v1))))))/((-2195.05309548781+(v1+(9.68200189174012/(5.29815267417899-v1))))/(1.8733912530611-v1))),-0.9999999997802973,3.2826195453431493e-10,1.3798472632491777e-5,3.2826195453431493e-10,287.0,9.1320528431936e-6,(((0.949+v1)+(0.00101+(exp(v1)-(-1000.0+(1130.0/(1.79-v1))))))/((-2200.0+(v1+(9.68/(5.3-v1))))/(1.87-v1)))
6.823924577043422e-5,30.0,0,107.0,-1.0,true,3.0391658601747196e-5,3.3475423736370823e-6,8.0,((v1+(exp(v1)-(-1003.32487844319+(1133.3404204516/(1.7936849365123-v1)))))/((v1+(-2195.05306436281+(32.1438062413872/(17.5874957490957-((v1/0.231506546649639)-v1)))))/(1.8734013675931-v1))),-0.9999999998675908,1.978350122590249e-10,1.005958224556911e-5,1.978350122590249e-10,342.0,7.1780839281596065e-6,((v1+(exp(v1)-(-1000.0+(1130.0/(1.79-v1)))))/((v1+(-2200.0+(32.1/(17.6-((v1/0.232)-v1)))))/(1.87-v1)))
8.389505579758791e-5,30.0,0,13.0,-1.0,true,3.154860195941911e-5,1.3651017269892298e-6,7.0,((exp(v1)+(v1-(-1003.32487372492+(2266.66536126755/((3.58735544922388-v1)-v1)))))/((-2196.05750668405+(v1+((14.9913023178632-v1)/(5.29844051301935-v1))))/(1.87339481785624-v1))),-0.9999999999161189,1.2532834516478065e-10,1.1149386068722248e-5,1.2532834516478065e-10,521.0,4.578127698561668e-6,((exp(v1)+(v1-(-1000.0+(2270.0/((3.59-v1)-v1)))))/((-2200.0+(v1+((15.0-v1)/(5.3-v1))))/(1.87-v1)))
3.494131826943924e-5,30.0,0,55.0,-1.0,true,2.9095016669700158e-5,3.925104358356279e-6,8.0,((v1+(exp(v1)-(-1003.32489049402+(1133.35279489829/(1.79369697114614-v1)))))/((-2195.05264753892+(v1+(32.1438447251761/(17.5874934662715-((v1/0.231506521485712)-v1)))))/(1.87341300939617-v1))),-0.9999999999146496,1.2752359270152797e-10,6.075650525550779e-6,1.2752359270152797e-10,342.0,5.530720510432685e-6,((v1+(exp(v1)-(-1000.0+(1130.0/(1.79-v1)))))/((-2200.0+(v1+(32.1/(17.6-((v1/0.232)-v1)))))/(1.87-v1)))
7.528863678630347e-5,30.0,0,75.0,-1.0,true,2.8312171813427156e-5,1.988219526686414e-6,8.0,((v1+(0.315632902259753+(exp(v1)-(-1003.00924431795+(1133.33684208329/(1.79368163037376-v1))))))/(((-2195.05651308675+v1)+(19.380633066733/(10.5967430046147-(v1+v1))))/(1.87339833993033-v1))),-0.9999999999296655,1.050880831042987e-10,1.0239752125707902e-5,1.050880831042987e-10,337.0,4.633377532824862e-6,((v1+(0.316+(exp(v1)-(-1000.0+(1130.0/(1.79-v1))))))/(((-2200.0+v1)+(19.4/(10.6-(v1+v1))))/(1.87-v1)))
7.606346172340618e-5,30.0,0,142.0,-1.0,true,2.8603543495542283e-5,2.5280179865269252e-6,8.0,((v1+(exp(v1)-(-1003.32487465924+(1133.33624090469/(1.79368099217006-v1)))))/(((-2195.05372414717+v1)+(54.5637786882725/((29.8480147177581-(4.63356423930478*v1))-v1)))/(1.87339793731271-v1))),-0.9999999998856679,1.7082568028141623e-10,1.0696731558112369e-5,1.7082568028141623e-10,342.0,6.699595425530697e-6,((v1+(exp(v1)-(-1000.0+(1130.0/(1.79-v1)))))/(((-2200.0+v1)+(54.6/((29.8-(4.63*v1))-v1)))/(1.87-v1)))
0.029279366073791144,30.0,0,9.0,-1.0,true,0.012367342549211902,0.0010278173563931783,7.0,((exp(v1)+(v1-(-1004.00261462708+(1121.83032348952/(1.78190599921094-v1)))))/((-2198.87666645567+(v1+(v1+(14.5958271123097/(10.4939624788104-(v1+v1))))))/(1.86216483555326-v1))),-0.9999770615425728,3.4272783445459365e-5,0.004167270655332525,3.4272783445459365e-5,375.0,0.002930232687335353,((exp(v1)+(v1-(-1000.0+(1120.0/(1.78-v1)))))/((-2200.0+(v1+(v1+(14.6/(10.5-(v1+v1))))))/(1.86-v1)))
8.041023308415592e-5,30.0,0,84.0,-1.0,true,3.023813993469071e-5,2.480677627260029e-6,8.0,((v1+((0.3541495336757+exp(v1))-(-1002.9707258317+(1133.33551909643/(1.79368027717909-v1)))))/((-2195.05571438955+(v1+(19.3762592949489/(10.59662629573-(v1+v1)))))/(1.873396876504-v1))),-0.9999999999077075,1.3789605477107817e-10,1.1088852031087946e-5,1.3789605477107817e-10,337.0,5.760065294596606e-6,((v1+((0.354+exp(v1))-(-1000.0+(1130.0/(1.79-v1)))))/((-2200.0+(v1+(19.4/(10.6-(v1+v1)))))/(1.87-v1)))
7.873781515730849e-5,30.0,0,139.0,-1.0,true,2.96092298400219e-5,2.591011158892968e-6,7.0,((exp(v1)+(v1-(-1003.32487605196+(1133.33629303772/(1.79368101230439-v1)))))/((-2197.05558092591+(v1+(((20.2844010059147-v1)-v1)/(5.2983040033196-v1))))/(1.87339754439005-v1))),-0.9999999999083418,1.369483189731777e-10,1.092943260821039e-5,1.369483189731777e-10,639.0,5.810584455978596e-6,((exp(v1)+(v1-(-1000.0+(1130.0/(1.79-v1)))))/((-2200.0+(v1+(((20.3-v1)-v1)/(5.3-v1))))/(1.87-v1)))
7.793563798743707e-5,30.0,0,5.0,-1.0,true,2.9307572394388082e-5,2.4606019786462306e-6,9.0,((v1+(0.315632891942888+(exp(v1)-(-1003.00924430763+(1133.33669624009/(1.79368143339163-v1))))))/(((-2195.05666691586+v1)+(-33.6498939846574/(-18.3999407047921+(3.47276718370647*v1))))/(1.87339786946769-v1))),-0.9999999999225521,1.1571643397649975e-10,1.0699111180893036e-5,1.1571643397649975e-10,301.0,4.989023361826744e-6,((v1+(0.316+(exp(v1)-(-1000.0+(1130.0/(1.79-v1))))))/(((-2200.0+v1)+(-33.6/(-18.4+(3.47*v1))))/(1.87-v1)))
6.858127779439128e-5,30.0,0,16.0,-1.0,true,2.5789880159610146e-5,1.5610225409520684e-6,8.0,((exp(v1)+(v1-(-1003.32487671903+(1133.33736192624/(1.79368226313048-v1)))))/((-0.291118165123737+((-2194.76417012575+v1)+(19.3802587938128/(10.5967442928627-(v1+v1)))))/(1.87339963336914-v1))),-0.9999999999394,9.0543545172582e-11,9.296117867735146e-6,9.0543545172582e-11,342.0,4.5026321254977575e-6,((exp(v1)+(v1-(-1000.0+(1130.0/(1.79-v1)))))/((-0.291+((-2190.0+v1)+(19.4/(10.6-(v1+v1)))))/(1.87-v1)))
0.43576176139353806,30.0,0,0.0,-1.0,true,0.5021001322008556,0.22249072103696052,7.0,((v1+((508.454145372787+exp(v1))-(-1511.05611307972+(22079.8415399997/((1601.33057981311/(137.988337136486-v1))-v1)))))/(-448.261934536856+(v1+((v1-v1)/(-0.12772033165888-v1))))),-0.9764457571698386,0.035192840072347714,0.14702387506093412,0.035192840072347714,241.0,0.10366568266410353,((v1+((508.0+exp(v1))-(-1510.0+(22100.0/((1600.0/(138.0-v1))-v1)))))/(-448.0+(v1+((v1-v1)/(-0.128-v1)))))
0.12921519556990238,30.0,0,0.0,-1.0,true,0.05705939387268533,0.023533205096539153,8.0,((v1+(exp(v1)-(-1003.1089935571+(1144.38200167733/(1.80480078854329-v1)))))/((v1+(-2162.41287259635+(5.16345607008966/(34.5845843502277/(20.0580862110321-(v1+v1))))))/(1.89721542614525-v1))),-0.9995108589996897,0.0007308348275455471,0.026327213432305173,0.0007308348275455471,342.0,0.01720059384926924,((v1+(exp(v1)-(-1000.0+(1140.0/(1.8-v1)))))/((v1+(-2160.0+(5.16/(34.6/(20.1-(v1+v1))))))/(1.9-v1)))
5.660993271203477e-6,30.0,0,138.0,-1.0,true,9.64776438516779e-6,3.238068856317466e-6,8.0,((v1+(exp(v1)-(-1003.3249020353+(2266.72585396769/((3.58741391682046-v1)-v1)))))/((-2195.05477688396+(v1+(29.6105292696668/(16.1929663648264-(3.05624489378314*v1)))))/(1.87342280820207-v1))),-0.9999999999915544,1.2618671263405959e-11,2.073970842698329e-6,1.2618671263405959e-11,326.0,1.9244391447764686e-6,((v1+(exp(v1)-(-1000.0+(2270.0/((3.59-v1)-v1)))))/((-2200.0+(v1+(29.6/(16.2-(3.06*v1)))))/(1.87-v1)))
2.5540780851277707e-5,30.0,0,119.0,-1.0,true,9.604569913557182e-6,2.5365157959154935e-6,8.0,((v1+(exp(v1)-(-1004.32489554158+((1135.14883124693-v1)/(1.79369946403419-v1)))))/((-2195.05667758882+(v1+(-33.6575130478832/(-18.4000349593919+(3.47274652747742*v1)))))/(1.87341561845678-v1))),-0.9999999999917941,1.2260590264115753e-11,4.249876888790099e-6,1.2260590264115753e-11,426.0,1.8559317613575654e-6,((v1+(exp(v1)-(-1000.0+((1140.0-v1)/(1.79-v1)))))/((-2200.0+(v1+(-33.7/(-18.4+(3.47*v1)))))/(1.87-v1)))
6.592711326694076e-5,30.0,0,36.0,-1.0,true,2.479178582120989e-5,2.6487830150986402e-6,9.0,((v1+(0.315634456467089+(exp(v1)-(-1003.00924587216+(1133.34069925801/(1.79368532579456-v1))))))/((-2195.05543245013+(v1+(29.6094095920662/(16.1929562677516-(3.05624710991316*v1)))))/(1.87340183111772-v1))),-0.9999999999339639,9.866569908120772e-11,9.331269600233422e-6,9.866569908120772e-11,301.0,5.04401126988005e-6,((v1+(0.316+(exp(v1)-(-1000.0+(1130.0/(1.79-v1))))))/((-2200.0+(v1+(29.6/(16.2-(3.06*v1)))))/(1.87-v1)))
6.726938368533006e-5,30.0,0,237.0,-1.0,true,2.5296544471753446e-5,2.5742055755664125e-6,7.0,((v1+(exp(v1)-(-1004.32488063612+((1135.13412059732-v1)/(1.7936850749099-v1)))))/((v1+(-2195.0562466956+(19.3787782084879/(10.5966901627413-(v1+v1)))))/(1.87340147921915-v1))),-0.9999999999399342,8.974559224761944e-11,9.418200375943511e-6,8.974559224761944e-11,477.0,4.587092469789111e-6,((v1+(exp(v1)-(-1000.0+((1140.0-v1)/(1.79-v1)))))/((v1+(-2200.0+(19.4/(10.6-(v1+v1)))))/(1.87-v1)))
4.447208515215116e-5,30.0,0,96.0,-1.0,true,1.6723656709349832e-5,2.158939534057355e-6,8.0,((v1+(exp(v1)-(-1003.32488884804+(1133.34836036684/(1.79369284953765-v1)))))/(((-2192.34322392813+v1)+(-2.71352201008855+(19.3827157533457/(10.5967929237806-(v1+v1)))))/(1.87340914367441-v1))),-0.9999999999762172,3.5534232364349413e-11,6.477916248757567e-6,3.5534232364349413e-11,342.0,2.671690854761516e-6,((v1+(exp(v1)-(-1000.0+(1130.0/(1.79-v1)))))/(((-2190.0+v1)+(-2.71+(19.4/(10.6-(v1+v1)))))/(1.87-v1)))
4.437705115510955e-5,30.0,0,13.0,-1.0,true,2.119336689521134e-5,3.0354442650742e-6,8.0,((v1+(exp(v1)-(-1003.32488634087+(1133.34810443789/(1.79369251810812-v1)))))/((-2194.16170921285+(v1+((5.56301618762705+v1)/((5.29825311511529-v1)/0.891770920319039))))/(1.87340905792588-v1))),-0.9999999999389978,9.1144622887947e-11,6.878284407769402e-6,9.1144622887947e-11,540.0,5.0181013263699e-6,((v1+(exp(v1)-(-1000.0+(1130.0/(1.79-v1)))))/((-2190.0+(v1+((5.56+v1)/((5.3-v1)/0.892))))/(1.87-v1)))
3.93944305828073e-5,30.0,0,73.0,-1.0,true,1.4831763822886757e-5,2.650332694018411e-6,9.0,((v1+(exp(v1)-(-1003.32488758994+(1133.34907423832/(1.79369355770913-v1)))))/(((-2192.34196837434+v1)+(-2.71204612840101+(29.6078028171489/(16.192940238305-(3.05625033011542*v1)))))/(1.87341031787974-v1))),-0.999999999963047,5.5212101238046787e-11,6.0549749905089505e-6,5.5212101238046787e-11,309.0,4.040926997038452e-6,((v1+(exp(v1)-(-1000.0+(1130.0/(1.79-v1)))))/(((-2190.0+v1)+(-2.71+(29.6/(16.2-(3.06*v1)))))/(1.87-v1)))
3.7232493975351616e-5,30.0,0,83.0,-1.0,true,3.1877200574292885e-5,3.342193792876443e-6,8.0,((exp(v1)+(v1-(-1003.32488723727+(1133.35038098825/(1.79369470276246-v1)))))/(((-2193.22395067064+v1)+(0.92515910130314*((v1/0.506226380057945)/(5.29817559738109-v1))))/(1.8734113736075-v1))),-0.9999999998985009,1.516518154427116e-10,6.225121210847977e-6,1.516518154427116e-10,474.0,5.949202394450043e-6,((exp(v1)+(v1-(-1000.0+(1130.0/(1.79-v1)))))/(((-2190.0+v1)+(0.925*((v1/0.506)/(5.3-v1))))/(1.87-v1)))
3.9942488527134346e-5,30.0,0,56.0,-1.0,true,2.365821605065932e-5,3.37539413699322e-6,7.0,((exp(v1)+(v1-(-1003.32488830768+(1133.3502259417/(1.79369453969653-v1)))))/((v1+(-2195.05323515814+(29.054843022191/(((15.8946909852588-v1)-v1)-v1))))/(1.87341086778574-v1))),-0.9999999999341866,9.833292298206524e-11,6.460858566129976e-6,9.833292298206524e-11,375.0,5.111812920975678e-6,((exp(v1)+(v1-(-1000.0+(1130.0/(1.79-v1)))))/((v1+(-2200.0+(29.1/(((15.9-v1)-v1)-v1))))/(1.87-v1)))
3.343488378134706e-5,30.0,0,44.0,-1.0,true,2.640024835631749e-5,3.361390675958081e-6,8.0,((v1+(0.315639072644007+(exp(v1)-(-1003.00925048833+(1133.35205902719/(1.79369634594808-v1))))))/((-2196.05242636097+(v1+((14.9824047192828-v1)/(5.29821211223286-v1))))/(1.87341283469697-v1))),-0.9999999999283525,1.0704987413014416e-10,5.682800838710885e-6,1.0704987413014416e-10,481.0,5.135945626309757e-6,((v1+(0.316+(exp(v1)-(-1000.0+(1130.0/(1.79-v1))))))/((-2200.0+(v1+((15.0-v1)/(5.3-v1))))/(1.87-v1)))
4.428625020147629e-5,30.0,0,131.0,-1.0,true,2.0388798922521545e-5,4.761842221059654e-6,7.0,(((v1+exp(v1))-(-1003.32491852748+(1133.38132741143/(1.79372479895114-v1))))/((v1+(-2195.05209139016+(29.0550009103538/(((15.8946838405558-v1)-v1)-v1))))/(1.87344020619613-v1))),-0.999999999941717,8.708182897007376e-11,7.432339335427383e-6,8.708182897007376e-11,375.0,5.1073753451098824e-6,(((v1+exp(v1))-(-1000.0+(1130.0/(1.79-v1))))/((v1+(-2200.0+(29.1/(((15.9-v1)-v1)-v1))))/(1.87-v1)))
3.1333055969404214e-5,30.0,0,336.0,-1.0,true,1.1782745735766653e-5,2.8774698851413587e-6,9.0,(((0.94990196000151+v1)+(exp(v1)-(-1002.37499265981+(1133.35404544212/(1.79369832992059-v1)))))/((-2195.05686666574+(v1+(29.617999164363/(16.1930476759787-(3.05622336739503*v1)))))/(1.87341417060775-v1))),-0.999999999987945,1.8011606597073717e-11,5.016844844845829e-6,1.8011606597073717e-11,301.0,2.1043168219499198e-6,(((0.95+v1)+(exp(v1)-(-1000.0+(1130.0/(1.79-v1)))))/((-2200.0+(v1+(29.6/(16.2-(3.06*v1)))))/(1.87-v1)))
6.702547987225657e-5,30.0,0,123.0,-1.0,true,2.5204824831759343e-5,3.043221549062987e-6,9.0,((v1+((0.354152054305068+exp(v1))-(-1002.97072835233+(1133.34099782782/(1.79368555309582-v1)))))/((-2195.05508823977+(v1+(-33.6402296981108/(-18.3998152836966+(3.47279267370018*v1)))))/(1.87340183590827-v1))),-0.9999999999207121,1.184656290746492e-10,9.645986873142237e-6,1.184656290746492e-10,301.0,5.6263987577818975e-6,((v1+((0.354+exp(v1))-(-1000.0+(1130.0/(1.79-v1)))))/((-2200.0+(v1+(-33.6/(-18.4+(3.47*v1)))))/(1.87-v1)))
3.180478748086501e-5,30.0,0,77.0,-1.0,true,1.1960139618460985e-5,1.6653853754257467e-6,8.0,(((v1-0.221985314720738)+(exp(v1)-(-1003.54687687205+(1133.35171894887/(1.79369619293918-v1)))))/((-2195.05585881123+(v1+(19.3828311160049/((10.5968034579097-v1)-v1))))/(1.87341284815553-v1))),-0.9999999999875827,1.85528972337207e-11,4.816451737092206e-6,1.85528972337207e-11,337.0,2.1022785066000804e-6,(((v1-0.222)+(exp(v1)-(-1000.0+(1130.0/(1.79-v1)))))/((-2200.0+(v1+(19.4/((10.6-v1)-v1))))/(1.87-v1)))
5.7955122414830093e-5,30.0,0,383.0,-1.0,true,2.1793931372859898e-5,1.984769591386983e-6,8.0,(((v1+exp(v1))-(-1003.32488139599+(1133.34195751369/(1.79368668130093-v1))))/((-2196.35785820274+(v1+(((12.7374095352552-v1)/(5.29836182657557-v1))/0.76771799651603)))/(1.87340369571633-v1))),-0.999999999954801,6.75326061701421e-11,8.07417831122102e-6,6.75326061701421e-11,474.0,4.06241192710266e-6,(((v1+exp(v1))-(-1000.0+(1130.0/(1.79-v1))))/((-2200.0+(v1+(((12.7-v1)/(5.3-v1))/0.768)))/(1.87-v1)))
8.55144864002001e-5,30.0,0,164.0,-1.0,true,3.2157586255299186e-5,2.622014790917591e-6,8.0,((v1+((0.354149114562819+exp(v1))-(-1002.97072541259+(1133.33428679407/(1.79367904395919-v1)))))/((-2195.05625636346+(v1+(19.3766451808757/(10.5966324673461-(v1+v1)))))/(1.87339544704386-v1))),-0.9999999998996092,1.4999584642319748e-10,1.1754227969285486e-5,1.4999584642319748e-10,337.0,5.893125542683758e-6,((v1+((0.354+exp(v1))-(-1000.0+(1130.0/(1.79-v1)))))/((-2200.0+(v1+(19.4/(10.6-(v1+v1)))))/(1.87-v1)))
2.2320287231512703e-5,30.0,0,25.0,-1.0,true,1.2597265593328189e-5,3.094485009052776e-6,7.0,((v1+(exp(v1)-(-1004.32489474864+((1135.14970309122-v1)/(1.79370026115708-v1)))))/((-2195.05428606137+(v1+(19.3759848973866/((10.5966204041816-v1)-v1))))/(1.87341659610258-v1))),-0.9999999999806044,2.897926431803655e-11,4.034352520854766e-6,2.897926431803655e-11,477.0,3.0138728039190432e-6,((v1+(exp(v1)-(-1000.0+((1140.0-v1)/(1.79-v1)))))/((-2200.0+(v1+(19.4/((10.6-v1)-v1))))/(1.87-v1)))
7.228955058047668e-5,30.0,0,210.0,-1.0,true,2.7184370227861798e-5,2.179027746666595e-6,8.0,((v1+(exp(v1)-(-1003.32487745609+(1133.33768621499/(1.79368244727404-v1)))))/((-2194.12856212555+(v1+(((5.1525910437072+v1)/1.07862426416572)/(5.29834163907573-v1))))/(1.87339925201766-v1))),-0.9999999999290953,1.059401166621341e-10,9.947978232409696e-6,1.059401166621341e-10,540.0,4.9959055805452734e-6,((v1+(exp(v1)-(-1000.0+(1130.0/(1.79-v1)))))/((-2190.0+(v1+(((5.15+v1)/1.08)/(5.3-v1))))/(1.87-v1)))
7.641082000947839e-5,30.0,0,198.0,-1.0,true,2.8734167025146196e-5,2.0599967524362807e-6,8.0,(((0.949891748631051+v1)+(exp(v1)-(-1002.37498244844+(2266.67017144119/((3.58736010009657-v1)-v1)))))/((-2195.05468538081+(v1+(9.68821188718451/(5.29832058384247-v1))))/(1.87339728476722-v1))),-0.9999999999137751,1.2883019832088144e-10,1.0505161510523905e-5,1.2883019832088144e-10,309.0,5.655757094435998e-6,(((0.95+v1)+(exp(v1)-(-1000.0+(2270.0/((3.59-v1)-v1)))))/((-2200.0+(v1+(9.69/(5.3-v1))))/(1.87-v1)))
2.989061093651955e-5,30.0,0,498.0,-1.0,true,2.026761545437239e-5,3.0260825725766672e-6,7.0,((v1+(exp(v1)-(-1003.32489079758+(1133.35288743838/(1.79369720464743-v1)))))/(((-2195.05305909987+v1)+(29.0579085867964/(((15.8947796108978-v1)-v1)-v1)))/(1.87341379848234-v1))),-0.9999999999549003,6.738426980282865e-11,5.064645833741003e-6,6.738426980282865e-11,375.0,4.255882759547636e-6,((v1+(exp(v1)-(-1000.0+(1130.0/(1.79-v1)))))/(((-2200.0+v1)+(29.1/(((15.9-v1)-v1)-v1)))/(1.87-v1)))
7.18765098700369e-5,30.0,0,44.0,-1.0,true,2.702904692730712e-5,2.1384584285067225e-6,7.0,((v1+(exp(v1)-(-1002.32487710958+((1131.54392547216+v1)/(1.79368237563178-v1)))))/((-2195.05529118499+(v1+(19.3774062697363/(10.5966627995404-(v1+v1)))))/(1.87339927464433-v1))),-0.9999999999267424,1.0945565283881045e-10,9.90800151230624e-6,1.0945565283881045e-10,477.0,5.169341179726145e-6,((v1+(exp(v1)-(-1000.0+((1130.0+v1)/(1.79-v1)))))/((-2200.0+(v1+(19.4/(10.6-(v1+v1)))))/(1.87-v1)))
5.12689409019164e-5,30.0,0,17.0,-1.0,true,1.9279603476252127e-5,2.9749200619288245e-6,9.0,((v1+(0.31563729310135+(exp(v1)-(-1003.00924870879+(1133.34637134515/(1.79369083289492-v1))))))/((-2195.05545855549+(v1+(-33.6453781809664/(-18.3998829597068+(3.47277923638105*v1)))))/(1.87340707604105-v1))),-0.9999999999568443,6.447977386254594e-11,7.58916992586526e-6,6.447977386254594e-11,301.0,4.242619492698246e-6,((v1+(0.316+(exp(v1)-(-1000.0+(1130.0/(1.79-v1))))))/((-2200.0+(v1+(-33.6/(-18.4+(3.47*v1)))))/(1.87-v1)))
0.031899171933735294,30.0,0,7.0,-1.0,true,0.012301489985561354,0.0025575881929792072,7.0,((v1+(exp(v1)-(-1002.64376587789+(1144.54660632906/(1.80503467781292-v1)))))/((-2187.73149846987+(v1+(((9.63997795359215-v1)/(5.14533161615425-v1))-v1)))/(1.88440827413504-v1))),-0.9999752239017297,3.7018437414075775e-5,0.0050247141868349195,3.7018437414075775e-5,507.0,0.0032753802406004125,((v1+(exp(v1)-(-1000.0+(1140.0/(1.81-v1)))))/((-2190.0+(v1+(((9.64-v1)/(5.15-v1))-v1)))/(1.88-v1)))
4.734123938987946e-5,30.0,0,4.0,-1.0,true,1.7802597585492297e-5,2.449874769506747e-6,7.0,((v1+(exp(v1)-(-1004.32488744083+((1135.14118002823-v1)/(1.79369196009737-v1)))))/((-2195.05594478988+(v1+(19.3793090915524/(10.5967040736727-(v1+v1)))))/(1.8734082561173-v1))),-0.9999999999689073,4.6456204163555753e-11,6.9756936868228105e-6,4.6456204163555753e-11,477.0,3.512551699585975e-6,((v1+(exp(v1)-(-1000.0+((1140.0-v1)/(1.79-v1)))))/((-2200.0+(v1+(19.4/(10.6-(v1+v1)))))/(1.87-v1)))
4.110557068471348e-5,30.0,0,179.0,-1.0,true,1.5457684311881437e-5,2.3102925392145974e-6,9.0,((v1+(0.315638977431853+(exp(v1)-(-1003.00925039312+(1133.34953280192/(1.79369396696938-v1))))))/(((-2192.34286423983+v1)+(-2.71294199389785+(9.68981097492322/(5.29835657723939-v1))))/(1.87341028860215-v1))),-0.9999999999761576,3.562331915578449e-11,6.189219332065741e-6,3.562331915578449e-11,301.0,3.154524712979667e-6,((v1+(0.316+(exp(v1)-(-1000.0+(1130.0/(1.79-v1))))))/(((-2190.0+v1)+(-2.71+(9.69/(5.3-v1))))/(1.87-v1)))
3.8341948827433185e-5,30.0,0,65.0,-1.0,true,1.4445512204197541e-5,3.027686811860395e-6,9.0,((v1+(exp(v1)-(-1003.32488942452+(1133.35049448794/(1.79369487045317-v1)))))/(((-2192.34221631429+v1)+(-2.71229406835997+(-33.7261772567938/(-18.4454249676894+(3.48138643977854*v1)))))/(1.87341123584307-v1))),-0.9999999999649735,5.233381235425988e-11,6.031625530977414e-6,5.233381235425988e-11,309.0,3.953756527244612e-6,((v1+(exp(v1)-(-1000.0+(1130.0/(1.79-v1)))))/(((-2190.0+v1)+(-2.71+(-33.7/(-18.4+(3.48*v1)))))/(1.87-v1)))
4.5402486177076865e-5,30.0,0,246.0,-1.0,true,3.0215352469387113e-5,3.4400403514287846e-6,8.0,((v1+(exp(v1)-(-1004.32488551942+((1135.14178527138-v1)/(1.79369244259437-v1)))))/((-2195.05228053758+(v1+(29.5943322052193/(16.1926569903729-(3.05626507752261*v1)))))/(1.87340891526932-v1))),-0.9999999998991587,1.506690199334119e-10,7.245779680953519e-6,1.506690199334119e-10,426.0,6.12515068849212e-6,((v1+(exp(v1)-(-1000.0+((1140.0-v1)/(1.79-v1)))))/((-2200.0+(v1+(29.6/(16.2-(3.06*v1)))))/(1.87-v1)))
0.04806127935160633,30.0,0,1.0,-1.0,true,0.018073367464973678,0.001396717105185574,8.0,((v1+(exp(v1)-(-1003.30867002984+(1114.60058305326/(1.7755038083633-v1)))))/((-2199.60942569928+(v1+((19.9229191781366-v1)/(5.4159121482141-v1))))/((9.76040802359673/5.26039767762781)-v1))),-0.9999468067222892,7.947708312670708e-5,0.006705799400624747,7.947708312670708e-5,584.0,0.004457420001366404,((v1+(exp(v1)-(-1000.0+(1110.0/(1.78-v1)))))/((-2200.0+(v1+((19.9-v1)/(5.42-v1))))/((9.76/5.26)-v1)))
3.5930673269843525e-5,30.0,0,68.0,-1.0,true,1.351167239055373e-5,2.083655523143054e-6,9.0,(((0.949900103942672+v1)+(exp(v1)-(-1002.37499080375+(1133.35113504613/(1.79369555226173-v1)))))/((-2195.05572877961+(v1+(-33.6513635403048/(-18.399961318705+(3.47276269948545*v1)))))/(1.87341192500351-v1))),-0.9999999999818708,2.7087059317673656e-11,5.516642899410656e-6,2.7087059317673656e-11,301.0,2.80024309431276e-6,(((0.95+v1)+(exp(v1)-(-1000.0+(1130.0/(1.79-v1)))))/((-2200.0+(v1+(-33.7/(-18.4+(3.47*v1)))))/(1.87-v1)))
3.834239725467407e-6,30.0,0,363.0,-1.0,true,1.4422781577927424e-6,1.5334879439072437e-6,7.0,((v1+(exp(v1)-(-1003.32490309135+(2266.72703554567/((3.5874153541482-v1)-v1)))))/((-2195.05552845066+(v1+(19.3830182722382/((10.5968050052085-v1)-v1))))/(1.87342393111112-v1))),-0.9999999999995832,6.226389117584302e-13,1.0590298793914387e-6,6.226389117584302e-13,365.0,5.75838244858129e-7,((v1+(exp(v1)-(-1000.0+(2270.0/((3.59-v1)-v1)))))/((-2200.0+(v1+(19.4/((10.6-v1)-v1))))/(1.87-v1)))
4.54388234276737e-5,30.0,0,58.0,-1.0,true,1.973840387581305e-5,2.7934197874618868e-6,7.0,((v1+(exp(v1)-(-1004.32488543226+((1135.14090033165-v1)/(1.79369168899823-v1)))))/(((-2195.05350256887+v1)+(19.372519917988/((10.5965348081393-v1)-v1)))/(1.87340841612058-v1))),-0.9999999999428363,8.540942811638236e-11,6.917583239623054e-6,8.540942811638236e-11,477.0,4.891614105901471e-6,((v1+(exp(v1)-(-1000.0+((1140.0-v1)/(1.79-v1)))))/(((-2200.0+v1)+(19.4/((10.6-v1)-v1)))/(1.87-v1)))
2.8149558160430972e-5,30.0,0,68.0,-1.0,true,1.058559646088808e-5,2.0883890873553092e-6,7.0,((v1+(exp(v1)-(-1004.32489287391+((1135.14715235884-v1)/(1.79369783920461-v1)))))/((v1+(-2195.05527706671+(19.3801033702205/((10.5967300022995-v1)-v1))))/(1.87341433907291-v1))),-0.9999999999875977,1.8530583219212708e-11,4.52890084292705e-6,1.8530583219212708e-11,477.0,2.4675242980727596e-6,((v1+(exp(v1)-(-1000.0+((1140.0-v1)/(1.79-v1)))))/((v1+(-2200.0+(19.4/((10.6-v1)-v1))))/(1.87-v1)))
4.491846571855538e-5,30.0,0,25.0,-1.0,true,1.6891517409578505e-5,2.2678647435813475e-6,8.0,(((v1-0.221986996201564)+(exp(v1)-(-1003.54687520483+(1133.34825215934/(1.79369271398456-v1)))))/((-2195.05595870885+(v1+(19.3797548921814/(10.5967162862548-(v1+v1)))))/(1.8734090282547-v1))),-0.9999999999724567,4.115290641636977e-11,6.653320132509574e-6,4.115290641636977e-11,337.0,3.308315485006652e-6,(((v1-0.222)+(exp(v1)-(-1000.0+(1130.0/(1.79-v1)))))/((-2200.0+(v1+(19.4/(10.6-(v1+v1)))))/(1.87-v1)))
2.7651211823969853e-5,30.0,0,63.0,-1.0,true,1.039819411569054e-5,2.5730021725668747e-6,8.0,((v1+(exp(v1)-(-1003.32489178509+(2266.70606304717/((3.58739491913289-v1)-v1)))))/((v1+(-2195.05430187707+(29.6116099743173/(16.1929798129955-(3.05623799329264*v1)))))/(1.87341420331173-v1))),-0.9999999999821543,2.6663638120506575e-11,4.500669187408144e-6,2.6663638120506575e-11,326.0,2.953732031085038e-6,((v1+(exp(v1)-(-1000.0+(2270.0/((3.59-v1)-v1)))))/((v1+(-2200.0+(29.6/(16.2-(3.06*v1)))))/(1.87-v1)))
4.030460779752814e-5,30.0,0,108.0,-1.0,true,1.515648349531551e-5,2.1700085344469338e-6,9.0,(((0.949899727241745+v1)+(exp(v1)-(-1002.37499042705+(1133.34973012669/(1.79369419448095-v1)))))/((v1+(-2195.05665844769+(-33.6560313281127/(-18.4000178417246+(3.47275027505382*v1)))))/(1.87341050398007-v1))),-0.9999999999804521,2.920696667295121e-11,5.952073815941411e-6,2.920696667295121e-11,301.0,2.4301056741199423e-6,(((0.95+v1)+(exp(v1)-(-1000.0+(1130.0/(1.79-v1)))))/((v1+(-2200.0+(-33.7/(-18.4+(3.47*v1)))))/(1.87-v1)))
5.699297041168474e-5,30.0,0,89.0,-1.0,true,2.1432115646258243e-5,2.0256103560265392e-6,7.0,((v1+(exp(v1)-(-1003.32488169888+(1133.34232051015/(1.79368703277392-v1)))))/((-2195.55521084357+(v1+((24.6776905953605-v1)/((10.5967154386426-v1)-v1))))/(1.8734040363633-v1))),-0.9999999999554404,6.657723015591275e-11,7.972280511524254e-6,6.657723015591275e-11,639.0,4.076170010306607e-6,((v1+(exp(v1)-(-1000.0+(1130.0/(1.79-v1)))))/((-2200.0+(v1+((24.7-v1)/((10.6-v1)-v1))))/(1.87-v1)))
2.6386996286475907e-5,30.0,0,128.0,-1.0,true,9.922787878646755e-6,1.907588484592158e-6,7.0,((v1+(exp(v1)-(-1003.32489317184+(2266.70760875349/((3.58739640419513-v1)-v1)))))/((v1+(-2195.05517818561+(19.3805594645286/(10.5967444548696-(v1+v1)))))/(1.87341479253066-v1))),-0.9999999999893254,1.5949046839947414e-11,4.265454155813933e-6,1.5949046839947414e-11,365.0,2.308510241310485e-6,((v1+(exp(v1)-(-1000.0+(2270.0/((3.59-v1)-v1)))))/((v1+(-2200.0+(19.4/(10.6-(v1+v1)))))/(1.87-v1)))
3.5652358009027985e-5,30.0,0,17.0,-1.0,true,1.3407012380506345e-5,1.7898824115183895e-6,9.0,(((v1-0.221986054289202)+(exp(v1)-(-1003.54687614666+(1133.35048676078/(1.79369497102004-v1)))))/((-2195.05550923876+(v1+(-33.6525936545592/(-18.399980616268+(3.47275858612022*v1)))))/(1.87341161643165-v1))),-0.9999999999828486,2.5626202570577284e-11,5.376488303425928e-6,2.5626202570577284e-11,301.0,2.678077397511025e-6,(((v1-0.222)+(exp(v1)-(-1000.0+(1130.0/(1.79-v1)))))/((-2200.0+(v1+(-33.7/(-18.4+(3.47*v1)))))/(1.87-v1)))
5.2806085671958286e-5,30.0,0,31.0,-1.0,true,1.9857644316001455e-5,3.15701534679218e-6,8.0,(((0.949897497446761+v1)+(exp(v1)-(-1002.37498819725+(1133.34613521435/(1.79369058503476-v1)))))/((-2195.05534679353+(v1+(19.3755281344956/((10.59660258325-v1)-v1))))/(1.87340672835215-v1))),-0.9999999999510236,7.317651860874718e-11,7.854474381568603e-6,7.317651860874718e-11,337.0,4.531327119212253e-6,(((0.95+v1)+(exp(v1)-(-1000.0+(1130.0/(1.79-v1)))))/((-2200.0+(v1+(19.4/((10.6-v1)-v1))))/(1.87-v1)))
0.025493397295318822,30.0,0,6.0,-1.0,true,0.03617434051979718,0.0028712564208869763,8.0,((v1+(exp(v1)-(-1003.31578074149+(1124.76183708707/(1.78529037185269-v1)))))/((v1+(-2194.22388805436+(-9.39290963236475/(-26.7051133397235+(v1*(10.2801839829511-v1))))))/(1.86481996058304-v1))),-0.9998828332288101,0.00017506109069223292,0.004622261635193595,0.00017506109069223292,408.0,0.005720738844539941,((v1+(exp(v1)-(-1000.0+(1120.0/(1.79-v1)))))/((v1+(-2190.0+(-9.39/(-26.7+(v1*(10.3-v1))))))/(1.86-v1)))
7.255257890839291e-6,30.0,0,36.0,-1.0,true,4.1628700531148866e-6,2.9805674315187806e-6,8.0,((v1+(exp(v1)-(-1003.3249023335+(2266.72509022623/((3.58741319508302-v1)-v1)))))/((-2195.0557581856+(v1+(-33.6513049500033/(-18.3999541715428+(3.47276412113374*v1)))))/(1.87342235154249-v1))),-0.9999999999976005,3.5851321548219623e-12,2.1646386962415325e-6,3.5851321548219623e-12,326.0,1.3534774475493228e-6,((v1+(exp(v1)-(-1000.0+(2270.0/((3.59-v1)-v1)))))/((-2200.0+(v1+(-33.7/(-18.4+(3.47*v1)))))/(1.87-v1)))
1.6186305518419537e-5,30.0,0,181.0,-1.0,true,6.086834380636397e-6,1.6935668279244475e-6,7.0,((v1+(exp(v1)-(-1002.3248961787+((1131.56326638137+v1)/(1.79370131376391-v1)))))/((v1+(-2195.05502718769+(19.381773638071/((10.5967790086027-v1)-v1))))/(1.87341801270269-v1))),-0.9999999999958534,6.195500142854018e-12,2.9291491442817287e-6,6.195500142854018e-12,477.0,1.5908216817323018e-6,((v1+(exp(v1)-(-1000.0+((1130.0+v1)/(1.79-v1)))))/((v1+(-2200.0+(19.4/((10.6-v1)-v1))))/(1.87-v1)))
3.8344676800307405e-5,30.0,0,127.0,-1.0,true,1.4419454568981305e-5,1.8335771732585469e-6,8.0,(((0.949899641962749+v1)+(exp(v1)-(-1002.37499034177+(1133.35000268911/(1.79369447302932-v1)))))/((v1+(-2195.05603069363+(19.3817143984097/((10.5967706864187-v1)-v1))))/(1.87341094847969-v1))),-0.9999999999815359,2.758754478857463e-11,5.717199221247634e-6,2.758754478857463e-11,337.0,2.616015950571149e-6,(((0.95+v1)+(exp(v1)-(-1000.0+(1130.0/(1.79-v1)))))/((v1+(-2200.0+(19.4/((10.6-v1)-v1))))/(1.87-v1)))
1.4110449985959146e-5,30.0,0,27.0,-1.0,true,1.5692231812636237e-5,3.82083563974877e-6,8.0,(((v1+exp(v1))-(-1003.32489949306+(2266.7212864835/((3.58740923136557-v1)-v1))))/((-2195.0543651826+(v1+(29.6053661375856/(16.1928993906306-(3.05625912635084*v1)))))/(1.8734203053588-v1))),-0.9999999999768346,3.46117810538139e-11,3.297860262227221e-6,3.46117810538139e-11,326.0,3.022182982710675e-6,(((v1+exp(v1))-(-1000.0+(2270.0/((3.59-v1)-v1))))/((-2200.0+(v1+(29.6/(16.2-(3.06*v1)))))/(1.87-v1)))
8.981750346902584e-5,30.0,0,274.0,-1.0,true,3.377572896273717e-5,1.8367572600108955e-6,7.0,((v1+(exp(v1)-(-1002.32487411005+((1131.53879812575+v1)/(1.79367735905726-v1)))))/((-2195.0582836852+(v1+(19.3842528998419/((10.5968309507092-v1)-v1))))/(1.87339380285108-v1))),-0.9999999999043663,1.4288821936285937e-10,1.1973902509325791e-5,1.4288821936285937e-10,477.0,4.627103133713478e-6,((v1+(exp(v1)-(-1000.0+((1130.0+v1)/(1.79-v1)))))/((-2200.0+(v1+(19.4/((10.6-v1)-v1))))/(1.87-v1)))
3.967570940502091e-5,30.0,0,9.0,-1.0,true,1.4919987257611123e-5,2.5688531564033812e-6,7.0,((v1+(exp(v1)-(-1003.3248878318+(1133.34902423806/(1.79369351220547-v1)))))/((-2195.05438764392+(v1+((v1+(9.68830145468235/(5.29832067731248-v1)))-v1)))/(1.87341024338866-v1))),-0.9999999999682085,4.750020248752282e-11,6.034380565365574e-6,4.750020248752282e-11,375.0,3.7730208166698864e-6,((v1+(exp(v1)-(-1000.0+(1130.0/(1.79-v1)))))/((-2200.0+(v1+((v1+(9.69/(5.3-v1)))-v1)))/(1.87-v1)))
2.180713657479657e-5,30.0,0,331.0,-1.0,true,2.719422601149546e-5,3.540507287631994e-6,8.0,(((0.949901381799821+v1)+(exp(v1)-(-1002.37499208161+(1133.35625860747/(1.79370042873693-v1)))))/((-2196.05201884335+(v1+((14.9820713630211-v1)/(5.29820369103256-v1))))/(1.8734168362138-v1))),-0.9999999999323792,1.0103353548261923e-10,4.302649923907031e-6,1.0103353548261923e-10,481.0,4.706513947433377e-6,(((0.95+v1)+(exp(v1)-(-1000.0+(1130.0/(1.79-v1)))))/((-2200.0+(v1+((15.0-v1)/(5.3-v1))))/(1.87-v1)))
0.024790884252352888,30.0,0,3.0,-1.0,true,0.03040052329780174,0.0024127080532471636,8.0,((v1+(exp(v1)-(-1003.31606413415+(1125.23839629856/(1.78574067646724-v1)))))/((-2193.94572155119+(v1+(-6.34982876924309/(-24.8410638571026+(v1*(9.92668724865809-v1))))))/(1.86520156502551-v1))),-0.9999154098315699,0.00012638777186427778,0.004305088562804483,0.00012638777186427778,408.0,0.00496550780835486,((v1+(exp(v1)-(-1000.0+(1130.0/(1.79-v1)))))/((-2190.0+(v1+(-6.35/(-24.8+(v1*(9.93-v1))))))/(1.87-v1)))
6.90541620097961e-5,30.0,0,243.0,-1.0,true,2.596770751478461e-5,2.1444905073750356e-6,8.0,((v1+(exp(v1)-(-1002.32487604826+((1131.54401662472+v1)/(1.79368250147945-v1)))))/((-2195.05371592813+(v1+(-33.6401181386146/(-18.3998072654093+(3.47278620325484*v1)))))/(1.87339976552982-v1))),-0.9999999999127425,1.3037318826345464e-10,9.72261220249158e-6,1.3037318826345464e-10,426.0,5.907170664828931e-6,((v1+(exp(v1)-(-1000.0+((1130.0+v1)/(1.79-v1)))))/((-2200.0+(v1+(-33.6/(-18.4+(3.47*v1)))))/(1.87-v1)))
6.899790930814118e-5,30.0,0,106.0,-1.0,true,2.594655377602395e-5,2.792699176933515e-6,8.0,((v1+(exp(v1)-(-1004.32488030633+((1135.13388582408-v1)/(1.79368481294199-v1)))))/((v1+(-2195.0560847076+(29.6107699376818/(16.1929701533622-(3.05624408937839*v1)))))/(1.87340109944386-v1))),-0.9999999999328658,1.0030642262962246e-10,9.731672523141022e-6,1.0030642262962246e-10,426.0,4.968941177060926e-6,((v1+(exp(v1)-(-1000.0+((1140.0-v1)/(1.79-v1)))))/((v1+(-2200.0+(29.6/(16.2-(3.06*v1)))))/(1.87-v1)))
3.034112744384544e-5,30.0,0,356.0,-1.0,true,2.3930352886392114e-5,3.803215639543713e-6,7.0,((v1+(exp(v1)-(-1003.32489257476+(2266.70882735238/((3.5873971409706-v1)-v1)))))/((v1+(-2195.05331246892+(19.3693385821166/((10.5964410129655-v1)-v1))))/(1.873414557645-v1))),-0.9999999999410784,8.80359408908944e-11,5.40139552300209e-6,8.80359408908944e-11,365.0,4.717842009879791e-6,((v1+(exp(v1)-(-1000.0+(2270.0/((3.59-v1)-v1)))))/((v1+(-2200.0+(19.4/((10.6-v1)-v1))))/(1.87-v1)))
6.550847658108401e-5,30.0,0,385.0,-1.0,true,2.6391596551267327e-5,2.8817522287552353e-6,8.0,((v1+((0.354149619692883+exp(v1))-(-1002.97072591772+(1133.33823033148/(1.79368302186027-v1)))))/((-2196.05214166743+(v1+((14.9830679019852-v1)/(5.29823619178258-v1))))/(1.87340059338392-v1))),-0.9999999998908242,1.6312156515108236e-10,9.558342148644261e-6,1.6312156515108236e-10,481.0,6.650079620636878e-6,((v1+((0.354+exp(v1))-(-1000.0+(1130.0/(1.79-v1)))))/((-2200.0+(v1+((15.0-v1)/(5.3-v1))))/(1.87-v1)))
4.7913401936518526e-5,30.0,0,25.0,-1.0,true,2.873063245356633e-5,2.8697329912940146e-6,7.0,((v1+(exp(v1)-(-1004.32488304784+((1135.13958741783-v1)/(1.79369039585434-v1)))))/((-2196.05197012627+(v1+((14.982016285006-v1)/(5.29820543672412-v1))))/(1.87340735800154-v1))),-0.9999999999036809,1.439120655706519e-10,7.413014617923066e-6,1.439120655706519e-10,681.0,6.0707184872249575e-6,((v1+(exp(v1)-(-1000.0+((1140.0-v1)/(1.79-v1)))))/((-2200.0+(v1+((15.0-v1)/(5.3-v1))))/(1.87-v1)))
5.514459530513787e-5,30.0,0,46.0,-1.0,true,2.0737037134732628e-5,3.1288321695479004e-6,8.0,((v1+(exp(v1)-(-1002.32488383838+((1131.55125515462+v1)/(1.79368940792395-v1)))))/((-2195.05436999922+(v1+(29.6037015400821/(16.1928830877014-(3.05626260370179*v1)))))/(1.87340574191015-v1))),-0.9999999999323814,1.0103026785045027e-10,8.218305452676968e-6,1.0103026785045027e-10,426.0,5.297011729729628e-6,((v1+(exp(v1)-(-1000.0+((1130.0+v1)/(1.79-v1)))))/((-2200.0+(v1+(29.6/(16.2-(3.06*v1)))))/(1.87-v1)))
3.409268738641398e-5,30.0,0,224.0,-1.0,true,1.564862410763368e-5,3.1478254538208567e-6,9.0,(((v1-0.221985645764701)+(exp(v1)-(-1003.54687651898+(1133.35210773667/(1.79369642882181-v1)))))/((-2195.05425414661+(v1+(29.6065010688054/(16.1929190899674-(3.05625478221632*v1)))))/(1.87341274183181-v1))),-0.9999999999655873,5.141667975506872e-11,5.555049241227955e-6,5.141667975506872e-11,301.0,3.9034467294446484e-6,(((v1-0.222)+(exp(v1)-(-1000.0+(1130.0/(1.79-v1)))))/((-2200.0+(v1+(29.6/(16.2-(3.06*v1)))))/(1.87-v1)))
4.5930385488992075e-5,30.0,0,35.0,-1.0,true,1.727204822571382e-5,2.581904533698371e-6,8.0,((v1+(0.315637400302978+(exp(v1)-(-1003.00924881599+(1133.3471116084/(1.79369162433398-v1))))))/((-2195.05474285383+(v1+(19.3768264737111/((10.5966455836935-v1)-v1))))/(1.87340827445183-v1))),-0.9999999999626552,5.5797580493741474e-11,6.812135230561853e-6,5.5797580493741474e-11,337.0,4.012782943062232e-6,((v1+(0.316+(exp(v1)-(-1000.0+(1130.0/(1.79-v1))))))/((-2200.0+(v1+(19.4/((10.6-v1)-v1))))/(1.87-v1)))
0.05700727322627617,30.0,0,4.0,-1.0,true,0.05707140988555803,0.020808728161180703,10.0,((v1+(exp(v1)-(-1003.30016408734+(1128.67476476069/(1.78875264648474-v1)))))/(((-2177.16114250026+v1)+(12.4675961753802+(19.343118633361/(10.5948234741143-(1133.35016235574/1.31609806492168)))))/(1.87933108382961-v1))),-0.9996702075188233,0.0004927491887895864,0.016758397050825886,0.0004927491887895864,276.0,0.01375524214585543,((v1+(exp(v1)-(-1000.0+(1130.0/(1.79-v1)))))/(((-2180.0+v1)+(12.5+(19.3/(10.6-(1130.0/1.32)))))/(1.88-v1)))
4.2700099577520465e-5,30.0,0,73.0,-1.0,true,2.8672078718372518e-5,3.1590670410786145e-6,7.0,((v1+(exp(v1)-(-1002.32488568552+((1131.55470325511+v1)/(1.79369278514585-v1)))))/((-2196.05212796579+(v1+((14.9818908193195-v1)/(5.29820053881196-v1))))/(1.87340948056024-v1))),-0.9999999999095573,1.3513199918229854e-10,6.808054358472827e-6,1.3513199918229854e-10,681.0,5.819437378071918e-6,((v1+(exp(v1)-(-1000.0+((1130.0+v1)/(1.79-v1)))))/((-2200.0+(v1+((15.0-v1)/(5.3-v1))))/(1.87-v1)))
0.04362047766310835,30.0,0,8.0,-1.0,true,0.055241112000186554,0.01951790964354285,7.0,(((0.938384264729013+v1)+(exp(v1)-(-1002.36347496454+(1129.05687204088/(1.78867276963099-v1)))))/((-2167.02947112753+(v1+((v1-v1)/(5.29750428495042-v1))))/(1.87748312060327-v1))),-0.9997027746878197,0.0004440899651260199,0.014563156864646905,0.0004440899651260199,589.0,0.012921526600963275,(((0.938+v1)+(exp(v1)-(-1000.0+(1130.0/(1.79-v1)))))/((-2170.0+(v1+((v1-v1)/(5.3-v1))))/(1.88-v1)))
6.971483370863309e-6,30.0,0,389.0,-1.0,true,2.6216152053670783e-6,2.9512004120499813e-6,7.0,((v1+(exp(v1)-(-1003.32490229188+(2266.72435525031/((3.58741260888858-v1)-v1)))))/((-2196.05625432235+(v1+((14.9898570925378-v1)/(5.29839753556884-v1))))/(1.87342219480848-v1))),-0.9999999999990231,1.4595927482818124e-12,2.0151976401840015e-6,1.4595927482818124e-12,521.0,9.186575576532185e-7,((v1+(exp(v1)-(-1000.0+(2270.0/((3.59-v1)-v1)))))/((-2200.0+(v1+((15.0-v1)/(5.3-v1))))/(1.87-v1)))
4.477713997790576e-5,30.0,0,88.0,-1.0,true,1.6838372090155485e-5,2.0050865234819927e-6,8.0,(((v1-0.221986886003898)+(exp(v1)-(-1003.54687531503+(1133.34822304558/(1.79369270262487-v1)))))/((v1+(-2195.05632423239+(19.3812596431412/((10.596755722458-v1)-v1))))/(1.87340902855955-v1))),-0.9999999999748285,3.7609268533340485e-11,6.5678258213049086e-6,3.7609268533340485e-11,337.0,2.99291622864184e-6,(((v1-0.222)+(exp(v1)-(-1000.0+(1130.0/(1.79-v1)))))/((v1+(-2200.0+(19.4/((10.6-v1)-v1))))/(1.87-v1)))
3.0203816474444415e-5,30.0,0,74.0,-1.0,true,2.9025718572217585e-5,3.6079262673461446e-6,8.0,((v1+(exp(v1)-(-1003.32489084831+(2266.70712471633/((3.58739554927296-v1)-v1)))))/((v1+(-2195.05208692742+(-33.6284566021798/(-18.3995720216339+(3.4728033248307*v1)))))/(1.87341413210589-v1))),-0.9999999999186244,1.2158474794021995e-10,5.391012560362607e-6,1.2158474794021995e-10,326.0,5.302235041498848e-6,((v1+(exp(v1)-(-1000.0+(2270.0/((3.59-v1)-v1)))))/((v1+(-2200.0+(-33.6/(-18.4+(3.47*v1)))))/(1.87-v1)))
0.2104373542877709,30.0,0,1.0,-1.0,true,0.07913463153103978,0.024303450635314555,8.0,((v1+(exp(v1)-(-1001.63967053495+((1161.36267307123+v1)/(1.82340694403216-v1)))))/((-2153.76868139223+(17.4927623858915/(-95.3247431447637+(v1+(1.21552163271783*v1)))))/(1.91583711758251-v1))),-0.9992090388920829,0.0011817899634935425,0.03647655610913878,0.0011817899634935425,426.0,0.020683289185880593,((v1+(exp(v1)-(-1000.0+((1160.0+v1)/(1.82-v1)))))/((-2150.0+(17.5/(-95.3+(v1+(1.22*v1)))))/(1.92-v1)))
6.438663154012575e-5,30.0,0,237.0,-1.0,true,2.4401434370879826e-5,2.6499920392978325e-6,7.0,((v1+(exp(v1)-(-1003.32487842945+(1133.3403714563/(1.79368500539602-v1)))))/((v1+(-2195.05321453357+(29.0553564195288/(((15.89471532281-v1)-v1)-v1))))/(1.87340190796802-v1))),-0.9999999999010464,1.4784851450738816e-10,9.295515426052985e-6,1.4784851450738816e-10,375.0,6.2935174062334065e-6,((v1+(exp(v1)-(-1000.0+(1130.0/(1.79-v1)))))/((v1+(-2200.0+(29.1/(((15.9-v1)-v1)-v1))))/(1.87-v1)))
0.5573139717277089,30.0,0,0.0,-1.0,true,0.2095770304138228,0.050139320644999597,9.0,((v1+(-0.278189517707461+(exp(v1)-(-1002.41542169851-(138.402948344655/(0.381158298108492-v1))))))/((-2309.93747031364+(v1+(29.9138822866361/(18.8011397444181-(76.66800845197*v1)))))/(0.540311555709224-v1))),-0.9947214809550002,0.007886735222566547,0.08830635323844455,0.007886735222566547,301.0,0.049271343001746834,((v1+(-0.278+(exp(v1)-(-1000.0-(138.0/(0.381-v1))))))/((-2310.0+(v1+(29.9/(18.8-(76.7*v1)))))/(0.54-v1)))
0.042295980158026075,30.0,0,0.0,-1.0,true,0.06139117069370448,0.021491350518976788,8.0,((v1+(exp(v1)-(-1004.01510049767+(1119.79624520544/(1.78029416936838-v1)))))/(((-2177.61836256763+v1)+(12.0107844653308+((-3.67539267992444+(2.05142977283888*v1))-v1)))/(1.87238153708226-v1))),-0.9996471549852635,0.0005271924155441602,0.014805404813342186,0.0005271924155441602,342.0,0.013264750552397411,((v1+(exp(v1)-(-1000.0+(1120.0/(1.78-v1)))))/(((-2180.0+v1)+(12.0+((-3.68+(2.05*v1))-v1)))/(1.87-v1)))
0.061210023800929755,30.0,0,0.0,-1.0,true,0.0357768244374439,0.0028460704801043482,8.0,((v1+(exp(v1)-(-1002.61513168563+(2222.09844071145/((3.54510280439503-v1)-v1)))))/((-2193.58923239045+(-16.3007305546817/(-26.7403229562244+(v1*(10.2556302593495-v1)))))/(1.8516575703146-v1))),-0.999848589120583,0.00022622586100335253,0.009073211234718742,0.00022622586100335253,404.0,0.007353088482314266,((v1+(exp(v1)-(-1000.0+(2220.0/((3.55-v1)-v1)))))/((-2190.0+(-16.3/(-26.7+(v1*(10.3-v1)))))/(1.85-v1)))
0.5400498335914545,30.0,0,0.0,-1.0,true,0.2030848787958871,0.08379859952219777,10.0,(((v1-1.22235925317511)+(exp(v1)-(-1002.54648857185+(1035.15599930678/(-1106.06541790942+(1131.91349245814/(53.3682271327506-v1)))))))/((-2289.8413589001+(v1+(19.4291067056813/35.876480678073)))/(0.690626454029671-v1))),-0.994948173252811,0.007548029969333963,0.10595068579318491,0.007548029969333963,225.0,0.05189613556665105,(((v1-1.22)+(exp(v1)-(-1000.0+(1040.0/(-1110.0+(1130.0/(53.4-v1)))))))/((-2290.0+(v1+(19.4/35.9)))/(0.691-v1)))
0.00017084179414690235,30.0,0,232.0,-1.0,true,6.424478427641267e-5,6.388969570501989e-6,8.0,((v1+(exp(v1)-(-1003.32483535357+(2266.59661565804/((3.58728864631183-v1)-v1)))))/((-2195.05163107175+(v1+(39.4182075661697/(21.5699821931296-(4.07120982770788*v1)))))/(1.87336342692872-v1))),-0.9999999995198217,7.174434966380338e-10,2.3999457777142475e-5,7.174434966380338e-10,326.0,1.3394363837210266e-5,((v1+(exp(v1)-(-1000.0+(2270.0/((3.59-v1)-v1)))))/((-2200.0+(v1+(39.4/(21.6-(4.07*v1)))))/(1.87-v1)))
6.712799231340787e-5,30.0,0,45.0,-1.0,true,2.5243374471795033e-5,2.3649386578499065e-6,8.0,(((0.992498967242935+v1)+(exp(v1)-(-1002.33238341037+(1133.34113365096/(1.79368575512929-v1)))))/((-2195.0577536576+(v1+(19.3829068102375/(10.5967923062286-(v1+v1)))))/(1.87340186185864-v1))),-0.9999999999463871,8.010402039033337e-11,9.307431344076037e-6,8.010402039033337e-11,337.0,3.680939868473676e-6,(((0.992+v1)+(exp(v1)-(-1000.0+(1130.0/(1.79-v1)))))/((-2200.0+(v1+(19.4/(10.6-(v1+v1)))))/(1.87-v1)))
8.428572363423818e-5,30.0,0,101.0,-1.0,true,3.169551197645948e-5,3.2512877097354303e-6,8.0,((v1+(exp(v1)-(-1003.3248733394+(1133.33496312666/(1.79367959659728-v1)))))/(((-2195.52299733707+v1)+(-0.53052060434826+((14.9813817450817-v1)/(5.29818330293917-v1))))/(1.87339602802598-v1))),-0.9999999998362732,2.446272534594495e-10,1.2034658705211153e-5,2.446272534594495e-10,474.0,7.958139285724197e-6,((v1+(exp(v1)-(-1000.0+(1130.0/(1.79-v1)))))/(((-2200.0+v1)+(-0.531+((15.0-v1)/(5.3-v1))))/(1.87-v1)))
0.010790651060225972,30.0,0,9.0,-1.0,true,0.004057807125170787,0.0002340343068287228,8.0,((v1+(exp(v1)-(-1003.3214780983+(1129.42892923158/(1.78988827092365-v1)))))/((-1621.92471898406+(v1+((21.1808445151612/((10.6428079122756-v1)-v1))-573.845397963427)))/(1.86965517053658-v1))),-0.9999979076664659,3.126195139294539e-6,0.0014656015097767971,3.126195139294539e-6,342.0,0.0008730616688713139,((v1+(exp(v1)-(-1000.0+(1130.0/(1.79-v1)))))/((-1620.0+(v1+((21.2/((10.6-v1)-v1))-574.0)))/(1.87-v1)))
5.249363031761348e-5,30.0,0,82.0,-1.0,true,2.7564455715722858e-5,3.317054719431275e-6,7.0,((v1+(exp(v1)-(-1003.32488359703+(1133.34570309163/(1.79369011602521-v1)))))/((-2195.5529309011+(v1+((24.6661185266494-v1)/((10.5964096719151-v1)-v1))))/(1.87340656200297-v1))),-0.9999999999037579,1.4379714418344174e-10,8.056126307287565e-6,1.4379714418344174e-10,639.0,6.134968645033628e-6,((v1+(exp(v1)-(-1000.0+(1130.0/(1.79-v1)))))/((-2200.0+(v1+((24.7-v1)/((10.6-v1)-v1))))/(1.87-v1)))
5.291915834155917e-5,30.0,0,18.0,-1.0,true,6.94777266962987e-5,6.3244036931135606e-6,8.0,((v1+(exp(v1)-(-1003.32487942974+(1133.34589635239/(1.79369007973073-v1)))))/((-1622.03304026245+(v1+(((14.9699798231138-v1)/(5.29789691473977-v1))-574.01354316898)))/(1.87340668210782-v1))),-0.9999999995630086,6.529171414645676e-10,9.658763356508561e-6,6.529171414645676e-10,474.0,1.126661025795117e-5,((v1+(exp(v1)-(-1000.0+(1130.0/(1.79-v1)))))/((-1620.0+(v1+(((15.0-v1)/(5.3-v1))-574.0)))/(1.87-v1)))
4.7861629037567424e-5,30.0,0,41.0,-1.0,true,5.3173771063175224e-5,4.453350400128936e-6,9.0,((v1+(0.0179097142739429+(exp(v1)-(-1003.30697297734+(1133.34755489926/(1.79369178467526-v1))))))/((-2195.04892461282+(v1+(-40.6265829905111/(-22.2432333652952+(4.19840836899306*v1)))))/(1.87340830097154-v1))),-0.9999999997363433,3.9393444521487976e-10,8.17210924752688e-6,3.9393444521487976e-10,301.0,8.960883225900967e-6,((v1+(0.0179+(exp(v1)-(-1000.0+(1130.0/(1.79-v1))))))/((-2200.0+(v1+(-40.6/(-22.2+(4.2*v1)))))/(1.87-v1)))
0.00013272089064106883,30.0,0,64.0,-1.0,true,5.065204529453027e-5,4.846928581804223e-6,7.0,((v1+(exp(v1)-(-1003.32485472617+(1133.31757237483/(1.79366256014108-v1)))))/((v1+(-2195.55163121327+((24.6541172626858-v1)/((10.5961006787368-v1)-v1))))/(1.87337945393614-v1))),-0.9999999995769429,6.320976689304632e-10,1.8896361964444152e-5,6.320976689304632e-10,639.0,1.2678093404289853e-5,((v1+(exp(v1)-(-1000.0+(1130.0/(1.79-v1)))))/((v1+(-2200.0+((24.7-v1)/((10.6-v1)-v1))))/(1.87-v1)))
7.707005449954723e-5,30.0,0,119.0,-1.0,true,2.8982071103966778e-5,2.2582511754016597e-6,8.0,((v1+(exp(v1)-(-1003.32487903738+(1133.33741689119/(1.79368216379624-v1)))))/((-2195.35460998476+(v1+((38.005129981722-v1)/(17.8797577959548-(3.37454823780879*v1)))))/(1.87339837357691-v1))),-0.9999999999294055,1.0547656661187434e-10,1.0532539011982907e-5,1.0547656661187434e-10,540.0,4.159475124301121e-6,((v1+(exp(v1)-(-1000.0+(1130.0/(1.79-v1)))))/((-2200.0+(v1+((38.0-v1)/(17.9-(3.37*v1)))))/(1.87-v1)))
8.089353394475686e-5,30.0,0,35.0,-1.0,true,3.366117093150933e-5,3.4553174099278743e-6,8.0,(((0.0267585699656709+v1)+(exp(v1)-(-1003.29811582928+(1133.33633734578/(1.79368091489654-v1)))))/((-2196.05308347647+(v1+((14.980509459002-v1)/(5.29816064906221-v1))))/(1.87339728150029-v1))),-0.9999999998277659,2.5733819056520834e-10,1.1709208962116256e-5,2.5733819056520834e-10,481.0,8.135257527998319e-6,(((0.0268+v1)+(exp(v1)-(-1000.0+(1130.0/(1.79-v1)))))/((-2200.0+(v1+((15.0-v1)/(5.3-v1))))/(1.87-v1)))
6.520499184703489e-5,30.0,0,1103.0,-1.0,true,8.410966765870498e-5,6.808061401470901e-6,7.0,((v1+(exp(v1)-(-1003.32491815367+(1133.38835365446/(1.79373135995781-v1)))))/(((-2195.04141467618+v1)+(29.0007768761285/((15.8932879194228-(v1+v1))-v1)))/(1.87344723936194-v1))),-0.9999999993578385,9.59465680041674e-10,1.1551988356748044e-5,9.59465680041674e-10,375.0,1.3628466103716291e-5,((v1+(exp(v1)-(-1000.0+(1130.0/(1.79-v1)))))/(((-2200.0+v1)+(29.0/((15.9-(v1+v1))-v1)))/(1.87-v1)))
0.059089617074757426,30.0,0,5.0,-1.0,true,0.0573702081704095,0.021557227681692714,8.0,((v1+(exp(v1)-(-1003.29881131815+(1127.93773876773/(1.78822563429685-v1)))))/(((-2164.38005466461+v1)+(-5.84483309519361/(-21.6314786556993+(v1*(1.78479888749721-v1)))))/(1.87931242120214-v1))),-0.9996644952394689,0.0005012840135010836,0.017120398967495853,0.0005012840135010836,408.0,0.013868403746651152,((v1+(exp(v1)-(-1000.0+(1130.0/(1.79-v1)))))/(((-2160.0+v1)+(-5.84/(-21.6+(v1*(1.78-v1)))))/(1.88-v1)))
8.812839108673988e-5,30.0,0,89.0,-1.0,true,3.314054094472052e-5,2.475627488101732e-6,8.0,((v1+(0.0179053811363206+(exp(v1)-(-1003.3069686442+(1133.33335540473/(1.79367815183899-v1))))))/((-2195.05687325451+(v1+(19.3787054429027/(10.5966858704234-(v1+v1)))))/(1.87339454708242-v1))),-0.9999999999008209,1.4818540922340702e-10,1.1988743987039682e-5,1.4818540922340702e-10,337.0,5.591933486485262e-6,((v1+(0.0179+(exp(v1)-(-1000.0+(1130.0/(1.79-v1))))))/((-2200.0+(v1+(19.4/(10.6-(v1+v1)))))/(1.87-v1)))
2.126725214356674e-5,30.0,0,819.0,-1.0,true,6.70177491328694e-5,4.2969914106321115e-6,9.0,((v1+(exp(v1)-(-1003.32490329782+(1133.37074641054/(1.79371429220074-v1)))))/((-1621.56229887511+(v1+((35.370991556151/(19.3743323082882-(3.65698434376875*v1)))-573.482977854633)))/(1.87343039928757-v1))),-0.9999999996211223,5.660883886023143e-10,4.779038701893073e-6,5.660883886023143e-10,309.0,9.208113411044577e-6,((v1+(exp(v1)-(-1000.0+(1130.0/(1.79-v1)))))/((-1620.0+(v1+((35.4/(19.4-(3.66*v1)))-573.0)))/(1.87-v1)))
8.395486073199271e-5,30.0,0,51.0,-1.0,true,3.1571091509641214e-5,2.7256415706798808e-6,8.0,((v1+(0.0179049927157982+(exp(v1)-(-1003.30696825578+(1133.33430030684/(1.79367904124262-v1))))))/((-2196.05439612735+(v1+((14.9838083293585-v1)/(5.29824667771458-v1))))/(1.87339570705063-v1))),-0.9999999998727438,1.9013597696620773e-10,1.1726518594704317e-5,1.9013597696620773e-10,481.0,6.999427319881457e-6,((v1+(0.0179+(exp(v1)-(-1000.0+(1130.0/(1.79-v1))))))/((-2200.0+(v1+((15.0-v1)/(5.3-v1))))/(1.87-v1)))
5.883545138902408e-5,30.0,0,12.0,-1.0,true,5.428812170293895e-5,5.19772965297908e-6,8.0,((v1+(exp(v1)-(-1004.32487717472+((1135.13608851589-v1)/(1.79368684177623-v1)))))/((v1+(-2195.04846714278+(-39.824337536482/(-21.8040899585459+(4.11551787665552*v1)))))/(1.87340389049834-v1))),-0.9999999997124559,4.2962513066046186e-10,9.81806932480273e-6,4.2962513066046186e-10,426.0,9.684284525034864e-6,((v1+(exp(v1)-(-1000.0+((1140.0-v1)/(1.79-v1)))))/((v1+(-2200.0+(-39.8/(-21.8+(4.12*v1)))))/(1.87-v1)))
0.00010808742087626274,30.0,0,13.0,-1.0,true,6.416270446285566e-5,6.255881427655312e-6,7.0,((v1+(exp(v1)-(-1003.32486167393+(1133.32642323552/(1.79367111528269-v1)))))/(((-2195.54892215096+v1)+((24.6459638382232-v1)/((10.5958923138086-v1)-v1)))/(1.87338793161682-v1))),-0.9999999995173265,7.211715982671822e-10,1.6470773166842896e-5,7.211715982671822e-10,639.0,1.3260130489082395e-5,((v1+(exp(v1)-(-1000.0+(1130.0/(1.79-v1)))))/(((-2200.0+v1)+((24.6-v1)/((10.6-v1)-v1)))/(1.87-v1)))
7.839743819873739e-5,30.0,0,22.0,-1.0,true,2.9481231627492832e-5,2.49284014705419e-6,9.0,(((0.0267580674640163+v1)+(exp(v1)-(-1003.29811532678+(1133.33522288923/(1.79367999033995-v1)))))/((v1+(-2195.05331014079+(-40.6598917076112/(-22.2434827571305+(4.19828352969602*v1)))))/(1.87339704097324-v1))),-0.9999999998718759,1.914325336885078e-10,1.105949440448409e-5,1.914325336885078e-10,301.0,7.095205211537364e-6,(((0.0268+v1)+(exp(v1)-(-1000.0+(1130.0/(1.79-v1)))))/((v1+(-2200.0+(-40.7/(-22.2+(4.2*v1)))))/(1.87-v1)))
0.0296675209527138,30.0,0,7.0,-1.0,true,0.012330936609904253,0.00102238291879848,8.0,((v1+(exp(v1)-(-1004.0024752284+(1121.67722501967/(1.78175720005948-v1)))))/((-2198.89537824558+(v1+(v1+(29.9421863065032/(21.4867832499178-(4.09473643215332*v1))))))/(1.86201762309151-v1))),-0.9999768660807026,3.4564826725761406e-5,0.004213524652644914,3.4564826725761406e-5,342.0,0.0029437287241338185,((v1+(exp(v1)-(-1000.0+(1120.0/(1.78-v1)))))/((-2200.0+(v1+(v1+(29.9/(21.5-(4.09*v1))))))/(1.86-v1)))
0.007668771136794689,30.0,0,9.0,-1.0,true,0.002883829157898643,0.0001609238895409293,8.0,((v1+(exp(v1)-(-1002.32247987818+((1128.79212401272+v1)/((-39.4175405489607/-22.0085713272221)-v1)))))/((-2195.55619550185+(v1+(10.3153703006578/(5.31443276778446-v1))))/(1.87076064027968-v1))),-0.9999989656948868,1.5453748480833356e-6,0.001039054970244039,1.5453748480833356e-6,441.0,0.0006124513159537701,((v1+(exp(v1)-(-1000.0+((1130.0+v1)/((-39.4/-22.0)-v1)))))/((-2200.0+(v1+(10.3/(5.31-v1))))/(1.87-v1)))
1.1094453789384412e-5,30.0,0,8.0,-1.0,true,3.496104319467008e-5,3.762435953941688e-6,8.0,((v1+(exp(v1)-(-1002.32490353843+((1131.57245042202+v1)/(1.79370981866647-v1)))))/(((-2195.05210980239+v1)+(35.9017576426525/(19.6480467261226-(v1/0.269651027896029))))/(1.87342479776771-v1))),-0.9999999998974007,1.5329553951562112e-10,2.8091770903350873e-6,1.5329553951562112e-10,426.0,4.864534729701747e-6,((v1+(exp(v1)-(-1000.0+((1130.0+v1)/(1.79-v1)))))/(((-2200.0+v1)+(35.9/(19.6-(v1/0.27))))/(1.87-v1)))
8.125024603365694e-5,30.0,0,203.0,-1.0,true,5.0734861031020984e-5,4.161062853077473e-6,7.0,((v1+(exp(v1)-(-1003.32487261102+(1133.3363184752/(1.79368080522088-v1)))))/((v1+(-2195.05048405159+((v1+(9.67752021959909-v1))/(5.29803560500991-v1))))/(1.87339724976912-v1))),-0.9999999997065513,4.3844732345878917e-10,1.2200916018794322e-5,4.3844732345878917e-10,639.0,1.0174528860054655e-5,((v1+(exp(v1)-(-1000.0+(1130.0/(1.79-v1)))))/((v1+(-2200.0+((v1+(9.68-v1))/(5.3-v1))))/(1.87-v1)))
0.00011045985247326228,30.0,0,50.0,-1.0,true,6.480181276780073e-5,8.240972075703156e-6,8.0,((v1+(exp(v1)-(-1003.32485440027+(2266.64165332973/((3.58733213551767-v1)-v1)))))/((v1+(-2195.04668275849+(35.3794162107803/(19.3744188379689-(3.65694764855139*v1)))))/(1.87338462590396-v1))),-0.9999999995041491,7.408603189765806e-10,1.739025953138772e-5,7.408603189765806e-10,326.0,1.3581985948394465e-5,((v1+(exp(v1)-(-1000.0+(2270.0/((3.59-v1)-v1)))))/((v1+(-2200.0+(35.4/(19.4-(3.66*v1)))))/(1.87-v1)))
6.985092575884453e-5,30.0,0,260.0,-1.0,true,2.6267329252149807e-5,2.852289844002024e-6,7.0,((v1+(exp(v1)-(-1003.32487954784+(1133.33981889256/(1.79368442858155-v1)))))/((-2193.22709003827+(v1+(((v1+v1)/1.09382295652852)/(5.29829949059111-v1))))/(1.87340077252521-v1))),-0.9999999999240703,1.134479926826906e-10,9.90094762517616e-6,1.134479926826906e-10,639.0,5.406535937207274e-6,((v1+(exp(v1)-(-1000.0+(1130.0/(1.79-v1)))))/((-2190.0+(v1+(((v1+v1)/1.09)/(5.3-v1))))/(1.87-v1)))
0.044336763010796254,30.0,0,1.0,-1.0,true,0.05519988355507177,0.019528064473707904,9.0,((v1+(exp(v1)-(-1003.30270277524+(1129.38748588192/(1.78895031848473-v1)))))/((-2166.99854109569+(v1+(32.6713722806302/((9.64740599236091/(5.88990343959838-v1))-572.73675016294))))/(1.87773870597547-v1))),-0.9997023899672436,0.0004446647834211582,0.014678299689089208,0.0004446647834211582,309.0,0.012970368113959019,((v1+(exp(v1)-(-1000.0+(1130.0/(1.79-v1)))))/((-2170.0+(v1+(32.7/((9.65/(5.89-v1))-573.0))))/(1.88-v1)))
6.555501061960546e-5,30.0,0,406.0,-1.0,true,2.4651857214008643e-5,3.137434329444576e-6,8.0,((v1+((0.354152082695221+exp(v1))-(-1002.97072838072+(1133.34146876688/(1.79368599764004-v1)))))/((-2196.0544901876+(v1+((14.98408250508-v1)/(5.29825168090357-v1))))/(1.87340231573847-v1))),-0.9999999999119908,1.3149606279749132e-10,9.537653347486876e-6,1.3149606279749132e-10,481.0,5.960592878780091e-6,((v1+((0.354+exp(v1))-(-1000.0+(1130.0/(1.79-v1)))))/((-2200.0+(v1+((15.0-v1)/(5.3-v1))))/(1.87-v1)))
7.608442925274583e-5,30.0,0,202.0,-1.0,true,5.138547431027263e-5,4.3715635111016966e-6,9.0,(((0.992495339604947+v1)+(exp(v1)-(-1002.33237978273+(1133.33880086355/(1.7936831962108-v1)))))/((-2195.05054553726+(v1+(-39.826634934522/(-21.8041021452306+(4.11551501269034*v1)))))/(1.87339936794485-v1))),-0.9999999997106077,4.3238641967024235e-10,1.162928511300095e-5,4.3238641967024235e-10,301.0,1.002452706495155e-5,(((0.992+v1)+(exp(v1)-(-1000.0+(1130.0/(1.79-v1)))))/((-2200.0+(v1+(-39.8/(-21.8+(4.12*v1)))))/(1.87-v1)))
8.452121165420981e-5,30.0,0,13.0,-1.0,true,7.968122424140134e-5,8.276072012538863e-6,8.0,((v1+(exp(v1)-(-1003.32486685391+(1133.3340255764/(1.79367849959644-v1)))))/(((-2195.04551235889+v1)+(-29.5373792549808/(-16.1831619435973+(v1-(-2.05467514765938*v1)))))/(1.8733955830662-v1))),-0.9999999993842289,9.20035272401842e-10,1.4403403801684926e-5,9.20035272401842e-10,342.0,1.4171424771329544e-5,((v1+(exp(v1)-(-1000.0+(1130.0/(1.79-v1)))))/(((-2200.0+v1)+(-29.5/(-16.2+(v1-(-2.05*v1)))))/(1.87-v1)))
9.051125009626979e-5,30.0,0,112.0,-1.0,true,3.403661127571178e-5,1.9682721799033334e-6,8.0,((v1+(exp(v1)-(-1003.32487146759+(1133.33125697007/(1.79367618402277-v1)))))/((-2194.96538802113+((-0.0909098540175567+v1)+(19.3789529061901/(10.5967005387156-(v1+v1)))))/(1.87339306295286-v1))),-0.9999999998952671,1.564834405575677e-10,1.2140870152399832e-5,1.564834405575677e-10,342.0,5.731211946878589e-6,((v1+(exp(v1)-(-1000.0+(1130.0/(1.79-v1)))))/((-2190.0+((-0.0909+v1)+(19.4/(10.6-(v1+v1)))))/(1.87-v1)))
6.075615199407153e-5,30.0,0,110.0,-1.0,true,6.758575275656042e-5,7.081368486588635e-6,7.0,((v1+(exp(v1)-(-1003.32487390774+(1133.3408499946/(1.79368531993484-v1)))))/((v1+(-2195.04603118616+(29.0190945506862/(15.8937857158382-(v1+(v1+v1))))))/(1.87340279487408-v1))),-0.9999999995741188,6.36317167049177e-10,1.0865314388787319e-5,6.36317167049177e-10,375.0,1.1474991332728612e-5,((v1+(exp(v1)-(-1000.0+(1130.0/(1.79-v1)))))/((v1+(-2200.0+(29.0/(15.9-(v1+(v1+v1))))))/(1.87-v1)))
7.808160896623674e-5,30.0,0,24.0,-1.0,true,6.201626966717555e-5,5.406196224780884e-6,7.0,((v1+(exp(v1)-(-1003.32487270361+(1133.33762590343/(1.79368201172814-v1)))))/((-2195.04871977117+(v1+((v1+(9.67428724604416-v1))/(5.29795165860129-v1))))/(1.87339844894626-v1))),-0.9999999996060992,5.885346659202808e-10,1.2408047052026331e-5,5.885346659202808e-10,639.0,1.1503623318621925e-5,((v1+(exp(v1)-(-1000.0+(1130.0/(1.79-v1)))))/((-2200.0+(v1+((v1+(9.67-v1))/(5.3-v1))))/(1.87-v1)))
4.4157138782226075e-6,30.0,0,35.0,-1.0,true,1.347417560859654e-6,2.7634231298055834e-6,7.0,((v1+(exp(v1)-(-1002.32490572129+((1131.57214893459+v1)/(1.79370987347304-v1)))))/(((-2195.0559091143+v1)+(19.3823174256757/(10.5967792432154-(v1+v1))))/(1.87342568946432-v1))),-0.9999999999994791,7.78353537960491e-13,1.5634693919415355e-6,7.78353537960491e-13,477.0,7.142925887611284e-7,((v1+(exp(v1)-(-1000.0+((1130.0+v1)/(1.79-v1)))))/(((-2200.0+v1)+(19.4/(10.6-(v1+v1))))/(1.87-v1)))
4.5402486177076865e-5,30.0,0,246.0,-1.0,true,3.0215352469387113e-5,3.4400403514287846e-6,8.0,((v1+(exp(v1)-(-1004.32488551942+((1135.14178527138-v1)/(1.79369244259437-v1)))))/((-2195.05228053758+(v1+(29.5943322052193/(16.1926569903729-(3.05626507752261*v1)))))/(1.87340891526932-v1))),-0.9999999998991587,1.506690199334119e-10,7.245779680953519e-6,1.506690199334119e-10,426.0,6.12515068849212e-6,((v1+(exp(v1)-(-1000.0+((1140.0-v1)/(1.79-v1)))))/((-2200.0+(v1+(29.6/(16.2-(3.06*v1)))))/(1.87-v1)))
0.0001292057884035664,30.0,0,59.0,-1.0,true,5.816484100984454e-5,8.439817992785325e-6,8.0,((v1+(exp(v1)-(-1002.32484587513+((1131.51841951412+v1)/(1.79365762165338-v1)))))/((-2195.04727081627+(v1+(-40.8791099388963/(-22.3810092797689+(4.2243924810896*v1)))))/(1.87337705467188-v1))),-0.9999999995191539,7.184412527088794e-10,1.97970838864384e-5,7.184412527088794e-10,426.0,1.3758057676564045e-5,((v1+(exp(v1)-(-1000.0+((1130.0+v1)/(1.79-v1)))))/((-2200.0+(v1+(-40.9/(-22.4+(4.22*v1)))))/(1.87-v1)))
4.640014692031083e-5,30.0,0,881.0,-1.0,true,6.116516538812178e-5,5.754388044293058e-6,9.0,((v1+(exp(v1)-(-1003.3249140032+(1133.38144690127/(1.79372475673234-v1)))))/((-2173.15087796566+(v1+(-21.8945123522401+(35.37598871561/(19.3743819653636-(3.65696857632758*v1))))))/(1.87344066529565-v1))),-0.9999999996614943,5.05767660111324e-10,8.53908836909648e-6,5.05767660111324e-10,309.0,9.994149477138281e-6,((v1+(exp(v1)-(-1000.0+(1130.0/(1.79-v1)))))/((-2170.0+(v1+(-21.9+(35.4/(19.4-(3.66*v1))))))/(1.87-v1)))
0.029556966373574342,30.0,0,1.0,-1.0,true,0.012271518541134174,0.0010218889009054155,7.0,((v1+(exp(v1)-(-1004.00252190154+(1121.71965775589/(1.78179887005286-v1)))))/((-2198.90190866934+(v1+(v1+(14.6595786794845/(10.4958213261921-(v1+v1))))))/(1.86205870810681-v1))),-0.9999770658293382,3.4266378508183394e-5,0.004198785297416226,3.4266378508183394e-5,375.0,0.0029316192130440302,((v1+(exp(v1)-(-1000.0+(1120.0/(1.78-v1)))))/((-2200.0+(v1+(v1+(14.7/(10.5-(v1+v1))))))/(1.86-v1)))
7.608665863269346e-5,30.0,0,20.0,-1.0,true,2.8612266656291574e-5,2.195642942643917e-6,7.0,((v1+(exp(v1)-(-1003.32487784221+(1133.33725260253/(1.79368199010405-v1)))))/((v1+(-2195.05680227789+(v1+((9.69006428928895/(5.29836238288754-v1))-v1))))/(1.87339844334889-v1))),-0.999999999927715,1.0800235331836221e-10,1.0431439236424844e-5,1.0800235331836221e-10,375.0,4.731563039074571e-6,((v1+(exp(v1)-(-1000.0+(1130.0/(1.79-v1)))))/((v1+(-2200.0+(v1+((9.69/(5.3-v1))-v1))))/(1.87-v1)))
0.00323420355648431,30.0,0,1.0,-1.0,true,0.0035362116071970817,0.0002830433251391974,8.0,((v1+((1.00332040815414*exp(v1))-(-1003.3238259307+(1132.24212938604/(1.79260828882483-v1)))))/((-2194.11132225813+(v1+((4.02098217691875+v1)/(5.29345676613187-v1))))/(1.8723278755496-v1))),-0.9999988300772368,1.7480037460905958e-6,0.0005451660110307084,1.7480037460905958e-6,481.0,0.0005950590581117569,((v1+((1.0*exp(v1))-(-1000.0+(1130.0/(1.79-v1)))))/((-2190.0+(v1+((4.02+v1)/(5.29-v1))))/(1.87-v1)))
0.029509541094895914,30.0,0,3.0,-1.0,true,0.012290327169689252,0.0010229561111929244,7.0,((v1+(exp(v1)-(-1004.00253746503+(1121.7385835425/(1.78181717683957-v1)))))/((v1+(-2198.89716368929+(v1+(14.647216869885/(10.4954606641177-(v1+v1))))))/(1.86207686014983-v1))),-0.999977060322233,3.427460677832541e-5,0.004193447034900581,3.427460677832541e-5,375.0,0.0029316610285138912,((v1+(exp(v1)-(-1000.0+(1120.0/(1.78-v1)))))/((v1+(-2200.0+(v1+(14.6/(10.5-(v1+v1))))))/(1.86-v1)))
6.0725542871272274e-5,30.0,0,215.0,-1.0,true,8.809434368339808e-5,8.70505029564475e-6,8.0,((v1+(exp(v1)-(-1003.32487524061+(1133.34343493545/(1.79368756866224-v1)))))/((-2195.04402463618+(v1+(32.7673568492084/(17.957624342546-(v1+(2.3896630930905*v1))))))/(1.87340422385346-v1))),-0.9999999993070291,1.0353809235595852e-9,1.1692643102332935e-5,1.0353809235595852e-9,342.0,1.4110103096518639e-5,((v1+(exp(v1)-(-1000.0+(1130.0/(1.79-v1)))))/((-2200.0+(v1+(32.8/(18.0-(v1+(2.39*v1))))))/(1.87-v1)))
5.067295083900002e-5,30.0,0,103.0,-1.0,true,2.6836416060938006e-5,2.732360740104568e-6,8.0,((v1+(exp(v1)-(-1003.32488100549+(1133.34394780095/(1.79368857177088-v1)))))/((v1+(-2195.05190105068+(36.9484077225576/(v1+(20.2138223014056-(4.81520550601447*v1))))))/(1.87340589497942-v1))),-0.9999999999092354,1.3561312568216145e-10,7.720442289601174e-6,1.3561312568216145e-10,342.0,6.004670709335719e-6,((v1+(exp(v1)-(-1000.0+(1130.0/(1.79-v1)))))/((v1+(-2200.0+(36.9/(v1+(20.2-(4.82*v1))))))/(1.87-v1)))
7.914487236631544e-5,30.0,0,80.0,-1.0,true,5.720508509510225e-5,6.286966148543336e-6,8.0,((v1+(exp(v1)-(-1003.32486810556+(1133.33376582271/(1.79367850169458-v1)))))/(((-2195.0478840624+v1)+(36.8440225948583/(v1+(20.1732320632115-(4.80769866050588*v1)))))/(1.87339621021343-v1))),-0.9999999996520509,5.198773487999837e-10,1.2772393988381988e-5,5.198773487999837e-10,342.0,1.1077040637706703e-5,((v1+(exp(v1)-(-1000.0+(1130.0/(1.79-v1)))))/(((-2200.0+v1)+(36.8/(v1+(20.2-(4.81*v1)))))/(1.87-v1)))
8.654793077803484e-5,30.0,0,65.0,-1.0,true,3.2546211365724886e-5,2.0945823464518437e-6,9.0,((v1+(exp(v1)-(-1003.32487208574+(1133.33248079885/(1.79367737224656-v1)))))/((-2194.96496665259+((-0.0904884854834143+v1)+(31.3227019587993/(17.1297919122997-(3.23306179054574*v1)))))/(1.87339432456173-v1))),-0.9999999998950859,1.5675412329633113e-10,1.1741809162449906e-5,1.5675412329633113e-10,309.0,6.05812987858681e-6,((v1+(exp(v1)-(-1000.0+(1130.0/(1.79-v1)))))/((-2190.0+((-0.0905+v1)+(31.3/(17.1-(3.23*v1)))))/(1.87-v1)))
0.00972833881517464,30.0,0,6.0,-1.0,true,0.030656117010027017,0.0023098798916224884,8.0,((v1+(exp(v1)-(-1002.63482073039+(2260.81722180986/((3.58292942934058-v1)-v1)))))/((-2194.51643079494+((59.2834939778042-v1)/(17.6894863289077-(3.25073327163755*v1))))/(1.87083105750085-v1))),-0.999920369828907,0.00011897694595483701,0.002370236154587345,0.00011897694595483701,560.0,0.004266135191460872,((v1+(exp(v1)-(-1000.0+(2260.0/((3.58-v1)-v1)))))/((-2190.0+((59.3-v1)/(17.7-(3.25*v1))))/(1.87-v1)))
1.1989405820267553e-5,30.0,0,135.0,-1.0,true,4.508596941232845e-6,2.3916020618877247e-6,8.0,((v1+(exp((-1.46501471351937e-5+v1))-(-1002.32490732162+((1131.57546963969+v1)/(1.79371303328123-v1)))))/(((-2195.05339800592+v1)+(9.68821746008854/(5.29829188639855-v1)))/(1.87342885309952-v1))),-0.9999999999979984,2.9907068053208297e-12,2.4301526467407587e-6,2.9907068053208297e-12,463.0,1.0951611893565694e-6,((v1+(exp((-1.47e-5+v1))-(-1000.0+((1130.0+v1)/(1.79-v1)))))/(((-2200.0+v1)+(9.69/(5.3-v1)))/(1.87-v1)))
6.924774068922378e-5,30.0,0,2.0,-1.0,true,3.9810992995548133e-5,3.489547384993423e-6,9.0,((v1+(0.0179062509319934+(exp(v1)-(-1003.306969514+(1133.33907089981/(1.79368363981122-v1))))))/((v1+(-2195.05116945802+(35.9009599607596/(19.648060610224-(v1/0.269651216695471)))))/(1.87340050971603-v1))),-0.9999999998106434,2.8292138366804277e-10,1.0388593438458347e-5,2.8292138366804277e-10,301.0,8.357599182166192e-6,((v1+(0.0179+(exp(v1)-(-1000.0+(1130.0/(1.79-v1))))))/((v1+(-2200.0+(35.9/(19.6-(v1/0.27)))))/(1.87-v1)))
6.597027927043152e-5,30.0,0,331.0,-1.0,true,2.8559473495892718e-5,2.7959259166535056e-6,7.0,((v1+(exp(v1)-(-1004.32487615403+((1135.13254185913-v1)/(1.79368357281242-v1)))))/((-2196.05217040698+(v1+((14.9823212601233-v1)/(5.29821517035981-v1))))/(1.87340086631426-v1))),-0.9999999998801751,1.7903267429063692e-10,9.649348433518295e-6,1.7903267429063692e-10,681.0,6.903288962883947e-6,((v1+(exp(v1)-(-1000.0+((1140.0-v1)/(1.79-v1)))))/((-2200.0+(v1+((15.0-v1)/(5.3-v1))))/(1.87-v1)))
7.314214628217867e-5,30.0,0,87.0,-1.0,true,3.5006964629769044e-5,3.2317183226304205e-6,9.0,(((0.99249561692754+v1)+(exp(v1)-(-1002.33238006005+(1133.33821763518/(1.79368279202076-v1)))))/((-2195.05225042305+(v1+(39.4177204728246/(21.5699445270942-(4.07121745154271*v1)))))/(1.87339945580324-v1))),-0.9999999998341518,2.477969599802997e-10,1.0698336754692345e-5,2.477969599802997e-10,301.0,7.937729008214434e-6,(((0.992+v1)+(exp(v1)-(-1000.0+(1130.0/(1.79-v1)))))/((-2200.0+(v1+(39.4/(21.6-(4.07*v1)))))/(1.87-v1)))
8.480696134490134e-5,30.0,0,112.0,-1.0,true,3.189152258642469e-5,1.8458562138817628e-6,8.0,((v1+(exp(v1)-(-1003.32487258991+(1133.33270842232/(1.79367764254355-v1)))))/((-2166.7809111308+(v1+(-29.2749885368697+((14.9878526126462-v1)/(5.29835233592242-v1)))))/(1.87339470101684-v1))),-0.9999999999070217,1.3892069590705518e-10,1.139353179757259e-5,1.3892069590705518e-10,474.0,5.474457451238451e-6,((v1+(exp(v1)-(-1000.0+(1130.0/(1.79-v1)))))/((-2170.0+(v1+(-29.3+((15.0-v1)/(5.3-v1)))))/(1.87-v1)))
0.019995746138090104,30.0,0,2.0,-1.0,true,0.05152686805308937,0.009609533676995241,8.0,((v1+(exp(v1)-(-1003.31487615703+(1133.63639567332/(1.79162091318494-v1)))))/((v1+(-2187.9683756379+(22.4531892919782/(6.93963170594803-(v1+(5.45002380456561-v1))))))/(1.87424573240892-v1))),-0.9997539097271798,0.0003676881348794619,0.008752178866307542,0.0003676881348794619,342.0,0.01107027759674414,((v1+(exp(v1)-(-1000.0+(1130.0/(1.79-v1)))))/((v1+(-2190.0+(22.5/(6.94-(v1+(5.45-v1))))))/(1.87-v1)))
7.27524432756462e-5,30.0,0,236.0,-1.0,true,3.795434722952962e-5,3.822333619799609e-6,8.0,(((5.47747312905927e-5+v1)+(exp(v1)-(-1003.32481838827+(1133.33663525548/(1.79368133540595-v1)))))/(((-2195.05094363642+v1)+(19.3629873934807/(10.5962952180466-(v1+v1))))/(1.87339866742147-v1))),-0.9999999998168025,2.737188394959993e-10,1.0914898877069937e-5,2.737188394959993e-10,337.0,8.36583144159242e-6,(((5.48e-5+v1)+(exp(v1)-(-1000.0+(1130.0/(1.79-v1)))))/(((-2200.0+v1)+(19.4/(10.6-(v1+v1))))/(1.87-v1)))
0.04421752278054576,30.0,0,6.0,-1.0,true,0.05532750777042583,0.019557265802006618,8.0,(((0.980920111390541+v1)+(exp(v1)-(-1002.32080455452+(1129.01021836746/(1.78865344048561-v1)))))/((-2166.9146179815+(v1+(9.65998423286714/((-2180.62995211355+v1)-v1))))/(1.8775521799216-v1))),-0.9997013914683711,0.0004461566594871489,0.014660883024579862,0.0004461566594871489,337.0,0.012957867685802555,(((0.981+v1)+(exp(v1)-(-1000.0+(1130.0/(1.79-v1)))))/((-2170.0+(v1+(9.66/((-2180.0+v1)-v1))))/(1.88-v1)))
0.05170529461451526,30.0,0,4.0,-1.0,true,0.056709776210995155,0.018995164149706756,9.0,((v1+(exp(v1)-(-1003.29894594109+(1126.84585823489/(1.78955800933387-v1)))))/((v1+(-2164.66941693262+(36.9261361462028/(-1006.89186374321+(1114.22056753454/(-9.23278565343351-v1))))))/(1.87887740807569-v1))),-0.9996801923765555,0.00047783062384783027,0.01531518755985113,0.00047783062384783027,309.0,0.013418395229102958,((v1+(exp(v1)-(-1000.0+(1130.0/(1.79-v1)))))/((v1+(-2160.0+(36.9/(-1010.0+(1110.0/(-9.23-v1))))))/(1.88-v1)))
9.584391295948888e-5,30.0,0,214.0,-1.0,true,3.604195064232929e-5,2.9056818980535005e-6,9.0,((v1+(exp(v1)-(-1003.32486506886+(1133.32699672982/(1.79367213048399-v1)))))/((-2186.31112177207+(v1+(46.2582531161552/(-5.29137855173088-(5.86271394421084/(4.19029536874184-v1))))))/(1.87339000361353-v1))),-0.999999999847434,2.2795164197647026e-10,1.3307132292630264e-5,2.2795164197647026e-10,309.0,7.646112730453486e-6,((v1+(exp(v1)-(-1000.0+(1130.0/(1.79-v1)))))/((-2190.0+(v1+(46.3/(-5.29-(5.86/(4.19-v1))))))/(1.87-v1)))
9.750620772536103e-5,30.0,0,68.0,-1.0,true,4.99624533909504e-5,4.297505092440589e-6,8.0,((v1+(exp(v1)-(-1003.32486692491+(1133.33031088313/(1.79367496584819-v1)))))/((-2166.27841873516+(v1+(-28.7724961412279+(19.3558178310829/((10.5960929928708-v1)-v1)))))/(1.87339158101219-v1))),-0.999999999678678,4.800932035659696e-10,1.4280762480868366e-5,4.800932035659696e-10,342.0,1.0862539315776437e-5,((v1+(exp(v1)-(-1000.0+(1130.0/(1.79-v1)))))/((-2170.0+(v1+(-28.8+(19.4/((10.6-v1)-v1)))))/(1.87-v1)))
4.661806708414247e-5,30.0,0,207.0,-1.0,true,8.0275603247415e-5,7.5309391736961136e-6,8.0,(((0.0267617637514016+v1)+(exp(v1)-(-1003.29811902307+(1133.34842945756/(1.79369247668332-v1)))))/((-2195.04486791602+(v1+(19.3378824509531/((10.595629815233-v1)-v1))))/(1.87340900882306-v1))),-0.9999999994351263,8.439884263177675e-10,9.424939223797874e-6,8.439884263177675e-10,337.0,1.2383989963792724e-5,(((0.0268+v1)+(exp(v1)-(-1000.0+(1130.0/(1.79-v1)))))/((-2200.0+(v1+(19.3/((10.6-v1)-v1))))/(1.87-v1)))
6.316054733208743e-5,30.0,0,175.0,-1.0,true,3.477558566666872e-5,3.4230036190587788e-6,9.0,((v1+(exp(v1)-(-1003.32487927034+(1133.34193988835/(1.79368641318633-v1)))))/((-2166.27901613982+(v1+(-28.7730935458886+(-40.9273954686799/(-22.3961565811318+(4.22716215856444*v1))))))/(1.87340295408932-v1))),-0.9999999998515922,2.2173890635934957e-10,9.510725583816023e-6,2.2173890635934957e-10,309.0,7.462957258539543e-6,((v1+(exp(v1)-(-1000.0+(1130.0/(1.79-v1)))))/((-2170.0+(v1+(-28.8+(-40.9/(-22.4+(4.23*v1))))))/(1.87-v1)))
9.258114601955757e-5,30.0,0,66.0,-1.0,true,5.210821494427975e-5,5.220556285766558e-6,8.0,((v1+(exp(v1)-(-1003.32486601597+(1133.33037684281/(1.7936751317274-v1)))))/((-2194.96207795026+((-0.0875997831459578+v1)+(19.3550406423109/((10.596083557761-v1)-v1))))/(1.87339236160214-v1))),-0.9999999996714078,4.909558189965378e-10,1.4012527667077632e-5,4.909558189965378e-10,342.0,1.098986590909734e-5,((v1+(exp(v1)-(-1000.0+(1130.0/(1.79-v1)))))/((-2190.0+((-0.0876+v1)+(19.4/((10.6-v1)-v1))))/(1.87-v1)))
3.901608517054737e-5,30.0,0,477.0,-1.0,true,1.4671936616028614e-5,2.663729802481373e-6,8.0,((v1+(exp(v1)-(-1003.32489166542+(1133.35046595409/(1.7936949256389-v1)))))/((-1621.56854889151+(v1+((19.3865467197726/(10.5968907457651-(v1+v1)))-573.489227871033)))/(1.87341108003224-v1))),-0.999999999978761,3.173363839829182e-11,6.146886991911157e-6,3.173363839829182e-11,342.0,3.066595831335145e-6,((v1+(exp(v1)-(-1000.0+(1130.0/(1.79-v1)))))/((-1620.0+(v1+((19.4/(10.6-(v1+v1)))-573.0)))/(1.87-v1)))
8.807479048545946e-5,30.0,0,25.0,-1.0,true,5.159327269987912e-5,6.231840786249666e-6,9.0,((v1+(exp(v1)-(-1003.32486400154+(1133.329380352/(1.79367434218845-v1)))))/((-2194.96147804879+((-0.0869998816786743+v1)+(-40.910720504267/(-22.3958687398764+(4.22718121673706*v1)))))/(1.87339250596264-v1))),-0.9999999996854207,4.70018797855005e-10,1.3815552402452037e-5,4.70018797855005e-10,309.0,1.0872702228464926e-5,((v1+(exp(v1)-(-1000.0+(1130.0/(1.79-v1)))))/((-2190.0+((-0.087+v1)+(-40.9/(-22.4+(4.23*v1)))))/(1.87-v1)))
0.017945741014207525,30.0,0,3.0,-1.0,true,0.0067484672933531,0.00041623360571820537,8.0,((v1+(exp(v1)-(-1003.31914276278+(1126.73579192255/(1.78727470951611-v1)))))/((v1+(-2196.27240688608+(35.7462782635331/((16.9498465173565+v1)-(4.17518520816933*v1)))))/(1.86707571757964-v1))),-0.9999939342036519,9.063021143554805e-6,0.00245120155345836,9.063021143554805e-6,342.0,0.001494077802369976,((v1+(exp(v1)-(-1000.0+(1130.0/(1.79-v1)))))/((v1+(-2200.0+(35.7/((16.9+v1)-(4.18*v1)))))/(1.87-v1)))
7.78602890534779e-5,30.0,0,65.0,-1.0,true,7.065190151944734e-5,6.654239579749832e-6,9.0,(((v1-0.221998890899758)+(exp(v1)-(-1003.54687026419+(1133.33735567144/(1.79368172817413-v1)))))/((-2195.04720291665+(v1+(-40.8879422819245/(-22.3968172416595+(4.22749655270897*v1)))))/(1.87339835355728-v1))),-0.9999999995106382,7.311647421933375e-10,1.2911403866105198e-5,7.311647421933375e-10,301.0,1.2638363461606877e-5,(((v1-0.222)+(exp(v1)-(-1000.0+(1130.0/(1.79-v1)))))/((-2200.0+(v1+(-40.9/(-22.4+(4.23*v1)))))/(1.87-v1)))
0.0001813352394365883,30.0,0,51.0,-1.0,true,6.819082764547568e-5,1.979675862939777e-6,7.0,((v1+(exp(v1)-(-1003.32483984319+(2266.59723799677/((3.58728878121999-v1)-v1)))))/((-2196.05748883096+(v1+((14.9867153819822-v1)/(5.29832300035456-v1))))/(1.87336192518876-v1))),-0.9999999995889228,6.141981525259461e-10,2.354136284222901e-5,6.141981525259461e-10,521.0,1.068643697517066e-5,((v1+(exp(v1)-(-1000.0+(2270.0/((3.59-v1)-v1)))))/((-2200.0+(v1+((15.0-v1)/(5.3-v1))))/(1.87-v1)))
0.00013279608207030706,30.0,0,4.0,-1.0,true,5.014316975948674e-5,7.366381003780182e-6,8.0,((v1+(exp(v1)-(-1003.32484604392+(1133.3112376846/(1.79365681998605-v1)))))/(((-2194.03168649273+v1)+(-0.0171756126128842+((4.38102413567944+v1)/(5.29809752938558-v1))))/(1.8733760493043-v1))),-0.9999999995807667,6.263844457962063e-10,1.9785991761360147e-5,6.263844457962063e-10,474.0,1.2912410666327673e-5,((v1+(exp(v1)-(-1000.0+(1130.0/(1.79-v1)))))/(((-2190.0+v1)+(-0.0172+((4.38+v1)/(5.3-v1))))/(1.87-v1)))
6.522868858111292e-5,30.0,0,88.0,-1.0,true,3.2409471487415686e-5,3.2495038060203263e-6,9.0,((v1+(0.0179076379811613+(exp(v1)-(-1003.30697090105+(1133.34097133848/(1.7936854981757-v1))))))/((-2195.05243541814+(v1+(39.4203917332934/(21.5699805936674-(4.07121096944597*v1)))))/(1.87340211959963-v1))),-0.9999999998617423,2.065735650436987e-10,9.681668221906577e-6,2.065735650436987e-10,301.0,7.274823924333096e-6,((v1+(0.0179+(exp(v1)-(-1000.0+(1130.0/(1.79-v1))))))/((-2200.0+(v1+(39.4/(21.6-(4.07*v1)))))/(1.87-v1)))
9.007669980008922e-5,30.0,0,2099.0,-1.0,true,4.522240647508724e-5,6.061502403141983e-6,9.0,((v1+(exp(v1)-(-1003.3249312527+(1133.39760355524/(1.79374054344801-v1)))))/((-1621.56317522134+(v1+((-39.8283690600324/(-21.8041281998167+(4.11551045314345*v1)))-573.483854200571)))/(1.87345586582772-v1))),-0.9999999997327226,3.9934431939841977e-10,1.3906996149922075e-5,3.9934431939841977e-10,309.0,1.0265227089523155e-5,((v1+(exp(v1)-(-1000.0+(1130.0/(1.79-v1)))))/((-1620.0+(v1+((-39.8/(-21.8+(4.12*v1)))-573.0)))/(1.87-v1)))
0.01183450529959489,30.0,0,9.0,-1.0,true,0.0044503468474275665,0.00026021852078010995,7.0,((v1+(exp(v1)-(-1003.32113873274+(2258.07881182556/((3.57902023915239-v1)-v1)))))/((v1+(-2196.84041863203+((15.9988323434505-v1)/(5.32366141970785-v1))))/(1.8692822809203-v1))),-0.9999974802345671,3.7648292300100758e-6,0.0016087276370420494,3.7648292300100758e-6,521.0,0.000960383389316595,((v1+(exp(v1)-(-1000.0+(2260.0/((3.58-v1)-v1)))))/((v1+(-2200.0+((16.0-v1)/(5.32-v1))))/(1.87-v1)))
2.3864010162719557e-5,30.0,0,138.0,-1.0,true,8.974022969787665e-6,3.1326880804367057e-6,7.0,((v1+(exp(v1)-(-1003.32491227539+(1133.37326978269/(1.79371707308246-v1)))))/((-2195.05471420688+(v1+(v1+((9.68974534857093/(5.29835289769656-v1))-v1))))/(1.87343278415079-v1))),-0.9999999999910913,1.3310507668958448e-11,4.343987992913458e-6,1.3310507668958448e-11,375.0,2.2425487532715116e-6,((v1+(exp(v1)-(-1000.0+(1130.0/(1.79-v1)))))/((-2200.0+(v1+(v1+((9.69/(5.3-v1))-v1))))/(1.87-v1)))
7.260902996748842e-5,30.0,0,134.0,-1.0,true,7.392076151013782e-5,7.055803016772653e-6,8.0,((v1+(exp(v1)-(-1003.32487264386+(1133.33911430505/(1.79368343267475-v1)))))/(((v1+(-2194.81735254267+(19.341913347907/((10.5957343135871-v1)-v1))))-0.229152895612736)/(1.87340009227391-v1))),-0.9999999994804425,7.76280772342879e-10,1.2431668386307195e-5,7.76280772342879e-10,342.0,1.2815280101267923e-5,((v1+(exp(v1)-(-1000.0+(1130.0/(1.79-v1)))))/(((v1+(-2190.0+(19.3/((10.6-v1)-v1))))-0.229)/(1.87-v1)))
0.00010941141417348884,30.0,0,19.0,-1.0,true,4.114398784005324e-5,2.955009713181638e-6,9.0,(((v1-0.242726074773904)+(exp(v1)-(-1003.56758735049+(1133.32285767809/(1.79366803471917-v1)))))/((-2195.05364249051+(v1+(35.7925476783462/(19.5795031312641-(v1/0.270602023086975)))))/(1.87338574494312-v1))),-0.9999999998060034,2.8985393194602906e-10,1.5035225901344752e-5,2.8985393194602906e-10,301.0,8.502823589918995e-6,(((v1-0.243)+(exp(v1)-(-1000.0+(1130.0/(1.79-v1)))))/((-2200.0+(v1+(35.8/(19.6-(v1/0.271)))))/(1.87-v1)))
6.074101600136354e-5,30.0,0,62.0,-1.0,true,2.7746023545383025e-5,3.91557779936967e-6,9.0,((v1+(exp(v1)-(-1003.32488311178+(1133.34445125321/(1.79368879834327-v1)))))/((v1+(-2187.63945257076+(43.4125263417672/(-5.85509929698534-(7.64706494348901/(3.99214014740636-v1))))))/(1.87340465536861-v1))),-0.9999999998918826,1.6154017783906051e-10,9.261429551505917e-6,1.6154017783906051e-10,309.0,6.540724222681149e-6,((v1+(exp(v1)-(-1000.0+(1130.0/(1.79-v1)))))/((v1+(-2190.0+(43.4/(-5.86-(7.65/(3.99-v1))))))/(1.87-v1)))
0.030008302741656823,30.0,0,2.0,-1.0,true,0.05419591554191605,0.0189796259529522,8.0,((v1+(exp(v1)-(-1003.30475778904+(1130.43234228611/(1.78971382331317-v1)))))/((v1+(-2168.37519726164+(39.341210783115/(23.9396782668873-(v1*(3.74362263891779*v1))))))/(1.8765548163226-v1))),-0.9997245241513079,0.0004115936800313647,0.012455909822116489,0.0004115936800313647,408.0,0.01204262549864275,((v1+(exp(v1)-(-1000.0+(1130.0/(1.79-v1)))))/((v1+(-2170.0+(39.3/(23.9-(v1*(3.74*v1))))))/(1.88-v1)))
4.6556999382088294e-5,30.0,0,54.0,-1.0,true,1.7507685381057403e-5,1.7819100090181481e-6,7.0,((v1+(exp(v1)-(-1004.32488732232+((1135.14079794905-v1)/(1.7936916498303-v1)))))/((-2195.05636137339+(v1+(19.3822602241365/(10.5967849015532-(v1+v1)))))/(1.87340815833412-v1))),-0.9999999999736328,3.939581932922838e-11,6.693659285958216e-6,3.939581932922838e-11,477.0,2.9009274454226686e-6,((v1+(exp(v1)-(-1000.0+((1140.0-v1)/(1.79-v1)))))/((-2200.0+(v1+(19.4/(10.6-(v1+v1)))))/(1.87-v1)))
8.984410245811333e-5,30.0,0,55.0,-1.0,true,3.378573147017061e-5,3.2604779758781904e-6,8.0,((v1+(exp(v1)-(-1003.32487438257+(1133.3318333294/(1.79367682700417-v1)))))/((-2166.28279303255+(v1+(-28.7768704386209+(19.3904787311936/(10.59699555194-(v1+v1))))))/(1.8733934338118-v1))),-0.9999999998939563,1.5844187576858924e-10,1.2516546495349903e-5,1.5844187576858924e-10,342.0,6.043292580429349e-6,((v1+(exp(v1)-(-1000.0+(1130.0/(1.79-v1)))))/((-2170.0+(v1+(-28.8+(19.4/(10.6-(v1+v1))))))/(1.87-v1)))
2.9496349113050152e-5,30.0,0,153.0,-1.0,true,7.66216589016544e-5,6.845917076757483e-6,9.0,(((v1-0.221987482889106)+(exp(v1)-(-1003.54687441772+(1133.35452046048/(1.79369843214946-v1)))))/((-1622.31565979845+(v1+((9.66983106563851/(5.29783781345322-v1))-572.729335164613)))/(1.87341484324507-v1))),-0.9999999994985274,7.492597815651322e-10,7.002049972568988e-6,7.492597815651322e-10,301.0,1.1062170761015622e-5,(((v1-0.222)+(exp(v1)-(-1000.0+(1130.0/(1.79-v1)))))/((-1620.0+(v1+((9.67/(5.3-v1))-573.0)))/(1.87-v1)))
0.02214416856087643,30.0,0,0.0,-1.0,true,0.05416753133011287,0.017202910071991873,9.0,((v1+(exp(v1)-(-1003.31121868103+(1132.3280655674/(1.79065664294877-v1)))))/((-2177.28749194171+(v1+(32.5493042913809/(7.39247943908774-(-41.281192689216/(-20.5366132612063+v1))))))/(1.87517553112373-v1))),-0.9997297125169674,0.0004038416446883741,0.010536768948960398,0.0004038416446883741,309.0,0.011751339300906955,((v1+(exp(v1)-(-1000.0+(1130.0/(1.79-v1)))))/((-2180.0+(v1+(32.5/(7.39-(-41.3/(-20.5+v1))))))/(1.88-v1)))
0.005206550051775969,30.0,0,0.0,-1.0,true,0.001957914844965103,0.00010499966447914039,8.0,((v1+(exp(v1)-(-1002.32325939097+((1129.69259254541+v1)/(1.7918831372117-v1)))))/(((-2195.38506984605+v1)+(33.916087901903/(17.8350915443163-(3.35953264237583*v1))))/(1.87162388352137-v1))),-0.9999995403576467,6.867603406060701e-7,0.0007029114632575911,6.867603406060701e-7,426.0,0.00040622798278260736,((v1+(exp(v1)-(-1000.0+((1130.0+v1)/(1.79-v1)))))/(((-2200.0+v1)+(33.9/(17.8-(3.36*v1))))/(1.87-v1)))
0.3859036518354286,30.0,0,0.0,-1.0,true,0.14511845293739264,0.02140133368944,8.0,(((0.74289364675403+v1)+(exp(v1)-(-1002.27246894031+(1195.56169436067/(1.85460408934082-v1)))))/(((-4308.26363491956+v1)+(130.510792758858/(-39.3667231673393-v1)))/((3.8922412931529-v1)-v1))),-0.9979930123240282,0.002998678277070516,0.05741073533555824,0.002998678277070516,433.0,0.028333036742701906,(((0.743+v1)+(exp(v1)-(-1000.0+(1200.0/(1.85-v1)))))/(((-4310.0+v1)+(131.0/(-39.4-v1)))/((3.89-v1)-v1)))
0.5626456774311037,30.0,0,0.0,-1.0,true,0.21158200984201458,0.16481149194188652,7.0,((v1+(exp(v1)-(-1002.45633684418+(373.121234306333/((1.50694483590752-v1)-v1)))))/((-2296.09323185843+(v1+(-10.5962394785285/(18.6487053978498-(v1+v1)))))/(0.839007465997888-v1))),-0.9948594962407458,0.007680523971633702,0.12942889861457724,0.007680523971633702,365.0,0.057203952203889595,((v1+(exp(v1)-(-1000.0+(373.0/((1.51-v1)-v1)))))/((-2300.0+(v1+(-10.6/(18.6-(v1+v1)))))/(0.839-v1)))
0.053970662723198795,30.0,0,0.0,-1.0,true,0.05345230148208202,0.018347009220597836,8.0,((v1+(exp(v1)-(-1003.30597057331+(1128.34867679924/(1.78865645839045-v1)))))/(((-2173.76920192088+v1)+(36.1087235882945/(24.2928535527079-(v1*(9.09515729343597-v1)))))/(1.87856000479188-v1))),-0.9997099749983265,0.0004333318449027077,0.015083143796367993,0.0004333318449027077,408.0,0.012770124752974017,((v1+(exp(v1)-(-1000.0+(1130.0/(1.79-v1)))))/(((-2170.0+v1)+(36.1/(24.3-(v1*(9.1-v1)))))/(1.88-v1)))
0.007967065561249136,30.0,0,0.0,-1.0,true,0.0251059609160853,0.0007810537475674343,8.0,((v1+(-0.324537931680935+(exp(v1)-(-1002.96320305629+(1134.8626891761/(1.79579026399391-v1))))))/(((-2193.34753380297-v1)+(v1+(15.2715750256981/(5.41388521259316-v1))))/(1.87509302950647-v1))),-0.9999471527710213,7.896004516577913e-5,0.0013862463530209793,7.896004516577913e-5,337.0,0.0032859720028491322,((v1+(-0.325+(exp(v1)-(-1000.0+(1130.0/(1.8-v1))))))/(((-2190.0-v1)+(v1+(15.3/(5.41-v1))))/(1.88-v1)))
4.4042177770185646e-5,30.0,0,87.0,-1.0,true,3.225733711120782e-5,3.7290498415061704e-6,7.0,((v1+(exp(v1)-(-1003.32488649899+(1133.34911979303/(1.79369339928447-v1)))))/((-2195.05218153087+(v1+(v1+((9.6824973097339/(5.29816565313062-v1))-v1))))/(1.87340967491946-v1))),-0.9999999998899378,1.6444605024594036e-10,7.191066688578631e-6,1.6444605024594036e-10,375.0,6.308280144660949e-6,((v1+(exp(v1)-(-1000.0+(1130.0/(1.79-v1)))))/((-2200.0+(v1+(v1+((9.68/(5.3-v1))-v1))))/(1.87-v1)))
3.571651216868216e-5,30.0,0,209.0,-1.0,true,1.829651249485309e-5,3.568616052400774e-6,8.0,((v1+(exp(v1)-(-1002.32489129452+((1131.55874911762+v1)/(1.79369668866933-v1)))))/(((-2195.05431796082+v1)+(36.0404764784746/(19.7135966326488-(v1/0.268761848540389))))/(1.87341268503714-v1))),-0.9999999999567538,6.46149010950638e-11,5.920060565379374e-6,6.46149010950638e-11,426.0,4.296013516029429e-6,((v1+(exp(v1)-(-1000.0+((1130.0+v1)/(1.79-v1)))))/(((-2200.0+v1)+(36.0/(19.7-(v1/0.269))))/(1.87-v1)))
9.415835594519102e-5,30.0,0,34.0,-1.0,true,3.6426737386907604e-5,3.37476616942107e-6,9.0,(((1.29746309928671e-5+v1)+(exp((-1.358579807702e-5+v1))-(-1003.32485474266+(1133.33124111643/(1.79367590110896-v1)))))/(((-2195.05074716446+v1)+(9.67928347315369/(5.29806253045786-v1)))/(1.8733926081744-v1))),-0.9999999997840947,3.2258816665901134e-10,1.3391903572217835e-5,3.2258816665901134e-10,353.0,9.03685312901581e-6,(((1.3e-5+v1)+(exp((-1.36e-5+v1))-(-1000.0+(1130.0/(1.79-v1)))))/(((-2200.0+v1)+(9.68/(5.3-v1)))/(1.87-v1)))
6.905481700695862e-5,30.0,0,85.0,-1.0,true,2.5967953825423162e-5,2.5538367371702305e-6,9.0,((v1+(0.0179071911543684+(exp(v1)-(-1003.30697045422+(1133.33893169841/(1.79368360772907-v1))))))/(((-2195.05411091379+v1)+(33.3730846811408/(18.2545714125388-(3.44538440344624*v1))))/(1.87340042471592-v1))),-0.9999999999094947,1.352256958772157e-10,9.788113299167577e-6,1.352256958772157e-10,301.0,6.003446029523296e-6,((v1+(0.0179+(exp(v1)-(-1000.0+(1130.0/(1.79-v1))))))/(((-2200.0+v1)+(33.4/(18.3-(3.45*v1))))/(1.87-v1)))
0.06212998307101987,30.0,0,4.0,-1.0,true,0.023363881065675496,0.0011130618214900074,6.0,((v1+(exp(v1)-(-1003.34225406521+(1153.44859640761/(1.81320455098576-v1)))))/(((-2190.21536076562+v1)+((v1+v1)/((10.3464033178167-v1)-v1)))/(1.89265944780246-v1))),-0.9999401980056423,8.935129176570259e-5,0.008309632079661053,8.935129176570259e-5,804.0,0.004556935240960357,((v1+(exp(v1)-(-1000.0+(1150.0/(1.81-v1)))))/(((-2190.0+v1)+((v1+v1)/((10.3-v1)-v1)))/(1.89-v1)))
0.00011024401315578749,30.0,0,154.0,-1.0,true,4.1457085359741797e-5,2.4977971922869104e-6,8.0,((v1+(exp(v1)-(-1003.32486349483+(2266.64929734974/((3.58733930266031-v1)-v1)))))/(((-2195.05417623024+v1)+(36.0336532020142/(19.7135169167144-(v1/0.268760685548257))))/(1.87338659765573-v1))),-0.9999999997914523,3.115951909611305e-10,1.5049696226277982e-5,3.115951909611305e-10,326.0,8.783168923873208e-6,((v1+(exp(v1)-(-1000.0+(2270.0/((3.59-v1)-v1)))))/(((-2200.0+v1)+(36.0/(19.7-(v1/0.269))))/(1.87-v1)))
0.009823421584997813,30.0,0,3.0,-1.0,true,0.0036940820232885807,0.00021111684004719027,8.0,((v1+(exp(v1)-(-1003.32178928999+(1129.7878277304/(1.79023657200593-v1)))))/(((-2195.70314508916+v1)+(21.0077525759182/(7.9682357885089-(v1+(-2.67019271659121+v1)))))/(1.86999891910713-v1))),-0.9999982777177941,2.573294444904296e-6,0.0013332486334558843,2.573294444904296e-6,342.0,0.0007915359812439224,((v1+(exp(v1)-(-1000.0+(1130.0/(1.79-v1)))))/(((-2200.0+v1)+(21.0/(7.97-(v1+(-2.67+v1)))))/(1.87-v1)))
7.699705853967099e-5,30.0,0,93.0,-1.0,true,2.8954621089649635e-5,2.4068972760434135e-6,9.0,((v1+(exp(v1)-(-1003.32487164394+(1133.33367386468/(1.79367866221092-v1)))))/((-0.449539072373242+((-2194.60379525599+v1)+(39.4369744374424/(21.5702782828329-(4.07117770151981*v1)))))/(1.87339641449488-v1))),-0.9999999998973678,1.5334476790750407e-10,1.0763585356987125e-5,1.5334476790750407e-10,309.0,6.381689108624078e-6,((v1+(exp(v1)-(-1000.0+(1130.0/(1.79-v1)))))/((-0.45+((-2190.0+v1)+(39.4/(21.6-(4.07*v1)))))/(1.87-v1)))
0.020851514597424053,30.0,0,12.0,-1.0,true,0.05129900486857908,0.01475282784850264,9.0,((exp(v1)+(v1-(-1003.31232073705+(1132.52516330887/(1.79073020038864-v1)))))/((-2174.97770908273+(v1+(22.4998402654763/((14.2614536299391-(1.48078248245234/-3.6323055003721))-v1))))/(1.87472215569464-v1))),-0.9997553782767792,0.00036549394712488556,0.009615823294703101,0.00036549394712488556,309.0,0.011164107691601765,((exp(v1)+(v1-(-1000.0+(1130.0/(1.79-v1)))))/((-2170.0+(v1+(22.5/((14.3-(1.48/-3.63))-v1))))/(1.87-v1)))
3.672571542073621e-5,30.0,0,53.0,-1.0,true,4.868843376693022e-5,4.547112049011869e-6,7.0,((v1+(exp(v1)-(-1003.32488472789+(1133.3499195449/(1.79369422033588-v1)))))/((v1+(-2195.04860184302+(v1+((9.67808088504059/(5.29805713497361-v1))-v1))))/(1.87341123692964-v1))),-0.9999999997856729,3.2023012321676985e-10,6.777594006941706e-6,3.2023012321676985e-10,375.0,7.983141860654769e-6,((v1+(exp(v1)-(-1000.0+(1130.0/(1.79-v1)))))/((v1+(-2200.0+(v1+((9.68/(5.3-v1))-v1))))/(1.87-v1)))
8.338886790124963e-5,30.0,0,198.0,-1.0,true,3.135825080813337e-5,2.0483932924910186e-6,7.0,((v1+(exp(v1)-(-1003.32487660516+(1133.33499065883/(1.79367979646265-v1)))))/((-2195.05824556618+(v1+(-9.69206560383271/((-5.29841304934228+(v1+v1))-v1))))/(1.87339611806661-v1))),-0.9999999999175205,1.232342069481838e-10,1.1232087051019544e-5,1.232342069481838e-10,375.0,4.352883457167667e-6,((v1+(exp(v1)-(-1000.0+(1130.0/(1.79-v1)))))/((-2200.0+(v1+(-9.69/((-5.3+(v1+v1))-v1))))/(1.87-v1)))
9.129919853202103e-5,30.0,0,41.0,-1.0,true,3.433291802856786e-5,2.952768767623888e-6,9.0,(((v1-0.224731827342238)+(exp(v1)-(-1003.54960416548+(1133.33266228165/(1.7936773958066-v1)))))/(((-2195.05540515558+v1)+(33.372425393059/(18.2545537165948-(3.44538796220588*v1))))/(1.87339372106769-v1))),-0.9999999998658777,2.0039462370823272e-10,1.2677051412648885e-5,2.0039462370823272e-10,301.0,7.068298266799111e-6,(((v1-0.225)+(exp(v1)-(-1000.0+(1130.0/(1.79-v1)))))/(((-2200.0+v1)+(33.4/(18.3-(3.45*v1))))/(1.87-v1)))
8.77764422419346e-5,30.0,0,104.0,-1.0,true,3.300819114282483e-5,4.504006574788743e-6,9.0,((v1+(0.0179000419099806+((0.99995243963261*exp(v1))-(-1003.30696330498+(1133.32995419939/(1.7936748293857-v1))))))/((-2195.04639227655+(v1+(9.67836944791649/(5.297999135941-v1))))/(1.87339297346087-v1))),-0.9999999998764386,1.846153453982618e-10,1.2741712826123429e-5,1.846153453982618e-10,287.0,6.863307420779119e-6,((v1+(0.0179+((1.0*exp(v1))-(-1000.0+(1130.0/(1.79-v1))))))/((-2200.0+(v1+(9.68/(5.3-v1))))/(1.87-v1)))
7.177431733862262e-5,30.0,0,213.0,-1.0,true,5.145278275975329e-5,4.3282637011344056e-6,7.0,(((v1+(v1-v1))+(exp(v1)-(-1003.32487520961+(1133.33931841857/(1.79368374832556-v1)))))/((-2195.04994644072+(v1+(9.67730020318155/(5.29803119300393-v1))))/(1.8734002846272-v1))),-0.9999999997175669,4.219885899539744e-10,1.1087900017456459e-5,4.219885899539744e-10,331.0,9.844402082528902e-6,(((v1+(v1-v1))+(exp(v1)-(-1000.0+(1130.0/(1.79-v1)))))/((-2200.0+(v1+(9.68/(5.3-v1))))/(1.87-v1)))
7.27524432756462e-5,30.0,0,236.0,-1.0,true,3.795434722952962e-5,3.822333619799609e-6,8.0,(((5.47747312905927e-5+v1)+(exp(v1)-(-1003.32481838827+(1133.33663525548/(1.79368133540595-v1)))))/(((-2195.05094363642+v1)+(19.3629873934807/(10.5962952180466-(v1+v1))))/(1.87339866742147-v1))),-0.9999999998168025,2.737188394959993e-10,1.0914898877069937e-5,2.737188394959993e-10,337.0,8.36583144159242e-6,(((5.48e-5+v1)+(exp(v1)-(-1000.0+(1130.0/(1.79-v1)))))/(((-2200.0+v1)+(19.4/(10.6-(v1+v1))))/(1.87-v1)))
0.0001309152821415205,30.0,0,427.0,-1.0,true,4.923048310084832e-5,5.4895040591033746e-6,7.0,((v1+(exp(v1)-(-1003.32484695166+(2266.61964070018/((3.58731190783867-v1)-v1)))))/(((-2195.05198776951+v1)+(19.3737674932048/((10.596606864153-v1)-v1)))/(1.87337564976797-v1))),-0.9999999997501159,3.733566176443319e-10,1.8453296109394814e-5,3.733566176443319e-10,365.0,9.642742885361544e-6,((v1+(exp(v1)-(-1000.0+(2270.0/((3.59-v1)-v1)))))/(((-2200.0+v1)+(19.4/((10.6-v1)-v1)))/(1.87-v1)))
8.457881313878039e-5,30.0,0,184.0,-1.0,true,3.7353791471517184e-5,4.4572620038269625e-6,9.0,(((v1-0.00965051873243692)+(exp(v1)-(-1003.3345178546+(1133.33097640129/(1.79367593119869-v1)))))/(((-2195.05073121696+v1)+(35.9785968764702/(19.6882042539034-(v1/0.269103429384507))))/(1.8733938561868-v1))),-0.99999999979853,3.0102001154670357e-10,1.2602843461937172e-5,3.0102001154670357e-10,301.0,8.91982710178943e-6,(((v1-0.00965)+(exp(v1)-(-1000.0+(1130.0/(1.79-v1)))))/(((-2200.0+v1)+(36.0/(19.7-(v1/0.269))))/(1.87-v1)))
0.016318106078814898,30.0,0,15.0,-1.0,true,0.006136397771212998,0.000371781977895068,8.0,((v1+(exp(v1)-(-1003.31968223838+(1127.35378813251/(1.78787460771791-v1)))))/((-2193.54440093585+(v1+(-0.536508915276501+((2.0814567132001*v1)/(5.33431222406809-v1)))))/(1.86766763488528-v1))),-0.9999950289518914,7.427337076364063e-6,0.00222555499481544,7.427337076364063e-6,474.0,0.001351048411820474,((v1+(exp(v1)-(-1000.0+(1130.0/(1.79-v1)))))/((-2190.0+(v1+(-0.537+((2.08*v1)/(5.33-v1)))))/(1.87-v1)))
0.01669411444519948,30.0,0,1.0,-1.0,true,0.006277795117834939,0.0003298088303233818,9.0,((v1+(0.397570980231298+(exp(v1)-(-1002.93237130537+(1139.17433701353/(1.79934808781098-v1))))))/((-2193.97249656384+(v1+(-32.5246862273126/(-20.4882754634074+(3.89277563578654*v1)))))/(1.87898804972582-v1))),-0.9999952824387388,7.048597579420755e-6,0.0022512327614467075,7.048597579420755e-6,301.0,0.0013002027874062065,((v1+(0.398+(exp(v1)-(-1000.0+(1140.0/(1.8-v1))))))/((-2190.0+(v1+(-32.5/(-20.5+(3.89*v1)))))/(1.88-v1)))
1.662501615796178e-5,30.0,0,193.0,-1.0,true,5.2389051236279016e-5,1.2517225082572025e-6,8.0,((v1+(exp(v1)-(-1003.32489863971+(1133.36419416165/(1.79370798431279-v1)))))/((-2194.88510342672+(v1+(-1.16291010744029+((14.974465914236-v1)/(5.29800927505277-v1)))))/(1.87342411021617-v1))),-0.9999999997703025,3.431952752002059e-10,2.5896926180665883e-6,3.431952752002059e-10,474.0,6.783658766818662e-6,((v1+(exp(v1)-(-1000.0+(1130.0/(1.79-v1)))))/((-2190.0+(v1+(-1.16+((15.0-v1)/(5.3-v1)))))/(1.87-v1)))
4.189997337366058e-5,30.0,0,268.0,-1.0,true,1.575641817636031e-5,2.3730888230173375e-6,7.0,((v1+(exp(v1)-(-1003.32489020313+(1133.34982037626/(1.79369422605947-v1)))))/((v1+(-2195.05655494802+(-9.69055956586086/((-5.29837400479613+(v1+v1))-v1))))/(1.87341031835825-v1))),-0.9999999999778793,3.30510323399475e-11,6.286907737250446e-6,3.30510323399475e-11,375.0,2.8480528274539563e-6,((v1+(exp(v1)-(-1000.0+(1130.0/(1.79-v1)))))/((v1+(-2200.0+(-9.69/((-5.3+(v1+v1))-v1))))/(1.87-v1)))
0.3598163431975295,30.0,0,5.0,-1.0,true,0.16046667569028994,0.014228194022867383,7.0,((v1+(exp(v1)-(-1002.25954577504+((1045.52240664695+v1)/((1306.58580113884+v1)-v1)))))/(((-2236.85720620861+v1)+(165.796456612526/(1.5667760600603-v1)))/(0.675855289540772-v1))),-0.9963129284236313,0.005508923435071644,0.051971489649229374,0.005508923435071644,507.0,0.03774544444741516,((v1+(exp(v1)-(-1000.0+((1050.0+v1)/((1310.0+v1)-v1)))))/(((-2240.0+v1)+(166.0/(1.57-v1)))/(0.676-v1)))
9.096487723924249e-5,30.0,0,101.0,-1.0,true,3.874425510552726e-5,6.482580416668228e-6,8.0,((exp(v1)+(v1-(-1003.3248599504+(2266.64981340982/((3.58734101030528-v1)-v1)))))/(((-2195.04900259386+v1)+(35.9793325621182/(19.6882595679097-(v1/0.269103453830361))))/(1.8733897664248-v1))),-0.99999999977619,3.343987806794217e-10,1.3988605887994143e-5,3.343987806794217e-10,326.0,9.599538250061601e-6,((exp(v1)+(v1-(-1000.0+(2270.0/((3.59-v1)-v1)))))/(((-2200.0+v1)+(36.0/(19.7-(v1/0.269))))/(1.87-v1)))
9.007669980008922e-5,30.0,0,2099.0,-1.0,true,4.522240647508724e-5,6.061502403141983e-6,9.0,((v1+(exp(v1)-(-1003.3249312527+(1133.39760355524/(1.79374054344801-v1)))))/((-1621.56317522134+(v1+((-39.8283690600324/(-21.8041281998167+(4.11551045314345*v1)))-573.483854200571)))/(1.87345586582772-v1))),-0.9999999997327226,3.9934431939841977e-10,1.3906996149922075e-5,3.9934431939841977e-10,309.0,1.0265227089523155e-5,((v1+(exp(v1)-(-1000.0+(1130.0/(1.79-v1)))))/((-1620.0+(v1+((-39.8/(-21.8+(4.12*v1)))-573.0)))/(1.87-v1)))
0.00012483248207892839,30.0,0,126.0,-1.0,true,4.6943055836523584e-5,2.132502883655873e-6,8.0,((v1+(exp(v1)-(-1003.32485930809+(1133.31956080861/(1.79366469333494-v1)))))/((-2195.01523558267+((v1-0.0402628235752172)+(19.3723000736786/(10.5965250155847-(v1+v1)))))/(1.87338165333603-v1))),-0.9999999997748186,3.3644786463265634e-10,1.664378571850256e-5,3.3644786463265634e-10,342.0,8.754090253294128e-6,((v1+(exp(v1)-(-1000.0+(1130.0/(1.79-v1)))))/((-2200.0+((v1-0.0403)+(19.4/(10.6-(v1+v1)))))/(1.87-v1)))
5.7681342988012184e-5,30.0,0,78.0,-1.0,true,2.1690977055954797e-5,2.2391978702957087e-6,9.0,((v1+(0.0179081238247119+(exp(v1)-(-1003.30697138689+(1133.34147935677/(1.79368619489331-v1))))))/((-2195.05320300368+(v1+(39.4357219221936/(21.5702444754734-(4.07117942379943*v1)))))/(1.87340350140656-v1))),-0.9999999999278102,1.0786015038375709e-10,8.341402307174604e-6,1.0786015038375709e-10,301.0,5.465171869469682e-6,((v1+(0.0179+(exp(v1)-(-1000.0+(1130.0/(1.79-v1))))))/((-2200.0+(v1+(39.4/(21.6-(4.07*v1)))))/(1.87-v1)))
8.190802542657751e-5,30.0,0,443.0,-1.0,true,3.080138235678209e-5,2.308811904555978e-6,9.0,(((5.47068168868207e-5+v1)+(exp(v1)-(-1003.32481832036+(1133.33413382942/(1.79367894572859-v1)))))/(((-2195.05434671301+v1)+(39.4353616130479/(21.5702347871054-(4.07118228712024*v1))))/(1.87339591829989-v1))),-0.9999999998866429,1.6936898072893938e-10,1.1312745763375727e-5,1.6936898072893938e-10,301.0,6.577278449253904e-6,(((5.47e-5+v1)+(exp(v1)-(-1000.0+(1130.0/(1.79-v1)))))/(((-2200.0+v1)+(39.4/(21.6-(4.07*v1))))/(1.87-v1)))
2.712895052599891e-5,30.0,0,46.0,-1.0,true,5.1329504684449745e-5,4.58160868817466e-6,7.0,((v1+(exp(v1)-(-1003.32489042181+(1133.35534391754/(1.7936993590598-v1)))))/((v1+(-2195.04886604709+((v1+(9.67694882950642-v1))/(5.29802172236499-v1))))/(1.87341559240588-v1))),-0.9999999997708537,3.4237182546335705e-10,5.5996957385264745e-6,3.4237182546335705e-10,639.0,7.788894826721293e-6,((v1+(exp(v1)-(-1000.0+(1130.0/(1.79-v1)))))/((v1+(-2200.0+((v1+(9.68-v1))/(5.3-v1))))/(1.87-v1)))
8.394414817338981e-5,30.0,0,118.0,-1.0,true,3.407040229541636e-5,4.706991483436689e-6,9.0,((v1+(exp(v1)-(-1003.32486572746+(1133.32972943139/(1.79367484621767-v1)))))/((-2195.01278705078+((v1-0.0378142916758219)+(-33.9859087084849/(-18.5957251542718+(3.50982181192083*v1)))))/(1.87339328223539-v1))),-0.9999999998193386,2.699295047407622e-10,1.2587912415329266e-5,2.699295047407622e-10,309.0,8.578321869349287e-6,((v1+(exp(v1)-(-1000.0+(1130.0/(1.79-v1)))))/((-2200.0+((v1-0.0378)+(-34.0/(-18.6+(3.51*v1)))))/(1.87-v1)))
3.6865311739527144e-5,30.0,0,159.0,-1.0,true,5.549196691267966e-5,5.128994198632643e-6,9.0,((v1+(exp(v1)-(-1003.32488454039+(1133.35029809778/(1.79369452242473-v1)))))/((-2195.04773173641+(v1+(33.7527777654609/(18.4588405115005-((v1-0.0063033170032072)/0.286675727310893)))))/(1.87341142976729-v1))),-0.9999999997262718,4.0898239604351077e-10,7.070454128817306e-6,4.0898239604351077e-10,309.0,8.806540139932872e-6,((v1+(exp(v1)-(-1000.0+(1130.0/(1.79-v1)))))/((-2200.0+(v1+(33.8/(18.5-((v1-0.0063)/0.287)))))/(1.87-v1)))
0.024412174464860634,30.0,0,8.0,-1.0,true,0.013199118161975942,0.0011113533685518596,7.0,((v1+(exp(v1)-(-1004.00432171801+(1123.74896437229/(1.78376818870233-v1)))))/((-2198.58381790638+(v1+(v1+(13.9906494955084/(10.4762178146185-(v1+v1))))))/(1.86400393838229-v1))),-0.9999783740699718,3.231171141380721e-5,0.00359782182928018,3.231171141380721e-5,375.0,0.002807671699676797,((v1+(exp(v1)-(-1000.0+(1120.0/(1.78-v1)))))/((-2200.0+(v1+(v1+(14.0/(10.5-(v1+v1))))))/(1.86-v1)))
0.06173688077360508,30.0,0,6.0,-1.0,true,0.04684185715549383,0.01062194320070474,7.0,((v1+(exp(v1)-(-1003.32114628069+(1138.5068143994/(1.79556894488754-v1)))))/((-2179.7255055179+(v1+((14.1159566539669-v1)/((5.69426086985913-v1)-v1))))/(1.86833001331055-v1))),-0.9997485054031136,0.00037576283776568806,0.012991779099125248,0.00037576283776568806,639.0,0.01235319472005298,((v1+(exp(v1)-(-1000.0+(1140.0/(1.8-v1)))))/((-2180.0+(v1+((14.1-v1)/((5.69-v1)-v1))))/(1.87-v1)))
6.978037359413775e-5,30.0,0,97.0,-1.0,true,2.6869636330140168e-5,3.3138278417642067e-6,8.0,((v1+(exp(v1)-(-1003.32487865717+(1133.34012927658/(1.79368465116193-v1)))))/((-0.44975449542192+((-2194.60401067904+v1)+(19.3684041519821/(10.5964183896787-(v1+v1)))))/(1.87340097241642-v1))),-0.9999999998819364,1.764009521806953e-10,1.0196610817779696e-5,1.764009521806953e-10,342.0,6.836880671722695e-6,((v1+(exp(v1)-(-1000.0+(1130.0/(1.79-v1)))))/((-0.45+((-2190.0+v1)+(19.4/(10.6-(v1+v1)))))/(1.87-v1)))
9.175814557097656e-5,30.0,0,91.0,-1.0,true,3.450550433076183e-5,2.577748768186574e-6,9.0,((v1+((exp(v1)-0.132711615946776)-(-1003.45758211334+(1133.33139092524/(1.79367621853793-v1)))))/((-2195.05461225655+(v1+(39.4325638050364/(21.5701910189343-(4.07119008829701*v1)))))/(1.8733929729377-v1))),-0.9999999998580896,2.120309693400462e-10,1.264554288725379e-5,2.120309693400462e-10,301.0,7.300824288663382e-6,((v1+((exp(v1)-0.133)-(-1000.0+(1130.0/(1.79-v1)))))/((-2200.0+(v1+(39.4/(21.6-(4.07*v1)))))/(1.87-v1)))
1.1989405820267553e-5,30.0,0,135.0,-1.0,true,4.508596941232845e-6,2.3916020618877247e-6,8.0,((v1+(exp((-1.46501471351937e-5+v1))-(-1002.32490732162+((1131.57546963969+v1)/(1.79371303328123-v1)))))/(((-2195.05339800592+v1)+(9.68821746008854/(5.29829188639855-v1)))/(1.87342885309952-v1))),-0.9999999999979984,2.9907068053208297e-12,2.4301526467407587e-6,2.9907068053208297e-12,463.0,1.0951611893565694e-6,((v1+(exp((-1.47e-5+v1))-(-1000.0+((1130.0+v1)/(1.79-v1)))))/(((-2200.0+v1)+(9.69/(5.3-v1)))/(1.87-v1)))
5.975907021208833e-5,30.0,0,642.0,-1.0,true,2.2472303065568244e-5,2.956765433047004e-6,8.0,((exp(v1)+(v1-(-1003.32488293999+(1133.34340244428/(1.79368792015606-v1)))))/((-2196.88664015687+(v1+(((10.5881743690941-v1)/(5.29829891705342-v1))/0.546043809138484)))/(1.87340421122362-v1))),-0.9999999999399101,8.97814236681949e-11,8.677331318458527e-6,8.97814236681949e-11,474.0,4.935406263839592e-6,((exp(v1)+(v1-(-1000.0+(1130.0/(1.79-v1)))))/((-2200.0+(v1+(((10.6-v1)/(5.3-v1))/0.546)))/(1.87-v1)))
5.686093212782874e-5,30.0,0,1.0,-1.0,true,5.592460721937087e-5,5.295495869223493e-6,9.0,((v1+(exp(v1)-(-1003.32487788826+(1133.34326791534/(1.79368766763532-v1)))))/((-2195.04823915887+(v1+(36.0035151353403/(19.713189342274-((1.32576856724379e-5+v1)/0.268755000303011)))))/(1.87340465508482-v1))),-0.9999999997000728,4.481268658030433e-10,9.621955921989207e-6,4.481268658030433e-10,309.0,9.78441233582053e-6,((v1+(exp(v1)-(-1000.0+(1130.0/(1.79-v1)))))/((-2200.0+(v1+(36.0/(19.7-((1.33e-5+v1)/0.269)))))/(1.87-v1)))
0.00010176068979285829,30.0,0,13.0,-1.0,true,3.8266945136034014e-5,2.730633906153624e-6,8.0,((v1+(exp(v1)-(-1003.32486594418+(2266.65525542596/((3.58734508540946-v1)-v1)))))/((v1+(-2195.05342911615+(35.9840168987498/(19.6882620246732-(v1/0.269104155738408)))))/(1.87338947804376-v1))),-0.9999999997966932,3.0376454260532916e-10,1.4114385232443468e-5,3.0376454260532916e-10,326.0,8.789730092738368e-6,((v1+(exp(v1)-(-1000.0+(2270.0/((3.59-v1)-v1)))))/((v1+(-2200.0+(36.0/(19.7-(v1/0.269)))))/(1.87-v1)))
7.70912632466388e-5,30.0,0,18.0,-1.0,true,4.949852407376554e-5,4.134424326068807e-6,7.0,((v1+(exp(v1)-(-1003.32487368119+(1133.3374623436/(1.79368194672394-v1)))))/(((-2195.05040721357+v1)+((v1+(9.67788883729755-v1))/(5.29804626267489-v1)))/(1.87339848594715-v1))),-0.9999999997247081,4.113188895462779e-10,1.1661903326334077e-5,4.113188895462779e-10,639.0,9.847874389189853e-6,((v1+(exp(v1)-(-1000.0+(1130.0/(1.79-v1)))))/(((-2200.0+v1)+((v1+(9.68-v1))/(5.3-v1)))/(1.87-v1)))
8.807814037850395e-5,30.0,0,202.0,-1.0,true,3.3121644246014714e-5,3.618239491541352e-6,8.0,((v1+(exp(v1)-(-1003.32486664475+(2266.6585001118/((3.58734894228713-v1)-v1)))))/(((-2195.05227998505+v1)+(33.3818370704779/(18.2617269243754-(3.44675164065889*v1))))/(1.87339245371043-v1))),-0.999999999847932,2.2720776317959217e-10,1.2549174911126549e-5,2.2720776317959217e-10,326.0,7.798233068644078e-6,((v1+(exp(v1)-(-1000.0+(2270.0/((3.59-v1)-v1)))))/(((-2200.0+v1)+(33.4/(18.3-(3.45*v1))))/(1.87-v1)))
8.363647518205554e-5,30.0,0,223.0,-1.0,true,3.1451363131262955e-5,2.3394849856546255e-6,8.0,(((v1-0.224732850778846)+(exp(v1)-(-1003.54960319955+(1133.33205063872/(1.79367700723644-v1)))))/((-2195.05352955087+(v1+(19.3727180071321/((10.5965494580757-v1)-v1))))/(1.8733945439008-v1))),-0.9999999998790045,1.8078175254121455e-10,1.1598331144762966e-5,1.8078175254121455e-10,337.0,6.857185573461849e-6,(((v1-0.225)+(exp(v1)-(-1000.0+(1130.0/(1.79-v1)))))/((-2200.0+(v1+(19.4/((10.6-v1)-v1))))/(1.87-v1)))
0.00010576537617602474,30.0,0,2.0,-1.0,true,3.977290106482734e-5,2.6992789401721687e-6,7.0,((v1+(exp(v1)-(-1003.32486979413+(1133.32695347443/(1.79367200468331-v1)))))/((-2195.0599760054+(v1+(-9.69439902639596/((v1+v1)+(-5.29847349916689-v1)))))/(1.8733884277978-v1))),-0.9999999998620062,2.0617914421288357e-10,1.4356467880828253e-5,2.0617914421288357e-10,375.0,6.365953741562652e-6,((v1+(exp(v1)-(-1000.0+(1130.0/(1.79-v1)))))/((-2200.0+(v1+(-9.69/((v1+v1)+(-5.3-v1)))))/(1.87-v1)))
6.630115847993102e-5,30.0,0,174.0,-1.0,true,2.4932444927128206e-5,2.550339019217258e-6,9.0,((v1+((exp(v1)-0.132707736266869)-(-1003.4575860839+(1133.33975588161/(1.79368442403983-v1)))))/(((-2195.05394909322+v1)+(36.040281355038/(19.7136047000961-(v1/0.268761965934889))))/(1.87340128235324-v1))),-0.9999999999132184,1.2966198643551568e-10,9.445125071549575e-6,1.2966198643551568e-10,301.0,5.901104205480179e-6,((v1+((exp(v1)-0.133)-(-1000.0+(1130.0/(1.79-v1)))))/(((-2200.0+v1)+(36.0/(19.7-(v1/0.269))))/(1.87-v1)))
5.894572140525861e-5,30.0,0,455.0,-1.0,true,5.1977345896681015e-5,5.882866703939676e-6,8.0,((v1+(exp(v1)-(-1002.32491999521+((1131.59276868028+v1)/(1.79372969301694-v1)))))/(((-2195.04677995022+v1)+(-39.8216985664936/(-21.8040172936658+(4.11552257790665*v1))))/(1.87344524534969-v1))),-0.9999999997327748,3.9926627468531517e-10,1.002842719795303e-5,3.9926627468531517e-10,426.0,9.533326811025228e-6,((v1+(exp(v1)-(-1000.0+((1130.0+v1)/(1.79-v1)))))/(((-2200.0+v1)+(-39.8/(-21.8+(4.12*v1))))/(1.87-v1)))
7.859018802444723e-5,30.0,0,20.0,-1.0,true,2.9553714892105454e-5,2.561642966159201e-6,7.0,((v1+(exp(v1)-(-1003.32487751322+(1133.33684446409/(1.79368155405256-v1)))))/((-2193.22807716819+(v1+(((v1+v1)/1.09361458217346)/(5.29834901639373-v1))))/(1.87339785050873-v1))),-0.9999999999214187,1.1740970841497568e-10,1.0822800201766332e-5,1.1740970841497568e-10,639.0,5.014907441116406e-6,((v1+(exp(v1)-(-1000.0+(1130.0/(1.79-v1)))))/((-2190.0+(v1+(((v1+v1)/1.09)/(5.3-v1))))/(1.87-v1)))
0.00010479585721919367,30.0,0,61.0,-1.0,true,3.940831500703901e-5,2.877337863955327e-6,7.0,((v1+(exp(v1)-(-1003.32487019014+(1133.32729602892/(1.7936723420627-v1)))))/((-2195.06005623613+(v1+(-9.69458449667229/(v1+((-5.29847830331607+v1)-v1)))))/(1.87338875602343-v1))),-0.9999999998634497,2.0402242417713498e-10,1.4278305782991257e-5,2.0402242417713498e-10,375.0,6.413176922563657e-6,((v1+(exp(v1)-(-1000.0+(1130.0/(1.79-v1)))))/((-2200.0+(v1+(-9.69/(v1+((-5.3+v1)-v1)))))/(1.87-v1)))
8.786995297980891e-5,30.0,0,303.0,-1.0,true,3.30433557066967e-5,2.4798151524879527e-6,8.0,((v1+(0.0179054268665334+(exp(v1)-(-1003.30696868993+(1133.33345031358/(1.79367824419641-v1))))))/((-2195.05686880904+(v1+(19.3787034866589/(10.5966858004644-(v1+v1)))))/(1.87339463684587-v1))),-0.9999999999013673,1.4736886611458463e-10,1.1957783309901037e-5,1.4736886611458463e-10,337.0,5.579647759771517e-6,((v1+(0.0179+(exp(v1)-(-1000.0+(1130.0/(1.79-v1))))))/((-2200.0+(v1+(19.4/(10.6-(v1+v1)))))/(1.87-v1)))
4.662598900599627e-5,30.0,0,239.0,-1.0,true,5.494588402843448e-5,6.112572908731025e-6,9.0,((v1+(exp(v1)-(-1003.32487821686+(1133.34455712579/(1.79368908564682-v1)))))/((v1+(-2195.04704138065+(33.7547424999073/(18.458865565617-((v1-0.00631013675672704)/0.28667613979582)))))/(1.87340688481051-v1))),-0.9999999997216056,4.159542993663199e-10,8.637208196524859e-6,4.159542993663199e-10,309.0,9.3283790841385e-6,((v1+(exp(v1)-(-1000.0+(1130.0/(1.79-v1)))))/((v1+(-2200.0+(33.8/(18.5-((v1-0.00631)/0.287)))))/(1.87-v1)))
0.026742918134209995,30.0,0,1.0,-1.0,true,0.010056631721958753,0.0004935453617704082,9.0,(((v1-0.220091520073373)+(exp(v1)-(-1003.55294600985+(1142.51707066099/(1.80259399123071-v1)))))/((-2193.36902773274+(v1+(28.4538550580862/(19.5138990603446-(v1/0.268725835701648)))))/(1.88218876175315-v1))),-0.9999883374462165,1.7425242369128514e-5,0.0035892690684574432,1.7425242369128514e-5,301.0,0.00203083661377124,(((v1-0.22)+(exp(v1)-(-1000.0+(1140.0/(1.8-v1)))))/((-2190.0+(v1+(28.5/(19.5-(v1/0.269)))))/(1.88-v1)))
0.029024367038547237,30.0,0,4.0,-1.0,true,0.012610222289753281,0.0010371762192571588,8.0,((v1+(exp(v1)-(-1004.00268283642+(1121.93361393949/(1.7820050550206-v1)))))/(((v1+(-2198.82639627604+v1))+(27.0293463884922/(19.6317221312854-(v1/0.267156378426518))))/(1.86226363861158-v1))),-0.9999767299287206,3.476825397925478e-5,0.004141476140704608,3.476825397925478e-5,342.0,0.002946954807213277,((v1+(exp(v1)-(-1000.0+(1120.0/(1.78-v1)))))/(((v1+(-2200.0+v1))+(27.0/(19.6-(v1/0.267))))/(1.86-v1)))
5.0061056157408754e-5,30.0,0,78.0,-1.0,true,2.4963182120973926e-5,2.9279913649755102e-6,8.0,((v1+(exp(v1)-(-1002.32488346809+((1131.55197818216+v1)/(1.79369015378408-v1)))))/(((-2195.0528594588+v1)+(39.4287887363613/(21.5701489948599-(4.07119943405158*v1))))/(1.87340690401012-v1))),-0.9999999999181121,1.2235039334010866e-10,7.602774951026354e-6,1.2235039334010866e-10,426.0,5.7129937211485016e-6,((v1+(exp(v1)-(-1000.0+((1130.0+v1)/(1.79-v1)))))/(((-2200.0+v1)+(39.4/(21.6-(4.07*v1))))/(1.87-v1)))
0.00011203718935427095,30.0,0,237.0,-1.0,true,4.2131406409906536e-5,3.2470464800890245e-6,8.0,((v1+(exp(v1)-(-1003.32485855077+(2266.64026028285/((3.5873313004424-v1)-v1)))))/((-2195.05374022675+(v1+(33.3764875663465/(18.2546300648778-(3.44537179054571*v1)))))/(1.87338394304233-v1))),-0.999999999819188,2.7015462795369593e-10,1.5337158866102015e-5,2.7015462795369593e-10,326.0,8.05804676212718e-6,((v1+(exp(v1)-(-1000.0+(2270.0/((3.59-v1)-v1)))))/((-2200.0+(v1+(33.4/(18.3-(3.45*v1)))))/(1.87-v1)))
6.62261787580277e-5,30.0,0,62.0,-1.0,true,5.16959596352784e-5,4.433151741958761e-6,9.0,(((v1-0.224729662665162)+(exp(v1)-(-1003.54960633012+(1133.34101305219/(1.79368541737364-v1)))))/((-2195.04963229698+(v1+(-39.8267678170961/(-21.8041134908556+(4.11551316733478*v1)))))/(1.87340202854008-v1))),-0.9999999997245239,4.1159398907272176e-10,1.0436560194613272e-5,4.1159398907272176e-10,301.0,9.632916628615762e-6,(((v1-0.225)+(exp(v1)-(-1000.0+(1130.0/(1.79-v1)))))/((-2200.0+(v1+(-39.8/(-21.8+(4.12*v1)))))/(1.87-v1)))
6.408207595430322e-5,30.0,0,7.0,-1.0,true,3.806572905906691e-5,3.5725758013454265e-6,9.0,(((exp(v1)-0.00964582377488523)+(v1-(-1003.33452250613+(1133.34016467703/(1.79368475665785-v1)))))/(((-2195.05094473265+v1)+(35.976243517309/(19.6881638616575-(v1/0.269102838796442))))/(1.87340186757654-v1))),-0.9999999998301391,2.537924462497449e-10,9.737173920819061e-6,2.537924462497449e-10,301.0,7.943122290805793e-6,(((exp(v1)-0.00965)+(v1-(-1000.0+(1130.0/(1.79-v1)))))/(((-2200.0+v1)+(36.0/(19.7-(v1/0.269))))/(1.87-v1)))
6.437856795403997e-5,30.0,0,158.0,-1.0,true,2.759657141870875e-5,3.3770101196999736e-6,8.0,((v1+(exp(v1)-(-1003.32488030681+(1133.34199168974/(1.79368646604415-v1)))))/((-2193.48919249788+(v1+(((0.892435647632116+v1)/(5.29820319321512-v1))/0.639267145891349)))/(1.87340278458267-v1))),-0.9999999998871947,1.6854463123162485e-10,9.553311729198276e-6,1.6854463123162485e-10,474.0,6.678148976708986e-6,((v1+(exp(v1)-(-1000.0+(1130.0/(1.79-v1)))))/((-2190.0+(v1+(((0.892+v1)/(5.3-v1))/0.639)))/(1.87-v1)))
7.469086934547696e-5,30.0,0,129.0,-1.0,true,3.0212065455614834e-5,3.355245374810951e-6,8.0,((v1+(exp(v1)-(-1003.32487666834+(1133.33840528028/(1.79368295200853-v1)))))/((-2193.88991904225+(v1+(-1.16345526539303+(19.3665988110094/(10.5963719107525-(v1+v1))))))/(1.87339931578307-v1))),-0.9999999998575985,2.1276480420030753e-10,1.0864993628516227e-5,2.1276480420030753e-10,342.0,7.451404749992535e-6,((v1+(exp(v1)-(-1000.0+(1130.0/(1.79-v1)))))/((-2190.0+(v1+(-1.16+(19.4/(10.6-(v1+v1))))))/(1.87-v1)))
2.6460534406528067e-5,30.0,0,309.0,-1.0,true,5.3452368065975975e-5,5.13737027456599e-6,9.0,((v1+(exp(v1)-(-1003.32489215221+(1133.35683134967/(1.79370071967319-v1)))))/((-0.447420123429296+((-2194.60167630704+v1)+(-39.8224082330384/(-21.8040193085508+(4.11552113834446*v1)))))/(1.87341649622085-v1))),-0.9999999997526706,3.695395129380699e-10,5.717028601690572e-6,3.695395129380699e-10,309.0,8.02196863133528e-6,((v1+(exp(v1)-(-1000.0+(1130.0/(1.79-v1)))))/((-0.447+((-2190.0+v1)+(-39.8/(-21.8+(4.12*v1)))))/(1.87-v1)))
7.749513993484622e-5,30.0,0,39.0,-1.0,true,4.2364555747909094e-5,3.8453910488424134e-6,8.0,((v1+(exp(v1)-(-1003.32487266227+(1133.33612445642/(1.7936807588158-v1)))))/(((-2194.47917210141+v1)+(-1.57181474983498+((14.9781901867931-v1)/(5.29810659390608-v1))))/(1.87339769500845-v1))),-0.9999999997787776,3.305324768970912e-10,1.1542666017239564e-5,3.305324768970912e-10,474.0,9.055971915351152e-6,((v1+(exp(v1)-(-1000.0+(1130.0/(1.79-v1)))))/(((-2190.0+v1)+(-1.57+((15.0-v1)/(5.3-v1))))/(1.87-v1)))
6.866676159402817e-5,30.0,0,59.0,-1.0,true,2.5822026206157034e-5,1.2749794677704102e-6,8.0,((v1+(exp((-1.97474380244932e-5+v1))-(-1003.3248783754+(1133.33991390511/(1.79368450373182-v1)))))/((-2195.05370682847+(v1+(19.3733223636028/(10.5964911525624-(v1+v1)))))/(1.87340105844544-v1))),-0.9999999999413481,8.763293528492599e-11,9.101276818401489e-6,8.763293528492599e-11,421.0,4.1187427778713315e-6,((v1+(exp((-1.97e-5+v1))-(-1000.0+(1130.0/(1.79-v1)))))/((-2200.0+(v1+(19.4/(10.6-(v1+v1)))))/(1.87-v1)))
8.660461411711355e-5,30.0,0,168.0,-1.0,true,3.25675270450021e-5,5.0117882491225784e-6,9.0,((v1+(exp(v1)-(-1003.32493173862+(1133.39564339495/(1.79373880158536-v1)))))/((-1621.56498107082+(v1+((39.428524255786/(21.5701414508889-(4.07120288455411*v1)))-573.485660050052)))/(1.87345424558859-v1))),-0.9999999998757,1.857189535277169e-10,1.2820913694832655e-5,1.857189535277169e-10,309.0,7.182720322507913e-6,((v1+(exp(v1)-(-1000.0+(1130.0/(1.79-v1)))))/((-1620.0+(v1+((39.4/(21.6-(4.07*v1)))-573.0)))/(1.87-v1)))
3.2793591700701296e-5,30.0,0,323.0,-1.0,true,1.2331977868651478e-5,3.0019290077237192e-6,7.0,((v1+(exp(v1)-(-1002.3248918507+((1131.55888191384+v1)/(1.79369690845162-v1)))))/(((-2195.05499009354+v1)+(19.3771828605137/(10.5966499278969-(v1+v1))))/(1.87341317946183-v1))),-0.9999999999776082,3.345587630765191e-11,5.2849263617015044e-6,3.345587630765191e-11,477.0,3.2570348484084466e-6,((v1+(exp(v1)-(-1000.0+((1130.0+v1)/(1.79-v1)))))/(((-2200.0+v1)+(19.4/(10.6-(v1+v1))))/(1.87-v1)))
0.01999535361543298,30.0,0,0.0,-1.0,true,0.051526482873162305,0.009609278055218504,8.0,((exp(v1)+(v1-(-1003.31487846142+(1133.63867180607/(1.79162311727163-v1)))))/(((-2187.96924763943+v1)+(22.4643592095638/(6.94009263052958-(v1+(5.44982051484019-v1)))))/(1.87424772612857-v1))),-0.9997539121618307,0.0003676844972214093,0.008752740624369391,0.0003676844972214093,342.0,0.011070470743126549,((exp(v1)+(v1-(-1000.0+(1130.0/(1.79-v1)))))/(((-2190.0+v1)+(22.5/(6.94-(v1+(5.45-v1)))))/(1.87-v1)))
0.3693779096751978,30.0,0,0.0,-1.0,true,0.16119891730195723,0.014383593097153898,8.0,((v1+(exp(v1)-(-1004.01804559168+1.10046121044555)))/(((-2239.86834309659+v1)+(v1+((-1996.53177141725+(214.068409810553-(-6.55765150024248*v1)))/(0.676984604898397-v1))))/(1.54293598715831-v1))),-0.9962105853377548,0.00566183617693874,0.053245678816059405,0.00566183617693874,513.0,0.038334901858450524,((v1+(exp(v1)-(-1000.0+1.1)))/(((-2240.0+v1)+(v1+((-2000.0+(214.0-(-6.56*v1)))/(0.677-v1))))/(1.54-v1)))
2.1917608096700222e-5,30.0,0,0.0,-1.0,true,2.405182015285945e-5,3.368325458168176e-6,9.0,((v1+(exp(v1)-(-1003.32489341453+(1133.35597757815/(1.79370018865456-v1)))))/((-0.449080151936737+((-2194.60333633555+v1)+(35.9888646351636/(19.6883258493172-(v1/0.269105049952989)))))/(1.87341666319358-v1))),-0.9999999999457727,8.102209897461583e-11,4.2230783264704216e-6,8.102209897461583e-11,309.0,4.341436007519739e-6,((v1+(exp(v1)-(-1000.0+(1130.0/(1.79-v1)))))/((-0.449+((-2190.0+v1)+(36.0/(19.7-(v1/0.269)))))/(1.87-v1)))
