time,generation,mean age hall_of_fame,mean compl,mean recursive_compl,mean n_params,min mae,min mse,min max_ae,min minus_r2,min mare,min q75_are,min max_are,min ms_processed_e,min minus_spearman,max penalty
9.942157983779907,1.0,0.0,6.8,26488.8,1.0,10.922941551128527,355.2675906553721,89.77420941261747,-0.07840569219493976,0.2797597312249816,0.47584864360347057,0.9330930151543789,355.2675906553721,-0.3407650904887476,2.0
15.059962034225464,11.0,3.857142857142857,6.571428571428571,9388.42857142857,1.4285714285714286,11.113949090294888,352.4636181620164,88.26119842444226,-0.08567943502172426,0.28284806973520354,0.4796418980111359,0.7145639516879675,352.4636181620164,-0.34327926886536864,1.0
21.197959899902344,27.0,9.4,7.2,216305.4,1.9,10.462873249590254,269.5461563982387,64.71456221206326,-0.30077437412994423,0.27237257103673806,0.3853204204524675,0.7145910165209131,269.5461563982387,-0.34327926886536864,2.0
26.525662899017334,41.0,16.2,7.3,14.7,2.2,10.343482752274879,204.0137613535486,51.67791654333469,-0.47077097342178476,0.27237257103673806,0.3853198565079763,0.7149112017786312,204.0137613535486,-0.34327926886536864,2.0
32.87878704071045,57.0,19.0,9.0,891.8571428571429,2.5714285714285716,10.624113567832037,187.3045187664475,46.89648852549891,-0.5141161680329764,0.2831604739538103,0.38570446921114987,0.7149112017786312,187.3045187664475,-0.34327926886536864,2.0
38.19184589385986,65.0,20.444444444444443,8.11111111111111,16.88888888888889,2.3333333333333335,10.204422521058964,153.48844991282417,36.10688411438568,-0.6018379230918967,0.2831604739538103,0.28437444596738526,0.7149112017786312,153.48844991282417,-0.3890546544810895,1.0
43.56636691093445,75.0,26.25,10.0,1.1805916207174113e21,2.75,6.008510730358546,55.550225177498554,19.101499494650284,-0.8558979972633259,0.1886934075310447,0.24535585597159115,0.7149112017786312,55.550225177498554,-0.43776324820286816,1.0
48.9341938495636,88.0,36.0,7.375,138.5,2.375,6.232805458874249,52.27482175446823,14.511346012029826,-0.8643946719666432,0.1950515391149048,0.2312195556827085,0.7149112017786312,52.27482175446823,-0.34327926886536864,0.0
54.16060495376587,100.0,33.2,9.1,2.305843026393564e17,2.7,5.862638199383177,44.85036696554789,12.280087362465341,-0.8836543383477019,0.17897066118859664,0.2312195556827085,0.675274175400985,44.85036696554789,-0.4604342014955027,0.0
59.21962094306946,112.0,28.357142857142858,13.0,1.991139863051657e41,3.7142857142857144,0.957582161777933,1.3234221065822034,2.5067524876673346,-0.9965669306395227,0.02848955164519406,0.04208996471873881,0.07223062572513306,1.3234221065822034,-0.9877758913412563,1.0
64.6390209197998,124.0,28.470588235294116,11.823529411764707,1.0574665499190092e307,3.4705882352941178,0.9575879818306322,1.323419369941778,2.5067503907609066,-0.9965669377386005,0.028489578409953673,0.04209085603678391,0.07223033199071915,1.323419369941778,-0.9878481378463316,2.0
69.75298690795898,134.0,32.64705882352941,11.470588235294118,1.010580661e9,3.411764705882353,0.9575914243546885,1.3234178645185921,2.506750673445957,-0.9965669416437961,0.02848959397569718,0.0420913565539277,0.07223013976921762,1.3234178645185921,-0.9878481378463316,2.0
75.06711387634277,144.0,35.5,10.61111111111111,9.544372955e8,3.0555555555555554,0.6977634793298999,0.8297390134948844,2.691228849593834,-0.9978475865181228,0.020960475119126847,0.031398327355695026,0.07469759065612401,0.8297390134948844,-0.9871690206986237,2.0
80.4354739189148,154.0,39.166666666666664,10.61111111111111,9.544372374444444e8,3.1666666666666665,0.6977614000764398,0.8297342485347271,2.691228849593834,-0.9978475988788341,0.02096045337521135,0.03139840392413111,0.0746972268213419,0.8297342485347271,-0.9871690206986237,2.0
85.80162596702576,164.0,42.666666666666664,10.722222222222221,9.544372562777778e8,3.2777777777777777,0.6620757922060716,0.7236494334019846,2.6891258414749544,-0.9981227919004958,0.020258940673623212,0.029316995191603253,0.06441633008100114,0.7236494334019846,-0.9885850521980999,1.0
90.81160187721252,173.0,43.05,10.85,2.36223207925e9,3.2,0.6943366490113404,0.7045563710097397,1.9668139432159322,-0.9981723209261713,0.020960424610591492,0.03139850966848754,0.05623683260353478,0.7045563710097397,-0.98975544558032,1.0
96.00703382492065,182.0,35.833333333333336,12.291666666666666,1.96852674075e9,3.75,0.6436654196697842,0.66063372143798,1.899839473722416,-0.9982862600101006,0.01992055015742527,0.03139856380108766,0.05623683260353478,0.66063372143798,-0.9954195715782249,1.0
101.19548487663269,191.0,37.208333333333336,13.666666666666666,1.2527000417916667e9,4.083333333333333,0.5884478465033648,0.522143017287387,1.899839473722416,-0.9986455166605417,0.017843711210790956,0.02221772714326693,0.05623683260353478,0.522143017287387,-0.9959686450167973,3.0
106.75611400604248,200.0,38.68,14.12,1067.24,4.32,0.590166525543799,0.5221408789504856,1.8552164494841534,-0.9986455222075692,0.017838684220468217,0.022585559990391777,0.056160319147046785,0.5221408789504856,-0.9959686450167973,2.0
112.237478017807,209.0,46.69565217391305,13.173913043478262,119.08695652173913,4.043478260869565,0.5747997350109288,0.4903375133373426,1.8971041735336556,-0.9987280228394564,0.017838684220468217,0.022327173593842033,0.056160319147046785,0.4903375133373426,-0.9959686450167973,2.0
117.81499099731445,218.0,55.1578947368421,11.052631578947368,239.89473684210526,3.3157894736842106,0.4430363267914171,0.3241259749077258,1.2986858803489838,-0.9991591896887198,0.01381896253156654,0.022292441035360877,0.04678556390755228,0.3241259749077258,-0.9971534877000325,1.0
123.1535849571228,227.0,57.421052631578945,11.368421052631579,248582.15789473685,3.3157894736842106,0.4430363267914171,0.3241259749077258,1.2986858803489838,-0.9991591896887198,0.01381896253156654,0.022333025004023642,0.04678556390755228,0.3241259749077258,-0.9971534877000325,1.0
128.6241660118103,236.0,58.285714285714285,12.238095238095237,268613.0,3.5714285714285716,0.4430363267914171,0.2747256399085824,1.1365197578913637,-0.999287338353941,0.01381896253156654,0.020755004987933753,0.04244116104083617,0.2747256399085824,-0.9971823863020627,1.0
134.08151602745056,245.0,61.523809523809526,12.095238095238095,47634.71428571428,3.4761904761904763,0.4430363267914171,0.2747256399085824,1.1365197578913637,-0.999287338353941,0.01381896253156654,0.020755004987933753,0.04244116104083617,0.2747256399085824,-0.9971823863020627,1.0
139.58855605125427,254.0,70.15,11.75,47942.3,3.35,0.4430363267914171,0.2747256399085824,1.1365197578913637,-0.999287338353941,0.01381896253156654,0.020755004987933753,0.04244116104083617,0.2747256399085824,-0.9971823863020627,1.0
144.89231491088867,263.0,75.47368421052632,11.105263157894736,2.5073437562595464e38,3.210526315789474,0.3811054134457674,0.2600876193066149,1.2014224274688772,-0.9993253106227862,0.012086668700390836,0.019176594249326787,0.04227215556013656,0.2600876193066149,-0.9980348950619514,1.0
150.39473700523376,272.0,70.5,12.181818181818182,1.1738837137815212e19,3.3636363636363638,0.37643740578469004,0.24493346968060464,0.9586706128854061,-0.9993646217741613,0.011960218675364623,0.019176594249326787,0.03250598084873524,0.24493346968060464,-0.9980348950619514,2.0
155.52308988571167,280.0,78.71428571428571,11.761904761904763,1.2297829382473079e19,3.2857142857142856,0.37644280755023685,0.24493288830843957,0.9586703169926736,-0.9993646232822901,0.011960401474861066,0.019176673343853163,0.03250604170068531,0.24493288830843957,-0.9980348950619514,2.0
160.69078302383423,288.0,87.7,11.4,91974.2,3.3,0.3799762398753778,0.22195284729037007,0.9938198082152212,-0.9994242354606944,0.01206177821959552,0.018752561265006077,0.04466154832715971,0.22195284729037007,-0.9980348950619514,1.0
165.92832899093628,296.0,90.3,11.4,91974.2,3.3,0.37997721863972866,0.22195277268996033,0.9938196902166965,-0.9994242356542141,0.012061789573078449,0.018752529544048786,0.04466147956690916,0.22195277268996033,-0.9980348950619514,1.0
171.15215587615967,304.0,95.3,11.4,91974.2,3.3,0.3793708063488573,0.22195269833359582,0.9938194889673468,-0.9994242358471008,0.012038559610548392,0.01875249647881856,0.044661398155806144,0.22195269833359582,-0.9980348950619514,1.0
176.61671805381775,312.0,80.4,12.1,150956.9,3.45,0.37937075388246144,0.2209970444037682,0.9929408418856838,-0.9994267148945714,0.012038557386947722,0.018712443216940176,0.04466127676943742,0.2209970444037682,-0.9980348950619514,1.0
182.02050590515137,320.0,79.23809523809524,12.666666666666666,842819.5714285715,3.619047619047619,0.3629049587852034,0.22099702289801484,0.9929398771862452,-0.9994267149503591,0.011375670554145251,0.011860183225275317,0.04466119638302499,0.22099702289801484,-0.9985406205974786,1.0
187.5584819316864,328.0,76.77272727272727,13.045454545454545,2.1654332440423356e38,3.6363636363636362,0.3624950153671073,0.22099702289801484,0.9183981310986233,-0.9994267149503591,0.011375048724293624,0.01189640198111414,0.03264212382038048,0.22099702289801484,-0.9985406205974786,1.0
193.04798889160156,336.0,85.14285714285714,12.666666666666666,2.2685491128062563e38,3.5238095238095237,0.36229074023495905,0.22099699424304864,0.9183981310986233,-0.9994267150246925,0.011374684488738272,0.011914398884332371,0.03264212382038048,0.22099699424304864,-0.9985406205974786,1.0
198.66582798957825,344.0,79.54166666666667,14.0,7.490388061926316e306,3.7916666666666665,0.3528204707845169,0.20485943710393137,0.9183981310986233,-0.9994685772186906,0.010956858320740337,0.011968182116585381,0.03264212382038048,0.20485943710393137,-0.9985406205974786,2.0
204.31128787994385,352.0,75.65384615384616,14.26923076923077,6.91420436485506e306,3.8461538461538463,0.35282013525308203,0.2046700586276496,0.9183981310986233,-0.9994690684825446,0.0109734673013021,0.012067077730160906,0.03264212382038048,0.2046700586276496,-0.9984828233934183,3.0
209.86933183670044,360.0,80.6923076923077,14.26923076923077,6.91420436485506e306,3.8461538461538463,0.3528199327502395,0.2045796763012114,0.9183981310986233,-0.9994693029419768,0.010990076666420174,0.0121501143677877,0.03264212382038048,0.2045796763012114,-0.9984828233934183,3.0
215.46475481987,368.0,83.5925925925926,14.11111111111111,6.658122721712281e306,3.7777777777777777,0.3515285921247475,0.20456101715982994,0.9183981310986233,-0.9994693513453745,0.010993874428237498,0.014470004713593235,0.03264212382038048,0.20456101715982994,-0.9982949824802225,3.0
221.17347288131714,376.0,85.39285714285714,14.178571428571429,6.420332624508271e306,3.75,0.3515285921247475,0.17882254557007474,0.77222103693137,-0.9995361191269923,0.011222535555335946,0.01624638389224501,0.03264212382038048,0.17882254557007474,-0.9981649387710869,2.0
226.33193802833557,383.0,73.6875,15.8125,Inf,4.09375,0.3198359247956325,0.1788218673590452,0.7724049023707096,-0.9995361208863293,0.010500729332857539,0.016245081077726146,0.025759898627570114,0.1788218673590452,-0.9982660838781924,2.0
231.40303587913513,390.0,81.38709677419355,15.741935483870968,Inf,4.096774193548387,0.31983551171892205,0.171423666733064,0.7725798092498906,-0.9995553124471815,0.010281914510779365,0.014700450343087215,0.026031836725203514,0.171423666733064,-0.9982660838781924,2.0
236.70068502426147,397.0,85.06666666666666,15.566666666666666,Inf,4.066666666666666,0.3198347426852033,0.171423666733064,0.7726361990126804,-0.9995553124471815,0.010281914510779365,0.014700450343087215,0.026031836725203514,0.171423666733064,-0.9982660838781924,2.0
241.92036604881287,404.0,99.12,12.56,3.438318392e8,3.48,0.24882099200858723,0.1491963697859394,0.9715335436624173,-0.999612971943525,0.008277118654142405,0.0098553499461213,0.041255136582018424,0.1491963697859394,-0.9987284615106744,1.0
246.9825839996338,411.0,89.37037037037037,13.555555555555555,6.658122721712281e306,3.7037037037037037,0.24882083541450783,0.1195392250399779,0.9715335436624173,-0.9996899050961754,0.007605470014252697,0.009287873961882196,0.0375485103307098,0.1195392250399779,-0.99885850521981,1.0
252.0168879032135,418.0,84.1,14.566666666666666,5.992310449541053e306,3.9,0.19854997688876552,0.07500769396334014,0.9599883570479584,-0.9998054236704489,0.006100544287523823,0.008097344780087393,0.03412034253532036,0.07500769396334014,-0.999335332153307,1.0
257.12262296676636,425.0,73.51612903225806,14.96774193548387,5.799010112459083e306,3.967741935483871,0.19544105215541968,0.07433056954532095,0.7856633596439195,-0.9998071801887065,0.006058298305015484,0.008473485490867086,0.028060988707975687,0.07433056954532095,-0.999335332153307,1.0
262.2359800338745,432.0,83.92857142857143,13.964285714285714,6.420332624508271e306,3.7142857142857144,0.19544214742239172,0.07433035909147828,0.8352275302905383,-0.9998071807346416,0.006058361362316799,0.008473881919300364,0.026892467364662546,0.07433035909147828,-0.999335332153307,1.0
267.3967590332031,439.0,88.07142857142857,13.964285714285714,6.420332624508271e306,3.7142857142857144,0.19544267699947987,0.07433025786473171,0.8352275302905383,-0.9998071809972324,0.006058391809816848,0.008474073081440853,0.026890601193853596,0.07433025786473171,-0.999335332153307,1.0
272.6068379878998,446.0,102.08,12.92,7.190772539449263e306,3.4,0.19544370143443854,0.07433006308942554,0.8352275302905383,-0.999807181502496,0.0060584506263047745,0.008474441848991432,0.02688523408318082,0.07433006308942554,-0.999335332153307,1.0
277.8707799911499,453.0,101.04,12.92,7.190772539449263e306,3.4,0.1954446813595271,0.07432987814087298,0.8352275302905383,-0.9998071819822684,0.0060585067786112865,0.008474793241159632,0.026878591163890176,0.07432987814087298,-0.999335332153307,1.0
283.08412885665894,460.0,98.77777777777777,13.777777777777779,Inf,3.5185185185185186,0.19544515527591444,0.07432978920331146,0.8200206679638455,-0.9998071822129799,0.006058533894477612,0.008049893621719038,0.026873970113690908,0.07432978920331146,-0.999335332153307,1.0
288.2869210243225,467.0,103.92592592592592,13.777777777777779,Inf,3.5185185185185186,0.19544561882681,0.07432970254742491,0.8200206679638455,-0.9998071824377727,0.006058560390109651,0.008049893621719038,0.02686825757221261,0.07432970254742491,-0.999335332153307,1.0
293.6224009990692,474.0,109.51851851851852,13.777777777777779,Inf,3.5185185185185186,0.19544584679094584,0.07432966005776524,0.8200206679638455,-0.9998071825479945,0.0060585734098914795,0.008049893621719038,0.02686558289787151,0.07432966005776524,-0.999335332153307,1.0
298.9614808559418,481.0,114.0,13.777777777777779,Inf,3.5185185185185186,0.19544651579310737,0.07432953586073746,0.8200206679638455,-0.9998071828701721,0.006058611578444396,0.008049893621719038,0.026860574224034015,0.07432953586073746,-0.999335332153307,1.0
304.2649028301239,488.0,115.64285714285714,14.035714285714286,Inf,3.5714285714285716,0.19544694967495055,0.07432945572339779,0.8200206679638455,-0.9998071830780552,0.006058636299189312,0.008049893621719038,0.02685709912858832,0.07432945572339779,-0.999335332153307,1.0
309.58424186706543,495.0,118.25,14.035714285714286,Inf,3.5714285714285716,0.19688832174290394,0.07402733497130345,0.8200206679638455,-0.9998079668049492,0.006084852661330592,0.008049893621719038,0.026854908860693017,0.07402733497130345,-0.999335332153307,1.0
314.88643193244934,502.0,123.96428571428571,14.035714285714286,Inf,3.5714285714285716,0.19688832174290394,0.07377395655818784,0.8200206679638455,-0.9998086240900758,0.006084852661330592,0.008049893621719038,0.026848903836969217,0.07377395655818784,-0.999335332153307,1.0
320.1710560321808,509.0,129.60714285714286,14.035714285714286,Inf,3.5714285714285716,0.19688832174290394,0.073768089002435,0.8200206679638455,-0.9998086393110137,0.006084852661330592,0.008049893621719038,0.026845337028125707,0.073768089002435,-0.999335332153307,1.0
325.5994749069214,516.0,135.60714285714286,14.035714285714286,Inf,3.5714285714285716,0.19688832174290394,0.0737623123886715,0.8200206679638455,-0.9998086542960405,0.006084852661330592,0.008049893621719038,0.026843674772118322,0.0737623123886715,-0.999335332153307,1.0
331.04594683647156,523.0,140.32142857142858,14.035714285714286,Inf,3.5714285714285716,0.19688832174290394,0.0737580385539864,0.8200206679638455,-0.9998086653827307,0.006084852661330592,0.008049893621719038,0.026842872585698545,0.0737580385539864,-0.999335332153307,1.0
336.48616790771484,530.0,141.82758620689654,14.586206896551724,Inf,3.6206896551724137,0.19688832174290394,0.06869723242212968,0.7436114112674055,-0.9998217935437189,0.006084852661330592,0.008049893621719038,0.027342278588263966,0.06869723242212968,-0.999335332153307,2.0
341.8028898239136,537.0,138.41935483870967,15.0,Inf,3.7096774193548385,0.19688832174290394,0.06869721792513424,0.7436414332249193,-0.9998217935813254,0.006084852661330592,0.008049893621719038,0.027338792073022353,0.06869721792513424,-0.999335332153307,2.0
347.2800669670105,544.0,148.96666666666667,14.866666666666667,Inf,3.7,0.19688832174290394,0.06869721383002543,0.7436511284266167,-0.9998217935919484,0.006084852661330592,0.008049893621719038,0.027076573606446577,0.06869721383002543,-0.999335332153307,2.0
352.7037489414215,551.0,155.3,14.833333333333334,Inf,3.7666666666666666,0.1750290405498313,0.05278459665420381,0.6858012607589075,-0.9998630722725748,0.005304170334413648,0.007364222283216788,0.027687683396720317,0.05278459665420381,-0.9996965646786836,1.0
358.0600800514221,558.0,151.93333333333334,14.8,Inf,3.7666666666666666,0.17483812072551616,0.0527704656044623,0.6866600359603154,-0.9998631089297181,0.005299460588045511,0.007341550052054375,0.027687683396720317,0.0527704656044623,-0.9996965646786836,1.0
363.5445878505707,565.0,158.36666666666667,14.8,Inf,3.7666666666666666,0.17483812072551616,0.0527704656044623,0.6866600359603154,-0.9998631089297181,0.005299460588045511,0.007341550052054375,0.027687683396720317,0.0527704656044623,-0.9996965646786836,1.0
369.09909200668335,572.0,164.76666666666668,14.8,Inf,3.7666666666666666,0.17483812072551616,0.0527704656044623,0.6866600359603154,-0.9998631089297181,0.005299460588045511,0.007341550052054375,0.027687683396720317,0.0527704656044623,-0.9996965646786836,1.0
374.52232098579407,579.0,165.6451612903226,15.03225806451613,Inf,3.806451612903226,0.17483812072551616,0.0527704656044623,0.6866600359603154,-0.9998631089297181,0.005299460588045511,0.007341550052054375,0.027687683396720317,0.0527704656044623,-0.9996965646786836,1.0
379.9744679927826,586.0,171.09677419354838,15.03225806451613,Inf,3.806451612903226,0.17483812072551616,0.0527704656044623,0.6866600359603154,-0.9998631089297181,0.005299460588045511,0.007341550052054375,0.027687683396720317,0.0527704656044623,-0.9996965646786836,1.0
385.51141691207886,593.0,167.0,15.03448275862069,Inf,3.7586206896551726,0.17483812072551616,0.0527704656044623,0.6866600359603154,-0.9998631089297181,0.005299460588045511,0.007341550052054375,0.029968141139122335,0.0527704656044623,-0.9996965646786836,1.0
391.03149604797363,600.0,172.89655172413794,15.03448275862069,Inf,3.7586206896551726,0.17483812072551616,0.0527704656044623,0.6866600359603154,-0.9998631089297181,0.005299460588045511,0.007341550052054375,0.0299846203730559,0.0527704656044623,-0.9996965646786836,1.0
396.70628786087036,607.0,175.58620689655172,15.03448275862069,Inf,3.7586206896551726,0.17483812072551616,0.0527704656044623,0.6866600359603154,-0.9998631089297181,0.005299460588045511,0.007341550052054375,0.030049226690396804,0.0527704656044623,-0.9996965646786836,1.0
402.1675319671631,614.0,170.56666666666666,15.466666666666667,Inf,3.8333333333333335,0.16798245829725594,0.051791792160292296,0.6866600359603154,-0.9998656476917641,0.005299460588045511,0.007260543843687668,0.02849426125042279,0.051791792160292296,-0.9996965646786836,1.0
407.68236684799194,621.0,181.3448275862069,15.068965517241379,Inf,3.793103448275862,0.16798245829725594,0.051791792160292296,0.6866600359603154,-0.9998656476917641,0.005299460588045511,0.007260543843687668,0.02672737518540595,0.051791792160292296,-0.9996965646786836,1.0
413.1753568649292,628.0,181.46666666666667,15.3,Inf,3.8666666666666667,0.16798245829725594,0.051791792160292296,0.6866600359603154,-0.9998656476917641,0.005299460588045511,0.007260543843687668,0.02672737518540595,0.051791792160292296,-0.9996965646786836,1.0
418.76313304901123,635.0,188.23333333333332,15.3,Inf,3.8666666666666667,0.16798245829725594,0.051791792160292296,0.6866600359603154,-0.9998656476917641,0.005299460588045511,0.007260543843687668,0.02672737518540595,0.051791792160292296,-0.9996965646786836,1.0
424.34770703315735,642.0,189.46666666666667,15.3,Inf,3.8666666666666667,0.16798245829725594,0.051791792160292296,0.6866600359603154,-0.9998656476917641,0.005299460588045511,0.007260543843687668,0.02672737518540595,0.051791792160292296,-0.9996965646786836,1.0
430.02299785614014,649.0,189.48387096774192,15.387096774193548,Inf,3.870967741935484,0.16798245829725594,0.051791792160292296,0.6866600359603154,-0.9998656476917641,0.005299460588045511,0.007260543843687668,0.02672737518540595,0.051791792160292296,-0.9996965646786836,1.0
435.69477581977844,656.0,189.625,15.84375,Inf,3.96875,0.16798031952064163,0.051791774872129735,0.6866600359603154,-0.9998656477366111,0.005299460588045511,0.007260543843687668,0.02672737518540595,0.051791774872129735,-0.9996965646786836,1.0
441.4190309047699,663.0,195.6875,15.84375,Inf,3.96875,0.1679784409864434,0.05179174048619608,0.6866600359603154,-0.9998656478258111,0.005299460588045511,0.007260543843687668,0.02672737518540595,0.05179174048619608,-0.9996965646786836,1.0
447.04376101493835,670.0,193.45454545454547,16.151515151515152,Inf,4.0606060606060606,0.1679778252079312,0.051791729193723456,0.6866600359603154,-0.9998656478551048,0.005299460588045511,0.007260543843687668,0.02672737518540595,0.051791729193723456,-0.9996965646786836,1.0
452.4792640209198,677.0,200.5625,15.71875,Inf,3.96875,0.16797600853470707,0.05179169571789275,0.6866600359603154,-0.9998656479419439,0.005299460588045511,0.0072632679663484235,0.028495884197648726,0.05179169571789275,-0.9996965646786836,1.0
458.06702184677124,684.0,199.46875,15.71875,Inf,3.96875,0.16797482294138363,0.051791673789914096,0.6866600359603154,-0.9998656479988269,0.005299460588045511,0.0072637602073176875,0.0284961529926192,0.051791673789914096,-0.9996965646786836,1.0
463.6394748687744,691.0,205.21875,15.71875,Inf,3.96875,0.16797308188362037,0.051791641398623606,0.6866600359603154,-0.9998656480828527,0.005299460588045511,0.007264486799600164,0.02849654719409677,0.051791641398623606,-0.9996965646786836,1.0
469.33692693710327,698.0,211.125,15.71875,Inf,3.96875,0.16797138488413282,0.05179160955112083,0.6866600359603154,-0.9998656481654679,0.005299460588045511,0.0072651994930402145,0.0284969307855527,0.05179160955112083,-0.9996965646786836,1.0
474.9062819480896,705.0,208.09375,15.71875,Inf,3.96875,0.16797027762270597,0.05179158859115034,0.6866600359603154,-0.9998656482198398,0.005299460588045511,0.00726566702311114,0.028497180716762917,0.05179158859115034,-0.9996965646786836,1.0
480.46399092674255,712.0,213.875,15.71875,Inf,3.96875,0.1679686522398911,0.05179155751519685,0.6866600359603154,-0.9998656483004534,0.005299460588045511,0.007266357100922403,0.028497547063603114,0.05179155751519685,-0.9996965646786836,1.0
486.13859581947327,719.0,200.38235294117646,16.235294117647058,Inf,4.147058823529412,0.03665051108819305,0.002390381358921727,0.1479723462180509,-0.9999937991477078,0.0012107847903437884,0.0015849840614725087,0.00666146558119396,0.002390381358921727,-0.9998699562908644,1.0
491.6269769668579,726.0,204.2941176470588,16.235294117647058,Inf,4.147058823529412,0.03665051108819305,0.002390381358921727,0.1479723462180509,-0.9999937991477078,0.0012107847903437884,0.0015849840614725087,0.00666146558119396,0.002390381358921727,-0.9998699562908644,1.0
497.10268092155457,733.0,208.52941176470588,16.235294117647058,Inf,4.147058823529412,0.03665051108819305,0.002390381358921727,0.1479723462180509,-0.9999937991477078,0.0012107847903437884,0.0015849840614725087,0.00666146558119396,0.002390381358921727,-0.9998699562908644,1.0
502.7069020271301,740.0,196.88571428571427,16.6,Inf,4.2,0.03665051108819305,0.002390381358921727,0.1479723462180509,-0.9999937991477078,0.0012107847903437884,0.0015849840614725087,0.00666146558119396,0.002390381358921727,-0.9998699562908644,1.0
508.3890769481659,747.0,186.8,16.6,Inf,4.2,0.03410065585497412,0.0022557903798984635,0.1482243661392424,-0.99999414828814,0.001141088131064595,0.0015479695907718396,0.006610219915004824,0.0022557903798984635,-0.9998844055918795,1.0
513.913822889328,754.0,193.02857142857144,16.6,Inf,4.2,0.03410065585497412,0.0022557903798984635,0.1482243661392424,-0.99999414828814,0.001141088131064595,0.0015479695907718396,0.006610219915004824,0.0022557903798984635,-0.9998844055918795,1.0
519.4951658248901,761.0,196.71428571428572,16.6,Inf,4.2,0.03410065585497412,0.0022557903798984635,0.1482243661392424,-0.99999414828814,0.001141088131064595,0.0015479695907718396,0.006610219915004824,0.0022557903798984635,-0.9998844055918795,1.0
525.1091320514679,768.0,203.0,16.6,Inf,4.2,0.03410065585497412,0.0022557903798984635,0.1482243661392424,-0.99999414828814,0.001141088131064595,0.0015479695907718396,0.006610219915004824,0.0022557903798984635,-0.9998844055918795,1.0
530.5683739185333,775.0,208.37142857142857,16.6,Inf,4.2,0.03375705403154649,0.002235590913584267,0.1485791806117156,-0.9999942006872714,0.0011315714809073177,0.0015327584414574988,0.006567588277658822,0.002235590913584267,-0.9998844055918795,1.0
536.1773910522461,782.0,209.31428571428572,16.6,Inf,4.2,0.03375705403154649,0.002235590913584267,0.1485791806117156,-0.9999942006872714,0.0011315714809073177,0.0015327584414574988,0.006567588277658822,0.002235590913584267,-0.9998844055918795,1.0
541.6196000576019,789.0,212.68571428571428,16.6,Inf,4.2,0.03375705403154649,0.002235590913584267,0.1485791806117156,-0.9999942006872714,0.0011315714809073177,0.0015327584414574988,0.006567588277658822,0.002235590913584267,-0.9998844055918795,1.0
547.2500078678131,796.0,218.74285714285713,16.6,Inf,4.2,0.03375705403154649,0.002235590913584267,0.1485791806117156,-0.9999942006872714,0.0011315714809073177,0.0015327584414574988,0.006567588277658822,0.002235590913584267,-0.9998844055918795,1.0
552.8090319633484,803.0,234.0,15.46875,5.6177910464447366e306,4.03125,0.03375705403154649,0.002235590913584267,0.1485791806117156,-0.9999942006872714,0.0011315714809073177,0.0015327584414574988,0.006567588277658822,0.002235590913584267,-0.9998844055918795,1.0
558.3392150402069,810.0,237.0625,15.46875,5.6177910464447366e306,4.03125,0.03375705403154649,0.002235590913584267,0.1485791806117156,-0.9999942006872714,0.0011315714809073177,0.0015327584414574988,0.006567588277658822,0.002235590913584267,-0.9998844055918795,1.0
563.8978478908539,817.0,243.3125,15.46875,5.6177910464447366e306,4.03125,0.03375705403154649,0.002235590913584267,0.1485791806117156,-0.9999942006872714,0.0011315714809073177,0.0015327584414574988,0.006567588277658822,0.002235590913584267,-0.9998844055918795,1.0
569.4687588214874,824.0,217.0909090909091,15.818181818181818,Inf,4.121212121212121,0.03375705403154649,0.002235590913584267,0.1485791806117156,-0.9999942006872714,0.0011315714809073177,0.0015327584414574988,0.006567588277658822,0.002235590913584267,-0.9998844055918795,1.0
575.0973558425903,831.0,223.0909090909091,15.818181818181818,Inf,4.121212121212121,0.03375705403154649,0.002235590913584267,0.1485791806117156,-0.9999942006872714,0.0011315714809073177,0.0015327584414574988,0.006567588277658822,0.002235590913584267,-0.9998844055918795,1.0
580.6011018753052,838.0,227.15151515151516,15.818181818181818,Inf,4.121212121212121,0.033660602635971155,0.0022293703746379483,0.14855729560276387,-0.9999942168238778,0.0011298013004451036,0.001523216635964068,0.00655820277608727,0.0022293703746379483,-0.9998844055918795,1.0
586.163370847702,845.0,233.06060606060606,15.818181818181818,Inf,4.121212121212121,0.033660602635971155,0.0022293703746379483,0.14855729560276387,-0.9999942168238778,0.0011298013004451036,0.001523216635964068,0.00655820277608727,0.0022293703746379483,-0.9998844055918795,1.0
591.5869688987732,852.0,235.57575757575756,15.818181818181818,Inf,4.121212121212121,0.033660602635971155,0.0022293703746379483,0.14855729560276387,-0.9999942168238778,0.0011298013004451036,0.001523216635964068,0.00655820277608727,0.0022293703746379483,-0.9998844055918795,1.0
597.2297029495239,859.0,237.3939393939394,15.818181818181818,Inf,4.121212121212121,0.033660602635971155,0.0022293703746379483,0.14855729560276387,-0.9999942168238778,0.0011298013004451036,0.001523216635964068,0.00655820277608727,0.0022293703746379483,-0.9998844055918795,1.0
602.8402190208435,866.0,243.3939393939394,15.818181818181818,Inf,4.151515151515151,0.033660602635971155,0.0022293703746379483,0.14855729560276387,-0.9999942168238778,0.0011298013004451036,0.001523216635964068,0.00655820277608727,0.0022293703746379483,-0.9998844055918795,1.0
608.4094409942627,873.0,240.91176470588235,16.058823529411764,Inf,4.176470588235294,0.033660602635971155,0.0022293703746379483,0.14855729560276387,-0.9999942168238778,0.0011298013004451036,0.001523216635964068,0.00655820277608727,0.0022293703746379483,-0.9998844055918795,2.0
614.101851940155,880.0,233.38888888888889,16.27777777777778,Inf,4.194444444444445,0.033660602635971155,0.0022293703746379483,0.14855729560276387,-0.9999942168238778,0.0011298013004451036,0.001523216635964068,0.00655820277608727,0.0022293703746379483,-0.9998844055918795,2.0
619.8006720542908,887.0,230.40540540540542,16.486486486486488,Inf,4.243243243243243,0.033660602635971155,0.0022293703746379483,0.14855729560276387,-0.9999942168238778,0.0011298013004451036,0.001523216635964068,0.00655820277608727,0.0022293703746379483,-0.9998844055918795,2.0
625.5480279922485,894.0,209.74358974358975,17.05128205128205,Inf,4.384615384615385,0.016710155014293758,0.0005156533784972457,0.06560419076101098,-0.9999986623513348,0.0005452923560807372,0.0007235658974627944,0.0026897090698512925,0.0005156533784972457,-0.9999566520969548,2.0
631.1891858577728,901.0,214.51282051282053,17.05128205128205,Inf,4.384615384615385,0.016710155014293758,0.0005156533784972457,0.06560419076101098,-0.9999986623513348,0.0005452923560807372,0.0007235658974627944,0.0026897090698512925,0.0005156533784972457,-0.9999566520969548,2.0
636.2018790245056,907.0,219.89743589743588,17.05128205128205,Inf,4.384615384615385,0.016710155014293758,0.0005156533784972457,0.06560419076101098,-0.9999986623513348,0.0005452923560807372,0.0007235658974627944,0.0026897090698512925,0.0005156533784972457,-0.9999566520969548,2.0
641.8859009742737,914.0,214.05128205128204,17.05128205128205,Inf,4.435897435897436,0.016710155014293758,0.0005156533784972457,0.06560419076101098,-0.9999986623513348,0.0005452923560807372,0.0007235658974627944,0.0026897090698512925,0.0005156533784972457,-0.9999566520969548,2.0
647.5669739246368,921.0,220.30769230769232,17.05128205128205,Inf,4.435897435897436,0.016710155014293758,0.0005156533784972457,0.06560419076101098,-0.9999986623513348,0.0005452923560807372,0.0007235658974627944,0.0026897090698512925,0.0005156533784972457,-0.9999566520969548,2.0
653.1451649665833,928.0,224.64102564102564,17.05128205128205,Inf,4.435897435897436,0.016710155014293758,0.0005156533784972457,0.06560419076101098,-0.9999986623513348,0.0005452923560807372,0.0007235658974627944,0.0026897090698512925,0.0005156533784972457,-0.9999566520969548,2.0
658.8073558807373,935.0,230.7948717948718,17.05128205128205,Inf,4.435897435897436,0.016710155014293758,0.0005156533784972457,0.06560419076101098,-0.9999986623513348,0.0005452923560807372,0.0007235658974627944,0.0026897090698512925,0.0005156533784972457,-0.9999566520969548,2.0
664.5489218235016,942.0,236.89743589743588,17.05128205128205,Inf,4.435897435897436,0.016710155014293758,0.0005156533784972457,0.06560419076101098,-0.9999986623513348,0.0005452923560807372,0.0007235658974627944,0.0026897090698512925,0.0005156533784972457,-0.9999566520969548,2.0
669.5715620517731,948.0,242.0,17.05128205128205,Inf,4.435897435897436,0.016710155014293758,0.0005156533784972457,0.06560419076101098,-0.9999986623513348,0.0005452923560807372,0.0007235658974627944,0.0026897090698512925,0.0005156533784972457,-0.9999566520969548,2.0
675.2945640087128,955.0,248.35897435897436,17.05128205128205,Inf,4.435897435897436,0.016710155014293758,0.0005156533784972457,0.06560419076101098,-0.9999986623513348,0.0005452923560807372,0.0007235658974627944,0.0026897090698512925,0.0005156533784972457,-0.9999566520969548,2.0
681.0482559204102,962.0,252.8421052631579,16.86842105263158,Inf,4.394736842105263,0.016710155014293758,0.0005156533784972457,0.06560419076101098,-0.9999986623513348,0.0005452923560807372,0.0007235658974627944,0.0026897090698512925,0.0005156533784972457,-0.9999566520969548,2.0
686.076712846756,968.0,253.23684210526315,16.86842105263158,Inf,4.394736842105263,0.016710155014293758,0.0005156533784972457,0.06560419076101098,-0.9999986623513348,0.0005452923560807372,0.0007235658974627944,0.0026897090698512925,0.0005156533784972457,-0.9999566520969548,2.0
691.765538930893,975.0,255.92105263157896,16.86842105263158,Inf,4.394736842105263,0.016710155014293758,0.0005156533784972457,0.06560419076101098,-0.9999986623513348,0.0005452923560807372,0.0007235658974627944,0.0026897090698512925,0.0005156533784972457,-0.9999566520969548,2.0
697.5969219207764,982.0,259.7368421052632,16.86842105263158,Inf,4.394736842105263,0.016710155014293758,0.0005156533784972457,0.06560419076101098,-0.9999986623513348,0.0005452923560807372,0.0007235658974627944,0.0026897090698512925,0.0005156533784972457,-0.9999566520969548,2.0
703.4474349021912,989.0,263.7105263157895,16.86842105263158,Inf,4.394736842105263,0.016710155014293758,0.0005156533784972457,0.06560419076101098,-0.9999986623513348,0.0005452923560807372,0.0007235658974627944,0.0026897090698512925,0.0005156533784972457,-0.9999566520969548,2.0
708.5344309806824,995.0,248.52631578947367,16.86842105263158,Inf,4.394736842105263,0.016710155014293758,0.0005156533784972457,0.06560419076101098,-0.9999986623513348,0.0005452923560807372,0.0007235658974627944,0.0026897090698512925,0.0005156533784972457,-0.9999566520969548,2.0
714.3440508842468,1002.0,239.05,17.225,Inf,4.55,0.016710155014293758,0.0005156533784972457,0.06560419076101098,-0.9999986623513348,0.0005452923560807372,0.0007235658974627944,0.0026897090698512925,0.0005156533784972457,-0.9999566520969548,2.0
719.415454864502,1008.0,243.25,17.225,Inf,4.55,0.016710155014293758,0.0005156533784972457,0.06560419076101098,-0.9999986623513348,0.0005452923560807372,0.0007235658974627944,0.0026897090698512925,0.0005156533784972457,-0.9999566520969548,2.0
724.5223250389099,1014.0,241.82926829268294,17.048780487804876,Inf,4.414634146341464,0.016710155014293758,0.0005156533784972457,0.06560419076101098,-0.9999986623513348,0.0005452923560807372,0.0007235658974627944,0.0026897090698512925,0.0005156533784972457,-0.9999566520969548,2.0
729.7261698246002,1020.0,246.26829268292684,16.926829268292682,Inf,4.365853658536586,0.016710155014293758,0.0005156533784972457,0.06560419076101098,-0.9999986623513348,0.0005452923560807372,0.0007235658974627944,0.0026897090698512925,0.0005156533784972457,-0.9999566520969548,2.0
734.883661031723,1026.0,250.78048780487805,16.926829268292682,Inf,4.341463414634147,0.016710155014293758,0.0005156533784972457,0.06560419076101098,-0.9999986623513348,0.0005452923560807372,0.0007235658974627944,0.0026897090698512925,0.0005156533784972457,-0.9999566520969548,2.0
739.9746589660645,1032.0,268.79487179487177,16.53846153846154,Inf,4.3076923076923075,0.016710155014293758,0.0005156533784972457,0.06560419076101098,-0.9999986623513348,0.0005452923560807372,0.0007235658974627944,0.0026897090698512925,0.0005156533784972457,-0.9999566520969548,2.0
745.1810338497162,1038.0,273.8974358974359,16.53846153846154,Inf,4.3076923076923075,0.016710155014293758,0.0005156533784972457,0.06560419076101098,-0.9999986623513348,0.0005452923560807372,0.0007235658974627944,0.0026897090698512925,0.0005156533784972457,-0.9999566520969548,2.0
750.4075980186462,1044.0,278.61538461538464,16.53846153846154,Inf,4.3076923076923075,0.016710155014293758,0.0005156533784972457,0.06560419076101098,-0.9999986623513348,0.0005452923560807372,0.0007235658974627944,0.0026897090698512925,0.0005156533784972457,-0.9999566520969548,2.0
755.6739938259125,1050.0,273.20512820512823,16.76923076923077,Inf,4.358974358974359,0.016710155014293758,0.0005156533784972457,0.06560419076101098,-0.9999986623513348,0.0005452923560807372,0.0007235658974627944,0.0026897090698512925,0.0005156533784972457,-0.9999566520969548,2.0
760.8188478946686,1056.0,278.28205128205127,16.76923076923077,Inf,4.358974358974359,0.016710155014293758,0.0005156533784972457,0.06560419076101098,-0.9999986623513348,0.0005452923560807372,0.0007235658974627944,0.0026897090698512925,0.0005156533784972457,-0.9999566520969548,2.0
765.969260931015,1062.0,280.7692307692308,16.76923076923077,Inf,4.358974358974359,0.016710155014293758,0.0005156533784972457,0.06560419076101098,-0.9999986623513348,0.0005452923560807372,0.0007235658974627944,0.0026897090698512925,0.0005156533784972457,-0.9999566520969548,2.0
771.0272319316864,1068.0,285.79487179487177,16.76923076923077,Inf,4.358974358974359,0.016710155014293758,0.0005156533784972457,0.06560419076101098,-0.9999986623513348,0.0005452923560807372,0.0007235658974627944,0.0026897090698512925,0.0005156533784972457,-0.9999566520969548,2.0
776.1132910251617,1074.0,283.97435897435895,16.76923076923077,Inf,4.358974358974359,0.016710155014293758,0.0005156533784972457,0.06560419076101098,-0.9999986623513348,0.0005452923560807372,0.0007235658974627944,0.0026897090698512925,0.0005156533784972457,-0.9999566520969548,2.0
781.165002822876,1080.0,281.2,17.0,Inf,4.4,0.016710155014293758,0.0005156533784972457,0.06560419076101098,-0.9999986623513348,0.0005452923560807372,0.0007235658974627944,0.0026897090698512925,0.0005156533784972457,-0.9999566520969548,2.0
786.3919930458069,1086.0,294.1578947368421,16.5,4.73077140753241e306,4.2631578947368425,0.016710155014293758,0.0005156533784972457,0.06560419076101098,-0.9999986623513348,0.0005452923560807372,0.0007235658974627944,0.0026897090698512925,0.0005156533784972457,-0.9999566520969548,2.0
791.5681228637695,1092.0,299.44736842105266,16.5,4.73077140753241e306,4.2631578947368425,0.016710155014293758,0.0005156533784972457,0.06560419076101098,-0.9999986623513348,0.0005452923560807372,0.0007235658974627944,0.0026897090698512925,0.0005156533784972457,-0.9999566520969548,2.0
796.7308738231659,1098.0,304.1842105263158,16.5,4.73077140753241e306,4.2631578947368425,0.016710155014293758,0.0005156533784972457,0.06560419076101098,-0.9999986623513348,0.0005452923560807372,0.0007235658974627944,0.0026897090698512925,0.0005156533784972457,-0.9999566520969548,2.0
802.0017669200897,1104.0,308.8157894736842,16.5,4.73077140753241e306,4.2631578947368425,0.016710155014293758,0.0005156533784972457,0.06560419076101098,-0.9999986623513348,0.0005452923560807372,0.0007235658974627944,0.0026897090698512925,0.0005156533784972457,-0.9999566520969548,2.0
807.2779769897461,1110.0,304.6666666666667,16.71794871794872,4.60946957657004e306,4.333333333333333,0.016710155014293758,0.0005156533784972457,0.06560419076101098,-0.9999986623513348,0.0005452923560807372,0.0007235658974627944,0.0026897090698512925,0.0005156533784972457,-0.9999566520969548,2.0
812.6371929645538,1116.0,313.05263157894734,16.763157894736842,4.73077140753241e306,4.394736842105263,0.016710155014293758,0.0005156533784972457,0.06560419076101098,-0.9999986623513348,0.0005452923560807372,0.0007235658974627944,0.0026897090698512925,0.0005156533784972457,-0.9999566520969548,2.0
818.0594708919525,1122.0,310.1794871794872,17.025641025641026,4.60946957657004e306,4.435897435897436,0.016710155014293758,0.0005156533784972457,0.06560419076101098,-0.9999986623513348,0.0005452923560807372,0.0007235658974627944,0.0026897090698512925,0.0005156533784972457,-0.9999566520969548,2.0
823.5256249904633,1128.0,314.71794871794873,17.025641025641026,4.60946957657004e306,4.435897435897436,0.016710155014293758,0.0005156533784972457,0.06560419076101098,-0.9999986623513348,0.0005452923560807372,0.0007235658974627944,0.0026897090698512925,0.0005156533784972457,-0.9999566520969548,2.0
828.9460778236389,1134.0,319.1794871794872,17.025641025641026,4.60946957657004e306,4.410256410256411,0.016710155014293758,0.0005156533784972457,0.06560419076101098,-0.9999986623513348,0.0005452923560807372,0.0007235658974627944,0.0026897090698512925,0.0005156533784972457,-0.9999566520969548,2.0
834.4523069858551,1140.0,330.36842105263156,16.763157894736842,4.73077140753241e306,4.368421052631579,0.016710155014293758,0.0005156533784972457,0.06560419076101098,-0.9999986623513348,0.0005452923560807372,0.0007235658974627944,0.0026897090698512925,0.0005156533784972457,-0.9999566520969548,2.0
839.785943031311,1146.0,335.2368421052632,16.763157894736842,4.73077140753241e306,4.368421052631579,0.016710155014293758,0.0005156533784972457,0.06560419076101098,-0.9999986623513348,0.0005452923560807372,0.0007235658974627944,0.0026897090698512925,0.0005156533784972457,-0.9999566520969548,2.0
845.2256309986115,1152.0,340.2105263157895,16.763157894736842,4.73077140753241e306,4.368421052631579,0.016710155014293758,0.0005156533784972457,0.06560419076101098,-0.9999986623513348,0.0005452923560807372,0.0007235658974627944,0.0026897090698512925,0.0005156533784972457,-0.9999566520969548,2.0
850.6028430461884,1158.0,353.94594594594594,16.513513513513512,4.858630094222475e306,4.324324324324325,0.016710155014293758,0.0005156533784972457,0.06560419076101098,-0.9999986623513348,0.0005452923560807372,0.0007235658974627944,0.0026897090698512925,0.0005156533784972457,-0.9999566520969548,2.0
855.8533809185028,1164.0,368.30555555555554,16.22222222222222,4.9935920412842106e306,4.25,0.016710155014293758,0.0005156533784972457,0.06560419076101098,-0.9999986623513348,0.0005452923560807372,0.0007235658974627944,0.0026897090698512925,0.0005156533784972457,-0.9999566520969548,2.0
861.0626640319824,1170.0,373.8888888888889,16.22222222222222,4.9935920412842106e306,4.25,0.016710155014293758,0.0005156533784972457,0.06560419076101098,-0.9999986623513348,0.0005452923560807372,0.0007235658974627944,0.0026897090698512925,0.0005156533784972457,-0.9999566520969548,2.0
866.441104888916,1176.0,357.60526315789474,16.42105263157895,4.73077140753241e306,4.2894736842105265,0.016710155014293758,0.0005156533784972457,0.06560419076101098,-0.9999986623513348,0.0005452923560807372,0.0007235658974627944,0.0026897090698512925,0.0005156533784972457,-0.9999566520969548,2.0
871.7129130363464,1182.0,362.1578947368421,16.42105263157895,4.73077140753241e306,4.2894736842105265,0.016710155014293758,0.0005156533784972457,0.06560419076101098,-0.9999986623513348,0.0005452923560807372,0.0007235658974627944,0.0026897090698512925,0.0005156533784972457,-0.9999566520969548,2.0
877.0701868534088,1188.0,367.7368421052632,16.42105263157895,4.73077140753241e306,4.2894736842105265,0.016710155014293758,0.0005156533784972457,0.06560419076101098,-0.9999986623513348,0.0005452923560807372,0.0007235658974627944,0.0026897090698512925,0.0005156533784972457,-0.9999566520969548,2.0
882.1956429481506,1194.0,363.2564102564103,16.512820512820515,4.60946957657004e306,4.3076923076923075,0.016710155014293758,0.0005156533784972457,0.06560419076101098,-0.9999986623513348,0.0005452923560807372,0.0007235658974627944,0.0026897090698512925,0.0005156533784972457,-0.9999566520969548,2.0
887.5373589992523,1200.0,368.35897435897436,16.512820512820515,Inf,4.3076923076923075,0.016710155014293758,0.0005156533784972457,0.06560419076101098,-0.9999986623513348,0.0005452923560807372,0.0007235658974627944,0.0026897090698512925,0.0005156533784972457,-0.9999566520969548,2.0
892.9143209457397,1206.0,373.15384615384613,16.512820512820515,Inf,4.3076923076923075,0.016710155014293758,0.0005156533784972457,0.06560419076101098,-0.9999986623513348,0.0005452923560807372,0.0007235658974627944,0.0026897090698512925,0.0005156533784972457,-0.9999566520969548,2.0
898.3946208953857,1212.0,378.71794871794873,16.512820512820515,Inf,4.3076923076923075,0.016710155014293758,0.0005156533784972457,0.06560419076101098,-0.9999986623513348,0.0005452923560807372,0.0007235658974627944,0.0026897090698512925,0.0005156533784972457,-0.9999566520969548,2.0
903.6565020084381,1218.0,352.2162162162162,16.18918918918919,Inf,4.216216216216216,0.016710155014293758,0.0005156533784972457,0.06560419076101098,-0.9999986623513348,0.0005452923560807372,0.0007235658974627944,0.0026897090698512925,0.0005156533784972457,-0.9999566520969548,2.0
909.034432888031,1224.0,357.43243243243245,16.18918918918919,Inf,4.216216216216216,0.016710155014293758,0.0005156533784972457,0.06560419076101098,-0.9999986623513348,0.0005452923560807372,0.0007235658974627944,0.0026897090698512925,0.0005156533784972457,-0.9999566520969548,2.0
914.5660319328308,1230.0,362.7837837837838,16.18918918918919,Inf,4.216216216216216,0.016710155014293758,0.0005156533784972457,0.06560419076101098,-0.9999986623513348,0.0005452923560807372,0.0007235658974627944,0.0026897090698512925,0.0005156533784972457,-0.9999566520969548,2.0
920.0496180057526,1236.0,368.27027027027026,16.18918918918919,Inf,4.216216216216216,0.016710155014293758,0.0005156533784972457,0.06560419076101098,-0.9999986623513348,0.0005452923560807372,0.0007235658974627944,0.0026897090698512925,0.0005156533784972457,-0.9999566520969548,2.0
925.5885639190674,1242.0,362.5945945945946,16.18918918918919,Inf,4.216216216216216,0.016710155014293758,0.0005156533784972457,0.06560419076101098,-0.9999986623513348,0.0005452923560807372,0.0007235658974627944,0.0026897090698512925,0.0005156533784972457,-0.9999566520969548,2.0
930.9935178756714,1248.0,368.1621621621622,16.18918918918919,Inf,4.216216216216216,0.016710155014293758,0.0005156533784972457,0.06560419076101098,-0.9999986623513348,0.0005452923560807372,0.0007235658974627944,0.0026897090698512925,0.0005156533784972457,-0.9999566520969548,2.0
936.5257308483124,1254.0,364.05263157894734,16.5,Inf,4.2894736842105265,0.016710155014293758,0.0005156533784972457,0.06560419076101098,-0.9999986623513348,0.0005452923560807372,0.0007235658974627944,0.0026897090698512925,0.0005156533784972457,-0.9999566520969548,2.0
942.0849280357361,1260.0,368.1578947368421,16.5,Inf,4.2894736842105265,0.016710155014293758,0.0005156533784972457,0.06560419076101098,-0.9999986623513348,0.0005452923560807372,0.0007235658974627944,0.0026897090698512925,0.0005156533784972457,-0.9999566520969548,2.0
947.6641340255737,1266.0,373.36842105263156,16.5,Inf,4.2894736842105265,0.016710155014293758,0.0005156533784972457,0.06560419076101098,-0.9999986623513348,0.0005452923560807372,0.0007235658974627944,0.0026897090698512925,0.0005156533784972457,-0.9999566520969548,2.0
953.1539509296417,1272.0,376.2631578947368,16.5,Inf,4.2894736842105265,0.016710155014293758,0.0005156533784972457,0.06560419076101098,-0.9999986623513348,0.0005450372539013452,0.0007235658974627944,0.002685264357448654,0.0005156533784972457,-0.9999566520969548,2.0
958.6081099510193,1278.0,386.6216216216216,16.54054054054054,Inf,4.297297297297297,0.016710155014293758,0.0005156533784972457,0.06560419076101098,-0.9999986623513348,0.0005450372539013452,0.0007235658974627944,0.002685264357448654,0.0005156533784972457,-0.9999566520969548,2.0
963.9871098995209,1284.0,382.7027027027027,16.54054054054054,Inf,4.297297297297297,0.016710155014293758,0.0005156533784972457,0.06560419076101098,-0.9999986623513348,0.0005449141179778911,0.0007235658974627944,0.0026831177790445624,0.0005156533784972457,-0.9999566520969548,2.0
969.4631769657135,1290.0,387.6756756756757,16.54054054054054,Inf,4.297297297297297,0.016710155014293758,0.0005156533784972457,0.06560419076101098,-0.9999986623513348,0.0005447574327421391,0.0007235658974627944,0.0026809519542380883,0.0005156533784972457,-0.9999566520969548,2.0
974.7990119457245,1296.0,381.64864864864865,16.54054054054054,Inf,4.297297297297297,0.016659311030464138,0.0005146860414705755,0.06565351044422485,-0.9999986648606892,0.0005443152234752823,0.0007168600656591746,0.0026807754083862335,0.0005146860414705755,-0.9999566520969548,2.0
980.1098749637604,1302.0,365.7837837837838,16.54054054054054,Inf,4.297297297297297,0.016659311030464138,0.0005146860414705755,0.06565581579344482,-0.9999986648606892,0.0005443152234752823,0.0007168600656591746,0.0026808652301562905,0.0005146860414705755,-0.9999566520969548,2.0
985.5463948249817,1308.0,370.81081081081084,16.54054054054054,Inf,4.297297297297297,0.016659311030464138,0.0005146860414705755,0.06565830213436286,-0.9999986648606892,0.0005443152234752823,0.0007168600656591746,0.002681192937838884,0.0005146860414705755,-0.9999566520969548,2.0
990.9233548641205,1314.0,375.4594594594595,16.54054054054054,Inf,4.297297297297297,0.016659311030464138,0.0005146860414705755,0.06566082432940235,-0.9999986648606892,0.0005443152234752823,0.0007168600656591746,0.0026816367058224958,0.0005146860414705755,-0.9999566520969548,2.0
996.3690359592438,1320.0,379.6756756756757,16.54054054054054,Inf,4.27027027027027,0.016659311030464138,0.0005146860414705755,0.06566330616274385,-0.9999986648606892,0.0005443152234752823,0.0007168600656591746,0.002682130605746095,0.0005146860414705755,-0.9999566520969548,2.0
1001.7536709308624,1326.0,377.8378378378378,16.54054054054054,Inf,4.27027027027027,0.016659311030464138,0.0005146860414705755,0.06566411708513087,-0.9999986648606892,0.0005443152234752823,0.0007168600656591746,0.0026822996902014164,0.0005146860414705755,-0.9999566520969548,2.0
1007.1768510341644,1332.0,383.4594594594595,16.54054054054054,Inf,4.27027027027027,0.016659311030464138,0.0005146860414705755,0.06566474708493786,-0.9999986648606892,0.0005443152234752823,0.0007168600656591746,0.00268246945869332,0.0005146860414705755,-0.9999566520969548,2.0
1012.5299119949341,1338.0,388.1621621621622,16.54054054054054,Inf,4.27027027027027,0.016659311030464138,0.0005146860414705755,0.06566474708493786,-0.9999986648606892,0.0005443152234752823,0.0007168600656591746,0.0026828085227871596,0.0005146860414705755,-0.9999566520969548,2.0
1018.0704078674316,1344.0,389.86486486486484,16.54054054054054,Inf,4.27027027027027,0.016659311030464138,0.0005146860414705755,0.06566474708493786,-0.9999986648606892,0.0005443152234752823,0.0007168600656591746,0.0026829768573058514,0.0005146860414705755,-0.9999566520969548,2.0
1023.4972410202026,1350.0,376.02777777777777,16.38888888888889,Inf,4.222222222222222,0.016659311030464138,0.0005146860414705755,0.06566474708493786,-0.9999986648606892,0.0005443152234752823,0.0007168600656591746,0.0026904997687507057,0.0005146860414705755,-0.9999566520969548,2.0
1028.9135129451752,1356.0,377.8333333333333,16.38888888888889,Inf,4.222222222222222,0.016659311030464138,0.0005146860414705755,0.06566474708493786,-0.9999986648606892,0.0005443152234752823,0.0007168600656591746,0.0026904997687507057,0.0005146860414705755,-0.9999566520969548,2.0
1034.2407219409943,1362.0,345.30555555555554,16.38888888888889,Inf,4.166666666666667,0.016659311030464138,0.0005146860414705755,0.06566474708493786,-0.9999986648606892,0.0005443152234752823,0.0007168600656591746,0.0026904997687507057,0.0005146860414705755,-0.9999566520969548,2.0
1039.6978378295898,1368.0,350.52777777777777,16.38888888888889,Inf,4.166666666666667,0.016659311030464138,0.0005146860414705755,0.06566474708493786,-0.9999986648606892,0.0005443152234752823,0.0007168600656591746,0.0026904997687507057,0.0005146860414705755,-0.9999566520969548,2.0
1045.0850949287415,1374.0,355.47222222222223,16.38888888888889,Inf,4.166666666666667,0.016659311030464138,0.0005146860414705755,0.06566474708493786,-0.9999986648606892,0.0005443152234752823,0.0007168600656591746,0.0026904997687507057,0.0005146860414705755,-0.9999566520969548,2.0
1050.481859922409,1380.0,356.44444444444446,16.38888888888889,Inf,4.166666666666667,0.016585545077870665,0.0005133797835872523,0.06564750114497286,-0.9999986682492331,0.0005437105801718524,0.0006934570030837793,0.002687497228797464,0.0005133797835872523,-0.9999566520969548,2.0
1055.94149684906,1386.0,356.72222222222223,16.38888888888889,Inf,4.166666666666667,0.016585545077870665,0.0005133797835872523,0.06564750114497286,-0.9999986682492331,0.0005437105801718524,0.0006934570030837793,0.002687497228797464,0.0005133797835872523,-0.9999566520969548,2.0
1061.400356054306,1392.0,361.6666666666667,16.38888888888889,Inf,4.166666666666667,0.016585545077870665,0.0005133797835872523,0.06564750114497286,-0.9999986682492331,0.0005437105801718524,0.0006934570030837793,0.002687497228797464,0.0005133797835872523,-0.9999566520969548,2.0
1066.9436559677124,1398.0,347.8157894736842,16.81578947368421,Inf,4.2368421052631575,0.016585545077870665,0.0005133797835872523,0.06564750114497286,-0.9999986682492331,0.0005437105801718524,0.0006934570030837793,0.002687497228797464,0.0005133797835872523,-0.9999566520969548,2.0
1072.449501991272,1404.0,352.6578947368421,16.81578947368421,Inf,4.2368421052631575,0.016585545077870665,0.0005133797835872523,0.06564750114497286,-0.9999986682492331,0.0005437105801718524,0.0006934570030837793,0.002687497228797464,0.0005133797835872523,-0.9999566520969548,2.0
1077.9735329151154,1410.0,357.92105263157896,16.81578947368421,Inf,4.2368421052631575,0.016585545077870665,0.0005133797835872523,0.06564750114497286,-0.9999986682492331,0.0005437105801718524,0.0006934570030837793,0.002687497228797464,0.0005133797835872523,-0.9999566520969548,2.0
1083.3282358646393,1416.0,333.2307692307692,17.153846153846153,Inf,4.333333333333333,0.016585545077870665,0.0005133797835872523,0.06564750114497286,-0.9999986682492331,0.0005437105801718524,0.0006934570030837793,0.002687497228797464,0.0005133797835872523,-0.9999566520969548,2.0
1088.7728388309479,1422.0,338.43589743589746,17.153846153846153,Inf,4.333333333333333,0.016585545077870665,0.0005133797835872523,0.06564750114497286,-0.9999986682492331,0.0005437105801718524,0.0006934570030837793,0.002687497228797464,0.0005133797835872523,-0.9999566520969548,2.0
1094.243171930313,1428.0,343.53846153846155,17.153846153846153,Inf,4.333333333333333,0.016585545077870665,0.0005133797835872523,0.06564750114497286,-0.9999986682492331,0.0005437105801718524,0.0006934570030837793,0.002687497228797464,0.0005133797835872523,-0.9999566520969548,2.0
1099.6429748535156,1434.0,345.3333333333333,17.153846153846153,Inf,4.333333333333333,0.016585545077870665,0.0005133797835872523,0.06564750114497286,-0.9999986682492331,0.0005437105801718524,0.0006934570030837793,0.002687497228797464,0.0005133797835872523,-0.9999566520969548,2.0
1104.893005847931,1440.0,331.84615384615387,17.153846153846153,Inf,4.333333333333333,0.016585545077870665,0.0005133797835872523,0.06564750114497286,-0.9999986682492331,0.0005437105801718524,0.0006934570030837793,0.002687497228797464,0.0005133797835872523,-0.9999566520969548,2.0
1110.3594870567322,1446.0,336.61538461538464,17.153846153846153,Inf,4.333333333333333,0.016585545077870665,0.0005133797835872523,0.06564750114497286,-0.9999986682492331,0.0005437105801718524,0.0006934570030837793,0.002687497228797464,0.0005133797835872523,-0.9999566520969548,2.0
1115.8990960121155,1452.0,341.71794871794873,17.153846153846153,Inf,4.333333333333333,0.016585545077870665,0.0005133797835872523,0.06564750114497286,-0.9999986682492331,0.0005437105801718524,0.0006934570030837793,0.002687497228797464,0.0005133797835872523,-0.9999566520969548,2.0
1121.3840470314026,1458.0,346.9230769230769,17.153846153846153,Inf,4.333333333333333,0.016585545077870665,0.0005133797835872523,0.06564750114497286,-0.9999986682492331,0.0005437105801718524,0.0006934570030837793,0.002687497228797464,0.0005133797835872523,-0.9999566520969548,2.0
1126.966502904892,1464.0,349.1794871794872,17.153846153846153,Inf,4.333333333333333,0.016585545077870665,0.0005133797835872523,0.06564750114497286,-0.9999986682492331,0.0005437105801718524,0.0006934570030837793,0.002687497228797464,0.0005133797835872523,-0.9999566520969548,2.0
1132.343071937561,1470.0,354.5128205128205,17.153846153846153,Inf,4.333333333333333,0.016585545077870665,0.0005133797835872523,0.06564750114497286,-0.9999986682492331,0.0005437105801718524,0.0006934570030837793,0.002687497228797464,0.0005133797835872523,-0.9999566520969548,2.0
1137.7414610385895,1476.0,359.3333333333333,17.153846153846153,Inf,4.333333333333333,0.016585545077870665,0.0005133797835872523,0.06564750114497286,-0.9999986682492331,0.0005437105801718524,0.0006934570030837793,0.002687497228797464,0.0005133797835872523,-0.9999566520969548,2.0
1143.1110019683838,1482.0,364.5897435897436,17.153846153846153,Inf,4.333333333333333,0.016585545077870665,0.0005133797835872523,0.06564750114497286,-0.9999986682492331,0.0005437105801718524,0.0006934570030837793,0.002687497228797464,0.0005133797835872523,-0.9999566520969548,2.0
1148.4859368801117,1488.0,360.575,17.1,Inf,4.325,0.016585545077870665,0.0005133797835872523,0.06564750114497286,-0.9999986682492331,0.0005437105801718524,0.0006934570030837793,0.002687497228797464,0.0005133797835872523,-0.9999566520969548,2.0
1153.9199299812317,1494.0,361.55,17.1,Inf,4.325,0.016585545077870665,0.0005133797835872523,0.06564750114497286,-0.9999986682492331,0.0005437105801718524,0.0006934570030837793,0.002687497228797464,0.0005133797835872523,-0.9999566520969548,2.0
1159.4862220287323,1500.0,366.85,17.1,Inf,4.325,0.016585545077870665,0.0005133797835872523,0.06564750114497286,-0.9999986682492331,0.0005437105801718524,0.0006934570030837793,0.002687497228797464,0.0005133797835872523,-0.9999566520969548,2.0
1164.9267988204956,1506.0,368.15,17.1,Inf,4.325,0.016585545077870665,0.0005133797835872523,0.06564750114497286,-0.9999986682492331,0.0005437105801718524,0.0006934570030837793,0.002687497228797464,0.0005133797835872523,-0.9999566520969548,2.0
1170.4006419181824,1512.0,365.55,17.1,Inf,4.35,0.016585545077870665,0.0005133797835872523,0.06564750114497286,-0.9999986682492331,0.0005437105801718524,0.0006934570030837793,0.002687497228797464,0.0005133797835872523,-0.9999566520969548,2.0
1175.6477818489075,1518.0,359.8048780487805,17.21951219512195,Inf,4.365853658536586,0.016585545077870665,0.0005133797835872523,0.06564750114497286,-0.9999986682492331,0.0005437105801718524,0.0006934570030837793,0.002687497228797464,0.0005133797835872523,-0.9999566520969548,2.0
1180.8160939216614,1524.0,362.0,17.21951219512195,Inf,4.365853658536586,0.016585545077870665,0.0005133797835872523,0.06564750114497286,-0.9999986682492331,0.0005437105801718524,0.0006934570030837793,0.002687497228797464,0.0005133797835872523,-0.9999566520969548,2.0
1186.1458990573883,1530.0,367.0243902439024,17.21951219512195,Inf,4.341463414634147,0.016585545077870665,0.0005133797835872523,0.06564750114497286,-0.9999986682492331,0.0005437105801718524,0.0006934570030837793,0.002687497228797464,0.0005133797835872523,-0.9999566520969548,2.0
1191.3262870311737,1536.0,363.6904761904762,17.5,Inf,4.428571428571429,0.016585545077870665,0.0005133797835872523,0.06564750114497286,-0.9999986682492331,0.0005437105801718524,0.0006934570030837793,0.002687497228797464,0.0005133797835872523,-0.9999566520969548,2.0
1196.4531819820404,1542.0,365.85714285714283,17.5,Inf,4.428571428571429,0.016585545077870665,0.0005133797835872523,0.06564750114497286,-0.9999986682492331,0.0005437105801718524,0.0006934570030837793,0.002687497228797464,0.0005133797835872523,-0.9999566520969548,2.0
1201.6860630512238,1548.0,371.3095238095238,17.5,Inf,4.428571428571429,0.016585545077870665,0.0005133797835872523,0.06564750114497286,-0.9999986682492331,0.0005437105801718524,0.0006934570030837793,0.002687497228797464,0.0005133797835872523,-0.9999566520969548,2.0
1206.862298965454,1554.0,371.14285714285717,17.5,Inf,4.428571428571429,0.016585545077870665,0.0005133797835872523,0.06564750114497286,-0.9999986682492331,0.0005437105801718524,0.0006934570030837793,0.002687497228797464,0.0005133797835872523,-0.9999566520969548,2.0
1212.1075179576874,1560.0,376.2142857142857,17.5,Inf,4.428571428571429,0.016585545077870665,0.0005133797835872523,0.06564750114497286,-0.9999986682492331,0.0005437105801718524,0.0006934570030837793,0.002687497228797464,0.0005133797835872523,-0.9999566520969548,2.0
1217.2612359523773,1566.0,381.54761904761904,17.5,Inf,4.428571428571429,0.016585545077870665,0.0005133797835872523,0.06564750114497286,-0.9999986682492331,0.0005437105801718524,0.0006934570030837793,0.002687497228797464,0.0005133797835872523,-0.9999566520969548,2.0
1222.405236005783,1572.0,361.5581395348837,17.790697674418606,Inf,4.511627906976744,0.016039037486391,0.0004551498399834748,0.05798291760106977,-0.9999988193026531,0.000521417608325834,0.0006934570030837793,0.002687497228797464,0.0004551498399834748,-0.9999566520969548,2.0
1227.6969058513641,1578.0,366.6046511627907,17.790697674418606,Inf,4.511627906976744,0.016039037486391,0.0004551498399834748,0.05798291760106977,-0.9999988193026531,0.000521417608325834,0.0006934570030837793,0.002687497228797464,0.0004551498399834748,-0.9999566520969548,2.0
1232.9245688915253,1584.0,348.5813953488372,17.790697674418606,Inf,4.511627906976744,0.016039037486391,0.0004551498399834748,0.05798291760106977,-0.9999988193026531,0.000521417608325834,0.0006934570030837793,0.002687497228797464,0.0004551498399834748,-0.9999566520969548,2.0
1238.2498450279236,1590.0,340.8837209302326,17.790697674418606,Inf,4.511627906976744,0.016039037486391,0.0004551498399834748,0.05798291760106977,-0.9999988193026531,0.000521417608325834,0.0006934570030837793,0.002687497228797464,0.0004551498399834748,-0.9999566520969548,2.0
1243.5563609600067,1596.0,345.8837209302326,17.790697674418606,Inf,4.511627906976744,0.016039037486391,0.0004551498399834748,0.05798291760106977,-0.9999988193026531,0.000521417608325834,0.0006934570030837793,0.002687497228797464,0.0004551498399834748,-0.9999566520969548,2.0
1248.8302199840546,1602.0,350.86046511627904,17.790697674418606,Inf,4.511627906976744,0.016039037486391,0.0004551498399834748,0.05798291760106977,-0.9999988193026531,0.000521417608325834,0.0006934570030837793,0.00266643672773625,0.0004551498399834748,-0.9999566520969548,2.0
1254.0448379516602,1608.0,355.30232558139534,17.790697674418606,Inf,4.511627906976744,0.016039037486391,0.0004551498399834748,0.05798291760106977,-0.9999988193026531,0.000521417608325834,0.0006934570030837793,0.002687497228797464,0.0004551498399834748,-0.9999566520969548,2.0
1259.3713958263397,1614.0,360.5813953488372,17.790697674418606,Inf,4.511627906976744,0.016039037486391,0.0004551498399834748,0.05798291760106977,-0.9999988193026531,0.000521417608325834,0.0006934570030837793,0.002687497228797464,0.0004551498399834748,-0.9999566520969548,2.0
1264.6585948467255,1620.0,365.90697674418607,17.790697674418606,Inf,4.511627906976744,0.016039037486391,0.0004551498399834748,0.05798291760106977,-0.9999988193026531,0.000521417608325834,0.0006934570030837793,0.002687497228797464,0.0004551498399834748,-0.9999566520969548,2.0
1269.955267906189,1626.0,370.6046511627907,17.790697674418606,Inf,4.511627906976744,0.016039037486391,0.0004551498399834748,0.05798291760106977,-0.9999988193026531,0.000521417608325834,0.0006934570030837793,0.002687497228797464,0.0004551498399834748,-0.9999566520969548,2.0
1275.225653886795,1632.0,371.8095238095238,17.61904761904762,Inf,4.4523809523809526,0.016039037486391,0.0004551498399834748,0.05798291760106977,-0.9999988193026531,0.000521417608325834,0.0006934570030837793,0.002687497228797464,0.0004551498399834748,-0.9999566520969548,2.0
1280.4919810295105,1638.0,376.07142857142856,17.61904761904762,Inf,4.4523809523809526,0.016039037486391,0.0004551498399834748,0.05798291760106977,-0.9999988193026531,0.000521417608325834,0.0006934570030837793,0.002687497228797464,0.0004551498399834748,-0.9999566520969548,2.0
1285.8298280239105,1644.0,378.57142857142856,17.61904761904762,Inf,4.4523809523809526,0.016039037486391,0.0004551498399834748,0.05798291760106977,-0.9999988193026531,0.000521417608325834,0.0006934570030837793,0.002687497228797464,0.0004551498399834748,-0.9999566520969548,2.0
1291.0475778579712,1650.0,383.6666666666667,17.61904761904762,Inf,4.4523809523809526,0.016039037486391,0.0004551498399834748,0.05798291760106977,-0.9999988193026531,0.000521417608325834,0.0006934570030837793,0.002687497228797464,0.0004551498399834748,-0.9999566520969548,2.0
1296.3169219493866,1656.0,380.3095238095238,17.61904761904762,Inf,4.4523809523809526,0.016039037486391,0.0004551498399834748,0.05798291760106977,-0.9999988193026531,0.000521417608325834,0.0006934570030837793,0.002687497228797464,0.0004551498399834748,-0.9999566520969548,2.0
1301.4508328437805,1662.0,385.8095238095238,17.61904761904762,Inf,4.4523809523809526,0.016039037486391,0.0004551498399834748,0.05798291760106977,-0.9999988193026531,0.000521417608325834,0.0006934570030837793,0.002687497228797464,0.0004551498399834748,-0.9999566520969548,2.0
1306.8305609226227,1668.0,388.8809523809524,17.61904761904762,Inf,4.4523809523809526,0.01602147516713592,0.00045466710062516224,0.058003084822065176,-0.99999882055492,0.0005213876944260849,0.0006934570030837793,0.002687497228797464,0.00045466710062516224,-0.9999566520969548,2.0
1312.0185928344727,1674.0,394.4047619047619,17.61904761904762,Inf,4.4523809523809526,0.01602147516713592,0.00045466710062516224,0.058003084822065176,-0.99999882055492,0.0005213876944260849,0.0006934570030837793,0.002687497228797464,0.00045466710062516224,-0.9999566520969548,2.0
1317.3316450119019,1680.0,400.5609756097561,17.317073170731707,Inf,4.365853658536586,0.015325098498935135,0.0004328620551808043,0.06274395037643643,-0.9999988771190601,0.0005089255986938843,0.0006261067012770874,0.0026018339147256295,0.0004328620551808043,-0.9999566520969548,2.0
1322.636018037796,1686.0,406.0,17.317073170731707,Inf,4.365853658536586,0.015312702863751651,0.000432521250526095,0.06280871334302063,-0.9999988780031362,0.0005091142879409702,0.0006294407378432249,0.0026047783285274456,0.000432521250526095,-0.9999566520969548,2.0
1328.0982489585876,1692.0,411.4146341463415,17.317073170731707,Inf,4.365853658536586,0.015312702863751651,0.000432521250526095,0.06280871334302063,-0.9999988780031362,0.0005091142879409702,0.0006294407378432249,0.0026047783285274456,0.000432521250526095,-0.9999566520969548,2.0
1333.5009999275208,1698.0,416.7560975609756,17.317073170731707,Inf,4.365853658536586,0.015312702863751651,0.000432521250526095,0.06280871334302063,-0.9999988780031362,0.0005091142879409702,0.0006294407378432249,0.0026047783285274456,0.000432521250526095,-0.9999566520969548,2.0
1338.8390109539032,1704.0,422.0975609756098,17.317073170731707,Inf,4.365853658536586,0.015312702863751651,0.000432521250526095,0.06280871334302063,-0.9999988780031362,0.0005091142879409702,0.0006294407378432249,0.0026047783285274456,0.000432521250526095,-0.9999566520969548,2.0
1344.1387078762054,1710.0,427.5365853658537,17.317073170731707,Inf,4.365853658536586,0.015312702863751651,0.000432521250526095,0.06280871334302063,-0.9999988780031362,0.0005091142879409702,0.0006294407378432249,0.0026047783285274456,0.000432521250526095,-0.9999566520969548,2.0
1349.5587038993835,1716.0,433.0,17.317073170731707,Inf,4.365853658536586,0.015312702863751651,0.000432521250526095,0.06280871334302063,-0.9999988780031362,0.0005091142879409702,0.0006294407378432249,0.0026047783285274456,0.000432521250526095,-0.9999566520969548,2.0
1354.9166169166565,1722.0,430.4634146341463,17.317073170731707,Inf,4.365853658536586,0.015312702863751651,0.000432521250526095,0.06280871334302063,-0.9999988780031362,0.0005091142879409702,0.0006294407378432249,0.0026047783285274456,0.000432521250526095,-0.9999566520969548,2.0
1360.1106970310211,1728.0,435.9268292682927,17.317073170731707,Inf,4.365853658536586,0.015312702863751651,0.000432521250526095,0.06280871334302063,-0.9999988780031362,0.0005091142879409702,0.0006294407378432249,0.0026047783285274456,0.000432521250526095,-0.9999566520969548,2.0
1365.417522907257,1734.0,438.390243902439,17.317073170731707,Inf,4.365853658536586,0.015312702863751651,0.000432521250526095,0.06280871334302063,-0.9999988780031362,0.0005091142879409702,0.0006294407378432249,0.0026047783285274456,0.000432521250526095,-0.9999566520969548,2.0
1370.7710819244385,1740.0,443.780487804878,17.317073170731707,Inf,4.365853658536586,0.015312702863751651,0.000432521250526095,0.06280871334302063,-0.9999988780031362,0.0005091142879409702,0.0006294407378432249,0.0026047783285274456,0.000432521250526095,-0.9999566520969548,2.0
1376.0601890087128,1746.0,443.5853658536585,17.317073170731707,Inf,4.365853658536586,0.015312702863751651,0.000432521250526095,0.06280871334302063,-0.9999988780031362,0.0005091142879409702,0.0006294407378432249,0.0026047783285274456,0.000432521250526095,-0.9999566520969548,2.0
1381.3379139900208,1752.0,431.780487804878,17.317073170731707,Inf,4.365853658536586,0.015312702863751651,0.000432521250526095,0.06280871334302063,-0.9999988780031362,0.0005091142879409702,0.0006294407378432249,0.0026047783285274456,0.000432521250526095,-0.9999566520969548,2.0
1386.5504410266876,1758.0,429.3414634146341,17.317073170731707,Inf,4.365853658536586,0.015312702863751651,0.000432521250526095,0.06280871334302063,-0.9999988780031362,0.0005091142879409702,0.0006294407378432249,0.0026047783285274456,0.000432521250526095,-0.9999566520969548,2.0
1391.6415178775787,1764.0,434.7317073170732,17.317073170731707,Inf,4.365853658536586,0.015312702863751651,0.000432521250526095,0.06280871334302063,-0.9999988780031362,0.0005091142879409702,0.0006294407378432249,0.0026047783285274456,0.000432521250526095,-0.9999566520969548,2.0
1396.9319429397583,1770.0,440.0243902439024,17.317073170731707,Inf,4.365853658536586,0.015312702863751651,0.000432521250526095,0.06280871334302063,-0.9999988780031362,0.0005091142879409702,0.0006294407378432249,0.0026047783285274456,0.000432521250526095,-0.9999566520969548,2.0
1402.1534328460693,1776.0,440.1219512195122,17.317073170731707,Inf,4.365853658536586,0.015312702863751651,0.000432521250526095,0.06280871334302063,-0.9999988780031362,0.0005091142879409702,0.0006294407378432249,0.0026047783285274456,0.000432521250526095,-0.9999566520969548,2.0
1407.4436988830566,1782.0,435.575,17.2,Inf,4.375,0.015312702863751651,0.000432521250526095,0.06280871334302063,-0.9999988780031362,0.0005091142879409702,0.0006294407378432249,0.0026047783285274456,0.000432521250526095,-0.9999566520969548,2.0
1412.6398038864136,1788.0,429.0,17.146341463414632,Inf,4.365853658536586,0.015312702863751651,0.000432521250526095,0.06280871334302063,-0.9999988780031362,0.0005091142879409702,0.0006294407378432249,0.0026047783285274456,0.000432521250526095,-0.9999566520969548,2.0
1417.9768209457397,1794.0,434.2926829268293,17.146341463414632,Inf,4.365853658536586,0.015312702863751651,0.000432521250526095,0.06280871334302063,-0.9999988780031362,0.0005091142879409702,0.0006294407378432249,0.0026047783285274456,0.000432521250526095,-0.9999566520969548,2.0
1423.2934679985046,1800.0,438.8292682926829,17.146341463414632,Inf,4.365853658536586,0.015312702863751651,0.000432521250526095,0.06280871334302063,-0.9999988780031362,0.0005091142879409702,0.0006294407378432249,0.0026047783285274456,0.000432521250526095,-0.9999566520969548,2.0
1428.6189119815826,1806.0,444.4878048780488,17.146341463414632,Inf,4.365853658536586,0.015312702863751651,0.000432521250526095,0.06280871334302063,-0.9999988780031362,0.0005091142879409702,0.0006294407378432249,0.0026047783285274456,0.000432521250526095,-0.9999566520969548,2.0
1433.9423258304596,1812.0,450.1219512195122,17.146341463414632,Inf,4.365853658536586,0.015312702863751651,0.000432521250526095,0.06280871334302063,-0.9999988780031362,0.0005091142879409702,0.0006294407378432249,0.0026047783285274456,0.000432521250526095,-0.9999566520969548,2.0
1439.2126309871674,1818.0,452.390243902439,17.146341463414632,Inf,4.365853658536586,0.015312702863751651,0.000432521250526095,0.06280871334302063,-0.9999988780031362,0.0005091142879409702,0.0006294407378432249,0.0026047783285274456,0.000432521250526095,-0.9999566520969548,2.0
1444.3407490253448,1824.0,457.7317073170732,17.146341463414632,Inf,4.365853658536586,0.015312702863751651,0.000432521250526095,0.06280871334302063,-0.9999988780031362,0.0005091142879409702,0.0006294407378432249,0.0026047783285274456,0.000432521250526095,-0.9999566520969548,2.0
1449.5036549568176,1830.0,455.8292682926829,17.146341463414632,Inf,4.365853658536586,0.015312702863751651,0.000432521250526095,0.06280871334302063,-0.9999988780031362,0.0005091142879409702,0.0006294407378432249,0.0026047783285274456,0.000432521250526095,-0.9999566520969548,2.0
1454.6372230052948,1836.0,454.2682926829268,17.146341463414632,Inf,4.365853658536586,0.015312702863751651,0.000432521250526095,0.06280871334302063,-0.9999988780031362,0.0005091142879409702,0.0006294407378432249,0.0026047783285274456,0.000432521250526095,-0.9999566520969548,2.0
1459.7849378585815,1842.0,459.8048780487805,17.146341463414632,Inf,4.365853658536586,0.015312702863751651,0.000432521250526095,0.06280871334302063,-0.9999988780031362,0.0005091142879409702,0.0006294407378432249,0.0026047783285274456,0.000432521250526095,-0.9999566520969548,2.0
1464.957466840744,1848.0,465.1219512195122,17.146341463414632,Inf,4.365853658536586,0.015312702863751651,0.000432521250526095,0.06280871334302063,-0.9999988780031362,0.0005091142879409702,0.0006294407378432249,0.0026047783285274456,0.000432521250526095,-0.9999566520969548,2.0
1470.0712628364563,1854.0,467.2682926829268,17.146341463414632,Inf,4.365853658536586,0.015312702863751651,0.000432521250526095,0.06280871334302063,-0.9999988780031362,0.0005091142879409702,0.0006294407378432249,0.0026047783285274456,0.000432521250526095,-0.9999566520969548,2.0
1475.387358903885,1860.0,473.0487804878049,17.146341463414632,Inf,4.365853658536586,0.015312702863751651,0.000432521250526095,0.06280871334302063,-0.9999988780031362,0.0005091142879409702,0.0006294407378432249,0.0026047783285274456,0.000432521250526095,-0.9999566520969548,2.0
1480.6465718746185,1866.0,476.4878048780488,17.146341463414632,Inf,4.365853658536586,0.015312702863751651,0.000432521250526095,0.06280871334302063,-0.9999988780031362,0.0005091142879409702,0.0006294407378432249,0.0026047783285274456,0.000432521250526095,-0.9999566520969548,2.0
1485.8177700042725,1872.0,481.9268292682927,17.146341463414632,Inf,4.365853658536586,0.015312702863751651,0.000432521250526095,0.06280871334302063,-0.9999988780031362,0.0005091142879409702,0.0006294407378432249,0.0026047783285274456,0.000432521250526095,-0.9999566520969548,2.0
1490.8808679580688,1878.0,484.2682926829268,17.146341463414632,Inf,4.365853658536586,0.015312702863751651,0.000432521250526095,0.06280871334302063,-0.9999988780031362,0.0005091142879409702,0.0006294407378432249,0.0026047783285274456,0.000432521250526095,-0.9999566520969548,2.0
1496.0833208560944,1884.0,485.1951219512195,17.146341463414632,Inf,4.365853658536586,0.015313105025069232,0.00043248229230238166,0.0627964344124301,-0.9999988781041972,0.0005091114717472334,0.000629260650064992,0.002604326937436927,0.00043248229230238166,-0.9999566520969548,2.0
1501.3227388858795,1890.0,490.7073170731707,17.146341463414632,Inf,4.365853658536586,0.015313105025069232,0.00043248229230238166,0.0627964344124301,-0.9999988781041972,0.0005091114717472334,0.000629260650064992,0.002604326937436927,0.00043248229230238166,-0.9999566520969548,2.0
1506.607472896576,1896.0,483.219512195122,17.146341463414632,Inf,4.365853658536586,0.015313105025069232,0.00043248229230238166,0.0627964344124301,-0.9999988781041972,0.0005091114717472334,0.000629260650064992,0.002604326937436927,0.00043248229230238166,-0.9999566520969548,2.0
1511.6696269512177,1902.0,488.9024390243902,17.146341463414632,Inf,4.365853658536586,0.015313105025069232,0.00043248229230238166,0.0627964344124301,-0.9999988781041972,0.0005091114717472334,0.000629260650064992,0.002604326937436927,0.00043248229230238166,-0.9999566520969548,2.0
1516.795189857483,1908.0,494.5609756097561,17.146341463414632,Inf,4.365853658536586,0.015313105025069232,0.00043248229230238166,0.0627964344124301,-0.9999988781041972,0.0005091114717472334,0.000629260650064992,0.002604326937436927,0.00043248229230238166,-0.9999566520969548,2.0
1521.9133269786835,1914.0,498.3658536585366,17.146341463414632,Inf,4.365853658536586,0.015313105025069232,0.00043248229230238166,0.0627964344124301,-0.9999988781041972,0.0005091114717472334,0.000629260650064992,0.002604326937436927,0.00043248229230238166,-0.9999566520969548,2.0
1527.121314048767,1920.0,504.0243902439024,17.146341463414632,Inf,4.365853658536586,0.015313105025069232,0.00043248229230238166,0.0627964344124301,-0.9999988781041972,0.0005091114717472334,0.000629260650064992,0.002604326937436927,0.00043248229230238166,-0.9999566520969548,2.0
1532.3094499111176,1926.0,509.7073170731707,17.146341463414632,Inf,4.365853658536586,0.015313105025069232,0.00043248229230238166,0.0627964344124301,-0.9999988781041972,0.0005091114717472334,0.000629260650064992,0.002604326937436927,0.00043248229230238166,-0.9999566520969548,2.0
1537.611398935318,1932.0,503.1463414634146,17.146341463414632,Inf,4.365853658536586,0.015313105025069232,0.00043248229230238166,0.0627964344124301,-0.9999988781041972,0.0005091114717472334,0.000629260650064992,0.002604326937436927,0.00043248229230238166,-0.9999566520969548,2.0
1542.74253988266,1938.0,508.5365853658537,17.146341463414632,Inf,4.365853658536586,0.015313105025069232,0.00043248229230238166,0.0627964344124301,-0.9999988781041972,0.0005091114717472334,0.000629260650064992,0.002604326937436927,0.00043248229230238166,-0.9999566520969548,2.0
1547.8204579353333,1944.0,486.5365853658537,17.146341463414632,Inf,4.365853658536586,0.015313105025069232,0.00043248229230238166,0.0627964344124301,-0.9999988781041972,0.0005091114717472334,0.000629260650064992,0.002604326937436927,0.00043248229230238166,-0.9999566520969548,2.0
1552.9624209403992,1950.0,492.3170731707317,17.146341463414632,Inf,4.365853658536586,0.015313105025069232,0.00043248229230238166,0.0627964344124301,-0.9999988781041972,0.0005091114717472334,0.000629260650064992,0.002604326937436927,0.00043248229230238166,-0.9999566520969548,2.0
1558.1238729953766,1956.0,498.0487804878049,17.146341463414632,Inf,4.365853658536586,0.015313105025069232,0.00043248229230238166,0.0627964344124301,-0.9999988781041972,0.0005091114717472334,0.000629260650064992,0.002604326937436927,0.00043248229230238166,-0.9999566520969548,2.0
1563.2649278640747,1962.0,500.2926829268293,17.146341463414632,Inf,4.365853658536586,0.015313105025069232,0.00043248229230238166,0.0627964344124301,-0.9999988781041972,0.0005091114717472334,0.000629260650064992,0.002604326937436927,0.00043248229230238166,-0.9999566520969548,2.0
1568.5777668952942,1968.0,499.5121951219512,17.146341463414632,Inf,4.365853658536586,0.015313105025069232,0.00043248229230238166,0.0627964344124301,-0.9999988781041972,0.0005091114717472334,0.000629260650064992,0.002604326937436927,0.00043248229230238166,-0.9999566520969548,2.0
1573.652629852295,1974.0,504.9512195121951,17.146341463414632,Inf,4.365853658536586,0.015313105025069232,0.00043248229230238166,0.0627964344124301,-0.9999988781041972,0.0005091114717472334,0.000629260650064992,0.002604326937436927,0.00043248229230238166,-0.9999566520969548,2.0
1578.9017808437347,1980.0,499.1219512195122,17.146341463414632,Inf,4.365853658536586,0.015313105025069232,0.00043248229230238166,0.0627964344124301,-0.9999988781041972,0.0005091114717472334,0.000629260650064992,0.002604326937436927,0.00043248229230238166,-0.9999566520969548,2.0
1584.0293228626251,1986.0,501.925,17.075,Inf,4.35,0.015313105025069232,0.00043248229230238166,0.0627964344124301,-0.9999988781041972,0.0005091114717472334,0.000629260650064992,0.002604326937436927,0.00043248229230238166,-0.9999566520969548,2.0
1589.107017993927,1992.0,502.425,17.075,Inf,4.35,0.015313105025069232,0.00043248229230238166,0.0627964344124301,-0.9999988781041972,0.0005091114717472334,0.000629260650064992,0.002604326937436927,0.00043248229230238166,-0.9999566520969548,2.0
1594.3047230243683,1998.0,507.4,17.075,Inf,4.35,0.015313105025069232,0.00043248229230238166,0.0627964344124301,-0.9999988781041972,0.0005091114717472334,0.000629260650064992,0.002604326937436927,0.00043248229230238166,-0.9999566520969548,2.0
1599.5518159866333,2004.0,500.6666666666667,17.23076923076923,Inf,4.410256410256411,0.015313105025069232,0.00043248229230238166,0.0627964344124301,-0.9999988781041972,0.0005091114717472334,0.000629260650064992,0.002604326937436927,0.00043248229230238166,-0.9999566520969548,2.0
1604.7134778499603,2010.0,504.87179487179486,17.23076923076923,Inf,4.410256410256411,0.015313105025069232,0.00043248229230238166,0.0627964344124301,-0.9999988781041972,0.0005091114717472334,0.000629260650064992,0.002604326937436927,0.00043248229230238166,-0.9999566520969548,2.0
1609.9662959575653,2016.0,510.6923076923077,17.23076923076923,Inf,4.410256410256411,0.015313105025069232,0.00043248229230238166,0.0627964344124301,-0.9999988781041972,0.0005091114717472334,0.000629260650064992,0.002604326937436927,0.00043248229230238166,-0.9999566520969548,2.0
1615.2616648674011,2022.0,516.2051282051282,17.23076923076923,Inf,4.410256410256411,0.015313105025069232,0.00043248229230238166,0.0627964344124301,-0.9999988781041972,0.0005091114717472334,0.000629260650064992,0.002604326937436927,0.00043248229230238166,-0.9999566520969548,2.0
1620.5798199176788,2028.0,521.8461538461538,17.23076923076923,Inf,4.410256410256411,0.015313105025069232,0.00043248229230238166,0.0627964344124301,-0.9999988781041972,0.0005091114717472334,0.000629260650064992,0.002604326937436927,0.00043248229230238166,-0.9999566520969548,2.0
1626.026057958603,2034.0,527.6923076923077,17.23076923076923,Inf,4.410256410256411,0.015313105025069232,0.00043248229230238166,0.0627964344124301,-0.9999988781041972,0.0005091114717472334,0.000629260650064992,0.002604326937436927,0.00043248229230238166,-0.9999566520969548,2.0
1631.2960350513458,2040.0,529.3076923076923,17.23076923076923,Inf,4.410256410256411,0.01533686312533539,0.0004321673774545893,0.06266354240478123,-0.999998878921113,0.0005097830131304648,0.0006323540450590074,0.0025986885092021393,0.0004321673774545893,-0.9999566520969548,2.0
1636.5210690498352,2046.0,535.1538461538462,17.23076923076923,Inf,4.410256410256411,0.01533686312533539,0.0004321673774545893,0.06266354240478123,-0.999998878921113,0.0005097830131304648,0.0006323540450590074,0.0025986885092021393,0.0004321673774545893,-0.9999566520969548,2.0
1641.7392349243164,2052.0,541.025641025641,17.23076923076923,Inf,4.410256410256411,0.01533686312533539,0.0004321673774545893,0.06266354240478123,-0.999998878921113,0.0005097830131304648,0.0006323540450590074,0.0025986885092021393,0.0004321673774545893,-0.9999566520969548,2.0
1646.9414448738098,2058.0,542.7435897435897,17.23076923076923,Inf,4.410256410256411,0.01533686312533539,0.0004321673774545893,0.06266354240478123,-0.999998878921113,0.0005097830131304648,0.0006323540450590074,0.0025986885092021393,0.0004321673774545893,-0.9999566520969548,2.0
1652.0981109142303,2064.0,548.5641025641025,17.23076923076923,Inf,4.410256410256411,0.01533686312533539,0.0004321673774545893,0.06266354240478123,-0.999998878921113,0.0005097830131304648,0.0006323540450590074,0.0025986885092021393,0.0004321673774545893,-0.9999566520969548,2.0
1657.3723449707031,2070.0,550.8205128205128,17.23076923076923,Inf,4.410256410256411,0.01533686312533539,0.0004321673774545893,0.06266354240478123,-0.999998878921113,0.0005097830131304648,0.0006323540450590074,0.0025986885092021393,0.0004321673774545893,-0.9999566520969548,2.0
1662.4871139526367,2076.0,556.5128205128206,17.23076923076923,Inf,4.410256410256411,0.01533686312533539,0.0004321673774545893,0.06266354240478123,-0.999998878921113,0.0005097830131304648,0.0006323540450590074,0.0025986885092021393,0.0004321673774545893,-0.9999566520969548,2.0
1667.5855929851532,2082.0,547.578947368421,17.05263157894737,Inf,4.394736842105263,0.01526779112758727,0.00043167980902121723,0.06275324495017287,-0.999998880185907,0.0005085892014211279,0.0006410551304173438,0.0026005504520223766,0.00043167980902121723,-0.9999566520969548,2.0
1673.3521559238434,2089.0,552.2368421052631,17.05263157894737,Inf,4.394736842105263,0.01526779112758727,0.00043167980902121723,0.06275324495017287,-0.999998880185907,0.0005085892014211279,0.0006410551304173438,0.0026005504520223766,0.00043167980902121723,-0.9999566520969548,2.0
1678.5341019630432,2095.0,557.6315789473684,17.05263157894737,Inf,4.394736842105263,0.01526779112758727,0.00043167980902121723,0.06275324495017287,-0.999998880185907,0.0005085892014211279,0.0006410551304173438,0.0026005504520223766,0.00043167980902121723,-0.9999566520969548,2.0
1683.735965013504,2101.0,563.1842105263158,17.05263157894737,Inf,4.394736842105263,0.01526779112758727,0.00043167980902121723,0.06275324495017287,-0.999998880185907,0.0005085892014211279,0.0006410551304173438,0.0026005504520223766,0.00043167980902121723,-0.9999566520969548,2.0
1688.9951748847961,2107.0,568.3684210526316,17.05263157894737,Inf,4.394736842105263,0.01526779112758727,0.00043167980902121723,0.06275324495017287,-0.999998880185907,0.0005085892014211279,0.0006410551304173438,0.0026005504520223766,0.00043167980902121723,-0.9999566520969548,2.0
1694.2371518611908,2113.0,561.8421052631579,17.05263157894737,Inf,4.394736842105263,0.01526779112758727,0.00043167980902121723,0.06275324495017287,-0.999998880185907,0.0005085892014211279,0.0006410551304173438,0.0026005504520223766,0.00043167980902121723,-0.9999566520969548,2.0
1699.459133863449,2119.0,567.2105263157895,17.05263157894737,Inf,4.394736842105263,0.01526779112758727,0.00043167980902121723,0.06275324495017287,-0.999998880185907,0.0005085892014211279,0.0006410551304173438,0.0026005504520223766,0.00043167980902121723,-0.9999566520969548,2.0
1704.6058330535889,2125.0,571.2105263157895,17.05263157894737,Inf,4.394736842105263,0.01526779112758727,0.00043167980902121723,0.06275324495017287,-0.999998880185907,0.0005085892014211279,0.0006410551304173438,0.0026005504520223766,0.00043167980902121723,-0.9999566520969548,2.0
1709.731565952301,2131.0,567.9736842105264,17.05263157894737,Inf,4.394736842105263,0.01526779112758727,0.00043167980902121723,0.06275324495017287,-0.999998880185907,0.0005085892014211279,0.0006410551304173438,0.0026005504520223766,0.00043167980902121723,-0.9999566520969548,2.0
1714.8994209766388,2137.0,569.3421052631579,17.05263157894737,Inf,4.394736842105263,0.01526779112758727,0.00043167980902121723,0.06275324495017287,-0.999998880185907,0.0005085892014211279,0.0006410551304173438,0.0026005504520223766,0.00043167980902121723,-0.9999566520969548,2.0
1720.7187960147858,2144.0,575.6578947368421,17.05263157894737,Inf,4.394736842105263,0.01526779112758727,0.00043167980902121723,0.06275324495017287,-0.999998880185907,0.0005085892014211279,0.0006410551304173438,0.0026005504520223766,0.00043167980902121723,-0.9999566520969548,2.0
1726.5291650295258,2151.0,582.0,17.05263157894737,Inf,4.394736842105263,0.01526779112758727,0.00043167980902121723,0.06275324495017287,-0.999998880185907,0.0005085892014211279,0.0006410551304173438,0.0026005504520223766,0.00043167980902121723,-0.9999566520969548,2.0
1732.1959788799286,2158.0,577.8421052631579,17.05263157894737,Inf,4.394736842105263,0.01526779112758727,0.00043167980902121723,0.06275324495017287,-0.999998880185907,0.0005085892014211279,0.0006410551304173438,0.0026005504520223766,0.00043167980902121723,-0.9999566520969548,2.0
1737.3007249832153,2164.0,583.5526315789474,17.05263157894737,Inf,4.394736842105263,0.01526779112758727,0.00043167980902121723,0.06275324495017287,-0.999998880185907,0.0005085892014211279,0.0006410551304173438,0.0026005504520223766,0.00043167980902121723,-0.9999566520969548,2.0
1742.3605568408966,2170.0,588.9736842105264,17.05263157894737,Inf,4.394736842105263,0.01526779112758727,0.00043167980902121723,0.06275324495017287,-0.999998880185907,0.0005085892014211279,0.0006410551304173438,0.0026005504520223766,0.00043167980902121723,-0.9999566520969548,2.0
1747.39022397995,2176.0,592.8421052631579,17.05263157894737,Inf,4.394736842105263,0.01526779112758727,0.00043167980902121723,0.06275324495017287,-0.999998880185907,0.0005085892014211279,0.0006410551304173438,0.0026005504520223766,0.00043167980902121723,-0.9999566520969548,2.0
1753.0963468551636,2183.0,599.2105263157895,17.05263157894737,Inf,4.394736842105263,0.01526779112758727,0.00043167980902121723,0.06275324495017287,-0.999998880185907,0.0005085892014211279,0.0006410551304173438,0.0026005504520223766,0.00043167980902121723,-0.9999566520969548,2.0
1758.2589559555054,2189.0,604.7368421052631,17.05263157894737,Inf,4.394736842105263,0.01526779112758727,0.00043167980902121723,0.06275324495017287,-0.999998880185907,0.0005085892014211279,0.0006410551304173438,0.0026005504520223766,0.00043167980902121723,-0.9999566520969548,2.0
1764.0889918804169,2196.0,600.5526315789474,17.05263157894737,Inf,4.394736842105263,0.01526779112758727,0.00043167980902121723,0.06275324495017287,-0.999998880185907,0.0005085892014211279,0.0006410551304173438,0.0026005504520223766,0.00043167980902121723,-0.9999566520969548,2.0
1769.1859560012817,2202.0,605.7894736842105,17.05263157894737,Inf,4.394736842105263,0.01526779112758727,0.00043167980902121723,0.06275324495017287,-0.999998880185907,0.0005085892014211279,0.0006410551304173438,0.0026005504520223766,0.00043167980902121723,-0.9999566520969548,2.0
1774.3170499801636,2208.0,611.3157894736842,17.05263157894737,Inf,4.394736842105263,0.01526779112758727,0.00043167980902121723,0.06275324495017287,-0.999998880185907,0.0005085892014211279,0.0006410551304173438,0.0026005504520223766,0.00043167980902121723,-0.9999566520969548,2.0
1779.327250957489,2214.0,617.0526315789474,17.05263157894737,Inf,4.394736842105263,0.01526779112758727,0.00043167980902121723,0.06275324495017287,-0.999998880185907,0.0005085892014211279,0.0006410551304173438,0.0026005504520223766,0.00043167980902121723,-0.9999566520969548,2.0
1785.0866539478302,2221.0,620.8947368421053,17.05263157894737,Inf,4.394736842105263,0.01526779112758727,0.00043167980902121723,0.06275324495017287,-0.999998880185907,0.0005085892014211279,0.0006410551304173438,0.0026005504520223766,0.00043167980902121723,-0.9999566520969548,2.0
1790.882640838623,2228.0,627.4736842105264,17.05263157894737,Inf,4.394736842105263,0.01526779112758727,0.00043167980902121723,0.06275324495017287,-0.999998880185907,0.0005085892014211279,0.0006410551304173438,0.0026005504520223766,0.00043167980902121723,-0.9999566520969548,2.0
1795.905247926712,2234.0,633.3157894736842,17.05263157894737,Inf,4.394736842105263,0.01526779112758727,0.00043167980902121723,0.06275324495017287,-0.999998880185907,0.0005085892014211279,0.0006410551304173438,0.0026005504520223766,0.00043167980902121723,-0.9999566520969548,2.0
1801.5530529022217,2241.0,640.1578947368421,17.05263157894737,Inf,4.394736842105263,0.01526779112758727,0.00043167980902121723,0.06275324495017287,-0.999998880185907,0.0005085892014211279,0.0006410551304173438,0.0026005504520223766,0.00043167980902121723,-0.9999566520969548,2.0
1806.6084508895874,2247.0,638.921052631579,17.05263157894737,Inf,4.394736842105263,0.01526779112758727,0.00043167980902121723,0.06275324495017287,-0.999998880185907,0.0005085892014211279,0.0006410551304173438,0.0026005504520223766,0.00043167980902121723,-0.9999566520969548,2.0
1812.3880310058594,2254.0,645.7368421052631,17.05263157894737,Inf,4.394736842105263,0.01526779112758727,0.00043167980902121723,0.06275324495017287,-0.999998880185907,0.0005085892014211279,0.0006410551304173438,0.0026005504520223766,0.00043167980902121723,-0.9999566520969548,2.0
1817.5706179141998,2260.0,651.7368421052631,17.05263157894737,Inf,4.394736842105263,0.01526779112758727,0.00043167980902121723,0.06275324495017287,-0.999998880185907,0.0005085892014211279,0.0006410551304173438,0.0026005504520223766,0.00043167980902121723,-0.9999566520969548,2.0
1822.619040966034,2266.0,657.5,17.05263157894737,Inf,4.394736842105263,0.01526779112758727,0.00043167980902121723,0.06275324495017287,-0.999998880185907,0.0005085892014211279,0.0006410551304173438,0.0026005504520223766,0.00043167980902121723,-0.9999566520969548,2.0
1827.6977880001068,2272.0,663.2894736842105,17.05263157894737,Inf,4.394736842105263,0.01526779112758727,0.00043167980902121723,0.06275324495017287,-0.999998880185907,0.0005085892014211279,0.0006410551304173438,0.0026005504520223766,0.00043167980902121723,-0.9999566520969548,2.0
1832.738214969635,2278.0,665.0526315789474,17.05263157894737,Inf,4.394736842105263,0.01526779112758727,0.00043167980902121723,0.06275324495017287,-0.999998880185907,0.0005085892014211279,0.0006410551304173438,0.0026005504520223766,0.00043167980902121723,-0.9999566520969548,2.0
1837.8718450069427,2284.0,670.8947368421053,17.05263157894737,Inf,4.394736842105263,0.01526779112758727,0.00043167980902121723,0.06275324495017287,-0.999998880185907,0.0005085892014211279,0.0006410551304173438,0.0026005504520223766,0.00043167980902121723,-0.9999566520969548,2.0
1842.9456279277802,2290.0,676.8157894736842,17.05263157894737,Inf,4.394736842105263,0.01526779112758727,0.00043167980902121723,0.06275324495017287,-0.999998880185907,0.0005085892014211279,0.0006410551304173438,0.0026005504520223766,0.00043167980902121723,-0.9999566520969548,2.0
1847.9914209842682,2296.0,682.5526315789474,17.05263157894737,Inf,4.394736842105263,0.01526779112758727,0.00043167980902121723,0.06275324495017287,-0.999998880185907,0.0005085892014211279,0.0006410551304173438,0.0026005504520223766,0.00043167980902121723,-0.9999566520969548,2.0
1853.7220678329468,2303.0,689.3947368421053,17.05263157894737,Inf,4.394736842105263,0.01526779112758727,0.00043167980902121723,0.06275324495017287,-0.999998880185907,0.0005085892014211279,0.0006410551304173438,0.0026005504520223766,0.00043167980902121723,-0.9999566520969548,2.0
1859.442302942276,2310.0,696.1842105263158,17.05263157894737,Inf,4.394736842105263,0.01526779112758727,0.00043167980902121723,0.06275324495017287,-0.999998880185907,0.0005085892014211279,0.0006410551304173438,0.0026005504520223766,0.00043167980902121723,-0.9999566520969548,2.0
1864.471668958664,2316.0,702.1842105263158,17.05263157894737,Inf,4.394736842105263,0.01526779112758727,0.00043167980902121723,0.06275324495017287,-0.999998880185907,0.0005085892014211279,0.0006410551304173438,0.0026005504520223766,0.00043167980902121723,-0.9999566520969548,2.0
1870.2851150035858,2323.0,708.8947368421053,17.05263157894737,Inf,4.394736842105263,0.01526779112758727,0.00043167980902121723,0.06275324495017287,-0.999998880185907,0.0005085892014211279,0.0006410551304173438,0.0026005504520223766,0.00043167980902121723,-0.9999566520969548,2.0
1875.2966680526733,2329.0,704.9473684210526,17.05263157894737,Inf,4.394736842105263,0.01526779112758727,0.00043167980902121723,0.06275324495017287,-0.999998880185907,0.0005085892014211279,0.0006410551304173438,0.0026005504520223766,0.00043167980902121723,-0.9999566520969548,2.0
1881.0596058368683,2336.0,711.5526315789474,17.05263157894737,Inf,4.394736842105263,0.01526779112758727,0.00043167980902121723,0.06275324495017287,-0.999998880185907,0.0005085892014211279,0.0006410551304173438,0.0026005504520223766,0.00043167980902121723,-0.9999566520969548,2.0
1886.8475859165192,2343.0,718.2368421052631,17.05263157894737,Inf,4.394736842105263,0.01526779112758727,0.00043167980902121723,0.06275324495017287,-0.999998880185907,0.0005085892014211279,0.0006410551304173438,0.0026005504520223766,0.00043167980902121723,-0.9999566520969548,2.0
1891.9437239170074,2349.0,723.8947368421053,17.05263157894737,Inf,4.394736842105263,0.01526779112758727,0.00043167980902121723,0.06275324495017287,-0.999998880185907,0.0005085892014211279,0.0006410551304173438,0.0026005504520223766,0.00043167980902121723,-0.9999566520969548,2.0
1896.9447429180145,2355.0,729.6578947368421,17.05263157894737,Inf,4.394736842105263,0.01526779112758727,0.00043167980902121723,0.06275324495017287,-0.999998880185907,0.0005085892014211279,0.0006410551304173438,0.0026005504520223766,0.00043167980902121723,-0.9999566520969548,2.0
1902.5788779258728,2362.0,725.1052631578947,17.05263157894737,Inf,4.394736842105263,0.01526779112758727,0.00043167980902121723,0.06275324495017287,-0.999998880185907,0.0005085892014211279,0.0006410551304173438,0.0026005504520223766,0.00043167980902121723,-0.9999566520969548,2.0
1908.2951788902283,2369.0,731.8947368421053,17.05263157894737,Inf,4.394736842105263,0.01526779112758727,0.00043167980902121723,0.06275324495017287,-0.999998880185907,0.0005085892014211279,0.0006410551304173438,0.0026005504520223766,0.00043167980902121723,-0.9999566520969548,2.0
1914.0947070121765,2376.0,738.421052631579,17.05263157894737,Inf,4.394736842105263,0.01526779112758727,0.00043167980902121723,0.06275324495017287,-0.999998880185907,0.0005085892014211279,0.0006410551304173438,0.0026005504520223766,0.00043167980902121723,-0.9999566520969548,2.0
1919.7705249786377,2383.0,729.5263157894736,17.05263157894737,Inf,4.394736842105263,0.01526779112758727,0.00043167980902121723,0.06275324495017287,-0.999998880185907,0.0005085892014211279,0.0006410551304173438,0.0026005504520223766,0.00043167980902121723,-0.9999566520969548,2.0
1925.5708918571472,2390.0,736.2368421052631,17.05263157894737,Inf,4.394736842105263,0.01526779112758727,0.00043167980902121723,0.06275324495017287,-0.999998880185907,0.0005085892014211279,0.0006410551304173438,0.0026005504520223766,0.00043167980902121723,-0.9999566520969548,2.0
1930.578017950058,2396.0,723.0,16.897435897435898,Inf,4.333333333333333,0.01526779112758727,0.00043167980902121723,0.06275324495017287,-0.999998880185907,0.0005085892014211279,0.0006410551304173438,0.0026005504520223766,0.00043167980902121723,-0.9999566520969548,2.0
1935.6063759326935,2402.0,728.4102564102565,16.897435897435898,Inf,4.333333333333333,0.01526779112758727,0.00043167980902121723,0.06275324495017287,-0.999998880185907,0.0005085892014211279,0.0006410551304173438,0.0026005504520223766,0.00043167980902121723,-0.9999566520969548,2.0
1941.4094569683075,2409.0,729.7435897435897,16.897435897435898,Inf,4.333333333333333,0.01526779112758727,0.00043167980902121723,0.06275324495017287,-0.999998880185907,0.0005085892014211279,0.0006410551304173438,0.0026005504520223766,0.00043167980902121723,-0.9999566520969548,2.0
1947.1888208389282,2416.0,730.8461538461538,16.897435897435898,Inf,4.333333333333333,0.01526779112758727,0.00043167980902121723,0.06275324495017287,-0.999998880185907,0.0005085892014211279,0.0006410551304173438,0.0026005504520223766,0.00043167980902121723,-0.9999566520969548,2.0
1952.9699139595032,2423.0,737.5384615384615,16.897435897435898,Inf,4.333333333333333,0.01526779112758727,0.00043167980902121723,0.06275324495017287,-0.999998880185907,0.0005085892014211279,0.0006410551304173438,0.0026005504520223766,0.00043167980902121723,-0.9999566520969548,2.0
1958.0323128700256,2429.0,743.1538461538462,16.897435897435898,Inf,4.333333333333333,0.01526779112758727,0.00043167980902121723,0.06275324495017287,-0.999998880185907,0.0005085892014211279,0.0006410551304173438,0.0026005504520223766,0.00043167980902121723,-0.9999566520969548,2.0
1963.0695219039917,2435.0,739.8717948717949,16.897435897435898,Inf,4.333333333333333,0.01526080717908936,0.0004316479728081352,0.06274894585639501,-0.9999988802684929,0.0005085814979951185,0.0006437135637217407,0.002600260874182481,0.0004316479728081352,-0.9999566520969548,2.0
1968.081354856491,2441.0,745.6410256410256,16.897435897435898,Inf,4.333333333333333,0.01526080717908936,0.0004316479728081352,0.06274894585639501,-0.9999988802684929,0.0005085814979951185,0.0006437135637217407,0.002600260874182481,0.0004316479728081352,-0.9999566520969548,2.0
1973.9214458465576,2448.0,752.2564102564103,16.897435897435898,Inf,4.333333333333333,0.01526080717908936,0.0004316479728081352,0.06274894585639501,-0.9999988802684929,0.0005085814979951185,0.0006437135637217407,0.002600260874182481,0.0004316479728081352,-0.9999566520969548,2.0
1979.6572020053864,2455.0,758.8205128205128,16.897435897435898,Inf,4.333333333333333,0.01526080717908936,0.0004316479728081352,0.06274894585639501,-0.9999988802684929,0.0005085814979951185,0.0006437135637217407,0.002600260874182481,0.0004316479728081352,-0.9999566520969548,2.0
1985.3416390419006,2462.0,765.5384615384615,16.897435897435898,Inf,4.333333333333333,0.01526080717908936,0.0004316479728081352,0.06274894585639501,-0.9999988802684929,0.0005085814979951185,0.0006437135637217407,0.002600260874182481,0.0004316479728081352,-0.9999566520969548,2.0
1991.0079588890076,2469.0,772.1025641025641,16.897435897435898,Inf,4.333333333333333,0.01526080717908936,0.0004316479728081352,0.06274894585639501,-0.9999988802684929,0.0005085814979951185,0.0006437135637217407,0.002600260874182481,0.0004316479728081352,-0.9999566520969548,2.0
1996.0243668556213,2475.0,777.8205128205128,16.897435897435898,Inf,4.333333333333333,0.01526080717908936,0.0004316479728081352,0.06274894585639501,-0.9999988802684929,0.0005085814979951185,0.0006437135637217407,0.002600260874182481,0.0004316479728081352,-0.9999566520969548,2.0
2001.8385138511658,2482.0,773.8461538461538,16.897435897435898,Inf,4.333333333333333,0.01526080717908936,0.0004316479728081352,0.06274894585639501,-0.9999988802684929,0.0005085814979951185,0.0006437135637217407,0.002600260874182481,0.0004316479728081352,-0.9999566520969548,2.0
2006.9290399551392,2488.0,753.7435897435897,16.897435897435898,Inf,4.333333333333333,0.01526080717908936,0.0004316479728081352,0.06274894585639501,-0.9999988802684929,0.0005085814979951185,0.0006437135637217407,0.002600260874182481,0.0004316479728081352,-0.9999566520969548,2.0
2012.6820950508118,2495.0,760.2307692307693,16.897435897435898,Inf,4.333333333333333,0.01526080717908936,0.0004316479728081352,0.06274894585639501,-0.9999988802684929,0.0005085814979951185,0.0006437135637217407,0.002600260874182481,0.0004316479728081352,-0.9999566520969548,2.0
2017.762358903885,2501.0,765.6666666666666,16.897435897435898,Inf,4.333333333333333,0.01526080717908936,0.0004316479728081352,0.06274894585639501,-0.9999988802684929,0.0005085814979951185,0.0006437135637217407,0.002600260874182481,0.0004316479728081352,-0.9999566520969548,2.0
2023.5465970039368,2508.0,771.6153846153846,16.897435897435898,Inf,4.333333333333333,0.01526080717908936,0.0004316479728081352,0.06274894585639501,-0.9999988802684929,0.0005085814979951185,0.0006437135637217407,0.002600260874182481,0.0004316479728081352,-0.9999566520969548,2.0
2029.3046238422394,2515.0,778.1025641025641,16.897435897435898,Inf,4.333333333333333,0.01526080717908936,0.0004316479728081352,0.06274894585639501,-0.9999988802684929,0.0005085814979951185,0.0006437135637217407,0.002600260874182481,0.0004316479728081352,-0.9999566520969548,2.0
2034.3106789588928,2521.0,783.6923076923077,16.897435897435898,Inf,4.333333333333333,0.01526080717908936,0.0004316479728081352,0.06274894585639501,-0.9999988802684929,0.0005085814979951185,0.0006437135637217407,0.002600260874182481,0.0004316479728081352,-0.9999566520969548,2.0
2040.033262014389,2528.0,777.0512820512821,16.897435897435898,Inf,4.333333333333333,0.01526080717908936,0.0004316479728081352,0.06274894585639501,-0.9999988802684929,0.0005085814979951185,0.0006437135637217407,0.002600260874182481,0.0004316479728081352,-0.9999566520969548,2.0
2045.7474360466003,2535.0,760.025641025641,16.897435897435898,Inf,4.333333333333333,0.01526080717908936,0.0004316479728081352,0.06274894585639501,-0.9999988802684929,0.0005085814979951185,0.0006437135637217407,0.002600260874182481,0.0004316479728081352,-0.9999566520969548,2.0
2051.347100019455,2542.0,766.7692307692307,16.897435897435898,Inf,4.333333333333333,0.01526080717908936,0.0004316479728081352,0.06274894585639501,-0.9999988802684929,0.0005085814979951185,0.0006437135637217407,0.002600260874182481,0.0004316479728081352,-0.9999566520969548,2.0
2057.1212010383606,2549.0,773.1794871794872,16.897435897435898,Inf,4.333333333333333,0.01526080717908936,0.0004316479728081352,0.06274894585639501,-0.9999988802684929,0.0005085814979951185,0.0006437135637217407,0.002600260874182481,0.0004316479728081352,-0.9999566520969548,2.0
2062.1469140052795,2555.0,778.8205128205128,16.897435897435898,Inf,4.333333333333333,0.01526080717908936,0.0004316479728081352,0.06274894585639501,-0.9999988802684929,0.0005085814979951185,0.0006437135637217407,0.002600260874182481,0.0004316479728081352,-0.9999566520969548,2.0
2067.9404590129852,2562.0,785.1538461538462,16.897435897435898,Inf,4.333333333333333,0.01526080717908936,0.0004316479728081352,0.06274894585639501,-0.9999988802684929,0.0005085814979951185,0.0006437135637217407,0.002600260874182481,0.0004316479728081352,-0.9999566520969548,2.0
2073.5240938663483,2569.0,791.6410256410256,16.897435897435898,Inf,4.333333333333333,0.01526080717908936,0.0004316479728081352,0.06274894585639501,-0.9999988802684929,0.0005085814979951185,0.0006437135637217407,0.002600260874182481,0.0004316479728081352,-0.9999566520969548,2.0
2079.160498857498,2576.0,798.2820512820513,16.897435897435898,Inf,4.333333333333333,0.01526080717908936,0.0004316479728081352,0.06274894585639501,-0.9999988802684929,0.0005085814979951185,0.0006437135637217407,0.002600260874182481,0.0004316479728081352,-0.9999566520969548,2.0
2084.721585035324,2583.0,794.0,16.897435897435898,Inf,4.333333333333333,0.01526080717908936,0.0004316479728081352,0.06274894585639501,-0.9999988802684929,0.0005085814979951185,0.0006437135637217407,0.002600260874182481,0.0004316479728081352,-0.9999566520969548,2.0
2090.3630769252777,2590.0,798.7948717948718,16.897435897435898,Inf,4.333333333333333,0.01526080717908936,0.0004316479728081352,0.06274894585639501,-0.9999988802684929,0.0005085814979951185,0.0006437135637217407,0.002600260874182481,0.0004316479728081352,-0.9999566520969548,2.0
2096.0923969745636,2597.0,803.025641025641,16.897435897435898,Inf,4.333333333333333,0.01526080717908936,0.0004316479728081352,0.06274894585639501,-0.9999988802684929,0.0005085814979951185,0.0006437135637217407,0.002600260874182481,0.0004316479728081352,-0.9999566520969548,2.0
2101.756891965866,2604.0,804.2051282051282,16.897435897435898,Inf,4.333333333333333,0.01526080717908936,0.0004316479728081352,0.06274894585639501,-0.9999988802684929,0.0005085814979951185,0.0006437135637217407,0.002600260874182481,0.0004316479728081352,-0.9999566520969548,2.0
2107.425281047821,2611.0,810.5897435897435,16.897435897435898,Inf,4.333333333333333,0.01526080717908936,0.0004316479728081352,0.06274894585639501,-0.9999988802684929,0.0005085814979951185,0.0006437135637217407,0.002600260874182481,0.0004316479728081352,-0.9999566520969548,2.0
2112.9537868499756,2618.0,816.3333333333334,16.897435897435898,Inf,4.333333333333333,0.01526080717908936,0.0004316479728081352,0.06274894585639501,-0.9999988802684929,0.0005085814979951185,0.0006437135637217407,0.002600260874182481,0.0004316479728081352,-0.9999566520969548,2.0
2118.6023709774017,2625.0,812.3333333333334,16.897435897435898,Inf,4.333333333333333,0.01526080717908936,0.0004316479728081352,0.06274894585639501,-0.9999988802684929,0.0005085814979951185,0.0006437135637217407,0.002600260874182481,0.0004316479728081352,-0.9999566520969548,2.0
2124.188087940216,2632.0,818.9487179487179,16.897435897435898,Inf,4.333333333333333,0.01526080717908936,0.0004316479728081352,0.06274894585639501,-0.9999988802684929,0.0005085814979951185,0.0006437135637217407,0.002600260874182481,0.0004316479728081352,-0.9999566520969548,2.0
2129.7802019119263,2639.0,824.6923076923077,16.897435897435898,Inf,4.333333333333333,0.01526080717908936,0.0004316479728081352,0.06274894585639501,-0.9999988802684929,0.0005085814979951185,0.0006437135637217407,0.002600260874182481,0.0004316479728081352,-0.9999566520969548,2.0
2135.606868982315,2646.0,814.5641025641025,16.897435897435898,Inf,4.333333333333333,0.01526080717908936,0.0004316479728081352,0.06274894585639501,-0.9999988802684929,0.0005085814979951185,0.0006437135637217407,0.002600260874182481,0.0004316479728081352,-0.9999566520969548,2.0
2141.262680053711,2653.0,821.4102564102565,16.897435897435898,Inf,4.333333333333333,0.01526080717908936,0.0004316479728081352,0.06274894585639501,-0.9999988802684929,0.0005085814979951185,0.0006437135637217407,0.002600260874182481,0.0004316479728081352,-0.9999566520969548,2.0
2146.9716169834137,2660.0,827.7692307692307,16.897435897435898,Inf,4.333333333333333,0.01526080717908936,0.0004316479728081352,0.06274894585639501,-0.9999988802684929,0.0005085814979951185,0.0006437135637217407,0.002600260874182481,0.0004316479728081352,-0.9999566520969548,2.0
2152.486093044281,2667.0,834.5128205128206,16.897435897435898,Inf,4.333333333333333,0.01526080717908936,0.0004316479728081352,0.06274894585639501,-0.9999988802684929,0.0005085814979951185,0.0006437135637217407,0.002600260874182481,0.0004316479728081352,-0.9999566520969548,2.0
2158.1886098384857,2674.0,834.3333333333334,16.897435897435898,Inf,4.333333333333333,0.01575405853434751,0.00042935889575558165,0.06040290503880996,-0.9999988862065532,0.0005150568223567027,0.000653190974817354,0.0025522077356179285,0.00042935889575558165,-0.9999566520969548,2.0
2163.8869750499725,2681.0,840.8461538461538,16.897435897435898,Inf,4.333333333333333,0.01575405853434751,0.00042935889575558165,0.06040290503880996,-0.9999988862065532,0.0005150568223567027,0.000653190974817354,0.0025522077356179285,0.00042935889575558165,-0.9999566520969548,2.0
2169.624188899994,2688.0,847.6410256410256,16.897435897435898,Inf,4.333333333333333,0.01575405853434751,0.00042935889575558165,0.06040290503880996,-0.9999988862065532,0.0005150568223567027,0.000653190974817354,0.0025522077356179285,0.00042935889575558165,-0.9999566520969548,2.0
2175.285306930542,2695.0,842.2564102564103,16.897435897435898,Inf,4.333333333333333,0.01575405853434751,0.00042935889575558165,0.06040290503880996,-0.9999988862065532,0.0005150568223567027,0.000653190974817354,0.0025522077356179285,0.00042935889575558165,-0.9999566520969548,2.0
2180.8214700222015,2702.0,848.8974358974359,16.897435897435898,Inf,4.333333333333333,0.01575405853434751,0.00042935889575558165,0.06040290503880996,-0.9999988862065532,0.0005150568223567027,0.000653190974817354,0.0025522077356179285,0.00042935889575558165,-0.9999566520969548,2.0
2186.5123748779297,2709.0,855.5384615384615,16.897435897435898,Inf,4.333333333333333,0.01575405853434751,0.00042935889575558165,0.06040290503880996,-0.9999988862065532,0.0005150568223567027,0.000653190974817354,0.0025522077356179285,0.00042935889575558165,-0.9999566520969548,2.0
2191.954046010971,2716.0,868.078947368421,16.657894736842106,Inf,4.2894736842105265,0.01575405853434751,0.00042935889575558165,0.06040290503880996,-0.9999988862065532,0.0005150568223567027,0.000653190974817354,0.0025522077356179285,0.00042935889575558165,-0.9999566520969548,2.0
2197.461963891983,2723.0,874.7105263157895,16.657894736842106,Inf,4.2894736842105265,0.01575405853434751,0.00042935889575558165,0.06040290503880996,-0.9999988862065532,0.0005150568223567027,0.000653190974817354,0.0025522077356179285,0.00042935889575558165,-0.9999566520969548,2.0
2203.029841899872,2730.0,881.4473684210526,16.657894736842106,Inf,4.2894736842105265,0.01575405853434751,0.00042935889575558165,0.06040290503880996,-0.9999988862065532,0.0005150568223567027,0.000653190974817354,0.0025522077356179285,0.00042935889575558165,-0.9999566520969548,2.0
2208.7890820503235,2737.0,888.0263157894736,16.657894736842106,Inf,4.2894736842105265,0.01575405853434751,0.00042935889575558165,0.06040290503880996,-0.9999988862065532,0.0005150568223567027,0.000653190974817354,0.0025522077356179285,0.00042935889575558165,-0.9999566520969548,2.0
2214.3093090057373,2744.0,894.6315789473684,16.657894736842106,Inf,4.2894736842105265,0.01575405853434751,0.00042935889575558165,0.06040290503880996,-0.9999988862065532,0.0005150568223567027,0.000653190974817354,0.0025522077356179285,0.00042935889575558165,-0.9999566520969548,2.0
2219.925503015518,2751.0,888.9473684210526,16.657894736842106,Inf,4.2894736842105265,0.01575405853434751,0.00042935889575558165,0.06040290503880996,-0.9999988862065532,0.0005150568223567027,0.000653190974817354,0.0025522077356179285,0.00042935889575558165,-0.9999566520969548,2.0
2225.532984018326,2758.0,895.578947368421,16.657894736842106,Inf,4.2894736842105265,0.01575405853434751,0.00042935889575558165,0.06040290503880996,-0.9999988862065532,0.0005150568223567027,0.000653190974817354,0.0025522077356179285,0.00042935889575558165,-0.9999566520969548,2.0
2231.1583490371704,2765.0,902.2631578947369,16.657894736842106,Inf,4.2894736842105265,0.01575405853434751,0.00042935889575558165,0.06040290503880996,-0.9999988862065532,0.0005150568223567027,0.000653190974817354,0.0025522077356179285,0.00042935889575558165,-0.9999566520969548,2.0
2236.7437179088593,2772.0,908.7894736842105,16.657894736842106,Inf,4.2894736842105265,0.01575405853434751,0.00042935889575558165,0.06040290503880996,-0.9999988862065532,0.0005150568223567027,0.000653190974817354,0.0025522077356179285,0.00042935889575558165,-0.9999566520969548,2.0
2242.3069088459015,2779.0,915.4473684210526,16.657894736842106,Inf,4.2894736842105265,0.01575405853434751,0.00042935889575558165,0.06040290503880996,-0.9999988862065532,0.0005150568223567027,0.000653190974817354,0.0025522077356179285,0.00042935889575558165,-0.9999566520969548,2.0
2247.9649670124054,2786.0,898.4102564102565,16.923076923076923,Inf,4.358974358974359,0.01575405853434751,0.00042935889575558165,0.06040290503880996,-0.9999988862065532,0.0005150568223567027,0.000653190974817354,0.0025522077356179285,0.00042935889575558165,-0.9999566520969548,2.0
2253.515470981598,2793.0,894.027027027027,16.56756756756757,Inf,4.324324324324325,0.01575405853434751,0.00042935889575558165,0.06040290503880996,-0.9999988862065532,0.0005150568223567027,0.000653190974817354,0.0025522077356179285,0.00042935889575558165,-0.9999566520969548,1.0
2259.058333873749,2800.0,900.6216216216217,16.56756756756757,Inf,4.324324324324325,0.01575405853434751,0.00042935889575558165,0.06040290503880996,-0.9999988862065532,0.0005150568223567027,0.000653190974817354,0.0025522077356179285,0.00042935889575558165,-0.9999566520969548,1.0
2264.7335300445557,2807.0,883.4473684210526,16.736842105263158,Inf,4.315789473684211,0.01575405853434751,0.00042935889575558165,0.06040290503880996,-0.9999988862065532,0.0005150568223567027,0.000653190974817354,0.0025522077356179285,0.00042935889575558165,-0.9999566520969548,1.0
2270.3943979740143,2814.0,890.1315789473684,16.736842105263158,Inf,4.315789473684211,0.01575405853434751,0.00042935889575558165,0.06040290503880996,-0.9999988862065532,0.0005150568223567027,0.000653190974817354,0.0025522077356179285,0.00042935889575558165,-0.9999566520969548,1.0
2276.0237288475037,2821.0,896.6842105263158,16.736842105263158,Inf,4.315789473684211,0.01575405853434751,0.00042935889575558165,0.06040290503880996,-0.9999988862065532,0.0005150568223567027,0.000653190974817354,0.0025522077356179285,0.00042935889575558165,-0.9999566520969548,1.0
2281.5328969955444,2828.0,886.1315789473684,16.736842105263158,Inf,4.315789473684211,0.01575405853434751,0.00042935889575558165,0.06040290503880996,-0.9999988862065532,0.0005150568223567027,0.000653190974817354,0.0025522077356179285,0.00042935889575558165,-0.9999566520969548,1.0
2287.0522389411926,2835.0,892.8421052631579,16.736842105263158,Inf,4.315789473684211,0.01575405853434751,0.00042935889575558165,0.06040290503880996,-0.9999988862065532,0.0005150568223567027,0.000653190974817354,0.0025522077356179285,0.00042935889575558165,-0.9999566520969548,1.0
2292.462630033493,2842.0,899.3947368421053,16.736842105263158,Inf,4.315789473684211,0.01575405853434751,0.00042935889575558165,0.06040290503880996,-0.9999988862065532,0.0005150568223567027,0.000653190974817354,0.0025522077356179285,0.00042935889575558165,-0.9999566520969548,1.0
2298.056293964386,2849.0,906.078947368421,16.736842105263158,Inf,4.315789473684211,0.01575405853434751,0.00042935889575558165,0.06040290503880996,-0.9999988862065532,0.0005150568223567027,0.000653190974817354,0.0025522077356179285,0.00042935889575558165,-0.9999566520969548,1.0
2303.5991580486298,2856.0,912.7105263157895,16.736842105263158,Inf,4.315789473684211,0.01575405853434751,0.00042935889575558165,0.06040290503880996,-0.9999988862065532,0.0005150568223567027,0.000653190974817354,0.0025522077356179285,0.00042935889575558165,-0.9999566520969548,1.0
2309.0127959251404,2863.0,919.4473684210526,16.736842105263158,Inf,4.315789473684211,0.01575405853434751,0.00042935889575558165,0.06040290503880996,-0.9999988862065532,0.0005150568223567027,0.000653190974817354,0.0025522077356179285,0.00042935889575558165,-0.9999566520969548,1.0
2314.445291996002,2870.0,926.0,16.736842105263158,Inf,4.315789473684211,0.01575405853434751,0.00042935889575558165,0.06040290503880996,-0.9999988862065532,0.0005150568223567027,0.000653190974817354,0.0025522077356179285,0.00042935889575558165,-0.9999566520969548,1.0
2320.065213918686,2877.0,906.5641025641025,16.974358974358974,Inf,4.358974358974359,0.01575405853434751,0.00042935889575558165,0.06040290503880996,-0.9999988862065532,0.0005150568223567027,0.000653190974817354,0.0025522077356179285,0.00042935889575558165,-0.9999566520969548,1.0
2325.7376239299774,2884.0,881.7692307692307,16.974358974358974,Inf,4.358974358974359,0.01575405853434751,0.00042935889575558165,0.06040290503880996,-0.9999988862065532,0.0005150568223567027,0.000653190974817354,0.0025522077356179285,0.00042935889575558165,-0.9999566520969548,1.0
2331.250751018524,2891.0,888.3333333333334,16.974358974358974,Inf,4.358974358974359,0.01575405853434751,0.00042935889575558165,0.06040290503880996,-0.9999988862065532,0.0005150568223567027,0.000653190974817354,0.0025522077356179285,0.00042935889575558165,-0.9999566520969548,1.0
2336.801612854004,2898.0,872.475,17.15,Inf,4.375,0.01575405853434751,0.00042935889575558165,0.06040290503880996,-0.9999988862065532,0.0005150568223567027,0.000653190974817354,0.0025522077356179285,0.00042935889575558165,-0.9999566520969548,1.0
2342.3344888687134,2905.0,878.975,17.15,Inf,4.375,0.01575405853434751,0.00042935889575558165,0.06040290503880996,-0.9999988862065532,0.0005150568223567027,0.000653190974817354,0.0025522077356179285,0.00042935889575558165,-0.9999566520969548,1.0
2348.0262598991394,2912.0,882.425,17.15,Inf,4.375,0.01575405853434751,0.00042935889575558165,0.06040290503880996,-0.9999988862065532,0.0005150568223567027,0.000653190974817354,0.0025522077356179285,0.00042935889575558165,-0.9999566520969548,1.0
2353.646374940872,2919.0,888.925,17.15,Inf,4.375,0.01575405853434751,0.00042935889575558165,0.06040290503880996,-0.9999988862065532,0.0005150568223567027,0.000653190974817354,0.0025522077356179285,0.00042935889575558165,-0.9999566520969548,1.0
2359.1140220165253,2926.0,895.425,17.15,Inf,4.375,0.01575405853434751,0.00042935889575558165,0.06040290503880996,-0.9999988862065532,0.0005150568223567027,0.000653190974817354,0.0025522077356179285,0.00042935889575558165,-0.9999566520969548,1.0
2364.767642021179,2933.0,894.075,17.15,Inf,4.375,0.01575405853434751,0.00042935889575558165,0.06040290503880996,-0.9999988862065532,0.0005150568223567027,0.000653190974817354,0.0025522077356179285,0.00042935889575558165,-0.9999566520969548,1.0
2370.297679901123,2940.0,900.35,17.15,Inf,4.375,0.01575405853434751,0.00042935889575558165,0.06040290503880996,-0.9999988862065532,0.0005150568223567027,0.000653190974817354,0.0025522077356179285,0.00042935889575558165,-0.9999566520969548,1.0
2375.778748035431,2947.0,899.775,17.15,Inf,4.375,0.01575405853434751,0.00042935889575558165,0.06040290503880996,-0.9999988862065532,0.0005150568223567027,0.000653190974817354,0.0025522077356179285,0.00042935889575558165,-0.9999566520969548,1.0
2381.2384009361267,2954.0,905.175,17.15,Inf,4.375,0.01575405853434751,0.00042935889575558165,0.06040290503880996,-0.9999988862065532,0.0005150568223567027,0.000653190974817354,0.0025522077356179285,0.00042935889575558165,-0.9999566520969548,1.0
2386.8113498687744,2961.0,888.9756097560976,17.317073170731707,Inf,4.390243902439025,0.01575405853434751,0.00042935889575558165,0.06040290503880996,-0.9999988862065532,0.0005150568223567027,0.000653190974817354,0.0025522077356179285,0.00042935889575558165,-0.9999566520969548,1.0
2392.2524650096893,2968.0,894.9268292682926,17.317073170731707,Inf,4.390243902439025,0.01575405853434751,0.00042935889575558165,0.06040290503880996,-0.9999988862065532,0.0005150568223567027,0.000653190974817354,0.0025522077356179285,0.00042935889575558165,-0.9999566520969548,1.0
2397.7675688266754,2975.0,901.2682926829268,17.317073170731707,Inf,4.390243902439025,0.01575405853434751,0.00042935889575558165,0.06040290503880996,-0.9999988862065532,0.0005150568223567027,0.000653190974817354,0.0025522077356179285,0.00042935889575558165,-0.9999566520969548,1.0
2403.173936843872,2982.0,907.2682926829268,17.317073170731707,Inf,4.390243902439025,0.01575405853434751,0.00042935889575558165,0.06040290503880996,-0.9999988862065532,0.0005150568223567027,0.000653190974817354,0.0025522077356179285,0.00042935889575558165,-0.9999566520969548,1.0
2408.618218898773,2989.0,913.2682926829268,17.317073170731707,Inf,4.390243902439025,0.01575405853434751,0.00042935889575558165,0.06040290503880996,-0.9999988862065532,0.0005150568223567027,0.000653190974817354,0.0025522077356179285,0.00042935889575558165,-0.9999566520969548,1.0
2414.0984020233154,2996.0,919.6829268292682,17.317073170731707,Inf,4.390243902439025,0.01575405853434751,0.00042935889575558165,0.06040290503880996,-0.9999988862065532,0.0005150568223567027,0.000653190974817354,0.0025522077356179285,0.00042935889575558165,-0.9999566520969548,1.0
2419.695843935013,3003.0,912.5365853658536,17.317073170731707,Inf,4.390243902439025,0.01575405853434751,0.00042935889575558165,0.06040290503880996,-0.9999988862065532,0.0005150568223567027,0.000653190974817354,0.0025522077356179285,0.00042935889575558165,-0.9999566520969548,1.0
2425.33248090744,3010.0,915.829268292683,17.317073170731707,Inf,4.390243902439025,0.01575405853434751,0.00042935889575558165,0.06040290503880996,-0.9999988862065532,0.0005150568223567027,0.000653190974817354,0.0025522077356179285,0.00042935889575558165,-0.9999566520969548,1.0
2430.8388488292694,3017.0,921.7317073170732,17.317073170731707,Inf,4.390243902439025,0.01575405853434751,0.00042935889575558165,0.06040290503880996,-0.9999988862065532,0.0005150568223567027,0.000653190974817354,0.0025522077356179285,0.00042935889575558165,-0.9999566520969548,1.0
2436.4304740428925,3024.0,927.5365853658536,17.317073170731707,Inf,4.390243902439025,0.01575405853434751,0.00042935889575558165,0.06040290503880996,-0.9999988862065532,0.0005150568223567027,0.000653190974817354,0.0025522077356179285,0.00042935889575558165,-0.9999566520969548,1.0
2442.064705848694,3031.0,933.4878048780488,17.317073170731707,Inf,4.390243902439025,0.01575405853434751,0.00042935889575558165,0.06040290503880996,-0.9999988862065532,0.0005150568223567027,0.000653190974817354,0.0025522077356179285,0.00042935889575558165,-0.9999566520969548,1.0
2447.6678969860077,3038.0,931.0243902439024,17.317073170731707,Inf,4.390243902439025,0.01575405853434751,0.00042935889575558165,0.06040290503880996,-0.9999988862065532,0.0005150568223567027,0.000653190974817354,0.0025522077356179285,0.00042935889575558165,-0.9999566520969548,1.0
2453.1953208446503,3045.0,936.9512195121952,17.317073170731707,Inf,4.390243902439025,0.01575405853434751,0.00042935889575558165,0.06040290503880996,-0.9999988862065532,0.0005150568223567027,0.000653190974817354,0.0025522077356179285,0.00042935889575558165,-0.9999566520969548,1.0
2458.6868929862976,3052.0,942.8048780487804,17.317073170731707,Inf,4.390243902439025,0.01575405853434751,0.00042935889575558165,0.06040290503880996,-0.9999988862065532,0.0005150568223567027,0.000653190974817354,0.0025522077356179285,0.00042935889575558165,-0.9999566520969548,1.0
2464.211930036545,3059.0,948.4878048780488,17.317073170731707,Inf,4.390243902439025,0.01575405853434751,0.00042935889575558165,0.06040290503880996,-0.9999988862065532,0.0005150568223567027,0.000653190974817354,0.0025522077356179285,0.00042935889575558165,-0.9999566520969548,1.0
2469.7126898765564,3066.0,954.4634146341464,17.317073170731707,Inf,4.390243902439025,0.01575405853434751,0.00042935889575558165,0.06040290503880996,-0.9999988862065532,0.0005150568223567027,0.000653190974817354,0.0025522077356179285,0.00042935889575558165,-0.9999566520969548,1.0
2475.2501838207245,3073.0,960.439024390244,17.317073170731707,Inf,4.390243902439025,0.01575405853434751,0.00042935889575558165,0.06040290503880996,-0.9999988862065532,0.0005150568223567027,0.000653190974817354,0.0025522077356179285,0.00042935889575558165,-0.9999566520969548,1.0
2480.6400079727173,3080.0,966.4634146341464,17.317073170731707,Inf,4.390243902439025,0.01575405853434751,0.00042935889575558165,0.06040290503880996,-0.9999988862065532,0.0005150568223567027,0.000653190974817354,0.0025522077356179285,0.00042935889575558165,-0.9999566520969548,1.0
2486.1001529693604,3087.0,972.0487804878048,17.317073170731707,Inf,4.390243902439025,0.01575405853434751,0.00042935889575558165,0.06040290503880996,-0.9999988862065532,0.0005150568223567027,0.000653190974817354,0.0025522077356179285,0.00042935889575558165,-0.9999566520969548,1.0
2491.488512992859,3094.0,978.0975609756098,17.317073170731707,Inf,4.390243902439025,0.01575405853434751,0.00042935889575558165,0.06040290503880996,-0.9999988862065532,0.0005150568223567027,0.000653190974817354,0.0025522077356179285,0.00042935889575558165,-0.9999566520969548,1.0
2496.950194835663,3101.0,971.6585365853658,17.317073170731707,Inf,4.390243902439025,0.01575405853434751,0.00042935889575558165,0.06040290503880996,-0.9999988862065532,0.0005150568223567027,0.000653190974817354,0.0025522077356179285,0.00042935889575558165,-0.9999566520969548,1.0
2502.5368139743805,3108.0,978.0487804878048,17.317073170731707,Inf,4.390243902439025,0.01575405853434751,0.00042935889575558165,0.06040290503880996,-0.9999988862065532,0.0005150568223567027,0.000653190974817354,0.0025522077356179285,0.00042935889575558165,-0.9999566520969548,1.0
2508.11700296402,3115.0,975.4634146341464,17.317073170731707,Inf,4.390243902439025,0.01575405853434751,0.00042935889575558165,0.06040290503880996,-0.9999988862065532,0.0005150568223567027,0.000653190974817354,0.0025522077356179285,0.00042935889575558165,-0.9999566520969548,1.0
2513.5881838798523,3122.0,980.609756097561,17.317073170731707,Inf,4.390243902439025,0.01575405853434751,0.00042935889575558165,0.06040290503880996,-0.9999988862065532,0.0005150568223567027,0.000653190974817354,0.0025522077356179285,0.00042935889575558165,-0.9999566520969548,1.0
2519.0766270160675,3129.0,984.170731707317,17.317073170731707,Inf,4.390243902439025,0.01575405853434751,0.00042935889575558165,0.06040290503880996,-0.9999988862065532,0.0005150568223567027,0.000653190974817354,0.0025522077356179285,0.00042935889575558165,-0.9999566520969548,1.0
2524.549516916275,3136.0,990.6585365853658,17.317073170731707,Inf,4.390243902439025,0.01575405853434751,0.00042935889575558165,0.06040290503880996,-0.9999988862065532,0.0005150568223567027,0.000653190974817354,0.0025522077356179285,0.00042935889575558165,-0.9999566520969548,1.0
2530.0273349285126,3143.0,997.170731707317,17.317073170731707,Inf,4.390243902439025,0.01575405853434751,0.00042935889575558165,0.06040290503880996,-0.9999988862065532,0.0005150568223567027,0.000653190974817354,0.0025522077356179285,0.00042935889575558165,-0.9999566520969548,1.0
2535.4150450229645,3150.0,1002.9024390243902,17.317073170731707,Inf,4.390243902439025,0.01575405853434751,0.00042935889575558165,0.06040290503880996,-0.9999988862065532,0.0005150568223567027,0.000653190974817354,0.0025522077356179285,0.00042935889575558165,-0.9999566520969548,1.0
2540.9326968193054,3157.0,1008.4878048780488,17.317073170731707,Inf,4.390243902439025,0.01575405853434751,0.00042935889575558165,0.06040290503880996,-0.9999988862065532,0.0005150568223567027,0.000653190974817354,0.0025522077356179285,0.00042935889575558165,-0.9999566520969548,1.0
2546.4259099960327,3164.0,1014.9756097560976,17.317073170731707,Inf,4.390243902439025,0.01575405853434751,0.00042935889575558165,0.06040290503880996,-0.9999988862065532,0.0005150568223567027,0.000653190974817354,0.0025522077356179285,0.00042935889575558165,-0.9999566520969548,1.0
2551.839849948883,3171.0,1020.9268292682926,17.317073170731707,Inf,4.390243902439025,0.01575405853434751,0.00042935889575558165,0.06040290503880996,-0.9999988862065532,0.0005150568223567027,0.000653190974817354,0.0025522077356179285,0.00042935889575558165,-0.9999566520969548,1.0
2557.3217458724976,3178.0,1013.5853658536586,17.317073170731707,Inf,4.390243902439025,0.01575405853434751,0.00042935889575558165,0.06040290503880996,-0.9999988862065532,0.0005150568223567027,0.000653190974817354,0.0025522077356179285,0.00042935889575558165,-0.9999566520969548,1.0
2562.7981679439545,3185.0,1019.4878048780488,17.317073170731707,Inf,4.390243902439025,0.01575405853434751,0.00042935889575558165,0.06040290503880996,-0.9999988862065532,0.0005150568223567027,0.000653190974817354,0.0025522077356179285,0.00042935889575558165,-0.9999566520969548,1.0
2568.3085629940033,3192.0,1026.0731707317073,17.317073170731707,Inf,4.390243902439025,0.01575405853434751,0.00042935889575558165,0.06040290503880996,-0.9999988862065532,0.0005150568223567027,0.000653190974817354,0.0025522077356179285,0.00042935889575558165,-0.9999566520969548,1.0
2573.808657884598,3199.0,1032.4878048780488,17.317073170731707,Inf,4.390243902439025,0.01575405853434751,0.00042935889575558165,0.06040290503880996,-0.9999988862065532,0.0005150568223567027,0.000653190974817354,0.0025522077356179285,0.00042935889575558165,-0.9999566520969548,1.0
2579.258152961731,3206.0,1038.9024390243903,17.317073170731707,Inf,4.390243902439025,0.01575405853434751,0.00042935889575558165,0.06040290503880996,-0.9999988862065532,0.0005150568223567027,0.000653190974817354,0.0025522077356179285,0.00042935889575558165,-0.9999566520969548,1.0
2584.625898838043,3213.0,1044.780487804878,17.317073170731707,Inf,4.365853658536586,0.01575405853434751,0.00042935889575558165,0.06040290503880996,-0.9999988862065532,0.0005150568223567027,0.000653190974817354,0.0025522077356179285,0.00042935889575558165,-0.9999566520969548,1.0
2589.9513609409332,3220.0,1027.2,17.05,Inf,4.3,0.01575405853434751,0.00042935889575558165,0.06040290503880996,-0.9999988862065532,0.0005150568223567027,0.000653190974817354,0.0025522077356179285,0.00042935889575558165,-0.9999566520969548,1.0
2595.4488940238953,3227.0,1033.4,17.05,Inf,4.3,0.01575405853434751,0.00042935889575558165,0.06040290503880996,-0.9999988862065532,0.0005150568223567027,0.000653190974817354,0.0025522077356179285,0.00042935889575558165,-0.9999566520969548,1.0
2600.823688030243,3234.0,1039.9,17.05,Inf,4.3,0.01575405853434751,0.00042935889575558165,0.06040290503880996,-0.9999988862065532,0.0005150568223567027,0.000653190974817354,0.0025522077356179285,0.00042935889575558165,-0.9999566520969548,1.0
2606.3059990406036,3241.0,1046.425,17.05,Inf,4.3,0.01575405853434751,0.00042935889575558165,0.06040290503880996,-0.9999988862065532,0.0005150568223567027,0.000653190974817354,0.0025522077356179285,0.00042935889575558165,-0.9999566520969548,1.0
2611.812024831772,3248.0,1052.875,17.05,Inf,4.3,0.01575405853434751,0.00042935889575558165,0.06040290503880996,-0.9999988862065532,0.0005150568223567027,0.000653190974817354,0.0025522077356179285,0.00042935889575558165,-0.9999566520969548,1.0
2617.3731558322906,3255.0,1059.4,17.05,Inf,4.3,0.01575405853434751,0.00042935889575558165,0.06040290503880996,-0.9999988862065532,0.0005150568223567027,0.000653190974817354,0.0025522077356179285,0.00042935889575558165,-0.9999566520969548,1.0
2622.7831480503082,3262.0,1065.975,17.05,Inf,4.3,0.01575405853434751,0.00042935889575558165,0.06040290503880996,-0.9999988862065532,0.0005150568223567027,0.000653190974817354,0.0025522077356179285,0.00042935889575558165,-0.9999566520969548,1.0
2628.1872420310974,3269.0,1072.6,17.05,Inf,4.3,0.01575405853434751,0.00042935889575558165,0.06040290503880996,-0.9999988862065532,0.0005150568223567027,0.000653190974817354,0.0025522077356179285,0.00042935889575558165,-0.9999566520969548,1.0
2633.695827960968,3276.0,1079.25,17.05,Inf,4.3,0.01575405853434751,0.00042935889575558165,0.06040290503880996,-0.9999988862065532,0.0005150568223567027,0.000653190974817354,0.0025522077356179285,0.00042935889575558165,-0.9999566520969548,1.0
2639.0538418293,3283.0,1085.9,17.05,Inf,4.3,0.01575405853434751,0.00042935889575558165,0.06040290503880996,-0.9999988862065532,0.0005150568223567027,0.000653190974817354,0.0025522077356179285,0.00042935889575558165,-0.9999566520969548,1.0
2644.4512779712677,3290.0,1092.575,17.05,Inf,4.3,0.01575405853434751,0.00042935889575558165,0.06040290503880996,-0.9999988862065532,0.0005150568223567027,0.000653190974817354,0.0025522077356179285,0.00042935889575558165,-0.9999566520969548,1.0
2649.972098827362,3297.0,1099.275,17.05,Inf,4.3,0.01575405853434751,0.00042935889575558165,0.06040290503880996,-0.9999988862065532,0.0005150568223567027,0.000653190974817354,0.0025522077356179285,0.00042935889575558165,-0.9999566520969548,1.0
2655.616802930832,3304.0,1105.875,17.05,Inf,4.3,0.01575405853434751,0.00042935889575558165,0.06040290503880996,-0.9999988862065532,0.0005150568223567027,0.000653190974817354,0.0025522077356179285,0.00042935889575558165,-0.9999566520969548,1.0
2661.0200209617615,3311.0,1112.675,17.05,Inf,4.3,0.01575405853434751,0.00042935889575558165,0.06040290503880996,-0.9999988862065532,0.0005150568223567027,0.000653190974817354,0.0025522077356179285,0.00042935889575558165,-0.9999566520969548,1.0
2666.4846398830414,3318.0,1119.175,17.05,Inf,4.3,0.01575405853434751,0.00042935889575558165,0.06040290503880996,-0.9999988862065532,0.0005150568223567027,0.000653190974817354,0.0025522077356179285,0.00042935889575558165,-0.9999566520969548,1.0
2671.9109029769897,3325.0,1108.2,17.05,Inf,4.3,0.01575405853434751,0.00042935889575558165,0.06040290503880996,-0.9999988862065532,0.0005150568223567027,0.000653190974817354,0.0025522077356179285,0.00042935889575558165,-0.9999566520969548,1.0
2677.48273396492,3332.0,1114.9,17.05,Inf,4.3,0.01575405853434751,0.00042935889575558165,0.06040290503880996,-0.9999988862065532,0.0005150568223567027,0.000653190974817354,0.0025522077356179285,0.00042935889575558165,-0.9999566520969548,1.0
2682.9514179229736,3339.0,1084.875,17.05,Inf,4.3,0.01575405853434751,0.00042935889575558165,0.06040290503880996,-0.9999988862065532,0.0005150568223567027,0.000653190974817354,0.0025522077356179285,0.00042935889575558165,-0.9999566520969548,1.0
2688.547977924347,3346.0,1057.475,17.05,Inf,4.3,0.012705654948105579,0.00030534756666092763,0.0571875169573417,-0.9999992079024748,0.0004402948472254838,0.0005441422273875124,0.002420398513794513,0.00030534756666092763,-0.9999566520969548,1.0
2694.276718854904,3353.0,1064.05,17.05,Inf,4.3,0.012705654948105579,0.00030534756666092763,0.0571875169573417,-0.9999992079024748,0.0004402948472254838,0.0005441422273875124,0.002420398513794513,0.00030534756666092763,-0.9999566520969548,1.0
2699.924106836319,3360.0,1070.675,17.05,Inf,4.3,0.012705654948105579,0.00030534756666092763,0.0571875169573417,-0.9999992079024748,0.0004402948472254838,0.0005441422273875124,0.002420398513794513,0.00030534756666092763,-0.9999566520969548,1.0
2705.5795409679413,3367.0,1077.3,17.05,Inf,4.3,0.012705654948105579,0.00030534756666092763,0.0571875169573417,-0.9999992079024748,0.0004402948472254838,0.0005441422273875124,0.002420398513794513,0.00030534756666092763,-0.9999566520969548,1.0
2711.201719045639,3374.0,1083.9,17.05,Inf,4.3,0.012705654948105579,0.00030534756666092763,0.0571875169573417,-0.9999992079024748,0.0004402948472254838,0.0005441422273875124,0.002420398513794513,0.00030534756666092763,-0.9999566520969548,1.0
2716.806962966919,3381.0,1090.55,17.05,Inf,4.3,0.012705654948105579,0.00030534756666092763,0.0571875169573417,-0.9999992079024748,0.0004402948472254838,0.0005441422273875124,0.002420398513794513,0.00030534756666092763,-0.9999566520969548,1.0
2722.168468952179,3388.0,1087.7,17.05,Inf,4.3,0.012705654948105579,0.00030534756666092763,0.0571875169573417,-0.9999992079024748,0.0004402948472254838,0.0005441422273875124,0.002420398513794513,0.00030534756666092763,-0.9999566520969548,1.0
2727.6369359493256,3395.0,1094.25,17.05,Inf,4.3,0.012705654948105579,0.00030534756666092763,0.0571875169573417,-0.9999992079024748,0.0004402948472254838,0.0005441422273875124,0.002420398513794513,0.00030534756666092763,-0.9999566520969548,1.0
2733.1328489780426,3402.0,1096.65,17.05,Inf,4.3,0.012705654948105579,0.00030534756666092763,0.0571875169573417,-0.9999992079024748,0.0004402948472254838,0.0005441422273875124,0.002420398513794513,0.00030534756666092763,-0.9999566520969548,1.0
2738.593586921692,3409.0,1103.125,17.05,Inf,4.3,0.012705654948105579,0.00030534756666092763,0.0571875169573417,-0.9999992079024748,0.0004402948472254838,0.0005441422273875124,0.002420398513794513,0.00030534756666092763,-0.9999566520969548,1.0
2744.1501870155334,3416.0,1109.625,17.05,Inf,4.3,0.012705654948105579,0.00030534756666092763,0.0571875169573417,-0.9999992079024748,0.0004402948472254838,0.0005441422273875124,0.002420398513794513,0.00030534756666092763,-0.9999566520969548,1.0
2749.6874418258667,3423.0,1116.075,17.05,Inf,4.3,0.012705654948105579,0.00030534756666092763,0.0571875169573417,-0.9999992079024748,0.0004402948472254838,0.0005441422273875124,0.002420398513794513,0.00030534756666092763,-0.9999566520969548,1.0
2755.2009348869324,3430.0,1122.65,17.05,Inf,4.3,0.012705654948105579,0.00030534756666092763,0.0571875169573417,-0.9999992079024748,0.0004402948472254838,0.0005441422273875124,0.002420398513794513,0.00030534756666092763,-0.9999566520969548,1.0
2760.6645138263702,3437.0,1128.95,17.05,Inf,4.3,0.012705654948105579,0.00030534756666092763,0.0571875169573417,-0.9999992079024748,0.0004402948472254838,0.0005441422273875124,0.002420398513794513,0.00030534756666092763,-0.9999566520969548,1.0
2766.128765821457,3444.0,1130.725,17.05,Inf,4.3,0.012705654948105579,0.00030534756666092763,0.0571875169573417,-0.9999992079024748,0.0004402948472254838,0.0005441422273875124,0.002420398513794513,0.00030534756666092763,-0.9999566520969548,1.0
2771.5172049999237,3451.0,1118.775,17.05,Inf,4.3,0.012705654948105579,0.00030534756666092763,0.0571875169573417,-0.9999992079024748,0.0004402948472254838,0.0005441422273875124,0.002420398513794513,0.00030534756666092763,-0.9999566520969548,1.0
2777.066018819809,3458.0,1125.35,17.05,Inf,4.3,0.012705654948105579,0.00030534756666092763,0.0571875169573417,-0.9999992079024748,0.0004402948472254838,0.0005441422273875124,0.002420398513794513,0.00030534756666092763,-0.9999566520969548,1.0
2782.528666973114,3465.0,1129.85,17.05,Inf,4.3,0.012705654948105579,0.00030534756666092763,0.0571875169573417,-0.9999992079024748,0.0004402948472254838,0.0005441422273875124,0.002420398513794513,0.00030534756666092763,-0.9999566520969548,1.0
2787.989583015442,3472.0,1136.45,17.05,Inf,4.3,0.012705654948105579,0.00030534756666092763,0.0571875169573417,-0.9999992079024748,0.0004402948472254838,0.0005441422273875124,0.002420398513794513,0.00030534756666092763,-0.9999566520969548,1.0
2793.486871957779,3479.0,1142.95,17.05,Inf,4.3,0.012705654948105579,0.00030534756666092763,0.0571875169573417,-0.9999992079024748,0.0004402948472254838,0.0005441422273875124,0.002420398513794513,0.00030534756666092763,-0.9999566520969548,1.0
2799.0407938957214,3486.0,1149.3,17.05,Inf,4.3,0.012705654948105579,0.00030534756666092763,0.0571875169573417,-0.9999992079024748,0.0004402948472254838,0.0005441422273875124,0.002420398513794513,0.00030534756666092763,-0.9999566520969548,1.0
2804.554729938507,3493.0,1155.925,17.05,Inf,4.3,0.012705654948105579,0.00030534756666092763,0.0571875169573417,-0.9999992079024748,0.0004402948472254838,0.0005441422273875124,0.002420398513794513,0.00030534756666092763,-0.9999566520969548,1.0
2810.076516866684,3500.0,1162.325,17.05,Inf,4.3,0.012705654948105579,0.00030534756666092763,0.0571875169573417,-0.9999992079024748,0.0004402948472254838,0.0005441422273875124,0.002420398513794513,0.00030534756666092763,-0.9999566520969548,1.0
2815.6454899311066,3507.0,1169.125,17.05,Inf,4.3,0.012705654948105579,0.00030534756666092763,0.0571875169573417,-0.9999992079024748,0.0004402948472254838,0.0005441422273875124,0.002420398513794513,0.00030534756666092763,-0.9999566520969548,1.0
2821.1973140239716,3514.0,1175.6,17.05,Inf,4.3,0.012705654948105579,0.00030534756666092763,0.0571875169573417,-0.9999992079024748,0.0004402948472254838,0.0005441422273875124,0.002420398513794513,0.00030534756666092763,-0.9999566520969548,1.0
2826.7188489437103,3521.0,1182.225,17.05,Inf,4.3,0.012705654948105579,0.00030534756666092763,0.0571875169573417,-0.9999992079024748,0.0004402948472254838,0.0005441422273875124,0.002420398513794513,0.00030534756666092763,-0.9999566520969548,1.0
2832.18408203125,3528.0,1188.9,17.05,Inf,4.3,0.012705654948105579,0.00030534756666092763,0.0571875169573417,-0.9999992079024748,0.0004402948472254838,0.0005441422273875124,0.002420398513794513,0.00030534756666092763,-0.9999566520969548,1.0
2837.7997329235077,3535.0,1195.475,17.05,Inf,4.3,0.012705654948105579,0.00030534756666092763,0.0571875169573417,-0.9999992079024748,0.0004402948472254838,0.0005441422273875124,0.002420398513794513,0.00030534756666092763,-0.9999566520969548,1.0
2843.319144964218,3542.0,1202.125,17.05,Inf,4.3,0.012705654948105579,0.00030534756666092763,0.0571875169573417,-0.9999992079024748,0.0004402948472254838,0.0005441422273875124,0.002420398513794513,0.00030534756666092763,-0.9999566520969548,1.0
2848.9520139694214,3549.0,1208.775,17.05,Inf,4.3,0.012705654948105579,0.00030534756666092763,0.0571875169573417,-0.9999992079024748,0.0004402948472254838,0.0005441422273875124,0.002420398513794513,0.00030534756666092763,-0.9999566520969548,1.0
2854.503618955612,3556.0,1215.475,17.05,Inf,4.3,0.012705654948105579,0.00030534756666092763,0.0571875169573417,-0.9999992079024748,0.0004402948472254838,0.0005441422273875124,0.002420398513794513,0.00030534756666092763,-0.9999566520969548,1.0
2859.978744983673,3563.0,1220.45,17.05,Inf,4.3,0.012705654948105579,0.00030534756666092763,0.0571875169573417,-0.9999992079024748,0.0004402948472254838,0.0005441422273875124,0.002420398513794513,0.00030534756666092763,-0.9999566520969548,1.0
2865.544690847397,3570.0,1217.3,17.05,Inf,4.3,0.012705654948105579,0.00030534756666092763,0.0571875169573417,-0.9999992079024748,0.0004402948472254838,0.0005441422273875124,0.002420398513794513,0.00030534756666092763,-0.9999566520969548,1.0
2871.014140844345,3577.0,1223.9,17.05,Inf,4.3,0.012705654948105579,0.00030534756666092763,0.0571875169573417,-0.9999992079024748,0.0004402948472254838,0.0005441422273875124,0.002420398513794513,0.00030534756666092763,-0.9999566520969548,1.0
2876.5646028518677,3584.0,1218.775,17.05,Inf,4.3,0.012705654948105579,0.00030534756666092763,0.0571875169573417,-0.9999992079024748,0.0004402948472254838,0.0005441422273875124,0.002420398513794513,0.00030534756666092763,-0.9999566520969548,1.0
2882.0952758789062,3591.0,1225.4,17.05,Inf,4.3,0.012705654948105579,0.00030534756666092763,0.0571875169573417,-0.9999992079024748,0.0004402948472254838,0.0005441422273875124,0.002420398513794513,0.00030534756666092763,-0.9999566520969548,1.0
2887.773416042328,3598.0,1232.05,17.05,Inf,4.3,0.012705654948105579,0.00030534756666092763,0.0571875169573417,-0.9999992079024748,0.0004402948472254838,0.0005441422273875124,0.002420398513794513,0.00030534756666092763,-0.9999566520969548,1.0
2893.2744479179382,3605.0,1238.65,17.05,Inf,4.3,0.012705654948105579,0.00030534756666092763,0.0571875169573417,-0.9999992079024748,0.0004402948472254838,0.0005441422273875124,0.002420398513794513,0.00030534756666092763,-0.9999566520969548,1.0
2898.802857875824,3612.0,1245.375,17.05,Inf,4.3,0.012705654948105579,0.00030534756666092763,0.0571875169573417,-0.9999992079024748,0.0004402948472254838,0.0005441422273875124,0.002420398513794513,0.00030534756666092763,-0.9999566520969548,1.0
2904.2361028194427,3619.0,1251.975,17.05,Inf,4.3,0.012705654948105579,0.00030534756666092763,0.0571875169573417,-0.9999992079024748,0.0004402948472254838,0.0005441422273875124,0.002420398513794513,0.00030534756666092763,-0.9999566520969548,1.0
2909.713982820511,3626.0,1258.825,17.05,Inf,4.3,0.012705654948105579,0.00030534756666092763,0.0571875169573417,-0.9999992079024748,0.0004402948472254838,0.0005441422273875124,0.002420398513794513,0.00030534756666092763,-0.9999566520969548,1.0
2915.129875898361,3633.0,1265.3,17.05,Inf,4.3,0.012705654948105579,0.00030534756666092763,0.0571875169573417,-0.9999992079024748,0.0004402948472254838,0.0005441422273875124,0.002420398513794513,0.00030534756666092763,-0.9999566520969548,1.0
2920.638105869293,3640.0,1271.9,17.05,Inf,4.3,0.012705654948105579,0.00030534756666092763,0.0571875169573417,-0.9999992079024748,0.0004402948472254838,0.0005441422273875124,0.002420398513794513,0.00030534756666092763,-0.9999566520969548,1.0
2926.197161912918,3647.0,1278.575,17.05,Inf,4.3,0.012705654948105579,0.00030534756666092763,0.0571875169573417,-0.9999992079024748,0.0004402948472254838,0.0005441422273875124,0.002420398513794513,0.00030534756666092763,-0.9999566520969548,1.0
2931.747498035431,3654.0,1285.525,17.05,Inf,4.3,0.012705654948105579,0.00030534756666092763,0.0571875169573417,-0.9999992079024748,0.0004402948472254838,0.0005441422273875124,0.002420398513794513,0.00030534756666092763,-0.9999566520969548,1.0
2937.2478709220886,3661.0,1274.1,17.05,Inf,4.3,0.012705654948105579,0.00030534756666092763,0.0571875169573417,-0.9999992079024748,0.0004402948472254838,0.0005441422273875124,0.002420398513794513,0.00030534756666092763,-0.9999566520969548,1.0
2942.7220249176025,3668.0,1280.9,17.05,Inf,4.3,0.012705654948105579,0.00030534756666092763,0.0571875169573417,-0.9999992079024748,0.0004402948472254838,0.0005441422273875124,0.002420398513794513,0.00030534756666092763,-0.9999566520969548,1.0
2948.241775035858,3675.0,1287.475,17.05,Inf,4.3,0.012705654948105579,0.00030534756666092763,0.0571875169573417,-0.9999992079024748,0.0004402948472254838,0.0005441422273875124,0.002420398513794513,0.00030534756666092763,-0.9999566520969548,1.0
2953.705102920532,3682.0,1294.15,17.05,Inf,4.3,0.012705654948105579,0.00030534756666092763,0.0571875169573417,-0.9999992079024748,0.0004402948472254838,0.0005441422273875124,0.002420398513794513,0.00030534756666092763,-0.9999566520969548,1.0
2959.128229856491,3689.0,1295.1,17.05,Inf,4.3,0.012705654948105579,0.00030534756666092763,0.0571875169573417,-0.9999992079024748,0.0004402948472254838,0.0005441422273875124,0.002420398513794513,0.00030534756666092763,-0.9999566520969548,1.0
2964.5593090057373,3696.0,1301.725,17.05,Inf,4.3,0.012705654948105579,0.00030534756666092763,0.0571875169573417,-0.9999992079024748,0.0004402948472254838,0.0005441422273875124,0.002420398513794513,0.00030534756666092763,-0.9999566520969548,1.0
2969.949872970581,3703.0,1308.5,17.05,Inf,4.3,0.012705654948105579,0.00030534756666092763,0.0571875169573417,-0.9999992079024748,0.0004402948472254838,0.0005441422273875124,0.002420398513794513,0.00030534756666092763,-0.9999566520969548,1.0
2975.518311023712,3710.0,1315.05,17.05,Inf,4.3,0.012705654948105579,0.00030534756666092763,0.0571875169573417,-0.9999992079024748,0.0004402948472254838,0.0005441422273875124,0.002420398513794513,0.00030534756666092763,-0.9999566520969548,1.0
2980.9628138542175,3717.0,1306.975,17.05,Inf,4.3,0.012705654948105579,0.00030534756666092763,0.0571875169573417,-0.9999992079024748,0.0004402948472254838,0.0005441422273875124,0.002420398513794513,0.00030534756666092763,-0.9999566520969548,1.0
2986.5607969760895,3724.0,1313.5,17.05,Inf,4.3,0.012705654948105579,0.00030534756666092763,0.0571875169573417,-0.9999992079024748,0.0004402948472254838,0.0005441422273875124,0.002420398513794513,0.00030534756666092763,-0.9999566520969548,1.0
2992.069457054138,3731.0,1319.975,17.05,Inf,4.3,0.012705654948105579,0.00030534756666092763,0.0571875169573417,-0.9999992079024748,0.0004402948472254838,0.0005441422273875124,0.002420398513794513,0.00030534756666092763,-0.9999566520969548,1.0
2997.6240470409393,3738.0,1326.475,17.05,Inf,4.3,0.012705654948105579,0.00030534756666092763,0.0571875169573417,-0.9999992079024748,0.0004402948472254838,0.0005441422273875124,0.002420398513794513,0.00030534756666092763,-0.9999566520969548,1.0
3003.019106864929,3745.0,1332.975,17.05,Inf,4.3,0.012705654948105579,0.00030534756666092763,0.0571875169573417,-0.9999992079024748,0.0004402948472254838,0.0005441422273875124,0.002420398513794513,0.00030534756666092763,-0.9999566520969548,1.0
3008.632598876953,3752.0,1339.375,17.05,Inf,4.3,0.012705654948105579,0.00030534756666092763,0.0571875169573417,-0.9999992079024748,0.0004402948472254838,0.0005441422273875124,0.002420398513794513,0.00030534756666092763,-0.9999566520969548,1.0
3014.0428290367126,3759.0,1345.825,17.05,Inf,4.3,0.012705654948105579,0.00030534756666092763,0.0571875169573417,-0.9999992079024748,0.0004402948472254838,0.0005441422273875124,0.002420398513794513,0.00030534756666092763,-0.9999566520969548,1.0
3019.505803823471,3766.0,1352.25,17.05,Inf,4.3,0.012705654948105579,0.00030534756666092763,0.0571875169573417,-0.9999992079024748,0.0004402948472254838,0.0005441422273875124,0.002420398513794513,0.00030534756666092763,-0.9999566520969548,1.0
3025.076882839203,3773.0,1359.0,17.05,Inf,4.3,0.012705654948105579,0.00030534756666092763,0.0571875169573417,-0.9999992079024748,0.0004402948472254838,0.0005441422273875124,0.002420398513794513,0.00030534756666092763,-0.9999566520969548,1.0
3030.43793797493,3780.0,1365.25,17.05,Inf,4.3,0.012705654948105579,0.00030534756666092763,0.0571875169573417,-0.9999992079024748,0.0004402948472254838,0.0005441422273875124,0.002420398513794513,0.00030534756666092763,-0.9999566520969548,1.0
3036.087040901184,3787.0,1371.7,17.05,Inf,4.3,0.012705654948105579,0.00030534756666092763,0.0571875169573417,-0.9999992079024748,0.0004402948472254838,0.0005441422273875124,0.002420398513794513,0.00030534756666092763,-0.9999566520969548,1.0
3041.6038789749146,3794.0,1367.175,17.05,Inf,4.3,0.012705654948105579,0.00030534756666092763,0.0571875169573417,-0.9999992079024748,0.0004402948472254838,0.0005441422273875124,0.002420398513794513,0.00030534756666092763,-0.9999566520969548,1.0
3047.144471883774,3801.0,1373.5,17.05,Inf,4.3,0.012705654948105579,0.00030534756666092763,0.0571875169573417,-0.9999992079024748,0.0004402948472254838,0.0005441422273875124,0.002420398513794513,0.00030534756666092763,-0.9999566520969548,1.0
3052.6021389961243,3808.0,1391.6410256410256,16.743589743589745,Inf,4.230769230769231,0.012118750156731,0.00029943921068936047,0.0613102482573602,-0.999999223229252,0.0004374210010566208,0.0006291489513787336,0.0025926227128489467,0.00029943921068936047,-0.9999566520969548,1.0
3058.1038789749146,3815.0,1397.974358974359,16.743589743589745,Inf,4.230769230769231,0.012118750156731,0.00029943921068936047,0.0613102482573602,-0.999999223229252,0.0004374210010566208,0.0006291489513787336,0.0025926227128489467,0.00029943921068936047,-0.9999566520969548,1.0
3063.5532269477844,3822.0,1361.7692307692307,16.743589743589745,Inf,4.230769230769231,0.012104907149301366,0.0002900825108912553,0.05920034985044609,-0.9999992475013262,0.0004354806743411405,0.0006037583217090119,0.002500636573050695,0.0002900825108912553,-0.9999566520969548,1.0
3069.1453149318695,3829.0,1349.5128205128206,16.743589743589745,Inf,4.230769230769231,0.011919281234514446,0.0002893434106061216,0.05983959098265146,-0.9999992494186151,0.00042987210163765736,0.000599487217649698,0.0025377733798234068,0.0002893434106061216,-0.9999566520969548,1.0
3074.706913948059,3836.0,1355.7435897435898,16.743589743589745,Inf,4.230769230769231,0.011918862672403404,0.00028934304471999774,0.05983853745435752,-0.9999992494195642,0.0004298631847554189,0.0005994965142995885,0.002537584111500448,0.00028934304471999774,-0.9999566520969548,1.0
3080.150377035141,3843.0,1361.4358974358975,16.743589743589745,Inf,4.230769230769231,0.011918862672403404,0.00028934304471999774,0.05983853745435752,-0.9999992494195642,0.0004298631847554189,0.0005994965142995885,0.002537584111500448,0.00028934304471999774,-0.9999566520969548,1.0
3085.6301970481873,3850.0,1367.923076923077,16.743589743589745,Inf,4.230769230769231,0.011918862672403404,0.00028934304471999774,0.05983853745435752,-0.9999992494195642,0.0004298631847554189,0.0005994965142995885,0.002537584111500448,0.00028934304471999774,-0.9999566520969548,1.0
3091.1334099769592,3857.0,1373.7179487179487,16.743589743589745,Inf,4.230769230769231,0.011234881234018678,0.00026058554087929185,0.04410821424353628,-0.999999324018972,0.00035676438545510347,0.0005144331039948745,0.0017466645055153203,0.00026058554087929185,-0.999985550698985,1.0
3096.7266108989716,3864.0,1379.974358974359,16.743589743589745,Inf,4.230769230769231,0.011421794408907646,0.0002521009760763791,0.041606703999143235,-0.9999993460286537,0.00036715333838813576,0.0004876591610753355,0.0016178363816763456,0.0002521009760763791,-0.999985550698985,1.0
3102.153739929199,3871.0,1386.5897435897436,16.743589743589745,Inf,4.230769230769231,0.011421794408907646,0.0002521009760763791,0.041606703999143235,-0.9999993460286537,0.00036715333838813576,0.0004876591610753355,0.0016178363816763456,0.0002521009760763791,-0.999985550698985,1.0
3107.7068598270416,3878.0,1391.7435897435898,16.743589743589745,Inf,4.230769230769231,0.011421794408907646,0.0002521009760763791,0.041606703999143235,-0.9999993460286537,0.00036715333838813576,0.0004876591610753355,0.0016178363816763456,0.0002521009760763791,-0.999985550698985,1.0
3113.1814098358154,3885.0,1398.0,16.743589743589745,Inf,4.230769230769231,0.011421794408907646,0.0002521009760763791,0.041606703999143235,-0.9999993460286537,0.00036715333838813576,0.0004876591610753355,0.0016178363816763456,0.0002521009760763791,-0.999985550698985,1.0
3118.673821926117,3892.0,1395.948717948718,16.743589743589745,Inf,4.230769230769231,0.011421794408907646,0.0002521009760763791,0.041606703999143235,-0.9999993460286537,0.00036715333838813576,0.0004876591610753355,0.0016178363816763456,0.0002521009760763791,-0.999985550698985,1.0
3124.2679328918457,3899.0,1402.4358974358975,16.743589743589745,Inf,4.230769230769231,0.011421794408907646,0.0002521009760763791,0.041606703999143235,-0.9999993460286537,0.00036715333838813576,0.0004876591610753355,0.0016178363816763456,0.0002521009760763791,-0.999985550698985,1.0
3129.876489877701,3906.0,1408.8461538461538,16.743589743589745,Inf,4.230769230769231,0.011421794408907646,0.0002521009760763791,0.041606703999143235,-0.9999993460286537,0.00036715333838813576,0.0004876591610753355,0.0016178363816763456,0.0002521009760763791,-0.999985550698985,1.0
3135.4248118400574,3913.0,1415.4102564102564,16.743589743589745,Inf,4.230769230769231,0.011421794408907646,0.0002521009760763791,0.041606703999143235,-0.9999993460286537,0.00036715333838813576,0.0004876591610753355,0.0016178363816763456,0.0002521009760763791,-0.999985550698985,1.0
3140.9954199790955,3920.0,1421.6410256410256,16.743589743589745,Inf,4.230769230769231,0.011421794408907646,0.0002521009760763791,0.041606703999143235,-0.9999993460286537,0.00036715333838813576,0.0004876591610753355,0.0016178363816763456,0.0002521009760763791,-0.999985550698985,1.0
3146.6404960155487,3927.0,1436.1315789473683,16.5,Inf,4.184210526315789,0.011421794408907646,0.0002521009760763791,0.041606703999143235,-0.9999993460286537,0.00036715333838813576,0.0004876591610753355,0.0016178363816763456,0.0002521009760763791,-0.999985550698985,1.0
3152.301472902298,3934.0,1442.7631578947369,16.5,Inf,4.184210526315789,0.011421794408907646,0.0002521009760763791,0.041606703999143235,-0.9999993460286537,0.00036715333838813576,0.0004876591610753355,0.0016178363816763456,0.0002521009760763791,-0.999985550698985,1.0
3157.864310026169,3941.0,1448.921052631579,16.5,Inf,4.184210526315789,0.011421794408907646,0.0002521009760763791,0.041606703999143235,-0.9999993460286537,0.00036715333838813576,0.0004876591610753355,0.0016178363816763456,0.0002521009760763791,-0.999985550698985,1.0
3163.3607280254364,3948.0,1453.0263157894738,16.5,Inf,4.184210526315789,0.011128835249932049,0.00023502263640959726,0.04637665401705959,-0.9999993903313176,0.00037122189168287324,0.0004643213848336072,0.0018779336130260937,0.00023502263640959726,-0.9999711013979699,1.0
3168.8735489845276,3955.0,1459.6052631578948,16.5,Inf,4.184210526315789,0.011128835249932049,0.00023502263640959726,0.04637665401705959,-0.9999993903313176,0.00037122189168287324,0.0004643213848336072,0.0018779336130260937,0.00023502263640959726,-0.9999711013979699,1.0
3174.3837230205536,3962.0,1465.9473684210527,16.5,Inf,4.184210526315789,0.011128835249932049,0.00023502263640959726,0.04637665401705959,-0.9999993903313176,0.00037122189168287324,0.0004643213848336072,0.0018779336130260937,0.00023502263640959726,-0.9999711013979699,1.0
3179.84100484848,3969.0,1472.3684210526317,16.5,Inf,4.184210526315789,0.011128835249932049,0.00023502263640959726,0.04637665401705959,-0.9999993903313176,0.00037122189168287324,0.0004643213848336072,0.0018779336130260937,0.00023502263640959726,-0.9999711013979699,1.0
3185.4991159439087,3976.0,1473.921052631579,16.5,Inf,4.184210526315789,0.011128835249932049,0.00023502263640959726,0.04637665401705959,-0.9999993903313176,0.00037122189168287324,0.0004643213848336072,0.0018779336130260937,0.00023502263640959726,-0.9999711013979699,1.0
3190.8699040412903,3983.0,1480.3684210526317,16.5,Inf,4.184210526315789,0.011128835249932049,0.00023502263640959726,0.04637665401705959,-0.9999993903313176,0.00037122189168287324,0.0004643213848336072,0.0018779336130260937,0.00023502263640959726,-0.9999711013979699,1.0
3196.380966901779,3990.0,1486.8947368421052,16.5,Inf,4.184210526315789,0.011128835249932049,0.00023502263640959726,0.04637665401705959,-0.9999993903313176,0.00037122189168287324,0.0004643213848336072,0.0018779336130260937,0.00023502263640959726,-0.9999711013979699,1.0
3201.7443809509277,3997.0,1493.2631578947369,16.5,Inf,4.184210526315789,0.011128835249932049,0.00023502263640959726,0.04637665401705959,-0.9999993903313176,0.00037122189168287324,0.0004643213848336072,0.0018779336130260937,0.00023502263640959726,-0.9999711013979699,1.0
3207.3273169994354,4004.0,1499.6842105263158,16.5,Inf,4.184210526315789,0.011128835249932049,0.00023502263640959726,0.04637665401705959,-0.9999993903313176,0.00037122189168287324,0.0004643213848336072,0.0018779336130260937,0.00023502263640959726,-0.9999711013979699,1.0
3212.7910380363464,4011.0,1506.0526315789473,16.5,Inf,4.184210526315789,0.011128835249932049,0.00023502263640959726,0.04637665401705959,-0.9999993903313176,0.00037122189168287324,0.0004643213848336072,0.0018779336130260937,0.00023502263640959726,-0.9999711013979699,1.0
3218.30539894104,4018.0,1512.7631578947369,16.5,Inf,4.184210526315789,0.011128835249932049,0.00023502263640959726,0.04637665401705959,-0.9999993903313176,0.00037122189168287324,0.0004643213848336072,0.0018779336130260937,0.00023502263640959726,-0.9999711013979699,1.0
3223.9138748645782,4025.0,1518.9473684210527,16.5,Inf,4.184210526315789,0.011128835249932049,0.00023502263640959726,0.04637665401705959,-0.9999993903313176,0.00037122189168287324,0.0004643213848336072,0.0018779336130260937,0.00023502263640959726,-0.9999711013979699,1.0
3229.452039003372,4032.0,1525.657894736842,16.5,Inf,4.184210526315789,0.011128835249932049,0.00023502263640959726,0.04637665401705959,-0.9999993903313176,0.00037122189168287324,0.0004643213848336072,0.0018779336130260937,0.00023502263640959726,-0.9999711013979699,1.0
3235.025745868683,4039.0,1532.3157894736842,16.5,Inf,4.184210526315789,0.011128835249932049,0.00023502263640959726,0.04637665401705959,-0.9999993903313176,0.00037122189168287324,0.0004643213848336072,0.0018779336130260937,0.00023502263640959726,-0.9999711013979699,1.0
3240.496283054352,4046.0,1506.3157894736842,16.5,Inf,4.184210526315789,0.011128835249932049,0.00023502263640959726,0.04637665401705959,-0.9999993903313176,0.00037122189168287324,0.0004643213848336072,0.0018779336130260937,0.00023502263640959726,-0.9999711013979699,1.0
3246.0931210517883,4053.0,1512.7368421052631,16.5,Inf,4.184210526315789,0.011128835249932049,0.00023502263640959726,0.04637665401705959,-0.9999993903313176,0.00037122189168287324,0.0004643213848336072,0.0018779336130260937,0.00023502263640959726,-0.9999711013979699,1.0
3251.4804430007935,4060.0,1519.2105263157894,16.5,Inf,4.184210526315789,0.011128835249932049,0.00023502263640959726,0.04637665401705959,-0.9999993903313176,0.00037122189168287324,0.0004643213848336072,0.0018779336130260937,0.00023502263640959726,-0.9999711013979699,1.0
3256.963511943817,4067.0,1525.1315789473683,16.5,Inf,4.184210526315789,0.011128835249932049,0.00023502263640959726,0.04637665401705959,-0.9999993903313176,0.00037122189168287324,0.0004643213848336072,0.0018779336130260937,0.00023502263640959726,-0.9999711013979699,1.0
3262.4744930267334,4074.0,1492.128205128205,16.615384615384617,Inf,4.205128205128205,0.011128835249932049,0.00023502263640959726,0.04637665401705959,-0.9999993903313176,0.00037122189168287324,0.0004643213848336072,0.0018779336130260937,0.00023502263640959726,-0.9999711013979699,2.0
3268.032807826996,4081.0,1498.5384615384614,16.615384615384617,Inf,4.205128205128205,0.011128835249932049,0.00023502263640959726,0.04637665401705959,-0.9999993903313176,0.00037122189168287324,0.0004643213848336072,0.0018779336130260937,0.00023502263640959726,-0.9999711013979699,2.0
3273.5150158405304,4088.0,1505.051282051282,16.615384615384617,Inf,4.205128205128205,0.011128835249932049,0.00023502263640959726,0.04637665401705959,-0.9999993903313176,0.00037122189168287324,0.0004643213848336072,0.0018779336130260937,0.00023502263640959726,-0.9999711013979699,2.0
3278.9770460128784,4095.0,1511.6153846153845,16.615384615384617,Inf,4.205128205128205,0.011128835249932049,0.00023502263640959726,0.04637665401705959,-0.9999993903313176,0.00037122189168287324,0.0004643213848336072,0.0018779336130260937,0.00023502263640959726,-0.9999711013979699,2.0
3284.4369699954987,4102.0,1517.2820512820513,16.615384615384617,Inf,4.205128205128205,0.011128835249932049,0.00023502263640959726,0.04637665401705959,-0.9999993903313176,0.00037122189168287324,0.0004643213848336072,0.0018779336130260937,0.00023502263640959726,-0.9999711013979699,2.0
3289.893439054489,4109.0,1523.6666666666667,16.615384615384617,Inf,4.205128205128205,0.011128835249932049,0.00023502263640959726,0.04637665401705959,-0.9999993903313176,0.00037122189168287324,0.0004643213848336072,0.0018779336130260937,0.00023502263640959726,-0.9999711013979699,2.0
3295.3962688446045,4116.0,1530.025641025641,16.615384615384617,Inf,4.205128205128205,0.011128835249932049,0.00023502263640959726,0.04637665401705959,-0.9999993903313176,0.00037122189168287324,0.0004643213848336072,0.0018779336130260937,0.00023502263640959726,-0.9999711013979699,2.0
3300.6868929862976,4123.0,1530.4736842105262,16.44736842105263,Inf,4.2105263157894735,0.011128835249932049,0.00023502263640959726,0.04637665401705959,-0.9999993903313176,0.00037122189168287324,0.0004643213848336072,0.0018779336130260937,0.00023502263640959726,-0.9999711013979699,2.0
3306.246090888977,4130.0,1537.0,16.44736842105263,Inf,4.2105263157894735,0.011128835249932049,0.00023502263640959726,0.04637665401705959,-0.9999993903313176,0.00037122189168287324,0.0004643213848336072,0.0018779336130260937,0.00023502263640959726,-0.9999711013979699,2.0
3311.6333780288696,4137.0,1517.5263157894738,16.44736842105263,Inf,4.2105263157894735,0.011128835249932049,0.00023502263640959726,0.04637665401705959,-0.9999993903313176,0.00037122189168287324,0.0004643213848336072,0.0018779336130260937,0.00023502263640959726,-0.9999711013979699,2.0
3317.1583960056305,4144.0,1523.657894736842,16.44736842105263,Inf,4.2105263157894735,0.011128835249932049,0.00023502263640959726,0.04637665401705959,-0.9999993903313176,0.00037122189168287324,0.0004643213848336072,0.0018779336130260937,0.00023502263640959726,-0.9999711013979699,2.0
3322.5542888641357,4151.0,1530.2368421052631,16.44736842105263,Inf,4.2105263157894735,0.011128835249932049,0.00023502263640959726,0.04637665401705959,-0.9999993903313176,0.00037122189168287324,0.0004643213848336072,0.0018779336130260937,0.00023502263640959726,-0.9999711013979699,2.0
3327.9586470127106,4158.0,1536.842105263158,16.44736842105263,Inf,4.2105263157894735,0.011128835249932049,0.00023502263640959726,0.04637665401705959,-0.9999993903313176,0.00037122189168287324,0.0004643213848336072,0.0018779336130260937,0.00023502263640959726,-0.9999711013979699,2.0
3333.3857798576355,4165.0,1542.7631578947369,16.44736842105263,Inf,4.2105263157894735,0.011128835249932049,0.00023502263640959726,0.04637665401705959,-0.9999993903313176,0.00037122189168287324,0.0004643213848336072,0.0018779336130260937,0.00023502263640959726,-0.9999711013979699,2.0
3338.869024991989,4172.0,1549.2368421052631,16.44736842105263,Inf,4.2105263157894735,0.011128835249932049,0.00023502263640959726,0.04637665401705959,-0.9999993903313176,0.00037122189168287324,0.0004643213848336072,0.0018779336130260937,0.00023502263640959726,-0.9999711013979699,2.0
3344.4468450546265,4179.0,1555.7894736842106,16.44736842105263,Inf,4.2105263157894735,0.011128835249932049,0.00023502263640959726,0.04637665401705959,-0.9999993903313176,0.00037122189168287324,0.0004643213848336072,0.0018779336130260937,0.00023502263640959726,-0.9999711013979699,2.0
3349.905102968216,4186.0,1562.2631578947369,16.44736842105263,Inf,4.2105263157894735,0.011128835249932049,0.00023502263640959726,0.04637665401705959,-0.9999993903313176,0.00037122189168287324,0.0004643213848336072,0.0018779336130260937,0.00023502263640959726,-0.9999711013979699,2.0
3355.3856348991394,4193.0,1568.5526315789473,16.44736842105263,Inf,4.2105263157894735,0.011128835249932049,0.00023502263640959726,0.04637665401705959,-0.9999993903313176,0.00037122189168287324,0.0004643213848336072,0.0018779336130260937,0.00023502263640959726,-0.9999711013979699,2.0
3360.7930150032043,4200.0,1575.1842105263158,16.44736842105263,Inf,4.2105263157894735,0.011128835249932049,0.00023502263640959726,0.04637665401705959,-0.9999993903313176,0.00037122189168287324,0.0004643213848336072,0.0018779336130260937,0.00023502263640959726,-0.9999711013979699,2.0
3366.218736886978,4207.0,1581.5263157894738,16.44736842105263,Inf,4.2105263157894735,0.011128835249932049,0.00023502263640959726,0.04637665401705959,-0.9999993903313176,0.00037122189168287324,0.0004643213848336072,0.0018779336130260937,0.00023502263640959726,-0.9999711013979699,2.0
3371.5388329029083,4214.0,1587.921052631579,16.44736842105263,Inf,4.2105263157894735,0.011128835249932049,0.00023502263640959726,0.04637665401705959,-0.9999993903313176,0.00037122189168287324,0.0004643213848336072,0.0018779336130260937,0.00023502263640959726,-0.9999711013979699,2.0
3377.136673927307,4221.0,1536.3157894736842,16.44736842105263,Inf,4.2105263157894735,0.011128835249932049,0.00023502263640959726,0.04637665401705959,-0.9999993903313176,0.00037122189168287324,0.0004643213848336072,0.0018779336130260937,0.00023502263640959726,-0.9999711013979699,2.0
3382.636484861374,4228.0,1542.9473684210527,16.44736842105263,Inf,4.2105263157894735,0.011128835249932049,0.00023502263640959726,0.04637665401705959,-0.9999993903313176,0.00037122189168287324,0.0004643213848336072,0.0018779336130260937,0.00023502263640959726,-0.9999711013979699,2.0
3388.1403439044952,4235.0,1549.1842105263158,16.44736842105263,Inf,4.2105263157894735,0.011128835249932049,0.00023502263640959726,0.04637665401705959,-0.9999993903313176,0.00037122189168287324,0.0004643213848336072,0.0018779336130260937,0.00023502263640959726,-0.9999711013979699,2.0
3393.492362976074,4242.0,1555.7631578947369,16.44736842105263,Inf,4.2105263157894735,0.011128835249932049,0.00023502263640959726,0.04637665401705959,-0.9999993903313176,0.00037122189168287324,0.0004643213848336072,0.0018779336130260937,0.00023502263640959726,-0.9999711013979699,2.0
3398.8823759555817,4249.0,1562.078947368421,16.44736842105263,Inf,4.2105263157894735,0.011128835249932049,0.00023502263640959726,0.04637665401705959,-0.9999993903313176,0.00037122189168287324,0.0004643213848336072,0.0018779336130260937,0.00023502263640959726,-0.9999711013979699,2.0
3404.305956840515,4256.0,1568.842105263158,16.44736842105263,Inf,4.2105263157894735,0.011128835249932049,0.00023502263640959726,0.04637665401705959,-0.9999993903313176,0.00037122189168287324,0.0004643213848336072,0.0018779336130260937,0.00023502263640959726,-0.9999711013979699,2.0
3409.656529903412,4263.0,1575.078947368421,16.44736842105263,Inf,4.2105263157894735,0.011128835249932049,0.00023502263640959726,0.04637665401705959,-0.9999993903313176,0.00037122189168287324,0.0004643213848336072,0.0018779336130260937,0.00023502263640959726,-0.9999711013979699,2.0
3415.1145339012146,4270.0,1581.421052631579,16.44736842105263,Inf,4.2105263157894735,0.011128835249932049,0.00023502263640959726,0.04637665401705959,-0.9999993903313176,0.00037122189168287324,0.0004643213848336072,0.0018779336130260937,0.00023502263640959726,-0.9999711013979699,2.0
3420.4932169914246,4277.0,1588.0526315789473,16.44736842105263,Inf,4.2105263157894735,0.011128835249932049,0.00023502263640959726,0.04637665401705959,-0.9999993903313176,0.00037122189168287324,0.0004643213848336072,0.0018779336130260937,0.00023502263640959726,-0.9999711013979699,2.0
3425.9009108543396,4284.0,1594.4473684210527,16.44736842105263,Inf,4.2105263157894735,0.011128835249932049,0.00023502263640959726,0.04637665401705959,-0.9999993903313176,0.00037122189168287324,0.0004643213848336072,0.0018779336130260937,0.00023502263640959726,-0.9999711013979699,2.0
3431.22088098526,4291.0,1600.8947368421052,16.44736842105263,Inf,4.2105263157894735,0.011128835249932049,0.00023502263640959726,0.04637665401705959,-0.9999993903313176,0.00037122189168287324,0.0004643213848336072,0.0018779336130260937,0.00023502263640959726,-0.9999711013979699,2.0
3436.688978910446,4298.0,1607.421052631579,16.44736842105263,Inf,4.2105263157894735,0.011128835249932049,0.00023502263640959726,0.04637665401705959,-0.9999993903313176,0.00037122189168287324,0.0004643213848336072,0.0018779336130260937,0.00023502263640959726,-0.9999711013979699,2.0
3442.023829936981,4305.0,1582.5,16.44736842105263,Inf,4.2105263157894735,0.011128835249932049,0.00023502263640959726,0.04637665401705959,-0.9999993903313176,0.00037122189168287324,0.0004643213848336072,0.0018779336130260937,0.00023502263640959726,-0.9999711013979699,2.0
3447.413435935974,4312.0,1588.9736842105262,16.44736842105263,Inf,4.2105263157894735,0.011128835249932049,0.00023502263640959726,0.04637665401705959,-0.9999993903313176,0.00037122189168287324,0.0004643213848336072,0.0018779336130260937,0.00023502263640959726,-0.9999711013979699,2.0
3452.7365169525146,4319.0,1538.3684210526317,16.44736842105263,Inf,4.2105263157894735,0.011128835249932049,0.00023502263640959726,0.04637665401705959,-0.9999993903313176,0.00037122189168287324,0.0004643213848336072,0.0018779336130260937,0.00023502263640959726,-0.9999711013979699,2.0
3458.1318278312683,4326.0,1534.3947368421052,16.44736842105263,Inf,4.2105263157894735,0.011128835249932049,0.00023502263640959726,0.04637665401705959,-0.9999993903313176,0.00037122189168287324,0.0004643213848336072,0.0018779336130260937,0.00023502263640959726,-0.9999711013979699,2.0
3463.607985019684,4333.0,1504.3684210526317,16.44736842105263,Inf,4.2105263157894735,0.011128835249932049,0.00023502263640959726,0.04637665401705959,-0.9999993903313176,0.00037122189168287324,0.0004643213848336072,0.0018779336130260937,0.00023502263640959726,-0.9999711013979699,2.0
3468.9962759017944,4340.0,1497.4473684210527,16.44736842105263,Inf,4.2105263157894735,0.011128835249932049,0.00023502263640959726,0.04637665401705959,-0.9999993903313176,0.00037122189168287324,0.0004643213848336072,0.0018779336130260937,0.00023502263640959726,-0.9999711013979699,2.0
3474.476318836212,4347.0,1503.7894736842106,16.44736842105263,Inf,4.2105263157894735,0.011128835249932049,0.00023502263640959726,0.04637665401705959,-0.9999993903313176,0.00037122189168287324,0.0004643213848336072,0.0018779336130260937,0.00023502263640959726,-0.9999711013979699,2.0
3479.809417963028,4354.0,1510.421052631579,16.44736842105263,Inf,4.2105263157894735,0.011128835249932049,0.00023502263640959726,0.04637665401705959,-0.9999993903313176,0.00037122189168287324,0.0004643213848336072,0.0018779336130260937,0.00023502263640959726,-0.9999711013979699,2.0
3485.241466999054,4361.0,1516.6842105263158,16.44736842105263,Inf,4.2105263157894735,0.011128835249932049,0.00023502263640959726,0.04637665401705959,-0.9999993903313176,0.00037122189168287324,0.0004643213848336072,0.0018779336130260937,0.00023502263640959726,-0.9999711013979699,2.0
3490.548542022705,4368.0,1523.1842105263158,16.44736842105263,Inf,4.2105263157894735,0.011128835249932049,0.00023502263640959726,0.04637665401705959,-0.9999993903313176,0.00037122189168287324,0.0004643213848336072,0.0018779336130260937,0.00023502263640959726,-0.9999711013979699,2.0
3496.0473730564117,4375.0,1529.657894736842,16.44736842105263,Inf,4.2105263157894735,0.011128835249932049,0.00023502263640959726,0.04637665401705959,-0.9999993903313176,0.00037122189168287324,0.0004643213848336072,0.0018779336130260937,0.00023502263640959726,-0.9999711013979699,2.0
3501.608095884323,4382.0,1536.157894736842,16.44736842105263,Inf,4.2105263157894735,0.011128835249932049,0.00023502263640959726,0.04637665401705959,-0.9999993903313176,0.00037122189168287324,0.0004643213848336072,0.0018779336130260937,0.00023502263640959726,-0.9999711013979699,2.0
3507.028828859329,4389.0,1534.157894736842,16.44736842105263,Inf,4.2105263157894735,0.011128835249932049,0.00023502263640959726,0.04637665401705959,-0.9999993903313176,0.00037122189168287324,0.0004643213848336072,0.0018779336130260937,0.00023502263640959726,-0.9999711013979699,2.0
3512.3294909000397,4396.0,1540.5526315789473,16.44736842105263,Inf,4.2105263157894735,0.011128835249932049,0.00023502263640959726,0.04637665401705959,-0.9999993903313176,0.00037122189168287324,0.0004643213848336072,0.0018779336130260937,0.00023502263640959726,-0.9999711013979699,2.0
3517.777636051178,4403.0,1547.0526315789473,16.44736842105263,Inf,4.2105263157894735,0.011128835249932049,0.00023502263640959726,0.04637665401705959,-0.9999993903313176,0.00037122189168287324,0.0004643213848336072,0.0018779336130260937,0.00023502263640959726,-0.9999711013979699,2.0
3523.1379618644714,4410.0,1553.5263157894738,16.44736842105263,Inf,4.2105263157894735,0.011128835249932049,0.00023502263640959726,0.04637665401705959,-0.9999993903313176,0.00037122189168287324,0.0004643213848336072,0.0018779336130260937,0.00023502263640959726,-0.9999711013979699,2.0
3528.516974925995,4417.0,1559.842105263158,16.44736842105263,Inf,4.2105263157894735,0.011128835249932049,0.00023502263640959726,0.04637665401705959,-0.9999993903313176,0.00037122189168287324,0.0004643213848336072,0.0018779336130260937,0.00023502263640959726,-0.9999711013979699,2.0
3533.92236995697,4424.0,1566.3684210526317,16.44736842105263,Inf,4.2105263157894735,0.011128835249932049,0.00023502263640959726,0.04637665401705959,-0.9999993903313176,0.00037122189168287324,0.0004643213848336072,0.0018779336130260937,0.00023502263640959726,-0.9999711013979699,2.0
3539.274314880371,4431.0,1572.7894736842106,16.44736842105263,Inf,4.2105263157894735,0.011128835249932049,0.00023502263640959726,0.04637665401705959,-0.9999993903313176,0.00037122189168287324,0.0004643213848336072,0.0018779336130260937,0.00023502263640959726,-0.9999711013979699,2.0
3544.60595703125,4438.0,1579.2368421052631,16.44736842105263,Inf,4.2105263157894735,0.011128835249932049,0.00023502263640959726,0.04637665401705959,-0.9999993903313176,0.00037122189168287324,0.0004643213848336072,0.0018779336130260937,0.00023502263640959726,-0.9999711013979699,2.0
3549.974413871765,4445.0,1585.657894736842,16.44736842105263,Inf,4.2105263157894735,0.011128835249932049,0.00023502263640959726,0.04637665401705959,-0.9999993903313176,0.00037122189168287324,0.0004643213848336072,0.0018779336130260937,0.00023502263640959726,-0.9999711013979699,2.0
3555.442389011383,4452.0,1588.157894736842,16.44736842105263,Inf,4.2105263157894735,0.011128835249932049,0.00023502263640959726,0.04637665401705959,-0.9999993903313176,0.00037122189168287324,0.0004643213848336072,0.0018779336130260937,0.00023502263640959726,-0.9999711013979699,2.0
3560.8698999881744,4459.0,1594.842105263158,16.44736842105263,Inf,4.2105263157894735,0.011128835249932049,0.00023502263640959726,0.04637665401705959,-0.9999993903313176,0.00037122189168287324,0.0004643213848336072,0.0018779336130260937,0.00023502263640959726,-0.9999711013979699,2.0
3566.384166955948,4466.0,1601.2105263157894,16.44736842105263,Inf,4.2105263157894735,0.011128835249932049,0.00023502263640959726,0.04637665401705959,-0.9999993903313176,0.00037122189168287324,0.0004643213848336072,0.0018779336130260937,0.00023502263640959726,-0.9999711013979699,2.0
3571.7667348384857,4473.0,1607.6315789473683,16.44736842105263,Inf,4.2105263157894735,0.011128835249932049,0.00023502263640959726,0.04637665401705959,-0.9999993903313176,0.00037122189168287324,0.0004643213848336072,0.0018779336130260937,0.00023502263640959726,-0.9999711013979699,2.0
3577.1207749843597,4480.0,1614.2105263157894,16.44736842105263,Inf,4.2105263157894735,0.011128835249932049,0.00023502263640959726,0.04637665401705959,-0.9999993903313176,0.00037122189168287324,0.0004643213848336072,0.0018779336130260937,0.00023502263640959726,-0.9999711013979699,2.0
3582.5515179634094,4487.0,1620.5263157894738,16.44736842105263,Inf,4.2105263157894735,0.011128835249932049,0.00023502263640959726,0.04637665401705959,-0.9999993903313176,0.00037122189168287324,0.0004643213848336072,0.0018779336130260937,0.00023502263640959726,-0.9999711013979699,2.0
3588.097918987274,4494.0,1626.9736842105262,16.44736842105263,Inf,4.2105263157894735,0.011128835249932049,0.00023502263640959726,0.04637665401705959,-0.9999993903313176,0.00037122189168287324,0.0004643213848336072,0.0018779336130260937,0.00023502263640959726,-0.9999711013979699,2.0
3593.5042049884796,4501.0,1633.4473684210527,16.44736842105263,Inf,4.2105263157894735,0.011128835249932049,0.00023502263640959726,0.04637665401705959,-0.9999993903313176,0.00037122189168287324,0.0004643213848336072,0.0018779336130260937,0.00023502263640959726,-0.9999711013979699,2.0
3598.8585000038147,4508.0,1639.9473684210527,16.44736842105263,Inf,4.2105263157894735,0.011128835249932049,0.00023502263640959726,0.04637665401705959,-0.9999993903313176,0.00037122189168287324,0.0004643213848336072,0.0018779336130260937,0.00023502263640959726,-0.9999711013979699,2.0
