time_stamp,max_are,compl,dim_penalty,age,minus_spearman,valid,max_ae,q75_are,n_params,eqs_orig,minus_r2,mse,mare,ms_processed_e,recursive_compl,mae,eqs_orig_rounded
267.84034299850464,1.074612144897959e7,1.0,1.0,6283.0,-0.9825191614197223,true,5.999987630600939,5.037243897959188e6,0.0,v1,8.090163782749846e11,13.55996596401261,3.6287444047619035e6,13.55996596401261,2.0,3.2799966524778075,v1
267.84034299850464,1.074612144897959e7,1.0,1.0,6283.0,-0.9825191614197223,true,5.999987630600939,5.037243897959188e6,0.0,v1,8.090163782749846e11,13.55996596401261,3.6287444047619035e6,13.55996596401261,2.0,3.2799966524778075,v1
274.0442228317261,1.074612144897959e7,1.0,1.0,6257.0,-0.9825191614197223,true,5.999987630600939,5.037243897959188e6,0.0,v1,8.090163782749846e11,13.55996596401261,3.6287444047619035e6,13.55996596401261,2.0,3.2799966524778075,v1
290.7810080051422,1.074612144897959e7,1.0,1.0,6186.0,-0.9825191614197223,true,5.999987630600939,5.037243897959188e6,0.0,v1,8.090163782749846e11,13.55996596401261,3.6287444047619035e6,13.55996596401261,2.0,3.2799966524778075,v1
12.402621030807495,1.7457750494051902e6,2.0,1.0,7239.0,-0.9825191614197223,true,1.7917470998289946,802789.900885565,0.0,log(v1),8.537724556270174e10,1.431012492493699,524709.2543573482,1.431012492493699,4.0,1.0186068042433458,log(v1)
1141.2775628566742,41.15563289793813,2.0,0.0,2629.0,100.0,true,8.446529848890488e-6,8.88022646045426,1.0,3.92286921148391e-6,0.019749606540691467,1.7092076659775453e-11,9.742269582682205,1.7092076659775453e-11,1.0,3.4144063254766287e-6,3.92e-6
14.992735862731934,2.0910987736460518e7,2.0,1.0,7234.0,-0.35739851233547487,true,1.9459100559984917,4.901011985107939e6,0.0,log(v2),1.746070492952505e11,2.926597914592692,3.8024545495947497e6,2.926597914592692,4.0,1.671002641675531,log(v2)
1520.4357118606567,1.074612144897959e7,2.0,1.0,1112.0,-0.9825191614197223,true,35.99998763060094,8.955101040816361e6,0.0,pow2(v1),1.8908109690555918e13,316.91981860014187,6.767082302721088e6,316.91981860014187,4.0,13.559996652477807,pow2(v1)
12.447022914886475,1.074612144897959e7,2.0,1.0,7239.0,-0.9825191614197223,true,2.4494773733841173,3.56186902584428e6,0.0,sqrt_abs(v1),1.956908745093391e11,3.279985015238883,3.0199650662211883e6,3.279985015238883,4.0,1.742287666459311,sqrt_abs(v1)
1141.2775628566742,41.15563289793813,2.0,0.0,2629.0,100.0,true,8.446529848890488e-6,8.88022646045426,1.0,3.92286921148391e-6,0.019749606540691467,1.7092076659775453e-11,9.742269582682205,1.7092076659775453e-11,1.0,3.4144063254766287e-6,3.92e-6
12.495980024337769,1.074612144897959e7,2.0,1.0,7239.0,-0.9825191614197223,true,2.4494773733841173,3.56186902584428e6,0.0,sqrt_abs(v1),1.956908745093391e11,3.279985015238883,3.0199650662211883e6,3.279985015238883,4.0,1.742287666459311,sqrt_abs(v1)
895.3762028217316,1.074612144897959e7,2.0,1.0,3634.0,-0.9825191614197223,true,35.99998763060094,8.955101040816361e6,0.0,pow2(v1),1.8908109690555918e13,316.91981860014187,6.767082302721088e6,316.91981860014187,4.0,13.559996652477807,pow2(v1)
12.402621030807495,1.7457750494051902e6,2.0,1.0,7239.0,-0.9825191614197223,true,1.7917470998289946,802789.900885565,0.0,log(v1),8.537724556270174e10,1.431012492493699,524709.2543573482,1.431012492493699,4.0,1.0186068042433458,log(v1)
14.992735862731934,2.0910987736460518e7,2.0,1.0,7234.0,-0.35739851233547487,true,1.9459100559984917,4.901011985107939e6,0.0,log(v2),1.746070492952505e11,2.926597914592692,3.8024545495947497e6,2.926597914592692,4.0,1.671002641675531,log(v2)
1141.2775628566742,41.15563289793813,2.0,0.0,2629.0,100.0,true,8.446529848890488e-6,8.88022646045426,1.0,3.92286921148391e-6,0.019749606540691467,1.7092076659775453e-11,9.742269582682205,1.7092076659775453e-11,1.0,3.4144063254766287e-6,3.92e-6
14.992735862731934,2.0910987736460518e7,2.0,1.0,7234.0,-0.35739851233547487,true,1.9459100559984917,4.901011985107939e6,0.0,log(v2),1.746070492952505e11,2.926597914592692,3.8024545495947497e6,2.926597914592692,4.0,1.671002641675531,log(v2)
12.402621030807495,1.7457750494051902e6,2.0,1.0,7239.0,-0.9825191614197223,true,1.7917470998289946,802789.900885565,0.0,log(v1),8.537724556270174e10,1.431012492493699,524709.2543573482,1.431012492493699,4.0,1.0186068042433458,log(v1)
12.495980024337769,1.074612144897959e7,2.0,1.0,7239.0,-0.9825191614197223,true,2.4494773733841173,3.56186902584428e6,0.0,sqrt_abs(v1),1.956908745093391e11,3.279985015238883,3.0199650662211883e6,3.279985015238883,4.0,1.742287666459311,sqrt_abs(v1)
735.6170988082886,1.074612144897959e7,2.0,1.0,4294.0,-0.9825191614197223,true,35.99998763060094,8.955101040816361e6,0.0,pow2(v1),1.8908109690555918e13,316.91981860014187,6.767082302721088e6,316.91981860014187,4.0,13.559996652477807,pow2(v1)
12.615532875061035,1.7457750494051902e6,2.0,1.0,7239.0,-0.9825191614197223,true,1.7917470998289946,802789.900885565,0.0,log(v1),8.537724556270174e10,1.431012492493699,524709.2543573482,1.431012492493699,4.0,1.0186068042433458,log(v1)
1415.9395859241486,41.15562865703509,2.0,0.0,1526.0,-0.6030919093543032,true,8.446530243535447e-6,8.880225466492607,1.0,3.92286881683895e-6,0.01974957944719935,1.709207620566001e-11,9.742268562358726,1.709207620566001e-11,1.0,3.414406167618646e-6,3.92e-6
14.992735862731934,2.0910987736460518e7,2.0,1.0,7234.0,-0.35739851233547487,true,1.9459100559984917,4.901011985107939e6,0.0,log(v2),1.746070492952505e11,2.926597914592692,3.8024545495947497e6,2.926597914592692,4.0,1.671002641675531,log(v2)
1672.056380033493,1.074612144897959e7,2.0,1.0,514.0,-0.9825191614197223,true,35.99998763060094,8.955101040816361e6,0.0,pow2(v1),1.8908109690555918e13,316.91981860014187,6.767082302721088e6,316.91981860014187,4.0,13.559996652477807,pow2(v1)
12.447022914886475,1.074612144897959e7,2.0,1.0,7239.0,-0.9825191614197223,true,2.4494773733841173,3.56186902584428e6,0.0,sqrt_abs(v1),1.956908745093391e11,3.279985015238883,3.0199650662211883e6,3.279985015238883,4.0,1.742287666459311,sqrt_abs(v1)
17.332458019256592,4.11374899999999e6,3.0,1.0,7224.0,-0.9465696903836799,true,0.8571304877437967,992174.555555556,0.0,(v1/v2),2.2857930644163647e10,0.3831229748607683,896860.6989606947,0.3831229748607683,5.0,0.5776633191444734,(v1/v2)
1297.3952708244324,41.26530798364482,3.0,0.0,1999.0,-0.6030919093543032,true,8.436323834002103e-6,8.905931558666763,1.0,pow2(-0.0019831982317389),0.0204564931298028,1.71039248229847e-11,9.768656430874806,1.71039248229847e-11,2.0,3.418488731431982e-6,pow2(-0.00198)
18.81965684890747,1.0,3.0,1.0,7218.0,100.0,true,1.23693990603744e-5,1.0,0.0,(v2-v2),0.6685680899272688,2.7966957302232573e-11,1.0,2.7966957302232573e-11,4.0,3.347522193192196e-6,(v2-v2)
20.003072023391724,2.096889733663254e6,3.0,1.0,7212.0,-0.9825191614197223,true,1.33855382964679,752969.6609409474,0.0,sqrt_abs(log(v1)),6.077194216537998e10,1.0186017112522991,530800.9447923213,1.0186017112522991,16.0,0.8818599081339329,sqrt_abs(log(v1))
17.106724977493286,872887.0247025951,3.0,1.0,7225.0,-0.9825191614197223,true,0.895867365214967,401394.45044278237,0.0,log(sqrt_abs(v1)),2.134415223525603e10,0.35775045552366036,262354.3471786741,0.35775045552366036,16.0,0.5093017514972695,log(sqrt_abs(v1))
1800.007486820221,1.045549336823026e7,3.0,1.0,0.0,-0.35739851233547487,true,0.9729549814708351,2.45050549255397e6,0.0,log(sqrt_abs(v2)),4.365157739307356e10,0.7316463790269233,1.9012267747973748e6,0.7316463790269233,16.0,0.8354996470766689,log(sqrt_abs(v2))
1800.016723871231,7.522285614285712e7,3.0,1.0,0.0,-0.9465696903836799,true,6.999999906943178,8.815177571428578e6,0.0,(v2/v1),4.2661945753971277e11,7.150591111845371,1.0416318722222216e7,7.150591111845371,5.0,2.2299966524778068,(v2/v1)
18.355926990509033,4.11374899999999e6,3.0,1.0,7220.0,-0.9465696903836799,true,0.8571304877437967,992174.555555556,0.0,(v1/v2),2.2857930644163647e10,0.3831229748607683,896860.6989606947,0.3831229748607683,5.0,0.5776633191444734,(v1/v2)
17.106724977493286,872887.0247025951,3.0,1.0,7225.0,-0.9825191614197223,true,0.895867365214967,401394.45044278237,0.0,log(sqrt_abs(v1)),2.134415223525603e10,0.35775045552366036,262354.3471786741,0.35775045552366036,16.0,0.5093017514972695,log(sqrt_abs(v1))
1771.444401025772,1.045549336823026e7,3.0,1.0,115.0,-0.35739851233547487,true,0.9729549814708351,2.45050549255397e6,0.0,log(sqrt_abs(v2)),4.365157739307356e10,0.7316463790269233,1.9012267747973748e6,0.7316463790269233,16.0,0.8354996470766689,log(sqrt_abs(v2))
890.7066400051117,41.265308903435795,3.0,0.0,3653.0,-0.6030919093543032,true,8.436323748409278e-6,8.905931774242774,1.0,pow2(-0.00198319825331839),0.02045649911023162,1.710392492322298e-11,9.768656652168318,1.710392492322298e-11,2.0,3.4184887656691126e-6,pow2(-0.00198)
1798.583391904831,7.522285614285712e7,3.0,1.0,6.0,-0.9465696903836799,true,6.999999906943178,8.815177571428578e6,0.0,(v2/v1),4.2661945753971277e11,7.150591111845371,1.0416318722222216e7,7.150591111845371,5.0,2.2299966524778068,(v2/v1)
55.663455963134766,2.096889733663254e6,3.0,1.0,7098.0,-0.9825191614197223,true,1.33855382964679,752969.6609409474,0.0,sqrt_abs(log(v1)),6.077194216537998e10,1.0186017112522991,530800.9447923213,1.0186017112522991,16.0,0.8818599081339329,sqrt_abs(log(v1))
15.528898000717163,1.0,3.0,1.0,7232.0,100.0,true,1.23693990603744e-5,1.0,0.0,(v2-v2),0.6685680899272688,2.7966957302232573e-11,1.0,2.7966957302232573e-11,4.0,3.347522193192196e-6,(v2-v2)
48.92943501472473,4.11374899999999e6,3.0,1.0,7121.0,-0.9465696903836799,true,0.8571304877437967,992174.555555556,0.0,(v1/v2),2.2857930644163647e10,0.3831229748607683,896860.6989606947,0.3831229748607683,5.0,0.5776633191444734,(v1/v2)
1798.6617469787598,1.319353149004873e6,3.0,1.0,6.0,-0.9825191614197223,true,5.752255806189266,1.0147991200884867e6,0.0,pow3(log(v1)),4.935166277665608e11,8.27185809199959,648340.1720861344,8.27185809199959,16.0,2.11706149463021,pow3(log(v1))
15.528898000717163,1.0,3.0,1.0,7232.0,100.0,true,1.23693990603744e-5,1.0,0.0,(v2-v2),0.6685680899272688,2.7966957302232573e-11,1.0,2.7966957302232573e-11,4.0,3.347522193192196e-6,(v2-v2)
48.27116894721985,2.096889733663254e6,3.0,1.0,7123.0,-0.9825191614197223,true,1.33855382964679,752969.6609409474,0.0,sqrt_abs(log(v1)),6.077194216537998e10,1.0186017112522991,530800.9447923213,1.0186017112522991,16.0,0.8818599081339329,sqrt_abs(log(v1))
536.60222697258,41.268421241847285,3.0,0.0,5127.0,-0.6030919093543032,true,8.436034124088855e-6,8.906661228557967,1.0,pow2(-0.00198327127148193),0.02047674036483582,1.7104264187953427e-11,9.769405453052848,1.7104264187953427e-11,2.0,3.418604615397283e-6,pow2(-0.00198)
12.948791027069092,872887.0247025951,3.0,1.0,7238.0,-0.9825191614197223,true,0.895867365214967,401394.45044278237,0.0,log(sqrt_abs(v1)),2.134415223525603e10,0.35775045552366036,262354.3471786741,0.35775045552366036,16.0,0.5093017514972695,log(sqrt_abs(v1))
1796.9347128868103,7.522285614285712e7,3.0,1.0,13.0,-0.9465696903836799,true,6.999999906943178,8.815177571428578e6,0.0,(v2/v1),4.2661945753971277e11,7.150591111845371,1.0416318722222216e7,7.150591111845371,5.0,2.2299966524778068,(v2/v1)
1798.643751859665,1.045549336823026e7,3.0,1.0,6.0,-0.35739851233547487,true,0.9729549814708351,2.45050549255397e6,0.0,log(sqrt_abs(v2)),4.365157739307356e10,0.7316463790269233,1.9012267747973748e6,0.7316463790269233,16.0,0.8354996470766689,log(sqrt_abs(v2))
15.349113941192627,2.096889733663254e6,3.0,1.0,7233.0,-0.9825191614197223,true,1.33855382964679,752969.6609409474,0.0,sqrt_abs(log(v1)),6.077194216537998e10,1.0186017112522991,530800.9447923213,1.0186017112522991,16.0,0.8818599081339329,sqrt_abs(log(v1))
18.81965684890747,1.0,3.0,1.0,7218.0,100.0,true,1.23693990603744e-5,1.0,0.0,(v2-v2),0.6685680899272688,2.7966957302232573e-11,1.0,2.7966957302232573e-11,4.0,3.347522193192196e-6,(v2-v2)
98.83523297309875,41.1929631117939,3.0,0.0,6949.0,100.0,true,8.443056017838124e-6,8.888975729326704,1.0,pow2(-0.00198150019998391),0.01998881491891291,1.7096086043953686e-11,9.751250899447653,1.7096086043953686e-11,2.0,3.4157958578975742e-6,pow2(-0.00198)
17.106724977493286,872887.0247025951,3.0,1.0,7225.0,-0.9825191614197223,true,0.895867365214967,401394.45044278237,0.0,log(sqrt_abs(v1)),2.134415223525603e10,0.35775045552366036,262354.3471786741,0.35775045552366036,16.0,0.5093017514972695,log(sqrt_abs(v1))
48.92943501472473,4.11374899999999e6,3.0,1.0,7121.0,-0.9465696903836799,true,0.8571304877437967,992174.555555556,0.0,(v1/v2),2.2857930644163647e10,0.3831229748607683,896860.6989606947,0.3831229748607683,5.0,0.5776633191444734,(v1/v2)
301.1256949901581,6.447673569387753e7,4.0,1.0,6141.0,-1.0,true,208.99998763060094,2.2092360111111086e7,0.0,(pow3(v1)-v2),4.92416515075412e14,8253.419045445438,1.9933468282403633e7,8253.419045445438,6.0,59.01999669875119,(pow3(v1)-v2)
71.80453896522522,2.8431566558248375e7,4.0,1.0,7042.0,-0.9992266421770023,true,2.645751218007769,3.331823323232235e6,0.0,(sqrt_abs(v2)/v1),7.941670530564171e10,1.3311075645055928,4.8075232431615405e6,1.3311075645055928,9.0,0.9763698063476682,(sqrt_abs(v2)/v1)
90.3259949684143,2.7672941649033517e7,4.0,1.0,6978.0,-0.9938131374160182,true,2.5751559951432745,2.3860083774912106e6,0.0,(v2/exp(v1)),4.251092808369907e10,0.7125278961045464,3.6390707069494813e6,0.7125278961045464,9.0,0.510341043451971,(v2/exp(v1))
54.92331099510193,5.817720042212306e6,4.0,1.0,7101.0,-0.9992266421770023,true,2.267774468656303,1.9688018187817484e6,0.0,(v1/sqrt_abs(v2)),1.3213376335729312e11,2.2147009404847027,1.7497546405476392e6,2.2147009404847027,9.0,1.3611113608204688,(v1/sqrt_abs(v2))
580.8499009609222,13.341713916787908,4.0,0.0,4942.0,-0.9827920676949005,true,4.361833177026545e-6,5.722678398494339,1.0,(1.33459431389131e-6*v1),-0.6005638645401392,6.694970024185016e-12,3.9542759911790957,6.694970024185016e-12,3.0,2.345506758076308e-6,(1.33e-6*v1)
1779.791417837143,33.575287652599,4.0,0.0,81.0,-0.98938246621788,true,1.1833154664364654e-5,3.051791521788949,1.0,(3.21746637605848e-6/v1),0.5767255301024554,2.6427579338184212e-11,7.380313614948758,2.6427579338184212e-11,3.0,3.6038636227813336e-6,(3.22e-6/v1)
146.31176280975342,7.522285614285712e7,4.0,1.0,6775.0,-1.0,true,6.999999906943178,2.2037936428571446e6,0.0,(v2/pow3(v1)),2.756358514788828e11,4.619946968803902,9.372656175429888e6,4.619946968803902,9.0,1.0594133191444735,(v2/pow3(v1))
39.29413294792175,4.221689962099127e6,4.0,1.0,7149.0,-1.0,true,30.8571304877438,4.062961962962965e6,0.0,(pow3(v1)/v2),1.2119094280196734e13,203.12877509889023,3.3336080003536344e6,203.12877509889023,9.0,9.950806176287331,(pow3(v1)/v2)
51.63516902923584,52.91110958492711,4.0,0.0,7112.0,-0.35739851233547487,true,7.352602551597757e-6,10.793055221702783,1.0,(7.1668521553952e-7*v2),-0.13268531146381746,1.4537107001098087e-11,8.09749809164302,1.4537107001098087e-11,3.0,3.1928513588681147e-6,(7.17e-7*v2)
1799.9956259727478,17.180404176190375,4.0,0.0,0.0,-0.47035781477953353,true,1.0677588431702779e-5,2.9769634135416365,1.0,(v2/4.13757892365074e6),0.165349876648768,1.953249042645824e-11,2.6309579054916634,1.953249042645824e-11,3.0,2.6948867171541933e-6,(v2/4.14e6)
1800.004665851593,51.79810499359063,4.0,0.0,0.0,-0.28161085442282247,true,1.053589278807885e-5,5.367060365153019,1.0,(1.28345439060689e-5/v2),0.35899871722256527,2.277824880374466e-11,8.842670979067616,2.277824880374466e-11,3.0,3.3786251857596436e-6,(1.28e-5/v2)
1800.0217590332031,1.5972132263284318,4.0,0.0,0.0,-0.9826667348295345,true,1.091926861267507e-5,0.8827646807560078,1.0,(v1/4.13755880342983e6),0.22503829290442945,2.0532931103070205e-11,0.7460123187799761,2.0532931103070205e-11,3.0,2.630112240350356e-6,(v1/4.14e6)
31.550161838531494,5.817720042212306e6,4.0,1.0,7175.0,-0.9992266421770023,true,2.267774468656303,1.9688018187817484e6,0.0,(v1/sqrt_abs(v2)),1.3213376335729312e11,2.2147009404847027,1.7497546405476392e6,2.2147009404847027,9.0,1.3611113608204688,(v1/sqrt_abs(v2))
1798.0741629600525,1.074612144897959e7,4.0,1.0,8.0,-0.9825191614197223,true,0.9999999069431784,629654.6122448983,0.0,(v1/pow3(v1)),1.3830146469587803e10,0.23180781063804912,2.2181201498431577e6,0.23180781063804912,9.0,0.29514109692225127,(v1/pow3(v1))
379.6307020187378,52.91048134732975,4.0,0.0,5803.0,-0.3619404862639277,true,7.352661013391799e-6,10.79291779472836,1.0,(7.16676863854657e-7*v2),-0.1326881230075002,1.4537059876666902e-11,8.097398602366507,1.4537059876666902e-11,3.0,3.192833486262508e-6,(7.17e-7*v2)
1799.5959739685059,1.5986065252799435,4.0,0.0,2.0,-0.961588913532405,true,1.0918490676842983e-5,0.8827017887894465,1.0,(v1/4.13534036201265e6),0.22482572254109146,2.0529368200057088e-11,0.7462193986429517,2.0529368200057088e-11,3.0,2.6297958797786403e-6,(v1/4.14e6)
1786.6199178695679,352027.91531215754,4.0,1.0,54.0,-0.8940181122919083,true,0.27725482077051916,153735.89310545468,0.0,(log(v1)/v2),2.349487587458973e9,0.039379884743823444,93185.8730677541,0.039379884743823444,9.0,0.170424751886065,(log(v1)/v2)
1790.0509898662567,51.80361322613233,4.0,0.0,40.0,-0.4883986476718114,true,1.0535701505097848e-5,5.367724617195826,1.0,(1.28358828869359e-5/v2),0.35901928056258736,2.2778593466965696e-11,8.843593502481065,2.2778593466965696e-11,3.0,3.378683272024875e-6,(1.28e-5/v2)
1020.9638178348541,13.34256677372546,4.0,0.0,3119.0,-0.9825191614197223,true,4.361356992091039e-6,5.723078175183816,1.0,(1.33467367804723e-6*v1),-0.6005536403768534,6.695141391922294e-12,3.9545468197493165,6.695141391922294e-12,3.0,2.345586122232226e-6,(1.33e-6*v1)
23.553297996520996,2.7672941649033517e7,4.0,1.0,7203.0,-0.9938131374160182,true,2.5751559951432745,2.3860083774912106e6,0.0,(v2/exp(v1)),4.251092808369907e10,0.7125278961045464,3.6390707069494813e6,0.7125278961045464,9.0,0.510341043451971,(v2/exp(v1))
37.52868986129761,2.8431566558248375e7,4.0,1.0,7155.0,-0.9992266421770023,true,2.645751218007769,3.331823323232235e6,0.0,(sqrt_abs(v2)/v1),7.941670530564171e10,1.3311075645055928,4.8075232431615405e6,1.3311075645055928,9.0,0.9763698063476682,(sqrt_abs(v2)/v1)
1361.9160850048065,2.0910987736460518e7,4.0,1.0,1741.0,-0.9880129537435353,true,1.9459100559984917,2.4505054925539694e6,0.0,(log(v2)/v1),3.851178698235338e10,0.645498082276683,3.226796890422776e6,0.645498082276683,9.0,0.6768265550956488,(log(v2)/v1)
39.29413294792175,4.221689962099127e6,4.0,1.0,7149.0,-1.0,true,30.8571304877438,4.062961962962965e6,0.0,(pow3(v1)/v2),1.2119094280196734e13,203.12877509889023,3.3336080003536344e6,203.12877509889023,9.0,9.950806176287331,(pow3(v1)/v2)
301.1256949901581,6.447673569387753e7,4.0,1.0,6141.0,-1.0,true,208.99998763060094,2.2092360111111086e7,0.0,(pow3(v1)-v2),4.92416515075412e14,8253.419045445438,1.9933468282403633e7,8253.419045445438,6.0,59.01999669875119,(pow3(v1)-v2)
1344.3326289653778,33.55856698635936,4.0,0.0,1811.0,-0.9873284842891127,true,1.1833413993040634e-5,3.0498320687139917,1.0,(3.2159104040026e-6/v1),0.576681832504208,2.642684692044725e-11,7.3768412034201,2.642684692044725e-11,3.0,3.603613629937689e-6,(3.22e-6/v1)
45.24761390686035,7.522285614285712e7,4.0,1.0,7133.0,-1.0,true,6.999999906943178,2.2037936428571446e6,0.0,(v2/pow3(v1)),2.756358514788828e11,4.619946968803902,9.372656175429888e6,4.619946968803902,9.0,1.0594133191444735,(v2/pow3(v1))
1800.0731518268585,17.190198500620586,4.0,0.0,0.0,-0.491890407393702,true,1.0676677003001244e-5,2.9791059220107448,1.0,(v2/4.13535108703134e6),0.16514268457010783,1.9529017669156795e-11,2.6323106331933497,1.9529017669156795e-11,3.0,2.694722659987916e-6,(v2/4.14e6)
25.43239998817444,2.0910987736460518e7,4.0,1.0,7196.0,-0.9880129537435353,true,1.9459100559984917,2.4505054925539694e6,0.0,(log(v2)/v1),3.851178698235338e10,0.645498082276683,3.226796890422776e6,0.645498082276683,9.0,0.6768265550956488,(log(v2)/v1)
54.92331099510193,5.817720042212306e6,4.0,1.0,7101.0,-0.9992266421770023,true,2.267774468656303,1.9688018187817484e6,0.0,(v1/sqrt_abs(v2)),1.3213376335729312e11,2.2147009404847027,1.7497546405476392e6,2.2147009404847027,9.0,1.3611113608204688,(v1/sqrt_abs(v2))
45.24761390686035,7.522285614285712e7,4.0,1.0,7133.0,-1.0,true,6.999999906943178,2.2037936428571446e6,0.0,(v2/pow3(v1)),2.756358514788828e11,4.619946968803902,9.372656175429888e6,4.619946968803902,9.0,1.0594133191444735,(v2/pow3(v1))
1244.2375600337982,51.77017197442153,4.0,0.0,2213.0,-0.5065950800186815,true,1.053686281088283e-5,5.363691849952481,1.0,(1.2827753746441e-5/v2),0.358894607408478,2.2776503813688274e-11,8.837992733551149,2.2776503813688274e-11,3.0,3.3783306221681693e-6,(1.28e-5/v2)
1797.6489770412445,7.522285614285712e7,4.0,1.0,10.0,-0.9992266421770023,true,6.999999906943178,4.407588285714289e6,0.0,(v2/pow2(v1)),2.9419911032689886e11,4.931086724338472,9.678652729056433e6,4.931086724338472,9.0,1.3311077635889177,(v2/pow2(v1))
39.29413294792175,4.221689962099127e6,4.0,1.0,7149.0,-1.0,true,30.8571304877438,4.062961962962965e6,0.0,(pow3(v1)/v2),1.2119094280196734e13,203.12877509889023,3.3336080003536344e6,203.12877509889023,9.0,9.950806176287331,(pow3(v1)/v2)
1020.9638178348541,13.34256677372546,4.0,0.0,3119.0,-0.9825191614197223,true,4.361356992091039e-6,5.723078175183816,1.0,(1.33467367804723e-6*v1),-0.6005536403768534,6.695141391922294e-12,3.9545468197493165,6.695141391922294e-12,3.0,2.345586122232226e-6,(1.33e-6*v1)
196.53232789039612,52.91112285452757,4.0,0.0,6575.0,-0.3619404862639277,true,7.352601316770914e-6,10.793058124427883,1.0,(7.16685391943355e-7*v2),-0.13268525207549087,1.4537107996508944e-11,8.09750019305012,1.4537107996508944e-11,3.0,3.1928517363723207e-6,(7.17e-7*v2)
135.00187587738037,33.5585663421698,4.0,0.0,6820.0,-0.9825191614197223,true,1.1833414003031672e-5,3.0498319932230267,1.0,(3.21591034405637e-6/v1),0.5766818308223327,2.6426846892257252e-11,7.376841069640069,2.6426846892257252e-11,3.0,3.6036136203063277e-6,(3.22e-6/v1)
15.343979835510254,2.8431566558248375e7,4.0,1.0,7233.0,-0.9992266421770023,true,2.645751218007769,3.331823323232235e6,0.0,(sqrt_abs(v2)/v1),7.941670530564171e10,1.3311075645055928,4.8075232431615405e6,1.3311075645055928,9.0,0.9763698063476682,(sqrt_abs(v2)/v1)
23.553297996520996,2.7672941649033517e7,4.0,1.0,7203.0,-0.9938131374160182,true,2.5751559951432745,2.3860083774912106e6,0.0,(v2/exp(v1)),4.251092808369907e10,0.7125278961045464,3.6390707069494813e6,0.7125278961045464,9.0,0.510341043451971,(v2/exp(v1))
1078.5260548591614,6.447673569387753e7,4.0,1.0,2883.0,-1.0,true,208.99998763060094,2.2092360111111086e7,0.0,(pow3(v1)-v2),4.92416515075412e14,8253.419045445438,1.9933468282403633e7,8253.419045445438,6.0,59.01999669875119,(pow3(v1)-v2)
580.8499009609222,13.341713916787908,4.0,0.0,4942.0,-0.9827920676949005,true,4.361833177026545e-6,5.722678398494339,1.0,(1.33459431389131e-6*v1),-0.6005638645401392,6.694970024185016e-12,3.9542759911790957,6.694970024185016e-12,3.0,2.345506758076308e-6,(1.33e-6*v1)
25.43239998817444,2.0910987736460518e7,4.0,1.0,7196.0,-0.9880129537435353,true,1.9459100559984917,2.4505054925539694e6,0.0,(log(v2)/v1),3.851178698235338e10,0.645498082276683,3.226796890422776e6,0.645498082276683,9.0,0.6768265550956488,(log(v2)/v1)
15.343979835510254,2.8431566558248375e7,4.0,1.0,7233.0,-0.9992266421770023,true,2.645751218007769,3.331823323232235e6,0.0,(sqrt_abs(v2)/v1),7.941670530564171e10,1.3311075645055928,4.8075232431615405e6,1.3311075645055928,9.0,0.9763698063476682,(sqrt_abs(v2)/v1)
18.40334987640381,6.447673569387753e7,4.0,1.0,7220.0,-1.0,true,208.99998763060094,2.2092360111111086e7,0.0,(pow3(v1)-v2),4.92416515075412e14,8253.419045445438,1.9933468282403633e7,8253.419045445438,6.0,59.01999669875119,(pow3(v1)-v2)
54.92331099510193,5.817720042212306e6,4.0,1.0,7101.0,-0.9992266421770023,true,2.267774468656303,1.9688018187817484e6,0.0,(v1/sqrt_abs(v2)),1.3213376335729312e11,2.2147009404847027,1.7497546405476392e6,2.2147009404847027,9.0,1.3611113608204688,(v1/sqrt_abs(v2))
1799.6958148479462,1.5972195412163654,4.0,0.0,2.0,-0.9825191614197223,true,1.091926508681467e-5,0.882764395708983,1.0,(v1/4.13754874335606e6),0.22503732940444632,2.0532914953796433e-11,0.7460132573338497,2.0532914953796433e-11,3.0,2.6301108065004606e-6,(v1/4.14e6)
146.31176280975342,7.522285614285712e7,4.0,1.0,6775.0,-1.0,true,6.999999906943178,2.2037936428571446e6,0.0,(v2/pow3(v1)),2.756358514788828e11,4.619946968803902,9.372656175429888e6,4.619946968803902,9.0,1.0594133191444735,(v2/pow3(v1))
23.553297996520996,2.7672941649033517e7,4.0,1.0,7203.0,-0.9938131374160182,true,2.5751559951432745,2.3860083774912106e6,0.0,(v2/exp(v1)),4.251092808369907e10,0.7125278961045464,3.6390707069494813e6,0.7125278961045464,9.0,0.510341043451971,(v2/exp(v1))
157.51953983306885,33.55856698635936,4.0,0.0,6730.0,-0.9873284842891127,true,1.1833413993040634e-5,3.0498320687139917,1.0,(3.2159104040026e-6/v1),0.576681832504208,2.642684692044725e-11,7.3768412034201,2.642684692044725e-11,3.0,3.603613629937689e-6,(3.22e-6/v1)
51.63516902923584,52.91110958492711,4.0,0.0,7112.0,-0.35739851233547487,true,7.352602551597757e-6,10.793055221702783,1.0,(7.1668521553952e-7*v2),-0.13268531146381746,1.4537107001098087e-11,8.09749809164302,1.4537107001098087e-11,3.0,3.1928513588681147e-6,(7.17e-7*v2)
39.29413294792175,4.221689962099127e6,4.0,1.0,7149.0,-1.0,true,30.8571304877438,4.062961962962965e6,0.0,(pow3(v1)/v2),1.2119094280196734e13,203.12877509889023,3.3336080003536344e6,203.12877509889023,9.0,9.950806176287331,(pow3(v1)/v2)
1800.1859848499298,17.180563311095508,4.0,0.0,0.0,-0.43258169532036667,true,1.0677573623114296e-5,2.976998224302135,1.0,(v2/4.13754270732354e6),0.16534650971122655,1.9532433993041452e-11,2.630979884158596,1.9532433993041452e-11,3.0,2.6948840516082663e-6,(v2/4.14e6)
1800.2188789844513,1.074612144897959e7,4.0,1.0,0.0,-0.9825191614197223,true,0.9999999069431784,629654.6122448983,0.0,(v1/pow3(v1)),1.3830146469587803e10,0.23180781063804912,2.2181201498431577e6,0.23180781063804912,9.0,0.29514109692225127,(v1/pow3(v1))
1691.4875688552856,2.142157837665201,5.0,0.0,435.0,-0.9825191614197223,true,2.65713945445889e-6,1.6184648647210118,1.0,pow2((0.000540739513488591*v1)),-0.8793883823023636,2.02157765251883e-12,1.0227968729919206,2.02157765251883e-12,8.0,1.1512640704799801e-6,pow2((0.000541*v1))
1367.6507198810577,9.989781710190652,5.0,0.0,1718.0,-0.9902370346019089,true,1.2340991444918561e-5,0.9977033956688451,1.0,(1.02267415641018e-6/pow2(v1)),0.6611194638103397,2.784211048906984e-11,2.6298774722948806,2.784211048906984e-11,5.0,3.4493888399796824e-6,(1.02e-6/pow2(v1))
1676.778373003006,0.6386594676842782,5.0,0.0,495.0,-0.9825191614197223,true,2.2784517275532482e-6,0.42972788411555696,1.0,(5.54503424743305e-8*pow3(v1)),-0.9736851587815565,4.4106443435779695e-13,0.29123777639137777,4.4106443435779695e-13,5.0,4.6885656276107075e-7,(5.55e-8*pow3(v1))
143.1291208267212,7.692721850711422e6,5.0,1.0,6787.0,-0.9959398714292619,true,0.7158602451474851,663278.9804858996,0.0,(log(v2)/exp(v1)),3.894831678835865e9,0.06528147814099718,1.1300404025354483e6,0.06528147814099718,17.0,0.15767217915209575,(log(v2)/exp(v1))
122.27895402908325,3.7451245313974908e6,5.0,1.0,6868.0,-1.0,true,0.348509385518226,43700.28614326245,0.0,(v2/pow3(exp(v1))),6.730703887450829e8,0.01128136811738877,458297.0886379655,0.01128136811738877,33.0,0.04680229245491398,(v2/pow3(exp(v1)))
1755.9568729400635,0.6528326625077936,5.0,0.0,177.0,-0.9809704739473455,true,2.647908145005929e-6,0.40284062708905455,1.0,(3.24125528222578e-8*exp(v1)),-0.9357631660413692,1.0766769443792606e-12,0.2914221450175893,1.0766769443792606e-12,5.0,6.966580541888511e-7,(3.24e-8*exp(v1))
144.09522581100464,1.0180305677295825e7,5.0,1.0,6783.0,-1.0,true,0.9473468895994673,322910.2549079869,0.0,(v2/pow2(exp(v1))),5.053346535058681e9,0.084699406431474,1.2678977227927684e6,0.084699406431474,33.0,0.13829359319539303,(v2/pow2(exp(v1)))
312.06210494041443,0.6389959472148095,5.0,0.0,6094.0,-0.9862998892848298,true,2.2798749873558097e-6,0.429610785415301,1.0,pow3((0.00381356482927968*v1)),-0.9736817855453681,4.411209733465372e-13,0.2912729380633088,4.411209733465372e-13,8.0,4.685764652319261e-7,pow3((0.00381*v1))
224.29371881484985,1.0180305677295825e7,5.0,1.0,6464.0,-1.0,true,0.9473468895994673,322910.2549079869,0.0,(v2/pow2(exp(v1))),5.053346535058681e9,0.084699406431474,1.2678977227927684e6,0.084699406431474,33.0,0.13829359319539303,(v2/pow2(exp(v1)))
1679.3474578857422,6.397801485558314,5.0,1.0,484.0,-0.9902370346019089,true,1.2364760550571808e-5,0.9996250012001431,1.0,exp((-13.1888726855266-v1)),0.664478584329421,2.7898412884337565e-11,1.9277119836667287,2.7898412884337565e-11,8.0,3.3929464893816317e-6,exp((-13.2-v1))
122.27895402908325,3.7451245313974908e6,5.0,1.0,6868.0,-1.0,true,0.348509385518226,43700.28614326245,0.0,(v2/pow3(exp(v1))),6.730703887450829e8,0.01128136811738877,458297.0886379655,0.01128136811738877,33.0,0.04680229245491398,(v2/pow3(exp(v1)))
1798.8554208278656,10.017825438344575,5.0,0.0,5.0,-0.9833796941134801,true,1.2340918954357207e-5,0.9976975351932472,1.0,pow2((0.0010125629939016/v1)),0.6611374609873866,2.7842412140698602e-11,2.6351593862287244,2.7842412140698602e-11,8.0,3.449766863759039e-6,pow2((0.00101/v1))
143.1291208267212,7.692721850711422e6,5.0,1.0,6787.0,-0.9959398714292619,true,0.7158602451474851,663278.9804858996,0.0,(log(v2)/exp(v1)),3.894831678835865e9,0.06528147814099718,1.1300404025354483e6,0.06528147814099718,17.0,0.15767217915209575,(log(v2)/exp(v1))
1731.4138989448547,0.6528326624200314,5.0,0.0,275.0,-0.98938246621788,true,2.6479081437898727e-6,0.40284062693809575,1.0,(3.24125528304516e-8*exp(v1)),-0.935763166043708,1.0766769443400606e-12,0.29142214491935886,1.0766769443400606e-12,5.0,6.966580544413129e-7,(3.24e-8*exp(v1))
479.83260798454285,0.638798084431632,5.0,0.0,5368.0,-0.9862998892848298,true,2.2790380563684344e-6,0.42967964391228747,1.0,(5.5455033104852e-8*pow3(v1)),-0.9736837860753049,4.410874423593018e-13,0.291252261660621,4.410874423593018e-13,5.0,4.68741173250242e-7,(5.55e-8*pow3(v1))
607.4756259918213,0.6389150632651275,5.0,0.0,4830.0,-0.9825191614197223,true,2.2795328599340527e-6,0.4296389339489261,1.0,pow3((0.0038135020954943*v1)),-0.9736826091815886,4.411071683366325e-13,0.29126448579609737,4.411071683366325e-13,8.0,4.686437959085285e-7,pow3((0.00381*v1))
1799.078068971634,2.091098973646052e7,5.0,1.0,4.0,-0.9992266421770023,true,1.945910242112135,1.4094618862975594e6,0.0,log((pow2(v1)/v2)),7.697488573559311e10,1.2901800985738419,3.1593869594837725e6,1.2901800985738419,512.0,1.0232744016723478,log((pow2(v1)/v2))
1795.3839559555054,2.7672941649033517e7,5.0,1.0,19.0,-1.0,true,2.5751559951432745,322910.2549079869,0.0,(v2/exp(pow2(v1))),3.6748197728103905e10,0.6159384702536453,3.385809163621917e6,0.6159384702536453,33.0,0.3451127432374155,(v2/exp(pow2(v1)))
600.0709958076477,0.639044297717403,5.0,0.0,4861.0,-0.9825191614197223,true,2.28007950299653e-6,0.42959395889096097,1.0,(5.54633646778768e-8*pow3(v1)),-0.9736812893362056,4.4112929033434674e-13,0.29127799062774623,4.4112929033434674e-13,5.0,4.6853621655383294e-7,(5.55e-8*pow3(v1))
473.0416579246521,7.692721850711422e6,5.0,1.0,5398.0,-0.9959398714292619,true,0.7158602451474851,663278.9804858996,0.0,(log(v2)/exp(v1)),3.894831678835865e9,0.06528147814099718,1.1300404025354483e6,0.06528147814099718,17.0,0.15767217915209575,(log(v2)/exp(v1))
1799.8600988388062,2.1490223237789534,5.0,0.0,1.0,-0.9825191614197223,true,2.6731091359564354e-6,1.6241852698158052,1.0,(2.9303800870778e-7*pow2(v1)),-0.879230719958099,2.024220239343327e-12,1.0263421011999254,2.024220239343327e-12,5.0,1.1515706883647333e-6,(2.93e-7*pow2(v1))
1183.2225828170776,0.6527876194070039,5.0,1.0,2459.0,-0.98938246621788,true,2.647284014991617e-6,0.40276314886193854,1.0,exp((-17.2445903201724+v1)),-0.9357643395456177,1.0766572752129792e-12,0.2913717291241673,1.0766572752129792e-12,8.0,6.967876277257158e-7,exp((-17.2+v1))
18.342177867889404,0.6394020293895548,5.0,0.0,7220.0,-0.9825191614197223,true,2.281592656287825e-6,0.42946946420391946,1.0,pow3((0.0038138797563997*v1)),-0.9736775283096545,4.4119232909770305e-13,0.2913153731207486,4.4119232909770305e-13,8.0,4.682384279861059e-7,pow3((0.00381*v1))
224.29371881484985,1.0180305677295825e7,5.0,1.0,6464.0,-1.0,true,0.9473468895994673,322910.2549079869,0.0,(v2/pow2(exp(v1))),5.053346535058681e9,0.084699406431474,1.2678977227927684e6,0.084699406431474,33.0,0.13829359319539303,(v2/pow2(exp(v1)))
48.57677483558655,3.7451245313974908e6,5.0,1.0,7122.0,-1.0,true,0.348509385518226,43700.28614326245,0.0,(v2/pow3(exp(v1))),6.730703887450829e8,0.01128136811738877,458297.0886379655,0.01128136811738877,33.0,0.04680229245491398,(v2/pow3(exp(v1)))
190.56820702552795,9.989397553611669,5.0,0.0,6599.0,-0.98938246621788,true,1.2340992437929402e-5,0.9977034759484801,1.0,(1.02263840801993e-6/pow2(v1)),0.6611192185841934,2.7842106378821535e-11,2.629805118078059,2.7842106378821535e-11,5.0,3.449383661626753e-6,(1.02e-6/pow2(v1))
48.57677483558655,3.7451245313974908e6,5.0,1.0,7122.0,-1.0,true,0.348509385518226,43700.28614326245,0.0,(v2/pow3(exp(v1))),6.730703887450829e8,0.01128136811738877,458297.0886379655,0.01128136811738877,33.0,0.04680229245491398,(v2/pow3(exp(v1)))
205.7192418575287,1.0180305677295825e7,5.0,1.0,6539.0,-1.0,true,0.9473468895994673,322910.2549079869,0.0,(v2/pow2(exp(v1))),5.053346535058681e9,0.084699406431474,1.2678977227927684e6,0.084699406431474,33.0,0.13829359319539303,(v2/pow2(exp(v1)))
312.06210494041443,0.6389959472148095,5.0,0.0,6094.0,-0.9862998892848298,true,2.2798749873558097e-6,0.429610785415301,1.0,pow3((0.00381356482927968*v1)),-0.9736817855453681,4.411209733465372e-13,0.2912729380633088,4.411209733465372e-13,8.0,4.685764652319261e-7,pow3((0.00381*v1))
1799.9362490177155,63.343135702510054,5.0,0.0,1.0,-0.35739851233547487,true,6.381831357884668e-6,3.9190901736851997,1.0,(1.74564656049263e-8*pow3(v2)),-0.18734095166405074,1.362102094801245e-11,6.376643768688918,1.362102094801245e-11,5.0,2.969162581415694e-6,(1.75e-8*pow3(v2))
473.0416579246521,7.692721850711422e6,5.0,1.0,5398.0,-0.9959398714292619,true,0.7158602451474851,663278.9804858996,0.0,(log(v2)/exp(v1)),3.894831678835865e9,0.06528147814099718,1.1300404025354483e6,0.06528147814099718,17.0,0.15767217915209575,(log(v2)/exp(v1))
1183.2225828170776,0.6527876194070039,5.0,1.0,2459.0,-0.98938246621788,true,2.647284014991617e-6,0.40276314886193854,1.0,exp((-17.2445903201724+v1)),-0.9357643395456177,1.0766572752129792e-12,0.2913717291241673,1.0766572752129792e-12,8.0,6.967876277257158e-7,exp((-17.2+v1))
1676.778373003006,0.6386594676842782,5.0,0.0,495.0,-0.9825191614197223,true,2.2784517275532482e-6,0.42972788411555696,1.0,(5.54503424743305e-8*pow3(v1)),-0.9736851587815565,4.4106443435779695e-13,0.29123777639137777,4.4106443435779695e-13,5.0,4.6885656276107075e-7,(5.55e-8*pow3(v1))
1727.2792229652405,0.6528326625155682,5.0,0.0,292.0,-0.9825191614197223,true,2.6479081451136573e-6,0.40284062710242774,1.0,(3.2412552821532e-8*exp(v1)),-0.9357631660411619,1.0766769443827337e-12,0.29142214502629143,1.0766769443827337e-12,5.0,6.96658054166486e-7,(3.24e-8*exp(v1))
130.64172792434692,0.9192805731146033,6.0,0.0,6837.0,-0.9816588397753874,true,1.5398553692703382e-6,0.7302177376985843,1.0,pow2(pow2((0.00995239363214317*v1))),-0.9747421351447437,4.233483980766421e-13,0.40637885881926805,4.233483980766421e-13,256.0,4.49506337916599e-7,pow2(pow2((0.00995*v1)))
641.8748860359192,0.9192805731578941,6.0,0.0,4686.0,-0.9821757011161886,true,1.5398553706173426e-6,0.7302177378432722,1.0,(9.810930032465031e-9*pow2(pow2(v1))),-0.974742135143347,4.23348398100054e-13,0.40637885888020464,4.23348398100054e-13,17.0,4.495063373277059e-7,(9.81e-9*pow2(pow2(v1)))
1675.111662864685,0.995200266933524,6.0,0.0,501.0,-0.99398840724806,true,5.719335611480631e-6,0.992591651761156,1.0,(7.89514717729132e-11*pow2(exp(v1))),-0.7277936211649096,4.562465397865872e-12,0.8135467710700436,4.562465397865872e-12,17.0,1.4728416549842917e-6,(7.9e-11*pow2(exp(v1)))
814.1035008430481,0.9976879793958865,6.0,0.0,3967.0,-0.98938246621788,true,3.067555688163137e-6,0.9690908534347843,1.0,pow2((1.67633921450727e-5*pow3(v1))),-0.8894771776060988,1.8524788250908004e-12,0.6660010937166797,1.8524788250908004e-12,32.0,1.0148013095457948e-6,pow2((1.68e-5*pow3(v1)))
1799.5222358703613,1.5971932557163384,6.0,0.0,2.0,-1.0,true,1.0919279763085196e-5,0.8827655822072481,1.0,(v1/(4.13758361838303e6+v2)),0.22504130511885512,2.053298159095424e-11,0.7460096282205169,2.053298159095424e-11,7.0,2.6301166860636217e-6,(v1/(4.14e6+v2))
1799.761058807373,0.9976887020492929,6.0,0.0,1.0,-0.9790112324800739,true,3.0689280928396445e-6,0.9691005145078804,1.0,(2.80923482310189e-10*pow2(pow3(v1))),-0.8894746018380149,1.852521997674802e-12,0.666017971807429,1.852521997674802e-12,17.0,1.0144478905285175e-6,(2.81e-10*pow2(pow3(v1)))
260.4883828163147,0.9976868865418209,6.0,0.0,6314.0,-0.9904078597955206,true,3.0654802284519628e-6,0.9690762431902107,1.0,pow2(pow3((0.0255949827237668*v1))),-0.8894804974618296,1.8524231808147094e-12,0.6659755693229263,1.8524231808147094e-12,256.0,1.0153357779457323e-6,pow2(pow3((0.0256*v1)))
554.7769119739532,0.9192805730773078,6.0,0.0,5050.0,-0.9828637057101857,true,1.5398553681098836e-6,0.7302177375739345,1.0,pow2((-9.90501390320064e-5*pow2(v1))),-0.9747421351459471,4.233483980564727e-13,0.40637885876677077,4.233483980564727e-13,32.0,4.4950633842393524e-7,pow2((-9.91e-5*pow2(v1)))
1798.2964878082275,1.5969204735716254,6.0,1.0,7.0,-1.0,true,1.091943206852151e-5,0.8827778952901691,1.0,(v1/(v2--4.13801823347976e6)),0.2250829257273006,2.0533679196156156e-11,0.7459690857580928,2.0533679196156156e-11,7.0,2.6301786236263723e-6,(v1/(v2--4.14e6))
1799.8070390224457,1.0180305677295825e7,6.0,1.0,1.0,-1.0,true,0.9473468895994673,5913.325938002682,0.0,(v2/pow2(exp(pow2(v1)))),4.9611135620329075e9,0.08315348473128002,1.234247096103265e6,0.08315348473128002,131073.0,0.12205986165127118,(v2/pow2(exp(pow2(v1))))
1524.7052109241486,0.9192805731194148,6.0,0.0,1096.0,-0.9821757011161886,true,1.5398553694200513e-6,0.7302177377146657,1.0,(9.810930037141952e-9*pow2(pow2(v1))),-0.9747421351445885,4.233483980792444e-13,0.4063788588260408,4.233483980792444e-13,17.0,4.4950633785114657e-7,(9.81e-9*pow2(pow2(v1)))
625.5367529392242,0.9192805730773078,6.0,0.0,4754.0,-0.9828637057101857,true,1.5398553681098836e-6,0.7302177375739345,1.0,pow2((-9.90501390320064e-5*pow2(v1))),-0.9747421351459471,4.233483980564727e-13,0.40637885876677077,4.233483980564727e-13,32.0,4.4950633842393524e-7,pow2((-9.91e-5*pow2(v1)))
135.96719694137573,137.12730080190917,6.0,1.0,6816.0,-1.0,true,6.475272650131145e-5,63.74717225089499,1.0,(v1/(v2--77791.6856080739)),108.23308015471275,1.8308613877491572e-9,45.643961823597145,1.8308613877491572e-9,7.0,3.881307539012407e-5,(v1/(v2--77800.0))
130.64172792434692,0.9192805731146033,6.0,0.0,6837.0,-0.9816588397753874,true,1.5398553692703382e-6,0.7302177376985843,1.0,pow2(pow2((0.00995239363214317*v1))),-0.9747421351447437,4.233483980766421e-13,0.40637885881926805,4.233483980766421e-13,256.0,4.49506337916599e-7,pow2(pow2((0.00995*v1)))
1304.2277209758759,0.995200266933524,6.0,0.0,1972.0,-0.99398840724806,true,5.719335611480631e-6,0.992591651761156,1.0,(7.89514717729132e-11*pow2(exp(v1))),-0.7277936211649096,4.562465397865872e-12,0.8135467710700436,4.562465397865872e-12,17.0,1.4728416549842917e-6,(7.9e-11*pow2(exp(v1)))
997.1006808280945,0.9976887020418924,6.0,0.0,3217.0,-0.9931370668269953,true,3.068928078785242e-6,0.9691005144089442,1.0,pow2((-1.67607721543392e-5*pow3(v1))),-0.8894746018659436,1.852521997206687e-12,0.6660179716345854,1.852521997206687e-12,32.0,1.01444789414778e-6,pow2((-1.68e-5*pow3(v1)))
1795.3508009910583,0.9999999999999357,6.0,0.0,19.0,-0.987157126217035,true,7.458150912857095e-6,0.9999999999997308,1.0,(2.8691253116993902e-21*exp(pow2(v1))),-0.6094249276967814,6.5464492796914564e-12,0.85999817739171,6.5464492796914564e-12,17.0,1.6157988197585581e-6,(2.8700000000000003e-21*exp(pow2(v1)))
260.4883828163147,0.9976868865418209,6.0,0.0,6314.0,-0.9904078597955206,true,3.0654802284519628e-6,0.9690762431902107,1.0,pow2(pow3((0.0255949827237668*v1))),-0.8894804974618296,1.8524231808147094e-12,0.6659755693229263,1.8524231808147094e-12,256.0,1.0153357779457323e-6,pow2(pow3((0.0256*v1)))
1800.073704957962,1.5985402084790283,6.0,0.0,0.0,-1.0,true,1.0918527704227268e-5,0.8827047822561546,1.0,(v1/(4.1354388991687e6+v2)),0.22483580477625642,2.0529537188929684e-11,0.7462098201423538,2.0529537188929684e-11,7.0,2.6298108487026136e-6,(v1/(4.14e6+v2))
110.72315001487732,139.12725610149826,6.0,0.0,6908.0,-1.0,true,8.949149966399128e-5,65.74715129757737,1.0,(v1/(-77791.7107850977-v2)),160.43623298998227,2.7058411714327482e-9,47.6439467284061,2.7058411714327482e-9,7.0,4.550810613243899e-5,(v1/(-77800.0-v2))
1738.2752079963684,0.9976887020453642,6.0,0.0,248.0,-0.9904078597955206,true,3.0689280853786403e-6,0.9691005144553586,1.0,(2.80923482787693e-10*pow2(pow3(v1))),-0.8894746018528412,1.852521997426296e-12,0.6660179717156722,1.852521997426296e-12,17.0,1.0144478924498612e-6,(2.81e-10*pow2(pow3(v1)))
1679.394591808319,0.9192805731938856,6.0,0.0,484.0,-0.9825191614197223,true,1.5398553717372213e-6,0.7302177379635635,1.0,(9.810930028090501e-9*pow2(pow2(v1))),-0.9747421351421857,4.233483981195182e-13,0.40637885893086634,4.233483981195182e-13,17.0,4.4950633683810893e-7,(9.81e-9*pow2(pow2(v1)))
1785.4283599853516,0.999968397709118,6.0,0.0,59.0,-0.9902370346019089,true,6.833207183565566e-6,0.9998674079907679,1.0,(1.91234933663883e-13*pow3(exp(v1))),-0.6506107663631129,5.8561312768533805e-12,0.8509991278614613,5.8561312768533805e-12,17.0,1.5830421871315418e-6,(1.91e-13*pow3(exp(v1)))
1661.2970638275146,0.9951985302811334,6.0,0.0,557.0,-0.9895290160692605,true,5.7187063938793055e-6,0.9925889712525732,1.0,pow2((8.88707140782714e-6*exp(v1))),-0.7277941018091284,4.562457341762904e-12,0.8135806184155888,4.562457341762904e-12,32.0,1.4734165012370519e-6,pow2((8.89e-6*exp(v1)))
1795.8833048343658,7.692721850711422e6,6.0,1.0,17.0,-1.0,true,0.7158602451474851,89764.18402423416,0.0,(log(v2)/exp(pow2(v1))),3.3936396577703714e9,0.05688097237921595,1.0549601297257745e6,0.05688097237921595,65.0,0.10810453696906108,(log(v2)/exp(pow2(v1)))
135.96719694137573,137.12730080190917,6.0,1.0,6816.0,-1.0,true,6.475272650131145e-5,63.74717225089499,1.0,(v1/(v2--77791.6856080739)),108.23308015471275,1.8308613877491572e-9,45.643961823597145,1.8308613877491572e-9,7.0,3.881307539012407e-5,(v1/(v2--77800.0))
268.83759689331055,0.9192805730963771,6.0,0.0,6279.0,-0.9816588397753874,true,1.539855368703231e-6,0.7302177376376687,1.0,pow2((9.90501390203064e-5*pow2(v1))),-0.9747421351453318,4.2334839806678545e-13,0.4063788587936129,4.2334839806678545e-13,32.0,4.495063381645312e-7,pow2((9.91e-5*pow2(v1)))
347.96084094047546,0.919280568640414,6.0,0.0,5942.0,-0.9828637057101857,true,1.5398552300552141e-6,0.7302177227448498,1.0,pow2(pow2((-0.00995239377005573*v1))),-0.9747421352890997,4.23348395657085e-13,0.40637885252137296,4.23348395657085e-13,256.0,4.495063987797112e-7,pow2(pow2((-0.00995*v1)))
814.1035008430481,0.9976879793958865,6.0,0.0,3967.0,-0.98938246621788,true,3.067555688163137e-6,0.9690908534347843,1.0,pow2((1.67633921450727e-5*pow3(v1))),-0.8894771776060988,1.8524788250908004e-12,0.6660010937166797,1.8524788250908004e-12,32.0,1.0148013095457948e-6,pow2((1.68e-5*pow3(v1)))
1799.924605846405,0.9952018647303468,6.0,0.0,1.0,-0.9869671645957643,true,5.71991451943567e-6,0.9925941179473197,1.0,(7.892518939241539e-11*pow2(exp(v1))),-0.7277928564441598,4.562478215390485e-12,0.8135156300187575,4.562478215390485e-12,17.0,1.4723127710688599e-6,(7.89e-11*pow2(exp(v1)))
1568.0303699970245,0.9192805729208393,6.0,0.0,927.0,-0.9783935397678983,true,1.5398553632413428e-6,0.7302177370509824,1.0,pow2((-9.90501391280069e-5*pow2(v1))),-0.9747421351509956,4.2334839797185496e-13,0.4063788585465249,4.2334839797185496e-13,32.0,4.4950634055240055e-7,pow2((-9.91e-5*pow2(v1)))
347.96084094047546,0.919280568640414,6.0,0.0,5942.0,-0.9828637057101857,true,1.5398552300552141e-6,0.7302177227448498,1.0,pow2(pow2((-0.00995239377005573*v1))),-0.9747421352890997,4.23348395657085e-13,0.40637885252137296,4.23348395657085e-13,256.0,4.495063987797112e-7,pow2(pow2((-0.00995*v1)))
1604.6013629436493,0.9976887020453642,6.0,0.0,783.0,-0.9904078597955206,true,3.0689280853786403e-6,0.9691005144553586,1.0,(2.80923482787693e-10*pow2(pow3(v1))),-0.8894746018528412,1.852521997426296e-12,0.6660179717156722,1.852521997426296e-12,17.0,1.0144478924498612e-6,(2.81e-10*pow2(pow3(v1)))
260.4883828163147,0.9976868865418209,6.0,0.0,6314.0,-0.9904078597955206,true,3.0654802284519628e-6,0.9690762431902107,1.0,pow2(pow3((0.0255949827237668*v1))),-0.8894804974618296,1.8524231808147094e-12,0.6659755693229263,1.8524231808147094e-12,256.0,1.0153357779457323e-6,pow2(pow3((0.0256*v1)))
1732.0382080078125,0.9999683929740885,6.0,0.0,273.0,-0.9931370668269953,true,6.833113516138975e-6,0.9998673881242623,1.0,pow3((5.76161319457926e-5*exp(v1))),-0.6506107918524487,5.856130849625285e-12,0.8510187557026261,5.856130849625285e-12,32.0,1.5832967442058046e-6,pow3((5.76e-5*exp(v1)))
1120.0115358829498,0.9192805732099957,6.0,0.0,2715.0,-0.9823472056034291,true,1.5398553722384882e-6,0.730217738017407,1.0,(9.81093002613243e-9*pow2(pow2(v1))),-0.9747421351416659,4.233483981282307e-13,0.4063788589535429,4.233483981282307e-13,17.0,4.495063366189613e-7,(9.81e-9*pow2(pow2(v1)))
1799.6969709396362,1.5972016754913418,6.0,0.0,2.0,-1.0,true,1.0919275061980191e-5,0.8827652021479598,1.0,(v1/(4.13757020487633e6+v2)),0.22504002046133365,2.053296005874212e-11,0.746010879616249,2.053296005874212e-11,7.0,2.6301147742803447e-6,(v1/(4.14e6+v2))
1800.176281929016,1.5969137384787329,6.0,1.0,0.0,-1.0,true,1.0919435828999538e-5,0.882778199304779,1.0,(v1/(v2--4.1380289654436e6)),0.22508395336883513,2.0533696420509834e-11,0.7459680847495747,2.0533696420509834e-11,7.0,2.630180152887897e-6,(v1/(v2--4.14e6))
461.978905916214,1.5192747033136575,7.0,1.0,5445.0,-0.9938131374160182,true,1.8856749058922174e-6,0.3927881791232891,1.0,(exp((-15.3058745352887+v1))/v2),-0.9669309389813375,5.542722668118207e-13,0.35350397507900655,5.542722668118207e-13,17.0,5.26463417389836e-7,(exp((-15.3+v1))/v2)
52.245872020721436,0.562678959407661,7.0,0.0,7110.0,-1.0,true,1.957065154534354e-6,0.503925036691436,1.0,(3.70154749231256e-7*(pow3(v1)/v2)),-0.9626090030824416,6.267124611779235e-13,0.32116553382767016,6.267124611779235e-13,10.0,6.07267395717633e-7,(3.7e-7*(pow3(v1)/v2))
1799.2810859680176,0.9192805877442916,7.0,0.0,3.0,-0.9826019799310225,true,1.5398558244754694e-6,0.7302177865942538,1.0,pow2((v1*(9.90501300331389e-5*v1))),-0.9747421346726589,4.2334840598928175e-13,0.40637887941210366,4.2334840598928175e-13,128.0,4.495061389066064e-7,pow2((v1*(9.91e-5*v1)))
1680.2892818450928,1.0,7.0,0.0,480.0,-0.9825191614197223,true,2.2473456182226415e-6,0.5930718030948839,1.0,(5.75015558330059e-8*(pow3(v1)-v1)),-0.9764163747317204,3.952863805147923e-13,0.4023496898554425,3.952863805147923e-13,7.0,4.515122583904251e-7,(5.75e-8*(pow3(v1)-v1))
1055.9691560268402,4.743527078568187,7.0,0.0,2975.0,-1.0,true,2.198253307087915e-6,0.8537684734934301,1.0,(5.80601219392033e-8*(pow3(v1)-v2)),-0.9780743650613312,3.6749671760822017e-13,0.8477059799943892,3.6749671760822017e-13,7.0,4.7134380843962993e-7,(5.81e-8*(pow3(v1)-v2))
1055.9691560268402,4.743527078568187,7.0,0.0,2975.0,-1.0,true,2.198253307087915e-6,0.8537684734934301,1.0,(5.80601219392033e-8*(pow3(v1)-v2)),-0.9780743650613312,3.6749671760822017e-13,0.8477059799943892,3.6749671760822017e-13,7.0,4.7134380843962993e-7,(5.81e-8*(pow3(v1)-v2))
1345.0951030254364,4.7440778180205125,7.0,0.0,1808.0,-1.0,true,2.1992612249932336e-6,0.8537469602335735,1.0,(-5.8068663616367e-8*(v2-pow3(v1))),-0.9780723749897389,3.67530073302595e-13,0.8477718455113336,3.67530073302595e-13,7.0,4.7111642899353165e-7,(-5.81e-8*(v2-pow3(v1)))
1800.0741829872131,0.9192805732408494,7.0,0.0,0.0,-0.9807996919281943,true,1.5398553731985086e-6,0.730217738120527,1.0,pow2((-9.90501389316661e-5*(v1*v1))),-0.9747421351406704,4.233483981449163e-13,0.40637885899697296,4.233483981449163e-13,64.0,4.495063361992523e-7,pow2((-9.91e-5*(v1*v1)))
1792.4303328990936,0.5644233441989088,7.0,0.0,31.0,-1.0,true,1.96444365018806e-6,0.5056038357469858,1.0,((3.70567944987863e-7*pow3(v1))/v2),-0.9625742089001017,6.272956482937149e-13,0.322059857619558,6.272956482937149e-13,11.0,6.077905212214866e-7,((3.71e-7*pow3(v1))/v2)
1799.6283378601074,0.9192805732410811,7.0,0.0,2.0,-0.9823472056034291,true,1.5398553732057202e-6,0.7302177381213018,1.0,(pow3(v1)*(9.81093002235418e-9*v1)),-0.9747421351406629,4.2334839814504166e-13,0.40637885899729914,4.2334839814504166e-13,13.0,4.4950633619609946e-7,(pow3(v1)*(9.81e-9*v1))
1345.0951030254364,4.7440778180205125,7.0,0.0,1808.0,-1.0,true,2.1992612249932336e-6,0.8537469602335735,1.0,(-5.8068663616367e-8*(v2-pow3(v1))),-0.9780723749897389,3.67530073302595e-13,0.8477718455113336,3.67530073302595e-13,7.0,4.7111642899353165e-7,(-5.81e-8*(v2-pow3(v1)))
1169.4333939552307,4.7415370825395575,7.0,0.0,2515.0,-1.0,true,2.19461138054661e-6,0.8538462077132984,1.0,(5.80292581549549e-8*(pow3(v1)-v2)),-0.9780809569422831,3.6738623074572043e-13,0.8474679870258641,3.6738623074572043e-13,7.0,4.721654023763208e-7,(5.8e-8*(pow3(v1)-v2))
1758.5866768360138,0.6405100785058833,7.0,0.0,167.0,-0.9862998892848298,true,2.2862795439687664e-6,0.42908385051996994,1.0,(5.55129650056547e-8*pow3(exp(log(v1)))),-0.9736648757360249,4.4140439954816853e-13,0.2914311628077181,4.4140439954816853e-13,65537.0,4.673160484904964e-7,(5.55e-8*pow3(exp(log(v1))))
461.978905916214,1.5192747033136575,7.0,1.0,5445.0,-0.9938131374160182,true,1.8856749058922174e-6,0.3927881791232891,1.0,(exp((-15.3058745352887+v1))/v2),-0.9669309389813375,5.542722668118207e-13,0.35350397507900655,5.542722668118207e-13,17.0,5.26463417389836e-7,(exp((-15.3+v1))/v2)
468.2268919944763,1.0,7.0,0.0,5419.0,-0.9825191614197223,true,2.2473506607285136e-6,0.5930729672769954,1.0,(5.75015978538882e-8*(pow3(v1)-v1)),-0.9764163630721411,3.952865759416113e-13,0.4023497500347989,3.952865759416113e-13,7.0,4.5151118937918014e-7,(5.75e-8*(pow3(v1)-v1))
426.1106719970703,4.740099888284712,7.0,0.0,5600.0,-1.0,true,2.1919811462012003e-6,0.8539023481138782,1.0,(5.80069680333836e-8*(pow3(v1)-v2)),-0.978085134243439,3.673162147818712e-13,0.8472961062169897,3.673162147818712e-13,7.0,4.7275876541254806e-7,(5.8e-8*(pow3(v1)-v2))
1622.4866058826447,0.9192805731351943,7.0,0.0,712.0,-0.9828637057101857,true,1.5398553699110331e-6,0.7302177377674043,1.0,(v1*(9.81093003522405e-9*pow3(v1))),-0.9747421351440794,4.2334839808777814e-13,0.40637885884825226,4.2334839808777814e-13,11.0,4.495063376364956e-7,(v1*(9.81e-9*pow3(v1)))
1792.960531949997,0.6405100785058833,7.0,0.0,29.0,-0.9862998892848298,true,2.286279543968769e-6,0.42908385051996994,1.0,(5.55129650056547e-8*pow3(log(exp(v1)))),-0.9736648757360249,4.4140439954816853e-13,0.29143116280771797,4.4140439954816853e-13,65537.0,4.673160484904963e-7,(5.55e-8*pow3(log(exp(v1))))
52.245872020721436,0.562678959407661,7.0,0.0,7110.0,-1.0,true,1.957065154534354e-6,0.503925036691436,1.0,(3.70154749231256e-7*(pow3(v1)/v2)),-0.9626090030824416,6.267124611779235e-13,0.32116553382767016,6.267124611779235e-13,10.0,6.07267395717633e-7,(3.7e-7*(pow3(v1)/v2))
1721.865443944931,0.8969202015729252,8.0,0.0,313.0,-1.0,true,1.3423329284965975e-6,0.613450755898469,1.0,(pow2(pow2((0.0160973710173447*v1)))/v2),-0.9931842821490555,1.1423860450893368e-13,0.3255544472368612,1.1423860450893368e-13,513.0,2.531663541942588e-7,(pow2(pow2((0.0161*v1)))/v2)
130.65377497673035,0.8969201353572616,8.0,0.0,6837.0,-1.0,true,1.3423367796335946e-6,0.6134505075897306,1.0,(pow2(pow2(v1))*(6.71459920473626e-8/v2)),-0.9931842821478941,1.142386045283995e-13,0.32555447649980107,1.142386045283995e-13,49.0,2.5316733816900315e-7,(pow2(pow2(v1))*(6.71e-8/v2))
1800.0074360370636,0.9998681369510998,8.0,0.0,0.0,-0.9833796941134801,true,6.263953952386678e-6,0.9991858819042148,1.0,pow2((-1.47276389619542e-6*(v1*exp(v1)))),-0.6886973202317173,5.2177605491242715e-12,0.837394614761716,5.2177605491242715e-12,1024.0,1.537622783777308e-6,pow2((-1.47e-6*(v1*exp(v1))))
130.04530096054077,0.8969177338252703,8.0,0.0,6839.0,-1.0,true,1.342476453967444e-6,0.6134415018447636,1.0,(6.71475563999018e-8*(pow2(pow2(v1))/v2)),-0.9931842811789251,1.1423862076934135e-13,0.3255555378179648,1.1423862076934135e-13,34.0,2.5320302529652006e-7,(6.71e-8*(pow2(pow2(v1))/v2))
130.65377497673035,0.8969201353572616,8.0,0.0,6837.0,-1.0,true,1.3423367796335946e-6,0.6134505075897306,1.0,(pow2(pow2(v1))*(6.71459920473626e-8/v2)),-0.9931842821478941,1.142386045283995e-13,0.32555447649980107,1.142386045283995e-13,49.0,2.5316733816900315e-7,(pow2(pow2(v1))*(6.71e-8/v2))
1796.0681459903717,0.9010127149048528,8.0,0.0,16.0,-0.9992266421770023,true,1.104310251517187e-6,0.25759536178639186,1.0,pow2((-0.000671833807222599*(pow2(v1)/v2))),-0.9914531633683318,1.4325397722153502e-13,0.2594970286268369,1.4325397722153502e-13,1024.0,3.042294178438754e-7,pow2((-0.000672*(pow2(v1)/v2)))
1800.070070028305,304567.2212556938,8.0,0.0,0.0,-1.0,true,0.02834205758418604,17846.67702670083,1.0,(log(v2)/(-68.6582663377664*pow2(v1))),5.738218417817727e6,9.617859673676573e-5,43818.800992297416,9.617859673676573e-5,21.0,0.0059902192475437595,(log(v2)/(-68.7*pow2(v1)))
130.65377497673035,0.8969201353572616,8.0,0.0,6837.0,-1.0,true,1.3423367796335946e-6,0.6134505075897306,1.0,(pow2(pow2(v1))*(6.71459920473626e-8/v2)),-0.9931842821478941,1.142386045283995e-13,0.32555447649980107,1.142386045283995e-13,49.0,2.5316733816900315e-7,(pow2(pow2(v1))*(6.71e-8/v2))
1785.1837158203125,0.8969029233104683,8.0,0.0,60.0,-1.0,true,1.3433378411138538e-6,0.6133859624142558,1.0,(pow2((0.000259147070089441*pow2(v1)))/v2),-0.993184235335405,1.1423938915498694e-13,0.32556208308508217,1.1423938915498694e-13,65.0,2.534231117797571e-7,(pow2((0.000259*pow2(v1)))/v2)
130.04530096054077,0.8969177338252703,8.0,0.0,6839.0,-1.0,true,1.342476453967444e-6,0.6134415018447636,1.0,(6.71475563999018e-8*(pow2(pow2(v1))/v2)),-0.9931842811789251,1.1423862076934135e-13,0.3255555378179648,1.1423862076934135e-13,34.0,2.5320302529652006e-7,(6.71e-8*(pow2(pow2(v1))/v2))
411.06344199180603,0.8969202015486654,8.0,0.0,5666.0,-1.0,true,1.3423329299075604e-6,0.6134507558074948,1.0,(pow2(pow2((-0.0160973710182918*v1)))/v2),-0.9931842821490554,1.1423860450893663e-13,0.3255544472475825,1.1423860450893663e-13,513.0,2.5316635455476306e-7,(pow2(pow2((-0.0161*v1)))/v2)
130.65377497673035,0.8969201353572616,8.0,0.0,6837.0,-1.0,true,1.3423367796335946e-6,0.6134505075897306,1.0,(pow2(pow2(v1))*(6.71459920473626e-8/v2)),-0.9931842821478941,1.142386045283995e-13,0.32555447649980107,1.142386045283995e-13,49.0,2.5316733816900315e-7,(pow2(pow2(v1))*(6.71e-8/v2))
1796.752483844757,0.8969029232827459,9.0,0.0,14.0,-1.0,true,1.3433378427262064e-6,0.6133859623102966,1.0,(pow3(v1)*((6.71572039539999e-8*v1)/v2)),-0.9931842353352549,1.1423938915750142e-13,0.32556208309733364,1.1423938915750142e-13,29.0,2.5342311219171676e-7,(pow3(v1)*((6.72e-8*v1)/v2))
1800.2012870311737,2.1490244669718703,9.0,0.0,0.0,-0.9825191614197223,true,2.6731141219244617e-6,1.6241870558099027,1.0,((5.86076416293002e-7*pow3(v1))/(v1+v1)),-0.8792306683239841,2.024221104785435e-12,1.0263432080719996,2.024221104785435e-12,21.0,1.1515707840953192e-6,((5.86e-7*pow3(v1))/(v1+v1))
447.2847328186035,0.7465672663686233,10.0,0.0,5508.0,-1.0,true,4.531677720915284e-7,0.4794594061746124,1.0,((5.77678957654634e-8*pow3(v1))/sqrt_abs((v1-v2))),-0.9980972129724802,3.1892713204293525e-14,0.23489525398459457,3.1892713204293525e-14,81.0,1.413712173623862e-7,((5.78e-8*pow3(v1))/sqrt_abs((v1-v2)))
92.43240094184875,0.7465672663642883,10.0,0.0,6971.0,-1.0,true,4.5316777217886683e-7,0.47945940616570865,1.0,(pow3((0.00386570624985326*v1))/sqrt_abs((v1-v2))),-0.9980972129725224,3.1892713203587576e-14,0.2348952539769811,3.1892713203587576e-14,129.0,1.4137121736996993e-7,(pow3((0.00387*v1))/sqrt_abs((v1-v2)))
1799.9969019889832,9.956024171470403,10.0,0.0,0.0,-0.9992266421770023,true,2.3565887150765863e-5,4.489184236115458,2.0,(-2.6349292450007298e-11*(pow2(v1)/(1.21029599452746e-5*v2))),6.3913772533373345,1.2388726195632136e-10,4.1115231158003835,1.2388726195632136e-10,14.0,8.169165383896054e-6,(-2.63e-11*(pow2(v1)/(1.21e-5*v2)))
355.4978358745575,0.7465671081211253,10.0,0.0,5909.0,-1.0,true,4.531709603660409e-7,0.4794590811406465,1.0,(pow3((0.00386570705443422*v1))/sqrt_abs((v1-v2))),-0.9980972145091951,3.189268744733563e-14,0.23489497605399212,3.189268744733563e-14,129.0,1.41371494225024e-7,(pow3((0.00387*v1))/sqrt_abs((v1-v2)))
447.2847328186035,0.7465672663686233,10.0,0.0,5508.0,-1.0,true,4.531677720915284e-7,0.4794594061746124,1.0,((5.77678957654634e-8*pow3(v1))/sqrt_abs((v1-v2))),-0.9980972129724802,3.1892713204293525e-14,0.23489525398459457,3.1892713204293525e-14,81.0,1.413712173623862e-7,((5.78e-8*pow3(v1))/sqrt_abs((v1-v2)))
355.4978358745575,0.7465671081211253,10.0,0.0,5909.0,-1.0,true,4.531709603660409e-7,0.4794590811406465,1.0,(pow3((0.00386570705443422*v1))/sqrt_abs((v1-v2))),-0.9980972145091951,3.189268744733563e-14,0.23489497605399212,3.189268744733563e-14,129.0,1.41371494225024e-7,(pow3((0.00387*v1))/sqrt_abs((v1-v2)))
1786.1963670253754,0.7465672665554773,10.0,0.0,56.0,-1.0,true,4.5316776832690403e-7,0.47945940655840336,1.0,((5.77678957228715e-8*pow3(v1))/sqrt_abs((v2-v1))),-0.998097212970665,3.1892713234719473e-14,0.23489525431276723,3.1892713234719473e-14,81.0,1.413712170354746e-7,((5.78e-8*pow3(v1))/sqrt_abs((v2-v1)))
1232.583298921585,0.7465672660459278,10.0,0.0,2260.0,-1.0,true,4.5316777859299756e-7,0.47945940551180927,1.0,(pow3((0.00386570625147195*v1))/sqrt_abs((v2-v1))),-0.9980972129756153,3.189271315174836e-14,0.23489525341784376,3.189271315174836e-14,129.0,1.4137121792695958e-7,(pow3((0.00387*v1))/sqrt_abs((v2-v1)))
1489.2513489723206,0.7465672660459278,10.0,0.0,1235.0,-1.0,true,4.5316777859299756e-7,0.47945940551180927,1.0,(pow3((0.00386570625147195*v1))/sqrt_abs((v2-v1))),-0.9980972129756153,3.189271315174836e-14,0.23489525341784376,3.189271315174836e-14,129.0,1.4137121792695958e-7,(pow3((0.00387*v1))/sqrt_abs((v2-v1)))
355.4978358745575,0.7465671081211253,10.0,0.0,5909.0,-1.0,true,4.531709603660409e-7,0.4794590811406465,1.0,(pow3((0.00386570705443422*v1))/sqrt_abs((v1-v2))),-0.9980972145091951,3.189268744733563e-14,0.23489497605399212,3.189268744733563e-14,129.0,1.41371494225024e-7,(pow3((0.00387*v1))/sqrt_abs((v1-v2)))
1516.3612568378448,0.07451257800630207,11.0,0.0,1128.0,-1.0,true,3.368312392668588e-7,0.058808763966527094,1.0,(9.62921424353893e-8*pow2((v1*exp(pow3((v1/v2)))))),-0.9990028194723228,1.671379514478287e-14,0.0331566758473579,1.671379514478287e-14,1.7976931348623157e308,9.341149185533448e-8,(9.63e-8*pow2((v1*exp(pow3((v1/v2))))))
897.0692648887634,0.07450240033073359,11.0,0.0,3627.0,-1.0,true,3.3678397759015295e-7,0.05879873503591299,1.0,pow2((-0.000310308282786419*(v1*exp(pow3((v1/v2)))))),-0.9990028427584672,1.6713404844494328e-14,0.03314954202272335,1.6713404844494328e-14,1.7976931348623157e308,9.341170495462964e-8,pow2((-0.00031*(v1*exp(pow3((v1/v2))))))
1363.611773967743,0.07451232264569888,11.0,0.0,1734.0,-1.0,true,3.368300534587441e-7,0.05880851233797467,1.0,pow2((-0.000310309715528407*(v1*exp(pow3((v1/v2)))))),-0.9990028200602433,1.6713785290615296e-14,0.03315649685778909,1.6713785290615296e-14,1.7976931348623157e308,9.34114972020531e-8,pow2((-0.00031*(v1*exp(pow3((v1/v2))))))
1778.6399869918823,0.3793615493243331,11.0,0.0,86.0,-1.0,true,3.212429614230505e-7,0.22420193665541316,1.0,(pow2(v1)/(((v1-v2)/-4.95039785178859e-8)/v2)),-0.9984170891532408,2.6531251755200725e-14,0.14562497383511558,2.6531251755200725e-14,45.0,1.3190737274790012e-7,(pow2(v1)/(((v1-v2)/-4.95e-8)/v2))
1661.0066268444061,0.0745125786500202,11.0,0.0,558.0,-1.0,true,3.368312422560669e-7,0.05880876460083735,1.0,(9.62921424930759e-8*pow2((v1*exp(pow3((v1/v2)))))),-0.9990028194708405,1.6713795169627455e-14,0.033156676298558334,1.6713795169627455e-14,1.7976931348623157e308,9.34114918418564e-8,(9.63e-8*pow2((v1*exp(pow3((v1/v2))))))
1596.1803078651428,0.07451258003620922,11.0,0.0,816.0,-1.0,true,3.368312486930582e-7,0.05880876596676752,1.0,pow2((0.000310309752694463*(v1*exp(pow3((v1/v2)))))),-0.9990028194676486,1.671379522312814e-14,0.03315667727017796,1.671379522312814e-14,1.7976931348623157e308,9.341149181283264e-8,pow2((0.00031*(v1*exp(pow3((v1/v2))))))
1661.0066268444061,0.0745125786500202,11.0,0.0,558.0,-1.0,true,3.368312422560669e-7,0.05880876460083735,1.0,(9.62921424930759e-8*pow2((v1*exp(pow3((v1/v2)))))),-0.9990028194708405,1.6713795169627455e-14,0.033156676298558334,1.6713795169627455e-14,1.7976931348623157e308,9.34114918418564e-8,(9.63e-8*pow2((v1*exp(pow3((v1/v2))))))
1760.5240609645844,0.3792841012520427,11.0,0.0,159.0,-1.0,true,3.207024310643696e-7,0.2241051265650501,1.0,((-4.95101560076994e-8*pow2(v1))/((v1-v2)/v2)),-0.9984175876443449,2.6522896519650783e-14,0.14555329887121388,2.6522896519650783e-14,46.0,1.319382972619068e-7,((-4.95e-8*pow2(v1))/((v1-v2)/v2))
1798.9672639369965,0.15065057772506674,11.0,0.0,5.0,-1.0,true,7.009531970267646e-7,0.12971063112832842,1.0,(7.7190532335538e-8*pow2((v1*exp(pow2((v1/v2)))))),-0.9962963575384705,6.207694562158884e-14,0.0826245023432268,6.207694562158884e-14,1.7976931348623157e308,1.865564291536914e-7,(7.72e-8*pow2((v1*exp(pow2((v1/v2))))))
1484.117723941803,0.37923671713947876,11.0,0.0,1255.0,-1.0,true,3.203717249460306e-7,0.22404589642434522,1.0,(-4.95139355061947e-8*(pow2(v1)/((v1-v2)/v2))),-0.9984178670961746,2.6518212612869584e-14,0.14550944684937395,2.6518212612869584e-14,38.0,1.3195721743137407e-7,(-4.95e-8*(pow2(v1)/((v1-v2)/v2)))
1599.335865020752,0.37935885595842084,11.0,0.0,804.0,-1.0,true,3.2122416371770295e-7,0.22419856994802273,1.0,((-4.95041933488042e-8*pow2(v1))/((v1-v2)/v2)),-0.9984171073581165,2.6530946622323257e-14,0.14562248123718738,2.6530946622323257e-14,46.0,1.319084481914772e-7,((-4.95e-8*pow2(v1))/((v1-v2)/v2))
1651.028527021408,0.2441168498666594,12.0,0.0,597.0,-1.0,true,2.1446287761087437e-7,0.10820685632143692,1.0,pow2((-0.000340113454837184*(v1*exp(pow2(pow2((v1/v2))))))),-0.9993972643158735,1.010248442617282e-14,0.08164984776708988,1.010248442617282e-14,1.7976931348623157e308,8.787084950526396e-8,pow2((-0.00034*(v1*exp(pow2(pow2((v1/v2)))))))
1195.05579996109,0.24395543167050188,12.0,0.0,2411.0,-1.0,true,2.1383136825919784e-7,0.1080630717953005,1.0,(1.15662153604127e-7*pow2((v1*exp(pow2(pow2((v1/v2))))))),-0.9993975455940983,1.0097769907088251e-14,0.08154583754297756,1.0097769907088251e-14,1.7976931348623157e308,8.787448739140133e-8,(1.16e-7*pow2((v1*exp(pow2(pow2((v1/v2)))))))
1766.4224078655243,0.24412841001108904,12.0,0.0,135.0,-1.0,true,2.1450810385852092e-7,0.10821715361089058,1.0,pow2((-0.000340115034974744*(v1*exp(pow2(pow2((v1/v2))))))),-0.9993972420138754,1.0102858231132185e-14,0.08165729657547396,1.0102858231132185e-14,1.7976931348623157e308,8.787058897398455e-8,pow2((-0.00034*(v1*exp(pow2(pow2((v1/v2)))))))
1071.4604978561401,0.2441281676554914,12.0,0.0,2912.0,-1.0,true,2.1450715570131113e-7,0.10821693773073836,1.0,(1.15678214481808e-7*pow2((v1*exp(pow2(pow2((v1/v2))))))),-0.9993972424843914,1.0102850344789035e-14,0.08165714041302995,1.0102850344789035e-14,1.7976931348623157e308,8.78705944359588e-8,(1.16e-7*pow2((v1*exp(pow2(pow2((v1/v2)))))))
1071.4604978561401,0.2441281676554914,12.0,0.0,2912.0,-1.0,true,2.1450715570131113e-7,0.10821693773073836,1.0,(1.15678214481808e-7*pow2((v1*exp(pow2(pow2((v1/v2))))))),-0.9993972424843914,1.0102850344789035e-14,0.08165714041302995,1.0102850344789035e-14,1.7976931348623157e308,8.78705944359588e-8,(1.16e-7*pow2((v1*exp(pow2(pow2((v1/v2)))))))
1063.5618159770966,0.24411796599334282,12.0,0.0,2944.0,-1.0,true,2.144672441845003e-7,0.10820785052004722,1.0,pow2((0.000340113607399066*(v1*exp(pow2(pow2((v1/v2))))))),-0.9993972621752053,1.0102520306024436e-14,0.08165056694614925,1.0102520306024436e-14,1.7976931348623157e308,8.787082435108736e-8,pow2((0.00034*(v1*exp(pow2(pow2((v1/v2)))))))
1710.3266079425812,0.24399515156119717,12.0,0.0,360.0,-1.0,true,2.1398676265102363e-7,0.10809845259992902,1.0,pow2((-0.000340096819645969*(v1*exp(pow2(pow2((v1/v2))))))),-0.9993974815969439,1.0098842566751729e-14,0.08157143115529168,1.0098842566751729e-14,1.7976931348623157e308,8.787359222317893e-8,pow2((-0.00034*(v1*exp(pow2(pow2((v1/v2)))))))
1071.4604978561401,0.2441281676554914,12.0,0.0,2912.0,-1.0,true,2.1450715570131113e-7,0.10821693773073836,1.0,(1.15678214481808e-7*pow2((v1*exp(pow2(pow2((v1/v2))))))),-0.9993972424843914,1.0102850344789035e-14,0.08165714041302995,1.0102850344789035e-14,1.7976931348623157e308,8.78705944359588e-8,(1.16e-7*pow2((v1*exp(pow2(pow2((v1/v2)))))))
1544.4497649669647,0.18776308534230465,13.0,0.0,1019.0,-1.0,true,2.0158673577783688e-7,0.09705765451018192,1.0,(4.81216686049755e-8*(v1-(pow2(v1)/((v1-v2)/v2)))),-0.9996178189688852,6.405756314910474e-15,0.06504561113274197,6.405756314910474e-15,40.0,5.69328591445178e-8,(4.81e-8*(v1-(pow2(v1)/((v1-v2)/v2))))
1478.6293468475342,0.1878761211210782,13.0,0.0,1276.0,-1.0,true,2.0116312352071015e-7,0.0969717242497879,1.0,(-4.81262481969444e-8*((pow2(v1)/((v1-v2)/v2))-v1)),-0.9996179811431459,6.4030381036175366e-15,0.0650479946469244,6.4030381036175366e-15,40.0,5.7051021776500424e-8,(-4.81e-8*((pow2(v1)/((v1-v2)/v2))-v1))
1520.7631130218506,0.40681115132189954,13.0,0.0,1111.0,-0.9834694765334235,true,2.3451469633357257e-7,0.08571013554226098,1.0,((-1.22731288483458e-8*(v1*pow2((v2+v1))))/(v1-v2)),-0.9993985554538175,1.0080843595349224e-14,0.07215399756401561,1.0080843595349224e-14,137.0,7.80351534267446e-8,((-1.23e-8*(v1*pow2((v2+v1))))/(v1-v2))
1799.3218820095062,0.740238467648053,13.0,0.0,3.0,-0.9982599448982551,true,3.7914171209972924e-7,0.3772503021980994,2.0,pow2((-0.000119379991279673*(v1*exp(((1.84922884787963*v1)/v2))))),-0.9974351463870639,4.29896459799775e-14,0.22533299451201969,4.29896459799775e-14,4.631683569492648e77,1.718452303071105e-7,pow2((-0.000119*(v1*exp(((1.85*v1)/v2)))))
1763.6394848823547,0.4068111511737547,13.0,0.0,146.0,-0.9834694765334235,true,2.3451469679884608e-7,0.08571013563854066,1.0,((-1.22731288470534e-8*(v1*pow2((v1+v2))))/(v1-v2)),-0.9993985554535272,1.0080843600214817e-14,0.07215399759432733,1.0080843600214817e-14,137.0,7.803515339891082e-8,((-1.23e-8*(v1*pow2((v1+v2))))/(v1-v2))
1799.3881349563599,0.3793615494977102,13.0,0.0,3.0,-1.0,true,3.2124296263309464e-7,0.22420193687213455,1.0,(pow3(v1)/((v1/v2)*((v1-v2)/-4.95039785040568e-8))),-0.998417089152067,2.6531251774876544e-14,0.14562497399556892,2.6531251774876544e-14,105.0,1.3190737267867196e-7,(pow3(v1)/((v1/v2)*((v1-v2)/-4.95e-8)))
1784.1650159358978,3.1925673982771188,13.0,0.0,64.0,-0.9784426506839383,true,2.970901749384284e-7,0.5160623181269952,1.0,(4.77731016212069e-8*(v2-(pow2(v1)/((v1-v2)/v2)))),-0.9992579676391926,1.2437243332683217e-14,0.4264972033217025,1.2437243332683217e-14,40.0,7.748417453921029e-8,(4.78e-8*(v2-(pow2(v1)/((v1-v2)/v2))))
1601.0658979415894,0.18796220881302456,13.0,0.0,797.0,-1.0,true,2.0084050176420086e-7,0.09690628003499183,1.0,(-4.81297359997175e-8*((pow2(v1)/((v1-v2)/v2))-v1)),-0.9996180844074369,6.4013072854183254e-15,0.06504980992379437,6.4013072854183254e-15,40.0,5.71410140636515e-8,(-4.81e-8*((pow2(v1)/((v1-v2)/v2))-v1))
1544.4497649669647,0.18776308534230465,13.0,0.0,1019.0,-1.0,true,2.0158673577783688e-7,0.09705765451018192,1.0,(4.81216686049755e-8*(v1-(pow2(v1)/((v1-v2)/v2)))),-0.9996178189688852,6.405756314910474e-15,0.06504561113274197,6.405756314910474e-15,40.0,5.69328591445178e-8,(4.81e-8*(v1-(pow2(v1)/((v1-v2)/v2))))
1001.0192198753357,7.549710537995954e-15,14.0,0.0,3201.0,-1.0,true,1.7787691892340307e-20,4.25881107271568e-15,1.0,(-9.11577028258885e-8*(pow2(v1)/(((pow2(v1)/v2)-v2)/v2))),-1.0,6.645537105067897e-41,3.086936225959151e-15,6.645537105067897e-41,94.0,6.1597824111108825e-21,(-9.12e-8*(pow2(v1)/(((pow2(v1)/v2)-v2)/v2)))
1320.5285778045654,7.356128216508878e-15,14.0,0.0,1906.0,-1.0,true,1.5246593050577406e-20,4.000701310732911e-15,1.0,(pow2(v1)/((((pow2(v1)/v2)-v2)/-9.11577028258885e-8)/v2)),-1.0,6.809854063643857e-41,3.01358528349678e-15,6.809854063643857e-41,101.0,6.3503648242431e-21,(pow2(v1)/((((pow2(v1)/v2)-v2)/-9.12e-8)/v2))
1793.8076779842377,7.356128216508878e-15,14.0,0.0,25.0,-1.0,true,1.7787691892340307e-20,4.25881107271568e-15,1.0,((-9.11577028258885e-8*pow2(v1))/(((pow2(v1)/v2)-v2)/v2)),-1.0,7.073705252140809e-41,3.0833407306370004e-15,7.073705252140809e-41,116.0,6.3874225156854755e-21,((-9.12e-8*pow2(v1))/(((pow2(v1)/v2)-v2)/v2))
1734.6554009914398,7.356128216508878e-15,14.0,0.0,262.0,-1.0,true,1.7787691892340307e-20,4.194283632219987e-15,1.0,(pow2(v1)/((((pow2(v1)/v2)-v2)/-9.11577028258885e-8)/v2)),-1.0,6.833692953118951e-41,3.067454305242106e-15,6.833692953118951e-41,101.0,6.301131034183944e-21,(pow2(v1)/((((pow2(v1)/v2)-v2)/-9.12e-8)/v2))
1772.4585628509521,7.743292859483029e-15,14.0,0.0,111.0,-1.0,true,1.9481757786848908e-20,4.516920834698448e-15,1.0,((-9.11577028258885e-8*pow2(v1))/(((pow2(v1)/v2)-v2)/v2)),-1.0,6.965561444455006e-41,3.271639374101039e-15,6.965561444455006e-41,116.0,6.1010195003951154e-21,((-9.12e-8*pow2(v1))/(((pow2(v1)/v2)-v2)/v2))
1114.8683578968048,7.549710537995954e-15,14.0,0.0,2736.0,-1.0,true,1.7787691892340307e-20,4.25881107271568e-15,1.0,(-9.11577028258885e-8*(pow2(v1)/(((pow2(v1)/v2)-v2)/v2))),-1.0,6.645537105067897e-41,3.086936225959151e-15,6.645537105067897e-41,94.0,6.1597824111108825e-21,(-9.12e-8*(pow2(v1)/(((pow2(v1)/v2)-v2)/v2)))
1751.5833938121796,7.162545895021802e-15,14.0,0.0,195.0,-1.0,true,1.5246593050577406e-20,4.000701310732911e-15,1.0,((-9.11577028258885e-8*pow2(v1))/(((pow2(v1)/v2)-v2)/v2)),-1.0,7.012076145679804e-41,2.9000038522811186e-15,7.012076145679804e-41,116.0,6.361482131675813e-21,((-9.12e-8*pow2(v1))/(((pow2(v1)/v2)-v2)/v2))
1421.6039760112762,7.549710537995954e-15,14.0,0.0,1503.0,-1.0,true,1.7787691892340307e-20,4.25881107271568e-15,1.0,(-9.11577028258885e-8*(pow2(v1)/(((pow2(v1)/v2)-v2)/v2))),-1.0,6.645537105067897e-41,3.086936225959151e-15,6.645537105067897e-41,94.0,6.1597824111108825e-21,(-9.12e-8*(pow2(v1)/(((pow2(v1)/v2)-v2)/v2)))
1786.8798220157623,1.429832671530186,14.0,0.0,53.0,-1.0,true,2.3348945527119193e-7,0.14372401533932222,2.0,(1.6944711199055e-7+((-4.85703373083009e-8*pow2(v1))/((v1-v2)/v2))),-0.9993400374495097,1.1061666935892471e-14,0.33088315586994355,1.1061666935892471e-14,47.0,8.603450533436587e-8,(1.69e-7+((-4.86e-8*pow2(v1))/((v1-v2)/v2)))
1797.9627540111542,1.4298326740867886,14.0,0.0,9.0,-1.0,true,2.3348945520819894e-7,0.1437240157167023,2.0,(1.69447112230823e-7-(4.85703373062748e-8*(pow2(v1)/((v1-v2)/v2)))),-0.9993400374492869,1.1061666939626749e-14,0.33088315640854893,1.1061666939626749e-14,39.0,8.603450533772443e-8,(1.69e-7-(4.86e-8*(pow2(v1)/((v1-v2)/v2))))
1500.5077910423279,7.743292859483029e-15,14.0,0.0,1191.0,-1.0,true,1.9481757786848908e-20,4.516920834698448e-15,1.0,((-9.11577028258885e-8*pow2(v1))/(((pow2(v1)/v2)-v2)/v2)),-1.0,6.965561444455006e-41,3.271639374101039e-15,6.965561444455006e-41,116.0,6.1010195003951154e-21,((-9.12e-8*pow2(v1))/(((pow2(v1)/v2)-v2)/v2))
1799.4348719120026,0.37936155656966447,14.0,0.0,3.0,-1.0,true,3.2124301199011444e-7,0.2242019457120774,2.0,((-0.00116236576826795*pow2((0.00652602365278413*v1)))/((v1-v2)/v2)),-0.998417089104184,2.6531252577444002e-14,0.145624980540368,2.6531252577444002e-14,82.0,1.3190736985488646e-7,((-0.00116*pow2((0.00653*v1)))/((v1-v2)/v2))
959.6708250045776,7.549710537995954e-15,14.0,0.0,3370.0,-1.0,true,1.7787691892340307e-20,4.25881107271568e-15,1.0,(-9.11577028258885e-8*(pow2(v1)/(((pow2(v1)/v2)-v2)/v2))),-1.0,6.645537105067897e-41,3.086936225959151e-15,6.645537105067897e-41,94.0,6.1597824111108825e-21,(-9.12e-8*(pow2(v1)/(((pow2(v1)/v2)-v2)/v2)))
1799.9289429187775,1.4298326715301866,14.0,0.0,1.0,-1.0,true,2.3348945527119193e-7,0.14372401533932222,2.0,(1.6944711199055e-7+((-4.85703373083009e-8*pow2(v1))/((v1-v2)/v2))),-0.9993400374495097,1.1061666935892471e-14,0.3308831558699436,1.1061666935892471e-14,47.0,8.603450533436587e-8,(1.69e-7+((-4.86e-8*pow2(v1))/((v1-v2)/v2)))
918.8999638557434,6.968963573534726e-15,15.0,0.0,3537.0,-1.0,true,1.4399560103323106e-20,3.871646429741527e-15,1.0,(-9.11577028258885e-8*(pow2(v1)/(((v1*(v1/v2))-v2)/v2))),-1.0,5.238929471186369e-41,2.774806428266999e-15,5.238929471186369e-41,110.0,5.5401248706351585e-21,(-9.12e-8*(pow2(v1)/(((v1*(v1/v2))-v2)/v2)))
1799.2820539474487,0.3618201975647026,15.0,0.0,3.0,-0.9990333027212528,true,2.42875116952645e-7,0.11799050822842036,2.0,((v1*(-4.04508202772649e-8-(4.23094469706662e-8*v1)))/((v1-v2)/v2)),-0.9993813351930589,1.0369473289441046e-14,0.08574400637797613,1.0369473289441046e-14,82.0,7.812095381800795e-8,((v1*(-4.05e-8-(4.23e-8*v1)))/((v1-v2)/v2))
1799.7641069889069,1.8993611388989144,15.0,0.0,1.0,-0.9913963942191503,true,1.1525639838638094e-6,0.6473157511784318,2.0,((-1.63241029594045e-7*v1)/((((2.07354378661841*v1)-v1)-v2)/v2)),-0.9930744324335052,1.1607980135490292e-13,0.440634950544685,1.1607980135490292e-13,46.0,2.6304945978909384e-7,((-1.63e-7*v1)/((((2.07*v1)-v1)-v2)/v2))
976.2860670089722,6.968963573534726e-15,15.0,0.0,3302.0,-1.0,true,1.4399560103323106e-20,3.742591548750143e-15,1.0,((-9.11577028258885e-8*pow2(v1))/(((v1*(v1/v2))-v2)/v2)),-1.0,5.399333654125319e-41,2.721445000438797e-15,5.399333654125319e-41,136.0,5.630916214668978e-21,((-9.12e-8*pow2(v1))/(((v1*(v1/v2))-v2)/v2))
1118.011477947235,6.968963573534726e-15,15.0,0.0,2723.0,-1.0,true,1.4399560103323106e-20,3.742591548750143e-15,1.0,((-9.11577028258885e-8*pow2(v1))/(((v1*(v1/v2))-v2)/v2)),-1.0,5.399333654125319e-41,2.721445000438797e-15,5.399333654125319e-41,136.0,5.630916214668978e-21,((-9.12e-8*pow2(v1))/(((v1*(v1/v2))-v2)/v2))
918.8999638557434,6.968963573534726e-15,15.0,0.0,3537.0,-1.0,true,1.4399560103323106e-20,3.871646429741527e-15,1.0,(-9.11577028258885e-8*(pow2(v1)/(((v1*(v1/v2))-v2)/v2))),-1.0,5.238929471186369e-41,2.774806428266999e-15,5.238929471186369e-41,110.0,5.5401248706351585e-21,(-9.12e-8*(pow2(v1)/(((v1*(v1/v2))-v2)/v2)))
1800.09046292305,0.15065056884734507,15.0,0.0,0.0,-1.0,true,7.009531557201366e-7,0.12971063784295328,1.0,pow2((-0.00075522524410471*(v1*exp((((pow2(v1)/v2)-v2)/v2))))),-0.9962963575862939,6.207694482001693e-14,0.0826245004712832,6.207694482001693e-14,1.7976931348623157e308,1.8655643006408799e-7,pow2((-0.000755*(v1*exp((((pow2(v1)/v2)-v2)/v2)))))
1608.307816028595,7.356128216508878e-15,15.0,0.0,768.0,-1.0,true,1.6940658945086007e-20,4.1297561917242955e-15,1.0,((-9.11577028258885e-8*(v1*(v2*v1)))/((pow2(v1)/v2)-v2)),-1.0,6.939304264155103e-41,2.9975394160639666e-15,6.939304264155103e-41,133.0,6.35380589559132e-21,((-9.12e-8*(v1*(v2*v1)))/((pow2(v1)/v2)-v2))
918.8999638557434,6.968963573534726e-15,15.0,0.0,3537.0,-1.0,true,1.4399560103323106e-20,3.871646429741527e-15,1.0,(-9.11577028258885e-8*(pow2(v1)/(((v1*(v1/v2))-v2)/v2))),-1.0,5.238929471186369e-41,2.774806428266999e-15,5.238929471186369e-41,110.0,5.5401248706351585e-21,(-9.12e-8*(pow2(v1)/(((v1*(v1/v2))-v2)/v2)))
1799.910737991333,2.3168129806931663,15.0,0.0,1.0,-0.9873362656484121,true,1.3237119103707878e-6,0.3267251922772697,1.0,(pow3(v1)/(v1*(((v1*(v1/v2))-v2)/-6.04706104046158e-7))),-0.9810137087869877,3.182302232000705e-13,0.3927215619360392,3.182302232000705e-13,117.0,4.0408292579526804e-7,(pow3(v1)/(v1*(((v1*(v1/v2))-v2)/-6.05e-7)))
1462.6683509349823,6.968963573534726e-15,15.0,0.0,1339.0,-1.0,true,1.4399560103323106e-20,3.742591548750143e-15,1.0,((-9.11577028258885e-8*pow2(v1))/(((v1*(v1/v2))-v2)/v2)),-1.0,5.399333654125319e-41,2.721445000438797e-15,5.399333654125319e-41,136.0,5.630916214668978e-21,((-9.12e-8*pow2(v1))/(((v1*(v1/v2))-v2)/v2))
1800.1560299396515,1.9492281877351325,15.0,0.0,0.0,-1.0,true,2.4728790683825078e-6,1.4694452211664897,1.0,((-2.74429472170527e-7*pow2(v1))/((pow2(pow2((v1/v2)))-v2)/v2)),-0.8973345605151104,1.720780817889191e-12,0.9443127471708217,1.720780817889191e-12,4.2949672986e10,1.0638005544484798e-6,((-2.74e-7*pow2(v1))/((pow2(pow2((v1/v2)))-v2)/v2))
1793.996393918991,1.429759909923485,15.0,1.0,25.0,-1.0,true,2.3347895402811224e-7,0.14371689345458175,2.0,log((1.00000016944-(4.85706501875884e-8*(pow2(v1)/((v1-v2)/v2))))),-0.9993400871777454,1.1060833438326779e-14,0.33086736560598745,1.1060833438326779e-14,5.49755813888e11,8.603094983150359e-8,log((1.0-(4.86e-8*(pow2(v1)/((v1-v2)/v2)))))
959.9173898696899,6.968963573534726e-15,15.0,0.0,3369.0,-1.0,true,1.4399560103323106e-20,3.871646429741527e-15,1.0,(-9.11577028258885e-8*(pow2(v1)/(((v1*(v1/v2))-v2)/v2))),-1.0,5.238929471186369e-41,2.774806428266999e-15,5.238929471186369e-41,110.0,5.5401248706351585e-21,(-9.12e-8*(pow2(v1)/(((v1*(v1/v2))-v2)/v2)))
1796.7536590099335,0.18775143383343013,15.0,0.0,14.0,-1.0,true,2.0163040090782626e-7,0.09706651203478547,1.0,(-4.81211965495162e-8*((pow2(v1)/((exp(log(v1))-v2)/v2))-v1)),-0.9996178005363296,6.406065263942282e-15,0.06504536544472218,6.406065263942282e-15,152.0,5.6920679169556194e-8,(-4.81e-8*((pow2(v1)/((exp(log(v1))-v2)/v2))-v1))
1799.9367158412933,0.37936133330414695,15.0,0.0,1.0,-1.0,true,3.2124145376165617e-7,0.22420166663018068,1.0,(pow3(v1)/((exp(log(v1))/v2)*((v1-v2)/-4.95039957483019e-8))),-0.9984170906156647,2.6531227243436908e-14,0.14562477391743425,2.6531227243436908e-14,665.0,1.3190745900336255e-7,(pow3(v1)/((exp(log(v1))/v2)*((v1-v2)/-4.95e-8)))
1286.1872718334198,6.968963573534726e-15,15.0,0.0,2045.0,-1.0,true,1.4399560103323106e-20,3.742591548750143e-15,1.0,((-9.11577028258885e-8*pow2(v1))/(((v1*(v1/v2))-v2)/v2)),-1.0,5.399333654125319e-41,2.721445000438797e-15,5.399333654125319e-41,136.0,5.630916214668978e-21,((-9.12e-8*pow2(v1))/(((v1*(v1/v2))-v2)/v2))
1800.1801218986511,15.332350644139721,15.0,0.0,0.0,-1.0,true,2.4963613134897986e-6,1.6884838913277707,2.0,(-1.6871782221955e-6-(2.19861706962e-7*(pow2(v1)/((sqrt_abs(v2)-v2)/v2)))),-0.9150853368979489,1.4232591235830491e-12,3.127082771412187,1.4232591235830491e-12,55.0,1.060307028930963e-6,(-1.69e-6-(2.2e-7*(pow2(v1)/((sqrt_abs(v2)-v2)/v2))))
945.1167588233948,7.356128216508878e-15,16.0,0.0,3429.0,-1.0,true,1.6940658945086007e-20,4.1297561917242955e-15,1.0,((-9.11577028258885e-8*(v1*(v1*v2)))/((v1*(v1/v2))-v2)),-1.0,5.332183081390258e-41,2.920843943931944e-15,5.332183081390258e-41,157.0,5.405128994666504e-21,((-9.12e-8*(v1*(v1*v2)))/((v1*(v1/v2))-v2))
1796.051894903183,7.549710537995954e-15,16.0,0.0,16.0,-1.0,true,1.8634724839594607e-20,4.25881107271568e-15,1.0,(pow3(v1)/((v1/v2)*(((pow2(v1)/v2)-v2)/-9.11577028258885e-8))),-1.0,7.890317537419954e-41,3.182009870354108e-15,7.890317537419954e-41,245.0,6.7643521772136394e-21,(pow3(v1)/((v1/v2)*(((pow2(v1)/v2)-v2)/-9.12e-8)))
1767.432000875473,6.968963573534726e-15,16.0,0.0,131.0,-1.0,true,1.4399560103323106e-20,3.613536667758758e-15,1.0,((-9.11577028258886e-8*(v1*v1))/(((v1*(v1/v2))-v2)/v2)),-1.0,5.785866771550827e-41,2.6729518716965233e-15,5.785866771550827e-41,163.0,5.776235304682294e-21,((-9.12e-8*(v1*v1))/(((v1*(v1/v2))-v2)/v2))
1798.1198489665985,7.549710537995954e-15,16.0,0.0,8.0,-1.0,true,1.8634724839594607e-20,4.25881107271568e-15,1.0,(pow3(v1)/((v1/v2)*(((pow2(v1)/v2)-v2)/-9.11577028258885e-8))),-1.0,7.890317537419954e-41,3.182009870354108e-15,7.890317537419954e-41,245.0,6.7643521772136394e-21,(pow3(v1)/((v1/v2)*(((pow2(v1)/v2)-v2)/-9.12e-8)))
945.1167588233948,7.356128216508878e-15,16.0,0.0,3429.0,-1.0,true,1.6940658945086007e-20,4.1297561917242955e-15,1.0,((-9.11577028258885e-8*(v1*(v1*v2)))/((v1*(v1/v2))-v2)),-1.0,5.332183081390258e-41,2.920843943931944e-15,5.332183081390258e-41,157.0,5.405128994666504e-21,((-9.12e-8*(v1*(v1*v2)))/((v1*(v1/v2))-v2))
1800.0894939899445,0.6516073076936624,16.0,0.0,0.0,-0.9825191614197223,true,1.509806913491576e-6,0.4713755122797853,2.0,((pow2(v1)*(1.53544588512643e-7-(-1.48738130074468e-10*pow2(pow2(v1)))))/(v2/v2)),-0.9797621282497884,3.3920803025239403e-13,0.29667246614553816,3.3920803025239403e-13,366.0,4.103032407795057e-7,((pow2(v1)*(1.54e-7-(-1.49e-10*pow2(pow2(v1)))))/(v2/v2))
1799.6205928325653,0.38217508273259165,16.0,0.0,2.0,-0.9990333027212528,true,3.4087934716323186e-7,0.2209602391185427,2.0,((pow2(v1)*(-5.5963915393579e-8-(-9.54907530389101e-10*v2)))/((v1-v2)/v2)),-0.9986378339179002,2.2831337172638414e-14,0.12877629353810513,2.2831337172638414e-14,154.0,1.1300498811298818e-7,((pow2(v1)*(-5.6e-8-(-9.55e-10*v2)))/((v1-v2)/v2))
950.2558128833771,7.356128216508878e-15,16.0,0.0,3408.0,-1.0,true,1.6940658945086007e-20,4.1297561917242955e-15,1.0,((-9.11577028258885e-8*(v1*(v2*v1)))/((v1*(v1/v2))-v2)),-1.0,5.332183081390258e-41,2.920843943931944e-15,5.332183081390258e-41,157.0,5.405128994666504e-21,((-9.12e-8*(v1*(v2*v1)))/((v1*(v1/v2))-v2))
1800.11820602417,6.938098289805181,16.0,0.0,0.0,-0.9980666054425057,true,1.1489925563424046e-6,0.730362343601926,2.0,(-1.13461421176279e-6+((-5.70155420433023e-7*v1)/(((pow2(v1)/v2)-v2)/v2))),-0.9815231538777733,3.096913873036852e-13,1.4087031315552216,3.096913873036852e-13,71.0,4.679189506122603e-7,(-1.13e-6+((-5.7e-7*v1)/(((pow2(v1)/v2)-v2)/v2)))
1800.151487827301,0.8262869527204864,16.0,0.0,0.0,-1.0,true,1.236292153882077e-6,0.6525739054409718,1.0,((pow2(v1)*(-1.58352823408855e-8*v1))/(((pow2(v1)/v2)-v2)/v2)),-0.9758260351652944,4.051810929617811e-13,0.4420591243527781,4.051810929617811e-13,300.0,5.377001701965631e-7,((pow2(v1)*(-1.58e-8*v1))/(((pow2(v1)/v2)-v2)/v2))
1800.1629559993744,7.549710537995954e-15,16.0,0.0,0.0,-1.0,true,1.8634724839594607e-20,4.25881107271568e-15,1.0,(pow3(v1)/((v1/v2)*(((pow2(v1)/v2)-v2)/-9.11577028258885e-8))),-1.0,7.890317537419954e-41,3.182009870354108e-15,7.890317537419954e-41,245.0,6.7643521772136394e-21,(pow3(v1)/((v1/v2)*(((pow2(v1)/v2)-v2)/-9.12e-8)))
1799.9393048286438,0.2596226494791085,16.0,0.0,1.0,-1.0,true,7.073321409988425e-8,0.06758246152098446,2.0,(-5.14679641454285e-8*((pow2(v1)/(((0.987161252056199*v1)-v2)/v2))-v1)),-0.9999108915764608,1.49355096230814e-15,0.06471844675875514,1.49355096230814e-15,48.0,3.156996952213486e-8,(-5.15e-8*((pow2(v1)/(((0.987*v1)-v2)/v2))-v1))
1733.8188178539276,7.356128216508878e-15,16.0,0.0,266.0,-1.0,true,1.6093625997831706e-20,4.000701310732911e-15,1.0,(pow3(v1)/((v1/v2)*(((pow2(v1)/v2)-v2)/-9.11577028258885e-8))),-1.0,6.967887599905785e-41,2.9987102598873283e-15,6.967887599905785e-41,245.0,6.3943046583819165e-21,(pow3(v1)/((v1/v2)*(((pow2(v1)/v2)-v2)/-9.12e-8)))
950.2558128833771,7.356128216508878e-15,16.0,0.0,3408.0,-1.0,true,1.6940658945086007e-20,4.1297561917242955e-15,1.0,((-9.11577028258885e-8*(v1*(v2*v1)))/((v1*(v1/v2))-v2)),-1.0,5.332183081390258e-41,2.920843943931944e-15,5.332183081390258e-41,157.0,5.405128994666504e-21,((-9.12e-8*(v1*(v2*v1)))/((v1*(v1/v2))-v2))
1800.2019050121307,0.6873151463654258,16.0,0.0,0.0,-1.0,true,1.0588370033292299e-7,0.17589533231017568,2.0,(1.02053408158041e-7*(v1-(pow2((-0.675081854413247*v1))/((v1-v2)/v2)))),-0.9997947110287531,3.4408592182372672e-15,0.178282883401372,3.4408592182372672e-15,76.0,5.2668986148933885e-8,(1.02e-7*(v1-(pow2((-0.675*v1))/((v1-v2)/v2))))
1799.764485836029,8.13045750245718e-15,17.0,0.0,1.0,-1.0,true,2.371692252312041e-20,4.9040854776726004e-15,2.0,((pow2(v1)*(-9.11577028258388e-8-4.9653520802948797e-20))/(((pow2(v1)/v2)-v2)/v2)),-1.0,8.778350151854957e-41,3.554332280193673e-15,8.778350151854957e-41,208.0,6.119283648320286e-21,((pow2(v1)*(-9.12e-8-4.97e-20))/(((pow2(v1)/v2)-v2)/v2))
1785.7962548732758,3.114255596923337e-14,17.0,0.0,57.0,-1.0,true,1.7364175418713157e-20,4.124488645561385e-15,2.0,((pow2(v1)*(-9.54012926866357e-21-(9.11577028258871e-8*v2)))/((pow2(v1)/v2)-v2)),-1.0,3.5134006701337725e-41,5.601203993785496e-15,3.5134006701337725e-41,188.0,4.2971040205394725e-21,((pow2(v1)*(-9.54e-21-(9.12e-8*v2)))/((pow2(v1)/v2)-v2))
1745.2081458568573,2.9618095187522644e-14,17.0,0.0,220.0,-1.0,true,1.6517142471458857e-20,4.124488645561385e-15,2.0,((pow2(v1)*((-9.11577028258871e-8*v2)-9.12817187697591e-21))/((pow2(v1)/v2)-v2)),-1.0,3.5144435865158464e-41,5.430393406049349e-15,3.5144435865158464e-41,188.0,4.3386615745141364e-21,((pow2(v1)*((-9.12e-8*v2)-9.13e-21))/((pow2(v1)/v2)-v2))
1797.3154039382935,2.8264257863970576e-10,17.0,0.0,11.0,-1.0,true,3.4960183755089816e-15,2.8263935226768186e-10,2.0,((-0.000695114125409803*pow2((0.011451664848474*v1)))/(((pow2(v1)/v2)-v2)/v2)),-1.0,2.2340760050737556e-30,2.8263799484822976e-10,2.2340760050737556e-30,208.0,9.461311479017062e-16,((-0.000695*pow2((0.0115*v1)))/(((pow2(v1)/v2)-v2)/v2))
1799.5310769081116,0.2773598032077498,17.0,0.0,2.0,-1.0,true,1.1297114443177902e-7,0.11240756956159825,3.0,(-5.79187499128592e-8*(pow2(v1)/(((0.00170607882165295-(-0.969271636052951*v1))-v2)/v2))),-0.9998105489377129,3.1753991951721602e-15,0.07204761961256251,3.1753991951721602e-15,54.0,4.499363393362847e-8,(-5.79e-8*(pow2(v1)/(((0.00171-(-0.969*v1))-v2)/v2)))
1632.9014868736267,4.635440623364028e-15,17.0,0.0,670.0,-1.0,true,1.5246593050577406e-20,2.04422931490353e-15,2.0,((9.11577028258889e-8*pow3(v1))/(v1+(pow2((v1/v2))*(9.984064694717231e-15-v1)))),-1.0,3.1512942868891413e-41,1.6716337498732522e-15,3.1512942868891413e-41,496.0,3.8463236739225745e-21,((9.12e-8*pow3(v1))/(v1+(pow2((v1/v2))*(9.98e-15-v1))))
1351.0041818618774,5.19445895990322e-14,17.0,0.0,1784.0,-1.0,true,1.2705494208814505e-20,1.0133441930905136e-14,2.0,((-5.1942927093422804e-21-(9.11577028258884e-8*pow2(v1)))/(((pow2(v1)/v2)-v2)/v2)),-1.0,3.900190575502869e-41,1.3718311394325255e-14,3.900190575502869e-41,139.0,5.686767449628559e-21,((-5.1900000000000005e-21-(9.12e-8*pow2(v1)))/(((pow2(v1)/v2)-v2)/v2))
1799.8505120277405,0.27659068271899123,17.0,0.0,1.0,-1.0,true,1.1213440886103635e-7,0.11157500818191143,3.0,((-0.00346153623650483*pow2((0.00409323877764518*v1)))/(((0.969285503008353*v1)-v2)/v2)),-0.9998134233212925,3.12722150118002e-15,0.07168893470742571,3.12722150118002e-15,100.0,4.4572887797553794e-8,((-0.00346*pow2((0.00409*v1)))/(((0.969*v1)-v2)/v2))
1799.8367269039154,0.23661042039293406,17.0,0.0,1.0,-1.0,true,1.1076784604235578e-7,0.11021526268341475,3.0,((-3.53570925494862e-9-(5.76579845146004e-8*pow2(v1)))/(((0.970097827586429*v1)-v2)/v2)),-0.9998146212491437,3.107142969613841e-15,0.06124161348613475,3.107142969613841e-15,67.0,4.387274966119493e-8,((-3.54e-9-(5.77e-8*pow2(v1)))/(((0.97*v1)-v2)/v2))
1799.8050668239594,2.5508342502351967e-12,17.0,0.0,1.0,-1.0,true,3.144863926565766e-17,2.5475433507699248e-12,2.0,((-0.000690319895875098*pow2(v1))/((((pow2(v1)/v2)-v2)/0.000132051391493068)/v2)),-1.0,1.809041388329034e-34,2.5461174803122757e-12,1.809041388329034e-34,126.0,8.517225451667738e-18,((-0.00069*pow2(v1))/((((pow2(v1)/v2)-v2)/0.000132)/v2))
1800.0846028327942,7.549710537995954e-15,17.0,0.0,0.0,-1.0,true,1.8634724839594607e-20,4.25881107271568e-15,1.0,(pow3(v1)/((v1/v2)*(((v1*(v1/v2))-v2)/-9.11577028258885e-8))),-1.0,6.082306206809501e-41,3.0861405301890797e-15,6.082306206809501e-41,285.0,5.578506051057619e-21,(pow3(v1)/((v1/v2)*(((v1*(v1/v2))-v2)/-9.12e-8)))
1800.0847508907318,5.434420379246575e-14,17.0,0.0,0.0,-1.0,true,1.1011428314305904e-20,1.0666780979900144e-14,2.0,((-5.40535083317162e-21+(-9.11577028258884e-8*pow2(v1)))/(((pow2(v1)/v2)-v2)/v2)),-1.0,4.1495474333340775e-41,1.429785166272705e-14,4.1495474333340775e-41,139.0,5.830233655069756e-21,((-5.41e-21+(-9.12e-8*pow2(v1)))/(((pow2(v1)/v2)-v2)/v2))
1800.0936238765717,2.6357781729037256e-10,17.0,0.0,0.0,-1.0,true,3.2601976267298063e-15,2.6357446186346764e-10,2.0,((-0.00485964702251084*pow2((0.00433106122735678*v1)))/(((pow2(v1)/v2)-v2)/v2)),-1.0,1.9428466534834146e-30,2.635731071738884e-10,1.9428466534834146e-30,208.0,8.823110637673508e-16,((-0.00486*pow2((0.00433*v1)))/(((pow2(v1)/v2)-v2)/v2))
1593.630306005478,7.356128216508878e-15,17.0,0.0,826.0,-1.0,true,1.5246593050577406e-20,3.871646429741527e-15,1.0,(pow3(v1)/(v1*(((v1*(v1/v2))-v2)/(-9.11577028258885e-8*v2)))),-1.0,5.456577747366836e-41,2.8309891208978934e-15,5.456577747366836e-41,325.0,5.648121571410081e-21,(pow3(v1)/(v1*(((v1*(v1/v2))-v2)/(-9.12e-8*v2))))
1027.6984429359436,5.5609484841879364e-14,17.0,0.0,3091.0,-1.0,true,1.6093625997831706e-20,1.0933450504397648e-14,2.0,(5.5467466154281e-21+((-9.11577028258884e-8*pow2(v1))/(((pow2(v1)/v2)-v2)/v2))),-1.0,4.561876703864726e-41,1.3150925922850057e-14,4.561876703864726e-41,117.0,5.900113873218236e-21,(5.550000000000001e-21+((-9.12e-8*pow2(v1))/(((pow2(v1)/v2)-v2)/v2)))
1799.8579938411713,1.429832682875331,17.0,0.0,1.0,-1.0,true,2.3348945531755005e-7,0.14372401695529122,3.0,(1.69447113061186e-7+(-0.00114750423384451*(pow2((0.00650591539712697*v1))/((v1-v2)/v2)))),-0.9993400374484183,1.1061666954186566e-14,0.3308831582586322,1.1061666954186566e-14,75.0,8.603450526687498e-8,(1.69e-7+(-0.00115*(pow2((0.00651*v1))/((v1-v2)/v2))))
1463.6828219890594,3.996487273802583e-14,17.0,0.0,1335.0,-1.0,true,1.6093625997831706e-20,7.333411923681349e-15,2.0,(4.07098549445278e-21+(-9.11577028258885e-8*(pow2(v1)/(((pow2(v1)/v2)-v2)/v2)))),-1.0,4.75977578013823e-41,9.700341750383774e-15,4.75977578013823e-41,95.0,5.770941348761955e-21,(4.07e-21+(-9.12e-8*(pow2(v1)/(((pow2(v1)/v2)-v2)/v2))))
1027.6984429359436,5.5609484841879364e-14,17.0,0.0,3091.0,-1.0,true,1.6093625997831706e-20,1.0933450504397648e-14,2.0,(5.5467466154281e-21+((-9.11577028258884e-8*pow2(v1))/(((pow2(v1)/v2)-v2)/v2))),-1.0,4.561876703864726e-41,1.3150925922850057e-14,4.561876703864726e-41,117.0,5.900113873218236e-21,(5.550000000000001e-21+((-9.12e-8*pow2(v1))/(((pow2(v1)/v2)-v2)/v2)))
1455.1583178043365,6.428513337219814e-14,17.0,0.0,1369.0,-1.0,true,1.6093625997831706e-20,1.2666802413631421e-14,2.0,(6.3750601516489706e-21-(9.11577028258884e-8*(pow2(v1)/(((pow2(v1)/v2)-v2)/v2)))),-1.0,4.795031398526795e-41,1.5085966347438847e-14,4.795031398526795e-41,95.0,6.14337114775783e-21,(6.3800000000000005e-21-(9.12e-8*(pow2(v1)/(((pow2(v1)/v2)-v2)/v2))))
1797.9516580104828,1.3134362979917032e-12,17.0,0.0,9.0,-1.0,true,3.4050724479622874e-18,1.0690893435838171e-12,2.0,((9.11577028260144e-8*pow3(v1))/(v1+(pow2((v1/v2))*(3.1081872330646397e-12-v1)))),-1.0,1.315600447666542e-36,6.381440507484539e-13,1.315600447666542e-36,496.0,7.918818379651848e-19,((9.12e-8*pow3(v1))/(v1+(pow2((v1/v2))*(3.11e-12-v1))))
1799.7113590240479,1.7876069104241777e-10,17.0,0.0,2.0,-1.0,true,2.2110609241947354e-15,1.7875727108807208e-10,2.0,((-0.00158157047683932*pow2((0.00759193378226785*v1)))/(((pow2(v1)/v2)-v2)/v2)),-1.0,8.936208046568026e-31,1.7875591820921173e-10,8.936208046568026e-31,208.0,5.98383780198027e-16,((-0.00158*pow2((0.00759*v1)))/(((pow2(v1)/v2)-v2)/v2))
1800.2210659980774,8.695528983058754,17.0,0.0,0.0,-0.9852095316351684,true,2.4101727565224085e-6,2.735136217023483,1.0,((-1.24991327094103e-6*sqrt_abs((v1*(v2*v1))))/((v1*(v1/v2))-v2)),-0.9071405455994427,1.556422187387151e-12,1.9829069955380805,1.556422187387151e-12,26638.0,1.1141097891609643e-6,((-1.25e-6*sqrt_abs((v1*(v2*v1))))/((v1*(v1/v2))-v2))
1795.7613589763641,2.8264219147506275e-10,18.0,0.0,17.0,-1.0,true,3.496016681443087e-15,2.826389651030389e-10,2.0,((-0.000695114122914751*pow2((0.0114516648690264*v1)))/(((v1*(v1/v2))-v2)/v2)),-1.0,2.2340733978513894e-30,2.8263761899165863e-10,2.2340733978513894e-30,244.0,9.46130363072741e-16,((-0.000695*pow2((0.0115*v1)))/(((v1*(v1/v2))-v2)/v2))
1377.3091168403625,3.0630369410298877e-14,18.0,0.0,1680.0,-1.0,true,1.0164395367051604e-20,1.0933450504397648e-14,2.0,((v1*((-9.11577028258879e-8*v1)-3.73572486034284e-21))/(((pow2(v1)/v2)-v2)/v2)),-1.0,2.0781977894646164e-41,8.941703990622336e-15,2.0781977894646164e-41,208.0,3.934468039996225e-21,((v1*((-9.12e-8*v1)-3.7400000000000005e-21))/(((pow2(v1)/v2)-v2)/v2))
1452.2349388599396,3.331229115590109e-14,18.0,0.0,1380.0,-1.0,true,1.0587911840678754e-20,1.1866793840138911e-14,2.0,((v1*(-4.06899803929359e-21-(9.11577028258878e-8*v1)))/(((pow2(v1)/v2)-v2)/v2)),-1.0,2.1378696322955762e-41,9.653690814223325e-15,2.1378696322955762e-41,208.0,3.740973951107821e-21,((v1*(-4.07e-21-(9.12e-8*v1)))/(((pow2(v1)/v2)-v2)/v2))
1799.0247859954834,3.114255596923337e-14,18.0,0.0,4.0,-1.0,true,1.7364175418713157e-20,4.124488645561385e-15,2.0,((pow2(v1)*(-9.54012926866357e-21-(9.11577028258871e-8*v2)))/((v1*(v1/v2))-v2)),-1.0,3.875002936255863e-41,5.6587255978845144e-15,3.875002936255863e-41,222.0,5.008611696233085e-21,((pow2(v1)*(-9.54e-21-(9.12e-8*v2)))/((v1*(v1/v2))-v2))
1800.0113790035248,0.3619692277730303,18.0,0.0,0.0,-0.9990333027212528,true,2.4285543759875135e-7,0.11794062306695832,3.0,((v1*(-5.91351344397847e-8-(-4.23074638957194e-8*(0.441370683416624-v1))))/((v1-v2)/v2)),-0.9993813438233334,1.0369328636958007e-14,0.08576652255214533,1.0369328636958007e-14,100.0,7.812588774204633e-8,((v1*(-5.91e-8-(-4.23e-8*(0.441-v1))))/((v1-v2)/v2))
1799.5898089408875,1.7742245645397762e-10,18.0,0.0,2.0,-1.0,true,2.1945132885371754e-15,1.774192300819534e-10,2.0,((-0.00162421652086669*pow2((-0.00749160247320688*v1)))/(((v1*(v1/v2))-v2)/v2)),-1.0,8.802944808057606e-31,1.7741785479965955e-10,8.802944808057606e-31,244.0,5.939049997864002e-16,((-0.00162*pow2((-0.00749*v1)))/(((v1*(v1/v2))-v2)/v2))
1415.5402250289917,5.19445895990322e-14,18.0,0.0,1527.0,-1.0,true,1.2705494208814505e-20,1.0133441930905136e-14,2.0,((-5.1942927093422804e-21-(9.11577028258884e-8*pow2(v1)))/(((v1*(v1/v2))-v2)/v2)),-1.0,3.056451954551325e-41,1.366078979022624e-14,3.056451954551325e-41,163.0,4.975259773934947e-21,((-5.1900000000000005e-21-(9.12e-8*pow2(v1)))/(((v1*(v1/v2))-v2)/v2))
1770.4335598945618,3.274767605156378e-14,18.0,0.0,119.0,-1.0,true,1.0587911840678754e-20,1.1600124315641407e-14,2.0,((v1*(-4.01000065252015e-21-(9.11577028258878e-8*v1)))/(((pow2(v1)/v2)-v2)/v2)),-1.0,2.2276249008832771e-41,9.524738782070771e-15,2.2276249008832771e-41,208.0,3.946908836409023e-21,((v1*(-4.01e-21-(9.12e-8*v1)))/(((pow2(v1)/v2)-v2)/v2))
1269.0420699119568,5.434420379246575e-14,18.0,0.0,2114.0,-1.0,true,1.1011428314305904e-20,1.0666780979900144e-14,2.0,((-5.40535083317162e-21+(-9.11577028258884e-8*pow2(v1)))/(((v1*(v1/v2))-v2)/v2)),-1.0,3.0647406349678065e-41,1.4240330058628034e-14,3.0647406349678065e-41,163.0,5.1187259793761436e-21,((-5.41e-21+(-9.12e-8*pow2(v1)))/(((v1*(v1/v2))-v2)/v2))
1760.0090539455414,7.162545895021802e-15,18.0,0.0,161.0,-1.0,true,1.1858461261560205e-20,4.000701310732911e-15,1.0,((-9.11577028258885e-8*pow3(v1))/(v1+(((v1*pow2((v1/v2)))-v1)-v1))),-1.0,4.45958857213672e-41,2.7795640430391787e-15,4.45958857213672e-41,356.0,5.183047543808267e-21,((-9.12e-8*pow3(v1))/(v1+(((v1*pow2((v1/v2)))-v1)-v1)))
1650.8960359096527,5.85961835162514e-14,18.0,0.0,598.0,-1.0,true,1.3552527156068805e-20,1.1733459077890158e-14,2.0,(5.79304456049645e-21+((-9.11577028258885e-8*pow2(v1))/(((v1*(v1/v2))-v2)/v2))),-1.0,3.5768910512800174e-41,1.3717775487347508e-14,3.5768910512800174e-41,137.0,5.3397486390503125e-21,(5.790000000000001e-21+((-9.12e-8*pow2(v1))/(((v1*(v1/v2))-v2)/v2)))
1794.396232843399,5.788506478425806e-14,18.0,0.0,23.0,-1.0,true,1.3552527156068805e-20,1.1600124315641407e-14,2.0,(5.72971973738192e-21+((-9.11577028258885e-8*(v1*v1))/(((pow2(v1)/v2)-v2)/v2))),-1.0,4.63745713783655e-41,1.36067532934351e-14,4.63745713783655e-41,140.0,6.026110024122313e-21,(5.730000000000001e-21+((-9.12e-8*(v1*v1))/(((pow2(v1)/v2)-v2)/v2)))
1779.9152250289917,5.788506478425806e-14,18.0,0.0,81.0,-1.0,true,1.4399560103323106e-20,1.1466789553392655e-14,2.0,(5.73763847012979e-21+(-9.11577028258885e-8*(pow2(v1)/(((v1*(v1/v2))-v2)/v2)))),-1.0,3.7196493833069564e-41,1.3587962343085971e-14,3.7196493833069564e-41,111.0,5.3871295445373504e-21,(5.740000000000001e-21+(-9.12e-8*(pow2(v1)/(((v1*(v1/v2))-v2)/v2))))
1794.17538189888,7.162545895021802e-15,18.0,0.0,24.0,-1.0,true,1.4399560103323106e-20,4.000701310732911e-15,1.0,((9.11577028258885e-8*pow3(v1))/(v1+(pow2((v1/v2))*((v1-v1)-v1)))),-1.0,4.860752296503629e-41,2.8104455591738766e-15,4.860752296503629e-41,976.0,5.3397486390503125e-21,((9.12e-8*pow3(v1))/(v1+(pow2((v1/v2))*((v1-v1)-v1))))
1798.1857089996338,6.968963573534726e-15,18.0,0.0,8.0,-1.0,true,2.1175823681357508e-20,4.194283632219987e-15,1.0,(pow3(exp(log(v1)))/((v1/v2)*(((pow2(v1)/v2)-v2)/-9.11577028258885e-8))),-1.0,8.184733147371526e-41,3.0748675863344827e-15,8.184733147371526e-41,3.997697e6,6.732588441691603e-21,(pow3(exp(log(v1)))/((v1/v2)*(((pow2(v1)/v2)-v2)/-9.12e-8)))
1793.4447610378265,7.743292859483029e-15,18.0,0.0,27.0,-1.0,true,1.6940658945086007e-20,4.25881107271568e-15,1.0,(pow3(v1)/((exp(log(v1))/v2)*(((pow2(v1)/v2)-v2)/-9.11577028258885e-8))),-1.0,7.550508265015043e-41,3.1765629642443473e-15,7.550508265015043e-41,1589.0,6.6754137177519375e-21,(pow3(v1)/((exp(log(v1))/v2)*(((pow2(v1)/v2)-v2)/-9.12e-8)))
1800.1392648220062,1.264909966799819,18.0,0.0,0.0,-0.9799893663299338,true,1.9086138483448026e-6,0.6579981121402495,2.0,((pow2(v1)*(8.91049171637172e-8-(6.49563331345633e-8*v1)))/(((v1/v2)-v2)/v2)),-0.9849401942440811,2.5241819443763873e-13,0.459003740211071,2.5241819443763873e-13,256.0,3.578978640144226e-7,((pow2(v1)*(8.91e-8-(6.5e-8*v1)))/(((v1/v2)-v2)/v2))
1248.5017149448395,4.452393394202742e-15,18.0,0.0,2196.0,-1.0,true,1.3552527156068805e-20,1.9358232148707666e-15,2.0,((9.11577028258889e-8*pow3(v1))/(v1+(pow2((v1/v2))*(pow2(-9.11549700509649e-8)-v1)))),-1.0,2.642694060236297e-41,1.5290819999594512e-15,2.642694060236297e-41,656.0,3.4294246451958486e-21,((9.12e-8*pow3(v1))/(v1+(pow2((v1/v2))*(pow2(-9.12e-8)-v1))))
1794.49169588089,0.2765872119196696,18.0,0.0,23.0,-1.0,true,1.1213015585966895e-7,0.1115707763973309,2.0,(pow3(v1)/((exp(log(v1))/v2)*(((0.969285442030481*v1)-v2)/-5.79969466489699e-8))),-0.999813425981958,3.127176905626317e-15,0.07168624549072686,3.127176905626317e-15,797.0,4.4566067469398755e-8,(pow3(v1)/((exp(log(v1))/v2)*(((0.969*v1)-v2)/-5.8e-8)))
1711.0306618213654,6.229400092261678e-14,18.0,0.0,357.0,-1.0,true,1.4399560103323106e-20,1.253346765138267e-14,2.0,(6.15867719336705e-21-(9.11577028258885e-8*(pow2(v1)/(((v1*(v1/v2))-v2)/v2)))),-1.0,4.111749158881996e-41,1.4600148894140692e-14,4.111749158881996e-41,111.0,5.715619509394409e-21,(6.16e-21-(9.12e-8*(pow2(v1)/(((v1*(v1/v2))-v2)/v2))))
1798.7305228710175,0.3645837013017495,18.0,0.0,6.0,-1.0,true,8.903646238238785e-7,0.3172893852911186,1.0,((1.24762530749091e-7*pow3(v1))/(v1+(pow2((v1/v2))*((v1/v2)-v1)))),-0.9938221516513364,1.0354724031326518e-13,0.19042751254857465,1.0354724031326518e-13,1136.0,2.3326822528619834e-7,((1.25e-7*pow3(v1))/(v1+(pow2((v1/v2))*((v1/v2)-v1))))
1667.8752558231354,5.85961835162514e-14,18.0,0.0,531.0,-1.0,true,1.3552527156068805e-20,1.1866793840138911e-14,2.0,(5.7997006715517505e-21+((-9.11577028258885e-8*pow2(v1))/(((v1*(v1/v2))-v2)/v2))),-1.0,3.581593808926291e-41,1.3730795807952998e-14,3.581593808926291e-41,137.0,5.345042594970652e-21,(5.800000000000001e-21+((-9.12e-8*pow2(v1))/(((v1*(v1/v2))-v2)/v2)))
1800.1858758926392,0.6447909739161166,18.0,0.0,0.0,-1.0,true,6.29640719044104e-7,0.3381733069773399,1.0,((-4.43550420072533e-7*(v1*(v1*log(v2))))/((v1*pow2((v1/v2)))-v2)),-0.9936841672520226,1.0586000406997236e-13,0.23271325748981767,1.0586000406997236e-13,1341.0,2.765303227480145e-7,((-4.44e-7*(v1*(v1*log(v2))))/((v1*pow2((v1/v2)))-v2))
1800.1983678340912,5.613887323125196e-15,18.0,0.0,0.0,-1.0,true,3.5575383784680614e-20,2.7891656932627874e-15,1.0,(pow3(v1)/((exp(log(v1))/v2)*(((pow2(v1)/v2)-v2)/-9.11577028258887e-8))),-1.0,1.8511829891213717e-40,1.8156234082008744e-15,1.8511829891213717e-40,1589.0,6.770175528726013e-21,(pow3(v1)/((exp(log(v1))/v2)*(((pow2(v1)/v2)-v2)/-9.12e-8)))
1794.0417189598083,3.0630369410298877e-14,19.0,0.0,24.0,-1.0,true,1.0164395367051604e-20,1.0933450504397648e-14,2.0,((v1*((-9.11577028258879e-8*v1)-3.73572486034284e-21))/(((v1*(v1/v2))-v2)/v2)),-1.0,1.716595523342526e-41,8.884182386523317e-15,1.716595523342526e-41,244.0,3.222960364302613e-21,((v1*((-9.12e-8*v1)-3.7400000000000005e-21))/(((v1*(v1/v2))-v2)/v2))
1554.7498428821564,5.899651702463309e-15,19.0,0.0,978.0,-1.0,true,7.411538288475128e-21,4.355602233459225e-15,2.0,((pow2(v1)*(-9.11577028258895e-8-(-1.75407345266796e-22*v1)))/(((pow2(v1)/v2)-v2)/v2)),-1.0,8.417368660952563e-42,2.4525874689538757e-15,8.417368660952563e-42,392.0,2.2234614865425384e-21,((pow2(v1)*(-9.12e-8-(-1.75e-22*v1)))/(((pow2(v1)/v2)-v2)/v2))
1592.555274963379,6.941741059575634e-15,19.0,0.0,830.0,-1.0,true,8.682087709356578e-21,5.323513840894608e-15,2.0,((pow2(v1)*((2.01086544340532e-22*v1)-9.11577028258896e-8))/(((pow2(v1)/v2)-v2)/v2)),-1.0,9.468310979980728e-42,2.8837379331073513e-15,9.468310979980728e-42,392.0,2.2411962388756753e-21,((pow2(v1)*((2.01e-22*v1)-9.12e-8))/(((pow2(v1)/v2)-v2)/v2))
1800.0177969932556,0.9983623647783202,19.0,0.0,0.0,-0.9719657789163324,true,3.7442860532419812e-6,0.961310192180765,2.0,((pow2(exp(v1))*(-4.066861036242921e-9-(-5.607768821674e-10*v2)))/((v1*(v1/v2))-v2)),-0.9000483381399236,1.675295048732348e-12,0.6999712827011231,1.675295048732348e-12,846.0,9.395744924786624e-7,((pow2(exp(v1))*(-4.07e-9-(-5.61e-10*v2)))/((v1*(v1/v2))-v2))
1800.02805685997,0.006869180835300198,19.0,0.0,0.0,-1.0,true,2.4069746218598936e-9,0.00267414167707606,2.0,(pow3(v1)/(((0.00829826449253967-v1)/v2)*(((pow2(v1)/v2)-v2)/9.10222346457012e-8))),-0.9999998839745375,1.9447088648166545e-18,0.002258768266526148,1.9447088648166545e-18,341.0,1.31146078589915e-9,(pow3(v1)/(((0.0083-v1)/v2)*(((pow2(v1)/v2)-v2)/9.1e-8)))
1622.3686828613281,6.493073699879025e-15,19.0,0.0,712.0,-1.0,true,8.470329472543003e-21,5.162195239655378e-15,2.0,((pow2(v1)*(-9.11577028258896e-8-(-1.93639129294223e-22*v1)))/(((pow2(v1)/v2)-v2)/v2)),-1.0,8.945651175510697e-42,2.7332043692593783e-15,8.945651175510697e-42,392.0,2.1440521477374477e-21,((pow2(v1)*(-9.12e-8-(-1.94e-22*v1)))/(((pow2(v1)/v2)-v2)/v2))
1785.099328994751,6.2914254483299915e-15,19.0,0.0,60.0,-1.0,true,1.3552527156068805e-20,3.324480072068877e-15,2.0,((pow2(v1)*(-9.115770282589e-8-(-2.16817237562109e-22*v2)))/(((pow2(v1)/v2)-v2)/v2)),-1.0,2.0723925602515348e-41,2.5710374297106085e-15,2.0723925602515348e-41,392.0,3.400572585429999e-21,((pow2(v1)*(-9.12e-8-(-2.17e-22*v2)))/(((pow2(v1)/v2)-v2)/v2))
1800.0684399604797,1.2283464526645727,19.0,0.0,0.0,-0.9959398714292619,true,1.7728372102104473e-6,0.37568067761022744,3.0,((pow3((0.00178453095419895*v1))*(-3.37495555163417-v1))/(((3.63280980969158/v2)-v2)/v2)),-0.9853406154936102,2.4570671286485177e-13,0.3318224395395771,2.4570671286485177e-13,276.0,3.3348698650994764e-7,((pow3((0.00178*v1))*(-3.37-v1))/(((3.63/v2)-v2)/v2))
1800.0724449157715,0.3320453894110233,19.0,0.0,0.0,-1.0,true,2.4426040886569466e-7,0.18017589263756392,2.0,((pow2(v1)*(-5.33986518144313e-8-(v2*(-1.72278439765134e-11*pow2(v1)))))/((v1-v2)/v2)),-0.9991284949247291,1.4607342293020322e-14,0.11151937553701469,1.4607342293020322e-14,442.0,9.398935617627005e-8,((pow2(v1)*(-5.34e-8-(v2*(-1.72e-11*pow2(v1)))))/((v1-v2)/v2))
1800.0999658107758,0.9823176530307796,19.0,0.0,0.0,-1.0,true,1.171274566002311e-6,0.7404342249208976,3.0,((pow3((0.0128740459262687*v1))*(-0.00449507513940824-(-0.0368636269135421*(v1/v2))))/(v2/v2)),-0.993541004954705,1.0825955484679686e-13,0.35030651548308056,1.0825955484679686e-13,286.0,2.491478374482163e-7,((pow3((0.0129*v1))*(-0.0045-(-0.0369*(v1/v2))))/(v2/v2))
1799.4007458686829,5.807469644612272e-15,19.0,0.0,3.0,-1.0,true,2.0328790734103208e-20,2.321670971304191e-15,2.0,((pow2(v1)*(-9.11577028258887e-8-(-2.5238559344413798e-23*v1)))/(((pow2(v1)/v2)-v2)/v2)),-1.0,7.906127337019083e-41,1.924928052842539e-15,7.906127337019083e-41,392.0,5.8741734892085725e-21,((pow2(v1)*(-9.12e-8-(-2.52e-23*v1)))/(((pow2(v1)/v2)-v2)/v2))
1792.1630790233612,7.259337055765374e-15,19.0,0.0,32.0,-1.0,true,1.3552527156068805e-20,3.94726452407242e-15,2.0,((pow2(v1)*(-9.11577028258901e-8-(-2.41408507605044e-22*v2)))/(((pow2(v1)/v2)-v2)/v2)),-1.0,2.1757887687402058e-41,2.7860073713499818e-15,2.1757887687402058e-41,392.0,3.429159947399832e-21,((pow2(v1)*(-9.12e-8-(-2.41e-22*v2)))/(((pow2(v1)/v2)-v2)/v2))
1781.9632940292358,5.987619723383942e-14,19.0,0.0,73.0,-1.0,true,1.3552527156068805e-20,1.2133463364636414e-14,2.0,(5.91562166928237e-21+((-9.11577028258885e-8*(v1*v1))/(((v1*(v1/v2))-v2)/v2))),-1.0,3.6337420803022913e-41,1.4016775992072924e-14,3.6337420803022913e-41,164.0,5.3977174563780286e-21,(5.920000000000001e-21+((-9.12e-8*(v1*v1))/(((v1*(v1/v2))-v2)/v2)))
1799.3950548171997,0.00275505812821565,19.0,0.0,3.0,-1.0,true,7.136033764503198e-9,0.002244180626883945,2.0,((9.14212351118621e-8*pow3(v1))/(v1+((pow2(v1)/v2)*((0.00650484911031363-v1)/v2)))),-0.9999996542999249,5.794297097052734e-18,0.0013388471712887109,5.794297097052734e-18,331.0,1.6601380455187344e-9,((9.14e-8*pow3(v1))/(v1+((pow2(v1)/v2)*((0.0065-v1)/v2))))
1799.9360020160675,0.768922327982529,19.0,0.0,1.0,-0.9990333027212528,true,4.787132494961039e-7,0.374774020332473,1.0,((-1.50084632007701e-7*(v1*(v1*log(exp(v1)))))/((v1*pow2((v1/v2)))-v2)),-0.9965003358957699,5.865805367249111e-14,0.25014316505457646,5.865805367249111e-14,4557.0,1.9639003227683277e-7,((-1.5e-7*(v1*(v1*log(exp(v1)))))/((v1*pow2((v1/v2)))-v2))
734.2064869403839,5.688949855946762e-15,19.0,0.0,4300.0,-1.0,true,8.470329472543003e-21,1.8383736108568635e-15,2.0,((9.1157702825889e-8*pow3(v1))/(v1+(pow2((v1/v2))*((1.7420701540344801e-15*v1)-v1)))),-1.0,1.7055249151497438e-41,1.3945426486697335e-15,1.7055249151497438e-41,816.0,2.9018819377340294e-21,((9.12e-8*pow3(v1))/(v1+(pow2((v1/v2))*((1.74e-15*v1)-v1))))
1391.6691989898682,4.645975715689818e-15,19.0,0.0,1624.0,-1.0,true,1.0164395367051604e-20,1.9358232148707635e-15,2.0,((9.11577028258888e-8*pow3(v1))/(v1+(pow2((v1/v2))*((1.10141239155383e-15*v2)-v1)))),-1.0,1.5102749936230456e-41,1.1562903834454246e-15,1.5102749936230456e-41,816.0,2.5148937599572212e-21,((9.12e-8*pow3(v1))/(v1+(pow2((v1/v2))*((1.1e-15*v2)-v1))))
1800.1904048919678,1.0551662835590345e-8,19.0,0.0,0.0,-1.0,true,1.3051762632904779e-13,1.0551659609218352e-8,2.0,((0.943990854543574*pow3(v1))/((v1/v2)*(((pow2(v1)/v2)-v2)/-9.65662976767918e-8))),-0.9999999999999998,3.113769217822932e-27,1.055165826316684e-8,3.113769217822932e-27,306.0,3.532190420021969e-14,((0.944*pow3(v1))/((v1/v2)*(((pow2(v1)/v2)-v2)/-9.66e-8)))
1800.1927239894867,4.123339776809237e-6,19.0,0.0,0.0,-1.0,true,6.955924870964052e-12,2.414074975039974e-6,2.0,((9.11579504437177e-8*pow3(v1))/(v1+(pow2((v1/v2))*((4.10384133625712e-5/v2)-v1)))),-0.9999999999996083,6.5656576825679576e-24,1.6796859180450515e-6,6.5656576825679576e-24,816.0,1.9434019189570872e-12,((9.12e-8*pow3(v1))/(v1+(pow2((v1/v2))*((4.1e-5/v2)-v1))))
1635.09184384346,4.424738776847481e-15,20.0,0.0,661.0,-1.0,true,4.870439446712227e-21,1.321521981351777e-15,2.0,((pow2(v1)*(-9.11577028258889e-8-(-1.09780526877775e-24*exp(v1))))/(((pow2(v1)/v2)-v2)/v2)),-1.0,3.032763704661146e-42,9.540013019835048e-16,3.032763704661146e-42,576.0,1.069643793704571e-21,((pow2(v1)*(-9.12e-8-(-1.1e-24*exp(v1))))/(((pow2(v1)/v2)-v2)/v2))
1799.2872610092163,6.0010519660993475e-15,20.0,0.0,3.0,-1.0,true,1.5246593050577406e-20,2.5165701793319923e-15,2.0,((pow2(v1)*(-9.11577028258887e-8-(-1.7446432963999198e-23*v1)))/(((v1*(v1/v2))-v2)/v2)),-1.0,5.386271800814731e-41,1.9835831670314876e-15,5.386271800814731e-41,460.0,5.193900153444963e-21,((pow2(v1)*(-9.12e-8-(-1.74e-23*v1)))/(((v1*(v1/v2))-v2)/v2))
1228.1313998699188,4.452393394202742e-15,20.0,0.0,2278.0,-1.0,true,4.870439446712227e-21,1.4518674111530726e-15,2.0,((9.11577028258888e-8*pow3(v1))/(v1+(pow2((v1/v2))*((1.7146903351039802e-17*exp(v1))-v1)))),-1.0,3.606651477740732e-42,8.994715982606951e-16,3.606651477740732e-42,1136.0,1.063291046600164e-21,((9.12e-8*pow3(v1))/(v1+(pow2((v1/v2))*((1.71e-17*exp(v1))-v1))))
1799.0191578865051,5.226722680151045e-15,20.0,0.0,4.0,-1.0,true,1.2705494208814505e-20,2.6133613400755276e-15,2.0,((pow2(v1)*(-9.11577028258888e-8-(-8.71231809935021e-24*pow2(v1))))/(((pow2(v1)/v2)-v2)/v2)),-1.0,2.5559873164577345e-41,1.478081881387429e-15,2.5559873164577345e-41,576.0,3.53848013715484e-21,((pow2(v1)*(-9.12e-8-(-8.71e-24*pow2(v1))))/(((pow2(v1)/v2)-v2)/v2))
1799.9990708827972,2.627918146959097,20.0,0.0,0.0,-0.9671322925225966,true,9.741658404934133e-7,0.7437998327603194,2.0,((pow2(v1)*(2.36024823755831e-7-(6.13392815633232e-7*(v1/v2))))/(((v1/v2)-v2)/v2)),-0.9862972546230611,2.296724342228797e-13,0.5934028311547271,2.296724342228797e-13,436.0,4.142595463391659e-7,((pow2(v1)*(2.36e-7-(6.13e-7*(v1/v2))))/(((v1/v2)-v2)/v2))
1800.0054099559784,0.31190765606694854,20.0,0.0,0.0,-1.0,true,1.1627364360849868e-7,0.12032704263579404,3.0,((v1*((-5.90941234167867e-8*v1)--3.91565724171235e-9))/((((1.96784179471493*v1)-v1)-v2)/v2)),-0.9998152257491884,3.097010912648849e-15,0.08276153485987432,3.097010912648849e-15,136.0,4.5234118564016255e-8,((v1*((-5.91e-8*v1)--3.92e-9))/((((1.97*v1)-v1)-v2)/v2))
1795.8458969593048,4.452393394202742e-15,20.0,0.0,17.0,-1.0,true,3.3881317890172014e-20,2.395581228402567e-15,2.0,((9.11577028258888e-8*pow3(v1))/(v1+(pow2((v1/v2))*((1.7146903351039802e-17*pow2(v1))-v1)))),-1.0,1.6681627598122218e-40,1.3239415299152204e-15,1.6681627598122218e-40,1136.0,6.127489279996812e-21,((9.12e-8*pow3(v1))/(v1+(pow2((v1/v2))*((1.71e-17*pow2(v1))-v1))))
1798.8288869857788,6.321055395496402e-15,20.0,0.0,5.0,-1.0,true,8.258571235729428e-21,3.811151954276819e-15,2.0,((pow2(v1)*(-9.11577028258892e-8-(-2.0867038505818e-23*pow2(v1))))/(((pow2(v1)/v2)-v2)/v2)),-1.0,7.141756159139199e-42,1.9883879263418275e-15,7.141756159139199e-42,576.0,1.9124415762226e-21,((pow2(v1)*(-9.12e-8-(-2.0899999999999997e-23*pow2(v1))))/(((pow2(v1)/v2)-v2)/v2))
1799.8346979618073,1.2724081064527895,20.0,0.0,1.0,-0.9916864034027745,true,4.955127853751211e-7,0.26461992309164645,2.0,((pow2(v1)*(-4.12493238394332e-7-(v2*(9.00883669998454e-10*pow2(v1)))))/((pow2(v1)/v2)-v2)),-0.9972157942787662,4.666621817619279e-14,0.24221079930182918,4.666621817619279e-14,540.0,1.6250972846365028e-7,((pow2(v1)*(-4.12e-7-(v2*(9.01e-10*pow2(v1)))))/((pow2(v1)/v2)-v2))
1796.106745004654,5.688949855946762e-15,20.0,0.0,16.0,-1.0,true,6.988021814847978e-21,2.4500262563208123e-15,2.0,((pow2(v1)*(-9.1157702825889e-8-(-2.7548612334652902e-24*pow3(v1))))/(((pow2(v1)/v2)-v2)/v2)),-1.0,5.305799433903949e-42,1.437251089904549e-15,5.305799433903949e-42,576.0,1.622597489584019e-21,((pow2(v1)*(-9.12e-8-(-2.75e-24*pow3(v1))))/(((pow2(v1)/v2)-v2)/v2))
1799.806519985199,3.0560892786434373,20.0,0.0,1.0,-0.9980666054425057,true,6.949760512283486e-7,1.0333696327919961,2.0,((3.69155187182416e-7*pow2(v1))/(v1+(pow2((v1/v2))*((-0.00175687823642142*exp(v1))-v1)))),-0.9925594567829812,1.2471133525324205e-13,0.8843181676982419,1.2471133525324205e-13,1136.0,2.8964581689661033e-7,((3.69e-7*pow2(v1))/(v1+(pow2((v1/v2))*((-0.00176*exp(v1))-v1))))
1228.1313998699188,4.452393394202742e-15,20.0,0.0,2278.0,-1.0,true,4.870439446712227e-21,1.4518674111530726e-15,2.0,((9.11577028258888e-8*pow3(v1))/(v1+(pow2((v1/v2))*((1.7146903351039802e-17*exp(v1))-v1)))),-1.0,3.606651477740732e-42,8.994715982606951e-16,3.606651477740732e-42,1136.0,1.063291046600164e-21,((9.12e-8*pow3(v1))/(v1+(pow2((v1/v2))*((1.71e-17*exp(v1))-v1))))
1629.3101119995117,4.424738776847481e-15,20.0,0.0,684.0,-1.0,true,4.870439446712227e-21,1.321521981351777e-15,2.0,((pow2(v1)*(-9.11577028258889e-8-(-1.0669924561212e-24*exp(v1))))/(((pow2(v1)/v2)-v2)/v2)),-1.0,3.0686369453478614e-42,9.67013194515134e-16,3.0686369453478614e-42,576.0,1.1204657705398291e-21,((pow2(v1)*(-9.12e-8-(-1.07e-24*exp(v1))))/(((pow2(v1)/v2)-v2)/v2))
1799.074518918991,2.46721313203091e-8,20.0,0.0,4.0,-1.0,true,3.810626740909963e-15,5.401688688551513e-9,3.0,((-2.34219911782924e-15-(0.00164856091998065*pow2((0.00743608226608423*v1))))/(((pow2(v1)/v2)-v2)/v2)),-1.0,6.134439781557109e-30,6.6478857636918295e-9,6.134439781557109e-30,231.0,2.260404633719457e-15,((-2.34e-15-(0.00165*pow2((0.00744*v1))))/(((pow2(v1)/v2)-v2)/v2))
1800.0641658306122,0.00027710480751091525,20.0,0.0,0.0,-1.0,true,8.365350284451962e-10,0.00027124194313899163,2.0,((9.11829986934895e-8*pow3(v1))/(v1+(pow2((v1/v2))*(pow2((0.00433082969850462*v1))-v1)))),-0.9999999906681548,1.5641154755335284e-19,0.00020165306352271532,1.5641154755335284e-19,1616.0,3.278494569988556e-10,((9.12e-8*pow3(v1))/(v1+(pow2((v1/v2))*(pow2((0.00433*v1))-v1))))
1799.1425569057465,5.052498590812686e-14,20.0,0.0,4.0,-1.0,true,1.0164395367051604e-19,2.5088268864725125e-14,2.0,((pow2(v1)*(-9.11577028258941e-8-(-1.20573851445818e-22*pow2(v2))))/(((pow2(v1)/v2)-v2)/v2)),-1.0,1.7167632938011675e-39,1.6989845911335494e-14,1.7167632938011675e-39,576.0,2.815749274910108e-20,((pow2(v1)*(-9.12e-8-(-1.21e-22*pow2(v2))))/(((pow2(v1)/v2)-v2)/v2))
1799.8777239322662,0.3597934470270829,20.0,0.0,1.0,-0.9990333027212528,true,3.167140482595182e-7,0.20826596913122936,2.0,((pow2(v1)*(-5.40828915446777e-8-(v2*(-5.3894690704863994e-11*(v2+v1)))))/((v1-v2)/v2)),-0.9988281979089364,1.9640636330801577e-14,0.1217213452990591,1.9640636330801577e-14,442.0,1.0639136150497342e-7,((pow2(v1)*(-5.41e-8-(v2*(-5.39e-11*(v2+v1)))))/((v1-v2)/v2))
1228.1313998699188,4.452393394202742e-15,20.0,0.0,2278.0,-1.0,true,4.870439446712227e-21,1.4518674111530726e-15,2.0,((9.11577028258888e-8*pow3(v1))/(v1+(pow2((v1/v2))*((1.7146903351039802e-17*exp(v1))-v1)))),-1.0,3.606651477740732e-42,8.994715982606951e-16,3.606651477740732e-42,1136.0,1.063291046600164e-21,((9.12e-8*pow3(v1))/(v1+(pow2((v1/v2))*((1.71e-17*exp(v1))-v1))))
1321.4059200286865,4.645975715689818e-15,20.0,0.0,1903.0,-1.0,true,5.082197683525802e-21,1.6131860123923028e-15,2.0,((9.11577028258888e-8*pow3(v1))/(v1+(pow2((v1/v2))*((6.304520521887359e-18*exp(v2))-v1)))),-1.0,4.5976147192496345e-42,9.808873514314683e-16,4.5976147192496345e-42,1136.0,1.477807795162737e-21,((9.12e-8*pow3(v1))/(v1+(pow2((v1/v2))*((6.3e-18*exp(v2))-v1))))
1797.9115209579468,4.258811072715666e-15,20.0,0.0,9.0,-1.0,true,8.470329472543003e-21,1.742240893383685e-15,2.0,((pow2(v1)*(-9.11577028258888e-8-(-1.80990928692004e-24*pow3(v1))))/(((pow2(v1)/v2)-v2)/v2)),-1.0,1.077501829471746e-41,1.1355028355675739e-15,1.077501829471746e-41,576.0,2.270048298641525e-21,((pow2(v1)*(-9.12e-8-(-1.81e-24*pow3(v1))))/(((pow2(v1)/v2)-v2)/v2))
1800.1195340156555,12.550584493772115,20.0,0.0,0.0,-1.0,true,2.6924060587794994e-6,1.0563057958309343,3.0,(-1.42569429752532e-6+((-3.5083260627302e-7*(v1*v1))/((((0.000141097274351574*v1)/v2)-v2)/v2))),-0.9196712642911873,1.3463941539290827e-12,2.88897413042404,1.3463941539290827e-12,116.0,9.890178964089366e-7,(-1.43e-6+((-3.51e-7*(v1*v1))/((((0.000141*v1)/v2)-v2)/v2)))
1800.1464970111847,2.2805252658622135,20.0,0.0,0.0,-0.9982599448982551,true,1.2348771535780215e-6,0.7873531753250991,3.0,((pow2(v1)*(-4.82912985453755e-7-(-4.99096606722434e-8*v2)))/(((0.0106346206817653*exp(v1))-v2)/v2)),-0.9852435928435487,2.4733291459314766e-13,0.5792532130398733,2.4733291459314766e-13,256.0,3.697223402478053e-7,((pow2(v1)*(-4.83e-7-(-4.99e-8*v2)))/(((0.0106*exp(v1))-v2)/v2))
1228.1313998699188,4.452393394202742e-15,20.0,0.0,2278.0,-1.0,true,4.870439446712227e-21,1.4518674111530726e-15,2.0,((9.11577028258888e-8*pow3(v1))/(v1+(pow2((v1/v2))*((1.7146903351039802e-17*exp(v1))-v1)))),-1.0,3.606651477740732e-42,8.994715982606951e-16,3.606651477740732e-42,1136.0,1.063291046600164e-21,((9.12e-8*pow3(v1))/(v1+(pow2((v1/v2))*((1.71e-17*exp(v1))-v1))))
1799.6936008930206,6.232244567189652e-13,20.0,0.0,2.0,-1.0,true,1.533976667477538e-18,5.872062929435029e-13,2.0,((9.11577028259486e-8*pow3(v1))/(v1+(pow2((v1/v2))*((3.2064988307364704e-14*pow2(v2))-v1)))),-1.0,6.136216153935863e-37,4.237500735366916e-13,6.136216153935863e-37,1136.0,6.54708028530903e-19,((9.12e-8*pow3(v1))/(v1+(pow2((v1/v2))*((3.21e-14*pow2(v2))-v1))))
1794.2070000171661,6.1946342875864235e-15,20.0,0.0,24.0,-1.0,true,2.0328790734103208e-20,2.9682622628018373e-15,2.0,((9.11577028258886e-8*pow3(v1))/(v1+(pow2((v1/v2))*((1.15230052183204e-24*pow2(v1))-v1)))),-1.0,7.417480199199759e-41,2.1521726610058785e-15,7.417480199199759e-41,1136.0,5.603387643883214e-21,((9.12e-8*pow3(v1))/(v1+(pow2((v1/v2))*((1.1499999999999999e-24*pow2(v1))-v1))))
1777.2326939105988,5.899651702463309e-15,20.0,0.0,92.0,-1.0,true,6.564505341220828e-21,1.9555765129816926e-15,2.0,((9.1157702825889e-8*pow3(v1))/(v1+(pow2((v1/v2))*((5.55300619586203e-17*pow3(v1))-v1)))),-1.0,6.850965708314834e-42,1.3325903798044358e-15,6.850965708314834e-42,1136.0,1.666272625926819e-21,((9.12e-8*pow3(v1))/(v1+(pow2((v1/v2))*((5.55e-17*pow3(v1))-v1))))
1799.4400219917297,1.0,20.0,0.0,3.0,-0.9949847652928997,true,8.572221202567312e-7,0.2425144788887207,1.0,((-1.29183940474368e-7*(v1-pow3(v1)))/(v1+(pow2((v1/v2))*((v1/v2)-v1)))),-0.9955899684343912,7.39167704581087e-14,0.3014250699720765,7.39167704581087e-14,1590.0,2.0289342164204177e-7,((-1.29e-7*(v1-pow3(v1)))/(v1+(pow2((v1/v2))*((v1/v2)-v1))))
1800.1897718906403,0.37614697499152694,20.0,0.0,0.0,-1.0,true,9.93215217158189e-7,0.29835004929205766,3.0,(pow3(v1)/(((-0.00266496393031542-v1)/v2)*(((0.123704384525119*pow2(v1))-v2)/1.26132026539262e-7))),-0.9891770643254189,1.8140379270288742e-13,0.19681894015844414,1.8140379270288742e-13,229.0,3.0749171975829634e-7,(pow3(v1)/(((-0.00266-v1)/v2)*(((0.124*pow2(v1))-v2)/1.26e-7)))
1799.7707908153534,4.424738776847481e-15,21.0,0.0,1.0,-1.0,true,5.251604272976662e-20,1.9600210050566454e-15,2.0,((pow2(v1)*(-9.11577028258888e-8-(-3.78616389441961e-23*(v1/v2))))/(((pow2(v1)/v2)-v2)/v2)),-1.0,3.938896225743063e-40,1.616828059653672e-15,3.938896225743063e-40,668.0,9.048164761248046e-21,((pow2(v1)*(-9.12e-8-(-3.7899999999999995e-23*(v1/v2))))/(((pow2(v1)/v2)-v2)/v2))
1676.8350839614868,4.424738776847481e-15,21.0,0.0,494.0,-1.0,true,4.870439446712227e-21,1.2000128602387661e-15,2.0,((pow2(v1)*(-9.11577028258888e-8-(-8.78242377000061e-27*pow2(pow3(v1)))))/(((pow2(v1)/v2)-v2)/v2)),-1.0,3.024100176905458e-42,9.31438887348224e-16,3.024100176905458e-42,1680.0,1.061967557620079e-21,((pow2(v1)*(-9.12e-8-(-8.78e-27*pow2(pow3(v1)))))/(((pow2(v1)/v2)-v2)/v2))
1579.867441892624,4.258811072715666e-15,21.0,0.0,880.0,-1.0,true,4.658681209898652e-21,1.1292302086746119e-15,2.0,((pow2(v1)*(-9.11577028258888e-8-(-2.16744848414215e-27*pow2(exp(v1)))))/(((pow2(v1)/v2)-v2)/v2)),-1.0,3.0968766126501675e-42,9.20808485359011e-16,3.0968766126501675e-42,1680.0,1.0910843151819456e-21,((pow2(v1)*(-9.12e-8-(-2.17e-27*pow2(exp(v1)))))/(((pow2(v1)/v2)-v2)/v2))
1795.3001329898834,5.267546162913668e-15,21.0,0.0,19.0,-1.0,true,6.564505341220828e-21,1.5772522939662657e-15,2.0,((pow2(v1)*(-9.1157702825889e-8-(-3.9981419556729495e-25*pow2(pow2(v1)))))/(((pow2(v1)/v2)-v2)/v2)),-1.0,4.60182562113493e-42,1.2378599489641556e-15,4.60182562113493e-42,1680.0,1.4942190585157893e-21,((pow2(v1)*(-9.12e-8-(-4.0e-25*pow2(pow2(v1)))))/(((pow2(v1)/v2)-v2)/v2))
1797.5398089885712,1.1757471985497136e-5,21.0,0.0,10.0,-1.0,true,3.7921198901780197e-11,1.1597061360515176e-5,2.0,((pow2(v1)*(-9.11566300669075e-8-pow2(pow2((0.000176698885186691*v1)))))/(((pow2(v1)/v2)-v2)/v2)),-0.999999999974474,4.278438263944063e-22,8.964577686391037e-6,4.278438263944063e-22,23668.0,1.6638211310790566e-11,((pow2(v1)*(-9.12e-8-pow2(pow2((0.000177*v1)))))/(((pow2(v1)/v2)-v2)/v2))
1800.00124502182,1.9231095879649056,21.0,0.0,0.0,-0.9719657789163324,true,2.592252748679476e-6,1.4178948473734052,1.0,(pow3(v1)/((v1/v2)*(((((v1*(v1/v2))-v2)/v2)-v2)/-3.10081566852856e-7))),-0.8985540048876436,1.7003416467789655e-12,0.8706658032685185,1.7003416467789655e-12,605.0,1.0381002483373422e-6,(pow3(v1)/((v1/v2)*(((((v1*(v1/v2))-v2)/v2)-v2)/-3.1e-7)))
1800.0181488990784,7.404523796880661e-15,21.0,0.0,0.0,-1.0,true,3.218725199566341e-20,4.678239435937678e-15,2.0,((pow2(v1)*(-9.11577028258882e-8-(-1.54886071418906e-22*(v1-v2))))/(((pow2(v1)/v2)-v2)/v2)),-1.0,1.4667002516088625e-40,3.4483487246412355e-15,1.4667002516088625e-40,576.0,8.40071395219054e-21,((pow2(v1)*(-9.12e-8-(-1.55e-22*(v1-v2))))/(((pow2(v1)/v2)-v2)/v2))
1779.1254270076752,4.424738776847481e-15,21.0,0.0,84.0,-1.0,true,4.870439446712227e-21,1.321521981351777e-15,2.0,((pow2(v1)*(-9.11577028258888e-8-(-9.12629494189597e-27*pow2(pow3(v1)))))/(((pow2(v1)/v2)-v2)/v2)),-1.0,3.0684722927783035e-42,9.52814688443818e-16,3.0684722927783035e-42,1680.0,1.1191422815597444e-21,((pow2(v1)*(-9.12e-8-(-9.130000000000001e-27*pow2(pow3(v1)))))/(((pow2(v1)/v2)-v2)/v2))
1579.867441892624,4.258811072715666e-15,21.0,0.0,880.0,-1.0,true,4.658681209898652e-21,1.1292302086746119e-15,2.0,((pow2(v1)*(-9.11577028258888e-8-(-2.16744848414215e-27*pow2(exp(v1)))))/(((pow2(v1)/v2)-v2)/v2)),-1.0,3.0968766126501675e-42,9.20808485359011e-16,3.0968766126501675e-42,1680.0,1.0910843151819456e-21,((pow2(v1)*(-9.12e-8-(-2.17e-27*pow2(exp(v1)))))/(((pow2(v1)/v2)-v2)/v2))
1797.8608548641205,2.245857401627411e-14,21.0,0.0,9.0,-1.0,true,3.4728350837426314e-20,1.9733544812815267e-14,2.0,((pow2(v1)*(-9.1157702825891e-8-(-1.84548176144782e-22*pow3(sqrt_abs(v1)))))/(((pow2(v1)/v2)-v2)/v2)),-1.0,2.8823332985744903e-40,1.2128600596473947e-14,2.8823332985744903e-40,1680.0,1.4300298429816742e-20,((pow2(v1)*(-9.12e-8-(-1.85e-22*pow3(sqrt_abs(v1)))))/(((pow2(v1)/v2)-v2)/v2))
1797.8358709812164,4.645975715689818e-15,21.0,0.0,9.0,-1.0,true,8.470329472543003e-21,2.0971418161099936e-15,2.0,((pow2(v1)*(-9.11577028258888e-8-(-2.4675608029417396e-25*pow2(pow2(v1)))))/(((pow2(v1)/v2)-v2)/v2)),-1.0,1.2332032547644212e-41,1.1620010948514567e-15,1.2332032547644212e-41,1680.0,2.4947767274599315e-21,((pow2(v1)*(-9.12e-8-(-2.47e-25*pow2(pow2(v1)))))/(((pow2(v1)/v2)-v2)/v2))
1800.0825979709625,5.807469644612272e-15,21.0,0.0,0.0,-1.0,true,2.710505431213761e-20,2.4520427388363002e-15,2.0,((pow2(v1)*(-9.11577028258887e-8-(-6.396655731887119e-23*(v1/v2))))/(((pow2(v1)/v2)-v2)/v2)),-1.0,1.1820632526659645e-40,1.9852532425424394e-15,1.1820632526659645e-40,668.0,6.4138922952871724e-21,((pow2(v1)*(-9.12e-8-(-6.4e-23*(v1/v2))))/(((pow2(v1)/v2)-v2)/v2))
1800.0842549800873,0.33981677286508377,21.0,0.0,0.0,-1.0,true,2.2645975016376342e-7,0.1782844489320276,2.0,((pow2(v1)*(-5.26609905850497e-8-(-2.80245897387583e-12*(v1*(v1*pow2(v1))))))/((v1-v2)/v2)),-0.9991949780757242,1.3493014710933083e-14,0.11330641269686582,1.3493014710933083e-14,766.0,9.244635724981513e-8,((pow2(v1)*(-5.27e-8-(-2.8e-12*(v1*(v1*pow2(v1))))))/((v1-v2)/v2))
1511.1347839832306,4.424738776847481e-15,21.0,0.0,1149.0,-1.0,true,4.658681209898652e-21,1.0666780979900143e-15,2.0,((9.11577028258888e-8*pow3(v1))/(v1+(pow2((v1/v2))*((1.6770891792804198e-19*pow2(pow3(v1)))-v1)))),-1.0,4.455326873182092e-42,1.0081634955949602e-15,4.455326873182092e-42,3056.0,1.6450968022454614e-21,((9.12e-8*pow3(v1))/(v1+(pow2((v1/v2))*((1.68e-19*pow2(pow3(v1)))-v1))))
1798.422504901886,9.56345592216223e-5,21.0,0.0,7.0,-1.0,true,1.440931907653435e-11,1.1037594928620822e-5,3.0,(1.50407278528756e-11+((9.11588246403121e-8*(v1*(7.83002846438563e-5-v1)))/(((pow2(v1)/v2)-v2)/v2))),-0.9999999999971004,4.859960242255267e-23,1.944575104976737e-5,4.859960242255267e-23,186.0,5.788960250682723e-12,(1.5e-11+((9.12e-8*(v1*(7.83e-5-v1)))/(((pow2(v1)/v2)-v2)/v2)))
1797.6528580188751,4.452393394202742e-15,21.0,0.0,10.0,-1.0,true,4.912791094074942e-20,2.395581228402567e-15,2.0,(pow3(v1)/((v1/v2)*(((pow2(((2.1684613205906402e-24*v1)-v1))/v2)-v2)/-9.11577028258888e-8))),-1.0,3.4211008186971657e-40,1.4983632839233533e-15,3.4211008186971657e-40,1365.0,8.170956265247812e-21,(pow3(v1)/((v1/v2)*(((pow2(((2.1699999999999997e-24*v1)-v1))/v2)-v2)/-9.12e-8)))
1798.3875019550323,0.0014971833425487299,21.0,0.0,7.0,-1.0,true,3.1933691522044184e-10,0.00023322073438222243,3.0,(-1.5408775528709e-10+(-9.11722720236973e-8*(pow2(v1)/(((v1*((0.999944254142165*v1)/v2))-v2)/v2)))),-0.9999999991852041,1.3656837059567855e-20,0.00033823576684261566,1.3656837059567855e-20,143.0,1.0357649146056873e-10,(-1.54e-10+(-9.12e-8*(pow2(v1)/(((v1*((1.0*v1)/v2))-v2)/v2))))
1794.4102549552917,5.033140358663969e-15,21.0,0.0,23.0,-1.0,true,4.2351647362715017e-20,3.0489215634214487e-15,2.0,(pow3(v1)/((((-8.16702689893259e-27*v1)-v1)/v2)*(((pow2(v1)/v2)-v2)/9.11577028258887e-8))),-1.0,2.5575735162544274e-40,1.5701010732954952e-15,2.5575735162544274e-40,533.0,7.166957524955449e-21,(pow3(v1)/((((-8.17e-27*v1)-v1)/v2)*(((pow2(v1)/v2)-v2)/9.12e-8)))
1799.2003028392792,6.581798930560575e-15,21.0,0.0,4.0,-1.0,true,8.893845946170154e-21,3.226372024784606e-15,2.0,((9.11577028258886e-8*pow3(v1))/(v1+(pow2((v1/v2))*((3.5322442126639195e-19*pow2(pow2(v1)))-v1)))),-1.0,3.2365997322033787e-41,2.2674554767099972e-15,3.2365997322033787e-41,3056.0,4.423364869239567e-21,((9.12e-8*pow3(v1))/(v1+(pow2((v1/v2))*((3.53e-19*pow2(pow2(v1)))-v1))))
1799.9516379833221,2.0791393869519915e-8,21.0,0.0,1.0,-1.0,true,6.013908302758878e-15,1.1890951965702177e-9,2.0,((9.11577029707147e-8*pow3(v1))/(v1+(pow2((v1/v2))*(((1.34280795718365e-7/v1)/v2)-v1)))),-1.0,6.593572142444401e-30,2.6926615374907322e-9,6.593572142444401e-30,1456.0,1.898241308413387e-15,((9.12e-8*pow3(v1))/(v1+(pow2((v1/v2))*(((1.34e-7/v1)/v2)-v1))))
1799.1727650165558,1.0,21.0,0.0,4.0,-0.9949847652928997,true,1.2757744464580023e-7,0.19161097413985878,2.0,((-9.96916795628677e-8*(v1-pow3(v1)))/(v1+(pow2((v1/v2))*((0.0226404462308658*v1)-v1)))),-0.9997147941243512,4.780350646023448e-15,0.25520370428672445,4.780350646023448e-15,1142.0,5.591985758367587e-8,((-9.97e-8*(v1-pow3(v1)))/(v1+(pow2((v1/v2))*((0.0226*v1)-v1))))
1301.5957989692688,4.452393394202742e-15,21.0,0.0,1983.0,-1.0,true,4.870439446712227e-21,1.2905488099138422e-15,2.0,((9.11577028258888e-8*pow3(v1))/(v1+(pow2((v1/v2))*((4.45872227911899e-20*pow2(exp(v1)))-v1)))),-1.0,3.865667485886531e-42,9.36203777918541e-16,3.865667485886531e-42,3056.0,1.2485795038120421e-21,((9.12e-8*pow3(v1))/(v1+(pow2((v1/v2))*((4.46e-20*pow2(exp(v1)))-v1))))
815.7125279903412,4.452393394202742e-15,21.0,0.0,3961.0,-1.0,true,4.870439446712227e-21,1.2905488099138422e-15,2.0,((9.11577028258888e-8*pow3(v1))/(v1+(pow2((v1/v2))*((1.55247044285175e-19*pow2(pow3(v1)))-v1)))),-1.0,3.306044931173772e-42,8.886567992336172e-16,3.306044931173772e-42,3056.0,1.028350937525924e-21,((9.12e-8*pow3(v1))/(v1+(pow2((v1/v2))*((1.55e-19*pow2(pow3(v1)))-v1))))
1626.2761838436127,4.214036930330935e-15,22.0,0.0,696.0,-1.0,true,4.235164736271502e-21,9.679116074353817e-16,2.0,((pow2(v1)*(-9.11577028258888e-8-(-2.24834577415775e-28*pow2(pow2(pow2(v1))))))/(((pow2(v1)/v2)-v2)/v2)),-1.0,2.8458339927663764e-42,8.721754044996216e-16,2.8458339927663764e-42,6.02952e6,1.020674701441432e-21,((pow2(v1)*(-9.12e-8-(-2.25e-28*pow2(pow2(pow2(v1))))))/(((pow2(v1)/v2)-v2)/v2))
1791.796826839447,4.846142469880575e-15,22.0,0.0,33.0,-1.0,true,5.505714157152952e-21,1.129230208674613e-15,2.0,((pow2(v1)*(-9.11577028258889e-8-(-3.36986546756041e-25*pow2(pow2(v1)))))/(((v1*(v1/v2))-v2)/v2)),-1.0,3.536169668231354e-42,1.09928552562499e-15,3.536169668231354e-42,1972.0,1.3065483211397583e-21,((pow2(v1)*(-9.12e-8-(-3.37e-25*pow2(pow2(v1)))))/(((v1*(v1/v2))-v2)/v2))
1759.4195289611816,4.424738776847481e-15,22.0,0.0,163.0,-1.0,true,4.658681209898652e-21,1.0666780979900143e-15,2.0,((pow2(v1)*(-9.11577028258888e-8-(-7.57861585438995e-27*pow2(pow3(v1)))))/(((v1*(v1/v2))-v2)/v2)),-1.0,3.0201169860206146e-42,9.192291433307156e-16,3.0201169860206146e-42,1972.0,1.0511149479833833e-21,((pow2(v1)*(-9.12e-8-(-7.580000000000001e-27*pow2(pow3(v1)))))/(((v1*(v1/v2))-v2)/v2))
1799.2522089481354,5.688949855946762e-15,22.0,0.0,3.0,-1.0,true,7.199780051661553e-21,3.3876906260238416e-15,2.0,((pow2(v1)*(-9.11577028258891e-8-(v1*(-1.85416955800963e-23*v1))))/(((v1*(v1/v2))-v2)/v2)),-1.0,6.263257629130845e-42,1.7818021074748187e-15,6.263257629130845e-42,892.0,1.8285323748852208e-21,((pow2(v1)*(-9.12e-8-(v1*(-1.8499999999999998e-23*v1))))/(((v1*(v1/v2))-v2)/v2))
1800.0019278526306,0.2724295428615289,22.0,0.0,0.0,-1.0,true,8.038210772124655e-7,0.1895621288267604,3.0,((pow2(v1)*((-1.91597472225893e-8*v1)-7.17223227151948e-8))/(((pow2(v1)/v2)-(v2/0.782649540068003))/v2)),-0.9974171748205862,4.329086834864791e-14,0.11086706264135252,4.329086834864791e-14,426.0,1.3669118792959188e-7,((pow2(v1)*((-1.92e-8*v1)-7.17e-8))/(((pow2(v1)/v2)-(v2/0.783))/v2))
1798.1151688098907,6.968963573534726e-15,22.0,0.0,8.0,-1.0,true,1.4399560103323106e-20,3.2667016750944094e-15,2.0,((pow2(v1)*(-9.11577028258887e-8-(v2*(-7.105905634315319e-25*pow2(v2)))))/(((pow2(v1)/v2)-v2)/v2)),-1.0,4.0217637270215295e-41,2.3400179992004343e-15,4.0217637270215295e-41,1128.0,4.669798517331364e-21,((pow2(v1)*(-9.12e-8-(v2*(-7.11e-25*pow2(v2)))))/(((pow2(v1)/v2)-v2)/v2))
1797.3749549388885,1.731351887800037e-13,22.0,0.0,11.0,-1.0,true,3.6168306847758624e-19,1.2307730088176532e-13,2.0,((pow2(v1)*(-9.11577028259058e-8-(-1.0927313955593898e-22*pow2((v1+v2)))))/(((pow2(v1)/v2)-v2)/v2)),-1.0,2.6979101176191524e-38,8.528042711426963e-14,2.6979101176191524e-38,1680.0,1.267624510235463e-19,((pow2(v1)*(-9.12e-8-(-1.09e-22*pow2((v1+v2)))))/(((pow2(v1)/v2)-v2)/v2))
1774.8912708759308,4.424738776847481e-15,22.0,0.0,101.0,-1.0,true,4.870439446712227e-21,1.2000128602387661e-15,2.0,((pow2(v1)*(-9.11577028258888e-8-(v2*(-1.5004246859439098e-25*exp(v1)))))/(((pow2(v1)/v2)-v2)/v2)),-1.0,3.216617566426723e-42,9.573313459012084e-16,3.216617566426723e-42,1128.0,1.1519648082658485e-21,((pow2(v1)*(-9.12e-8-(v2*(-1.5e-25*exp(v1)))))/(((pow2(v1)/v2)-v2)/v2))
1648.8423779010773,4.214036930330935e-15,22.0,0.0,606.0,-1.0,true,4.235164736271502e-21,9.679116074353817e-16,2.0,((pow2(v1)*(-9.11577028258888e-8-(-2.2607776440387097e-28*pow2(pow2(pow2(v1))))))/(((pow2(v1)/v2)-v2)/v2)),-1.0,2.8458339927663764e-42,8.721754044996216e-16,2.8458339927663764e-42,6.02952e6,1.020674701441432e-21,((pow2(v1)*(-9.12e-8-(-2.26e-28*pow2(pow2(pow2(v1))))))/(((pow2(v1)/v2)-v2)/v2))
1799.7980208396912,7.62319280696863e-14,22.0,0.0,1.0,-1.0,true,1.0164395367051604e-19,6.142438172658157e-14,2.0,((pow2(v1)*(-9.1157702825896e-8-(-1.0356394497544999e-20*pow2((v1/v2)))))/(((pow2(v1)/v2)-v2)/v2)),-1.0,2.0132205780990304e-39,3.5848522945118613e-14,2.0132205780990304e-39,3152.0,3.342841996118698e-20,((pow2(v1)*(-9.12e-8-(-1.04e-20*pow2((v1/v2)))))/(((pow2(v1)/v2)-v2)/v2))
1799.5708289146423,0.9123135012265144,22.0,0.0,2.0,-1.0,true,7.057705590388453e-7,0.6813128588052733,2.0,((pow2(pow2(v1))*(-8.39287977442908e-9-(-3.9957997739300303e-10*pow3(sqrt_abs(v1)))))/(((pow2(v1)/v2)-v2)/v2)),-0.9945374044125418,9.155885125459183e-14,0.3801921478898416,9.155885125459183e-14,6648.0,2.527041556577125e-7,((pow2(pow2(v1))*(-8.39e-9-(-4.0e-10*pow3(sqrt_abs(v1)))))/(((pow2(v1)/v2)-v2)/v2))
1800.0689778327942,5.613887323125196e-15,22.0,0.0,0.0,-1.0,true,1.5246593050577406e-20,2.528422158198561e-15,2.0,((pow2(v1)*(-9.11577028258887e-8-(-3.6373085013530395e-23*(pow2(v1)/v2))))/(((pow2(v1)/v2)-v2)/v2)),-1.0,5.452870962604081e-41,1.7842469402598432e-15,5.452870962604081e-41,1036.0,5.149166225918095e-21,((pow2(v1)*(-9.12e-8-(-3.6399999999999994e-23*(pow2(v1)/v2))))/(((pow2(v1)/v2)-v2)/v2))
1800.1035509109497,2.327705265437232e-9,22.0,0.0,0.0,-1.0,true,8.674333969757413e-15,1.3518477076816532e-9,3.0,((pow2(v1)*(-0.0022879824568896-(7.44246516223868e-13*v2)))/((((pow2(v1)/v2)-v2)/3.98419587002957e-5)/v2)),-1.0,1.8201576127519868e-29,1.1501706902689474e-9,1.8201576127519868e-29,426.0,2.956605436733405e-15,((pow2(v1)*(-0.00229-(7.44e-13*v2)))/((((pow2(v1)/v2)-v2)/3.98e-5)/v2))
1790.908290863037,4.635440623364028e-15,22.0,0.0,37.0,-1.0,true,5.505714157152952e-21,1.2703839847589397e-15,2.0,((pow2(v1)*(-9.11577028258889e-8-(v2*(-3.2474415592894597e-25*pow3(v1)))))/(((pow2(v1)/v2)-v2)/v2)),-1.0,3.9700922474480165e-42,1.0907003142778557e-15,3.9700922474480165e-42,1128.0,1.3571056001789994e-21,((pow2(v1)*(-9.12e-8-(v2*(-3.25e-25*pow3(v1)))))/(((pow2(v1)/v2)-v2)/v2))
1774.8912708759308,4.424738776847481e-15,22.0,0.0,101.0,-1.0,true,4.870439446712227e-21,1.2000128602387661e-15,2.0,((pow2(v1)*(-9.11577028258888e-8-(v2*(-1.5004246859439098e-25*exp(v1)))))/(((pow2(v1)/v2)-v2)/v2)),-1.0,3.216617566426723e-42,9.573313459012084e-16,3.216617566426723e-42,1128.0,1.1519648082658485e-21,((pow2(v1)*(-9.12e-8-(v2*(-1.5e-25*exp(v1)))))/(((pow2(v1)/v2)-v2)/v2))
1798.3794388771057,0.35567837362068444,22.0,0.0,7.0,-1.0,true,2.5880819995653457e-7,0.1957747290195234,2.0,(pow3(v1)/((((-5.139370620377239e-11*pow2(pow3((v2*v1))))-v1)/v2)*((v1-v2)/5.13933301677416e-8))),-0.9989914248379602,1.6904781209190633e-14,0.12415190581936737,1.6904781209190633e-14,1.71798691985e11,9.933475406240578e-8,(pow3(v1)/((((-5.14e-11*pow2(pow3((v2*v1))))-v1)/v2)*((v1-v2)/5.14e-8)))
1794.174796819687,5.033140358663969e-15,22.0,0.0,24.0,-1.0,true,1.4399560103323106e-20,3.0873548971126167e-15,2.0,((pow2(v1)*(-9.1157702825889e-8-(v2*(-2.57794137020742e-25*pow3(v2)))))/(((pow2(v1)/v2)-v2)/v2)),-1.0,1.6835543068522113e-41,1.7600371005621111e-15,1.6835543068522113e-41,1128.0,2.5956265877423967e-21,((pow2(v1)*(-9.12e-8-(v2*(-2.58e-25*pow3(v2)))))/(((pow2(v1)/v2)-v2)/v2))
662.7912468910217,4.452393394202742e-15,22.0,0.0,4598.0,-1.0,true,4.870439446712227e-21,1.4518674111530726e-15,2.0,((9.11577028258888e-8*pow3(v1))/(v1+((pow2(v1)/v2)*(((1.9594005722998e-17*exp(v1))-v1)/v2)))),-1.0,3.662983676006589e-42,9.136160132173508e-16,3.662983676006589e-42,691.0,1.12999489119644e-21,((9.12e-8*pow3(v1))/(v1+((pow2(v1)/v2)*(((1.96e-17*exp(v1))-v1)/v2))))
1800.145653963089,1.8226031714575899,22.0,0.0,0.0,-0.9720624486442071,true,2.8998257883027013e-6,1.5820229880054608,1.0,((2.58067800923842e-7*pow3(v1))/(v1+((v1*(v1/v2))*(((pow2(v1)/v2)-v1)/v2)))),-0.8644712966491355,2.2716037078269843e-12,0.9944700848886506,2.2716037078269843e-12,1281.0,1.208579612898696e-6,((2.58e-7*pow3(v1))/(v1+((v1*(v1/v2))*(((pow2(v1)/v2)-v1)/v2))))
1790.9725289344788,6.1946342875864235e-15,22.0,0.0,37.0,-1.0,true,8.046812998915853e-21,2.9682622628018373e-15,2.0,((9.11577028258886e-8*pow3(v1))/(v1+(pow2((v1/v2))*((1.15230052183204e-24*pow2(pow2(pow3(v1))))-v1)))),-1.0,2.2746924143522513e-41,1.9987817167418323e-15,2.2746924143522513e-41,1.0486256e7,3.706033842033581e-21,((9.12e-8*pow3(v1))/(v1+(pow2((v1/v2))*((1.1499999999999999e-24*pow2(pow2(pow3(v1))))-v1))))
1799.9582929611206,1.4327725563125176e-14,22.0,0.0,1.0,-1.0,true,7.962109704190423e-20,1.0429617944455828e-14,2.0,((9.11577028258898e-8*pow3(v1))/(v1+(pow2((v1/v2))*((v1*(3.42234202528849e-17*pow3(v1)))-v1)))),-1.0,1.0999325751395166e-39,8.488381864992385e-15,1.0999325751395166e-39,2096.0,2.1720042349968395e-20,((9.12e-8*pow3(v1))/(v1+(pow2((v1/v2))*((v1*(3.42e-17*pow3(v1)))-v1))))
1723.1496059894562,4.06522875122859e-15,23.0,0.0,308.0,-1.0,true,4.446922973085077e-21,1.1292302086746119e-15,2.0,((pow2(v1)*(-9.11577028258888e-8-(-1.9519220575168198e-28*pow2(pow2(pow2(v1))))))/(((v1*(v1/v2))-v2)/v2)),-1.0,3.018078096755022e-42,8.841257218686062e-16,3.018078096755022e-42,7.078132e6,1.0288803331179579e-21,((pow2(v1)*(-9.12e-8-(-1.95e-28*pow2(pow2(pow2(v1))))))/(((v1*(v1/v2))-v2)/v2))
1799.5314378738403,1.0858957140281476,23.0,0.0,2.0,-0.9916864034027745,true,5.914611909149457e-7,0.3117259598705772,2.0,(((pow2(v1)/v2)*(-3.7292849329536e-7-(7.362429954986731e-9*pow2(v1))))/(((v1*(v1/v2))-v2)/v2)),-0.9964008535421344,6.032548262144857e-14,0.2399119256082865,6.032548262144857e-14,1486.0,1.86858936087173e-7,(((pow2(v1)/v2)*(-3.73e-7-(7.36e-9*pow2(v1))))/(((v1*(v1/v2))-v2)/v2))
1791.7845718860626,5.613887323125196e-15,23.0,0.0,33.0,-1.0,true,1.4399560103323106e-20,2.7391240047151075e-15,2.0,((pow2(v1)*(-9.11577028258887e-8-(-9.046192964545161e-24*pow2((pow2(v1)/v2)))))/(((pow2(v1)/v2)-v2)/v2)),-1.0,2.9004201731456853e-41,1.7092491653339635e-15,2.9004201731456853e-41,47312.0,3.7121218913419715e-21,((pow2(v1)*(-9.12e-8-(-9.05e-24*pow2((pow2(v1)/v2)))))/(((pow2(v1)/v2)-v2)/v2))
1799.525521993637,0.7641516489646178,23.0,0.0,2.0,-1.0,true,5.545349493385148e-7,0.528491289278189,2.0,((pow2(v1)*(-2.14995299024809e-8-(-1.3600682160176999e-13*pow2(pow3(v1)))))/((((pow2(v1)/v2)-v2)/v2)/v1)),-0.9963018093693283,6.198556719853185e-14,0.3115686906581516,6.198556719853185e-14,3432.0,2.083179501402801e-7,((pow2(v1)*(-2.15e-8-(-1.36e-13*pow2(pow3(v1)))))/((((pow2(v1)/v2)-v2)/v2)/v1))
1799.7671480178833,2.2966501270303594e-14,23.0,0.0,1.0,-1.0,true,6.522153693858113e-20,1.937896323507507e-14,2.0,((pow2(v1)*(-9.11577028258906e-8-(-2.46839645583592e-24*pow2((pow3(v1)/v2)))))/(((pow2(v1)/v2)-v2)/v2)),-1.0,1.1485270344996193e-39,1.5098525132233987e-14,1.1485270344996193e-39,47312.0,2.6957882337552178e-20,((pow2(v1)*(-9.12e-8-(-2.47e-24*pow2((pow3(v1)/v2)))))/(((pow2(v1)/v2)-v2)/v2))
1800.0025930404663,2.062159877431264e-12,23.0,0.0,0.0,-1.0,true,3.2720882752433622e-18,8.07633188536943e-13,2.0,((pow2(v1)*(-9.11577028256376e-8-(-4.2267380274909e-20*((v1/v2)-v2))))/(((pow2(v1)/v2)-v2)/v2)),-1.0,1.790361131514849e-36,5.871971691255598e-13,1.790361131514849e-36,852.0,9.26067738678027e-19,((pow2(v1)*(-9.12e-8-(-4.23e-20*((v1/v2)-v2))))/(((pow2(v1)/v2)-v2)/v2))
1800.0212829113007,2.024016734722936e-6,23.0,0.0,0.0,-1.0,true,2.4928771720500453e-11,2.02397722393506e-6,3.0,((0.0157366731931127*pow3((0.0179594564812418*v1)))/(v1+(pow2((v1/v2))*((-4.6515181043671596e-11*exp(v1))-v1)))),-0.9999999999932123,1.1376831506931095e-22,2.0223801645195687e-6,1.1376831506931095e-22,2044.0,6.758297790219859e-12,((0.0157*pow3((0.018*v1)))/(v1+(pow2((v1/v2))*((-4.65e-11*exp(v1))-v1))))
1800.0330698490143,1.2556244713256532e-7,23.0,0.0,0.0,-1.0,true,5.069389317165543e-13,1.2483662622967887e-7,3.0,(0.942171798627672*((9.67527275898834e-8*pow3(v1))/(v1+(pow2((v1/v2))*((-8.54449189735926e-10*exp(v1))-v1))))),-0.9999999999999953,7.86087960989197e-26,1.0487585450156368e-7,7.86087960989197e-26,1137.0,2.2139158053091947e-13,(0.942*((9.68e-8*pow3(v1))/(v1+(pow2((v1/v2))*((-8.54e-10*exp(v1))-v1)))))
1799.3164739608765,4.06522875122859e-15,23.0,0.0,3.0,-1.0,true,4.446922973085077e-21,9.679116074353817e-16,2.0,((pow2(v1)*(-9.11577028258888e-8-(-2.3586073560566e-27*pow2((exp(v1)-v2)))))/(((pow2(v1)/v2)-v2)/v2)),-1.0,3.254841485287343e-42,9.081362507883991e-16,3.254841485287343e-42,6096.0,1.198286922568818e-21,((pow2(v1)*(-9.12e-8-(-2.36e-27*pow2((exp(v1)-v2)))))/(((pow2(v1)/v2)-v2)/v2))
1799.3345539569855,6.0010519660993475e-15,23.0,0.0,3.0,-1.0,true,1.5246593050577406e-20,2.4520427388363002e-15,2.0,((pow2(v1)*(-9.11577028258887e-8-(-2.45026539914001e-23*(v1*(v1/v2)))))/(((pow2(v1)/v2)-v2)/v2)),-1.0,6.04997895188676e-41,2.0562060358476534e-15,6.04997895188676e-41,1220.0,5.548859897903718e-21,((pow2(v1)*(-9.12e-8-(-2.45e-23*(v1*(v1/v2)))))/(((pow2(v1)/v2)-v2)/v2))
1799.823648929596,6.1946342875864235e-15,23.0,0.0,1.0,-1.0,true,1.4399560103323106e-20,2.3851712402981127e-15,2.0,((pow2(v1)*(-9.11577028258887e-8-(v2*(-6.02786817826178e-24*exp(log(v1))))))/(((pow2(v1)/v2)-v2)/v2)),-1.0,3.701696998355875e-41,1.948762514031836e-15,3.701696998355875e-41,3336.0,4.409600583846684e-21,((pow2(v1)*(-9.12e-8-(v2*(-6.0299999999999995e-24*exp(log(v1))))))/(((pow2(v1)/v2)-v2)/v2))
1747.5723910331726,4.424738776847481e-15,23.0,0.0,211.0,-1.0,true,4.658681209898652e-21,1.0666780979900143e-15,2.0,((pow2(v1)*(-9.11577028258888e-8-(v2*(-1.22333579401606e-27*pow2(pow3(v1))))))/(((pow2(v1)/v2)-v2)/v2)),-1.0,2.96271980092187e-42,9.072254591346679e-16,2.96271980092187e-42,3336.0,1.0341742890382973e-21,((pow2(v1)*(-9.12e-8-(v2*(-1.2200000000000002e-27*pow2(pow3(v1))))))/(((pow2(v1)/v2)-v2)/v2))
1637.4262080192566,4.452393394202742e-15,23.0,0.0,652.0,-1.0,true,4.870439446712227e-21,1.4518674111530726e-15,2.0,((9.11577028258888e-8*pow3(v1))/(v1+(pow2((v1/v2))*((1.08650081385677e-18*(pow2(pow3(v1))/v2))-v1)))),-1.0,3.671951986178268e-42,9.080150313823247e-16,3.671951986178268e-42,5776.0,1.0791729143611821e-21,((9.12e-8*pow3(v1))/(v1+(pow2((v1/v2))*((1.09e-18*(pow2(pow3(v1))/v2))-v1))))
1764.9731538295746,4.452393394202742e-15,23.0,0.0,141.0,-1.0,true,4.870439446712227e-21,1.4518674111530726e-15,2.0,((9.11577028258888e-8*pow3(v1))/(v1+((v1*(v1/v2))*(((1.7146564721607102e-17*exp(v1))-v1)/v2)))),-1.0,3.654015365834911e-42,9.07008403310592e-16,3.654015365834911e-42,841.0,1.121524561723897e-21,((9.12e-8*pow3(v1))/(v1+((v1*(v1/v2))*(((1.71e-17*exp(v1))-v1)/v2))))
1799.8861939907074,5.226722680151045e-15,23.0,0.0,1.0,-1.0,true,2.710505431213761e-20,2.191299203772086e-15,2.0,(pow3(v1)/((v1/v2)*(((pow2(((5.174709629888709e-19*pow2(pow2(v1)))-v1))/v2)-v2)/-9.11577028258887e-8))),-1.0,1.0852560896863952e-40,1.5141279631575564e-15,1.0852560896863952e-40,2.0971605e7,5.2883972666230206e-21,(pow3(v1)/((v1/v2)*(((pow2(((5.17e-19*pow2(pow2(v1)))-v1))/v2)-v2)/-9.12e-8)))
1792.1594469547272,6.775381252047651e-15,23.0,0.0,32.0,-1.0,true,1.4399560103323106e-20,3.2010219588755846e-15,2.0,((pow2(v1)*(-9.11577028258887e-8-(v2*(-2.41853968360794e-24*(v2+v1)))))/(((pow2(v1)/v2)-v2)/v2)),-1.0,4.091497243150958e-41,2.292462789974631e-15,4.091497243150958e-41,1128.0,4.717444120614419e-21,((pow2(v1)*(-9.12e-8-(v2*(-2.4199999999999998e-24*(v2+v1)))))/(((pow2(v1)/v2)-v2)/v2))
1800.1200728416443,4.645975715689818e-15,23.0,0.0,0.0,-1.0,true,4.2351647362715017e-20,2.831141451748488e-15,2.0,(pow3(v1)/((((9.517114016495629e-20*pow2(pow2(v1)))-v1)/v2)*(((pow2(v1)/v2)-v2)/9.11577028258888e-8))),-1.0,2.5570758100723606e-40,1.5024164960848974e-15,2.5570758100723606e-40,1877.0,7.27521892352639e-21,(pow3(v1)/((((9.52e-20*pow2(pow2(v1)))-v1)/v2)*(((pow2(v1)/v2)-v2)/9.12e-8)))
1752.1407268047333,4.214036930330935e-15,23.0,0.0,193.0,-1.0,true,4.235164736271502e-21,9.333433357412627e-16,2.0,((9.11577028258888e-8*pow3(v1))/(v1+(pow2((v1/v2))*((1.9737500727532799e-19*pow2((pow3(v1)-v2)))-v1)))),-1.0,3.106083143560781e-42,9.031404112410015e-16,3.106083143560781e-42,10736.0,1.1996104115489029e-21,((9.12e-8*pow3(v1))/(v1+(pow2((v1/v2))*((1.97e-19*pow2((pow3(v1)-v2)))-v1))))
1797.2135848999023,4.645975715689818e-15,23.0,0.0,12.0,-1.0,true,4.912791094074942e-20,2.395581228402567e-15,2.0,(pow3(v1)/((exp(log(v1))/v2)*(((pow2(((2.1684613205906402e-24*v1)-v1))/v2)-v2)/-9.11577028258888e-8))),-1.0,3.4318717592133518e-40,1.4910458721711418e-15,3.4318717592133518e-40,8981.0,8.259894724709513e-21,(pow3(v1)/((exp(log(v1))/v2)*(((pow2(((2.1699999999999997e-24*v1)-v1))/v2)-v2)/-9.12e-8)))
1261.6398808956146,4.258811072715666e-15,23.0,0.0,2144.0,-1.0,true,4.658681209898652e-21,1.1292302086746119e-15,2.0,(pow3(v1)/((((-1.46602930721073e-19*pow2(exp(v1)))-v1)/v2)*(((pow2(v1)/v2)-v2)/9.11577028258888e-8))),-1.0,3.0323328053833665e-42,9.090453963339544e-16,3.0323328053833665e-42,1877.0,1.0847315680775383e-21,(pow3(v1)/((((-1.47e-19*pow2(exp(v1)))-v1)/v2)*(((pow2(v1)/v2)-v2)/9.12e-8)))
1799.4322550296783,14.56932032794386,23.0,0.0,3.0,-0.8794528493402292,true,1.979518727556238e-6,1.8120034763174357,3.0,(-1.5570986853781e-6-(2.58780801165092e-7*(pow2(v1)/(((pow2(((0.308095523346246*pow2(v1))-v2))/v2)-v2)/v2)))),-0.9499900444439121,8.382194890138545e-13,2.04155499781576,8.382194890138545e-13,2079.0,7.291886636435245e-7,(-1.56e-6-(2.59e-7*(pow2(v1)/(((pow2(((0.308*pow2(v1))-v2))/v2)-v2)/v2))))
1799.7289409637451,1.3103663564499296e-9,24.0,0.0,1.0,-1.0,true,5.4616379507096274e-15,1.2900747587430213e-9,3.0,((pow2(v1)*(-9.11577029454621e-8-(-1.2569751887214898e-11*pow2(pow2((0.00995239201890778*v1))))))/(((pow2(v1)/v2)-v2)/v2)),-1.0,7.724726629781149e-30,1.0066132430786732e-9,7.724726629781149e-30,23760.0,2.125294417832044e-15,((pow2(v1)*(-9.12e-8-(-1.26e-11*pow2(pow2((0.00995*v1))))))/(((pow2(v1)/v2)-v2)/v2))
932.844899892807,4.452393394202742e-15,24.0,0.0,3479.0,-1.0,true,4.870439446712227e-21,1.1292302086746119e-15,2.0,(pow3(v1)/((((-1.0534899570283199e-23*pow2(pow2(pow3(v1))))-v1)/v2)*(((pow2(v1)/v2)-v2)/9.11577028258888e-8))),-1.0,2.921416528685896e-42,8.973278386610432e-16,2.921416528685896e-42,6.291797e6,9.881168725313447e-22,(pow3(v1)/((((-1.0499999999999999e-23*pow2(pow2(pow3(v1))))-v1)/v2)*(((pow2(v1)/v2)-v2)/9.12e-8)))
1740.0002989768982,4.214036930330935e-15,24.0,0.0,241.0,-1.0,true,4.235164736271502e-21,9.679116074353817e-16,2.0,((pow2(v1)*(-9.11577028258888e-8-(v2*(-3.26038637421389e-29*pow2(pow2(pow2(v1)))))))/(((pow2(v1)/v2)-v2)/v2)),-1.0,2.8888818815904345e-42,8.789895022159668e-16,2.8888818815904345e-42,1.2059016e7,1.0714966782766898e-21,((pow2(v1)*(-9.12e-8-(v2*(-3.26e-29*pow2(pow2(pow2(v1)))))))/(((pow2(v1)/v2)-v2)/v2))
932.844899892807,4.452393394202742e-15,24.0,0.0,3479.0,-1.0,true,4.870439446712227e-21,1.1292302086746119e-15,2.0,(pow3(v1)/((((-1.0534899570283199e-23*pow2(pow2(pow3(v1))))-v1)/v2)*(((pow2(v1)/v2)-v2)/9.11577028258888e-8))),-1.0,2.921416528685896e-42,8.973278386610432e-16,2.921416528685896e-42,6.291797e6,9.881168725313447e-22,(pow3(v1)/((((-1.0499999999999999e-23*pow2(pow2(pow3(v1))))-v1)/v2)*(((pow2(v1)/v2)-v2)/9.12e-8)))
1800.0791668891907,5.807469644612272e-15,24.0,0.0,0.0,-1.0,true,1.8634724839594607e-20,2.5810976198276845e-15,2.0,((pow2(v1)*(-9.11577028258887e-8-(-2.75011064855186e-23*pow2(exp(pow2((v1/v2)))))))/(((pow2(v1)/v2)-v2)/v2)),-1.0,7.28007132406038e-41,2.0869888842582876e-15,7.28007132406038e-41,1.7976931348623157e308,5.821763325597213e-21,((pow2(v1)*(-9.12e-8-(-2.7499999999999995e-23*pow2(exp(pow2((v1/v2)))))))/(((pow2(v1)/v2)-v2)/v2))
1800.0965158939362,5.42030500163812e-15,24.0,0.0,0.0,-1.0,true,5.929230630780102e-21,2.2584604173492238e-15,2.0,((9.11577028258887e-8*(v1*(v2*((6.40142452020913e-24*pow2(pow2(pow3(v1))))-v1))))/((v1*(v1/v2))-v2)),-1.0,9.47966149754176e-42,1.4318581761429562e-15,9.47966149754176e-42,3.408081e6,2.0691426714646456e-21,((9.12e-8*(v1*(v2*((6.3999999999999995e-24*pow2(pow2(pow3(v1))))-v1))))/((v1*(v1/v2))-v2))
932.844899892807,4.452393394202742e-15,24.0,0.0,3479.0,-1.0,true,4.870439446712227e-21,1.1292302086746119e-15,2.0,(pow3(v1)/((((-1.0534899570283199e-23*pow2(pow2(pow3(v1))))-v1)/v2)*(((pow2(v1)/v2)-v2)/9.11577028258888e-8))),-1.0,2.921416528685896e-42,8.973278386610432e-16,2.921416528685896e-42,6.291797e6,9.881168725313447e-22,(pow3(v1)/((((-1.0499999999999999e-23*pow2(pow2(pow3(v1))))-v1)/v2)*(((pow2(v1)/v2)-v2)/9.12e-8)))
1798.3722729682922,1.3776608545830309e-14,24.0,0.0,7.0,-1.0,true,3.9810548520952116e-20,9.617169731477965e-15,2.0,((pow2(v1)*(-9.115770282589e-8-(v2*(v2*(-9.62143641801791e-26*pow3(v2))))))/(((pow2(v1)/v2)-v2)/v2)),-1.0,2.8418077469862166e-40,5.746974477782151e-15,2.8418077469862166e-40,2232.0,1.1233509765164141e-20,((pow2(v1)*(-9.12e-8-(v2*(v2*(-9.62e-26*pow3(v2))))))/(((pow2(v1)/v2)-v2)/v2))
1798.1722648143768,5.226722680151045e-15,24.0,0.0,8.0,-1.0,true,1.3552527156068805e-20,3.0666995317212913e-15,2.0,((pow2(v1)*(-9.11577028258892e-8-(v2*(v2*(-6.0312713485049e-24*sqrt_abs(v2))))))/(((pow2(v1)/v2)-v2)/v2)),-1.0,1.8135832436292236e-41,2.0287826966910726e-15,1.8135832436292236e-41,2232.0,3.061230010936245e-21,((pow2(v1)*(-9.12e-8-(v2*(v2*(-6.0299999999999995e-24*sqrt_abs(v2))))))/(((pow2(v1)/v2)-v2)/v2))
1593.656229019165,4.452393394202742e-15,24.0,0.0,826.0,-1.0,true,4.870439446712227e-21,1.1292302086746119e-15,2.0,(pow3(v1)/((v1/v2)*(((pow2(((2.1684613205906402e-24*pow2(pow2(pow3(v1))))-v1))/v2)-v2)/-9.11577028258888e-8))),-1.0,3.35189541692648e-42,9.214110597178845e-16,3.35189541692648e-42,1.7976931348623157e308,1.1575234619822047e-21,(pow3(v1)/((v1/v2)*(((pow2(((2.1699999999999997e-24*pow2(pow2(pow3(v1))))-v1))/v2)-v2)/-9.12e-8)))
1799.9460179805756,1.0,24.0,0.0,1.0,-0.9949847652928997,true,1.3694300256297107e-7,0.20864787389880646,2.0,((-9.61837925591216e-8*(v1-pow3(v1)))/(v1+(pow2((v1/v2))*((2.5894874061510698e-11*pow2(pow2(pow3(v1))))-v1)))),-0.9996717343673165,5.502077492954725e-15,0.26182111111816114,5.502077492954725e-15,1.4680758e7,6.260160153836823e-8,((-9.62e-8*(v1-pow3(v1)))/(v1+(pow2((v1/v2))*((2.59e-11*pow2(pow2(pow3(v1))))-v1))))
1799.2165749073029,1.0809004726298801e-14,24.0,0.0,4.0,-1.0,true,1.1858461261560205e-20,5.565491742753431e-15,3.0,(-8.84512939133899e-22+((-9.11577028258887e-8*pow2(v1))/(((pow2(((2.3480331940421697e-23*pow3(exp(v1)))-v1))/v2)-v2)/v2))),-1.0,2.991355685364964e-41,3.7107547631188016e-15,2.991355685364964e-41,1.0485797e7,4.00037779120445e-21,(-8.85e-22+((-9.12e-8*pow2(v1))/(((pow2(((2.3499999999999997e-23*pow3(exp(v1)))-v1))/v2)-v2)/v2)))
628.2889440059662,4.452393394202742e-15,24.0,0.0,4743.0,-1.0,true,4.870439446712227e-21,1.1292302086746119e-15,2.0,(pow3(v1)/((((-1.0430046931992899e-23*pow2(pow2(pow3(v1))))-v1)/v2)*(((pow2(v1)/v2)-v2)/9.11577028258888e-8))),-1.0,2.921416528685896e-42,8.973278386610432e-16,2.921416528685896e-42,6.291797e6,9.881168725313447e-22,(pow3(v1)/((((-1.0399999999999998e-23*pow2(pow2(pow3(v1))))-v1)/v2)*(((pow2(v1)/v2)-v2)/9.12e-8)))
1797.706955909729,6.493073699879025e-15,24.0,0.0,10.0,-1.0,true,4.743384504624082e-20,3.83477360660115e-15,3.0,(6.41768493466684e-22+((-9.11577028258888e-8*pow2(v1))/(((pow2(((1.94991371199695e-24*(v1-v2))-v1))/v2)-v2)/v2))),-1.0,3.203832854919917e-40,2.4857654047604602e-15,3.203832854919917e-40,2597.0,8.232895549515782e-21,(6.42e-22+((-9.12e-8*pow2(v1))/(((pow2(((1.95e-24*(v1-v2))-v1))/v2)-v2)/v2)))
1800.1873908042908,5.5609484841879364e-14,24.0,0.0,0.0,-1.0,true,1.6093625997831706e-20,1.0933450504397648e-14,3.0,(5.5467466154281e-21+((-9.11577028258884e-8*pow2(((2.3480331940421697e-23*pow3(exp(v1)))-v1)))/(((pow2(v1)/v2)-v2)/v2))),-1.0,3.9190282307587877e-41,1.3074230450718034e-14,3.9190282307587877e-41,1.2058649e7,4.9514369722934195e-21,(5.550000000000001e-21+((-9.12e-8*pow2(((2.3499999999999997e-23*pow3(exp(v1)))-v1)))/(((pow2(v1)/v2)-v2)/v2)))
1716.9154229164124,4.5733823451321734e-15,25.0,0.0,333.0,-1.0,true,4.870439446712227e-21,2.5552125687614938e-15,3.0,((pow2(v1)*(-9.11577028258885e-8-(pow2(v1)*(5.96274819372672e-23-(1.0352014453779999e-23*v1)))))/(((pow2(v1)/v2)-v2)/v2)),-1.0,2.7772264199530333e-42,1.4391288055008083e-15,2.7772264199530333e-42,1680.0,1.0969076666943189e-21,((pow2(v1)*(-9.12e-8-(pow2(v1)*(5.96e-23-(1.0399999999999998e-23*v1)))))/(((pow2(v1)/v2)-v2)/v2))
1800.0077888965607,5.226722680151045e-15,25.0,0.0,0.0,-1.0,true,3.049318610115481e-20,2.4652116042435966e-15,2.0,((pow2(v1)*(-9.11577028258887e-8-(-2.4046973151737597e-23*pow2(exp(pow2(pow2((v1/v2))))))))/(((pow2(v1)/v2)-v2)/v2)),-1.0,1.3947315593314516e-40,1.7177670508567046e-15,1.3947315593314516e-40,1.7976931348623157e308,6.265926227313687e-21,((pow2(v1)*(-9.12e-8-(-2.3999999999999997e-23*pow2(exp(pow2(pow2((v1/v2))))))))/(((pow2(v1)/v2)-v2)/v2))
1800.0095329284668,0.8857592469134167,25.0,0.0,0.0,-0.9719657789163324,true,1.4319447227332155e-6,0.5611061364267345,2.0,((pow2(v1)*(-2.00036705385926e-7-(3.4109332414709396e-12*pow2(pow3(v1)))))/(((((pow2(v1)/v2)-v2)/v2)-v2)/v2)),-0.9784417961107827,3.6133818650987326e-13,0.3458403894203657,3.6133818650987326e-13,3724.0,4.3627933740941154e-7,((pow2(v1)*(-2.0e-7-(3.41e-12*pow2(pow3(v1)))))/(((((pow2(v1)/v2)-v2)/v2)-v2)/v2))
1800.0104279518127,0.7767528602078764,25.0,0.0,0.0,-1.0,true,1.263995884407771e-6,0.2584045709146749,2.0,(((pow2(v1)/v2)*(-8.64045836982791e-8-(5.60502912830213e-8*pow2(v1))))/(((v1*(v1/(v2*v1)))-v2)/v2)),-0.9957395269727723,7.141001194921688e-14,0.22503471990682583,7.141001194921688e-14,2806.0,1.8860344067971805e-7,(((pow2(v1)/v2)*(-8.64e-8-(5.61e-8*pow2(v1))))/(((v1*(v1/(v2*v1)))-v2)/v2))
1800.0282528400421,1.0524557233501465e-14,25.0,0.0,0.0,-1.0,true,2.0328790734103208e-20,5.475614236348739e-15,2.0,((pow2(v1)*(-9.11577028258886e-8-(-1.6564442937050697e-23*pow2(((pow2(v1)/v2)-v2)))))/(((pow2(v1)/v2)-v2)/v2)),-1.0,1.137799141872257e-40,4.4837942245447936e-15,1.137799141872257e-40,188624.0,8.23739541204807e-21,((pow2(v1)*(-9.12e-8-(-1.66e-23*pow2(((pow2(v1)/v2)-v2)))))/(((pow2(v1)/v2)-v2)/v2))
1533.6762909889221,4.452393394202742e-15,25.0,0.0,1061.0,-1.0,true,4.870439446712227e-21,1.1292302086746119e-15,2.0,(pow3(v1)/((((-1.09363353608927e-23*pow2(pow3((v1*v1))))-v1)/v2)*(((pow2(v1)/v2)-v2)/9.11577028258888e-8))),-1.0,3.3231968243771075e-42,9.165017066940493e-16,3.3231968243771075e-42,4.12316860757e11,1.2252860977625488e-21,(pow3(v1)/((((-1.0899999999999999e-23*pow2(pow3((v1*v1))))-v1)/v2)*(((pow2(v1)/v2)-v2)/9.12e-8)))
1679.2194600105286,5.5049972672887385e-15,25.0,0.0,485.0,-1.0,true,4.235164736271502e-21,2.177801116729606e-15,3.0,(5.477156937324169e-22+((-9.11577028258888e-8*pow2(((5.5043934518486505e-24*pow2(pow2(pow3(v1))))-v1)))/(((pow2(v1)/v2)-v2)/v2))),-1.0,3.147939928690164e-42,1.6768769007129984e-15,3.147939928690164e-42,1.7976931348623157e308,1.2022573895090726e-21,(5.48e-22+((-9.12e-8*pow2(((5.5e-24*pow2(pow2(pow3(v1))))-v1)))/(((pow2(v1)/v2)-v2)/v2)))
1799.6960089206696,5.226722680151045e-15,25.0,0.0,2.0,-1.0,true,3.049318610115481e-20,2.4652116042435966e-15,3.0,((9.11577028258887e-8*pow3(v1))/(v1+(pow2((v1/v2))*((1.71469032824522e-17*exp(((v1-v2)/9.11577020966271e-8)))-v1)))),-1.0,1.3687397148957692e-40,1.6435225679542851e-15,1.3687397148957692e-40,5616.0,5.828645468293654e-21,((9.12e-8*pow3(v1))/(v1+(pow2((v1/v2))*((1.71e-17*exp(((v1-v2)/9.12e-8)))-v1))))
1457.1479399204254,6.493073699879025e-15,25.0,0.0,1361.0,-1.0,true,4.235164736271502e-21,2.831141451748488e-15,3.0,(6.41768493466684e-22+((-9.11577028258888e-8*pow2(v1))/(((pow2(((1.94991371199695e-24*pow2(pow2(pow3(v1))))-v1))/v2)-v2)/v2))),-1.0,3.091646266132075e-42,1.900730657722617e-15,3.091646266132075e-42,1.7976931348623157e308,1.2533440641403476e-21,(6.42e-22+((-9.12e-8*pow2(v1))/(((pow2(((1.95e-24*pow2(pow2(pow3(v1))))-v1))/v2)-v2)/v2)))
1720.8366940021515,4.635440623364028e-15,26.0,0.0,317.0,-1.0,true,4.658681209898652e-21,1.0221146574517636e-15,3.0,((pow2(v1)*(-9.11577028258887e-8-(v2*(2.0173658698233398e-23-(1.31598426511657e-27*pow2(pow3(v1)))))))/(((pow2(v1)/v2)-v2)/v2)),-1.0,2.7630382730017445e-42,9.886100020944258e-16,2.7630382730017445e-42,3520.0,1.0217334926254998e-21,((pow2(v1)*(-9.12e-8-(v2*(2.0199999999999997e-23-(1.32e-27*pow2(pow3(v1)))))))/(((pow2(v1)/v2)-v2)/v2))
1756.68332695961,4.214036930330935e-15,26.0,0.0,174.0,-1.0,true,4.235164736271502e-21,9.566917341083772e-16,3.0,((pow2(v1)*(-9.11577028258887e-8-(pow2(v1)*(1.6474316090464699e-23-(6.786694271814289e-25*pow2(v1))))))/(((pow2(v1)/v2)-v2)/v2)),-1.0,2.8757832441951585e-42,1.0315930141729834e-15,2.8757832441951585e-42,2416.0,1.0733495628488086e-21,((pow2(v1)*(-9.12e-8-(pow2(v1)*(1.6499999999999998e-23-(6.79e-25*pow2(v1))))))/(((pow2(v1)/v2)-v2)/v2))
1799.9008519649506,0.3792832312246602,26.0,0.0,1.0,-1.0,true,3.206963589156484e-7,0.22410403903082202,3.0,(pow3(v1)/((((-5.1385654758040096e-11*pow2(pow3((v1*(3.4592671930575803e-15*exp(v1))))))-v1)/v2)*((v1-v2)/4.95102254036848e-8))),-0.9984175929500984,2.6522807589638712e-14,0.14555249369712253,2.6522807589638712e-14,1.7976931348623157e308,1.3193864465820962e-7,(pow3(v1)/((((-5.14e-11*pow2(pow3((v1*(3.46e-15*exp(v1))))))-v1)/v2)*((v1-v2)/4.95e-8)))
1179.0425338745117,4.645975715689818e-15,26.0,0.0,2476.0,-1.0,true,5.082197683525802e-21,1.1292302086746119e-15,2.0,(pow3(v1)/((exp(log(v1))/v2)*(((pow2(((2.1684613205906402e-24*pow2(pow2(pow3(v1))))-v1))/v2)-v2)/-9.11577028258888e-8))),-1.0,2.994059841076495e-42,8.868372571002926e-16,2.994059841076495e-42,1.7976931348623157e308,1.0431740141028742e-21,(pow3(v1)/((exp(log(v1))/v2)*(((pow2(((2.1699999999999997e-24*pow2(pow2(pow3(v1))))-v1))/v2)-v2)/-9.12e-8)))
1800.1447868347168,0.5133277512471885,26.0,0.0,0.0,-1.0,true,3.834077526929015e-7,0.30502414419653334,2.0,((1.40766591292115e-7*pow3(v1))/(v1+((pow2((v1*(v1/v2)))/v2)*(((-0.00142057864718265*exp(v1))-v1)/v2)))),-0.9977293339899835,3.805875213191283e-14,0.18568794978432976,3.805875213191283e-14,307291.0,1.5456516651142388e-7,((1.41e-7*pow3(v1))/(v1+((pow2((v1*(v1/v2)))/v2)*(((-0.00142*exp(v1))-v1)/v2))))
1179.0425338745117,4.645975715689818e-15,26.0,0.0,2476.0,-1.0,true,5.082197683525802e-21,1.1292302086746119e-15,2.0,(pow3(v1)/((exp(log(v1))/v2)*(((pow2(((2.1684613205906402e-24*pow2(pow2(pow3(v1))))-v1))/v2)-v2)/-9.11577028258888e-8))),-1.0,2.994059841076495e-42,8.868372571002926e-16,2.994059841076495e-42,1.7976931348623157e308,1.0431740141028742e-21,(pow3(v1)/((exp(log(v1))/v2)*(((pow2(((2.1699999999999997e-24*pow2(pow2(pow3(v1))))-v1))/v2)-v2)/-9.12e-8)))
1800.2010250091553,1.301718726015254,26.0,0.0,0.0,-1.0,true,1.3898724019752553e-6,0.9283291725287016,2.0,((2.14189067300177e-7*pow3(v1))/(v1+(pow2(((pow2((v1/v2))*(-0.000363289944265076-v1))/v2))*((v1/v2)-v1)))),-0.9694622180854015,5.118453649366483e-13,0.5757800071935736,5.118453649366483e-13,1.7575884859082706e60,5.734793570543202e-7,((2.14e-7*pow3(v1))/(v1+(pow2(((pow2((v1/v2))*(-0.000363-v1))/v2))*((v1/v2)-v1))))
1663.1922969818115,4.06522875122859e-15,27.0,0.0,549.0,-1.0,true,4.446922973085077e-21,9.8533401636922e-16,3.0,((pow2(v1)*(-9.11577028258887e-8-(v1*(pow2(v1)*((-1.24342131364146e-24*v1)--6.03959613778307e-24)))))/(((pow2(v1)/v2)-v2)/v2)),-1.0,2.8074559310746804e-42,1.0062052853088965e-15,2.8074559310746804e-42,3336.0,1.0129984653569399e-21,((pow2(v1)*(-9.12e-8-(v1*(pow2(v1)*((-1.24e-24*v1)--6.04e-24)))))/(((pow2(v1)/v2)-v2)/v2))
1724.8277900218964,4.06522875122859e-15,27.0,0.0,301.0,-1.0,true,4.446922973085077e-21,9.8533401636922e-16,3.0,((pow2(v1)*(-9.11577028258888e-8-(v1*(pow2(v1)*(5.23933537835091e-24-(1.11793091181492e-24*v1))))))/(((pow2(v1)/v2)-v2)/v2)),-1.0,2.808135560829878e-42,9.936960812920268e-16,2.808135560829878e-42,3336.0,1.0161748389091435e-21,((pow2(v1)*(-9.12e-8-(v1*(pow2(v1)*(5.24e-24-(1.12e-24*v1))))))/(((pow2(v1)/v2)-v2)/v2))
1799.1523818969727,4.258811072715666e-15,27.0,0.0,4.0,-1.0,true,5.082197683525802e-20,2.395581228402567e-15,3.0,(pow3(v1)/((v1/v2)*(((pow2(((1.5937216842279e-17*exp((v1*(7.83002846438563e-5-v1))))-v1))/v2)-v2)/-9.11577028258888e-8))),-1.0,3.6704528070162105e-40,1.5397097352534213e-15,3.6704528070162105e-40,1.088903574147003e41,8.572502821805554e-21,(pow3(v1)/((v1/v2)*(((pow2(((1.59e-17*exp((v1*(7.83e-5-v1))))-v1))/v2)-v2)/-9.12e-8)))
895.9569458961487,4.214036930330935e-15,27.0,0.0,3632.0,-1.0,true,4.235164736271502e-21,1.1495563524307567e-15,2.0,(pow3(exp(log(v1)))/((((-8.16702689893259e-27*pow2(pow2(pow2(pow2(v1)))))-v1)/v2)*(((pow2(v1)/v2)-v2)/9.11577028258888e-8))),-1.0,3.028139419728874e-42,9.18428311703135e-16,3.028139419728874e-42,1.7976931348623157e308,1.0092926962127023e-21,(pow3(exp(log(v1)))/((((-8.17e-27*pow2(pow2(pow2(pow2(v1)))))-v1)/v2)*(((pow2(v1)/v2)-v2)/9.12e-8)))
1800.1647329330444,0.25888439303850097,27.0,0.0,0.0,-1.0,true,1.620139713778532e-7,0.14946858206496907,3.0,(-0.00178900704609685*(pow2((0.0080555183834828*v1))/(((v1*((0.43304231327146*(v1*exp(pow2((v1/v2)))))/v2))-v2)/v2))),-0.9995458617341527,7.61183530173658e-15,0.0872447168160071,7.61183530173658e-15,5.49755814106e11,6.996390918773778e-8,(-0.00179*(pow2((0.00806*v1))/(((v1*((0.433*(v1*exp(pow2((v1/v2)))))/v2))-v2)/v2)))
1799.9351499080658,0.05484648977294327,27.0,0.0,1.0,-1.0,true,2.577176446389806e-7,0.04543338587562337,3.0,((9.62458351283692e-8*pow3(v1))/(v1+(pow2((((0.0223261062835305*v1)-v1)/v2))*((-6.357844518751549e-11*pow2(pow2(pow3(v1))))-v1)))),-0.9996300686952893,6.200438007930916e-15,0.031008413306517112,6.200438007930916e-15,6.71119376e8,5.3129401111519786e-8,((9.62e-8*pow3(v1))/(v1+(pow2((((0.0223*v1)-v1)/v2))*((-6.36e-11*pow2(pow2(pow3(v1))))-v1))))
1799.7437989711761,5.535903349509914e-6,28.0,0.0,1.0,-1.0,true,4.4582606234335235e-11,4.708058833279879e-6,4.0,(((pow2(v1)*((v1*(4.27388087181296e-9*v1))--0.0774394870298862))*(-3.0132703108732e-11-(1.17713666889263e-6*v2)))/((v1*(v1/v2))-v2)),-0.9999999999779846,3.690013550055607e-22,3.8558033772862415e-6,3.690013550055607e-22,1730.0,1.2379799449656567e-11,(((pow2(v1)*((v1*(4.27e-9*v1))--0.0774))*(-3.01e-11-(1.18e-6*v2)))/((v1*(v1/v2))-v2))
1799.5511889457703,6.1946342875864235e-15,28.0,0.0,2.0,-1.0,true,2.879912020664621e-20,3.0666995317212913e-15,2.0,((pow2(v1)*(-9.11577028258886e-8-(v2*(-1.62480403479306e-26*pow2(pow2(((pow2(v1)/v2)-v2)))))))/(((pow2(v1)/v2)-v2)/v2)),-1.0,1.3168523652938268e-40,2.4282593070004576e-15,1.3168523652938268e-40,1.7976931348623157e308,6.7725578088901655e-21,((pow2(v1)*(-9.12e-8-(v2*(-1.62e-26*pow2(pow2(((pow2(v1)/v2)-v2)))))))/(((pow2(v1)/v2)-v2)/v2))
1798.8302488327026,0.9823177977146056,28.0,0.0,5.0,-1.0,true,1.171275475165147e-6,0.7404343995967403,4.0,((pow3((0.0140346705986998*v1))*(0.00346957494001727-(0.0284535682474204*(v1/v2))))/(((pow2(pow2((-0.00720758739539612*v1)))/v2)-v2)/v2)),-0.993541004335884,1.0825956521888845e-13,0.3503065795527845,1.0825956521888845e-13,58768.0,2.4914820340113535e-7,((pow3((0.014*v1))*(0.00347-(0.0285*(v1/v2))))/(((pow2(pow2((-0.00721*v1)))/v2)-v2)/v2))
1767.6731669902802,4.214036930330935e-15,28.0,0.0,130.0,-1.0,true,4.235164736271502e-21,9.679116074353817e-16,2.0,((pow2(v1)*(-9.11577028258888e-8-(-1.83952740538368e-27*(v1*(pow2(v1)*pow2((pow3(v1)/v2)))))))/(((pow2(v1)/v2)-v2)/v2)),-1.0,2.8601832890410625e-42,8.758163324074277e-16,2.8601832890410625e-42,377316.0,1.037615360386518e-21,((pow2(v1)*(-9.12e-8-(-1.8400000000000002e-27*(v1*(pow2(v1)*pow2((pow3(v1)/v2)))))))/(((pow2(v1)/v2)-v2)/v2))
1798.6672568321228,6.110353548979855e-15,28.0,0.0,6.0,-1.0,true,7.115076756936123e-20,3.158631381129542e-15,2.0,((9.1157702825889e-8*pow3(v1))/(v1+((v1*(v1/v2))*(((4.72406679931718e-25*pow2(pow2(exp(pow2((v1/v2))))))-v1)/v2)))),-1.0,7.628657734493975e-40,2.7130499804303135e-15,7.628657734493975e-40,1.7976931348623157e308,1.409330475333147e-20,((9.12e-8*pow3(v1))/(v1+((v1*(v1/v2))*(((4.7199999999999995e-25*pow2(pow2(exp(pow2((v1/v2))))))-v1)/v2))))
1799.9440560340881,0.6506319844004285,28.0,0.0,1.0,-1.0,true,1.8833186361396106e-7,0.03713133596948163,2.0,(pow3(v1)/((((v1/v2)-v1)/v2)*(((pow2(((-1.8471231490701797e-11*pow2(pow2(pow3(v1))))-v1))/v2)-v2)/7.52339099535144e-8))),-0.9997066814986814,4.916326790530158e-15,0.08812704661252134,4.916326790530158e-15,1.7976931348623157e308,4.789077171936377e-8,(pow3(v1)/((((v1/v2)-v1)/v2)*(((pow2(((-1.85e-11*pow2(pow2(pow3(v1))))-v1))/v2)-v2)/7.52e-8)))
1704.8583188056946,4.06522875122859e-15,29.0,0.0,381.0,-1.0,true,4.446922973085077e-21,9.8533401636922e-16,3.0,((pow2(v1)*(-9.11577028258888e-8-(v1*(pow2(v1)*((v1*(-1.0875366484313798e-25*v1))--2.40679451723516e-24)))))/(((pow2(v1)/v2)-v2)/v2)),-1.0,2.8064855318881356e-42,9.569129710472184e-16,2.8064855318881356e-42,6280.0,1.012204371968889e-21,((pow2(v1)*(-9.12e-8-(v1*(pow2(v1)*((v1*(-1.09e-25*v1))--2.4099999999999998e-24)))))/(((pow2(v1)/v2)-v2)/v2))
1800.0115838050842,6.968963573534726e-15,29.0,0.0,0.0,-1.0,true,3.7269449679189215e-20,3.94726452407242e-15,2.0,((pow2(v1)*(-9.11577028258888e-8-(-3.66038707404682e-22*pow2((((v1*(v1/v2))-v2)/v2)))))/(((v1*(v1/v2))-v2)/v2)),-1.0,2.05289338702307e-40,2.7204748830464074e-15,2.05289338702307e-40,1.4495514868e10,7.357804635883684e-21,((pow2(v1)*(-9.12e-8-(-3.66e-22*pow2((((v1*(v1/v2))-v2)/v2)))))/(((v1*(v1/v2))-v2)/v2))
1800.148069858551,11.411552014648539,29.0,0.0,0.0,-0.9990333027212528,true,1.6776490954574348e-6,1.9655130616264624,3.0,(1.15254939191189e-6+((-4.75655510068163e-5*(v1*((-4.28988932160518e-5*pow2(v1))/((v1-v2)/v2))))/(((v1*(v1/v2))-v2)/v2))),-0.9586370538310894,6.932865109813353e-13,2.5805005096220497,6.932865109813353e-13,2540.0,7.51386582348829e-7,(1.15e-6+((-4.76e-5*(v1*((-4.29e-5*pow2(v1))/((v1-v2)/v2))))/(((v1*(v1/v2))-v2)/v2)))
1797.5430688858032,2.9558361214035264e-12,30.0,0.0,10.0,-1.0,true,1.1709383462843448e-17,1.3254897604989912e-12,4.0,((pow2(v1)*(-9.11577028257265e-8-(-6.26392081106963e-20*((pow2((-0.233717323840177-(-1.1002278500697*v1)))/v2)-v2))))/(((pow2(v1)/v2)-v2)/v2)),-1.0,2.3412045475924326e-35,1.0990442486689149e-12,2.3412045475924326e-35,3428.0,2.935502263597329e-18,((pow2(v1)*(-9.12e-8-(-6.26e-20*((pow2((-0.234-(-1.1*v1)))/v2)-v2))))/(((pow2(v1)/v2)-v2)/v2))
1800.0318069458008,0.9018642476733988,30.0,0.0,0.0,-1.0,true,5.622137174564349e-7,0.6638429404191429,5.0,(((pow2((-0.0037849557040379*pow2(v1)))*((-0.0091493281671504*v1)--0.0728443590985489))*(-0.0102779290546835-(0.00833550253144565*v2)))/((v1*(v1/v2))-v2)),-0.9957217883487667,7.170732995689256e-14,0.36108316873373897,7.170732995689256e-14,6722.0,2.2676899401471584e-7,(((pow2((-0.00378*pow2(v1)))*((-0.00915*v1)--0.0728))*(-0.0103-(0.00834*v2)))/((v1*(v1/v2))-v2))
1800.196739912033,1.064222280243162,30.0,0.0,0.0,-1.0,true,2.2525413226807602e-7,0.42698561855533607,3.0,(-1.17175691163781e-7*((((0.566086749752016*pow2(v1))/(((pow2(((0.22822288305128*(v1-v2))-v1))/v2)-v2)/v2))/(v2/v2))-v1)),-0.9982122736273958,2.9964175530215066e-14,0.31466005930397756,2.9964175530215066e-14,12984.0,1.631511656492905e-7,(-1.17e-7*((((0.566*pow2(v1))/(((pow2(((0.228*(v1-v2))-v1))/v2)-v2)/v2))/(v2/v2))-v1))
