time,generation,mean age hall_of_fame,mean compl,mean recursive_compl,mean n_params,min mae,min mse,min max_ae,min minus_r2,min mare,min q75_are,min max_are,min ms_processed_e,min minus_spearman,max penalty
10.657591104507446,1.0,0.0,4.571428571428571,6.136136045714285e8,0.14285714285714285,0.09222077669427496,0.02277078623419629,0.4059111728681062,-0.9998341999601451,0.04137016441763607,0.048168980936298844,0.12433486513752495,0.02277078623419629,-1.0,6.0
16.69858694076538,10.0,3.2,8.2,4.537098225612513e37,1.4666666666666666,0.09222077669340113,0.01651200069099216,0.23140621165800468,-0.9998797718118078,0.04137016441755701,0.0481689809361111,0.09439295460635082,0.01651200069099216,-1.0,3.5
21.801887035369873,26.0,9.285714285714286,11.571428571428571,3170.5714285714284,2.0952380952380953,0.08151388677164208,0.014513858968743912,0.24445177069928903,-0.9998943208033875,0.024725733574334312,0.04010570377657255,0.047297775833505445,0.014513858968743912,-1.0,5.0
27.94315195083618,43.0,17.38095238095238,10.238095238095237,2.109167356190476e8,2.0952380952380953,0.043636125971287576,0.004500287963731021,0.14910969503388305,-0.9999672322283442,0.02497813695367546,0.027478515209129604,0.08209403152482188,0.004500287963731021,-1.0,3.5
33.00240993499756,60.0,22.565217391304348,11.26086956521739,1.867634017826087e8,2.391304347826087,0.035468749731640006,0.0022066722372440905,0.09780920450548258,-0.9999839326432949,0.02335124169196581,0.03452939059784873,0.04800509464697822,0.0022066722372440905,-1.0,5.0
38.175188064575195,76.0,33.52,12.2,9.263367138985296e75,2.64,0.03492822298735017,0.002122757428311478,0.09780920450548258,-0.9999845436489282,0.021876457295476763,0.032992877045666266,0.048492771683843874,0.002122757428311478,-1.0,3.5
43.22432208061218,92.0,44.95454545454545,10.272727272727273,2.0133035127272728e8,2.227272727272727,0.03544522044577638,0.0019529262019792111,0.08026246180745544,-0.9999857802344289,0.021876457295476763,0.034681656630256213,0.048492771683843874,0.0019529262019792111,-1.0,3.5
48.45809006690979,104.0,48.17391304347826,10.73913043478261,7.816057108097024e306,2.3043478260869565,0.028285935979718492,0.0011249230824829542,0.0597490030154848,-0.9999918091413273,0.021876457295476763,0.034681656630256213,0.048492771683843874,0.0011249230824829542,-1.0,3.5
53.686203956604004,120.0,57.28,11.88,1.7717076452e8,2.56,0.028285935979718492,0.0011249230824829542,0.0597490030154848,-0.9999918091413273,0.02179745830507377,0.029278932309430968,0.04845765305037851,0.0011249230824829542,-1.0,3.5
58.827357053756714,136.0,56.62068965517241,13.413793103448276,6.198941844352813e306,2.896551724137931,0.017709393404007005,0.0005611493974419528,0.045748459965513355,-0.9999959141247252,0.018798105653197224,0.028923566076864943,0.060639466190194606,0.0005611493974419528,-1.0,3.5
64.12143206596375,153.0,67.36666666666666,13.866666666666667,5.992310449541053e306,3.0,0.017709393404007005,0.0005611493974419528,0.045748459965513355,-0.9999959141247252,0.018785215914424027,0.028975912194171723,0.06058298650267533,0.0005611493974419528,-1.0,3.5
69.23381304740906,169.0,69.51612903225806,14.161290322580646,Inf,3.0,0.017709393404007005,0.0005611493974419528,0.045748459965513355,-0.9999959141247252,0.01825595035868335,0.01694343354857157,0.05839775189895757,0.0005611493974419528,-1.0,3.5
74.32601308822632,185.0,71.0,12.964285714285714,Inf,2.7142857142857144,0.017709393404007005,0.0005611493974419528,0.045748459965513355,-0.9999959141247252,0.01825595035868335,0.01694343197180722,0.05839775189895757,0.0005611493974419528,-1.0,3.5
79.38581800460815,201.0,76.71428571428571,13.714285714285714,6.420332624508271e306,2.892857142857143,0.017709393404007005,0.0005611493974419528,0.044110703039921595,-0.9999959141247252,0.01825595035868335,0.016943431669378728,0.05839775189895757,0.0005611493974419528,-1.0,3.5
84.42670011520386,217.0,83.10714285714286,13.714285714285714,6.420332624508271e306,2.892857142857143,0.017709393404007005,0.0005611493974419528,0.044110703039921595,-0.9999959141247252,0.01825595035868335,0.016943122208488082,0.05839775189895757,0.0005611493974419528,-1.0,3.5
89.67616891860962,234.0,95.3103448275862,14.0,6.198941844352813e306,2.9655172413793105,0.017709393404007005,0.0005611493974419528,0.044110703039921595,-0.9999959141247252,0.01825595035868335,0.016943122208488082,0.05839775189895757,0.0005611493974419528,-1.0,3.5
94.97611689567566,251.0,98.45833333333333,12.666666666666666,Inf,2.625,0.017709393404007005,0.0005611493974419528,0.044110703039921595,-0.9999959141247252,0.01825595035868335,0.018916359528231085,0.05839775189895757,0.0005611493974419528,-1.0,3.5
99.98231792449951,267.0,89.3913043478261,12.91304347826087,Inf,2.6956521739130435,0.018178778614735464,0.0005338556052266028,0.04117668667026031,-0.9999961128579526,0.01624687548853332,0.018916359528231303,0.06046414455029358,0.0005338556052266028,-1.0,3.5
105.17082595825195,284.0,96.54166666666667,13.125,Inf,2.7083333333333335,0.013698789288186835,0.0004566615672621635,0.03923092591106325,-0.9999966749278978,0.018781779874735442,0.028934360810761846,0.06046414455029358,0.0004566615672621635,-1.0,3.5
110.32679390907288,301.0,122.38888888888889,10.0,9.987184082568421e306,2.0555555555555554,0.01608724094529156,0.00044608736820454353,0.03859620915237649,-0.999996751921402,0.014561615758288422,0.027624714590828676,0.04596359692122929,0.00044608736820454353,-1.0,3.5
115.32947897911072,318.0,120.33333333333333,10.0,9.987184082568421e306,2.0555555555555554,0.01608724094529156,0.00044608736820454353,0.03859620915237649,-0.999996751921402,0.014561615758288422,0.027624714590828676,0.04596359692122929,0.00044608736820454353,-1.0,3.5
120.48859310150146,335.0,128.8421052631579,9.842105263157896,9.46154281506482e306,2.0,0.01608724094529156,0.00044608736820454353,0.03859620915237649,-0.999996751921402,0.014561615758288422,0.027624714590828676,0.04596359692122929,0.00044608736820454353,-1.0,3.5
125.53104305267334,352.0,129.33333333333334,10.714285714285714,1.6203922234330402e37,2.1904761904761907,0.01608724094529156,0.00044608736820454353,0.03859620915237649,-0.999996751921402,0.014561615758288422,0.027624714590828676,0.04596359692122929,0.00044608736820454353,-1.0,3.5
130.5695240497589,369.0,133.6086956521739,12.08695652173913,1.4794885518301672e37,2.4782608695652173,0.01356135002933061,0.0002991659855273752,0.029810749140113835,-0.9999978216943494,0.013830269927620098,0.027624714590828676,0.04596359692122929,0.0002991659855273752,-1.0,3.5
135.60107898712158,386.0,135.96,12.88,Inf,2.64,0.01356135002933061,0.0002991659855273752,0.029810749140113835,-0.9999978216943494,0.013830269927620098,0.02279940230365448,0.04596359692122929,0.0002991659855273752,-1.0,3.5
140.69630908966064,403.0,141.2,12.88,Inf,2.64,0.01356135002933061,0.0002991659855273752,0.029810749140113835,-0.9999978216943494,0.013830269927620098,0.02279940230108962,0.04596359692122929,0.0002991659855273752,-1.0,3.5
145.7269070148468,421.0,133.39285714285714,13.928571428571429,Inf,2.8214285714285716,0.013483617655440705,0.0002924022582851105,0.028645147449123054,-0.9999978709428133,0.013830269927620098,0.022799402299992264,0.04596359692122929,0.0002924022582851105,-1.0,3.5
150.72745609283447,438.0,142.27586206896552,14.241379310344827,Inf,2.896551724137931,0.013483617655440705,0.0002924022582851105,0.028645147449123054,-0.9999978709428133,0.013830269927620098,0.022799402295830544,0.04596359692122929,0.0002924022582851105,-1.0,3.5
155.73253989219666,455.0,154.75862068965517,14.241379310344827,Inf,2.896551724137931,0.013483617655440705,0.0002924022582851105,0.028645147449123054,-0.9999978709428133,0.013830269927620098,0.022799402295830544,0.04596359692122929,0.0002924022582851105,-1.0,3.5
160.86822891235352,473.0,162.67857142857142,14.035714285714286,Inf,2.857142857142857,0.013483617655440705,0.0002924022582851105,0.028645147449123054,-0.9999978709428133,0.013830269927620098,0.022799402295830544,0.04596359692122929,0.0002924022582851105,-1.0,3.5
166.03642797470093,491.0,157.17241379310346,14.10344827586207,Inf,2.8620689655172415,0.00954866787616111,0.00028472036240229174,0.034661179402593945,-0.999997926876703,0.009816319382620465,0.01557853076048888,0.03841527528420313,0.00028472036240229174,-1.0,3.5
171.20384407043457,509.0,157.93103448275863,14.137931034482758,Inf,2.8275862068965516,0.00954866787616111,0.00028472036240229174,0.034661179402593945,-0.999997926876703,0.009816319382620465,0.01557853076048888,0.03841527528420313,0.00028472036240229174,-1.0,3.5
176.46891689300537,527.0,154.96666666666667,15.0,Inf,3.033333333333333,0.00954866787616111,0.00028472036240229174,0.03016650020333933,-0.999997926876703,0.009816319382620465,0.01557853076048888,0.03841527528420313,0.00028472036240229174,-1.0,3.5
181.72279906272888,545.0,158.76666666666668,15.333333333333334,Inf,3.1666666666666665,0.00954866787616111,0.0002809706536927053,0.03016650020333933,-0.9999979541793111,0.009816319382620465,0.01557853076048888,0.03841527528420313,0.0002809706536927053,-1.0,3.5
186.86411809921265,563.0,175.58620689655172,15.068965517241379,Inf,3.1379310344827585,0.00954866787616111,0.0002809685442233841,0.03016614641615456,-0.9999979541946707,0.009816319382620465,0.01557853076048888,0.03841527528420313,0.0002809685442233841,-1.0,3.5
192.0207359790802,581.0,202.45833333333334,12.458333333333334,Inf,2.5833333333333335,0.005235964366721374,7.863916415473636e-5,0.02190364792319288,-0.9999994274077136,0.006257360326256678,0.00917964834532232,0.026084697600001698,7.863916415473636e-5,-1.0,3.5
197.2893419265747,599.0,203.84,13.04,Inf,2.68,0.005235964366721374,7.863916415473636e-5,0.02190364792319288,-0.9999994274077136,0.006257360326256678,0.00917964834532232,0.026084697600001698,7.863916415473636e-5,-1.0,4.0
202.37682700157166,616.0,219.8,13.04,Inf,2.68,0.005235964366721374,7.863916415473636e-5,0.02190364792319288,-0.9999994274077136,0.006257360326256678,0.00917964834532232,0.026084697600001698,7.863916415473636e-5,-1.0,4.0
207.58947491645813,633.0,231.16,13.04,Inf,2.68,0.005235964366721374,7.863916415473636e-5,0.02190364792319288,-0.9999994274077136,0.006257360326256678,0.00917964834532232,0.026084697600001698,7.863916415473636e-5,-1.0,4.0
212.8568398952484,650.0,228.1851851851852,13.333333333333334,Inf,2.740740740740741,0.005235964366721374,7.863916415473636e-5,0.02190364792319288,-0.9999994274077136,0.006257360326256678,0.00917964834532232,0.026084697600001698,7.863916415473636e-5,-1.0,4.0
218.0038149356842,667.0,245.5,13.0,Inf,2.6923076923076925,0.005235964366721374,7.863916415473636e-5,0.02190364792319288,-0.9999994274077136,0.006257360326256678,0.00917964834532232,0.026084697600001698,7.863916415473636e-5,-1.0,4.0
223.26542806625366,684.0,257.4230769230769,13.0,Inf,2.6923076923076925,0.005235964366721374,7.863916415473636e-5,0.02190364792319288,-0.9999994274077136,0.006257360326256678,0.00917964834532232,0.026084697600001698,7.863916415473636e-5,-1.0,3.5
228.50620794296265,701.0,263.77777777777777,13.481481481481481,Inf,2.7777777777777777,0.005235964366721374,7.863916415473636e-5,0.02190364792319288,-0.9999994274077136,0.006257360326256678,0.00917964834532232,0.026084697600001698,7.863916415473636e-5,-1.0,4.0
233.72788310050964,718.0,260.0344827586207,14.275862068965518,Inf,2.9310344827586206,0.005235964366721374,7.863916415473636e-5,0.02190364792319288,-0.9999994274077136,0.006257360326256678,0.00917964834532232,0.026084697600001698,7.863916415473636e-5,-1.0,4.0
238.8732340335846,735.0,261.42857142857144,14.535714285714286,Inf,3.0,0.005235964366721374,7.863916415473636e-5,0.02190364792319288,-0.9999994274077136,0.006257360326256678,0.00917964834532232,0.026084697600001698,7.863916415473636e-5,-1.0,4.0
243.97979402542114,752.0,274.35714285714283,14.535714285714286,Inf,3.0,0.005235964366721374,7.863916415473636e-5,0.02190364792319288,-0.9999994274077136,0.006257360326256678,0.00917964834532232,0.026084697600001698,7.863916415473636e-5,-1.0,4.0
249.1630721092224,769.0,286.32142857142856,14.535714285714286,Inf,3.0,0.005235964366721374,7.863916415473636e-5,0.02190364792319288,-0.9999994274077136,0.006257360326256678,0.00917964834532232,0.026084697600001698,7.863916415473636e-5,-1.0,3.5
254.39531207084656,786.0,302.4642857142857,14.535714285714286,Inf,3.0,0.005235964366721374,7.863916415473636e-5,0.02190364792319288,-0.9999994274077136,0.006257360326256678,0.00917964834532232,0.026084697600001698,7.863916415473636e-5,-1.0,3.5
259.5630099773407,803.0,302.55172413793105,14.344827586206897,Inf,2.9655172413793105,0.005235964366721374,7.863916415473636e-5,0.02190364792319288,-0.9999994274077136,0.006257360326256678,0.00917964834532232,0.026084697600001698,7.863916415473636e-5,-1.0,3.5
264.8318569660187,820.0,308.3666666666667,14.733333333333333,Inf,3.033333333333333,0.005235964366721374,7.863916415473636e-5,0.02190364792319288,-0.9999994274077136,0.006257360326256678,0.00917964834532232,0.026084697600001698,7.863916415473636e-5,-1.0,3.5
270.04727005958557,837.0,308.03333333333336,14.733333333333333,Inf,3.033333333333333,0.005235964366721374,7.863916415473636e-5,0.02190364792319288,-0.9999994274077136,0.006257360326256678,0.00917964834532232,0.026084697600001698,7.863916415473636e-5,-1.0,3.5
275.275367975235,854.0,335.17857142857144,14.035714285714286,Inf,2.892857142857143,0.005235964366721374,7.863916415473636e-5,0.02190364792319288,-0.9999994274077136,0.006257360326256678,0.00917964834532232,0.026084697600001698,7.863916415473636e-5,-1.0,3.5
280.44117307662964,871.0,351.60714285714283,14.035714285714286,Inf,2.892857142857143,0.005235964366721374,7.863916415473636e-5,0.02190364792319288,-0.9999994274077136,0.006257360326256678,0.00917964834532232,0.026084697600001698,7.863916415473636e-5,-1.0,4.0
285.5570809841156,888.0,346.6551724137931,14.379310344827585,Inf,3.0,0.005235964366721374,7.863916415473636e-5,0.02190364792319288,-0.9999994274077136,0.006257360326256678,0.00917964834532232,0.026084697600001698,7.863916415473636e-5,-1.0,4.0
290.60922408103943,905.0,367.60714285714283,14.178571428571429,Inf,2.9642857142857144,0.005235964366721374,7.863916415473636e-5,0.02190364792319288,-0.9999994274077136,0.006257360326256678,0.00917964834532232,0.026084697600001698,7.863916415473636e-5,-1.0,3.5
295.65864610671997,922.0,380.57142857142856,14.178571428571429,Inf,2.9642857142857144,0.005235964366721374,7.863916415473636e-5,0.02190364792319288,-0.9999994274077136,0.006257360326256678,0.00917964834532232,0.026084697600001698,7.863916415473636e-5,-1.0,4.0
300.9407570362091,940.0,397.7142857142857,14.178571428571429,Inf,2.9642857142857144,0.005235964366721374,7.863916415473636e-5,0.02190364792319288,-0.9999994274077136,0.006257360326256678,0.00917964834532232,0.026084697600001698,7.863916415473636e-5,-1.0,3.5
306.0278859138489,957.0,420.81481481481484,13.851851851851851,Inf,2.888888888888889,0.005235964366721374,7.863916415473636e-5,0.02190364792319288,-0.9999994274077136,0.006257360326256678,0.00917964834532232,0.026084697600001698,7.863916415473636e-5,-1.0,3.5
311.2633430957794,975.0,438.81481481481484,13.851851851851851,Inf,2.888888888888889,0.005235964366721374,7.863916415473636e-5,0.02190364792319288,-0.9999994274077136,0.006257360326256678,0.00917964834532232,0.026084697600001698,7.863916415473636e-5,-1.0,3.5
316.5327339172363,993.0,449.9259259259259,13.851851851851851,Inf,2.888888888888889,0.005235964366721374,7.863916415473636e-5,0.02190364792319288,-0.9999994274077136,0.006257360326256678,0.00917964834532232,0.026084697600001698,7.863916415473636e-5,-1.0,3.5
321.8146069049835,1011.0,464.51851851851853,13.851851851851851,Inf,2.8518518518518516,0.005235964366721374,7.863916415473636e-5,0.02190364792319288,-0.9999994274077136,0.006257360326256678,0.00917964834532232,0.026084697600001698,7.863916415473636e-5,-1.0,3.5
326.96714901924133,1029.0,487.03846153846155,13.346153846153847,Inf,2.769230769230769,0.005235964366721374,7.863916415473636e-5,0.02190364792319288,-0.9999994274077136,0.006257360326256678,0.00917964834532232,0.026084697600001698,7.863916415473636e-5,-1.0,3.5
332.1191990375519,1047.0,477.34615384615387,13.346153846153847,Inf,2.769230769230769,0.005235964366721374,7.863916415473636e-5,0.02190364792319288,-0.9999994274077136,0.006257360326256678,0.00917964834532232,0.026084697600001698,7.863916415473636e-5,-1.0,3.5
337.35231494903564,1065.0,481.96153846153845,13.26923076923077,Inf,2.769230769230769,0.005235964366721374,7.863916415473636e-5,0.02190364792319288,-0.9999994274077136,0.006257360326256678,0.00917964834532232,0.026084697600001698,7.863916415473636e-5,-1.0,3.5
342.4123980998993,1083.0,464.5,13.26923076923077,Inf,2.769230769230769,0.005235964366721374,7.863916415473636e-5,0.02190364792319288,-0.9999994274077136,0.006257360326256678,0.00917964834532232,0.026084697600001698,7.863916415473636e-5,-1.0,4.0
347.53539204597473,1101.0,481.65384615384613,13.26923076923077,Inf,2.769230769230769,0.005235964366721374,7.863916415473636e-5,0.02190364792319288,-0.9999994274077136,0.006257360326256678,0.00917964834532232,0.026084697600001698,7.863916415473636e-5,-1.0,3.5
352.69394397735596,1119.0,477.9230769230769,13.26923076923077,Inf,2.769230769230769,0.0052359634083994026,7.863909436193678e-5,0.02190363135892104,-0.9999994274082219,0.0062573570130278755,0.009179633570080267,0.026084677873880115,7.863909436193678e-5,-1.0,4.0
357.9718189239502,1137.0,488.1923076923077,13.26923076923077,Inf,2.769230769230769,0.0052359634083994026,7.863909436193678e-5,0.02190363135892104,-0.9999994274082219,0.0062573570130278755,0.009179633570080267,0.026084677873880115,7.863909436193678e-5,-1.0,4.0
363.1324551105499,1155.0,484.61538461538464,13.26923076923077,Inf,2.769230769230769,0.0052359634083994026,7.863909436193678e-5,0.02190363135892104,-0.9999994274082219,0.0062573570130278755,0.009179633570080267,0.026084677873880115,7.863909436193678e-5,-1.0,4.0
368.27913904190063,1173.0,497.2307692307692,13.26923076923077,Inf,2.769230769230769,0.0052359634083994026,7.863909436193678e-5,0.02190363135892104,-0.9999994274082219,0.0062573570130278755,0.009179633570080267,0.026084677873880115,7.863909436193678e-5,-1.0,4.0
373.38529896736145,1191.0,470.6923076923077,13.26923076923077,Inf,2.769230769230769,0.0052359634083994026,7.863909436193678e-5,0.02190363135892104,-0.9999994274082219,0.0062573570130278755,0.009179633570080267,0.026084677873880115,7.863909436193678e-5,-1.0,3.5
378.45202898979187,1209.0,482.0769230769231,13.26923076923077,Inf,2.769230769230769,0.0052359634083994026,7.863909436193678e-5,0.02190363135892104,-0.9999994274082219,0.0062573570130278755,0.009179633570080267,0.026084677873880115,7.863909436193678e-5,-1.0,3.5
383.906152009964,1224.0,496.7692307692308,13.26923076923077,Inf,2.769230769230769,0.0052359634083994026,7.863909436193678e-5,0.02190363135892104,-0.9999994274082219,0.0062573570130278755,0.009179633570080267,0.026084677873880115,7.863909436193678e-5,-1.0,3.5
388.91536712646484,1241.0,495.0740740740741,13.74074074074074,Inf,2.888888888888889,0.0052359634083994026,7.863909436193678e-5,0.02190363135892104,-0.9999994274082219,0.0062573570130278755,0.009179633570080267,0.026084677873880115,7.863909436193678e-5,-1.0,3.5
394.12471199035645,1259.0,513.074074074074,13.74074074074074,Inf,2.888888888888889,0.0052359634083994026,7.863909436193678e-5,0.02190363135892104,-0.9999994274082219,0.0062573570130278755,0.009179633570080267,0.026084677873880115,7.863909436193678e-5,-1.0,3.5
399.2729470729828,1277.0,522.8148148148148,13.74074074074074,Inf,2.888888888888889,0.0052359634083994026,7.863909436193678e-5,0.02190363135892104,-0.9999994274082219,0.0062573570130278755,0.009179633570080267,0.026084677873880115,7.863909436193678e-5,-1.0,3.5
404.45296812057495,1295.0,521.9642857142857,14.178571428571429,Inf,2.9642857142857144,0.0052359634083994026,7.863909436193678e-5,0.02190363135892104,-0.9999994274082219,0.0062573570130278755,0.009179633570080267,0.026084677873880115,7.863909436193678e-5,-1.0,4.0
409.58411598205566,1313.0,522.5555555555555,14.037037037037036,Inf,2.925925925925926,0.0052359634083994026,7.863909436193678e-5,0.02190363135892104,-0.9999994274082219,0.0062573570130278755,0.009179633570080267,0.026084677873880115,7.863909436193678e-5,-1.0,4.0
414.62173891067505,1330.0,539.5555555555555,14.037037037037036,Inf,2.925925925925926,0.0052359634083994026,7.863909436193678e-5,0.02190363135892104,-0.9999994274082219,0.0062573570130278755,0.009179633570080267,0.026084677873880115,7.863909436193678e-5,-1.0,4.0
419.66100692749023,1347.0,568.8846153846154,13.576923076923077,Inf,2.8461538461538463,0.0052359634083994026,7.863909436193678e-5,0.02190363135892104,-0.9999994274082219,0.0062573570130278755,0.009179633570080267,0.026084677873880115,7.863909436193678e-5,-1.0,3.5
424.7309310436249,1364.0,585.8461538461538,13.576923076923077,Inf,2.8461538461538463,0.0052359634083994026,7.863909436193678e-5,0.02190363135892104,-0.9999994274082219,0.0062573570130278755,0.009179633570080267,0.026084677873880115,7.863909436193678e-5,-1.0,3.5
429.88647198677063,1381.0,602.8461538461538,13.576923076923077,Inf,2.8461538461538463,0.0052359634083994026,7.863909436193678e-5,0.02190363135892104,-0.9999994274082219,0.0062573570130278755,0.009179633570080267,0.026084677873880115,7.863909436193678e-5,-1.0,3.5
434.9659650325775,1398.0,603.7692307692307,13.576923076923077,Inf,2.8461538461538463,0.0052359634083994026,7.863909436193678e-5,0.02190363135892104,-0.9999994274082219,0.0062573570130278755,0.009179633570080267,0.026084677873880115,7.863909436193678e-5,-1.0,3.5
439.979229927063,1415.0,620.7692307692307,13.576923076923077,Inf,2.8461538461538463,0.0052359634083994026,7.863909436193678e-5,0.02190363135892104,-0.9999994274082219,0.0062573570130278755,0.009179633570080267,0.026084677873880115,7.863909436193678e-5,-1.0,3.5
445.0785939693451,1432.0,629.4230769230769,13.576923076923077,Inf,2.8461538461538463,0.0052359634083994026,7.863909436193678e-5,0.02190363135892104,-0.9999994274082219,0.0062573570130278755,0.009179633570080267,0.026084677873880115,7.863909436193678e-5,-1.0,3.5
450.1222240924835,1449.0,646.4230769230769,13.576923076923077,Inf,2.8461538461538463,0.0052359634083994026,7.863909436193678e-5,0.02190363135892104,-0.9999994274082219,0.0062573570130278755,0.009179633570080267,0.026084677873880115,7.863909436193678e-5,-1.0,3.5
455.20347809791565,1466.0,654.0769230769231,13.576923076923077,Inf,2.8461538461538463,0.0052359634083994026,7.863909436193678e-5,0.02190363135892104,-0.9999994274082219,0.0062573570130278755,0.009179633570080267,0.026084677873880115,7.863909436193678e-5,-1.0,3.5
460.41003799438477,1483.0,689.6,13.08,Inf,2.76,0.0052359634083994026,7.863909436193678e-5,0.02190363135892104,-0.9999994274082219,0.0062573570130278755,0.009179633570080267,0.026084677873880115,7.863909436193678e-5,-1.0,3.5
465.60662293434143,1500.0,706.6,13.08,Inf,2.76,0.0052359634083994026,7.863909436193678e-5,0.02190363135892104,-0.9999994274082219,0.0062573570130278755,0.009179633570080267,0.026084677873880115,7.863909436193678e-5,-1.0,3.5
470.77641797065735,1517.0,701.36,13.08,Inf,2.76,0.0052359634083994026,7.863909436193678e-5,0.02190363135892104,-0.9999994274082219,0.0062573570130278755,0.009179633570080267,0.026084677873880115,7.863909436193678e-5,-1.0,3.5
475.95960211753845,1534.0,786.2727272727273,11.363636363636363,Inf,2.3636363636363638,0.0052359634083994026,7.863909436193678e-5,0.02190363135892104,-0.9999994274082219,0.0062573570130278755,0.009179633570080267,0.026084677873880115,7.863909436193678e-5,-1.0,3.5
481.0443379878998,1551.0,749.4347826086956,12.043478260869565,Inf,2.5217391304347827,0.0052739374127987295,7.817857880483615e-5,0.021782004470601857,-0.9999994307613559,0.00627982650595429,0.009113432371052504,0.025939834393334773,7.817857880483615e-5,-1.0,3.5
486.152960062027,1568.0,765.695652173913,12.043478260869565,Inf,2.5217391304347827,0.0052739374127987295,7.817857880483615e-5,0.021782004470601857,-0.9999994307613559,0.00627982650595429,0.009113432371052504,0.025939834393334773,7.817857880483615e-5,-1.0,3.5
491.2805869579315,1585.0,782.695652173913,12.043478260869565,Inf,2.5217391304347827,0.0052739374127987295,7.817857880483615e-5,0.021782004470601857,-0.9999994307613559,0.00627982650595429,0.009113432371052504,0.025939834393334773,7.817857880483615e-5,-1.0,3.5
496.4843199253082,1602.0,799.695652173913,12.043478260869565,Inf,2.5217391304347827,0.0052739374127987295,7.817857880483615e-5,0.021782004470601857,-0.9999994307613559,0.00627982650595429,0.009113432371052504,0.025939834393334773,7.817857880483615e-5,-1.0,3.5
501.5076069831848,1619.0,816.695652173913,12.043478260869565,Inf,2.5217391304347827,0.0052739374127987295,7.817857880483615e-5,0.021782004470601857,-0.9999994307613559,0.00627982650595429,0.009113432371052504,0.025939834393334773,7.817857880483615e-5,-1.0,3.5
506.73058795928955,1637.0,832.1304347826087,12.043478260869565,Inf,2.5217391304347827,0.0052739374127987295,7.817857880483615e-5,0.021782004470601857,-0.9999994307613559,0.00627982650595429,0.009113432371052504,0.025939834393334773,7.817857880483615e-5,-1.0,3.5
511.7599050998688,1654.0,827.0434782608696,12.043478260869565,Inf,2.5217391304347827,0.0052739374127987295,7.817857880483615e-5,0.021782004470601857,-0.9999994307613559,0.00627982650595429,0.009113432371052504,0.025939834393334773,7.817857880483615e-5,-1.0,3.5
516.9022600650787,1671.0,844.0434782608696,12.043478260869565,Inf,2.5217391304347827,0.0052739374127987295,7.817857880483615e-5,0.021782004470601857,-0.9999994307613559,0.00627982650595429,0.009113432371052504,0.025939834393334773,7.817857880483615e-5,-1.0,3.5
521.9991381168365,1688.0,861.0434782608696,12.043478260869565,Inf,2.5217391304347827,0.0052739374127987295,7.817857880483615e-5,0.021782004470601857,-0.9999994307613559,0.00627982650595429,0.009113432371052504,0.025939834393334773,7.817857880483615e-5,-1.0,3.5
527.128261089325,1705.0,878.0434782608696,12.043478260869565,Inf,2.5217391304347827,0.0052739374127987295,7.817857880483615e-5,0.021782004470601857,-0.9999994307613559,0.00627982650595429,0.009113432371052504,0.025939834393334773,7.817857880483615e-5,-1.0,3.5
532.1553480625153,1722.0,895.0434782608696,12.043478260869565,Inf,2.5217391304347827,0.0052739374127987295,7.817857880483615e-5,0.021782004470601857,-0.9999994307613559,0.00627982650595429,0.009113432371052504,0.025939834393334773,7.817857880483615e-5,-1.0,3.5
537.2052199840546,1739.0,907.2608695652174,12.043478260869565,Inf,2.5217391304347827,0.0052739374127987295,7.817857880483615e-5,0.021782004470601857,-0.9999994307613559,0.00627982650595429,0.009113432371052504,0.025939834393334773,7.817857880483615e-5,-1.0,3.5
542.2918210029602,1756.0,918.7826086956521,12.043478260869565,Inf,2.5217391304347827,0.0052739374127987295,7.817857880483615e-5,0.021782004470601857,-0.9999994307613559,0.00627982650595429,0.009113432371052504,0.025939834393334773,7.817857880483615e-5,-1.0,3.5
547.3545861244202,1773.0,935.2173913043479,12.043478260869565,Inf,2.5217391304347827,0.0052739374127987295,7.817857880483615e-5,0.021782004470601857,-0.9999994307613559,0.00627982650595429,0.009113432371052504,0.025939834393334773,7.817857880483615e-5,-1.0,3.5
552.5686099529266,1790.0,952.0,12.043478260869565,Inf,2.5217391304347827,0.0052739374127987295,7.817857880483615e-5,0.021782004470601857,-0.9999994307613559,0.00627982650595429,0.009113432371052504,0.025939834393334773,7.817857880483615e-5,-1.0,3.5
557.6567640304565,1807.0,969.0,12.043478260869565,Inf,2.5217391304347827,0.0052739374127987295,7.817857880483615e-5,0.021782004470601857,-0.9999994307613559,0.00627982650595429,0.009113432371052504,0.025939834393334773,7.817857880483615e-5,-1.0,3.5
562.6821429729462,1824.0,973.3478260869565,12.043478260869565,Inf,2.5217391304347827,0.0052739374127987295,7.817857880483615e-5,0.021782004470601857,-0.9999994307613559,0.00627982650595429,0.009113432371052504,0.025939834393334773,7.817857880483615e-5,-1.0,3.5
567.9390621185303,1841.0,989.6521739130435,12.043478260869565,Inf,2.5217391304347827,0.0052739374127987295,7.817857880483615e-5,0.021782004470601857,-0.9999994307613559,0.00627982650595429,0.009113432371052504,0.025939834393334773,7.817857880483615e-5,-1.0,3.5
572.9468569755554,1858.0,992.8695652173913,12.043478260869565,Inf,2.5217391304347827,0.005684085735701611,7.79718095810546e-5,0.02146617204431578,-0.9999994322668966,0.006330632469694663,0.008883626103649626,0.025563714700357794,7.79718095810546e-5,-1.0,3.5
578.0846109390259,1875.0,1009.2608695652174,12.043478260869565,Inf,2.5217391304347827,0.005684085735701611,7.79718095810546e-5,0.02146617204431578,-0.9999994322668966,0.006330632469694663,0.008883626103649626,0.025563714700357794,7.79718095810546e-5,-1.0,3.5
583.1056940555573,1892.0,1025.4347826086957,12.043478260869565,Inf,2.5217391304347827,0.005684085735701611,7.79718095810546e-5,0.02146617204431578,-0.9999994322668966,0.006330632469694663,0.008883626103649626,0.025563714700357794,7.79718095810546e-5,-1.0,3.5
588.1361720561981,1909.0,1041.5652173913043,12.043478260869565,Inf,2.5217391304347827,0.005684085735701611,7.79718095810546e-5,0.02146617204431578,-0.9999994322668966,0.006330632469694663,0.008883626103649626,0.025563714700357794,7.79718095810546e-5,-1.0,3.5
593.4169330596924,1927.0,1059.0869565217392,12.043478260869565,Inf,2.5217391304347827,0.005684085735701611,7.79718095810546e-5,0.02146617204431578,-0.9999994322668966,0.006330632469694663,0.008883626103649626,0.025563714700357794,7.79718095810546e-5,-1.0,3.5
598.6884779930115,1945.0,1077.0869565217392,12.043478260869565,Inf,2.5217391304347827,0.005684085735701611,7.79718095810546e-5,0.02146617204431578,-0.9999994322668966,0.006330632469694663,0.008883626103649626,0.025563714700357794,7.79718095810546e-5,-1.0,3.5
603.7036309242249,1962.0,1094.0869565217392,12.043478260869565,Inf,2.5217391304347827,0.005684085735701611,7.79718095810546e-5,0.02146617204431578,-0.9999994322668966,0.006330632469694663,0.008883626103649626,0.025563714700357794,7.79718095810546e-5,-1.0,3.5
608.9177930355072,1980.0,1054.7826086956522,12.043478260869565,Inf,2.5217391304347827,0.005684085735701611,7.79718095810546e-5,0.02146617204431578,-0.9999994322668966,0.006330632469694663,0.008883626103649626,0.025563714700357794,7.79718095810546e-5,-1.0,3.5
614.1518559455872,1997.0,1042.1304347826087,12.043478260869565,Inf,2.5217391304347827,0.005684085735701611,7.79718095810546e-5,0.02146617204431578,-0.9999994322668966,0.006330632469694663,0.008883626103649626,0.025563714700357794,7.79718095810546e-5,-1.0,3.5
619.3569569587708,2014.0,1049.1739130434783,12.043478260869565,Inf,2.5217391304347827,0.005684085735701611,7.79718095810546e-5,0.02146617204431578,-0.9999994322668966,0.006330632469694663,0.008883626103649626,0.025563714700357794,7.79718095810546e-5,-1.0,3.5
624.6222701072693,2031.0,1066.1739130434783,12.043478260869565,Inf,2.5217391304347827,0.005684085735701611,7.79718095810546e-5,0.02146617204431578,-0.9999994322668966,0.006330632469694663,0.008883626103649626,0.025563714700357794,7.79718095810546e-5,-1.0,3.5
629.7258100509644,2048.0,1083.1739130434783,12.043478260869565,Inf,2.5217391304347827,0.005684085735701611,7.79718095810546e-5,0.02146617204431578,-0.9999994322668966,0.006330632469694663,0.008883626103649626,0.025563714700357794,7.79718095810546e-5,-1.0,3.5
634.9694700241089,2065.0,1097.695652173913,12.043478260869565,Inf,2.5217391304347827,0.005684085735701611,7.79718095810546e-5,0.02146617204431578,-0.9999994322668966,0.006330632469694663,0.008883626103649626,0.025563714700357794,7.79718095810546e-5,-1.0,3.5
640.1867370605469,2082.0,1068.375,12.791666666666666,Inf,2.7083333333333335,0.005684085735701611,7.241710533905765e-5,0.02064239547986857,-0.9999994727121485,0.006229988339629485,0.007983295143885356,0.02458269260536598,7.241710533905765e-5,-1.0,3.5
645.3269670009613,2099.0,1085.375,12.791666666666666,Inf,2.7083333333333335,0.005684085735701611,7.241710533905765e-5,0.02064239547986857,-0.9999994727121485,0.006229988339629485,0.007983295143885356,0.02458269260536598,7.241710533905765e-5,-1.0,3.5
650.338604927063,2115.0,1101.375,12.791666666666666,Inf,2.7083333333333335,0.005684085735701611,7.241710533905765e-5,0.02064239547986857,-0.9999994727121485,0.006229988339629485,0.007983295143885356,0.02458269260536598,7.241710533905765e-5,-1.0,3.5
655.5817859172821,2132.0,1118.375,12.791666666666666,Inf,2.7083333333333335,0.005684085735701611,7.241710533905765e-5,0.02064239547986857,-0.9999994727121485,0.006229988339629485,0.007983295143885356,0.02458269260536598,7.241710533905765e-5,-1.0,3.5
660.7827019691467,2149.0,1135.375,12.791666666666666,Inf,2.7083333333333335,0.005684085735701611,7.241710533905765e-5,0.02064239547986857,-0.9999994727121485,0.006229988339629485,0.007983295143885356,0.02458269260536598,7.241710533905765e-5,-1.0,3.5
665.9893019199371,2166.0,1145.25,12.791666666666666,Inf,2.7083333333333335,0.005684085735701611,7.241710533905765e-5,0.02064239547986857,-0.9999994727121485,0.006229988339629485,0.007983295143885356,0.02458269260536598,7.241710533905765e-5,-1.0,3.5
671.2347609996796,2183.0,1162.25,12.791666666666666,Inf,2.7083333333333335,0.005684085735701611,7.241710533905765e-5,0.02064239547986857,-0.9999994727121485,0.006229988339629485,0.007983295143885356,0.02458269260536598,7.241710533905765e-5,-1.0,3.5
676.4051280021667,2200.0,1129.25,12.791666666666666,Inf,2.7083333333333335,0.005684085735701611,7.241710533905765e-5,0.02064239547986857,-0.9999994727121485,0.006229988339629485,0.007983295143885356,0.02458269260536598,7.241710533905765e-5,-1.0,3.5
681.4711921215057,2217.0,1146.25,12.791666666666666,Inf,2.7083333333333335,0.005684085735701611,7.241710533905765e-5,0.02064239547986857,-0.9999994727121485,0.006229988339629485,0.007983295143885356,0.02458269260536598,7.241710533905765e-5,-1.0,3.5
686.6774730682373,2234.0,1163.25,12.791666666666666,Inf,2.7083333333333335,0.005684085735701611,7.241710533905765e-5,0.02064239547986857,-0.9999994727121485,0.006229988339629485,0.007983295143885356,0.02458269260536598,7.241710533905765e-5,-1.0,3.5
691.862163066864,2251.0,1164.0416666666667,12.791666666666666,Inf,2.7083333333333335,0.005469930744116419,7.241710533905765e-5,0.02064239547986857,-0.9999994727121485,0.006229988339629485,0.007983295143885356,0.02458269260536598,7.241710533905765e-5,-1.0,3.5
696.9803900718689,2268.0,1159.7916666666667,12.791666666666666,Inf,2.7083333333333335,0.005469930744116419,7.241710533905765e-5,0.02064239547986857,-0.9999994727121485,0.006229988339629485,0.007983295143885356,0.02458269260536598,7.241710533905765e-5,-1.0,3.5
702.0628130435944,2285.0,1088.75,12.791666666666666,Inf,2.7083333333333335,0.005469930744116419,7.241710533905765e-5,0.02064239547986857,-0.9999994727121485,0.006229988339629485,0.007983295143885356,0.02458269260536598,7.241710533905765e-5,-1.0,3.5
707.0949640274048,2302.0,1105.75,12.791666666666666,Inf,2.7083333333333335,0.005469930744116419,7.241710533905765e-5,0.02064239547986857,-0.9999994727121485,0.006229988339629485,0.007983295143885356,0.02458269260536598,7.241710533905765e-5,-1.0,3.5
712.2799479961395,2319.0,1122.75,12.791666666666666,Inf,2.7083333333333335,0.005469930744116419,7.241710533905765e-5,0.02064239547986857,-0.9999994727121485,0.006229988339629485,0.007983295143885356,0.02458269260536598,7.241710533905765e-5,-1.0,3.5
717.2826490402222,2335.0,1093.36,13.36,Inf,2.84,0.005469930744116419,7.241710533905765e-5,0.02064239547986857,-0.9999994727121485,0.006229988339629485,0.007983295143885356,0.02458269260536598,7.241710533905765e-5,-1.0,3.5
722.5120139122009,2352.0,1102.6,13.36,Inf,2.84,0.005469930744116419,7.241710533905765e-5,0.02064239547986857,-0.9999994727121485,0.006229988339629485,0.007983295143885356,0.02458269260536598,7.241710533905765e-5,-1.0,3.5
727.6590509414673,2369.0,1118.08,13.36,Inf,2.84,0.005469930744116419,7.241710533905765e-5,0.02064239547986857,-0.9999994727121485,0.006229988339629485,0.007983295143885356,0.02458269260536598,7.241710533905765e-5,-1.0,3.5
732.8717861175537,2386.0,1135.04,13.36,Inf,2.84,0.005469930744116419,7.241710533905765e-5,0.02064239547986857,-0.9999994727121485,0.006229988339629485,0.007983295143885356,0.02458269260536598,7.241710533905765e-5,-1.0,3.5
738.0774009227753,2403.0,1152.04,13.36,Inf,2.84,0.005469930744116419,7.241710533905765e-5,0.02064239547986857,-0.9999994727121485,0.006229988339629485,0.007983295143885356,0.02458269260536598,7.241710533905765e-5,-1.0,3.5
743.1693971157074,2420.0,1169.04,13.36,Inf,2.84,0.005469930744116419,7.241710533905765e-5,0.02064239547986857,-0.9999994727121485,0.006229988339629485,0.007983295143885356,0.02458269260536598,7.241710533905765e-5,-1.0,3.5
748.2973299026489,2437.0,1140.4615384615386,13.615384615384615,Inf,2.8846153846153846,0.005469930744116419,7.241710533905765e-5,0.02064239547986857,-0.9999994727121485,0.006229988339629485,0.007983295143885356,0.02458269260536598,7.241710533905765e-5,-1.0,3.5
753.4522950649261,2454.0,1150.076923076923,13.615384615384615,Inf,2.8846153846153846,0.005469930744116419,7.241710533905765e-5,0.02064239547986857,-0.9999994727121485,0.006229988339629485,0.007983295143885356,0.02458269260536598,7.241710533905765e-5,-1.0,3.5
758.7008190155029,2471.0,1162.9615384615386,13.615384615384615,Inf,2.8846153846153846,0.005469930744116419,7.241710533905765e-5,0.02064239547986857,-0.9999994727121485,0.006229988339629485,0.007983295143885356,0.02458269260536598,7.241710533905765e-5,-1.0,3.5
763.9084661006927,2488.0,1178.8076923076924,13.615384615384615,Inf,2.8846153846153846,0.005469930744116419,7.241710533905765e-5,0.02064239547986857,-0.9999994727121485,0.006229988339629485,0.007983295143885356,0.02458269260536598,7.241710533905765e-5,-1.0,3.5
769.1184189319611,2505.0,1195.3076923076924,13.615384615384615,Inf,2.8846153846153846,0.005469930744116419,7.241710533905765e-5,0.02064239547986857,-0.9999994727121485,0.006229988339629485,0.007983295143885356,0.02458269260536598,7.241710533905765e-5,-1.0,3.5
774.2824580669403,2521.0,1210.576923076923,13.615384615384615,Inf,2.8846153846153846,0.005469930744116419,7.241710533905765e-5,0.02064239547986857,-0.9999994727121485,0.006229988339629485,0.007983295143885356,0.02458269260536598,7.241710533905765e-5,-1.0,3.5
779.458988904953,2538.0,1226.8076923076924,13.615384615384615,Inf,2.8846153846153846,0.005469930744116419,7.241710533905765e-5,0.02064239547986857,-0.9999994727121485,0.006229988339629485,0.007983295143885356,0.02458269260536598,7.241710533905765e-5,-1.0,3.5
784.6621959209442,2555.0,1243.1538461538462,13.615384615384615,Inf,2.8846153846153846,0.005469930744116419,7.241710533905765e-5,0.02064239547986857,-0.9999994727121485,0.006229988339629485,0.007983295143885356,0.02458269260536598,7.241710533905765e-5,-1.0,3.5
789.8961961269379,2572.0,1259.5384615384614,13.615384615384615,Inf,2.8846153846153846,0.005469930744116419,7.241710533905765e-5,0.02064239547986857,-0.9999994727121485,0.006229988339629485,0.007983295143885356,0.02458269260536598,7.241710533905765e-5,-1.0,3.5
795.1204071044922,2589.0,1271.8846153846155,13.615384615384615,Inf,2.8846153846153846,0.005469930744116419,7.241710533905765e-5,0.02064239547986857,-0.9999994727121485,0.006229988339629485,0.007983295143885356,0.02458269260536598,7.241710533905765e-5,-1.0,3.5
800.3563570976257,2606.0,1288.1923076923076,13.615384615384615,Inf,2.8846153846153846,0.005469930744116419,7.241710533905765e-5,0.02064239547986857,-0.9999994727121485,0.006229988339629485,0.007983295143885356,0.02458269260536598,7.241710533905765e-5,-1.0,3.5
805.6272149085999,2623.0,1235.2592592592594,14.037037037037036,Inf,2.962962962962963,0.005384497351147044,7.181960522561967e-5,0.02031399863826311,-0.9999994770627028,0.004254791938964003,0.002050411844841455,0.025726983248449083,7.181960522561967e-5,-1.0,3.5
810.817008972168,2640.0,1243.4444444444443,14.037037037037036,Inf,2.962962962962963,0.005384497351147044,7.181960522561967e-5,0.02031399863826311,-0.9999994770627028,0.004254791938964003,0.002050411844841455,0.025726983248449083,7.181960522561967e-5,-1.0,3.5
816.1316630840302,2657.0,1258.5185185185185,14.037037037037036,Inf,2.962962962962963,0.005384497351147044,7.181960522561967e-5,0.02031399863826311,-0.9999994770627028,0.004254791938964003,0.002050411844841455,0.025726983248449083,7.181960522561967e-5,-1.0,3.5
821.4330310821533,2674.0,1274.888888888889,14.037037037037036,Inf,2.962962962962963,0.005384497351147044,7.181960522561967e-5,0.02031399863826311,-0.9999994770627028,0.004254791938964003,0.002050411844841455,0.025726983248449083,7.181960522561967e-5,-1.0,3.5
826.6813290119171,2691.0,1270.6666666666667,14.037037037037036,Inf,2.962962962962963,0.005384928125330385,7.181565198329175e-5,0.02031285458721621,-0.9999994770914874,0.004255453723983582,0.0020521424800691744,0.025726983248449083,7.181565198329175e-5,-1.0,3.5
831.8748910427094,2708.0,1287.1851851851852,14.037037037037036,Inf,2.962962962962963,0.005384928125330385,7.181565198329175e-5,0.02031285458721621,-0.9999994770914874,0.004255453723983582,0.0020521424800691744,0.025726983248449083,7.181565198329175e-5,-1.0,3.5
837.1580281257629,2725.0,1301.111111111111,14.037037037037036,Inf,2.962962962962963,0.005384928125330385,7.181565198329175e-5,0.02031285458721621,-0.9999994770914874,0.004255453723983582,0.0020521424800691744,0.025726983248449083,7.181565198329175e-5,-1.0,3.5
842.445552110672,2742.0,1317.4074074074074,14.037037037037036,Inf,2.962962962962963,0.005384928125330385,7.181565198329175e-5,0.02031285458721621,-0.9999994770914874,0.004255453723983582,0.0020521424800691744,0.025726983248449083,7.181565198329175e-5,-1.0,3.5
847.7341809272766,2759.0,1333.7037037037037,14.037037037037036,Inf,2.962962962962963,0.005384928125330385,7.181565198329175e-5,0.02031285458721621,-0.9999994770914874,0.004255453723983582,0.0020521424800691744,0.025726983248449083,7.181565198329175e-5,-1.0,3.5
852.9844660758972,2776.0,1350.3333333333333,14.037037037037036,Inf,2.962962962962963,0.005384928125330385,7.181565198329175e-5,0.02031285458721621,-0.9999994770914874,0.004255453723983582,0.0020521424800691744,0.025726983248449083,7.181565198329175e-5,-1.0,3.5
858.2540800571442,2793.0,1366.4444444444443,14.037037037037036,Inf,2.962962962962963,0.005384928125330385,7.181565198329175e-5,0.02031285458721621,-0.9999994770914874,0.004255453723983582,0.0020521424800691744,0.025726983248449083,7.181565198329175e-5,-1.0,3.5
863.4457330703735,2810.0,1333.5714285714287,14.464285714285714,Inf,3.0357142857142856,0.005384928125330385,7.181565198329175e-5,0.02031285458721621,-0.9999994770914874,0.004255453723983582,0.0020521424800691744,0.025726983248449083,7.181565198329175e-5,-1.0,3.5
868.4769010543823,2826.0,1348.7857142857142,14.464285714285714,Inf,3.0357142857142856,0.005384928125330385,7.181565198329175e-5,0.02031285458721621,-0.9999994770914874,0.004255453723983582,0.0020521424800691744,0.025726983248449083,7.181565198329175e-5,-1.0,3.5
873.5408840179443,2842.0,1364.392857142857,14.464285714285714,Inf,3.0357142857142856,0.005384928125330385,7.181565198329175e-5,0.02031285458721621,-0.9999994770914874,0.004255453723983582,0.0020521424800691744,0.025726983248449083,7.181565198329175e-5,-1.0,3.5
878.5697009563446,2858.0,1379.642857142857,14.464285714285714,Inf,3.0357142857142856,0.005384928125330385,7.181565198329175e-5,0.02031285458721621,-0.9999994770914874,0.004255453723983582,0.0020521424800691744,0.025726983248449083,7.181565198329175e-5,-1.0,3.5
883.8620569705963,2875.0,1396.3214285714287,14.464285714285714,Inf,3.0357142857142856,0.005384928125330385,7.181565198329175e-5,0.02031285458721621,-0.9999994770914874,0.004255453723983582,0.0020521424800691744,0.025726983248449083,7.181565198329175e-5,-1.0,3.5
889.0599069595337,2891.0,1411.5714285714287,14.464285714285714,Inf,3.0357142857142856,0.005384928125330385,7.181565198329175e-5,0.02031285458721621,-0.9999994770914874,0.004255453723983582,0.0020521424800691744,0.025726983248449083,7.181565198329175e-5,-1.0,3.5
894.1133949756622,2907.0,1469.4444444444443,14.037037037037036,Inf,2.962962962962963,0.005384928125330385,7.181565198329175e-5,0.02031285458721621,-0.9999994770914874,0.004255453723983582,0.0020521424800691744,0.025726983248449083,7.181565198329175e-5,-1.0,3.5
899.1319410800934,2923.0,1469.2307692307693,13.538461538461538,Inf,2.8461538461538463,0.005384928125330385,7.181565198329175e-5,0.02031285458721621,-0.9999994770914874,0.004255453723983582,0.0020521424800691744,0.024180366783426013,7.181565198329175e-5,-1.0,3.5
904.3086369037628,2939.0,1459.3461538461538,13.538461538461538,Inf,2.8461538461538463,0.005384928125330385,7.181565198329175e-5,0.02031285458721621,-0.9999994770914874,0.004255453723983582,0.0020521424800691744,0.023649419186080576,7.181565198329175e-5,-1.0,3.5
909.4121670722961,2955.0,1462.6153846153845,13.538461538461538,Inf,2.8461538461538463,0.005384928125330385,7.181565198329175e-5,0.02031285458721621,-0.9999994770914874,0.004255453723983582,0.0020521424800691744,0.022926633610040766,7.181565198329175e-5,-1.0,3.5
914.4312410354614,2971.0,1477.8461538461538,13.538461538461538,Inf,2.8461538461538463,0.005384928125330385,7.181565198329175e-5,0.02031285458721621,-0.9999994770914874,0.004255453723983582,0.0020521424800691744,0.022926628683646148,7.181565198329175e-5,-1.0,3.5
919.6438250541687,2988.0,1494.2692307692307,13.538461538461538,Inf,2.8461538461538463,0.005384928125330385,7.181565198329175e-5,0.02031285458721621,-0.9999994770914874,0.004255453723983582,0.0020521424800691744,0.022926628683646148,7.181565198329175e-5,-1.0,3.5
924.8821830749512,3005.0,1510.9615384615386,13.538461538461538,Inf,2.8461538461538463,0.005384928125330385,7.181565198329175e-5,0.02031285458721621,-0.9999994770914874,0.004255453723983582,0.0020521424800691744,0.022926628683646148,7.181565198329175e-5,-1.0,3.5
930.1198899745941,3022.0,1525.576923076923,13.538461538461538,Inf,2.8461538461538463,0.005384928125330385,7.181565198329175e-5,0.019702647047429633,-0.9999994770914874,0.004255453723983582,0.0020521424800691744,0.025726983248449083,7.181565198329175e-5,-1.0,3.5
935.2945919036865,3039.0,1542.3846153846155,13.538461538461538,Inf,2.8461538461538463,0.005384928125330385,7.181565198329175e-5,0.01970264062819027,-0.9999994770914874,0.004255453723983582,0.0020521424800691744,0.025726983248449083,7.181565198329175e-5,-1.0,3.5
940.5342810153961,3056.0,1559.3846153846155,13.538461538461538,Inf,2.8461538461538463,0.005384928125330385,7.181565198329175e-5,0.01970264062819027,-0.9999994770914874,0.004255453723983582,0.0020521424800691744,0.025726983248449083,7.181565198329175e-5,-1.0,3.5
945.5905508995056,3072.0,1563.423076923077,13.538461538461538,Inf,2.8461538461538463,0.005384928125330385,7.181565198329175e-5,0.01970264062819027,-0.9999994770914874,0.004255453723983582,0.0020521424800691744,0.025726983248449083,7.181565198329175e-5,-1.0,3.5
950.8534989356995,3089.0,1580.423076923077,13.538461538461538,Inf,2.8461538461538463,0.005384928125330385,7.181565198329175e-5,0.01970264062819027,-0.9999994770914874,0.004255453723983582,0.0020521424800691744,0.025726983248449083,7.181565198329175e-5,-1.0,3.5
955.8734579086304,3105.0,1596.423076923077,13.538461538461538,Inf,2.8461538461538463,0.005384928125330385,7.181565198329175e-5,0.01970264062819027,-0.9999994770914874,0.004255453723983582,0.0020521424800691744,0.025726983248449083,7.181565198329175e-5,-1.0,3.5
961.1401228904724,3122.0,1613.423076923077,13.538461538461538,Inf,2.8461538461538463,0.005384928125330385,7.181565198329175e-5,0.01970264062819027,-0.9999994770914874,0.004255453723983582,0.0020521424800691744,0.025726983248449083,7.181565198329175e-5,-1.0,3.5
966.394299030304,3139.0,1630.423076923077,13.538461538461538,Inf,2.8461538461538463,0.005384928125330385,7.181565198329175e-5,0.01970264062819027,-0.9999994770914874,0.004255453723983582,0.0020521424800691744,0.025726983248449083,7.181565198329175e-5,-1.0,3.5
971.5724608898163,3156.0,1616.6153846153845,13.538461538461538,Inf,2.8461538461538463,0.005384928125330385,7.181565198329175e-5,0.01970264062819027,-0.9999994770914874,0.004255453723983582,0.0020521424800691744,0.025726983248449083,7.181565198329175e-5,-1.0,3.5
976.8281629085541,3173.0,1633.6153846153845,13.538461538461538,Inf,2.8461538461538463,0.005384928125330385,7.181565198329175e-5,0.01970264062819027,-0.9999994770914874,0.004255453723983582,0.0020521424800691744,0.025726983248449083,7.181565198329175e-5,-1.0,3.5
981.9977760314941,3190.0,1641.1153846153845,13.538461538461538,Inf,2.8461538461538463,0.005384928125330385,7.181565198329175e-5,0.01970264062819027,-0.9999994770914874,0.004255453723983582,0.0020521424800691744,0.025726983248449083,7.181565198329175e-5,-1.0,3.5
987.0480530261993,3206.0,1637.4615384615386,13.538461538461538,Inf,2.8461538461538463,0.005469930744116419,7.165411032500121e-5,0.01970264062819027,-0.9999994782677144,0.006198690996845035,0.008102994124520155,0.024780155276915173,7.165411032500121e-5,-1.0,3.5
992.0485110282898,3222.0,1653.4615384615386,13.538461538461538,Inf,2.8461538461538463,0.005469930744116419,7.165411032500121e-5,0.01970264062819027,-0.9999994782677144,0.006198690996845035,0.008102994124520155,0.024780155276915173,7.165411032500121e-5,-1.0,3.5
997.3443460464478,3239.0,1670.4615384615386,13.538461538461538,Inf,2.8461538461538463,0.005469930744116419,7.165411032500121e-5,0.01970264062819027,-0.9999994782677144,0.006198690996845035,0.008102994124520155,0.024780155276915173,7.165411032500121e-5,-1.0,3.5
1002.4725980758667,3255.0,1686.4615384615386,13.538461538461538,Inf,2.8461538461538463,0.005469930744116419,7.165411032500121e-5,0.01970264062819027,-0.9999994782677144,0.006198690996845035,0.008102994124520155,0.024780155276915173,7.165411032500121e-5,-1.0,3.5
1007.4855210781097,3271.0,1702.4615384615386,13.538461538461538,Inf,2.8461538461538463,0.005469930744116419,7.165411032500121e-5,0.01970264062819027,-0.9999994782677144,0.006198690996845035,0.008102994124520155,0.024780155276915173,7.165411032500121e-5,-1.0,3.5
1012.7061281204224,3288.0,1629.576923076923,13.538461538461538,Inf,2.8461538461538463,0.005469930744116419,7.165411032500121e-5,0.01970264062819027,-0.9999994782677144,0.006198690996845035,0.008102994124520155,0.024780155276915173,7.165411032500121e-5,-1.0,3.5
1017.9314579963684,3305.0,1646.576923076923,13.538461538461538,Inf,2.8461538461538463,0.005469930744116419,7.165411032500121e-5,0.01970264062819027,-0.9999994782677144,0.006198690996845035,0.008102994124520155,0.024780155276915173,7.165411032500121e-5,-1.0,3.5
1022.9353680610657,3321.0,1662.576923076923,13.538461538461538,Inf,2.8461538461538463,0.005469930744116419,7.165411032500121e-5,0.01970264062819027,-0.9999994782677144,0.006198690996845035,0.008102994124520155,0.024780155276915173,7.165411032500121e-5,-1.0,3.5
1028.2043890953064,3338.0,1679.576923076923,13.538461538461538,Inf,2.8461538461538463,0.005469930744116419,7.165411032500121e-5,0.01970264062819027,-0.9999994782677144,0.006198690996845035,0.008102994124520155,0.024780155276915173,7.165411032500121e-5,-1.0,3.5
1033.464926958084,3355.0,1696.576923076923,13.538461538461538,Inf,2.8461538461538463,0.005469930744116419,7.165411032500121e-5,0.01970264062819027,-0.9999994782677144,0.006198690996845035,0.008102994124520155,0.024780155276915173,7.165411032500121e-5,-1.0,3.5
1038.5617589950562,3371.0,1712.576923076923,13.538461538461538,Inf,2.8461538461538463,0.005469930744116419,7.165411032500121e-5,0.01970264062819027,-0.9999994782677144,0.006198690996845035,0.008102994124520155,0.024780155276915173,7.165411032500121e-5,-1.0,3.5
1043.6162791252136,3387.0,1728.576923076923,13.538461538461538,Inf,2.8461538461538463,0.005469930744116419,7.165411032500121e-5,0.01970264062819027,-0.9999994782677144,0.006198690996845035,0.008102994124520155,0.024780155276915173,7.165411032500121e-5,-1.0,3.5
1048.7005519866943,3403.0,1730.3076923076924,13.538461538461538,Inf,2.8461538461538463,0.005469930744116419,7.165411032500121e-5,0.01968500682873764,-0.9999994782677144,0.006198690996845035,0.008102994124520155,0.024780155276915173,7.165411032500121e-5,-1.0,3.5
1053.8988320827484,3419.0,1745.8846153846155,13.538461538461538,Inf,2.8461538461538463,0.005469930744116419,7.165411032500121e-5,0.019684991938603735,-0.9999994782677144,0.006198690996845035,0.008102994124520155,0.024780155276915173,7.165411032500121e-5,-1.0,3.5
1059.0214960575104,3435.0,1761.8846153846155,13.538461538461538,Inf,2.8461538461538463,0.005469930744116419,7.165411032500121e-5,0.019684991938603735,-0.9999994782677144,0.006198690996845035,0.008102994124520155,0.024780155276915173,7.165411032500121e-5,-1.0,3.5
1064.0225629806519,3451.0,1777.8846153846155,13.538461538461538,Inf,2.8461538461538463,0.005469930744116419,7.165411032500121e-5,0.019684991938603735,-0.9999994782677144,0.006198690996845035,0.008102994124520155,0.024780155276915173,7.165411032500121e-5,-1.0,3.5
1069.2325899600983,3467.0,1763.6153846153845,13.538461538461538,Inf,2.8461538461538463,0.005469930744116419,7.165411032500121e-5,0.019684991938603735,-0.9999994782677144,0.006198690996845035,0.008102994124520155,0.024780155276915173,7.165411032500121e-5,-1.0,3.5
1074.3507089614868,3483.0,1699.148148148148,13.88888888888889,Inf,2.925925925925926,0.005469930744116419,7.165411032500121e-5,0.016718425421438532,-0.9999994782677144,0.006198690996845035,0.008102994124520155,0.024780155276915173,7.165411032500121e-5,-1.0,3.5
1079.4132170677185,3499.0,1653.7142857142858,14.285714285714286,Inf,3.0,0.005469930744116419,7.165411032500121e-5,0.016718346470938283,-0.9999994782677144,0.006198690996845035,0.008102994124520155,0.024780155276915173,7.165411032500121e-5,-1.0,3.5
1084.4441211223602,3515.0,1669.7142857142858,14.285714285714286,Inf,3.0,0.005469930744116419,7.165411032500121e-5,0.016718346470938283,-0.9999994782677144,0.006198690996845035,0.008102994124520155,0.024780155276915173,7.165411032500121e-5,-1.0,3.5
1089.5144040584564,3531.0,1628.0,14.689655172413794,Inf,3.103448275862069,0.005469930744116419,7.165411032500121e-5,0.016718346470938283,-0.9999994782677144,0.006198690996845035,0.008102994124520155,0.024780155276915173,7.165411032500121e-5,-1.0,3.5
1094.5990660190582,3547.0,1644.0,14.689655172413794,Inf,3.103448275862069,0.005469930744116419,7.165411032500121e-5,0.016718346470938283,-0.9999994782677144,0.006198690996845035,0.008102994124520155,0.024780155276915173,7.165411032500121e-5,-1.0,3.5
1099.7906260490417,3563.0,1645.0344827586207,14.689655172413794,Inf,3.103448275862069,0.005469930744116419,7.030667521051332e-5,0.017541937855091394,-0.9999994880787413,0.004436322802478697,0.00289472006959816,0.025726983248449083,7.030667521051332e-5,-1.0,3.5
1104.9019720554352,3579.0,1660.3103448275863,14.689655172413794,Inf,3.103448275862069,0.005469930744116419,7.011849104590287e-5,0.017541935651675056,-0.9999994894489592,0.004512783915016302,0.0031736581609886003,0.025726983248449083,7.011849104590287e-5,-1.0,3.5
1109.9887890815735,3595.0,1620.4666666666667,15.166666666666666,Inf,3.2333333333333334,0.005469930744116419,7.011849104590287e-5,0.017541935651675056,-0.9999994894489592,0.004310283257245787,0.002458646204823968,0.025726983248449083,7.011849104590287e-5,-1.0,3.5
1115.2210640907288,3611.0,1636.3333333333333,15.166666666666666,Inf,3.2333333333333334,0.005469930744116419,7.011849104590287e-5,0.017541935651675056,-0.9999994894489592,0.004310283257245774,0.0024586462048242132,0.025726983248449083,7.011849104590287e-5,-1.0,3.5
1120.3597440719604,3627.0,1629.8,15.166666666666666,Inf,3.2333333333333334,0.005469930744116419,7.011849104590287e-5,0.017541935651675056,-0.9999994894489592,0.004310283257245774,0.0024586462048242132,0.025726983248449083,7.011849104590287e-5,-1.0,3.5
1125.4839069843292,3643.0,1645.8,15.166666666666666,Inf,3.2333333333333334,0.005469930744116419,7.011849104590287e-5,0.017541935651675056,-0.9999994894489592,0.004310283257245774,0.0024586462048242132,0.025726983248449083,7.011849104590287e-5,-1.0,3.5
1130.5488979816437,3659.0,1661.8,15.166666666666666,Inf,3.2333333333333334,0.005469930744116419,7.011849104590287e-5,0.017541935651675056,-0.9999994894489592,0.004310283257245774,0.0024586462048242132,0.025726983248449083,7.011849104590287e-5,-1.0,3.5
1135.6414859294891,3675.0,1675.4,15.166666666666666,Inf,3.2333333333333334,0.005469930744116419,7.011849104590287e-5,0.017541935651675056,-0.9999994894489592,0.004311160064609702,0.002462554996250951,0.025726983248449083,7.011849104590287e-5,-1.0,3.5
1140.66841006279,3691.0,1691.4,15.166666666666666,Inf,3.2333333333333334,0.005469930744116419,7.011849104590287e-5,0.017541935651675056,-0.9999994894489592,0.004311160064609702,0.002462554996250951,0.025726983248449083,7.011849104590287e-5,-1.0,3.5
1145.703008890152,3707.0,1707.4,15.166666666666666,Inf,3.2333333333333334,0.005469930744116419,7.011849104590287e-5,0.017541935651675056,-0.9999994894489592,0.004311160064609702,0.002462554996250951,0.025726983248449083,7.011849104590287e-5,-1.0,3.5
1150.8524401187897,3723.0,1723.4,15.166666666666666,Inf,3.2333333333333334,0.005469930744116419,7.011849104590287e-5,0.017541935651675056,-0.9999994894489592,0.004311160064609702,0.002462554996250951,0.025726983248449083,7.011849104590287e-5,-1.0,3.5
1156.032634973526,3739.0,1739.4,15.166666666666666,Inf,3.2333333333333334,0.005469930744116419,7.011849104590287e-5,0.017541935651675056,-0.9999994894489592,0.004311160064609702,0.002462554996250951,0.025726983248449083,7.011849104590287e-5,-1.0,3.5
1161.1017220020294,3755.0,1737.0333333333333,15.166666666666666,Inf,3.2333333333333334,0.005469930744116419,7.011849104590287e-5,0.017541935651675056,-0.9999994894489592,0.004311160064609702,0.002462554996250951,0.025726983248449083,7.011849104590287e-5,-1.0,3.5
1166.2080380916595,3771.0,1753.0333333333333,15.166666666666666,Inf,3.2333333333333334,0.005469930744116419,7.011849104590287e-5,0.017541935651675056,-0.9999994894489592,0.004311160064609702,0.002462554996250951,0.025726983248449083,7.011849104590287e-5,-1.0,3.5
1171.3924560546875,3787.0,1769.0333333333333,15.166666666666666,Inf,3.2333333333333334,0.005469930744116419,7.011849104590287e-5,0.017541935651675056,-0.9999994894489592,0.004311160064609702,0.002462554996250951,0.025726983248449083,7.011849104590287e-5,-1.0,3.5
1176.442481994629,3803.0,1785.0333333333333,15.166666666666666,Inf,3.2333333333333334,0.005469930744116419,7.011849104590287e-5,0.017541935651675056,-0.9999994894489592,0.004311160064609702,0.002462554996250951,0.025726983248449083,7.011849104590287e-5,-1.0,3.5
1181.5488550662994,3819.0,1801.0333333333333,15.166666666666666,Inf,3.2333333333333334,0.005469930744116419,7.011849104590287e-5,0.017541935651675056,-0.9999994894489592,0.004311160064609702,0.002462554996250951,0.025726983248449083,7.011849104590287e-5,-1.0,3.5
1186.5562059879303,3835.0,1817.0333333333333,15.166666666666666,Inf,3.2333333333333334,0.005469930744116419,7.011849104590287e-5,0.017541935651675056,-0.9999994894489592,0.004311160064609702,0.002462554996250951,0.025726983248449083,7.011849104590287e-5,-1.0,3.5
1191.716528892517,3851.0,1833.0333333333333,15.166666666666666,Inf,3.2333333333333334,0.005469930744116419,7.011849104590287e-5,0.017541935651675056,-0.9999994894489592,0.004311160064609702,0.002462554996250951,0.025726983248449083,7.011849104590287e-5,-1.0,3.5
1196.7823951244354,3867.0,1849.0333333333333,15.166666666666666,Inf,3.2333333333333334,0.005469930744116419,7.011849104590287e-5,0.017541935651675056,-0.9999994894489592,0.004311160064609702,0.002462554996250951,0.025726983248449083,7.011849104590287e-5,-1.0,3.5
1201.8376140594482,3883.0,1865.0333333333333,15.166666666666666,Inf,3.2333333333333334,0.005469930744116419,7.011849104590287e-5,0.017541935651675056,-0.9999994894489592,0.004311160064609702,0.002462554996250951,0.025726983248449083,7.011849104590287e-5,-1.0,3.5
1206.9121630191803,3899.0,1825.7,15.166666666666666,Inf,3.2333333333333334,0.005476146949602173,7.011849104590287e-5,0.017541935651675056,-0.9999994894489592,0.004311160064609702,0.002462554996250951,0.025478471406457162,7.011849104590287e-5,-1.0,3.5
1212.0550351142883,3915.0,1841.7,15.166666666666666,Inf,3.2333333333333334,0.005476146949602173,7.011849104590287e-5,0.017541935651675056,-0.9999994894489592,0.004311160064609702,0.002462554996250951,0.025478471406457162,7.011849104590287e-5,-1.0,3.5
1217.082211971283,3931.0,1847.7333333333333,15.166666666666666,Inf,3.2333333333333334,0.005476146949602173,7.011849104590287e-5,0.017541935651675056,-0.9999994894489592,0.004311160064609702,0.002462554996250951,0.025478471406457162,7.011849104590287e-5,-1.0,3.5
1222.3958070278168,3948.0,1959.5714285714287,14.428571428571429,Inf,3.0714285714285716,0.005476146949602173,7.011849104590287e-5,0.017541935651675056,-0.9999994894489592,0.004311160064609702,0.002462554996250951,0.025478471406457162,7.011849104590287e-5,-1.0,3.5
1227.6587970256805,3965.0,1942.107142857143,14.428571428571429,Inf,3.0714285714285716,0.005476146949602173,7.011849104590287e-5,0.017541935651675056,-0.9999994894489592,0.004311160064609702,0.002462554996250951,0.025478471406457162,7.011849104590287e-5,-1.0,3.5
1232.9648990631104,3982.0,1959.107142857143,14.428571428571429,Inf,3.0714285714285716,0.005476146949602173,7.011849104590287e-5,0.017541935651675056,-0.9999994894489592,0.004311160064609702,0.002462554996250951,0.025478471406457162,7.011849104590287e-5,-1.0,3.5
1238.2313570976257,3999.0,1908.2068965517242,14.827586206896552,Inf,3.1724137931034484,0.005476146949602173,7.011849104590287e-5,0.017541935651675056,-0.9999994894489592,0.004311160064609702,0.002462554996250951,0.025478471406457162,7.011849104590287e-5,-1.0,3.5
1243.3456408977509,4015.0,1924.2068965517242,14.827586206896552,Inf,3.1724137931034484,0.005476146949602173,7.011849104590287e-5,0.017541935651675056,-0.9999994894489592,0.004311160064609702,0.002462554996250951,0.025478471406457162,7.011849104590287e-5,-1.0,3.5
1248.4932169914246,4031.0,1940.2068965517242,14.827586206896552,Inf,3.1724137931034484,0.005476146949602173,7.011849104590287e-5,0.017541935651675056,-0.9999994894489592,0.004311160064609702,0.002462554996250951,0.025478471406457162,7.011849104590287e-5,-1.0,3.5
1253.7802879810333,4048.0,1957.2068965517242,14.827586206896552,Inf,3.1724137931034484,0.005476146949602173,7.011849104590287e-5,0.017541935651675056,-0.9999994894489592,0.004311160064609702,0.002462554996250951,0.025478471406457162,7.011849104590287e-5,-1.0,3.5
1258.829204082489,4064.0,1973.2068965517242,14.827586206896552,Inf,3.1724137931034484,0.005476146949602173,7.011849104590287e-5,0.017541935651675056,-0.9999994894489592,0.004311160064609702,0.002462554996250951,0.025478471406457162,7.011849104590287e-5,-1.0,3.5
1263.885992050171,4080.0,1989.2068965517242,14.827586206896552,Inf,3.1724137931034484,0.005476146949602173,7.011849104590287e-5,0.017541935651675056,-0.9999994894489592,0.004311160064609702,0.002462554996250951,0.025478471406457162,7.011849104590287e-5,-1.0,3.5
1268.9416539669037,4096.0,2005.2068965517242,14.827586206896552,Inf,3.1724137931034484,0.005476146949602173,7.011849104590287e-5,0.017541935651675056,-0.9999994894489592,0.004311160064609702,0.002462554996250951,0.025478471406457162,7.011849104590287e-5,-1.0,3.5
1274.2563650608063,4113.0,2015.103448275862,14.827586206896552,Inf,3.1724137931034484,0.0053239617897794635,7.011849104590287e-5,0.017541935651675056,-0.9999994894489592,0.004311160064609702,0.002462554996250951,0.025130145872954965,7.011849104590287e-5,-1.0,3.5
1279.368824005127,4129.0,2031.103448275862,14.827586206896552,Inf,3.1724137931034484,0.0053239617897794635,7.011849104590287e-5,0.017541935651675056,-0.9999994894489592,0.004311160064609702,0.002462554996250951,0.025130145872954965,7.011849104590287e-5,-1.0,3.5
1284.4030148983002,4145.0,2047.103448275862,14.827586206896552,Inf,3.1724137931034484,0.0053239617897794635,7.011849104590287e-5,0.017541935651675056,-0.9999994894489592,0.004311160064609702,0.002462554996250951,0.025130145872954965,7.011849104590287e-5,-1.0,3.5
1289.7116010189056,4162.0,2009.2758620689656,14.827586206896552,Inf,3.1724137931034484,0.0053239617897794635,7.011849104590287e-5,0.017541935651675056,-0.9999994894489592,0.0043097468924086025,0.002461095214312972,0.025130145872954965,7.011849104590287e-5,-1.0,3.5
1294.7594079971313,4178.0,2025.0689655172414,14.827586206896552,Inf,3.1724137931034484,0.0053239617897794635,7.011849104590287e-5,0.017541935651675056,-0.9999994894489592,0.004498418523660267,0.0031736581609886003,0.025130145872954965,7.011849104590287e-5,-1.0,3.5
1299.7891371250153,4194.0,2041.0689655172414,14.827586206896552,Inf,3.1724137931034484,0.0053239617897794635,7.011849104590287e-5,0.017541935651675056,-0.9999994894489592,0.004498418523660267,0.0031736581609886003,0.025130145872954965,7.011849104590287e-5,-1.0,3.5
1304.9188010692596,4210.0,2056.0,14.827586206896552,Inf,3.1724137931034484,0.0053239617897794635,7.011849104590287e-5,0.017541935651675056,-0.9999994894489592,0.004505170742253964,0.0031736581609886003,0.025130145872954965,7.011849104590287e-5,-1.0,3.5
1310.0515151023865,4226.0,2072.0,14.827586206896552,Inf,3.1724137931034484,0.0053239617897794635,7.011849104590287e-5,0.017541935651675056,-0.9999994894489592,0.004505170742253964,0.0031736581609886003,0.025130145872954965,7.011849104590287e-5,-1.0,3.5
1315.1040410995483,4242.0,2088.0,14.827586206896552,Inf,3.1724137931034484,0.0053239617897794635,7.011849104590287e-5,0.017541935651675056,-0.9999994894489592,0.004505170742253964,0.0031736581609886003,0.025130145872954965,7.011849104590287e-5,-1.0,3.5
1320.179258108139,4258.0,2104.0,14.827586206896552,Inf,3.1724137931034484,0.0053239617897794635,7.011849104590287e-5,0.017541935651675056,-0.9999994894489592,0.004505170742253964,0.0031736581609886003,0.025130145872954965,7.011849104590287e-5,-1.0,3.5
1325.4325330257416,4275.0,2121.0,14.827586206896552,Inf,3.1724137931034484,0.0053239617897794635,7.011849104590287e-5,0.017541935651675056,-0.9999994894489592,0.004505170742253964,0.0031736581609886003,0.025130145872954965,7.011849104590287e-5,-1.0,3.5
1330.4682230949402,4291.0,2137.0,14.827586206896552,Inf,3.1724137931034484,0.0053239617897794635,7.011849104590287e-5,0.017541935651675056,-0.9999994894489592,0.004505170742253964,0.0031736581609886003,0.025130145872954965,7.011849104590287e-5,-1.0,3.5
1335.7001399993896,4308.0,2154.0,14.827586206896552,Inf,3.1724137931034484,0.0053239617897794635,7.011849104590287e-5,0.017541935651675056,-0.9999994894489592,0.004505170742253964,0.0031736581609886003,0.025130145872954965,7.011849104590287e-5,-1.0,3.5
1340.9555180072784,4325.0,2171.0,14.827586206896552,Inf,3.1724137931034484,0.0053239617897794635,7.011849104590287e-5,0.017541935651675056,-0.9999994894489592,0.004505170742253964,0.0031736581609886003,0.025130145872954965,7.011849104590287e-5,-1.0,3.5
1346.101835012436,4341.0,2187.0,14.827586206896552,Inf,3.1724137931034484,0.0053239617897794635,7.011849104590287e-5,0.017541935651675056,-0.9999994894489592,0.004505170742253964,0.0031736581609886003,0.025130145872954965,7.011849104590287e-5,-1.0,3.5
1351.2177999019623,4357.0,2203.0,14.827586206896552,Inf,3.1724137931034484,0.0053239617897794635,7.011849104590287e-5,0.017541935651675056,-0.9999994894489592,0.004505170742253964,0.0031736581609886003,0.025130145872954965,7.011849104590287e-5,-1.0,3.5
1356.343836069107,4373.0,2219.0,14.827586206896552,Inf,3.1724137931034484,0.0053239617897794635,7.011849104590287e-5,0.017541935651675056,-0.9999994894489592,0.004505170742253964,0.0031736581609886003,0.025130145872954965,7.011849104590287e-5,-1.0,3.5
1361.598746061325,4390.0,2236.0,14.827586206896552,Inf,3.1724137931034484,0.0053239617897794635,7.011849104590287e-5,0.017541935651675056,-0.9999994894489592,0.004505170742253964,0.0031736581609886003,0.025130145872954965,7.011849104590287e-5,-1.0,3.5
1366.6073970794678,4406.0,2252.0,14.827586206896552,Inf,3.1724137931034484,0.0053239617897794635,7.011849104590287e-5,0.017541935651675056,-0.9999994894489592,0.004505170742253964,0.0031736581609886003,0.025130145872954965,7.011849104590287e-5,-1.0,3.5
1371.8159220218658,4423.0,2269.0,14.827586206896552,Inf,3.1724137931034484,0.0053239617897794635,7.011849104590287e-5,0.017541935651675056,-0.9999994894489592,0.004505170742253964,0.0031736581609886003,0.025130145872954965,7.011849104590287e-5,-1.0,3.5
1376.833144903183,4439.0,2285.0,14.827586206896552,Inf,3.1724137931034484,0.0053239617897794635,7.011849104590287e-5,0.017541935651675056,-0.9999994894489592,0.004505170742253964,0.0031736581609886003,0.025130145872954965,7.011849104590287e-5,-1.0,3.5
1382.1418390274048,4456.0,2302.0,14.827586206896552,Inf,3.1724137931034484,0.0053239617897794635,7.011849104590287e-5,0.017541935651675056,-0.9999994894489592,0.004505170742253964,0.0031736581609886003,0.025130145872954965,7.011849104590287e-5,-1.0,3.5
1387.3424739837646,4473.0,2232.464285714286,14.285714285714286,Inf,3.0357142857142856,0.0053239617897794635,6.700555940167735e-5,0.017541935651675056,-0.9999995121150274,0.004438596539879135,0.004496423879117351,0.025130145872954965,6.700555940167735e-5,-1.0,3.5
1392.368171930313,4489.0,2159.1071428571427,14.285714285714286,Inf,3.0357142857142856,0.0053239617897794635,6.700555940167735e-5,0.017541935651675056,-0.9999995121150274,0.004438596539879135,0.004496423879117351,0.025130145872954965,6.700555940167735e-5,-1.0,3.5
1397.502669095993,4505.0,2175.1071428571427,14.285714285714286,Inf,3.0357142857142856,0.0053239617897794635,6.700555940167735e-5,0.017541935651675056,-0.9999995121150274,0.004438596539879135,0.004496423879117351,0.025130145872954965,6.700555940167735e-5,-1.0,3.5
1402.5095930099487,4521.0,2020.7142857142858,14.285714285714286,Inf,3.0357142857142856,0.0053239617897794635,6.700555940167735e-5,0.017541935651675056,-0.9999995121150274,0.004438596539879135,0.004496423879117351,0.025130145872954965,6.700555940167735e-5,-1.0,3.5
1407.5354659557343,4537.0,2036.7142857142858,14.285714285714286,Inf,3.0357142857142856,0.0053239617897794635,6.700555940167735e-5,0.017541935651675056,-0.9999995121150274,0.004438596539879135,0.004496423879117351,0.025130145872954965,6.700555940167735e-5,-1.0,3.5
1412.7827730178833,4554.0,2053.714285714286,14.285714285714286,Inf,3.0357142857142856,0.0053239617897794635,6.700555940167735e-5,0.017541935651675056,-0.9999995121150274,0.004438596539879135,0.004496423879117351,0.025130145872954965,6.700555940167735e-5,-1.0,3.5
1417.9263000488281,4571.0,2068.535714285714,14.285714285714286,Inf,3.0357142857142856,0.0053239617897794635,6.700555940167735e-5,0.017541935651675056,-0.9999995121150274,0.004438596539879135,0.004496423879117351,0.025130145872954965,6.700555940167735e-5,-1.0,3.5
1423.1985819339752,4588.0,2085.535714285714,14.285714285714286,Inf,3.0357142857142856,0.0053239617897794635,6.700555940167735e-5,0.017541935651675056,-0.9999995121150274,0.004438596539879135,0.004496423879117351,0.025130145872954965,6.700555940167735e-5,-1.0,3.5
1428.4301800727844,4605.0,2102.535714285714,14.285714285714286,Inf,3.0357142857142856,0.0053239617897794635,6.700555940167735e-5,0.017541935651675056,-0.9999995121150274,0.004438596539879135,0.004496423879117351,0.025130145872954965,6.700555940167735e-5,-1.0,3.5
1433.6462829113007,4622.0,2119.535714285714,14.285714285714286,Inf,3.0357142857142856,0.0053239617897794635,6.700555940167735e-5,0.017541935651675056,-0.9999995121150274,0.004438596539879135,0.004496423879117351,0.025130145872954965,6.700555940167735e-5,-1.0,3.5
1438.9424180984497,4639.0,2112.5,14.285714285714286,Inf,3.0357142857142856,0.0053239617897794635,6.700555940167735e-5,0.017541935651675056,-0.9999995121150274,0.004438596539879135,0.004496423879117351,0.025130145872954965,6.700555940167735e-5,-1.0,3.5
1444.0454020500183,4656.0,2129.5,14.285714285714286,Inf,3.0357142857142856,0.0053239617897794635,6.700555940167735e-5,0.017541935651675056,-0.9999995121150274,0.004438596539879135,0.004496423879117351,0.025130145872954965,6.700555940167735e-5,-1.0,3.5
1449.274859905243,4673.0,2146.5,14.285714285714286,Inf,3.0357142857142856,0.0053239617897794635,6.700555940167735e-5,0.017541935651675056,-0.9999995121150274,0.004438596539879135,0.004496423879117351,0.025130145872954965,6.700555940167735e-5,-1.0,3.5
1454.385845899582,4690.0,2130.285714285714,14.285714285714286,Inf,3.0357142857142856,0.0053239617897794635,6.700555940167735e-5,0.017541935651675056,-0.9999995121150274,0.004438596539879135,0.004496423879117351,0.025130145872954965,6.700555940167735e-5,-1.0,3.5
1459.5671620368958,4707.0,2147.285714285714,14.285714285714286,Inf,3.0357142857142856,0.0053239617897794635,6.700555940167735e-5,0.017541935651675056,-0.9999995121150274,0.004438596539879135,0.004496423879117351,0.025130145872954965,6.700555940167735e-5,-1.0,3.5
1464.6042850017548,4723.0,2163.285714285714,14.285714285714286,Inf,3.0357142857142856,0.0053239617897794635,6.700555940167735e-5,0.017541935651675056,-0.9999995121150274,0.004438596539879135,0.004496423879117351,0.025130145872954965,6.700555940167735e-5,-1.0,3.5
1469.900011062622,4740.0,2180.285714285714,14.285714285714286,Inf,3.0357142857142856,0.0053239617897794635,6.700555940167735e-5,0.017541935651675056,-0.9999995121150274,0.004438596539879135,0.004496423879117351,0.025130145872954965,6.700555940167735e-5,-1.0,3.5
1474.9119129180908,4756.0,2196.285714285714,14.285714285714286,Inf,3.0357142857142856,0.0053239617897794635,6.700555940167735e-5,0.017541935651675056,-0.9999995121150274,0.004438596539879135,0.004496423879117351,0.025130145872954965,6.700555940167735e-5,-1.0,3.5
1480.2298851013184,4773.0,2213.285714285714,14.285714285714286,Inf,3.0357142857142856,0.0053239617897794635,6.700555940167735e-5,0.017541935651675056,-0.9999995121150274,0.004438596539879135,0.004496423879117351,0.025130145872954965,6.700555940167735e-5,-1.0,3.5
1485.4162080287933,4790.0,2230.285714285714,14.285714285714286,Inf,3.0357142857142856,0.0053239617897794635,6.700555940167735e-5,0.017541935651675056,-0.9999995121150274,0.004438596539879135,0.004496423879117351,0.025130145872954965,6.700555940167735e-5,-1.0,3.5
1490.7166709899902,4807.0,2247.285714285714,14.285714285714286,Inf,3.0357142857142856,0.0053239617897794635,6.700555940167735e-5,0.017541935651675056,-0.9999995121150274,0.004438596539879135,0.004496423879117351,0.025130145872954965,6.700555940167735e-5,-1.0,3.5
1496.0206980705261,4824.0,2264.285714285714,14.285714285714286,Inf,3.0357142857142856,0.0053239617897794635,6.700555940167735e-5,0.017541935651675056,-0.9999995121150274,0.004438596539879135,0.004496423879117351,0.025130145872954965,6.700555940167735e-5,-1.0,3.5
1501.1115798950195,4840.0,2280.285714285714,14.285714285714286,Inf,3.0357142857142856,0.0053239617897794635,6.700555940167735e-5,0.017541935651675056,-0.9999995121150274,0.004438596539879135,0.004496423879117351,0.025130145872954965,6.700555940167735e-5,-1.0,3.5
1506.336345911026,4857.0,2287.6071428571427,14.285714285714286,Inf,3.0357142857142856,0.0053239617897794635,6.700555940167735e-5,0.017541935651675056,-0.9999995121150274,0.004438596539879135,0.004496423879117351,0.025130145872954965,6.700555940167735e-5,-1.0,3.5
1511.391345024109,4873.0,2303.6071428571427,14.285714285714286,Inf,3.0357142857142856,0.0053239617897794635,6.700555940167735e-5,0.017541935651675056,-0.9999995121150274,0.004438596539879135,0.004496423879117351,0.025130145872954965,6.700555940167735e-5,-1.0,3.5
1516.509162902832,4889.0,2319.6071428571427,14.285714285714286,Inf,3.0357142857142856,0.0053239617897794635,6.700555940167735e-5,0.017541935651675056,-0.9999995121150274,0.004438596539879135,0.004496423879117351,0.025130145872954965,6.700555940167735e-5,-1.0,3.5
1521.600131034851,4905.0,2335.6071428571427,14.285714285714286,Inf,3.0357142857142856,0.0053239617897794635,6.700555940167735e-5,0.017541935651675056,-0.9999995121150274,0.004438596539879135,0.004496423879117351,0.025130145872954965,6.700555940167735e-5,-1.0,3.5
1526.9223411083221,4922.0,2352.6071428571427,14.285714285714286,Inf,3.0357142857142856,0.0053239617897794635,6.700555940167735e-5,0.017541935651675056,-0.9999995121150274,0.004438596539879135,0.004496423879117351,0.025130145872954965,6.700555940167735e-5,-1.0,3.5
1532.1620149612427,4939.0,2369.6071428571427,14.285714285714286,Inf,3.0357142857142856,0.0053239617897794635,6.700555940167735e-5,0.017541935651675056,-0.9999995121150274,0.004438596539879135,0.004496423879117351,0.025130145872954965,6.700555940167735e-5,-1.0,3.5
1537.435532093048,4956.0,2386.6071428571427,14.285714285714286,Inf,3.0357142857142856,0.0053239617897794635,6.700555940167735e-5,0.017541935651675056,-0.9999995121150274,0.004438596539879135,0.004496423879117351,0.025130145872954965,6.700555940167735e-5,-1.0,3.5
1542.7115619182587,4973.0,2403.6071428571427,14.285714285714286,Inf,3.0357142857142856,0.0053239617897794635,6.700555940167735e-5,0.017541935651675056,-0.9999995121150274,0.004438596539879135,0.004496423879117351,0.025130145872954965,6.700555940167735e-5,-1.0,3.5
1547.9313080310822,4990.0,2420.6071428571427,14.285714285714286,Inf,3.0357142857142856,0.0053239617897794635,6.700555940167735e-5,0.017541935651675056,-0.9999995121150274,0.004438596539879135,0.004496423879117351,0.025130145872954965,6.700555940167735e-5,-1.0,3.5
1553.1940059661865,5007.0,2437.6071428571427,14.285714285714286,Inf,3.0357142857142856,0.0053239617897794635,6.700555940167735e-5,0.017541935651675056,-0.9999995121150274,0.004438596539879135,0.004496423879117351,0.025130145872954965,6.700555940167735e-5,-1.0,3.5
1558.4042210578918,5024.0,2369.8571428571427,14.285714285714286,Inf,3.0357142857142856,0.005091639493318073,6.700555940167735e-5,0.01730717789694991,-0.9999995121150274,0.004438596539879135,0.004496423879117351,0.025979618210522193,6.700555940167735e-5,-1.0,3.5
1563.6601989269257,5041.0,2386.3928571428573,14.285714285714286,Inf,3.0357142857142856,0.005091641649486922,6.700555940167735e-5,0.01730717789694991,-0.9999995121150274,0.004438596539879135,0.004496423879117351,0.02597961266186117,6.700555940167735e-5,-1.0,3.5
1568.9410769939423,5058.0,2403.3928571428573,14.285714285714286,Inf,3.0357142857142856,0.005091641649486922,6.700555940167735e-5,0.01730717789694991,-0.9999995121150274,0.004438596539879135,0.004496423879117351,0.02597961266186117,6.700555940167735e-5,-1.0,3.5
1573.966185092926,5074.0,2419.3928571428573,14.285714285714286,Inf,3.0357142857142856,0.005091641649486922,6.700555940167735e-5,0.01730717789694991,-0.9999995121150274,0.004438596539879135,0.004496423879117351,0.02597961266186117,6.700555940167735e-5,-1.0,3.5
1579.1778650283813,5091.0,2436.3928571428573,14.285714285714286,Inf,3.0357142857142856,0.005091641649486922,6.700555940167735e-5,0.01730717789694991,-0.9999995121150274,0.004438596539879135,0.004496423879117351,0.02597961266186117,6.700555940167735e-5,-1.0,3.5
1584.411192893982,5108.0,2453.3928571428573,14.285714285714286,Inf,3.0357142857142856,0.005091641649486922,6.700555940167735e-5,0.01730717789694991,-0.9999995121150274,0.004438596539879135,0.004496423879117351,0.02597961266186117,6.700555940167735e-5,-1.0,3.5
1589.6114161014557,5125.0,2470.3928571428573,14.285714285714286,Inf,3.0357142857142856,0.005091641649486922,6.700555940167735e-5,0.01730717789694991,-0.9999995121150274,0.004438596539879135,0.004496423879117351,0.02597961266186117,6.700555940167735e-5,-1.0,3.5
1594.8243939876556,5142.0,2487.3928571428573,14.285714285714286,Inf,3.0357142857142856,0.005091641649486922,6.700555940167735e-5,0.01730717789694991,-0.9999995121150274,0.004438596539879135,0.004496423879117351,0.02597961266186117,6.700555940167735e-5,-1.0,3.5
1600.0544590950012,5159.0,2504.3928571428573,14.285714285714286,Inf,3.0357142857142856,0.005091641649486922,6.700555940167735e-5,0.01730717789694991,-0.9999995121150274,0.004438596539879135,0.004496423879117351,0.02597961266186117,6.700555940167735e-5,-1.0,3.5
1605.255989074707,5176.0,2521.3928571428573,14.285714285714286,Inf,3.0357142857142856,0.005091641649486922,6.700555940167735e-5,0.01730717789694991,-0.9999995121150274,0.004438596539879135,0.004496423879117351,0.02597961266186117,6.700555940167735e-5,-1.0,3.5
1610.5750539302826,5193.0,2538.3928571428573,14.285714285714286,Inf,3.0357142857142856,0.005091641649486922,6.700555940167735e-5,0.01730717789694991,-0.9999995121150274,0.004438596539879135,0.004496423879117351,0.02597961266186117,6.700555940167735e-5,-1.0,3.5
1615.6945440769196,5210.0,2555.3928571428573,14.285714285714286,Inf,3.0357142857142856,0.005091641649486922,6.700555940167735e-5,0.01730717789694991,-0.9999995121150274,0.004438596539879135,0.004496423879117351,0.02597961266186117,6.700555940167735e-5,-1.0,3.5
1620.7522089481354,5227.0,2572.3928571428573,14.285714285714286,Inf,3.0357142857142856,0.005091641649486922,6.700555940167735e-5,0.01730717789694991,-0.9999995121150274,0.004438596539879135,0.004496423879117351,0.02597961266186117,6.700555940167735e-5,-1.0,3.5
1626.0070950984955,5244.0,2589.3928571428573,14.285714285714286,Inf,3.0357142857142856,0.005091641649486922,6.700555940167735e-5,0.01730717789694991,-0.9999995121150274,0.004438596539879135,0.004496423879117351,0.02597961266186117,6.700555940167735e-5,-1.0,3.5
1631.1191639900208,5261.0,2606.3928571428573,14.285714285714286,Inf,3.0357142857142856,0.005091641649486922,6.700555940167735e-5,0.01730717789694991,-0.9999995121150274,0.004438596539879135,0.004496423879117351,0.02597961266186117,6.700555940167735e-5,-1.0,3.5
1636.3474879264832,5278.0,2623.3928571428573,14.285714285714286,Inf,3.0357142857142856,0.005091641649486922,6.700555940167735e-5,0.01730717789694991,-0.9999995121150274,0.004438596539879135,0.004496423879117351,0.02597961266186117,6.700555940167735e-5,-1.0,3.5
1641.3802359104156,5294.0,2639.3928571428573,14.285714285714286,Inf,3.0357142857142856,0.005091641649486922,6.700555940167735e-5,0.01730717789694991,-0.9999995121150274,0.004438596539879135,0.004496423879117351,0.02597961266186117,6.700555940167735e-5,-1.0,3.5
1646.413253068924,5310.0,2655.3928571428573,14.285714285714286,Inf,3.0357142857142856,0.005091641649486922,6.700555940167735e-5,0.01730717789694991,-0.9999995121150274,0.004438596539879135,0.004496423879117351,0.02597961266186117,6.700555940167735e-5,-1.0,3.5
1651.6272490024567,5327.0,2672.3928571428573,14.285714285714286,Inf,3.0357142857142856,0.005091641649486922,6.700555940167735e-5,0.01730717789694991,-0.9999995121150274,0.004438596539879135,0.004496423879117351,0.02597961266186117,6.700555940167735e-5,-1.0,3.5
1656.8211209774017,5344.0,2689.3928571428573,14.285714285714286,Inf,3.0357142857142856,0.005091641649486922,6.700555940167735e-5,0.01730717789694991,-0.9999995121150274,0.004438596539879135,0.004496423879117351,0.02597961266186117,6.700555940167735e-5,-1.0,3.5
1662.0489370822906,5361.0,2682.214285714286,14.285714285714286,Inf,3.0357142857142856,0.005091641649486922,6.700555940167735e-5,0.01730717789694991,-0.9999995121150274,0.004438596539879135,0.004496423879117351,0.02597961266186117,6.700555940167735e-5,-1.0,3.5
1667.2407410144806,5378.0,2621.1428571428573,14.285714285714286,Inf,3.0357142857142856,0.005091641649486922,6.700555940167735e-5,0.01730717789694991,-0.9999995121150274,0.004438596539879135,0.004496423879117351,0.02597961266186117,6.700555940167735e-5,-1.0,3.5
1672.343132019043,5395.0,2638.1428571428573,14.285714285714286,Inf,3.0357142857142856,0.005091641649486922,6.700555940167735e-5,0.01730717789694991,-0.9999995121150274,0.004438596539879135,0.004496423879117351,0.02597961266186117,6.700555940167735e-5,-1.0,3.5
1677.5297660827637,5412.0,2482.5714285714284,14.285714285714286,Inf,3.0357142857142856,0.005091434558407426,6.700555940167735e-5,0.01730717789694991,-0.9999995121150274,0.004438596539879135,0.004496423879117351,0.025973409099254902,6.700555940167735e-5,-1.0,3.5
1682.6141250133514,5429.0,2499.5714285714284,14.285714285714286,Inf,3.0357142857142856,0.005091434558407426,6.700555940167735e-5,0.01730717789694991,-0.9999995121150274,0.004438596539879135,0.004496423879117351,0.025973409099254902,6.700555940167735e-5,-1.0,3.5
1687.7120339870453,5446.0,2516.5714285714284,14.285714285714286,Inf,3.0357142857142856,0.005091434558407426,6.700555940167735e-5,0.01730717789694991,-0.9999995121150274,0.004438596539879135,0.004496423879117351,0.025973409099254902,6.700555940167735e-5,-1.0,3.5
1692.8946208953857,5463.0,2533.5714285714284,14.285714285714286,Inf,3.0357142857142856,0.005091434558407426,6.700555940167735e-5,0.01730717789694991,-0.9999995121150274,0.004438596539879135,0.004496423879117351,0.025973409099254902,6.700555940167735e-5,-1.0,3.5
1698.0422179698944,5480.0,2516.1428571428573,14.285714285714286,Inf,3.0357142857142856,0.005091434558407426,6.700555940167735e-5,0.01730717789694991,-0.9999995121150274,0.004438596539879135,0.004496423879117351,0.025973409099254902,6.700555940167735e-5,-1.0,3.5
1703.2144770622253,5497.0,2533.1428571428573,14.285714285714286,Inf,3.0357142857142856,0.005091434558407426,6.700555940167735e-5,0.01730717789694991,-0.9999995121150274,0.004438596539879135,0.004496423879117351,0.025973409099254902,6.700555940167735e-5,-1.0,3.5
1708.4337921142578,5514.0,2546.8214285714284,14.285714285714286,Inf,3.0357142857142856,0.005091434558407426,6.700555940167735e-5,0.01730717789694991,-0.9999995121150274,0.004438596539879135,0.004496423879117351,0.025973409099254902,6.700555940167735e-5,-1.0,3.5
1713.6340820789337,5531.0,2475.4827586206898,14.689655172413794,Inf,3.1379310344827585,0.005091434558407426,6.700555940167735e-5,0.01730717789694991,-0.9999995121150274,0.004438596539879135,0.004496423879117351,0.025973409099254902,6.700555940167735e-5,-1.0,3.5
1718.7324860095978,5548.0,2414.2413793103447,14.689655172413794,Inf,3.1379310344827585,0.005091434558407426,6.700555940167735e-5,0.01730717789694991,-0.9999995121150274,0.004438596539879135,0.004496423879117351,0.025973409099254902,6.700555940167735e-5,-1.0,3.5
1723.9208989143372,5565.0,2431.2413793103447,14.689655172413794,Inf,3.1379310344827585,0.005091434558407426,6.700555940167735e-5,0.01730717789694991,-0.9999995121150274,0.004438596539879135,0.004496423879117351,0.025973409099254902,6.700555940167735e-5,-1.0,3.5
1729.0163950920105,5582.0,2447.3793103448274,14.689655172413794,Inf,3.1379310344827585,0.005091434558407426,6.700555940167735e-5,0.01730717789694991,-0.9999995121150274,0.004438596539879135,0.004496423879117351,0.025973409099254902,6.700555940167735e-5,-1.0,3.5
1734.0936560630798,5599.0,2457.862068965517,14.689655172413794,Inf,3.1379310344827585,0.005086823911797394,6.700555940167735e-5,0.01730717789694991,-0.9999995121150274,0.004438596539879135,0.004496423879117351,0.025925811387611006,6.700555940167735e-5,-1.0,3.5
1739.2104649543762,5616.0,2474.862068965517,14.689655172413794,Inf,3.1379310344827585,0.005086823911797394,6.700555940167735e-5,0.01730717789694991,-0.9999995121150274,0.004438596539879135,0.004496423879117351,0.025925811387611006,6.700555940167735e-5,-1.0,3.5
1744.3828389644623,5633.0,2491.862068965517,14.689655172413794,Inf,3.1379310344827585,0.005086823911797394,6.700555940167735e-5,0.01730717789694991,-0.9999995121150274,0.004438596539879135,0.004496423879117351,0.025925811387611006,6.700555940167735e-5,-1.0,3.5
1749.4200739860535,5650.0,2508.862068965517,14.689655172413794,Inf,3.1379310344827585,0.005086823911797394,6.700555940167735e-5,0.01730717789694991,-0.9999995121150274,0.004438596539879135,0.004496423879117351,0.025925811387611006,6.700555940167735e-5,-1.0,3.5
1754.5292160511017,5667.0,2525.862068965517,14.689655172413794,Inf,3.1379310344827585,0.005086823911797394,6.700555940167735e-5,0.01730717789694991,-0.9999995121150274,0.004438596539879135,0.004496423879117351,0.025925811387611006,6.700555940167735e-5,-1.0,3.5
1759.6469900608063,5684.0,2542.862068965517,14.689655172413794,Inf,3.1379310344827585,0.005086823911797394,6.700555940167735e-5,0.01730717789694991,-0.9999995121150274,0.004438596539879135,0.004496423879117351,0.025925811387611006,6.700555940167735e-5,-1.0,3.5
1764.8008770942688,5701.0,2559.862068965517,14.689655172413794,Inf,3.1379310344827585,0.005086823911797394,6.700555940167735e-5,0.01730717789694991,-0.9999995121150274,0.004438596539879135,0.004496423879117351,0.025925811387611006,6.700555940167735e-5,-1.0,3.5
1769.9445009231567,5718.0,2576.862068965517,14.689655172413794,Inf,3.1379310344827585,0.005086823911797394,6.700555940167735e-5,0.01730717789694991,-0.9999995121150274,0.004438596539879135,0.004496423879117351,0.025925811387611006,6.700555940167735e-5,-1.0,3.5
1775.0355939865112,5735.0,2593.862068965517,14.689655172413794,Inf,3.1379310344827585,0.005086823911797394,6.700555940167735e-5,0.01730717789694991,-0.9999995121150274,0.004438596539879135,0.004496423879117351,0.025925811387611006,6.700555940167735e-5,-1.0,3.5
1780.0743141174316,5752.0,2610.862068965517,14.689655172413794,Inf,3.1379310344827585,0.005086823911797394,6.700555940167735e-5,0.01730717789694991,-0.9999995121150274,0.004438596539879135,0.004496423879117351,0.025925811387611006,6.700555940167735e-5,-1.0,3.5
1785.3468089103699,5770.0,2628.862068965517,14.689655172413794,Inf,3.1379310344827585,0.005086823911797394,6.700555940167735e-5,0.01730717789694991,-0.9999995121150274,0.004438596539879135,0.004496423879117351,0.025925811387611006,6.700555940167735e-5,-1.0,3.5
1790.4611229896545,5787.0,2645.862068965517,14.689655172413794,Inf,3.1379310344827585,0.005086823911797394,6.700555940167735e-5,0.01730717789694991,-0.9999995121150274,0.004438596539879135,0.004496423879117351,0.025925811387611006,6.700555940167735e-5,-1.0,3.5
1795.5202848911285,5804.0,2574.1666666666665,15.2,Inf,3.2666666666666666,0.004757651396202672,6.585312279567935e-5,0.01730717789694991,-0.9999995205062192,0.004438596539879135,0.004496423879117351,0.024641415072805276,6.585312279567935e-5,-1.0,3.5
