time,generation,mean age hall_of_fame,mean compl,mean recursive_compl,mean n_params,min mae,min mse,min max_ae,min minus_r2,min mare,min q75_are,min max_are,min ms_processed_e,min minus_spearman,max penalty
13.440493106842041,1.0,0.0,10.0,6.135762087142857e8,1.4285714285714286,4.554286849984066e-7,3.147087140128404e-13,1.775566165718978e-6,-0.9811431270144079,0.2545379285140277,0.37884303527607766,0.6900186041159044,3.147087140128404e-13,-0.9953803955223931,1.0
18.537435054779053,11.0,4.4,7.1,257.9,1.2,2.092897419895292e-7,1.01574554424581e-13,1.351523051009637e-6,-0.9939138054141256,0.14668514584942585,0.21538849285752032,0.4044780755358871,1.01574554424581e-13,-0.9953803955223931,1.0
23.80685305595398,23.0,11.090909090909092,7.2727272727272725,243.1818181818182,1.1818181818181819,2.092897419895292e-7,1.01574554424581e-13,1.351523051009637e-6,-0.9939138054141256,0.14668514584942585,0.21538849285752032,0.4044780755358871,1.01574554424581e-13,-0.9953803955223931,1.0
29.152634143829346,38.0,14.75,8.75,699302.25,1.5833333333333333,1.6737002330926073e-7,8.343048375696043e-14,1.2149774673607165e-6,-0.9950009708492936,0.0964562748600207,0.13606174394205175,0.32934046787127563,8.343048375696043e-14,-0.9955251109383669,1.0
34.419520139694214,51.0,19.076923076923077,9.923076923076923,295.6923076923077,1.6923076923076923,1.6183869693677837e-7,7.93133720675379e-14,1.1348371217584782e-6,-0.9952476619917313,0.10900299630616156,0.15941197962551762,0.36650865459054094,7.93133720675379e-14,-0.9954527558601379,1.0
39.51875114440918,63.0,15.9375,11.5,1.88793090625e7,1.875,1.4549155971972345e-7,7.518252830425915e-14,1.1837043865290735e-6,-0.9954951759393886,0.08407207788233988,0.12433801877169559,0.33306544458426673,7.518252830425915e-14,-0.9954527558601379,1.0
44.69591307640076,72.0,24.833333333333332,8.166666666666666,4.243824950696846e88,1.3333333333333333,1.3418945156678228e-7,7.459037303903018e-14,1.1837043865290735e-6,-0.9955306569925879,0.04707763157546962,0.06879733600316387,0.13368234556525807,7.459037303903018e-14,-0.9954527558601379,1.0
50.0459041595459,84.0,34.23076923076923,9.384615384615385,1.382840872971012e307,1.4615384615384615,1.3418945156678228e-7,7.456011640434665e-14,1.1837043865290735e-6,-0.995532469924648,0.04707763157546962,0.06879733600316387,0.13368234556525807,7.456011640434665e-14,-0.9954527558601379,1.0
55.379822969436646,96.0,38.84615384615385,9.153846153846153,1.8740988483461538e287,1.4615384615384615,1.307483429736464e-7,7.305111055668583e-14,1.1837043865290735e-6,-0.9956228872862807,0.0410936041277585,0.05594971404810886,0.11256391082505032,7.305111055668583e-14,-0.9955251109383669,1.0
60.76824116706848,108.0,44.166666666666664,8.25,1.4980776123852632e307,1.3333333333333333,1.2996801058363942e-7,6.833841917881508e-14,1.1671198789687657e-6,-0.9959052646682084,0.04111064841604776,0.056101844085905725,0.12851135122012305,6.833841917881508e-14,-0.9955251109383669,1.0
66.08906102180481,120.0,49.30769230769231,9.0,1.382840872971012e307,1.4615384615384615,1.2996801058363942e-7,6.833841917881508e-14,1.1671198789687657e-6,-0.9959052646682084,0.04111064841604776,0.056101844085905725,0.12851135122012305,6.833841917881508e-14,-0.9955251109383669,1.0
71.53476309776306,132.0,59.61538461538461,9.0,1.382840872971012e307,1.4615384615384615,1.2996801058363942e-7,6.833841917881508e-14,1.1671198789687657e-6,-0.9959052646682084,0.04111064841604776,0.056101844085905725,0.12851135122012305,6.833841917881508e-14,-0.9955251109383669,1.0
76.53851103782654,143.0,61.285714285714285,9.571428571428571,1.2840665249016541e307,1.5,1.2996801058363942e-7,6.833841917881508e-14,1.0756191384073865e-6,-0.9959052646682084,0.041087584465378676,0.05607427535371535,0.12851135122012305,6.833841917881508e-14,-0.9955251109383669,1.0
81.77805995941162,155.0,57.8,9.6,1.1984620899082106e307,1.4666666666666666,1.2996801058363942e-7,6.833841917881508e-14,1.0756191384073865e-6,-0.9959052646682084,0.041087584465378676,0.05607427535371535,0.12851135122012305,6.833841917881508e-14,-0.9955251109383669,1.0
87.12290215492249,167.0,59.75,10.25,1.1235582092889473e307,1.625,1.2996801058363942e-7,6.833841917881508e-14,1.0756191384073865e-6,-0.9959052646682084,0.041087584465378676,0.05607427535371535,0.12851135122012305,6.833841917881508e-14,-0.9953803955223931,1.0
92.33944797515869,179.0,62.470588235294116,11.176470588235293,1.0574665499190092e307,1.7058823529411764,1.2996801058363942e-7,6.753341807143597e-14,1.0756191384073865e-6,-0.99595349912426,0.04111064841604776,0.05607427535371535,0.12851135122012305,6.753341807143597e-14,-0.9955251109383669,1.0
97.53957915306091,191.0,78.46666666666667,10.533333333333333,1.1984620899082106e307,1.6666666666666667,1.2996801058363942e-7,6.753341807143597e-14,1.0756191384073865e-6,-0.99595349912426,0.04111064841604776,0.05864296786119058,0.12851135122012305,6.753341807143597e-14,-0.9955251109383669,1.0
102.93152117729187,203.0,78.86666666666666,10.533333333333333,1.1984620899082106e307,1.6666666666666667,1.2996801058363942e-7,6.753341807143597e-14,1.0756191384073865e-6,-0.99595349912426,0.04111064841604776,0.05864296786119058,0.12851135122012305,6.753341807143597e-14,-0.9955251109383669,1.0
108.27988696098328,215.0,90.06666666666666,10.533333333333333,1.1984620899082106e307,1.6666666666666667,1.2996801058363942e-7,6.753341807143597e-14,1.0756191384073865e-6,-0.99595349912426,0.04111064841604776,0.05864296786119058,0.12851135122012305,6.753341807143597e-14,-0.9955251109383669,1.0
113.58459997177124,227.0,102.06666666666666,10.533333333333333,1.1984620899082106e307,1.6666666666666667,1.2996801058363942e-7,6.753341807143597e-14,1.0756191384073865e-6,-0.99595349912426,0.04111064841604776,0.05864296786119058,0.12851135122012305,6.753341807143597e-14,-0.9955251109383669,1.0
118.8228690624237,239.0,101.8125,11.3125,Inf,1.75,1.2996801058363942e-7,6.579580171528483e-14,1.0509097127422144e-6,-0.9960576144838502,0.04111064841604776,0.05864296786119058,0.1253730513040923,6.579580171528483e-14,-0.9955251109383669,1.0
124.21976494789124,251.0,113.6875,11.3125,Inf,1.75,1.2996801058363942e-7,6.579580171528483e-14,1.0509097127422144e-6,-0.9960576144838502,0.04111064841604776,0.05864296786119058,0.1253730513040923,6.579580171528483e-14,-0.9955251109383669,1.0
129.58247113227844,263.0,124.3125,11.3125,Inf,1.75,1.2996801058363942e-7,6.579580171528483e-14,1.0509097127422144e-6,-0.9960576144838502,0.04111064841604776,0.05864296786119058,0.1253730513040923,6.579580171528483e-14,-0.9955251109383669,1.0
134.85081696510315,275.0,123.29411764705883,12.235294117647058,Inf,1.9411764705882353,1.2996801058363942e-7,6.579580171528483e-14,1.0509097127422144e-6,-0.9960576144838502,0.04111064841604776,0.05864296786119058,0.1253730513040923,6.579580171528483e-14,-0.9955251109383669,1.0
140.22752904891968,287.0,132.35294117647058,12.235294117647058,Inf,1.9411764705882353,1.2996801058363942e-7,6.423430286519234e-14,1.0650290469519444e-6,-0.9961511771472665,0.04111064841604776,0.05864296786119058,0.1253730513040923,6.423430286519234e-14,-0.9955251109383669,1.0
145.35412311553955,299.0,126.17647058823529,11.647058823529411,8.879911587815391e167,1.8235294117647058,1.3045431860202562e-7,6.423430286519234e-14,1.0407658288460838e-6,-0.9961511771472665,0.04258805396899632,0.05864296786119058,0.15881952003465766,6.423430286519234e-14,-0.9955974607582263,1.0
150.52819108963013,311.0,129.6,10.2,1.84844646274721e128,1.6,1.3086649792266365e-7,6.423430286519234e-14,1.0625993216418928e-6,-0.9961511771472665,0.04322177449404865,0.05864296786119058,0.1605372142414934,6.423430286519234e-14,-0.9955251109383669,1.0
155.71862196922302,323.0,140.26666666666668,10.2,1.84844646274721e128,1.6,1.3086649792266365e-7,6.423430286519234e-14,1.0625993216418928e-6,-0.9961511771472665,0.04322177449404865,0.05864296786119058,0.1605372142414934,6.423430286519234e-14,-0.9955251109383669,1.0
160.82181406021118,335.0,152.26666666666668,10.2,1.84844646274721e128,1.6,1.3086649792266365e-7,6.423430286519234e-14,1.0625993216418928e-6,-0.9961511771472665,0.04322177449404865,0.05864296786119058,0.1605372142414934,6.423430286519234e-14,-0.9955251109383669,1.0
165.89696216583252,347.0,162.26666666666668,10.2,1.84844646274721e128,1.6,1.3086649792266365e-7,6.423430286519234e-14,1.0625993216418928e-6,-0.9961511771472665,0.04322177449404865,0.05864296786119058,0.1605372142414934,6.423430286519234e-14,-0.9955251109383669,1.0
170.9788761138916,359.0,174.26666666666668,10.2,1.84844646274721e128,1.6,1.3086649792266365e-7,6.423430286519234e-14,1.0625993216418928e-6,-0.9961511771472665,0.04322177449404865,0.05864296786119058,0.1605372142414934,6.423430286519234e-14,-0.9955251109383669,1.0
176.15818095207214,371.0,186.26666666666668,10.2,1.84844646274721e128,1.6,1.3086649792266365e-7,6.423430286519234e-14,1.0625993216418928e-6,-0.9961511771472665,0.04322177449404865,0.05864296786119058,0.1605372142414934,6.423430286519234e-14,-0.9955251109383669,1.0
181.30551505088806,383.0,198.26666666666668,10.2,1.84844646274721e128,1.6,1.3086649792266365e-7,6.423430286519234e-14,1.0625993216418928e-6,-0.9961511771472665,0.04322177449404865,0.05864296786119058,0.1605372142414934,6.423430286519234e-14,-0.9955251109383669,1.0
186.3978681564331,395.0,203.07142857142858,9.714285714285714,1.4836039346242528e33,1.5714285714285714,1.3488215974422916e-7,6.423430286519234e-14,1.0625993216418928e-6,-0.9961511771472665,0.04859055412342963,0.06798553969597182,0.18269679045996715,6.423430286519234e-14,-0.9955251109383669,1.0
191.6082890033722,407.0,215.07142857142858,9.714285714285714,1.4836039346242528e33,1.5714285714285714,1.3488215974422916e-7,6.423430286519234e-14,1.0625993216418928e-6,-0.9961511771472665,0.04859055412342963,0.06798553969597182,0.18269679045996715,6.423430286519234e-14,-0.9955251109383669,1.0
196.79233813285828,419.0,212.26666666666668,10.266666666666667,3.395059960557477e88,1.6666666666666667,1.3135842420314813e-7,6.423430286519234e-14,1.0625993216418928e-6,-0.9961511771472665,0.04859055412342963,0.0651499000599343,0.13058271145996386,6.423430286519234e-14,-0.9955251109383669,1.0
202.10785102844238,431.0,224.26666666666668,10.266666666666667,3.395059960557477e88,1.6666666666666667,1.3135842420314813e-7,6.423430286519234e-14,1.0625993216418928e-6,-0.9961511771472665,0.04859055412342963,0.0651499000599343,0.13058271145996386,6.423430286519234e-14,-0.9955251109383669,1.0
207.26000308990479,443.0,222.1875,11.25,3.1828687130226345e88,1.875,1.3135842420314813e-7,6.423430286519234e-14,1.0625993216418928e-6,-0.9961511771472665,0.04859055412342963,0.0651499000599343,0.13058271145996386,6.423430286519234e-14,-0.9955251109383669,1.0
212.3524980545044,455.0,234.1875,11.25,3.1828687130226345e88,1.875,1.3135842420314813e-7,6.423430286519234e-14,1.0625993216418928e-6,-0.9961511771472665,0.04859055412342963,0.0651499000599343,0.13058271145996386,6.423430286519234e-14,-0.9955251109383669,1.0
217.40430307388306,467.0,230.25,11.25,3.1828687130226345e88,1.875,1.3135842420314813e-7,6.423430286519234e-14,1.0625993216418928e-6,-0.9961511771472665,0.04859055412342963,0.0651499000599343,0.13058271145996386,6.423430286519234e-14,-0.9955251109383669,1.0
222.51531314849854,479.0,242.53333333333333,9.8,3.395059960557477e88,1.5333333333333334,1.3135842420314813e-7,6.362088396194808e-14,1.0118384026095812e-6,-0.9961879322856863,0.042688419630221845,0.06381018021196672,0.13058271145996386,6.362088396194808e-14,-0.9955251109383669,1.0
227.92663598060608,492.0,255.53333333333333,9.8,3.395059960557477e88,1.5333333333333334,1.3135842420314813e-7,6.362088396194808e-14,1.0118384026095812e-6,-0.9961879322856863,0.042688419630221845,0.06381018021196672,0.13058271145996386,6.362088396194808e-14,-0.9955251109383669,1.0
232.97861313819885,504.0,265.4,9.733333333333333,3.395059960557477e88,1.5333333333333334,1.3102197423075012e-7,6.361021644444025e-14,1.0625993216418928e-6,-0.9961885714672969,0.0420906924732315,0.061121011575771884,0.1268908702825228,6.361021644444025e-14,-0.9955251109383669,1.0
238.37915301322937,517.0,262.0,9.733333333333333,3.395059960557477e88,1.5333333333333334,1.3102197423075012e-7,6.361021644444025e-14,1.0625993216418928e-6,-0.9961885714672969,0.0420906924732315,0.061121011575771884,0.1268908702825228,6.361021644444025e-14,-0.9955251109383669,1.0
243.78191614151,530.0,275.0,9.733333333333333,3.395059960557477e88,1.5333333333333334,1.3102197423075012e-7,6.361021644444025e-14,1.0625993216418928e-6,-0.9961885714672969,0.0420906924732315,0.061121011575771884,0.1268908702825228,6.361021644444025e-14,-0.9955251109383669,1.0
249.18484902381897,543.0,257.3125,10.125,3.1828687130226345e88,1.5625,1.3102197423075012e-7,6.361021644444025e-14,1.0625993216418928e-6,-0.9961885714672969,0.0420906924732315,0.061121011575771884,0.1268908702825228,6.361021644444025e-14,-0.9955251109383669,1.0
254.26002597808838,555.0,269.3125,10.125,3.1828687130226345e88,1.5625,1.3102197423075012e-7,6.361021644444025e-14,1.0625993216418928e-6,-0.9961885714672969,0.0420906924732315,0.061121011575771884,0.1268908702825228,6.361021644444025e-14,-0.9955251109383669,1.0
259.32894706726074,567.0,281.3125,10.125,3.1828687130226345e88,1.5625,1.3102197423075012e-7,6.361021644444025e-14,1.0625993216418928e-6,-0.9961885714672969,0.0420906924732315,0.061121011575771884,0.1268908702825228,6.361021644444025e-14,-0.9955251109383669,1.0
264.3540110588074,579.0,293.3125,10.125,3.1828687130226345e88,1.5625,1.3102197423075012e-7,6.361021644444025e-14,1.0625993216418928e-6,-0.9961885714672969,0.0420906924732315,0.061121011575771884,0.1268908702825228,6.361021644444025e-14,-0.9955251109383669,1.0
269.7059979438782,592.0,288.88235294117646,10.352941176470589,2.995641141668362e88,1.5294117647058822,1.277883779926532e-7,6.361021644444025e-14,1.0625993216418928e-6,-0.9961885714672969,0.038551389260995585,0.058123236542795234,0.11706559847239822,6.361021644444025e-14,-0.9955251109383669,1.0
274.7495529651642,604.0,300.88235294117646,10.352941176470589,2.995641141668362e88,1.5294117647058822,1.277883779926532e-7,6.361021644444025e-14,1.0625993216418928e-6,-0.9961885714672969,0.038551389260995585,0.058123236542795234,0.11706559847239822,6.361021644444025e-14,-0.9955251109383669,1.0
279.8377161026001,616.0,312.88235294117646,10.352941176470589,2.995641141668362e88,1.5294117647058822,1.277883779926532e-7,6.361021644444025e-14,1.0625993216418928e-6,-0.9961885714672969,0.038551389260995585,0.058123236542795234,0.11706559847239822,6.361021644444025e-14,-0.9955251109383669,1.0
284.8543131351471,628.0,322.8235294117647,10.352941176470589,2.995641141668362e88,1.5294117647058822,1.2778837796875547e-7,6.361021644444025e-14,1.0625993216418928e-6,-0.9961885714672969,0.038551389251732016,0.05812323656861254,0.11706559840713211,6.361021644444025e-14,-0.9955251109383669,1.0
289.94339895248413,640.0,328.0,10.352941176470589,2.995641141668362e88,1.5294117647058822,1.2778837796875547e-7,6.361021644444025e-14,1.0625993216418928e-6,-0.9961885714672969,0.038551389251732016,0.05812323656861254,0.11706559840713211,6.361021644444025e-14,-0.9953803955223931,1.0
295.01809096336365,652.0,340.0,10.352941176470589,2.995641141668362e88,1.5294117647058822,1.2778837796875547e-7,6.361021644444025e-14,1.0625993216418928e-6,-0.9961885714672969,0.038551389251732016,0.05812323656861254,0.11706559840713211,6.361021644444025e-14,-0.9953803955223931,1.0
300.12380599975586,664.0,352.0,10.352941176470589,2.995641141668362e88,1.5294117647058822,1.2778837796875547e-7,6.361021644444025e-14,1.0625993216418928e-6,-0.9961885714672969,0.038551389251732016,0.05812323656861254,0.11706559840713211,6.361021644444025e-14,-0.9953803955223931,1.0
305.221675157547,676.0,326.52941176470586,10.352941176470589,2.995641141668362e88,1.5294117647058822,1.2778837796875547e-7,6.361021644444025e-14,1.0625993216418928e-6,-0.9961885714672969,0.038551389251732016,0.05812323656861254,0.11706559840713211,6.361021644444025e-14,-0.9953803955223931,1.0
310.2913200855255,688.0,338.52941176470586,10.352941176470589,2.995641141668362e88,1.5294117647058822,1.2778837796875547e-7,6.361021644444025e-14,1.0625993216418928e-6,-0.9961885714672969,0.038551389251732016,0.05812323656861254,0.11706559840713211,6.361021644444025e-14,-0.9953803955223931,1.0
315.39834904670715,700.0,350.52941176470586,10.352941176470589,2.995641141668362e88,1.5294117647058822,1.2778837796875547e-7,6.361021644444025e-14,1.0625993216418928e-6,-0.9961885714672969,0.038551389251732016,0.05812323656861254,0.11706559840713211,6.361021644444025e-14,-0.9953803955223931,1.0
320.5030679702759,712.0,362.52941176470586,10.352941176470589,2.995641141668362e88,1.5294117647058822,1.2778837796875547e-7,6.361021644444025e-14,1.0625993216418928e-6,-0.9961885714672969,0.038551389251732016,0.05812323656861254,0.11706559840713211,6.361021644444025e-14,-0.9953803955223931,1.0
325.5456819534302,724.0,335.52941176470586,10.352941176470589,2.995641141668362e88,1.5294117647058822,1.2778837796875547e-7,6.361021644444025e-14,1.0625993216418928e-6,-0.9961885714672969,0.038551389251732016,0.05812323656861254,0.11706559840713211,6.361021644444025e-14,-0.9953803955223931,1.0
330.65785813331604,736.0,347.52941176470586,10.352941176470589,2.995641141668362e88,1.5294117647058822,1.2778837796875547e-7,6.361021644444025e-14,1.0625993216418928e-6,-0.9961885714672969,0.038551389251732016,0.05812323656861254,0.11706559840713211,6.361021644444025e-14,-0.9953803955223931,1.0
336.04862809181213,749.0,360.52941176470586,10.352941176470589,2.995641141668362e88,1.5294117647058822,1.2778837796875547e-7,6.361021644444025e-14,1.0625993216418928e-6,-0.9961885714672969,0.038551389251732016,0.05812323656861254,0.11706559840713211,6.361021644444025e-14,-0.9953803955223931,1.0
341.23662209510803,761.0,372.52941176470586,10.352941176470589,2.995641141668362e88,1.5294117647058822,1.2778837796875547e-7,6.361021644444025e-14,1.0625993216418928e-6,-0.9961885714672969,0.038551389251732016,0.05812323656861254,0.11706559840713211,6.361021644444025e-14,-0.9953803955223931,1.0
346.50216698646545,773.0,384.52941176470586,10.352941176470589,2.995641141668362e88,1.5294117647058822,1.2778837796875547e-7,6.361021644444025e-14,1.0625993216418928e-6,-0.9961885714672969,0.038551389251732016,0.05812323656861254,0.11706559840713211,6.361021644444025e-14,-0.9953803955223931,1.0
351.7187099456787,785.0,382.05882352941177,10.352941176470589,2.995641141668362e88,1.5294117647058822,1.2778837796875547e-7,6.361021644444025e-14,1.0625993216418928e-6,-0.9961885714672969,0.038551389251732016,0.05812323656861254,0.11706559840713211,6.361021644444025e-14,-0.9953803955223931,1.0
356.9450681209564,797.0,394.05882352941177,10.352941176470589,2.995641141668362e88,1.5294117647058822,1.2778837796875547e-7,6.361021644444025e-14,1.0625993216418928e-6,-0.9961885714672969,0.038551389251732016,0.05812323656861254,0.11706559840713211,6.361021644444025e-14,-0.9953803955223931,1.0
363.7108030319214,809.0,395.11764705882354,10.352941176470589,2.995641141668362e88,1.5294117647058822,1.277387953763765e-7,6.361021644444025e-14,1.0625993216418928e-6,-0.9961885714672969,0.038532169430857265,0.058176801487103136,0.11693018615494027,6.361021644444025e-14,-0.9953803955223931,1.0
368.967796087265,821.0,407.11764705882354,10.352941176470589,2.995641141668362e88,1.5294117647058822,1.277387953763765e-7,6.361021644444025e-14,1.0625993216418928e-6,-0.9961885714672969,0.038532169430857265,0.058176801487103136,0.11693018615494027,6.361021644444025e-14,-0.9953803955223931,1.0
374.27151703834534,833.0,419.11764705882354,10.352941176470589,2.995641141668362e88,1.5294117647058822,1.277387953763765e-7,6.361021644444025e-14,1.0625993216418928e-6,-0.9961885714672969,0.038532169430857265,0.058176801487103136,0.11693018615494027,6.361021644444025e-14,-0.9953803955223931,1.0
379.5945510864258,845.0,407.55555555555554,11.0,2.8292166337978972e88,1.6666666666666667,1.277387953763765e-7,6.312162900499863e-14,1.0416841782683075e-6,-0.9962178468920871,0.038532169430857265,0.058176801487103136,0.11693018615494027,6.312162900499863e-14,-0.9953803955223931,1.0
384.90781116485596,857.0,419.55555555555554,11.0,2.8292166337978972e88,1.6666666666666667,1.277387953763765e-7,6.312162900499863e-14,1.0416841782683075e-6,-0.9962178468920871,0.038532169430857265,0.058176801487103136,0.11693018615494027,6.312162900499863e-14,-0.9953803955223931,1.0
390.20109009742737,869.0,431.55555555555554,11.0,2.8292166337978972e88,1.6666666666666667,1.277387953763765e-7,6.312162900499863e-14,1.0416841782683075e-6,-0.9962178468920871,0.038532169430857265,0.058176801487103136,0.11693018615494027,6.312162900499863e-14,-0.9953803955223931,1.0
395.23396611213684,880.0,442.55555555555554,11.0,2.8292166337978972e88,1.6666666666666667,1.277387953763765e-7,6.312162900499863e-14,1.0416841782683075e-6,-0.9962178468920871,0.038532169430857265,0.058176801487103136,0.11693018615494027,6.312162900499863e-14,-0.9953803955223931,1.0
400.2858669757843,891.0,439.1666666666667,11.0,2.8292166337978972e88,1.6666666666666667,1.277387953763765e-7,6.312162900499863e-14,1.0416841782683075e-6,-0.9962178468920871,0.038532169430857265,0.058176801487103136,0.11693018615494027,6.312162900499863e-14,-0.9953803955223931,1.0
405.60741209983826,903.0,451.1666666666667,11.0,2.8292166337978972e88,1.6666666666666667,1.277387953763765e-7,6.312162900499863e-14,1.0416841782683075e-6,-0.9962178468920871,0.038532169430857265,0.058176801487103136,0.11693018615494027,6.312162900499863e-14,-0.9953803955223931,1.0
410.9908721446991,915.0,449.8666666666667,9.0,8.45100400152153e28,1.2666666666666666,1.277387953763765e-7,6.30855351601725e-14,1.0248651732207062e-6,-0.9962200095810028,0.038532169430857265,0.058176801487103136,0.11404421235214636,6.30855351601725e-14,-0.9953803955223931,1.0
416.29611897468567,927.0,461.8666666666667,9.0,8.45100400152153e28,1.2666666666666666,1.277387953763765e-7,6.30855351601725e-14,1.0248651732207062e-6,-0.9962200095810028,0.038532169430857265,0.058176801487103136,0.11404421235214636,6.30855351601725e-14,-0.9953803955223931,1.0
421.374871969223,939.0,473.8666666666667,9.0,8.45100400152153e28,1.2666666666666666,1.277387953763765e-7,6.30855351601725e-14,1.0248651732207062e-6,-0.9962200095810028,0.038532169430857265,0.058176801487103136,0.11404421235214636,6.30855351601725e-14,-0.9953803955223931,1.0
426.6502351760864,951.0,485.8666666666667,9.0,8.45100400152153e28,1.2666666666666666,1.277387953763765e-7,6.30855351601725e-14,1.0248651732207062e-6,-0.9962200095810028,0.038532169430857265,0.058176801487103136,0.11404421235214636,6.30855351601725e-14,-0.9953803955223931,1.0
431.9154541492462,963.0,497.8666666666667,9.0,8.45100400152153e28,1.2666666666666666,1.277387953763765e-7,6.30855351601725e-14,1.0248651732207062e-6,-0.9962200095810028,0.038532169430857265,0.058176801487103136,0.11404421235214636,6.30855351601725e-14,-0.9953803955223931,1.0
437.1602771282196,975.0,509.8666666666667,9.0,8.45100400152153e28,1.2666666666666666,1.277387953763765e-7,6.30855351601725e-14,1.0248651732207062e-6,-0.9962200095810028,0.038532169430857265,0.058176801487103136,0.11404421235214636,6.30855351601725e-14,-0.9953803955223931,1.0
442.40222907066345,987.0,521.8666666666667,9.0,8.45100400152153e28,1.2666666666666666,1.277387953763765e-7,6.30855351601725e-14,1.0248651732207062e-6,-0.9962200095810028,0.038532169430857265,0.058176801487103136,0.11404421235214636,6.30855351601725e-14,-0.9953803955223931,1.0
447.8641109466553,999.0,533.8666666666667,9.0,8.45100400152153e28,1.2666666666666666,1.277387953763765e-7,6.30855351601725e-14,1.0248651732207062e-6,-0.9962200095810028,0.038532169430857265,0.058176801487103136,0.11404421235214636,6.30855351601725e-14,-0.9953803955223931,1.0
452.96175503730774,1010.0,544.8666666666667,9.0,8.45100400152153e28,1.2666666666666666,1.277387953763765e-7,6.30855351601725e-14,1.0248651732207062e-6,-0.9962200095810028,0.038532169430857265,0.058176801487103136,0.11404421235214636,6.30855351601725e-14,-0.9953803955223931,1.0
458.08845710754395,1021.0,523.5333333333333,9.0,2.535301200456459e29,1.3333333333333333,1.277387953763765e-7,6.30855351601725e-14,1.0220183065335721e-6,-0.9962200095810028,0.038532169430857265,0.058176801487103136,0.11404421235214636,6.30855351601725e-14,-0.9953803955223931,1.0
463.54361605644226,1033.0,535.5333333333333,9.0,2.535301200456459e29,1.3333333333333333,1.277387953763765e-7,6.30855351601725e-14,1.0220183065335721e-6,-0.9962200095810028,0.038532169430857265,0.058176801487103136,0.11404421235214636,6.30855351601725e-14,-0.9953803955223931,1.0
468.60491609573364,1044.0,536.6,9.0,2.535301200456459e29,1.3333333333333333,1.277387953763765e-7,6.30855351601725e-14,1.0220183065335721e-6,-0.9962200095810028,0.038532169430857265,0.058176801487103136,0.11404421235214636,6.30855351601725e-14,-0.9953803955223931,1.0
473.6770730018616,1055.0,547.6,9.0,2.535301200456459e29,1.3333333333333333,1.277387953763765e-7,6.30855351601725e-14,1.0220183065335721e-6,-0.9962200095810028,0.038532169430857265,0.058176801487103136,0.11404421235214636,6.30855351601725e-14,-0.9953803955223931,1.0
478.73978304862976,1066.0,558.6,9.0,2.535301200456459e29,1.3333333333333333,1.277387953763765e-7,6.30855351601725e-14,1.0220183065335721e-6,-0.9962200095810028,0.038532169430857265,0.058176801487103136,0.11404421235214636,6.30855351601725e-14,-0.9953803955223931,1.0
484.07724809646606,1078.0,570.6,9.0,2.535301200456459e29,1.3333333333333333,1.277387953763765e-7,6.30855351601725e-14,1.0220183065335721e-6,-0.9962200095810028,0.038532169430857265,0.058176801487103136,0.11404421235214636,6.30855351601725e-14,-0.9953803955223931,1.0
489.4728829860687,1090.0,558.3333333333334,9.0,2.535301200456459e29,1.3333333333333333,1.277387953763765e-7,6.30855351601725e-14,1.0220183065335721e-6,-0.9962200095810028,0.038532169430857265,0.058176801487103136,0.11404421235214636,6.30855351601725e-14,-0.9956697413349338,1.0
494.820876121521,1102.0,566.6666666666666,9.0,2.535301200456459e29,1.3333333333333333,1.277387953763765e-7,6.30855351601725e-14,1.0220183065335721e-6,-0.9962200095810028,0.038532169430857265,0.058176801487103136,0.11404421235214636,6.30855351601725e-14,-0.9956697413349338,1.0
500.1222720146179,1114.0,578.6666666666666,9.0,2.535301200456459e29,1.3333333333333333,1.277387953763765e-7,6.30855351601725e-14,1.0220183065335721e-6,-0.9962200095810028,0.038532169430857265,0.058176801487103136,0.11404421235214636,6.30855351601725e-14,-0.9956697413349338,1.0
505.3407061100006,1126.0,539.0,9.0,2.535301200456459e29,1.3333333333333333,1.277387953763765e-7,6.30855351601725e-14,1.0220183065335721e-6,-0.9962200095810028,0.038532169430857265,0.058176801487103136,0.11404421235214636,6.30855351601725e-14,-0.9956697413349338,1.0
510.6365041732788,1138.0,427.4,9.0,2.535301200456459e29,1.3333333333333333,1.277387953763765e-7,6.30855351601725e-14,1.0220183065335721e-6,-0.9962200095810028,0.038532169430857265,0.058176801487103136,0.11404421235214636,6.30855351601725e-14,-0.9956697413349338,1.0
515.6817440986633,1149.0,438.4,9.0,2.535301200456459e29,1.3333333333333333,1.277387953763765e-7,6.30855351601725e-14,1.0220183065335721e-6,-0.9962200095810028,0.038532169430857265,0.058176801487103136,0.11404421235214636,6.30855351601725e-14,-0.9956697413349338,1.0
520.7076470851898,1160.0,449.4,9.0,2.535301200456459e29,1.3333333333333333,1.277387953763765e-7,6.30855351601725e-14,1.0220183065335721e-6,-0.9962200095810028,0.038532169430857265,0.058176801487103136,0.11404421235214636,6.30855351601725e-14,-0.9956697413349338,1.0
525.7758800983429,1171.0,460.4,9.0,2.535301200456459e29,1.3333333333333333,1.277387953763765e-7,6.30855351601725e-14,1.0220183065335721e-6,-0.9962200095810028,0.038532169430857265,0.058176801487103136,0.11404421235214636,6.30855351601725e-14,-0.9956697413349338,1.0
530.8281950950623,1182.0,471.4,9.0,2.535301200456459e29,1.3333333333333333,1.277387953763765e-7,6.30855351601725e-14,1.0220183065335721e-6,-0.9962200095810028,0.038532169430857265,0.058176801487103136,0.11404421235214636,6.30855351601725e-14,-0.9956697413349338,1.0
535.8622071743011,1193.0,482.4,9.0,2.535301200456459e29,1.3333333333333333,1.277387953763765e-7,6.30855351601725e-14,1.0220183065335721e-6,-0.9962200095810028,0.038532169430857265,0.058176801487103136,0.11404421235214636,6.30855351601725e-14,-0.9956697413349338,1.0
540.9012260437012,1204.0,486.1333333333333,9.0,2.535301200456459e29,1.3333333333333333,1.277387953763765e-7,6.30855351601725e-14,1.0220183065335721e-6,-0.9962200095810028,0.038532169430857265,0.058176801487103136,0.11404421235214636,6.30855351601725e-14,-0.9953803955223931,1.0
546.199059009552,1216.0,467.125,9.9375,2.37684487542793e29,1.5,1.277387953763765e-7,6.249904549669082e-14,1.0220183065335721e-6,-0.9962551511598635,0.038532169430857265,0.058176801487103136,0.11404421235214636,6.249904549669082e-14,-0.9953803955223931,1.0
551.6494700908661,1228.0,479.125,9.9375,2.37684487542793e29,1.5,1.277387953763765e-7,6.249904549669082e-14,1.0220183065335721e-6,-0.9962551511598635,0.038532169430857265,0.058176801487103136,0.11404421235214636,6.249904549669082e-14,-0.9953803955223931,1.0
557.0235850811005,1240.0,491.125,9.9375,2.37684487542793e29,1.5,1.277387953763765e-7,6.249904549669082e-14,1.0220183065335721e-6,-0.9962551511598635,0.038532169430857265,0.058176801487103136,0.11404421235214636,6.249904549669082e-14,-0.9953803955223931,1.0
562.4284679889679,1252.0,503.125,9.9375,2.37684487542793e29,1.5,1.277387953763765e-7,6.249904549669082e-14,1.0220183065335721e-6,-0.9962551511598635,0.038532169430857265,0.058176801487103136,0.11404421235214636,6.249904549669082e-14,-0.9953803955223931,1.0
567.8831400871277,1264.0,515.125,9.9375,2.37684487542793e29,1.5,1.277387953763765e-7,6.249904549669082e-14,1.0220183065335721e-6,-0.9962551511598635,0.038532169430857265,0.058176801487103136,0.11404421235214636,6.249904549669082e-14,-0.9953803955223931,1.0
572.9213261604309,1275.0,526.125,9.9375,2.37684487542793e29,1.5,1.277387953763765e-7,6.249904549669082e-14,1.0220183065335721e-6,-0.9962551511598635,0.038532169430857265,0.058176801487103136,0.11404421235214636,6.249904549669082e-14,-0.9953803955223931,1.0
578.2990021705627,1287.0,538.125,9.9375,2.37684487542793e29,1.5,1.277387953763765e-7,6.249904549669082e-14,1.0220183065335721e-6,-0.9962551511598635,0.038532169430857265,0.058176801487103136,0.11404421235214636,6.249904549669082e-14,-0.9953803955223931,1.0
583.5697109699249,1299.0,550.125,9.9375,2.37684487542793e29,1.5,1.277387953763765e-7,6.249904549669082e-14,1.0220183065335721e-6,-0.9962551511598635,0.038532169430857265,0.058176801487103136,0.11404421235214636,6.249904549669082e-14,-0.9953803955223931,1.0
588.8877320289612,1311.0,562.125,9.9375,2.37684487542793e29,1.5,1.277387953763765e-7,6.249904549669082e-14,1.0220183065335721e-6,-0.9962551511598635,0.038532169430857265,0.058176801487103136,0.11404421235214636,6.249904549669082e-14,-0.9953803955223931,1.0
594.0332100391388,1323.0,574.125,9.9375,2.37684487542793e29,1.5,1.277387953763765e-7,6.249904549669082e-14,1.0220183065335721e-6,-0.9962551511598635,0.038532169430857265,0.058176801487103136,0.11404421235214636,6.249904549669082e-14,-0.9953803955223931,1.0
599.2923209667206,1335.0,586.125,9.9375,2.37684487542793e29,1.5,1.277387953763765e-7,6.249904549669082e-14,1.0220183065335721e-6,-0.9962551511598635,0.038532169430857265,0.058176801487103136,0.11404421235214636,6.249904549669082e-14,-0.9953803955223931,1.0
604.5288200378418,1347.0,598.125,9.9375,2.37684487542793e29,1.5,1.277387953763765e-7,6.249904549669082e-14,1.0220183065335721e-6,-0.9962551511598635,0.038532169430857265,0.058176801487103136,0.11404421235214636,6.249904549669082e-14,-0.9953803955223931,1.0
609.831118106842,1359.0,610.125,9.9375,2.37684487542793e29,1.5,1.277387953763765e-7,6.249904549669082e-14,1.0220183065335721e-6,-0.9962551511598635,0.038532169430857265,0.058176801487103136,0.11404421235214636,6.249904549669082e-14,-0.9953803955223931,1.0
615.0484631061554,1371.0,622.125,9.9375,2.37684487542793e29,1.5,1.277387953763765e-7,6.249904549669082e-14,1.0220183065335721e-6,-0.9962551511598635,0.038532169430857265,0.058176801487103136,0.11404421235214636,6.249904549669082e-14,-0.9953803955223931,1.0
620.491208076477,1383.0,634.125,9.9375,2.37684487542793e29,1.5,1.277387953763765e-7,6.249904549669082e-14,1.0220183065335721e-6,-0.9962551511598635,0.038532169430857265,0.058176801487103136,0.11404421235214636,6.249904549669082e-14,-0.9953803955223931,1.0
625.8579730987549,1395.0,646.125,9.9375,2.37684487542793e29,1.5,1.277387953763765e-7,6.249904549669082e-14,1.0220183065335721e-6,-0.9962551511598635,0.038532169430857265,0.058176801487103136,0.11404421235214636,6.249904549669082e-14,-0.9953803955223931,1.0
631.2355930805206,1407.0,658.125,9.9375,2.37684487542793e29,1.5,1.277387953763765e-7,6.249904549669082e-14,1.0220183065335721e-6,-0.9962551511598635,0.038532169430857265,0.058176801487103136,0.11404421235214636,6.249904549669082e-14,-0.9953803955223931,1.0
636.4876940250397,1419.0,670.125,9.9375,2.37684487542793e29,1.5,1.277387953763765e-7,6.249904549669082e-14,1.0220183065335721e-6,-0.9962551511598635,0.038532169430857265,0.058176801487103136,0.11404421235214636,6.249904549669082e-14,-0.9953803955223931,1.0
641.8908190727234,1431.0,663.125,9.9375,2.37684487542793e29,1.4375,1.277387953763765e-7,6.249904549669082e-14,1.0220183065335721e-6,-0.9962551511598635,0.038532169430857265,0.058176801487103136,0.11404421235214636,6.249904549669082e-14,-0.9953803955223931,1.0
647.3258199691772,1443.0,675.125,9.9375,2.37684487542793e29,1.4375,1.277387953763765e-7,6.249904549669082e-14,1.0220183065335721e-6,-0.9962551511598635,0.038532169430857265,0.058176801487103136,0.11404421235214636,6.249904549669082e-14,-0.9953803955223931,1.0
652.5910141468048,1455.0,685.125,9.9375,2.37684487542793e29,1.4375,1.277387953763765e-7,6.249904549669082e-14,1.0220183065335721e-6,-0.9962551511598635,0.038532169430857265,0.058176801487103136,0.11404421235214636,6.249904549669082e-14,-0.9953803955223931,1.0
657.9739429950714,1467.0,669.375,9.9375,7.922816251426434e28,1.375,1.277387953763765e-7,6.249904549669082e-14,1.0248651732207062e-6,-0.9962551511598635,0.038532169430857265,0.058176801487103136,0.11404421235214636,6.249904549669082e-14,-0.9953803955223931,1.0
663.2597320079803,1479.0,664.8125,9.9375,7.922816251426434e28,1.375,1.277387953763765e-7,6.241327426220392e-14,1.0248651732207062e-6,-0.9962602904432787,0.038532169430857265,0.058176801487103136,0.11404421235214636,6.241327426220392e-14,-0.9953803955223931,1.0
668.6061780452728,1491.0,676.8125,9.9375,7.922816251426434e28,1.375,1.277387953763765e-7,6.241327426220392e-14,1.0248651732207062e-6,-0.9962602904432787,0.038532169430857265,0.058176801487103136,0.11404421235214636,6.241327426220392e-14,-0.9953803955223931,1.0
674.0178279876709,1503.0,688.8125,9.9375,7.922816251426434e28,1.375,1.277387953763765e-7,6.241327426220392e-14,1.0248651732207062e-6,-0.9962602904432787,0.038532169430857265,0.058176801487103136,0.11404421235214636,6.241327426220392e-14,-0.9953803955223931,1.0
679.4524340629578,1515.0,700.8125,9.9375,7.922816251426434e28,1.375,1.277387953763765e-7,6.241327426220392e-14,1.0248651732207062e-6,-0.9962602904432787,0.038532169430857265,0.058176801487103136,0.11404421235214636,6.241327426220392e-14,-0.9953803955223931,1.0
684.768107175827,1527.0,608.625,9.9375,7.922816251426434e28,1.375,1.277387953763765e-7,6.241327426220392e-14,1.0248413176266686e-6,-0.9962602904432787,0.038532169430857265,0.058176801487103136,0.11404506983864773,6.241327426220392e-14,-0.9953803955223931,1.0
689.8073861598969,1538.0,619.625,9.9375,7.922816251426434e28,1.375,1.277387953763765e-7,6.241327426220392e-14,1.0248413176266686e-6,-0.9962602904432787,0.038532169430857265,0.058176801487103136,0.11404506983864773,6.241327426220392e-14,-0.9953803955223931,1.0
695.1413700580597,1550.0,631.625,9.9375,7.922816251426434e28,1.375,1.277387953763765e-7,6.241327426220392e-14,1.0248413176266686e-6,-0.9962602904432787,0.038532169430857265,0.058176801487103136,0.11404506983864773,6.241327426220392e-14,-0.9953803955223931,1.0
700.3053710460663,1562.0,643.625,9.9375,7.922816251426434e28,1.375,1.277387953763765e-7,6.241327426220392e-14,1.0248413176266686e-6,-0.9962602904432787,0.038532169430857265,0.058176801487103136,0.11404506983864773,6.241327426220392e-14,-0.9953803955223931,1.0
705.4909620285034,1574.0,655.625,9.9375,7.922816251426434e28,1.375,1.277387953763765e-7,6.241327426220392e-14,1.0248413176266686e-6,-0.9962602904432787,0.038532169430857265,0.058176801487103136,0.11404506983864773,6.241327426220392e-14,-0.9953803955223931,1.0
710.6512589454651,1586.0,643.375,9.9375,7.922816251426434e28,1.375,1.277387953763765e-7,6.241327426220392e-14,1.0248413176266686e-6,-0.9962602904432787,0.038532169430857265,0.058176801487103136,0.11404506983864773,6.241327426220392e-14,-0.9953803955223931,1.0
715.8825039863586,1598.0,655.375,9.9375,7.922816251426434e28,1.375,1.277387953763765e-7,6.241327426220392e-14,1.0248413176266686e-6,-0.9962602904432787,0.038532169430857265,0.058176801487103136,0.11404506983864773,6.241327426220392e-14,-0.9953803955223931,1.0
721.1488881111145,1610.0,662.125,9.9375,7.922816251426434e28,1.375,1.277387953763765e-7,6.241327426220392e-14,1.0244307698058451e-6,-0.9962602904432787,0.038532169430857265,0.058176801487103136,0.11405887083253431,6.241327426220392e-14,-0.9953803955223931,1.0
726.4053421020508,1622.0,674.125,9.9375,7.922816251426434e28,1.375,1.277387953763765e-7,6.241327426220392e-14,1.0244307698058451e-6,-0.9962602904432787,0.038532169430857265,0.058176801487103136,0.11405887083253431,6.241327426220392e-14,-0.9953803955223931,1.0
731.6979429721832,1634.0,675.375,9.9375,7.922816251426434e28,1.375,1.277387953763765e-7,6.241327426220392e-14,1.0244307698058451e-6,-0.9962602904432787,0.038532169430857265,0.058176801487103136,0.11404546010822769,6.241327426220392e-14,-0.9953803955223931,1.0
737.1030509471893,1646.0,676.125,9.9375,7.922816251426434e28,1.375,1.277387953763765e-7,6.241327426220392e-14,1.0244307698058451e-6,-0.9962602904432787,0.038532169430857265,0.058176801487103136,0.11404546010822769,6.241327426220392e-14,-0.9953803955223931,1.0
742.3918759822845,1658.0,688.125,9.9375,7.922816251426434e28,1.375,1.277387953763765e-7,6.241327426220392e-14,1.0244307698058451e-6,-0.9962602904432787,0.038532169430857265,0.058176801487103136,0.11404546010822769,6.241327426220392e-14,-0.9953803955223931,1.0
747.6262619495392,1670.0,700.125,9.9375,7.922816251426434e28,1.375,1.277387953763765e-7,6.241327426220392e-14,1.0244307698058451e-6,-0.9962602904432787,0.038532169430857265,0.058176801487103136,0.11404546010822769,6.241327426220392e-14,-0.9953803955223931,1.0
752.9510781764984,1682.0,712.125,9.9375,7.922816251426434e28,1.375,1.277387953763765e-7,6.241327426220392e-14,1.0244307698058451e-6,-0.9962602904432787,0.038532169430857265,0.058176801487103136,0.11404546010822769,6.241327426220392e-14,-0.9953803955223931,1.0
758.2628500461578,1694.0,724.125,9.9375,7.922816251426434e28,1.375,1.277387953763765e-7,6.241327426220392e-14,1.0244307698058451e-6,-0.9962602904432787,0.038532169430857265,0.058176801487103136,0.11404546010822769,6.241327426220392e-14,-0.9953803955223931,1.0
763.5848259925842,1706.0,736.125,9.9375,7.922816251426434e28,1.375,1.277387953763765e-7,6.241327426220392e-14,1.0244307698058451e-6,-0.9962602904432787,0.038532169430857265,0.058176801487103136,0.11404546010822769,6.241327426220392e-14,-0.9953803955223931,1.0
768.7667000293732,1718.0,709.1875,9.9375,7.922816251426434e28,1.375,1.277387953763765e-7,6.241327426220392e-14,1.0244307698058451e-6,-0.9962602904432787,0.038532169430857265,0.058176801487103136,0.11404546010822769,6.241327426220392e-14,-0.9953803955223931,1.0
774.0506980419159,1730.0,721.1875,9.9375,7.922816251426434e28,1.375,1.277387953763765e-7,6.241327426220392e-14,1.0244307698058451e-6,-0.9962602904432787,0.038532169430857265,0.058176801487103136,0.11404546010822769,6.241327426220392e-14,-0.9953803955223931,1.0
779.2711999416351,1742.0,733.1875,9.9375,7.922816251426434e28,1.375,1.277387953763765e-7,6.241327426220392e-14,1.0244307698058451e-6,-0.9962602904432787,0.038532169430857265,0.058176801487103136,0.11404546010822769,6.241327426220392e-14,-0.9953803955223931,1.0
784.5720970630646,1754.0,677.5625,9.9375,7.922816251426434e28,1.375,1.277387953763765e-7,6.241327426220392e-14,1.0244307698058451e-6,-0.9962602904432787,0.038532169430857265,0.058176801487103136,0.11404546010822769,6.241327426220392e-14,-0.9953803955223931,1.0
789.6717810630798,1766.0,689.5625,9.9375,7.922816251426434e28,1.375,1.277387953763765e-7,6.241327426220392e-14,1.0244307698058451e-6,-0.9962602904432787,0.038532169430857265,0.058176801487103136,0.11404546010822769,6.241327426220392e-14,-0.9953803955223931,1.0
794.7048711776733,1778.0,681.625,9.9375,7.922816251426434e28,1.375,1.277387953763765e-7,6.196271045579265e-14,1.0244307698058451e-6,-0.9962872875491454,0.038532169430857265,0.058176801487103136,0.11404546010822769,6.196271045579265e-14,-0.9953803955223931,1.0
799.784460067749,1790.0,693.625,9.9375,7.922816251426434e28,1.375,1.277387953763765e-7,6.196271045579265e-14,1.0244307698058451e-6,-0.9962872875491454,0.038532169430857265,0.058176801487103136,0.11404546010822769,6.196271045579265e-14,-0.9953803955223931,1.0
804.8614029884338,1802.0,705.625,9.9375,7.922816251426434e28,1.375,1.277387953763765e-7,6.196271045579265e-14,1.0244307698058451e-6,-0.9962872875491454,0.038532169430857265,0.058176801487103136,0.11404546010822769,6.196271045579265e-14,-0.9953803955223931,1.0
809.9595410823822,1814.0,717.625,9.9375,7.922816251426434e28,1.375,1.277387953763765e-7,6.196271045579265e-14,1.0244307698058451e-6,-0.9962872875491454,0.038532169430857265,0.058176801487103136,0.11404546010822769,6.196271045579265e-14,-0.9953803955223931,1.0
814.9862790107727,1826.0,729.625,9.9375,7.922816251426434e28,1.375,1.277387953763765e-7,6.196271045579265e-14,1.0244307698058451e-6,-0.9962872875491454,0.038532169430857265,0.058176801487103136,0.11404546010822769,6.196271045579265e-14,-0.9953803955223931,1.0
820.003338098526,1838.0,741.625,9.9375,7.922816251426434e28,1.375,1.277387953763765e-7,6.196271045579265e-14,1.0244307698058451e-6,-0.9962872875491454,0.038532169430857265,0.058176801487103136,0.11404546010822769,6.196271045579265e-14,-0.9953803955223931,1.0
825.0805160999298,1850.0,753.625,9.9375,7.922816251426434e28,1.375,1.277387953763765e-7,6.196271045579265e-14,1.0244307698058451e-6,-0.9962872875491454,0.038532169430857265,0.058176801487103136,0.11404546010822769,6.196271045579265e-14,-0.9953803955223931,1.0
830.4069221019745,1863.0,766.625,9.9375,7.922816251426434e28,1.375,1.277387953763765e-7,6.196271045579265e-14,1.0244307698058451e-6,-0.9962872875491454,0.038532169430857265,0.058176801487103136,0.11404546010822769,6.196271045579265e-14,-0.9953803955223931,1.0
835.4552330970764,1875.0,778.625,9.9375,7.922816251426434e28,1.375,1.277387953763765e-7,6.196271045579265e-14,1.0244307698058451e-6,-0.9962872875491454,0.038532169430857265,0.058176801487103136,0.11404546010822769,6.196271045579265e-14,-0.9953803955223931,1.0
840.5035030841827,1887.0,743.875,9.9375,9.223372036884169e18,1.375,1.277387953763765e-7,6.196271045579265e-14,1.0068651321175849e-6,-0.9962872875491454,0.038532169430857265,0.058176801487103136,0.11404546010822769,6.196271045579265e-14,-0.9953803955223931,1.0
845.512983083725,1899.0,755.875,9.9375,9.223372036884169e18,1.375,1.277387953763765e-7,6.196271045579265e-14,1.0068651321175849e-6,-0.9962872875491454,0.038532169430857265,0.058176801487103136,0.11404546010822769,6.196271045579265e-14,-0.9953803955223931,1.0
850.5181729793549,1911.0,767.875,9.9375,9.223372036884169e18,1.375,1.277387953763765e-7,6.196271045579265e-14,1.0068651321175849e-6,-0.9962872875491454,0.038532169430857265,0.058176801487103136,0.11404546010822769,6.196271045579265e-14,-0.9953803955223931,1.0
855.5274569988251,1923.0,779.875,9.9375,9.223372036884169e18,1.375,1.277387953763765e-7,6.196271045579265e-14,1.0068651321175849e-6,-0.9962872875491454,0.038532169430857265,0.058176801487103136,0.11404546010822769,6.196271045579265e-14,-0.9953803955223931,1.0
860.8640949726105,1936.0,792.875,9.9375,9.223372036884169e18,1.375,1.277387953763765e-7,6.196271045579265e-14,1.0068651321175849e-6,-0.9962872875491454,0.038532169430857265,0.058176801487103136,0.11404546010822769,6.196271045579265e-14,-0.9953803955223931,1.0
866.1978001594543,1949.0,805.875,9.9375,9.223372036884169e18,1.375,1.277387953763765e-7,6.196271045579265e-14,1.0068651321175849e-6,-0.9962872875491454,0.038532169430857265,0.058176801487103136,0.11404546010822769,6.196271045579265e-14,-0.9953803955223931,1.0
871.5066390037537,1962.0,818.875,9.9375,9.223372036884169e18,1.375,1.277387953763765e-7,6.196271045579265e-14,1.0068651321175849e-6,-0.9962872875491454,0.038532169430857265,0.058176801487103136,0.11404546010822769,6.196271045579265e-14,-0.9953803955223931,1.0
876.812567949295,1975.0,803.625,9.9375,9.223372036884169e18,1.375,1.277387953763765e-7,6.196271045579265e-14,1.0068651321175849e-6,-0.9962872875491454,0.038532169430857265,0.058176801487103136,0.11404546010822769,6.196271045579265e-14,-0.9953803955223931,1.0
882.1792280673981,1988.0,743.25,9.9375,9.223372036884169e18,1.375,1.277383226200494e-7,6.196271045579265e-14,1.0068651321175849e-6,-0.9962872875491454,0.038531986175172374,0.05817731221381031,0.11404546010822769,6.196271045579265e-14,-0.9953803955223931,1.0
887.5348491668701,2001.0,756.25,9.9375,9.223372036884169e18,1.375,1.277383226200494e-7,6.196271045579265e-14,1.0068651321175849e-6,-0.9962872875491454,0.038531986175172374,0.05817731221381031,0.11404546010822769,6.196271045579265e-14,-0.9953803955223931,1.0
892.940178155899,2014.0,755.125,9.9375,9.223372036884169e18,1.375,1.277383226200494e-7,6.185036462385523e-14,1.0068651321175849e-6,-0.9962940191424855,0.038531986175172374,0.05817731221381031,0.11404546010822769,6.185036462385523e-14,-0.9953803955223931,1.0
897.9495799541473,2026.0,767.125,9.9375,9.223372036884169e18,1.375,1.277383226200494e-7,6.185036462385523e-14,1.0068651321175849e-6,-0.9962940191424855,0.038531986175172374,0.05817731221381031,0.11404546010822769,6.185036462385523e-14,-0.9953803955223931,1.0
903.292610168457,2039.0,755.3125,9.9375,9.223372036884169e18,1.375,1.277383226200494e-7,6.185036462385523e-14,1.0068651321175849e-6,-0.9962940191424855,0.038531986175172374,0.05817731221381031,0.11404594157086341,6.185036462385523e-14,-0.9953803955223931,1.0
908.3086750507355,2051.0,739.375,9.9375,9.223372036884169e18,1.375,1.277383226200494e-7,6.185036462385523e-14,1.0068651321175849e-6,-0.9962940191424855,0.038531986175172374,0.05817731221381031,0.11404594157086341,6.185036462385523e-14,-0.9953803955223931,1.0
913.6592819690704,2064.0,634.5,9.9375,9.223372036884169e18,1.375,1.277383226200494e-7,6.185036462385523e-14,1.0068651321175849e-6,-0.9962940191424855,0.038531986175172374,0.05817731221381031,0.11404594157086341,6.185036462385523e-14,-0.9953803955223931,1.0
918.6658620834351,2076.0,646.5,9.9375,9.223372036884169e18,1.375,1.277383226200494e-7,6.185036462385523e-14,1.0068651321175849e-6,-0.9962940191424855,0.038531986175172374,0.05817731221381031,0.11404594157086341,6.185036462385523e-14,-0.9953803955223931,1.0
923.7246119976044,2088.0,658.5,9.9375,9.223372036884169e18,1.375,1.277383226200494e-7,6.185036462385523e-14,1.0068651321175849e-6,-0.9962940191424855,0.038531986175172374,0.05817731221381031,0.11404594157086341,6.185036462385523e-14,-0.9953803955223931,1.0
928.7871701717377,2100.0,670.5,9.9375,9.223372036884169e18,1.375,1.277383226200494e-7,6.185036462385523e-14,1.0068651321175849e-6,-0.9962940191424855,0.038531986175172374,0.05817731221381031,0.11404594157086341,6.185036462385523e-14,-0.9953803955223931,1.0
933.8278579711914,2112.0,682.5,9.9375,9.223372036884169e18,1.375,1.277383226200494e-7,6.185036462385523e-14,1.0068651321175849e-6,-0.9962940191424855,0.038531986175172374,0.05817731221381031,0.11404594157086341,6.185036462385523e-14,-0.9953803955223931,1.0
938.8530280590057,2124.0,689.3125,9.9375,9.223372036884169e18,1.375,1.277383226200494e-7,6.185036462385523e-14,1.0068651321175849e-6,-0.9962940191424855,0.038531986175172374,0.05817731221381031,0.1140469526306816,6.185036462385523e-14,-0.9953803955223931,1.0
943.944669008255,2136.0,701.3125,9.9375,9.223372036884169e18,1.375,1.277383226200494e-7,6.185036462385523e-14,1.0068651321175849e-6,-0.9962940191424855,0.038531986175172374,0.05817731221381031,0.1140469526306816,6.185036462385523e-14,-0.9953803955223931,1.0
948.9996690750122,2148.0,713.3125,9.9375,9.223372036884169e18,1.375,1.277383226200494e-7,6.185036462385523e-14,1.0068651321175849e-6,-0.9962940191424855,0.038531986175172374,0.05817731221381031,0.1140469526306816,6.185036462385523e-14,-0.9953803955223931,1.0
954.3706681728363,2161.0,726.3125,9.9375,9.223372036884169e18,1.375,1.277383226200494e-7,6.185036462385523e-14,1.0068651321175849e-6,-0.9962940191424855,0.038531986175172374,0.05817731221381031,0.1140469526306816,6.185036462385523e-14,-0.9953803955223931,1.0
959.7023270130157,2174.0,739.3125,9.9375,9.223372036884169e18,1.375,1.277383226200494e-7,6.185036462385523e-14,1.0068651321175849e-6,-0.9962940191424855,0.038531986175172374,0.05817731221381031,0.1140469526306816,6.185036462385523e-14,-0.9953803955223931,1.0
964.7370719909668,2186.0,707.2941176470588,10.470588235294118,6.552218258303934e187,1.4705882352941178,1.277383226200494e-7,6.185036462385523e-14,1.0068651321175849e-6,-0.9962940191424855,0.038531986175172374,0.05817731221381031,0.1140469526306816,6.185036462385523e-14,-0.9953803955223931,1.0
970.1122291088104,2199.0,680.4444444444445,11.277777777777779,6.188206132842604e187,1.6111111111111112,1.277383226200494e-7,6.179813189585767e-14,1.0068651321175849e-6,-0.9962971488490162,0.038531986175172374,0.05817731221381031,0.1140469526306816,6.179813189585767e-14,-0.9953803955223931,1.0
975.4921729564667,2212.0,693.4444444444445,11.277777777777779,6.188206132842604e187,1.6111111111111112,1.277383226200494e-7,6.179813189585767e-14,1.0068651321175849e-6,-0.9962971488490162,0.038531986175172374,0.05817731221381031,0.1140469526306816,6.179813189585767e-14,-0.9953803955223931,1.0
980.8622391223907,2225.0,697.2222222222222,11.277777777777779,6.188206132842604e187,1.6111111111111112,1.277383226200494e-7,6.179813189585767e-14,1.0068651321175849e-6,-0.9962971488490162,0.038531986175172374,0.05817731221381031,0.1140469526306816,6.179813189585767e-14,-0.9953803955223931,1.0
986.2348520755768,2238.0,684.7222222222222,11.277777777777779,6.188206132842604e187,1.6111111111111112,1.277383226200494e-7,6.179813189585767e-14,1.0068651321175849e-6,-0.9962971488490162,0.038531986175172374,0.05817731221381031,0.1140469526306816,6.179813189585767e-14,-0.9953803955223931,1.0
991.6407170295715,2251.0,697.7222222222222,11.277777777777779,6.188206132842604e187,1.6111111111111112,1.277383226200494e-7,6.179813189585767e-14,1.0068651321175849e-6,-0.9962971488490162,0.038531986175172374,0.05817731221381031,0.1140469526306816,6.179813189585767e-14,-0.9953803955223931,1.0
997.0220401287079,2264.0,710.7222222222222,11.277777777777779,6.188206132842604e187,1.6111111111111112,1.277383226200494e-7,6.179813189585767e-14,1.0068651321175849e-6,-0.9962971488490162,0.038531986175172374,0.05817731221381031,0.1140469526306816,6.179813189585767e-14,-0.9953803955223931,1.0
1002.42768907547,2277.0,723.7222222222222,11.277777777777779,6.188206132842604e187,1.6111111111111112,1.277383226200494e-7,6.179813189585767e-14,1.0068651321175849e-6,-0.9962971488490162,0.038531986175172374,0.05817731221381031,0.1140469526306816,6.179813189585767e-14,-0.9953803955223931,1.0
1007.8157620429993,2290.0,736.7222222222222,11.277777777777779,6.188206132842604e187,1.6111111111111112,1.277383226200494e-7,6.179813189585767e-14,1.0068651321175849e-6,-0.9962971488490162,0.038531986175172374,0.05817731221381031,0.1140469526306816,6.179813189585767e-14,-0.9953803955223931,1.0
1012.8569090366364,2302.0,748.7222222222222,11.277777777777779,6.188206132842604e187,1.6111111111111112,1.277383226200494e-7,6.179813189585767e-14,1.0068651321175849e-6,-0.9962971488490162,0.038531986175172374,0.05817731221381031,0.1140469526306816,6.179813189585767e-14,-0.9953803955223931,1.0
1018.1728210449219,2315.0,761.7222222222222,11.277777777777779,6.188206132842604e187,1.6111111111111112,1.277383226200494e-7,6.179813189585767e-14,1.0068651321175849e-6,-0.9962971488490162,0.038531986175172374,0.05817731221381031,0.1140469526306816,6.179813189585767e-14,-0.9953803955223931,1.0
1023.2290050983429,2327.0,773.0588235294117,11.117647058823529,6.552218258303934e187,1.6470588235294117,1.2904283957651548e-7,6.179813189585767e-14,1.0109986620601848e-6,-0.9962971488490162,0.0403710407576442,0.05924887329841216,0.1140469526306816,6.179813189585767e-14,-0.9953803955223931,1.0
1028.3608050346375,2339.0,785.0588235294117,11.117647058823529,6.552218258303934e187,1.6470588235294117,1.2904283957651548e-7,6.179813189585767e-14,1.0109986620601848e-6,-0.9962971488490162,0.0403710407576442,0.05924887329841216,0.1140469526306816,6.179813189585767e-14,-0.9953803955223931,1.0
1033.6406841278076,2352.0,798.0588235294117,11.117647058823529,6.552218258303934e187,1.6470588235294117,1.2904283957651548e-7,6.179813189585767e-14,1.0109986620601848e-6,-0.9962971488490162,0.0403710407576442,0.05924887329841216,0.1140469526306816,6.179813189585767e-14,-0.9953803955223931,1.0
1038.970451116562,2365.0,811.0588235294117,11.117647058823529,6.552218258303934e187,1.6470588235294117,1.2904283957651548e-7,6.179813189585767e-14,1.0109986620601848e-6,-0.9962971488490162,0.0403710407576442,0.05924887329841216,0.1140469526306816,6.179813189585767e-14,-0.9953803955223931,1.0
1044.3838520050049,2378.0,824.0588235294117,11.117647058823529,6.552218258303934e187,1.6470588235294117,1.2904283957651548e-7,6.179813189585767e-14,1.0109986620601848e-6,-0.9962971488490162,0.0403710407576442,0.05924887329841216,0.1140469526306816,6.179813189585767e-14,-0.9953803955223931,1.0
1049.514526128769,2390.0,836.0588235294117,11.117647058823529,6.552218258303934e187,1.6470588235294117,1.2904283957651548e-7,6.179813189585767e-14,1.0109986620601848e-6,-0.9962971488490162,0.0403710407576442,0.05924887329841216,0.1140469526306816,6.179813189585767e-14,-0.9953803955223931,1.0
1054.5658910274506,2402.0,848.0588235294117,11.117647058823529,6.552218258303934e187,1.6470588235294117,1.2904283957651548e-7,6.179813189585767e-14,1.0109986620601848e-6,-0.9962971488490162,0.0403710407576442,0.05924887329841216,0.1140469526306816,6.179813189585767e-14,-0.9953803955223931,1.0
1059.9431421756744,2415.0,861.0588235294117,11.117647058823529,6.552218258303934e187,1.6470588235294117,1.2904283957651548e-7,6.179813189585767e-14,1.0109986620601848e-6,-0.9962971488490162,0.0403710407576442,0.05924887329841216,0.1140469526306816,6.179813189585767e-14,-0.9953803955223931,1.0
1065.014445066452,2427.0,831.2941176470588,11.117647058823529,6.552218258303934e187,1.6470588235294117,1.2904283957651548e-7,6.179813189585767e-14,1.0109986620601848e-6,-0.9962971488490162,0.0403710407576442,0.05924887329841216,0.1140469526306816,6.179813189585767e-14,-0.9955008674454763,1.0
1070.1577291488647,2439.0,843.2941176470588,11.117647058823529,6.552218258303934e187,1.6470588235294117,1.2904283957651548e-7,6.179813189585767e-14,1.0109986620601848e-6,-0.9962971488490162,0.0403710407576442,0.05924887329841216,0.1140469526306816,6.179813189585767e-14,-0.9955008674454763,1.0
1075.299751996994,2451.0,855.2941176470588,11.117647058823529,6.552218258303934e187,1.6470588235294117,1.2904283957651548e-7,6.179813189585767e-14,1.0109986620601848e-6,-0.9962971488490162,0.0403710407576442,0.05924887329841216,0.1140469526306816,6.179813189585767e-14,-0.9955008674454763,1.0
1080.4440519809723,2463.0,867.2941176470588,11.117647058823529,6.552218258303934e187,1.6470588235294117,1.2904283957651548e-7,6.179813189585767e-14,1.0109986620601848e-6,-0.9962971488490162,0.0403710407576442,0.05924887329841216,0.1140469526306816,6.179813189585767e-14,-0.9955008674454763,1.0
1085.4685010910034,2475.0,879.2941176470588,11.117647058823529,6.552218258303934e187,1.6470588235294117,1.2904283957651548e-7,6.179813189585767e-14,1.0109986620601848e-6,-0.9962971488490162,0.0403710407576442,0.05924887329841216,0.1140469526306816,6.179813189585767e-14,-0.9955008674454763,1.0
1090.8266561031342,2488.0,892.2941176470588,11.117647058823529,6.552218258303934e187,1.6470588235294117,1.2904283957651548e-7,6.179813189585767e-14,1.0109986620601848e-6,-0.9962971488490162,0.0403710407576442,0.05924887329841216,0.1140469526306816,6.179813189585767e-14,-0.9955008674454763,1.0
1095.90243601799,2500.0,904.2941176470588,11.117647058823529,6.552218258303934e187,1.6470588235294117,1.2904283957651548e-7,6.179813189585767e-14,1.0109986620601848e-6,-0.9962971488490162,0.0403710407576442,0.05924887329841216,0.1140469526306816,6.179813189585767e-14,-0.9955008674454763,1.0
1101.0659000873566,2512.0,916.2941176470588,11.117647058823529,6.552218258303934e187,1.6470588235294117,1.2904283957651548e-7,6.179813189585767e-14,1.0109986620601848e-6,-0.9962971488490162,0.0403710407576442,0.05924887329841216,0.1140469526306816,6.179813189585767e-14,-0.9955008674454763,1.0
1106.2102200984955,2524.0,928.2941176470588,11.117647058823529,6.552218258303934e187,1.6470588235294117,1.2904283957651548e-7,6.179813189585767e-14,1.0109986620601848e-6,-0.9962971488490162,0.0403710407576442,0.05924887329841216,0.1140469526306816,6.179813189585767e-14,-0.9955008674454763,1.0
1111.2513749599457,2536.0,940.2941176470588,11.117647058823529,6.552218258303934e187,1.6470588235294117,1.2904283957651548e-7,6.179813189585767e-14,1.0109986620601848e-6,-0.9962971488490162,0.0403710407576442,0.05924887329841216,0.1140469526306816,6.179813189585767e-14,-0.9955008674454763,1.0
1116.3383951187134,2548.0,952.2941176470588,11.117647058823529,6.552218258303934e187,1.6470588235294117,1.2904283957651548e-7,6.179813189585767e-14,1.0109986620601848e-6,-0.9962971488490162,0.0403710407576442,0.05924887329841216,0.1140469526306816,6.179813189585767e-14,-0.9955008674454763,1.0
1121.39888215065,2560.0,906.8235294117648,11.117647058823529,6.552218258303934e187,1.6470588235294117,1.2904283957651548e-7,6.179813189585767e-14,1.0109986620601848e-6,-0.9962971488490162,0.0403710407576442,0.05924887329841216,0.1140469526306816,6.179813189585767e-14,-0.9955008674454763,1.0
1126.4053950309753,2572.0,918.8235294117648,11.117647058823529,6.552218258303934e187,1.6470588235294117,1.2904283957651548e-7,6.179813189585767e-14,1.0109986620601848e-6,-0.9962971488490162,0.0403710407576442,0.05924887329841216,0.1140469526306816,6.179813189585767e-14,-0.9955008674454763,1.0
1131.558974981308,2584.0,787.2941176470588,11.117647058823529,6.552218258303934e187,1.6470588235294117,1.2904283957651548e-7,6.179813189585767e-14,1.0109986620601848e-6,-0.9962971488490162,0.0403710407576442,0.05924887329841216,0.1140469526306816,6.179813189585767e-14,-0.9955008674454763,1.0
1136.7748680114746,2596.0,799.2941176470588,11.117647058823529,6.552218258303934e187,1.6470588235294117,1.2904283957651548e-7,6.179813189585767e-14,1.0109986620601848e-6,-0.9962971488490162,0.0403710407576442,0.05924887329841216,0.1140469526306816,6.179813189585767e-14,-0.9955008674454763,1.0
1141.9404230117798,2608.0,811.2941176470588,11.117647058823529,6.552218258303934e187,1.6470588235294117,1.2904283957651548e-7,6.179813189585767e-14,1.0109986620601848e-6,-0.9962971488490162,0.0403710407576442,0.05924887329841216,0.1140469526306816,6.179813189585767e-14,-0.9955008674454763,1.0
1147.0763709545135,2620.0,823.2941176470588,11.117647058823529,6.552218258303934e187,1.6470588235294117,1.2904283957651548e-7,6.179813189585767e-14,1.0109986620601848e-6,-0.9962971488490162,0.0403710407576442,0.05924887329841216,0.1140469526306816,6.179813189585767e-14,-0.9955008674454763,1.0
1152.0994980335236,2632.0,821.0625,10.1875,6.96173189944793e187,1.5,1.2904283957651548e-7,6.160441435903719e-14,1.007212414332279e-6,-0.9963087561125722,0.0403710407576442,0.05924887329841216,0.1140469526306816,6.160441435903719e-14,-0.9955008674454763,1.0
1157.116383075714,2644.0,833.0625,10.1875,6.96173189944793e187,1.5,1.2904283957651548e-7,6.160441435903719e-14,1.007212414332279e-6,-0.9963087561125722,0.0403710407576442,0.05924887329841216,0.1140469526306816,6.160441435903719e-14,-0.9955008674454763,1.0
1162.1850230693817,2656.0,845.0625,10.1875,6.96173189944793e187,1.5,1.2904283957651548e-7,6.160441435903719e-14,1.007212414332279e-6,-0.9963087561125722,0.0403710407576442,0.05924887329841216,0.1140469526306816,6.160441435903719e-14,-0.9955008674454763,1.0
1167.2413229942322,2668.0,857.0625,10.1875,6.96173189944793e187,1.5,1.2904283957651548e-7,6.160441435903719e-14,1.007212414332279e-6,-0.9963087561125722,0.0403710407576442,0.05924887329841216,0.1140469526306816,6.160441435903719e-14,-0.9955008674454763,1.0
1172.3009569644928,2680.0,869.0625,10.1875,6.96173189944793e187,1.5,1.2904283957651548e-7,6.160441435903719e-14,1.007212414332279e-6,-0.9963087561125722,0.0403710407576442,0.05924887329841216,0.1140469526306816,6.160441435903719e-14,-0.9955008674454763,1.0
1177.3527510166168,2692.0,881.0625,10.1875,6.96173189944793e187,1.5,1.2904283957651548e-7,6.160441435903719e-14,1.007212414332279e-6,-0.9963087561125722,0.0403710407576442,0.05924887329841216,0.1140469526306816,6.160441435903719e-14,-0.9955008674454763,1.0
1182.4381501674652,2704.0,893.0625,10.1875,6.96173189944793e187,1.5,1.2904283957651548e-7,6.160441435903719e-14,1.007212414332279e-6,-0.9963087561125722,0.0403710407576442,0.05924887329841216,0.1140469526306816,6.160441435903719e-14,-0.9955008674454763,1.0
1187.5418701171875,2716.0,905.0625,10.1875,6.96173189944793e187,1.5,1.2904283957651548e-7,6.160441435903719e-14,1.007212414332279e-6,-0.9963087561125722,0.0403710407576442,0.05924887329841216,0.1140469526306816,6.160441435903719e-14,-0.9955008674454763,1.0
1192.567701101303,2728.0,917.0625,10.1875,6.96173189944793e187,1.5,1.2904283957651548e-7,6.160441435903719e-14,1.007212414332279e-6,-0.9963087561125722,0.0403710407576442,0.05924887329841216,0.1140469526306816,6.160441435903719e-14,-0.9955008674454763,1.0
1197.6351890563965,2740.0,929.0625,10.1875,6.96173189944793e187,1.5,1.2904283957651548e-7,6.160441435903719e-14,1.007212414332279e-6,-0.9963087561125722,0.0403710407576442,0.05924887329841216,0.1140469526306816,6.160441435903719e-14,-0.9955008674454763,1.0
1202.8497650623322,2752.0,941.0625,10.1875,6.96173189944793e187,1.5,1.2904283957651548e-7,6.160441435903719e-14,1.007212414332279e-6,-0.9963087561125722,0.0403710407576442,0.05924887329841216,0.1140469526306816,6.160441435903719e-14,-0.9955008674454763,1.0
1207.8873240947723,2764.0,953.0625,10.1875,6.96173189944793e187,1.5,1.2904283957651548e-7,6.160441435903719e-14,1.007212414332279e-6,-0.9963087561125722,0.0403710407576442,0.05924887329841216,0.1140469526306816,6.160441435903719e-14,-0.9955008674454763,1.0
1213.1775901317596,2777.0,966.0625,10.1875,6.96173189944793e187,1.5,1.2904283957651548e-7,6.160441435903719e-14,1.007212414332279e-6,-0.9963087561125722,0.0403710407576442,0.05924887329841216,0.1140469526306816,6.160441435903719e-14,-0.9955008674454763,1.0
1218.5648419857025,2790.0,979.0625,10.1875,6.96173189944793e187,1.5,1.2904283957651548e-7,6.160441435903719e-14,1.007212414332279e-6,-0.9963087561125722,0.0403710407576442,0.05924887329841216,0.1140469526306816,6.160441435903719e-14,-0.9955008674454763,1.0
1223.9989540576935,2803.0,992.0625,10.1875,6.96173189944793e187,1.5,1.2904283957651548e-7,6.160441435903719e-14,1.007212414332279e-6,-0.9963087561125722,0.0403710407576442,0.05924887329841216,0.1140469526306816,6.160441435903719e-14,-0.9955008674454763,1.0
1229.0841419696808,2815.0,1004.0625,10.1875,6.96173189944793e187,1.5,1.2904283957651548e-7,6.160441435903719e-14,1.007212414332279e-6,-0.9963087561125722,0.0403710407576442,0.05924887329841216,0.1140469526306816,6.160441435903719e-14,-0.9955008674454763,1.0
1234.2892401218414,2827.0,1016.0625,10.1875,6.96173189944793e187,1.5,1.2904283957651548e-7,6.160441435903719e-14,1.007212414332279e-6,-0.9963087561125722,0.0403710407576442,0.05924887329841216,0.1140469526306816,6.160441435903719e-14,-0.9955008674454763,1.0
1239.7163829803467,2840.0,1029.0625,10.1875,6.96173189944793e187,1.5,1.2904283957651548e-7,6.160441435903719e-14,1.007212414332279e-6,-0.9963087561125722,0.0403710407576442,0.05924887329841216,0.1140469526306816,6.160441435903719e-14,-0.9955008674454763,1.0
1245.0806820392609,2853.0,1025.0625,10.1875,6.96173189944793e187,1.5,1.2904283957651548e-7,6.160441435903719e-14,1.007212414332279e-6,-0.9963087561125722,0.0403710407576442,0.05924887329841216,0.1140469526306816,6.160441435903719e-14,-0.9955008674454763,1.0
1250.3509171009064,2866.0,1038.0625,10.1875,6.96173189944793e187,1.5,1.2904283957651548e-7,6.160441435903719e-14,1.007212414332279e-6,-0.9963087561125722,0.0403710407576442,0.05924887329841216,0.1140469526306816,6.160441435903719e-14,-0.9955008674454763,1.0
1255.6411311626434,2879.0,1051.0625,10.1875,6.96173189944793e187,1.5,1.2904283957651548e-7,6.160441435903719e-14,1.007212414332279e-6,-0.9963087561125722,0.0403710407576442,0.05924887329841216,0.1140469526306816,6.160441435903719e-14,-0.9955008674454763,1.0
1260.6481981277466,2891.0,1063.0625,10.1875,6.96173189944793e187,1.5,1.2904283957651548e-7,6.160441435903719e-14,1.007212414332279e-6,-0.9963087561125722,0.0403710407576442,0.05924887329841216,0.1140469526306816,6.160441435903719e-14,-0.9955008674454763,1.0
1265.6842551231384,2903.0,1075.0625,10.1875,6.96173189944793e187,1.5,1.2904283957651548e-7,6.160441435903719e-14,1.007212414332279e-6,-0.9963087561125722,0.0403710407576442,0.05924887329841216,0.1140469526306816,6.160441435903719e-14,-0.9955008674454763,1.0
1270.882761001587,2915.0,1087.0625,10.1875,6.96173189944793e187,1.5,1.2904283957651548e-7,6.160441435903719e-14,1.007212414332279e-6,-0.9963087561125722,0.0403710407576442,0.05924887329841216,0.1140469526306816,6.160441435903719e-14,-0.9955008674454763,1.0
1276.0502171516418,2927.0,1099.0625,10.1875,6.96173189944793e187,1.5,1.2904283957651548e-7,6.160441435903719e-14,1.007212414332279e-6,-0.9963087561125722,0.0403710407576442,0.05924887329841216,0.1140469526306816,6.160441435903719e-14,-0.9955008674454763,1.0
1281.3228859901428,2939.0,1046.1176470588234,11.117647058823529,6.552218258303934e187,1.7058823529411764,1.2904283957651548e-7,6.104220090691511e-14,1.007212414332279e-6,-0.9963424430973471,0.0403710407576442,0.05924887329841216,0.1140469526306816,6.104220090691511e-14,-0.9955008674454763,1.0
1286.442039012909,2951.0,1058.1176470588234,11.117647058823529,6.552218258303934e187,1.7058823529411764,1.2904283957651548e-7,6.104220090691511e-14,1.007212414332279e-6,-0.9963424430973471,0.0403710407576442,0.05924887329841216,0.1140469526306816,6.104220090691511e-14,-0.9955008674454763,1.0
1291.6911890506744,2963.0,1070.1176470588234,11.117647058823529,6.552218258303934e187,1.7058823529411764,1.2904283957651548e-7,6.104220090691511e-14,1.007212414332279e-6,-0.9963424430973471,0.0403710407576442,0.05924887329841216,0.1140469526306816,6.104220090691511e-14,-0.9955008674454763,1.0
1297.0251190662384,2975.0,1003.6470588235294,11.117647058823529,6.552218258303934e187,1.7058823529411764,1.2904283957651548e-7,6.104220090691511e-14,1.007212414332279e-6,-0.9963424430973471,0.0403710407576442,0.05924887329841216,0.1140469526306816,6.104220090691511e-14,-0.9955008674454763,1.0
1302.3096339702606,2987.0,1015.6470588235294,11.117647058823529,6.552218258303934e187,1.7058823529411764,1.2904283957651548e-7,6.104220090691511e-14,1.007212414332279e-6,-0.9963424430973471,0.0403710407576442,0.05924887329841216,0.1140469526306816,6.104220090691511e-14,-0.9955008674454763,1.0
1307.524150133133,2999.0,1027.6470588235295,11.117647058823529,6.552218258303934e187,1.7058823529411764,1.2904283957651548e-7,6.104220090691511e-14,1.007212414332279e-6,-0.9963424430973471,0.0403710407576442,0.05924887329841216,0.1140469526306816,6.104220090691511e-14,-0.9955008674454763,1.0
1312.574371099472,3011.0,1039.6470588235295,11.117647058823529,6.552218258303934e187,1.7058823529411764,1.2904283957651548e-7,6.104220090691511e-14,1.007212414332279e-6,-0.9963424430973471,0.0403710407576442,0.05924887329841216,0.1140469526306816,6.104220090691511e-14,-0.9955008674454763,1.0
1317.6736040115356,3023.0,1041.4117647058824,11.117647058823529,6.552218258303934e187,1.7058823529411764,1.2904283957651548e-7,6.104220090691511e-14,1.007212414332279e-6,-0.9963424430973471,0.0403710407576442,0.05924887329841216,0.1140469526306816,6.104220090691511e-14,-0.9955008674454763,1.0
1322.8932189941406,3035.0,1053.4117647058824,11.117647058823529,6.552218258303934e187,1.7058823529411764,1.2904283957651548e-7,6.104220090691511e-14,1.007212414332279e-6,-0.9963424430973471,0.0403710407576442,0.05924887329841216,0.1140469526306816,6.104220090691511e-14,-0.9955008674454763,1.0
1328.026771068573,3047.0,1065.4117647058824,11.117647058823529,6.552218258303934e187,1.7058823529411764,1.2904283957651548e-7,6.104220090691511e-14,1.007212414332279e-6,-0.9963424430973471,0.0403710407576442,0.05924887329841216,0.1140469526306816,6.104220090691511e-14,-0.9955008674454763,1.0
1333.1143250465393,3059.0,1048.5882352941176,11.117647058823529,6.552218258303934e187,1.7058823529411764,1.2904283957651548e-7,6.104220090691511e-14,1.007212414332279e-6,-0.9963424430973471,0.0403710407576442,0.05924887329841216,0.1140469526306816,6.104220090691511e-14,-0.9955008674454763,1.0
1338.1907999515533,3071.0,1060.5882352941176,11.117647058823529,6.552218258303934e187,1.7058823529411764,1.2904283957651548e-7,6.104220090691511e-14,1.007212414332279e-6,-0.9963424430973471,0.0403710407576442,0.05924887329841216,0.1140469526306816,6.104220090691511e-14,-0.9955008674454763,1.0
1343.2871811389923,3083.0,1072.5882352941176,11.117647058823529,6.552218258303934e187,1.7058823529411764,1.2904283957651548e-7,6.104220090691511e-14,1.007212414332279e-6,-0.9963424430973471,0.0403710407576442,0.05924887329841216,0.1140469526306816,6.104220090691511e-14,-0.9955008674454763,1.0
1348.5580739974976,3095.0,1084.5882352941176,11.117647058823529,6.552218258303934e187,1.7058823529411764,1.2904283957651548e-7,6.104220090691511e-14,1.007212414332279e-6,-0.9963424430973471,0.0403710407576442,0.05924887329841216,0.1140469526306816,6.104220090691511e-14,-0.9955008674454763,1.0
1353.7645840644836,3107.0,1096.5882352941176,11.117647058823529,6.552218258303934e187,1.7058823529411764,1.2904283957651548e-7,6.104220090691511e-14,1.007212414332279e-6,-0.9963424430973471,0.0403710407576442,0.05924887329841216,0.1140469526306816,6.104220090691511e-14,-0.9955008674454763,1.0
1359.0254089832306,3119.0,1108.5882352941176,11.117647058823529,6.552218258303934e187,1.7058823529411764,1.2904283957651548e-7,6.104220090691511e-14,1.007212414332279e-6,-0.9963424430973471,0.0403710407576442,0.05924887329841216,0.1140469526306816,6.104220090691511e-14,-0.9955008674454763,1.0
1364.4006459712982,3131.0,1120.5882352941176,11.117647058823529,6.552218258303934e187,1.7058823529411764,1.2904283957651548e-7,6.104220090691511e-14,1.007212414332279e-6,-0.9963424430973471,0.0403710407576442,0.05924887329841216,0.1140469526306816,6.104220090691511e-14,-0.9955008674454763,1.0
1369.543547153473,3143.0,1132.5882352941176,11.117647058823529,6.552218258303934e187,1.7058823529411764,1.2904283957651548e-7,6.104220090691511e-14,1.007212414332279e-6,-0.9963424430973471,0.0403710407576442,0.05924887329841216,0.1140469526306816,6.104220090691511e-14,-0.9955008674454763,1.0
1374.8299269676208,3155.0,1144.5882352941176,11.117647058823529,6.552218258303934e187,1.7058823529411764,1.2904283957651548e-7,6.104220090691511e-14,1.007212414332279e-6,-0.9963424430973471,0.0403710407576442,0.05924887329841216,0.1140469526306816,6.104220090691511e-14,-0.9955008674454763,1.0
1380.1792330741882,3167.0,1156.5882352941176,11.117647058823529,6.552218258303934e187,1.7058823529411764,1.2904283957651548e-7,6.104220090691511e-14,1.007212414332279e-6,-0.9963424430973471,0.0403710407576442,0.05924887329841216,0.1140469526306816,6.104220090691511e-14,-0.9955008674454763,1.0
1385.4338431358337,3179.0,1168.5882352941176,11.117647058823529,6.552218258303934e187,1.7058823529411764,1.2904283957651548e-7,6.104220090691511e-14,1.007212414332279e-6,-0.9963424430973471,0.0403710407576442,0.05924887329841216,0.1140469526306816,6.104220090691511e-14,-0.9955008674454763,1.0
1390.5967581272125,3191.0,1167.8235294117646,11.117647058823529,6.552218258303934e187,1.7058823529411764,1.2904283957651548e-7,6.104220090691511e-14,1.007212414332279e-6,-0.9963424430973471,0.0403710407576442,0.05924887329841216,0.1140469526306816,6.104220090691511e-14,-0.9955008674454763,1.0
1395.791365146637,3203.0,1179.8235294117646,11.117647058823529,6.552218258303934e187,1.7058823529411764,1.2904283957651548e-7,6.104220090691511e-14,1.007212414332279e-6,-0.9963424430973471,0.0403710407576442,0.05924887329841216,0.1140469526306816,6.104220090691511e-14,-0.9955008674454763,1.0
1400.876935005188,3215.0,1191.8235294117646,11.117647058823529,6.552218258303934e187,1.7058823529411764,1.2904283957651548e-7,6.104220090691511e-14,1.007212414332279e-6,-0.9963424430973471,0.0403710407576442,0.05924887329841216,0.1140469526306816,6.104220090691511e-14,-0.9955008674454763,1.0
1405.987205028534,3227.0,1203.8235294117646,11.117647058823529,6.552218258303934e187,1.7058823529411764,1.2904283957651548e-7,6.104220090691511e-14,1.007212414332279e-6,-0.9963424430973471,0.0403710407576442,0.05924887329841216,0.1140469526306816,6.104220090691511e-14,-0.9955008674454763,1.0
1411.0893940925598,3239.0,1215.8235294117646,11.117647058823529,6.552218258303934e187,1.7058823529411764,1.2904283957651548e-7,6.104220090691511e-14,1.007212414332279e-6,-0.9963424430973471,0.0403710407576442,0.05924887329841216,0.1140469526306816,6.104220090691511e-14,-0.9955008674454763,1.0
1416.282597064972,3251.0,1227.8235294117646,11.117647058823529,6.552218258303934e187,1.7058823529411764,1.2904283957651548e-7,6.104220090691511e-14,1.007212414332279e-6,-0.9963424430973471,0.0403710407576442,0.05924887329841216,0.1140469526306816,6.104220090691511e-14,-0.9955008674454763,1.0
1421.5158560276031,3263.0,1239.8235294117646,11.117647058823529,6.552218258303934e187,1.7058823529411764,1.2904283957651548e-7,6.104220090691511e-14,1.007212414332279e-6,-0.9963424430973471,0.0403710407576442,0.05924887329841216,0.1140469526306816,6.104220090691511e-14,-0.9955008674454763,1.0
1426.7617709636688,3275.0,1251.8235294117646,11.117647058823529,6.552218258303934e187,1.7058823529411764,1.2904283957651548e-7,6.104220090691511e-14,1.007212414332279e-6,-0.9963424430973471,0.0403710407576442,0.05924887329841216,0.1140469526306816,6.104220090691511e-14,-0.9955008674454763,1.0
1431.9284689426422,3287.0,1263.8235294117646,11.117647058823529,6.552218258303934e187,1.7058823529411764,1.2904283957651548e-7,6.104220090691511e-14,1.007212414332279e-6,-0.9963424430973471,0.0403710407576442,0.05924887329841216,0.1140469526306816,6.104220090691511e-14,-0.9955008674454763,1.0
1437.1780400276184,3299.0,1275.8235294117646,11.117647058823529,6.552218258303934e187,1.7058823529411764,1.2904283957651548e-7,6.104220090691511e-14,1.007212414332279e-6,-0.9963424430973471,0.0403710407576442,0.05924887329841216,0.1140469526306816,6.104220090691511e-14,-0.9955008674454763,1.0
1442.3712840080261,3311.0,1287.8235294117646,11.117647058823529,6.552218258303934e187,1.7058823529411764,1.2904283957651548e-7,6.104220090691511e-14,1.007212414332279e-6,-0.9963424430973471,0.0403710407576442,0.05924887329841216,0.1140469526306816,6.104220090691511e-14,-0.9955008674454763,1.0
1447.5663249492645,3323.0,1299.8235294117646,11.117647058823529,6.552218258303934e187,1.7058823529411764,1.2904283957651548e-7,6.104220090691511e-14,1.007212414332279e-6,-0.9963424430973471,0.0403710407576442,0.05924887329841216,0.1140469526306816,6.104220090691511e-14,-0.9955008674454763,1.0
1452.8191151618958,3335.0,1311.8235294117646,11.117647058823529,6.552218258303934e187,1.7058823529411764,1.2904283957651548e-7,6.104220090691511e-14,1.007212414332279e-6,-0.9963424430973471,0.0403710407576442,0.05924887329841216,0.1140469526306816,6.104220090691511e-14,-0.9955008674454763,1.0
1458.0195121765137,3347.0,1323.8235294117646,11.117647058823529,6.552218258303934e187,1.7058823529411764,1.2904283957651548e-7,6.104220090691511e-14,1.007212414332279e-6,-0.9963424430973471,0.0403710407576442,0.05924887329841216,0.1140469526306816,6.104220090691511e-14,-0.9955008674454763,1.0
1463.142070055008,3359.0,1204.9411764705883,11.117647058823529,6.552218258303934e187,1.7058823529411764,1.2904283957651548e-7,6.104220090691511e-14,1.007212414332279e-6,-0.9963424430973471,0.0403710407576442,0.05924887329841216,0.1140469526306816,6.104220090691511e-14,-0.9955008674454763,1.0
1468.424782037735,3371.0,1216.9411764705883,11.117647058823529,6.552218258303934e187,1.7058823529411764,1.2904283957651548e-7,6.104220090691511e-14,1.007212414332279e-6,-0.9963424430973471,0.0403710407576442,0.05924887329841216,0.1140469526306816,6.104220090691511e-14,-0.9955008674454763,1.0
1473.4799699783325,3383.0,1228.9411764705883,11.117647058823529,6.552218258303934e187,1.7058823529411764,1.2904283957651548e-7,6.104220090691511e-14,1.007212414332279e-6,-0.9963424430973471,0.0403710407576442,0.05924887329841216,0.1140469526306816,6.104220090691511e-14,-0.9955008674454763,1.0
1478.6784720420837,3395.0,1240.9411764705883,11.117647058823529,6.552218258303934e187,1.7058823529411764,1.2904283957651548e-7,6.104220090691511e-14,1.007212414332279e-6,-0.9963424430973471,0.0403710407576442,0.05924887329841216,0.1140469526306816,6.104220090691511e-14,-0.9955008674454763,1.0
1483.9606339931488,3407.0,1252.9411764705883,11.117647058823529,6.552218258303934e187,1.7058823529411764,1.2904283957651548e-7,6.104220090691511e-14,1.007212414332279e-6,-0.9963424430973471,0.0403710407576442,0.05924887329841216,0.1140469526306816,6.104220090691511e-14,-0.9955008674454763,1.0
1489.1010489463806,3419.0,1264.9411764705883,11.117647058823529,6.552218258303934e187,1.7058823529411764,1.2904283957651548e-7,6.104220090691511e-14,1.007212414332279e-6,-0.9963424430973471,0.0403710407576442,0.05924887329841216,0.1140469526306816,6.104220090691511e-14,-0.9955008674454763,1.0
1494.2381160259247,3431.0,1276.9411764705883,11.117647058823529,6.552218258303934e187,1.7058823529411764,1.2904283957651548e-7,6.104220090691511e-14,1.007212414332279e-6,-0.9963424430973471,0.0403710407576442,0.05924887329841216,0.1140469526306816,6.104220090691511e-14,-0.9955008674454763,1.0
1499.4873521327972,3443.0,1288.9411764705883,11.117647058823529,6.552218258303934e187,1.7058823529411764,1.2904283957651548e-7,6.104220090691511e-14,1.007212414332279e-6,-0.9963424430973471,0.0403710407576442,0.05924887329841216,0.1140469526306816,6.104220090691511e-14,-0.9955008674454763,1.0
1504.6707129478455,3455.0,1300.9411764705883,11.117647058823529,6.552218258303934e187,1.7058823529411764,1.2904283957651548e-7,6.104220090691511e-14,1.007212414332279e-6,-0.9963424430973471,0.0403710407576442,0.05924887329841216,0.1140469526306816,6.104220090691511e-14,-0.9955008674454763,1.0
1509.7975859642029,3467.0,1312.9411764705883,11.117647058823529,6.552218258303934e187,1.7058823529411764,1.2904283957651548e-7,6.104220090691511e-14,1.007212414332279e-6,-0.9963424430973471,0.0403710407576442,0.05924887329841216,0.1140469526306816,6.104220090691511e-14,-0.9955008674454763,1.0
1514.978371143341,3479.0,1324.9411764705883,11.117647058823529,6.552218258303934e187,1.7058823529411764,1.2904283957651548e-7,6.104220090691511e-14,1.007212414332279e-6,-0.9963424430973471,0.0403710407576442,0.05924887329841216,0.1140469526306816,6.104220090691511e-14,-0.9955008674454763,1.0
1520.2132849693298,3491.0,1336.9411764705883,11.117647058823529,6.552218258303934e187,1.7058823529411764,1.2904283957651548e-7,6.104220090691511e-14,1.007212414332279e-6,-0.9963424430973471,0.0403710407576442,0.05924887329841216,0.1140469526306816,6.104220090691511e-14,-0.9955008674454763,1.0
1525.4825530052185,3503.0,1348.9411764705883,11.117647058823529,6.552218258303934e187,1.7058823529411764,1.2904283957651548e-7,6.104220090691511e-14,1.007212414332279e-6,-0.9963424430973471,0.0403710407576442,0.05924887329841216,0.1140469526306816,6.104220090691511e-14,-0.9955008674454763,1.0
1530.5941400527954,3515.0,1360.9411764705883,11.117647058823529,6.552218258303934e187,1.7058823529411764,1.2904283957651548e-7,6.104220090691511e-14,1.007212414332279e-6,-0.9963424430973471,0.0403710407576442,0.05924887329841216,0.1140469526306816,6.104220090691511e-14,-0.9955008674454763,1.0
1535.7354409694672,3527.0,1372.9411764705883,11.117647058823529,6.552218258303934e187,1.7058823529411764,1.2904283957651548e-7,6.104220090691511e-14,1.007212414332279e-6,-0.9963424430973471,0.0403710407576442,0.05924887329841216,0.1140469526306816,6.104220090691511e-14,-0.9955008674454763,1.0
1540.8552541732788,3539.0,1384.9411764705883,11.117647058823529,6.552218258303934e187,1.7058823529411764,1.2904283957651548e-7,6.104220090691511e-14,1.007212414332279e-6,-0.9963424430973471,0.0403710407576442,0.05924887329841216,0.1140469526306816,6.104220090691511e-14,-0.9955008674454763,1.0
1545.9549181461334,3551.0,1396.9411764705883,11.117647058823529,6.552218258303934e187,1.7058823529411764,1.2904283957651548e-7,6.104220090691511e-14,1.007212414332279e-6,-0.9963424430973471,0.0403710407576442,0.05924887329841216,0.1140469526306816,6.104220090691511e-14,-0.9955008674454763,1.0
1551.1207110881805,3563.0,1315.2941176470588,11.117647058823529,6.552218258303934e187,1.7058823529411764,1.2904283957651548e-7,6.104220090691511e-14,1.007212414332279e-6,-0.9963424430973471,0.0403710407576442,0.05924887329841216,0.1140469526306816,6.104220090691511e-14,-0.9955008674454763,1.0
1556.4154801368713,3575.0,1327.2941176470588,11.117647058823529,6.552218258303934e187,1.7058823529411764,1.2904283957651548e-7,6.104220090691511e-14,1.007212414332279e-6,-0.9963424430973471,0.0403710407576442,0.05924887329841216,0.1140469526306816,6.104220090691511e-14,-0.9955008674454763,1.0
1561.6524059772491,3587.0,1339.2941176470588,11.117647058823529,6.552218258303934e187,1.7058823529411764,1.2904283957651548e-7,6.104220090691511e-14,1.007212414332279e-6,-0.9963424430973471,0.0403710407576442,0.05924887329841216,0.1140469526306816,6.104220090691511e-14,-0.9955008674454763,1.0
1566.8235321044922,3599.0,1351.2941176470588,11.117647058823529,6.552218258303934e187,1.7058823529411764,1.2904283957651548e-7,6.104220090691511e-14,1.007212414332279e-6,-0.9963424430973471,0.0403710407576442,0.05924887329841216,0.1140469526306816,6.104220090691511e-14,-0.9955008674454763,1.0
1571.9480421543121,3611.0,1363.2941176470588,11.117647058823529,6.552218258303934e187,1.7058823529411764,1.2904283957651548e-7,6.104220090691511e-14,1.007212414332279e-6,-0.9963424430973471,0.0403710407576442,0.05924887329841216,0.1140469526306816,6.104220090691511e-14,-0.9955008674454763,1.0
1577.221794128418,3623.0,1340.4117647058824,11.117647058823529,6.552218258303934e187,1.7058823529411764,1.2904283957651548e-7,6.104220090691511e-14,1.007212414332279e-6,-0.9963424430973471,0.0403710407576442,0.05924887329841216,0.1140469526306816,6.104220090691511e-14,-0.9955008674454763,1.0
1582.5612831115723,3635.0,1352.4117647058824,11.117647058823529,6.552218258303934e187,1.7058823529411764,1.2904283957651548e-7,6.104220090691511e-14,1.007212414332279e-6,-0.9963424430973471,0.0403710407576442,0.05924887329841216,0.1140469526306816,6.104220090691511e-14,-0.9955008674454763,1.0
1587.9685730934143,3647.0,1364.4117647058824,11.117647058823529,6.552218258303934e187,1.7058823529411764,1.2904283957651548e-7,6.104220090691511e-14,1.007212414332279e-6,-0.9963424430973471,0.0403710407576442,0.05924887329841216,0.1140469526306816,6.104220090691511e-14,-0.9955008674454763,1.0
1593.3276040554047,3659.0,1376.4117647058824,11.117647058823529,6.552218258303934e187,1.7058823529411764,1.2904283957651548e-7,6.104220090691511e-14,1.007212414332279e-6,-0.9963424430973471,0.0403710407576442,0.05924887329841216,0.1140469526306816,6.104220090691511e-14,-0.9955008674454763,1.0
1598.3875441551208,3670.0,1387.4117647058824,11.117647058823529,6.552218258303934e187,1.7058823529411764,1.2904283957651548e-7,6.104220090691511e-14,1.007212414332279e-6,-0.9963424430973471,0.0403710407576442,0.05924887329841216,0.1140469526306816,6.104220090691511e-14,-0.9955008674454763,1.0
1603.8529961109161,3682.0,1399.4117647058824,11.117647058823529,6.552218258303934e187,1.7058823529411764,1.2904283957651548e-7,6.104220090691511e-14,1.007212414332279e-6,-0.9963424430973471,0.0403710407576442,0.05924887329841216,0.1140469526306816,6.104220090691511e-14,-0.9955008674454763,1.0
1608.881283044815,3693.0,1410.4117647058824,11.117647058823529,6.552218258303934e187,1.7058823529411764,1.2904283957651548e-7,6.104220090691511e-14,1.007212414332279e-6,-0.9963424430973471,0.0403710407576442,0.05924887329841216,0.1140469526306816,6.104220090691511e-14,-0.9955008674454763,1.0
1614.0262730121613,3704.0,1421.4117647058824,11.117647058823529,6.552218258303934e187,1.7058823529411764,1.2904283957651548e-7,6.104220090691511e-14,1.007212414332279e-6,-0.9963424430973471,0.0403710407576442,0.05924887329841216,0.1140469526306816,6.104220090691511e-14,-0.9955008674454763,1.0
1619.0438771247864,3715.0,1353.3333333333333,11.333333333333334,6.188206132842604e187,1.7222222222222223,1.2834804140021348e-7,6.104220090691511e-14,1.007212414332279e-6,-0.9963424430973471,0.0403710407576442,0.05924887329841216,0.1140469526306816,6.104220090691511e-14,-0.9955008674454763,1.0
1624.121304988861,3726.0,1358.5555555555557,11.333333333333334,6.188206132842604e187,1.7222222222222223,1.2834804140021348e-7,6.104220090691511e-14,1.007212414332279e-6,-0.9963424430973471,0.0403710407576442,0.05924887329841216,0.1140469526306816,6.104220090691511e-14,-0.9955008674454763,1.0
1629.2951619625092,3737.0,1369.5555555555557,11.333333333333334,6.188206132842604e187,1.7222222222222223,1.2834804140021348e-7,6.104220090691511e-14,1.007212414332279e-6,-0.9963424430973471,0.0403710407576442,0.05924887329841216,0.1140469526306816,6.104220090691511e-14,-0.9955008674454763,1.0
1634.5004479885101,3748.0,1380.5555555555557,11.333333333333334,6.188206132842604e187,1.7222222222222223,1.2834804140021348e-7,6.104220090691511e-14,1.007212414332279e-6,-0.9963424430973471,0.0403710407576442,0.05924887329841216,0.1140469526306816,6.104220090691511e-14,-0.9955008674454763,1.0
1639.6137039661407,3759.0,1391.5555555555557,11.333333333333334,6.188206132842604e187,1.7222222222222223,1.2834804140021348e-7,6.104220090691511e-14,1.007212414332279e-6,-0.9963424430973471,0.0403710407576442,0.05924887329841216,0.1140469526306816,6.104220090691511e-14,-0.9955008674454763,1.0
1645.037003993988,3771.0,1403.5555555555557,11.333333333333334,6.188206132842604e187,1.7222222222222223,1.2834804140021348e-7,6.104220090691511e-14,1.007212414332279e-6,-0.9963424430973471,0.0403710407576442,0.05924887329841216,0.1140469526306816,6.104220090691511e-14,-0.9955008674454763,1.0
1650.4336450099945,3783.0,1415.5555555555557,11.333333333333334,6.188206132842604e187,1.7222222222222223,1.2834804140021348e-7,6.104220090691511e-14,1.007212414332279e-6,-0.9963424430973471,0.0403710407576442,0.05924887329841216,0.1140469526306816,6.104220090691511e-14,-0.9955008674454763,1.0
1655.4438540935516,3794.0,1426.5555555555557,11.333333333333334,6.188206132842604e187,1.7222222222222223,1.2834804140021348e-7,6.104220090691511e-14,1.007212414332279e-6,-0.9963424430973471,0.0403710407576442,0.05924887329841216,0.1140469526306816,6.104220090691511e-14,-0.9955008674454763,1.0
1660.8355560302734,3806.0,1438.5555555555557,11.333333333333334,6.188206132842604e187,1.7222222222222223,1.2834804140021348e-7,6.104220090691511e-14,1.007212414332279e-6,-0.9963424430973471,0.0403710407576442,0.05924887329841216,0.1140469526306816,6.104220090691511e-14,-0.9955008674454763,1.0
1666.2635021209717,3818.0,1450.5555555555557,11.333333333333334,6.188206132842604e187,1.7222222222222223,1.2834804140021348e-7,6.104220090691511e-14,1.007212414332279e-6,-0.9963424430973471,0.0403710407576442,0.05924887329841216,0.1140469526306816,6.104220090691511e-14,-0.9955008674454763,1.0
1671.2866489887238,3829.0,1384.6842105263158,11.894736842105264,9.46154281506482e306,1.7894736842105263,1.2834804140021348e-7,6.104220090691511e-14,1.007212414332279e-6,-0.9963424430973471,0.0403710407576442,0.058521016495773306,0.1140469526306816,6.104220090691511e-14,-0.9955008674454763,1.0
1676.3241181373596,3840.0,1395.6842105263158,11.894736842105264,9.46154281506482e306,1.7894736842105263,1.2834804140021348e-7,6.104220090691511e-14,1.007212414332279e-6,-0.9963424430973471,0.0403710407576442,0.058521016495773306,0.1140469526306816,6.104220090691511e-14,-0.9955008674454763,1.0
1681.4801909923553,3851.0,1406.6842105263158,11.894736842105264,9.46154281506482e306,1.7894736842105263,1.2834804140021348e-7,6.104220090691511e-14,1.007212414332279e-6,-0.9963424430973471,0.0403710407576442,0.058521016495773306,0.1140469526306816,6.104220090691511e-14,-0.9955008674454763,1.0
1686.5433490276337,3862.0,1345.55,12.3,8.988465674311579e306,1.85,1.2834804140021348e-7,6.104220090691511e-14,1.007212414332279e-6,-0.9963424430973471,0.0403710407576442,0.058518422998839754,0.1140469526306816,6.104220090691511e-14,-0.9955008674454763,1.0
1691.6066341400146,3873.0,1356.55,12.3,8.988465674311579e306,1.85,1.2834804140021348e-7,6.104220090691511e-14,1.007212414332279e-6,-0.9963424430973471,0.0403710407576442,0.058518422998839754,0.1140469526306816,6.104220090691511e-14,-0.9955008674454763,1.0
1696.8842389583588,3884.0,1367.55,12.3,8.988465674311579e306,1.85,1.2834804140021348e-7,6.104220090691511e-14,1.007212414332279e-6,-0.9963424430973471,0.0403710407576442,0.058518422998839754,0.1140469526306816,6.104220090691511e-14,-0.9955008674454763,1.0
1702.0104870796204,3895.0,1378.55,12.3,8.988465674311579e306,1.85,1.2834804140021348e-7,6.104220090691511e-14,1.007212414332279e-6,-0.9963424430973471,0.0403710407576442,0.058518422998839754,0.1140469526306816,6.104220090691511e-14,-0.9955008674454763,1.0
1707.2925000190735,3906.0,1310.25,12.3,8.988465674311579e306,1.85,1.2834804140021348e-7,6.104220090691511e-14,1.007212414332279e-6,-0.9963424430973471,0.0403710407576442,0.05666628466509024,0.1140469526306816,6.104220090691511e-14,-0.9955008674454763,1.0
1712.670636177063,3917.0,1284.85,12.3,8.988465674311579e306,1.9,1.2834804140021348e-7,6.104220090691511e-14,1.007212414332279e-6,-0.9963424430973471,0.0403710407576442,0.05666628466509024,0.1140469526306816,6.104220090691511e-14,-0.9955008674454763,1.0
1717.8102190494537,3928.0,1295.85,12.3,8.988465674311579e306,1.9,1.2834804140021348e-7,6.104220090691511e-14,1.007212414332279e-6,-0.9963424430973471,0.0403710407576442,0.05666628466509024,0.1140469526306816,6.104220090691511e-14,-0.9955008674454763,1.0
1723.0536589622498,3939.0,1306.85,12.3,8.988465674311579e306,1.9,1.2834804140021348e-7,6.104220090691511e-14,1.007212414332279e-6,-0.9963424430973471,0.0403710407576442,0.05666628466509024,0.1140469526306816,6.104220090691511e-14,-0.9955008674454763,1.0
1728.116949081421,3950.0,1317.85,12.3,8.988465674311579e306,1.9,1.2834804140021348e-7,6.104220090691511e-14,1.007212414332279e-6,-0.9963424430973471,0.0403710407576442,0.05666628466509024,0.1140469526306816,6.104220090691511e-14,-0.9955008674454763,1.0
1733.2395901679993,3961.0,1328.85,12.3,8.988465674311579e306,1.9,1.2834804140021348e-7,6.104220090691511e-14,1.007212414332279e-6,-0.9963424430973471,0.0403710407576442,0.05666628466509024,0.1140469526306816,6.104220090691511e-14,-0.9955008674454763,1.0
1738.3052470684052,3972.0,1339.85,12.3,8.988465674311579e306,1.9,1.2834804140021348e-7,6.104220090691511e-14,1.007212414332279e-6,-0.9963424430973471,0.0403710407576442,0.05666628466509024,0.1140469526306816,6.104220090691511e-14,-0.9955008674454763,1.0
1743.3605120182037,3983.0,1347.25,12.3,8.988465674311579e306,1.9,1.2834804140021348e-7,6.104220090691511e-14,1.007212414332279e-6,-0.9963424430973471,0.0403710407576442,0.05687356849736501,0.1140469526306816,6.104220090691511e-14,-0.9955008674454763,1.0
1748.4362950325012,3994.0,1358.25,12.3,8.988465674311579e306,1.9,1.2834804140021348e-7,6.104220090691511e-14,1.007212414332279e-6,-0.9963424430973471,0.0403710407576442,0.05687356849736501,0.1140469526306816,6.104220090691511e-14,-0.9955008674454763,1.0
1753.49094414711,4005.0,1369.25,12.3,8.988465674311579e306,1.9,1.2834804140021348e-7,6.104220090691511e-14,1.007212414332279e-6,-0.9963424430973471,0.0403710407576442,0.05687356849736501,0.1140469526306816,6.104220090691511e-14,-0.9955008674454763,1.0
1758.5782010555267,4016.0,1380.25,12.3,8.988465674311579e306,1.9,1.2834804140021348e-7,6.104220090691511e-14,1.007212414332279e-6,-0.9963424430973471,0.0403710407576442,0.05687356849736501,0.1140469526306816,6.104220090691511e-14,-0.9955008674454763,1.0
1763.6147940158844,4027.0,1391.25,12.3,8.988465674311579e306,1.9,1.2834804140021348e-7,6.104220090691511e-14,1.007212414332279e-6,-0.9963424430973471,0.0403710407576442,0.05687356849736501,0.1140469526306816,6.104220090691511e-14,-0.9955008674454763,1.0
1768.9894540309906,4039.0,1403.25,12.3,8.988465674311579e306,1.9,1.2834804140021348e-7,6.104220090691511e-14,1.007212414332279e-6,-0.9963424430973471,0.0403710407576442,0.05687356849736501,0.1140469526306816,6.104220090691511e-14,-0.9955008674454763,1.0
1774.2976851463318,4051.0,1415.25,12.3,8.988465674311579e306,1.9,1.2834804140021348e-7,6.104220090691511e-14,1.007212414332279e-6,-0.9963424430973471,0.0403710407576442,0.05687356849736501,0.1140469526306816,6.104220090691511e-14,-0.9955008674454763,1.0
1779.2980289459229,4062.0,1426.25,12.3,8.988465674311579e306,1.9,1.2834804140021348e-7,6.104220090691511e-14,1.007212414332279e-6,-0.9963424430973471,0.0403710407576442,0.05687356849736501,0.1140469526306816,6.104220090691511e-14,-0.9955008674454763,1.0
1784.3534030914307,4073.0,1437.25,12.3,8.988465674311579e306,1.9,1.2834804140021348e-7,6.104220090691511e-14,1.007212414332279e-6,-0.9963424430973471,0.0403710407576442,0.05687356849736501,0.1140469526306816,6.104220090691511e-14,-0.9955008674454763,1.0
1789.5023679733276,4084.0,1448.25,12.3,8.988465674311579e306,1.9,1.2834804140021348e-7,6.104220090691511e-14,1.007212414332279e-6,-0.9963424430973471,0.0403710407576442,0.05687356849736501,0.1140469526306816,6.104220090691511e-14,-0.9955008674454763,1.0
1794.612892150879,4095.0,1459.25,12.3,8.988465674311579e306,1.9,1.2834804140021348e-7,6.104220090691511e-14,1.007212414332279e-6,-0.9963424430973471,0.0403710407576442,0.05687356849736501,0.1140469526306816,6.104220090691511e-14,-0.9955008674454763,1.0
1799.9996819496155,4107.0,1471.25,12.3,8.988465674311579e306,1.9,1.2834804140021348e-7,6.104220090691511e-14,1.007212414332279e-6,-0.9963424430973471,0.0403710407576442,0.05687356849736501,0.1140469526306816,6.104220090691511e-14,-0.9955008674454763,1.0
